00:00:54	16.418	16.05	16.257	17.162	16.344	16.54	415.42	415.34
00:01:54	16.417	16.053	16.24	17.13	16.346	16.545	415.42	415.34
00:02:54	16.418	16.055	16.225	17.096	16.347	16.543	415.42	415.34
00:03:54	16.417	16.056	16.205	17.066	16.348	16.541	415.42	415.34
00:04:54	16.419	16.059	16.185	17.028	16.349	16.545	415.42	415.34
00:05:54	16.419	16.061	16.154	17.003	16.351	16.549	415.42	415.34
00:06:54	16.419	16.063	16.145	16.985	16.353	16.547	415.42	415.34
00:07:54	16.419	16.065	16.12	16.976	16.355	16.549	415.42	415.34
00:08:54	16.419	16.068	16.133	16.983	16.356	16.55	415.42	415.34
00:09:54	16.419	16.068	16.161	17.015	16.355	16.552	415.42	415.34
00:10:54	16.421	16.068	16.18	17.055	16.353	16.55	415.42	415.34
00:11:54	16.42	16.07	16.193	17.1	16.355	16.551	415.42	415.34
00:12:54	16.42	16.071	16.21	17.127	16.355	16.552	415.42	415.34
00:13:54	16.42	16.069	16.216	17.156	16.353	16.549	415.42	415.34
00:14:54	16.42	16.07	16.229	17.185	16.353	16.551	415.42	415.34
00:15:54	16.422	16.068	16.241	17.205	16.355	16.55	415.42	415.34
00:16:54	16.421	16.07	16.249	17.227	16.356	16.552	415.42	415.34
00:17:54	16.422	16.07	16.266	17.25	16.354	16.551	415.42	415.34
00:18:54	16.422	16.068	16.282	17.272	16.355	16.551	415.42	415.34
00:19:54	16.422	16.068	16.303	17.284	16.354	16.551	415.42	415.34
00:20:54	16.421	16.065	16.308	17.31	16.353	16.549	415.42	415.34
00:21:54	16.423	16.064	16.316	17.327	16.351	16.544	415.42	415.34
00:22:55	16.422	16.063	16.326	17.347	16.351	16.545	415.42	415.34
00:23:54	16.422	16.063	16.339	17.364	16.351	16.545	415.42	415.34
00:24:54	16.422	16.065	16.338	17.39	16.352	16.547	415.42	415.34
00:25:54	16.423	16.067	16.339	17.41	16.355	16.549	415.42	415.34
00:26:54	16.423	16.069	16.358	17.426	16.357	16.55	415.42	415.34
00:27:54	16.424	16.069	16.365	17.442	16.357	16.55	415.42	415.34
00:28:54	16.424	16.069	16.373	17.459	16.357	16.552	415.42	415.34
00:29:54	16.423	16.071	16.362	17.421	16.358	16.553	415.42	415.34
00:30:54	16.425	16.071	16.346	17.337	16.358	16.553	415.42	415.34
00:31:54	16.425	16.074	16.338	17.315	16.36	16.553	415.42	415.34
00:32:54	16.424	16.074	16.315	17.282	16.36	16.554	415.42	415.34
00:33:54	16.425	16.075	16.286	17.25	16.36	16.553	415.42	415.34
00:34:54	16.425	16.076	16.249	17.195	16.36	16.554	415.42	415.34
00:35:54	16.424	16.075	16.227	17.109	16.358	16.554	415.42	415.34
00:36:54	16.425	16.075	16.211	17.074	16.36	16.555	415.42	415.34
00:37:54	16.426	16.076	16.19	17.049	16.36	16.555	415.42	415.34
00:38:54	16.425	16.077	16.161	17.028	16.36	16.554	415.42	415.34
00:39:54	16.424	16.075	16.136	16.993	16.358	16.553	415.42	415.34
00:40:54	16.424	16.075	16.118	16.98	16.359	16.553	415.42	415.34
00:41:54	16.425	16.075	16.095	16.951	16.357	16.552	415.42	415.34
00:42:54	16.426	16.074	16.077	16.913	16.36	16.553	415.42	415.34
00:43:54	16.425	16.076	16.056	16.922	16.362	16.553	415.42	415.34
00:44:54	16.426	16.076	16.037	16.903	16.362	16.555	415.42	415.34
00:45:54	16.426	16.077	16.025	16.887	16.36	16.554	415.42	415.34
00:46:54	16.426	16.077	16.015	16.886	16.361	16.556	415.42	415.34
00:47:54	16.426	16.076	15.998	16.886	16.36	16.555	415.42	415.34
00:48:54	16.426	16.077	15.977	16.88	16.358	16.553	415.42	415.34
00:49:54	16.427	16.076	15.977	16.873	16.358	16.552	415.42	415.34
00:50:54	16.427	16.075	16.009	16.896	16.358	16.551	415.42	415.34
00:51:54	16.426	16.074	16.027	16.928	16.358	16.55	415.42	415.34
00:52:54	16.427	16.073	16.05	16.966	16.356	16.548	415.42	415.34
00:53:54	16.426	16.072	16.076	17.014	16.356	16.55	415.42	415.34
00:54:54	16.427	16.072	16.089	17.048	16.357	16.551	415.42	415.34
00:55:54	16.427	16.073	16.091	17.08	16.359	16.553	415.42	415.34
00:56:54	16.428	16.074	16.105	17.104	16.36	16.554	415.42	415.34
00:57:54	16.427	16.075	16.119	17.123	16.36	16.553	415.42	415.34
00:58:54	16.427	16.074	16.127	17.146	16.361	16.555	415.42	415.34
00:59:54	16.428	16.075	16.153	17.167	16.362	16.553	415.42	415.34
01:00:54	16.428	16.077	16.172	17.189	16.361	16.553	415.42	415.34
01:01:54	16.428	16.077	16.168	17.208	16.36	16.553	415.42	415.34
01:02:54	16.429	16.076	16.172	17.224	16.358	16.553	415.42	415.34
01:03:55	16.428	16.075	16.199	17.245	16.358	16.552	415.42	415.34
01:04:55	16.428	16.076	16.212	17.269	16.358	16.551	415.42	415.34
01:05:54	16.428	16.074	16.234	17.293	16.357	16.553	415.42	415.34
01:06:54	16.428	16.074	16.242	17.303	16.357	16.552	415.42	415.34
01:07:55	16.429	16.074	16.267	17.331	16.36	16.554	415.42	415.34
01:08:54	16.429	16.076	16.275	17.351	16.361	16.554	415.42	415.34
01:09:54	16.429	16.077	16.274	17.37	16.361	16.553	415.42	415.34
01:10:54	16.43	16.077	16.277	17.387	16.363	16.556	415.42	415.34
01:11:55	16.428	16.077	16.284	17.404	16.362	16.555	415.42	415.34
01:12:54	16.428	16.078	16.304	17.414	16.363	16.556	415.42	415.34
01:13:54	16.428	16.078	16.303	17.427	16.361	16.554	415.42	415.34
01:14:54	16.428	16.079	16.318	17.439	16.362	16.554	415.42	415.34
01:15:54	16.428	16.077	16.325	17.455	16.361	16.553	415.42	415.34
01:16:54	16.428	16.076	16.337	17.469	16.36	16.554	415.42	415.34
01:17:54	16.427	16.077	16.367	17.479	16.359	16.553	415.42	415.34
01:18:54	16.428	16.076	16.373	17.472	16.359	16.553	415.42	415.34
01:19:55	16.428	16.076	16.346	17.415	16.358	16.553	415.42	415.34
01:20:54	16.428	16.075	16.324	17.363	16.36	16.554	415.42	415.34
01:21:54	16.428	16.075	16.305	17.313	16.36	16.553	415.42	415.34
01:22:54	16.427	16.076	16.272	17.276	16.361	16.555	415.42	415.34
01:23:54	16.427	16.076	16.232	17.224	16.36	16.554	415.42	415.34
01:24:54	16.428	16.075	16.213	17.135	16.362	16.554	415.42	415.34
01:25:54	16.428	16.076	16.185	17.093	16.363	16.554	415.42	415.34
01:26:55	16.428	16.076	16.166	17.074	16.363	16.555	415.42	415.34
01:27:54	0.0	16.077	16.156	17.047	16.362	16.556	415.42	415.34
01:28:55	16.428	16.079	16.15	17.039	16.364	16.555	415.42	415.34
01:29:54	16.429	16.079	16.173	17.063	16.364	16.556	415.42	415.34
01:30:55	16.428	16.08	16.199	17.096	16.365	16.556	415.42	415.34
01:31:55	16.429	16.079	16.212	17.131	16.362	16.556	415.42	415.34
01:32:54	16.428	16.08	16.221	17.16	16.361	16.556	415.42	415.34
01:33:54	16.428	16.079	16.225	17.194	16.362	16.557	415.42	415.34
01:34:54	16.428	16.078	16.243	17.208	16.361	16.556	415.42	415.34
01:35:54	16.428	16.078	16.249	17.22	16.358	16.552	415.42	415.34
01:36:54	16.428	16.076	16.257	17.252	16.359	16.554	415.42	415.34
01:37:54	16.428	16.076	16.265	17.279	16.359	16.555	415.42	415.34
01:38:54	16.429	16.076	16.28	17.305	16.358	16.554	415.42	415.34
01:39:55	16.428	16.074	16.303	17.335	16.36	16.555	415.42	415.34
01:40:54	16.429	16.075	16.32	17.362	16.361	16.555	415.42	415.34
01:41:55	16.428	16.074	16.335	17.379	16.36	16.554	415.42	415.34
01:42:54	16.428	16.075	16.34	17.404	16.361	16.555	415.42	415.34
01:43:55	16.429	16.076	16.339	17.427	16.361	16.556	415.42	415.34
01:44:54	16.428	16.076	16.345	17.449	16.362	16.557	415.42	415.34
01:45:54	16.429	16.077	16.351	17.467	16.363	16.555	415.42	415.34
01:46:55	16.428	16.078	16.374	17.47	16.363	16.557	415.42	415.34
01:47:55	16.429	16.079	16.355	17.42	16.367	16.558	415.42	415.34
01:48:54	16.428	16.081	16.34	17.361	16.366	16.557	415.42	415.34
01:49:54	16.429	16.082	16.325	17.299	16.367	16.557	415.42	415.34
01:50:54	16.429	16.082	16.296	17.271	16.365	16.557	415.42	415.34
01:51:55	16.429	16.084	16.264	17.226	16.366	16.558	415.42	415.34
01:52:55	16.429	16.084	16.232	17.185	16.365	16.556	415.42	415.34
01:53:54	16.429	16.083	16.205	17.135	16.364	16.559	415.42	415.34
01:54:55	16.43	16.085	16.18	17.088	16.365	16.558	415.42	415.34
01:55:55	16.429	16.084	16.159	17.064	16.365	16.557	415.42	415.34
01:56:55	16.43	16.084	16.142	17.034	16.366	16.558	415.42	415.34
01:57:54	16.429	16.085	16.119	16.958	16.367	16.559	415.42	415.34
01:58:54	16.43	16.084	16.127	16.971	16.367	16.559	415.42	415.34
01:59:55	16.43	16.086	16.157	17.004	16.368	16.56	415.42	415.34
02:00:54	16.43	16.087	16.176	17.052	16.368	16.558	415.42	415.34
02:01:55	16.43	16.087	16.192	17.091	16.369	16.559	415.42	415.34
02:02:55	0.0	16.087	16.204	17.13	16.367	16.559	415.42	415.34
02:03:54	16.432	16.088	16.22	17.148	16.369	16.558	415.42	415.34
02:04:54	16.43	16.087	16.232	17.177	16.368	16.559	415.42	415.34
02:05:54	16.43	16.088	16.237	17.204	16.368	16.559	415.42	415.34
02:06:56	16.431	16.087	16.26	17.227	16.368	16.561	415.42	415.34
02:07:54	16.431	16.086	16.259	17.249	16.368	16.559	415.42	415.34
02:08:54	16.431	16.088	16.258	17.264	16.368	16.56	415.42	415.34
02:09:55	16.43	16.087	16.268	17.291	16.367	16.56	415.42	415.34
02:10:54	16.431	16.088	16.279	17.314	16.367	16.56	415.42	415.34
02:11:54	16.431	16.088	16.293	17.331	16.367	16.559	415.42	415.34
02:12:55	16.432	16.087	16.321	17.352	16.366	16.561	415.42	415.34
02:13:54	16.431	16.087	16.322	17.379	16.368	16.559	415.42	415.34
02:14:54	16.432	16.086	16.333	17.397	16.367	16.561	415.42	415.34
02:15:55	16.43	16.085	16.339	17.414	16.369	16.56	415.42	415.34
02:16:54	16.432	16.086	16.348	17.437	16.37	16.559	415.42	415.34
02:17:54	16.432	16.086	16.354	17.453	16.369	16.559	415.42	415.34
02:18:55	16.432	16.086	16.364	17.468	16.369	16.56	415.42	415.34
02:19:55	16.433	16.087	16.371	17.48	16.369	16.561	415.42	415.34
02:20:54	16.432	16.088	16.368	17.484	16.371	16.56	415.42	415.34
02:21:54	16.432	16.089	16.358	17.427	16.368	16.561	415.42	415.34
02:22:54	16.432	16.089	16.352	17.375	16.368	16.56	415.42	415.34
02:23:54	16.432	16.089	16.341	17.333	16.368	16.56	415.42	415.34
02:24:55	16.433	16.089	16.316	17.274	16.368	16.56	415.42	415.34
02:25:54	16.433	16.088	16.282	17.205	16.368	16.561	415.42	415.34
02:26:55	16.433	16.089	16.246	17.167	16.368	16.561	415.42	415.34
02:27:55	16.432	16.088	16.216	17.134	16.366	16.559	415.42	415.34
02:28:55	16.433	16.088	16.192	17.096	16.367	16.558	415.42	415.34
02:29:55	16.433	16.087	16.165	17.045	16.367	16.56	415.42	415.34
02:30:54	16.434	16.087	16.144	17.021	16.367	16.56	415.42	415.34
02:31:55	16.434	16.088	16.134	17.013	16.368	16.56	415.42	415.34
02:32:55	16.434	16.087	16.161	17.011	16.367	16.56	415.42	415.34
02:33:55	16.434	16.087	16.18	17.048	16.366	16.559	415.42	415.34
02:34:55	16.434	16.086	16.198	17.084	16.366	16.56	415.42	415.34
02:35:55	16.433	16.086	16.207	17.126	16.367	16.559	415.42	415.34
02:36:55	16.434	16.086	16.22	17.155	16.365	16.558	415.42	415.34
02:37:55	16.433	16.084	16.232	17.18	16.365	16.557	415.42	415.34
02:38:55	16.433	16.084	16.238	17.204	16.364	16.558	415.42	415.34
02:39:55	16.434	16.083	16.247	17.227	16.365	16.557	415.42	415.34
02:40:55	16.433	16.083	16.251	17.255	16.365	16.559	415.42	415.34
02:41:55	16.434	16.083	16.259	17.271	16.365	16.557	415.42	415.34
02:42:55	16.434	16.083	16.266	17.294	16.368	16.558	415.42	415.34
02:43:55	16.433	16.085	16.285	17.313	16.367	16.56	415.42	415.34
02:44:55	16.435	16.086	16.292	17.334	16.369	16.562	415.42	415.34
02:45:55	16.434	16.087	16.299	17.357	16.37	16.561	415.42	415.34
02:46:55	16.434	16.088	16.308	17.376	16.372	16.562	415.42	415.34
02:47:55	16.435	16.09	16.32	17.397	16.372	16.561	415.42	415.34
02:48:55	16.435	16.092	16.332	17.416	16.371	16.559	415.42	415.34
02:49:55	16.436	16.092	16.349	17.434	16.37	16.559	415.42	415.34
02:50:55	16.436	16.093	16.359	17.448	16.369	16.56	415.42	415.34
02:51:55	16.435	16.092	16.374	17.463	16.369	16.559	415.42	415.34
02:52:55	16.436	16.092	16.375	17.475	16.37	16.558	415.42	415.34
02:53:55	16.435	16.091	16.385	17.488	16.365	16.559	415.42	415.34
02:54:55	16.436	16.09	16.401	17.501	16.366	16.558	415.42	415.34
02:55:55	16.436	16.089	16.417	17.513	16.367	16.559	415.42	415.34
02:56:55	16.437	16.09	16.419	17.489	16.366	16.559	415.42	415.34
02:57:55	16.435	16.089	16.404	17.429	16.366	16.559	415.42	415.34
02:58:55	16.437	16.088	16.387	17.376	16.365	16.558	415.42	415.34
02:59:55	16.436	16.087	16.36	17.339	16.366	16.558	415.42	415.34
03:00:55	16.437	16.088	16.326	17.282	16.367	16.558	415.42	415.34
03:01:55	16.437	16.087	16.296	17.232	16.366	16.557	415.42	415.34
03:02:55	16.437	16.088	16.262	17.169	16.366	16.558	415.42	415.34
03:03:55	16.437	16.088	16.234	17.116	16.366	16.557	415.42	415.34
03:04:55	16.436	16.088	16.21	17.097	16.366	16.557	415.42	415.34
03:05:55	16.437	16.087	16.192	17.074	16.367	16.557	415.42	415.34
03:06:55	16.438	16.09	16.17	0.0	16.367	16.557	415.42	415.34
03:07:55	16.437	16.089	16.156	17.038	16.367	16.559	415.42	415.34
03:08:55	16.437	16.089	16.176	17.02	16.366	16.559	415.42	415.34
03:09:55	16.438	16.089	16.199	17.052	16.367	16.559	0.0	415.34
03:10:55	16.438	16.089	16.218	17.084	16.367	16.559	415.42	415.34
03:11:55	16.438	16.091	16.236	17.131	16.369	16.561	415.42	415.34
03:12:55	16.438	16.09	16.248	17.163	16.368	16.561	415.42	415.34
03:13:55	16.438	16.092	16.257	17.194	16.368	16.561	415.42	415.34
03:14:55	16.438	16.092	16.264	17.22	16.368	16.562	415.42	415.34
03:15:55	16.438	16.093	16.275	17.242	16.369	16.561	415.42	415.34
03:16:55	16.439	16.094	16.276	17.266	16.37	16.561	415.42	415.34
03:17:55	16.439	16.094	16.281	17.292	16.37	16.562	415.42	415.34
03:18:55	16.439	16.095	16.286	17.301	16.371	16.563	415.42	415.34
03:19:55	16.439	16.096	16.31	17.324	16.37	16.562	415.42	415.34
03:20:55	16.439	16.096	16.312	17.348	16.37	16.563	415.42	415.34
03:21:55	16.439	16.096	16.322	17.359	16.371	16.562	415.42	415.34
03:22:55	16.439	16.096	16.332	17.383	16.37	16.562	415.42	415.34
03:23:55	16.44	16.095	16.348	17.402	16.369	16.561	415.42	415.34
03:24:55	16.44	16.095	16.362	17.42	16.368	16.562	415.42	415.34
03:25:55	16.44	16.095	16.378	17.436	16.368	16.559	415.42	415.34
03:26:55	16.441	16.094	16.381	17.455	16.367	16.56	415.42	415.34
03:27:55	16.44	16.093	16.391	17.467	16.368	16.561	415.42	415.34
03:28:55	16.44	16.094	16.412	17.482	16.367	16.559	415.42	415.34
03:29:55	16.44	16.094	16.424	17.495	16.367	16.559	415.42	415.34
03:30:55	16.442	16.093	16.425	17.509	16.368	16.559	415.42	415.34
03:31:55	16.441	16.093	16.422	17.511	16.367	16.559	415.42	415.34
03:32:55	16.441	16.092	16.433	17.524	16.367	16.557	415.42	415.34
03:33:55	16.441	16.092	16.433	17.533	16.368	16.56	415.42	415.34
03:34:55	16.441	16.092	16.438	17.542	16.367	16.558	415.42	415.34
03:35:55	16.442	16.093	16.436	17.528	16.367	16.559	415.42	415.34
03:36:55	16.441	16.092	16.424	17.463	16.367	16.558	415.42	415.34
03:37:55	16.442	16.094	16.413	17.399	16.368	16.559	415.42	415.34
03:38:55	16.442	16.094	16.396	17.363	16.369	16.559	415.42	415.34
03:39:55	16.443	16.093	16.363	17.325	16.368	16.559	415.42	415.34
03:40:55	16.442	16.095	16.335	17.269	16.369	16.561	415.42	415.34
03:41:55	16.442	16.096	16.306	17.21	16.371	16.563	415.42	415.34
03:42:55	16.443	16.099	16.281	17.175	16.371	16.563	415.42	415.34
03:43:55	16.442	16.099	16.259	17.141	16.372	16.562	415.42	415.34
03:44:55	16.443	16.1	16.236	17.111	16.373	16.563	415.42	415.34
03:45:55	16.442	16.1	16.211	17.074	16.371	16.564	415.42	415.34
03:46:55	16.443	16.101	16.201	17.061	16.371	16.562	415.42	415.34
03:47:55	16.443	16.101	16.226	17.057	16.369	16.562	415.42	415.34
03:48:55	16.444	16.1	16.241	17.092	16.368	16.563	415.42	415.34
03:49:55	16.442	16.1	16.256	17.12	16.367	16.561	415.42	415.34
03:50:55	16.444	16.098	16.264	17.161	16.367	16.56	415.42	415.34
03:51:55	16.443	16.098	16.278	17.196	16.367	16.557	415.42	415.34
03:52:55	16.443	16.096	16.288	17.214	16.366	16.555	415.42	415.34
03:53:55	16.444	16.095	16.298	17.241	16.368	16.556	415.42	415.34
03:54:55	16.444	16.096	16.31	17.265	16.366	16.556	415.42	415.34
03:55:55	16.444	16.095	16.326	17.286	16.367	16.557	415.42	415.34
03:56:55	16.444	16.095	16.327	17.301	16.367	16.556	415.42	415.34
03:57:55	16.444	16.095	16.331	17.314	16.368	16.558	415.42	415.34
03:58:55	16.444	16.096	16.35	17.334	16.369	16.559	415.42	415.34
03:59:55	16.444	16.096	16.355	17.36	16.368	16.558	415.42	415.34
04:00:55	16.445	16.096	16.373	17.381	16.367	16.558	415.42	415.34
04:01:55	16.445	16.095	16.382	17.401	16.367	16.557	415.42	415.34
04:02:55	16.445	16.096	16.397	17.422	16.366	16.556	415.42	415.34
04:03:55	16.445	16.096	16.4	17.439	16.366	16.556	415.42	415.34
04:04:55	16.445	16.094	16.402	17.451	16.366	16.555	415.42	415.34
04:05:55	16.444	16.095	16.42	17.464	16.364	16.555	415.42	415.34
04:06:55	16.445	16.094	16.428	17.479	16.365	16.555	415.42	415.34
04:07:55	16.445	16.094	16.43	17.492	16.365	16.555	415.42	415.34
04:08:55	16.445	16.094	16.44	17.507	16.367	16.556	415.42	415.34
04:09:55	16.446	16.094	16.454	17.519	16.366	16.555	415.42	415.34
04:10:55	16.445	16.097	16.455	17.524	16.366	16.556	415.42	415.34
04:11:55	16.445	16.097	16.433	17.474	16.366	16.558	415.42	415.34
04:12:55	16.446	16.098	16.421	17.413	16.368	16.558	415.42	415.34
04:13:55	16.446	16.098	16.408	17.357	16.367	16.557	415.42	415.34
04:14:55	16.447	16.1	16.38	17.318	16.367	16.558	415.42	415.34
04:15:55	16.446	16.098	16.342	17.262	16.367	16.557	415.42	415.34
04:16:55	16.446	16.099	16.316	17.222	16.366	16.557	415.42	415.34
04:17:55	16.447	16.099	16.296	17.184	16.366	16.557	415.42	415.34
04:18:55	16.447	16.1	16.266	17.116	16.367	16.557	415.42	415.34
04:19:55	16.447	16.099	16.24	17.092	16.366	16.556	415.42	415.34
04:20:55	16.448	16.099	16.218	17.076	16.366	16.557	415.42	415.34
04:21:55	16.449	16.099	16.193	17.055	16.365	16.557	415.42	415.34
04:22:55	16.448	16.1	16.172	17.016	16.365	16.557	415.42	415.34
04:23:55	16.447	16.101	16.199	17.033	16.368	16.557	415.42	415.34
04:24:55	16.449	16.1	16.218	17.065	16.367	16.558	415.42	415.34
04:25:55	16.449	16.101	16.24	17.107	16.367	16.558	415.42	415.34
04:26:55	16.449	16.102	16.252	17.138	16.368	16.559	415.42	415.34
04:27:55	16.449	16.102	16.264	17.168	16.369	16.559	415.42	415.34
04:28:55	16.45	16.104	16.268	17.199	16.369	16.558	415.42	415.34
04:29:55	16.449	16.104	16.275	17.222	16.37	16.56	415.42	415.34
04:30:55	16.449	16.104	16.285	17.247	16.369	16.559	415.42	415.34
04:31:55	16.449	16.104	16.289	17.271	16.37	16.561	415.42	415.34
04:32:55	16.449	16.104	16.298	17.288	16.37	16.56	415.42	415.34
04:33:55	16.451	16.104	16.31	17.312	16.37	16.561	415.42	415.34
04:34:55	16.45	16.106	16.325	17.331	16.371	16.561	415.42	415.34
04:35:55	16.45	16.105	16.344	17.357	16.372	16.562	415.42	415.34
04:36:55	16.45	16.108	16.346	17.374	16.371	16.563	415.42	415.34
04:37:55	16.451	16.106	16.375	17.394	16.372	16.561	415.42	415.34
04:38:55	16.45	16.106	16.387	17.415	16.372	16.562	415.42	415.34
04:39:55	16.45	16.108	16.389	17.428	16.371	16.562	415.42	415.34
04:40:55	16.451	16.108	16.39	17.445	16.371	16.561	415.42	415.34
04:41:55	16.45	16.106	16.404	17.464	16.371	16.562	415.42	415.34
04:42:55	16.451	16.107	16.437	17.484	16.371	16.561	415.42	415.34
04:43:55	16.451	16.107	16.427	17.497	16.371	16.561	415.42	415.34
04:44:55	16.451	16.107	16.439	17.509	16.372	16.562	415.42	415.34
04:45:55	16.451	16.107	16.439	17.482	16.369	16.561	415.42	415.34
04:46:55	16.452	16.108	16.412	17.41	16.371	16.562	415.42	415.34
04:47:55	16.452	16.107	16.388	17.357	16.372	16.562	415.42	415.34
04:48:55	16.453	16.109	16.367	17.328	16.371	16.561	415.42	415.34
04:49:55	16.452	16.108	16.331	17.255	16.372	16.561	415.42	415.34
04:50:55	16.453	16.109	16.302	17.217	16.373	16.561	415.42	415.34
04:51:55	16.452	16.11	16.272	17.185	16.373	16.561	415.42	415.34
04:52:55	16.452	16.109	16.239	17.151	16.373	16.561	415.42	415.34
04:53:55	16.453	16.108	16.218	17.105	16.371	16.561	415.42	415.34
04:54:55	16.453	16.108	16.201	17.072	16.371	16.559	415.42	415.34
04:55:55	16.452	16.108	16.174	17.048	16.371	16.559	415.42	415.34
04:56:55	16.454	16.109	16.166	17.016	16.372	16.559	415.42	415.34
04:57:55	16.453	16.11	16.175	17.018	16.373	16.561	415.42	415.34
04:58:55	16.453	16.111	16.198	17.043	16.374	16.562	415.42	415.34
04:59:55	16.453	16.111	16.214	17.088	16.373	16.564	415.42	415.34
05:00:55	16.454	16.112	16.232	17.131	16.374	16.562	415.42	415.34
05:01:55	16.454	16.111	16.242	17.154	16.372	16.563	415.42	415.34
05:02:55	16.453	16.112	16.251	17.177	16.371	16.562	415.42	415.34
05:03:55	16.453	16.112	16.256	17.201	16.372	16.562	415.42	415.34
05:04:55	16.454	16.111	16.268	17.223	16.372	16.563	415.42	415.34
05:05:55	16.455	16.111	16.273	17.249	16.372	16.561	415.42	415.34
05:06:55	16.454	16.11	16.284	17.278	16.372	16.562	415.42	415.34
05:07:55	16.454	16.11	16.296	17.295	16.372	16.561	415.42	415.34
05:08:55	16.455	16.11	16.309	17.318	16.371	16.56	415.42	415.34
05:09:55	16.455	16.112	16.319	17.344	16.371	16.562	415.42	415.34
05:10:55	16.456	16.11	16.331	17.367	16.371	16.561	415.42	415.34
05:11:55	16.455	16.112	16.336	17.388	16.372	16.56	415.42	415.34
05:12:55	16.454	16.11	16.35	17.412	16.37	16.56	415.42	415.34
05:13:55	16.455	16.11	16.358	17.428	16.37	16.559	415.42	415.34
05:14:55	16.455	16.109	16.364	17.446	16.369	16.56	415.42	415.34
05:15:55	16.456	16.11	16.388	17.462	16.369	16.559	415.42	415.34
05:16:55	16.456	16.11	16.401	17.478	16.37	16.558	415.42	415.34
05:17:55	16.456	16.112	16.415	17.494	16.371	16.56	415.42	415.34
05:18:55	16.456	16.111	16.423	17.506	16.373	16.562	415.42	415.34
05:19:55	16.456	16.115	16.42	17.511	16.376	16.564	415.42	415.34
05:20:56	16.456	16.117	16.403	17.459	16.377	16.564	415.42	415.34
05:21:55	16.457	16.118	16.388	17.392	16.378	16.566	415.42	415.34
05:22:55	16.457	16.12	16.379	17.351	16.378	16.568	415.42	415.34
05:23:55	16.456	16.121	16.347	17.292	16.378	16.566	415.42	415.34
05:24:55	16.456	16.122	16.308	17.251	16.379	16.567	415.42	415.34
05:25:55	16.457	16.123	16.285	17.196	16.378	16.566	415.42	415.34
05:26:55	16.457	16.123	16.256	17.154	16.377	16.566	415.42	415.34
05:27:55	16.458	16.123	16.236	17.11	16.376	16.566	415.42	415.34
05:28:55	16.457	16.123	16.204	17.085	16.376	16.565	415.42	415.34
05:29:55	16.456	16.122	16.192	17.072	16.374	16.567	415.42	415.34
05:30:55	16.458	16.121	16.213	17.066	16.375	16.565	415.42	415.34
05:31:55	16.458	16.121	16.23	17.078	16.374	16.565	415.42	415.34
05:32:55	16.457	16.122	16.244	17.12	16.376	16.565	415.42	415.34
05:33:55	16.459	16.122	16.258	17.154	16.377	16.565	415.42	415.34
05:34:55	16.458	16.121	16.268	17.183	16.376	16.567	415.42	415.34
05:35:55	16.458	16.122	16.273	17.213	16.378	16.565	415.42	415.34
05:36:55	16.459	16.123	16.285	17.231	16.377	16.568	415.42	415.34
05:37:55	16.458	16.122	16.292	17.25	16.377	16.567	415.42	415.34
05:38:55	16.459	16.122	16.301	17.271	16.376	16.565	415.42	415.34
05:39:55	16.459	16.122	16.317	17.297	16.376	16.566	415.42	415.34
05:40:55	16.458	16.121	16.333	17.322	16.375	16.565	415.42	415.34
05:41:55	16.459	16.119	16.343	17.337	16.373	16.564	415.42	415.34
05:42:55	16.46	16.119	16.347	17.351	16.374	16.562	415.42	415.34
05:43:55	16.459	16.117	16.351	17.371	16.374	16.56	415.42	415.34
05:44:55	16.46	16.117	16.368	17.393	16.373	16.559	415.42	415.34
05:45:55	16.46	16.116	16.381	17.413	16.374	16.558	415.42	415.34
05:46:55	16.459	16.116	16.393	17.433	16.374	16.559	415.42	415.34
05:47:55	16.459	16.115	16.393	17.445	16.375	16.56	415.42	415.34
05:48:55	16.46	16.118	16.399	17.463	16.375	16.56	415.42	415.34
05:49:55	16.46	16.118	16.404	17.477	16.375	16.562	415.42	415.34
05:50:55	16.461	16.118	16.42	17.487	16.374	16.564	415.42	415.34
05:51:55	16.46	16.119	16.424	17.5	16.375	16.562	415.42	415.34
05:52:55	16.46	16.117	16.44	17.509	16.373	16.561	415.42	415.34
05:53:55	16.461	16.116	16.445	17.517	16.374	16.562	415.42	415.34
05:54:55	16.461	16.117	16.468	17.528	16.372	16.559	415.42	415.34
05:55:55	16.461	16.116	16.476	17.536	16.371	16.558	415.42	415.34
05:56:55	16.46	16.115	16.465	17.545	16.37	16.558	415.42	415.34
05:57:55	16.461	16.116	16.466	17.554	16.371	16.559	415.42	415.34
05:58:55	16.46	16.116	16.461	17.537	16.373	16.561	415.42	415.34
05:59:55	16.461	16.116	16.443	17.45	16.372	16.559	415.42	415.34
06:00:56	16.461	16.117	16.436	17.409	16.373	16.561	415.42	415.34
06:01:55	0.0	16.116	16.417	17.375	16.372	16.561	415.42	415.34
06:02:55	16.461	16.118	16.386	17.324	16.373	16.56	415.42	415.34
06:03:55	16.461	16.117	16.355	17.261	16.373	16.56	415.42	415.34
06:04:55	16.462	16.118	16.316	17.189	16.373	16.562	415.42	415.34
06:05:55	16.461	16.119	16.296	17.161	16.373	16.562	415.42	415.34
06:06:55	16.462	16.119	16.271	17.13	16.374	16.561	415.42	415.34
06:07:56	16.462	16.12	16.252	17.096	16.373	16.562	415.42	415.34
06:08:55	16.462	16.119	16.232	17.06	16.372	16.56	415.42	415.34
06:09:55	16.462	16.119	16.21	17.005	16.372	16.561	415.42	415.34
06:10:55	16.462	16.118	16.235	17.022	16.372	16.559	415.42	415.34
06:11:55	16.462	16.118	16.256	17.056	16.371	16.559	415.42	415.34
06:12:55	16.462	16.118	16.27	17.109	16.371	16.559	415.42	415.34
06:13:55	16.463	16.119	16.278	17.145	16.371	16.559	415.42	415.34
06:14:55	16.462	16.117	16.285	17.177	16.371	16.56	415.42	415.34
06:15:55	16.463	16.116	16.295	17.202	16.369	16.557	415.42	415.34
06:16:55	16.462	16.116	16.304	17.22	16.369	16.557	415.42	415.34
06:17:55	16.462	16.116	16.31	17.244	16.368	16.556	415.42	415.34
06:18:55	16.463	16.116	16.316	17.261	16.37	16.556	415.42	415.34
06:19:55	16.463	16.116	16.322	17.281	16.37	16.557	415.42	415.34
06:20:55	16.463	16.116	16.331	17.299	16.37	16.557	415.42	415.34
06:21:55	16.464	16.117	16.344	17.312	16.37	16.558	415.42	415.34
06:22:55	16.464	16.117	16.353	17.327	16.371	16.558	415.42	415.34
06:23:55	16.464	16.118	16.364	17.355	16.37	16.558	415.42	415.34
06:24:55	16.463	16.117	16.371	17.377	16.371	16.558	415.42	415.34
06:25:57	16.463	16.117	16.379	17.4	16.371	16.558	415.42	415.34
06:26:55	16.464	16.118	16.39	17.421	16.369	16.558	415.42	415.34
06:27:55	16.464	16.118	16.396	17.442	16.37	16.558	415.42	415.34
06:28:55	16.464	16.119	16.401	17.455	16.369	16.557	415.42	415.34
06:29:55	16.465	16.117	16.421	17.47	16.368	16.558	415.42	415.34
06:30:55	16.463	16.117	16.424	17.485	16.369	16.557	415.42	415.34
06:31:55	16.464	16.117	16.431	17.497	16.369	16.557	415.42	415.34
06:32:55	16.464	16.118	16.443	17.511	16.369	16.557	415.42	415.34
06:33:55	16.465	16.118	16.452	17.523	16.368	16.557	415.42	415.34
06:34:55	16.464	16.118	16.457	17.533	16.369	16.556	415.42	415.34
06:35:55	16.464	16.119	16.464	17.541	16.368	16.557	415.42	415.34
06:36:55	16.465	16.119	16.471	17.547	16.368	16.556	415.42	415.34
06:37:55	16.465	16.118	16.484	17.542	16.368	16.557	415.42	415.34
06:38:55	16.465	16.119	16.455	17.491	16.369	16.557	415.42	415.34
06:39:55	16.464	16.119	16.442	17.436	16.369	16.557	415.42	415.34
06:40:55	16.466	16.119	16.423	17.386	16.369	16.556	415.42	415.34
06:41:55	16.465	16.119	16.399	17.328	16.369	16.557	415.42	415.34
06:42:55	16.465	16.12	16.354	17.269	16.369	16.558	415.42	415.34
06:43:55	16.466	16.12	16.315	17.219	16.37	16.557	415.42	415.34
06:44:55	16.465	16.12	16.29	17.165	16.369	16.556	415.42	415.34
06:45:55	16.465	16.119	16.264	17.138	16.369	16.556	415.42	415.34
06:46:55	16.466	16.121	16.241	17.092	16.367	16.555	415.42	415.34
06:47:55	16.466	16.12	16.252	17.064	16.367	16.555	415.42	415.34
06:48:55	16.466	16.12	16.278	17.089	16.367	16.556	415.42	415.34
06:49:55	16.465	16.12	16.292	17.131	16.366	16.555	415.42	415.34
06:50:55	16.467	16.12	16.3	17.17	16.368	16.555	415.42	415.34
06:51:55	16.467	16.12	16.305	17.199	16.367	16.556	415.42	415.34
06:52:55	16.466	16.121	16.316	17.225	16.368	16.557	415.42	415.34
06:53:55	16.467	16.12	16.328	17.257	16.367	16.556	415.42	415.34
06:54:55	16.466	16.12	16.342	17.278	16.368	16.556	415.42	415.34
06:55:55	16.466	16.121	16.349	17.297	16.369	16.557	415.42	415.34
06:56:55	16.467	16.121	16.362	17.318	16.369	16.557	415.42	415.34
06:57:55	16.467	16.122	16.37	17.342	16.37	16.558	415.42	415.34
06:58:55	16.468	16.122	16.377	17.361	16.369	16.557	415.42	415.34
06:59:55	16.468	16.123	16.381	17.385	16.369	16.557	415.42	415.34
07:00:55	16.468	16.123	16.4	17.406	16.37	16.558	415.42	415.34
07:01:55	16.468	16.123	16.405	17.425	16.369	16.559	415.42	415.34
07:02:55	16.468	16.123	16.408	17.446	16.37	16.557	415.42	415.34
07:03:55	16.468	16.123	16.418	17.46	16.369	16.558	415.42	415.34
07:04:55	16.469	16.123	16.424	17.48	16.37	16.559	415.42	415.34
07:05:55	16.468	16.124	16.43	17.491	16.371	16.56	415.42	415.34
07:06:55	16.469	16.125	16.424	17.45	16.372	16.559	415.42	415.34
07:07:55	16.469	16.126	16.408	17.394	16.372	16.558	415.42	415.34
07:08:55	16.469	16.127	16.404	17.358	16.372	16.56	415.42	415.34
07:09:55	16.469	16.127	16.385	17.298	16.373	16.561	415.42	415.34
07:10:55	16.469	16.128	16.348	17.243	16.373	16.56	415.42	415.34
07:11:55	16.469	16.129	16.308	17.193	16.373	16.56	415.42	415.34
07:12:55	16.47	16.129	16.279	17.153	16.374	16.56	415.42	415.34
07:13:55	16.469	16.131	16.25	17.113	16.373	16.559	415.42	415.34
07:14:55	16.47	16.13	16.22	17.09	16.374	16.559	415.42	415.34
07:15:55	16.47	16.131	16.202	17.057	16.375	16.56	415.42	415.34
07:16:55	16.47	16.131	16.19	17.024	16.374	16.559	415.42	415.34
07:17:55	16.47	16.13	16.196	17.014	16.374	16.56	415.42	415.34
07:18:55	16.47	16.131	16.222	17.018	16.374	16.559	415.42	415.34
07:19:55	16.471	16.13	16.239	17.058	16.373	16.559	415.42	415.34
07:20:55	16.47	16.13	16.252	17.099	16.372	16.559	415.42	415.34
07:21:55	16.471	16.129	16.265	17.132	16.374	16.558	0.0	415.34
07:22:55	16.471	16.128	16.274	17.169	16.371	16.559	415.42	415.34
07:23:55	16.471	16.127	16.282	17.188	16.372	16.558	415.42	415.34
07:24:55	16.471	16.127	16.285	17.219	16.371	16.557	415.42	415.34
07:25:55	16.472	16.127	16.296	17.242	16.371	16.557	415.42	415.34
07:26:55	16.471	16.126	16.297	17.269	16.369	16.557	415.42	415.34
07:27:55	16.471	16.126	16.301	17.292	16.37	16.557	415.42	415.34
07:28:55	16.472	16.127	16.312	17.318	16.369	16.557	415.42	415.34
07:29:55	16.473	16.127	16.327	17.342	16.369	16.557	415.42	415.34
07:30:55	16.471	16.127	16.341	17.362	16.37	16.559	415.42	415.34
07:31:55	16.471	16.127	16.35	17.378	16.371	16.558	415.42	415.34
07:32:55	16.472	16.128	16.363	17.402	16.371	16.558	415.42	415.34
07:33:55	16.473	16.128	16.375	17.423	16.37	16.558	415.42	415.34
07:34:55	16.473	16.128	16.376	17.442	16.371	16.561	415.42	415.34
07:35:55	16.473	16.13	16.388	17.458	16.373	16.559	415.42	415.34
07:36:55	16.473	16.13	16.402	17.474	16.374	16.559	415.42	415.34
07:37:55	16.473	16.131	16.412	17.488	16.373	16.561	415.42	415.34
07:38:55	16.474	16.131	16.418	17.497	16.375	16.56	415.42	415.34
07:39:55	16.473	16.133	16.411	17.503	16.373	16.562	415.42	415.34
07:40:55	16.473	16.134	16.403	17.447	16.375	16.562	415.42	415.34
07:41:55	16.473	16.133	16.389	17.399	16.375	16.563	415.42	415.34
07:42:55	16.473	16.133	16.384	17.349	16.374	16.562	415.42	415.34
07:43:55	16.473	16.134	16.353	17.299	16.375	16.561	415.42	415.34
07:44:55	16.474	16.134	16.32	17.234	16.374	16.561	415.42	415.34
07:45:55	16.475	16.134	16.29	17.177	16.372	16.562	415.42	415.34
07:46:55	16.474	16.134	16.258	17.127	16.373	16.561	415.42	415.34
07:47:55	16.473	16.133	16.227	17.081	16.373	16.559	415.42	415.34
07:48:55	16.474	16.132	16.222	17.05	16.373	16.559	415.42	415.34
07:49:55	16.474	16.131	16.249	17.064	16.372	16.56	415.42	415.34
07:50:55	16.474	16.132	16.262	17.098	16.373	16.558	415.42	415.34
07:51:55	16.475	16.132	16.278	17.137	16.373	16.561	415.42	415.34
07:52:55	16.475	16.133	16.289	17.17	16.373	16.56	415.42	415.34
07:53:55	16.474	16.133	16.299	17.2	16.375	16.561	415.42	415.34
07:54:55	16.476	16.133	16.309	17.228	16.374	16.56	415.42	415.34
07:55:55	16.475	16.134	16.31	17.255	16.374	16.561	415.42	415.34
07:56:55	16.475	16.134	16.321	17.27	16.373	16.56	415.42	415.34
07:57:55	16.475	16.132	16.332	17.289	16.373	16.56	415.42	415.34
07:58:55	16.476	16.134	16.351	17.319	16.374	16.561	415.42	415.34
07:59:55	16.475	16.133	16.36	17.346	16.373	16.561	415.42	415.34
08:00:55	16.476	16.133	16.376	17.368	16.373	16.561	415.42	415.34
08:01:55	16.474	16.133	16.378	17.391	16.373	16.56	415.42	415.34
08:02:55	16.475	16.133	16.384	17.411	16.374	16.562	415.42	415.34
08:03:55	16.475	16.132	16.398	17.43	16.375	16.563	415.42	415.34
08:04:55	16.475	16.134	16.421	17.447	16.375	16.562	415.42	415.34
08:05:55	16.475	16.133	16.435	17.464	16.374	16.561	415.42	415.34
08:06:55	16.476	16.134	16.427	17.482	16.375	16.562	415.42	415.34
08:07:55	16.476	16.135	16.432	17.493	16.376	16.563	415.42	415.34
08:08:55	16.476	16.135	16.446	17.504	16.377	16.564	415.42	415.34
08:09:55	16.476	16.136	16.445	17.515	16.376	16.563	415.42	415.34
08:10:55	16.476	16.136	16.447	17.507	16.377	16.565	415.42	415.34
08:11:55	16.476	16.138	16.425	17.444	16.376	16.565	415.42	415.34
08:12:55	16.476	16.138	16.413	17.391	16.376	16.565	415.42	415.34
08:13:55	16.477	16.14	16.401	17.349	16.377	16.564	415.42	415.34
08:14:55	16.477	16.138	16.369	17.279	16.376	16.563	415.42	415.34
08:15:55	16.477	16.137	16.339	17.23	16.375	16.562	415.42	415.34
08:16:55	16.477	16.136	16.31	17.177	16.375	16.562	415.42	415.34
08:17:55	16.477	16.136	16.285	17.117	16.375	0.0	415.42	415.34
08:18:55	16.477	16.136	16.255	17.084	16.374	16.56	415.42	415.34
08:19:55	16.478	16.135	16.221	17.065	16.374	16.561	415.42	415.34
08:20:55	16.477	16.135	16.2	17.029	16.373	16.56	415.42	415.34
08:21:55	16.477	16.134	16.216	17.029	16.373	16.56	415.42	415.34
08:22:55	16.476	16.135	16.241	17.059	16.374	16.562	415.42	415.34
08:23:55	16.478	16.134	16.255	17.089	16.375	16.561	415.42	415.34
08:24:55	16.478	16.134	16.269	17.131	16.374	16.559	415.42	415.34
08:25:57	16.478	16.135	16.28	17.157	16.373	16.56	415.42	415.34
08:26:55	16.478	16.135	16.288	17.179	16.374	16.561	415.42	415.34
08:27:55	16.478	16.134	16.296	17.207	16.372	16.561	415.42	415.34
08:28:55	16.478	16.133	16.304	17.235	16.374	16.561	415.42	415.34
08:29:57	16.478	16.135	16.318	17.256	16.374	16.561	415.42	415.34
08:30:55	16.479	16.134	16.318	17.283	16.373	16.561	415.42	415.34
08:31:55	16.478	16.134	16.333	17.305	16.373	16.562	415.42	415.34
08:32:55	16.478	16.135	16.339	17.328	16.373	16.56	415.42	415.34
08:33:55	16.478	16.135	16.368	17.352	16.374	16.562	415.42	415.34
08:34:55	16.478	16.135	16.382	17.375	16.375	16.561	415.42	415.34
08:35:55	16.478	16.135	16.378	17.394	16.373	16.563	415.42	415.34
08:36:55	16.478	16.135	16.383	17.41	16.372	16.561	415.42	415.34
08:37:55	16.479	16.135	16.395	17.43	16.373	16.561	415.42	415.34
08:38:55	16.479	16.134	16.403	17.446	16.372	16.561	415.42	415.34
08:39:55	16.479	16.133	16.417	17.459	16.372	16.56	415.42	415.34
08:40:55	16.479	16.134	16.433	17.478	16.374	16.559	415.42	415.34
08:41:55	16.479	16.133	16.437	17.495	16.372	16.561	415.42	415.34
08:42:55	16.479	16.135	16.444	17.509	16.373	16.561	415.42	415.34
08:43:55	16.478	16.136	16.451	17.518	16.374	16.563	415.42	415.34
08:44:55	16.48	16.138	16.46	17.527	16.376	16.564	415.42	415.34
08:45:55	16.48	16.14	16.459	17.535	16.377	16.564	415.42	415.34
08:46:55	16.479	16.139	16.461	17.545	16.376	16.565	415.42	415.34
08:47:55	16.479	16.14	16.471	17.557	16.377	16.567	415.42	415.34
08:48:55	16.48	16.142	16.485	17.567	16.376	16.566	415.42	415.34
08:49:55	16.479	16.141	16.491	17.541	16.377	16.568	415.42	415.34
08:50:55	16.48	16.142	16.466	17.485	16.376	16.566	415.42	415.34
08:51:55	16.48	16.142	16.448	17.431	16.376	16.567	415.42	415.34
08:52:56	16.48	16.142	16.434	17.376	16.376	16.566	415.42	415.34
08:53:55	16.48	16.139	16.398	17.327	16.375	16.563	415.42	415.34
08:54:55	16.479	16.14	16.367	17.262	16.374	16.562	415.42	415.34
08:55:55	16.48	16.138	16.332	17.208	16.373	16.561	415.42	415.34
08:56:55	16.48	16.137	16.297	17.132	16.372	16.559	415.42	415.34
08:57:55	16.481	16.136	16.266	17.065	16.372	16.561	415.42	415.34
08:58:55	16.481	16.135	16.235	17.045	16.372	16.561	415.42	415.34
08:59:55	16.48	16.136	16.216	17.034	16.372	16.561	415.42	415.34
09:00:55	16.48	16.135	16.229	17.02	16.372	16.562	415.42	415.34
09:01:55	16.48	16.135	16.254	17.047	16.372	16.562	415.42	415.34
09:02:55	16.481	16.136	16.272	17.094	16.373	16.562	415.42	415.34
09:03:55	16.481	16.137	16.282	17.132	16.372	16.562	415.42	415.34
09:04:55	16.481	16.136	16.29	17.159	16.374	16.561	415.42	415.34
09:05:55	16.481	16.137	16.299	17.182	16.372	16.561	415.42	415.34
09:06:55	16.481	16.137	16.312	17.209	16.373	16.561	415.42	415.34
09:07:55	16.481	16.138	16.322	17.234	16.374	16.562	415.42	415.34
09:08:55	16.481	16.138	16.323	17.254	16.373	16.56	415.42	415.34
09:09:55	16.481	16.138	16.337	17.282	16.372	16.559	415.42	415.34
09:10:55	16.481	16.137	16.348	17.297	16.372	16.559	415.42	415.34
09:11:55	16.481	16.137	16.357	17.316	16.371	16.559	415.42	415.34
09:12:55	16.482	16.137	16.362	17.342	16.372	16.559	415.42	415.34
09:13:55	16.482	16.137	16.37	17.358	16.372	16.56	415.42	415.34
09:14:55	16.481	16.138	16.384	17.366	16.371	16.558	415.42	415.34
09:15:55	16.483	16.138	16.406	17.398	16.371	16.559	415.42	415.34
09:16:55	16.482	16.136	16.419	17.419	16.371	16.558	415.42	415.34
09:17:55	16.483	16.136	16.42	17.439	16.371	16.56	415.42	415.34
09:18:55	16.483	16.138	16.423	17.457	16.371	16.56	415.42	415.34
09:19:55	16.483	16.138	16.449	17.477	16.372	16.56	415.42	415.34
09:20:55	16.482	16.138	16.457	17.489	16.372	16.559	415.42	415.34
09:21:55	16.482	16.138	16.453	17.5	16.371	16.561	415.42	415.34
09:22:55	16.482	16.139	16.456	17.499	16.371	16.562	415.42	415.34
09:23:55	16.483	16.139	16.444	17.443	16.372	16.561	415.42	415.34
09:24:55	16.482	16.139	16.427	17.394	16.372	16.561	415.42	415.34
09:25:55	16.482	16.14	16.412	17.347	16.371	16.559	415.42	415.34
09:26:55	16.482	16.139	16.392	17.307	16.371	16.558	415.42	415.34
09:27:55	16.483	16.139	16.352	17.257	16.37	16.56	415.42	415.34
09:28:55	16.483	16.138	16.316	17.211	16.37	16.561	415.42	415.34
09:29:56	16.482	16.139	16.298	17.13	16.37	16.561	415.42	415.34
09:30:55	16.483	16.14	16.274	17.111	16.37	16.56	415.42	415.34
09:31:55	16.483	16.14	0.0	17.088	16.371	16.561	415.42	415.34
09:32:55	16.483	16.14	16.23	17.046	16.372	16.562	415.42	415.34
09:33:55	16.483	16.141	16.228	17.033	16.374	16.562	415.42	415.34
09:34:55	16.484	16.141	16.254	17.049	16.374	16.561	415.42	415.34
09:35:55	16.485	16.142	16.268	17.073	16.374	16.562	415.42	415.34
09:36:55	16.484	16.143	16.281	17.117	16.374	16.561	415.42	415.34
09:37:55	16.484	16.143	16.291	17.159	16.374	16.563	415.42	415.34
09:38:55	16.484	16.143	16.296	17.187	16.374	16.561	415.42	415.34
09:39:55	16.484	16.142	16.303	17.215	16.374	16.56	415.42	415.34
09:40:55	16.484	16.142	16.307	17.24	16.374	16.561	415.42	415.34
09:41:55	16.484	16.142	16.327	17.264	16.373	16.56	415.42	415.34
09:42:55	16.484	16.142	16.344	17.283	16.373	16.56	415.42	415.34
09:43:55	16.485	16.142	16.352	17.311	16.375	16.562	415.42	415.34
09:44:55	16.485	16.143	16.364	17.331	16.375	16.563	415.42	415.34
09:45:55	16.485	16.144	16.364	17.356	16.376	16.563	415.42	415.34
09:46:55	16.485	16.144	16.371	17.375	16.377	16.565	415.42	415.34
09:47:55	16.486	16.145	16.374	17.389	16.376	16.564	415.42	415.34
09:48:55	16.485	16.146	16.379	17.408	16.377	16.567	415.42	415.34
09:49:55	16.485	16.146	16.402	17.428	16.377	16.565	415.42	415.34
09:50:55	16.486	16.147	16.412	17.447	16.377	16.564	415.42	415.34
09:51:55	16.486	16.145	16.42	17.465	16.376	16.564	415.42	415.34
09:52:55	16.486	16.147	16.425	17.478	16.377	16.563	415.42	415.34
09:53:55	16.485	16.147	16.43	17.491	16.376	16.563	415.42	415.34
09:54:55	16.486	16.148	16.441	17.502	16.377	16.564	415.42	415.34
09:55:55	16.486	16.147	16.448	17.512	16.377	16.564	415.42	415.34
09:56:55	16.487	16.147	16.45	17.518	16.376	16.563	415.42	415.34
09:57:55	16.487	16.147	16.457	17.528	16.375	16.563	415.42	415.34
09:58:55	16.486	16.146	16.46	17.538	16.376	16.562	415.42	415.34
09:59:55	16.487	16.145	16.466	17.542	16.376	16.563	415.42	415.34
10:00:55	16.487	16.146	16.476	17.547	16.376	16.562	415.42	415.34
10:01:55	16.487	16.146	16.464	17.474	16.375	16.562	415.42	415.34
10:02:55	16.486	16.146	16.45	17.411	16.375	16.564	415.42	415.34
10:03:55	16.487	16.146	16.437	17.37	16.373	16.563	415.42	415.34
10:04:55	16.487	16.144	16.411	17.325	16.374	16.561	415.42	415.34
10:05:55	16.488	16.145	16.374	17.286	16.373	16.562	415.42	415.34
10:06:55	16.488	16.145	16.347	17.232	16.374	16.562	415.42	415.34
10:07:55	16.487	16.144	16.304	17.19	16.374	16.562	415.42	415.34
10:08:55	16.487	16.146	16.284	17.142	16.375	16.563	415.42	415.34
10:09:55	16.487	16.146	16.256	17.104	16.375	16.562	415.42	415.34
10:10:55	16.488	16.146	16.226	17.065	16.376	16.564	415.42	415.34
10:11:55	16.487	16.147	16.238	17.04	16.376	16.563	415.42	415.34
10:12:55	16.487	16.148	16.264	17.057	16.377	16.565	415.42	415.34
10:13:56	16.488	16.149	16.282	17.091	16.376	16.564	415.42	415.34
10:14:55	0.0	16.149	16.292	17.123	16.378	16.565	415.42	415.34
10:15:55	16.489	16.15	16.299	17.158	16.378	16.566	415.42	415.34
10:16:55	16.489	16.15	16.308	17.188	16.378	16.567	415.42	415.34
10:17:55	16.488	16.15	16.316	17.218	16.378	16.567	415.42	415.34
10:18:55	16.488	16.151	16.324	17.246	16.379	16.569	415.42	415.34
10:19:55	16.489	16.151	16.326	17.264	16.377	16.568	415.42	415.34
10:20:55	16.488	16.151	16.34	17.273	16.379	16.568	415.42	415.34
10:21:55	16.489	16.151	16.349	17.299	16.378	16.568	415.42	415.34
10:22:55	16.489	16.15	16.356	17.325	16.38	16.568	415.42	415.34
10:23:55	16.49	16.15	16.362	17.345	16.378	16.567	415.42	415.34
10:24:55	16.488	16.149	16.368	17.372	16.378	16.565	415.42	415.34
10:25:55	16.488	16.15	16.383	17.392	16.378	16.565	415.42	415.34
10:26:55	16.488	16.149	16.398	17.404	16.377	16.564	415.42	415.34
10:27:55	16.489	16.15	16.406	17.427	16.381	16.565	415.42	415.34
10:28:55	16.489	16.15	16.422	17.447	16.378	16.565	415.42	415.34
10:29:55	16.491	16.151	16.436	17.465	16.38	16.565	415.42	415.34
10:30:55	16.489	16.151	16.451	17.48	16.38	16.566	415.42	415.34
10:31:55	16.49	16.152	16.446	17.494	16.38	16.566	415.42	415.34
10:32:55	16.489	16.152	16.451	17.502	16.38	16.565	415.42	415.34
10:33:55	16.491	16.152	16.452	17.514	16.38	16.565	415.42	415.34
10:34:55	16.491	16.152	16.458	17.522	16.38	16.565	415.42	415.34
10:35:55	16.49	16.152	16.456	17.531	16.381	16.567	415.42	415.34
10:36:55	16.49	16.152	16.47	17.54	16.38	16.566	415.42	415.34
10:37:55	16.49	16.152	16.479	17.549	16.38	16.565	415.42	415.34
10:38:55	16.491	16.152	16.479	17.556	16.379	16.567	415.42	415.34
10:39:55	16.491	16.154	16.487	17.555	16.38	16.567	415.42	415.34
10:40:55	16.491	16.153	16.47	17.482	16.381	16.569	415.42	415.34
10:41:55	16.49	16.154	16.454	17.427	16.381	16.569	415.42	415.34
10:42:55	16.49	16.154	16.44	17.377	16.38	16.569	415.42	415.34
10:43:55	16.492	16.155	16.419	17.301	16.382	16.568	415.42	415.34
10:44:55	16.492	16.156	16.388	17.266	16.381	16.57	415.42	415.34
10:45:55	16.491	16.155	16.35	17.216	16.381	16.568	415.42	415.34
10:46:55	16.492	16.155	16.32	17.188	16.381	16.569	415.42	415.34
10:47:55	16.492	16.156	16.293	17.137	16.381	16.568	415.42	415.34
10:48:55	16.491	16.155	16.276	17.102	16.381	16.568	415.42	415.34
10:49:55	16.491	16.155	16.264	17.056	16.379	16.566	415.42	415.34
10:50:55	16.493	16.155	16.244	17.038	16.38	16.565	415.42	415.34
10:51:55	16.492	16.155	16.264	17.041	16.379	16.565	415.42	415.34
10:52:55	16.492	16.154	16.278	17.074	16.379	16.565	415.42	415.34
10:53:55	16.493	16.154	16.291	17.106	16.379	16.564	415.42	415.34
10:54:55	16.493	16.154	16.297	17.15	16.38	16.565	415.42	415.34
10:55:55	16.493	16.153	16.309	17.175	16.38	16.566	415.42	415.34
10:56:55	16.492	16.154	16.315	17.197	16.38	16.565	415.42	415.34
10:57:55	16.493	16.154	16.326	17.23	16.38	16.564	415.42	415.34
10:58:55	16.493	16.155	16.332	17.249	16.38	16.565	415.42	415.34
10:59:55	16.494	16.155	16.338	17.27	16.381	16.565	415.42	415.34
11:00:55	16.494	16.155	16.342	17.293	16.382	16.565	415.42	415.34
11:01:55	16.494	16.156	16.349	17.308	16.382	16.566	415.42	415.34
11:02:55	16.493	16.156	16.356	17.33	16.383	16.566	415.42	415.34
11:03:55	16.495	16.156	16.371	17.354	16.384	16.567	415.42	415.34
11:04:55	16.494	16.158	16.383	17.376	16.384	16.568	415.42	415.34
11:05:55	16.495	16.158	16.394	17.388	16.382	16.568	415.42	415.34
11:06:55	16.494	16.159	16.399	17.41	16.382	16.567	415.42	415.34
11:07:55	16.496	16.158	16.406	17.427	16.381	16.568	415.42	415.34
11:08:55	16.495	16.158	16.419	17.452	16.381	16.567	415.42	415.34
11:09:55	16.495	16.159	16.424	17.47	16.383	16.566	415.42	415.34
11:10:55	16.495	16.158	16.428	17.484	16.382	16.566	415.42	415.34
11:11:55	16.495	16.158	16.426	17.469	16.381	16.567	415.42	415.34
11:12:55	16.496	16.158	16.415	17.409	16.381	16.566	415.42	415.34
11:13:55	16.495	16.158	16.403	17.354	16.382	16.567	415.42	415.34
11:14:55	16.496	16.158	16.39	17.305	16.381	16.566	415.42	415.34
11:15:55	16.496	16.158	16.361	17.259	16.382	16.567	415.42	415.34
11:16:55	16.495	16.158	16.334	17.203	16.38	16.566	415.42	415.34
11:17:55	16.495	16.158	16.294	17.165	16.382	16.567	415.42	415.34
11:18:55	16.495	16.159	16.277	17.119	16.381	16.566	415.42	415.34
11:19:55	16.496	16.159	16.246	17.089	16.382	16.568	415.42	415.34
11:20:55	16.496	16.159	16.243	17.066	16.381	16.566	415.42	415.34
11:21:55	16.496	16.159	16.267	17.09	16.382	16.566	415.42	415.34
11:22:55	16.496	16.159	16.283	17.127	16.382	16.566	415.42	415.34
11:23:55	16.496	16.161	16.292	17.164	16.381	16.567	415.42	415.34
11:24:55	16.497	16.16	16.308	17.188	16.382	16.567	415.42	415.34
11:25:55	16.496	16.161	16.318	17.205	16.381	16.566	415.42	415.34
11:26:55	16.497	16.161	16.328	17.232	16.382	16.567	415.42	415.34
11:27:55	16.497	16.161	16.328	17.257	16.383	16.566	415.42	415.34
11:28:55	16.497	16.16	16.334	17.281	16.382	16.566	415.42	415.34
11:29:55	16.497	16.161	16.349	17.31	16.38	16.566	415.42	415.34
11:30:55	16.497	16.16	16.356	17.338	16.38	16.567	415.42	415.34
11:31:55	16.496	16.159	16.365	17.363	16.382	16.566	415.42	415.34
11:32:55	16.498	16.161	16.385	17.385	16.382	16.567	415.42	415.34
11:33:55	16.498	16.161	16.404	17.402	16.382	16.567	415.42	415.34
11:34:55	16.497	16.161	16.403	17.425	16.382	16.567	415.42	415.34
11:35:55	16.497	16.161	16.407	17.448	16.383	16.566	415.42	415.34
11:36:55	16.498	16.161	16.423	17.465	16.383	16.568	415.42	415.34
11:37:55	16.499	16.163	16.436	17.48	16.384	16.568	415.42	415.34
11:38:55	16.5	16.163	16.435	17.497	16.384	16.568	415.42	415.34
11:39:55	16.499	16.165	16.443	17.498	16.385	16.569	415.42	415.34
11:40:55	16.499	16.164	16.429	17.431	16.387	16.571	415.42	415.34
11:41:55	16.499	16.166	16.422	17.354	16.387	16.571	415.42	415.34
11:42:55	16.5	16.166	16.406	17.325	16.387	16.573	415.42	415.34
11:43:55	16.498	16.167	16.369	17.28	16.386	16.575	415.42	415.34
11:44:55	16.501	16.168	16.331	17.232	16.385	16.571	415.42	415.34
11:45:55	16.499	16.168	16.304	17.175	16.385	16.572	415.42	415.34
11:46:55	16.499	16.168	16.271	17.136	16.384	16.572	415.42	415.34
11:47:55	16.499	16.167	16.257	17.1	16.384	16.571	415.42	415.34
11:48:55	16.498	16.166	16.238	17.074	16.385	16.571	415.42	415.34
11:49:55	16.5	16.166	16.211	17.049	16.383	16.569	415.42	415.34
11:50:55	16.499	16.166	16.199	17.006	16.384	16.568	415.42	415.34
11:51:55	16.499	16.165	16.215	17.004	16.384	16.568	415.42	415.34
11:52:55	16.5	16.165	16.239	17.042	16.385	16.569	415.42	415.34
11:53:55	16.499	16.165	16.251	17.089	16.384	16.569	415.42	415.34
11:54:55	16.499	16.164	16.262	17.126	16.385	16.569	415.42	415.34
11:55:55	16.5	16.164	16.276	17.162	16.385	16.569	415.42	415.34
11:56:55	16.5	16.165	16.283	17.187	16.384	16.569	415.42	415.34
11:57:56	16.501	16.164	16.293	17.209	16.385	16.569	415.42	415.34
11:58:55	16.501	16.165	16.296	17.237	16.385	16.568	415.42	415.34
11:59:55	16.5	16.164	16.307	17.26	16.384	16.567	415.42	0.0
12:00:55	16.5	16.163	16.326	17.283	16.383	16.568	415.42	415.34
12:01:55	16.501	16.164	16.332	17.306	16.384	16.568	415.42	415.34
12:02:55	16.501	16.163	16.338	17.326	16.385	16.568	415.42	415.34
12:03:55	16.502	16.164	16.346	17.346	16.384	16.567	415.42	415.34
12:04:55	16.501	16.165	16.353	17.368	16.386	16.568	415.42	415.34
12:05:55	16.501	16.164	16.371	17.384	16.384	16.568	415.42	415.34
12:06:55	16.501	16.163	16.383	17.408	16.383	16.567	415.42	415.34
12:07:55	16.5	16.163	16.389	17.426	16.383	16.568	415.42	415.34
12:08:55	16.501	16.164	16.4	17.444	16.384	16.569	415.42	415.34
12:09:55	16.5	16.164	16.407	17.458	16.384	16.569	415.42	415.34
12:10:55	16.501	16.165	16.406	17.468	16.384	16.568	415.42	415.34
12:11:55	16.501	16.165	16.419	17.487	16.384	16.569	415.42	415.34
12:12:55	16.503	0.0	16.422	17.497	16.383	16.567	415.42	415.34
12:13:55	16.501	16.164	16.417	17.455	16.383	16.566	415.42	415.34
12:14:55	16.501	16.164	16.401	17.388	16.382	16.567	415.42	415.34
12:15:55	16.501	16.163	16.392	17.345	16.382	16.567	415.42	415.34
12:16:55	16.501	16.164	16.37	17.293	16.382	16.568	415.42	415.34
12:17:55	16.502	16.163	16.334	17.241	16.381	16.567	415.42	415.34
12:18:55	16.502	16.163	16.3	17.183	16.38	16.566	415.42	415.34
12:19:55	16.502	16.163	16.265	17.131	16.381	16.568	415.42	415.34
12:20:55	16.502	16.162	16.236	17.062	16.38	16.567	415.42	415.34
12:21:55	16.502	16.161	16.218	17.042	16.379	16.567	415.42	415.34
12:22:55	16.501	16.161	16.251	17.065	16.38	16.568	415.42	415.34
12:23:55	16.502	16.163	16.266	17.1	16.381	16.568	415.42	415.34
12:24:55	16.502	16.163	16.283	17.149	16.38	16.566	415.42	415.34
12:25:55	16.502	16.163	16.293	17.176	16.382	16.566	415.42	415.34
12:26:55	16.502	16.164	16.312	17.207	16.381	16.568	415.42	415.34
12:27:55	16.501	16.164	16.318	17.238	16.381	16.567	415.42	415.34
12:28:55	16.502	16.164	16.324	17.263	16.382	16.569	415.42	415.34
12:29:55	16.503	16.165	16.335	17.288	16.382	16.569	415.42	415.34
12:30:55	16.502	16.166	16.356	17.32	16.383	16.569	415.42	415.34
12:31:55	16.502	16.165	16.363	17.346	16.382	16.568	415.42	415.34
12:32:55	16.502	16.166	16.365	17.364	16.381	16.569	415.42	415.34
12:33:55	16.503	16.165	16.375	17.387	16.383	16.569	415.42	415.34
12:34:55	16.502	16.166	16.392	17.412	16.382	16.571	415.42	415.34
12:35:55	16.503	16.166	16.405	17.434	16.384	16.571	415.42	415.34
12:36:55	16.503	16.166	16.416	17.454	16.384	16.572	415.42	415.34
12:37:56	16.503	16.166	16.413	17.463	16.383	16.571	415.42	415.34
12:38:55	16.502	16.167	16.421	17.479	16.383	16.571	415.42	415.34
12:39:55	16.503	16.167	16.437	17.474	16.384	16.572	415.42	415.34
12:40:55	16.503	16.166	16.413	17.42	16.384	16.572	415.42	415.34
12:41:56	16.502	16.167	16.401	17.352	16.384	16.571	415.42	415.34
12:42:55	16.503	16.168	16.385	17.318	16.385	16.572	415.42	415.34
12:43:55	16.503	16.167	16.359	17.275	16.384	16.57	415.42	415.34
12:44:55	16.503	16.167	16.314	17.218	16.383	16.57	415.42	415.34
12:45:55	16.504	16.167	16.287	17.168	16.384	16.57	415.42	415.34
12:46:55	16.503	16.167	16.257	17.126	16.384	16.569	415.42	415.34
12:47:55	16.504	16.167	16.227	17.094	16.383	16.569	415.42	415.34
12:48:55	16.503	16.167	16.21	17.069	16.383	16.568	415.42	415.34
12:49:55	16.504	16.167	16.181	17.04	16.383	16.569	415.42	415.34
12:50:55	16.504	16.166	16.205	17.032	16.384	16.568	415.42	415.34
12:51:55	16.503	16.166	16.233	17.053	16.382	16.567	415.42	415.34
12:52:55	16.503	16.166	16.249	17.104	16.385	16.57	415.42	415.34
12:53:55	16.503	16.167	16.26	17.146	16.383	16.568	415.42	415.34
12:54:55	16.504	16.166	16.272	17.174	16.383	16.569	415.42	415.34
12:55:55	16.504	16.166	16.284	17.196	16.384	16.568	415.42	415.34
12:56:55	16.504	16.166	16.298	17.223	16.384	16.57	415.42	415.34
12:57:55	16.505	16.167	16.304	17.25	16.385	16.571	415.42	415.34
12:58:55	16.504	16.168	16.307	17.271	16.386	16.572	415.42	415.34
12:59:55	16.504	16.168	16.316	17.295	16.384	16.572	415.42	415.34
13:00:55	16.505	16.169	16.327	17.32	16.385	16.574	415.42	415.34
13:01:55	16.505	16.169	16.337	17.337	16.385	16.575	415.42	415.34
13:02:55	16.504	16.169	16.35	17.356	16.385	16.574	415.42	415.34
13:03:55	16.505	16.168	16.357	17.377	16.386	16.575	415.42	415.34
13:04:55	16.503	16.168	16.37	17.398	16.386	16.574	415.42	415.34
13:05:55	16.504	16.168	16.382	17.42	16.384	16.575	415.42	415.34
13:06:55	16.504	16.168	16.398	17.439	16.386	16.576	415.42	415.34
13:07:55	16.505	16.169	16.411	17.454	16.386	16.573	415.42	415.34
13:08:55	16.504	16.169	16.421	17.469	16.385	16.571	415.42	415.34
13:09:55	16.505	16.168	16.417	17.478	16.385	16.57	415.42	415.34
13:10:55	16.505	16.168	16.421	17.492	16.386	16.569	415.42	415.34
13:11:55	16.505	16.167	16.426	17.484	16.384	16.568	415.42	415.34
13:12:55	16.505	16.167	16.4	17.421	16.384	16.569	415.42	415.34
13:13:55	16.505	16.167	16.385	17.367	16.385	16.569	415.42	415.34
13:14:55	16.505	16.167	16.368	17.319	16.385	16.571	415.42	415.34
13:15:55	16.506	16.167	16.336	17.254	16.386	16.57	415.42	415.34
13:16:55	16.505	16.168	16.304	17.21	16.386	16.571	415.42	415.34
13:17:55	16.506	16.168	16.28	17.145	16.387	16.574	415.42	415.34
13:18:55	16.504	16.169	16.247	17.101	16.385	16.573	415.42	415.34
13:19:55	16.505	16.168	16.226	17.083	16.384	16.574	415.42	415.34
13:20:55	16.505	16.17	16.201	17.026	16.386	16.575	415.42	415.34
13:21:55	16.505	16.169	16.222	17.028	16.385	16.573	415.42	415.34
13:22:55	0.0	16.169	16.246	17.065	16.384	16.573	415.42	415.34
13:23:55	16.506	16.169	16.262	17.071	16.386	16.572	415.42	415.34
13:24:55	16.506	16.168	16.273	17.123	16.384	16.573	415.42	415.34
13:25:56	16.506	16.169	16.281	17.161	16.386	16.572	415.42	415.34
13:26:55	0.0	16.168	16.291	17.181	16.385	16.574	415.42	415.34
13:27:55	16.506	16.169	16.298	17.208	16.385	16.574	415.42	415.34
13:28:55	16.505	16.169	16.313	17.235	16.386	16.573	415.42	415.34
13:29:55	16.507	16.168	16.318	17.261	16.385	16.574	415.42	415.34
13:30:55	16.507	16.168	16.323	17.286	16.384	16.572	415.42	415.34
13:31:55	16.505	16.169	16.339	17.313	16.385	16.572	415.42	415.34
13:32:55	16.505	16.168	16.362	17.343	16.385	16.572	415.42	415.34
13:33:55	16.506	16.168	16.375	17.369	16.384	16.57	415.42	415.34
13:34:55	16.506	16.168	16.378	17.39	16.385	16.571	415.42	415.34
13:35:55	16.506	16.168	16.388	17.406	16.386	16.573	415.42	415.34
13:36:55	16.505	16.168	16.391	17.424	16.386	16.574	415.42	415.34
13:37:55	16.506	16.168	16.394	17.446	16.386	16.574	415.42	415.34
13:38:55	16.506	16.168	16.418	17.464	16.387	16.574	415.42	415.34
13:39:55	16.506	16.169	16.426	17.478	16.387	16.575	415.42	415.34
13:40:55	16.506	16.17	16.436	17.493	16.386	16.577	415.42	415.34
13:41:55	16.506	16.171	16.437	17.506	16.388	16.576	415.42	415.34
13:42:55	16.507	16.171	16.437	17.516	16.386	16.577	415.42	415.34
13:43:55	16.506	16.17	16.45	17.521	16.385	16.576	415.42	415.34
13:44:55	16.506	16.171	16.46	17.527	16.386	16.574	415.42	415.34
13:45:55	16.507	16.171	16.464	17.539	16.386	16.575	415.42	415.34
13:46:55	16.507	16.169	16.46	17.548	16.385	16.573	415.42	415.34
13:47:55	16.506	16.169	16.473	17.552	16.384	16.571	415.42	415.34
13:48:55	16.507	16.168	16.46	17.498	16.385	16.57	415.42	415.34
13:49:55	16.507	16.169	16.446	17.447	16.385	16.57	415.42	415.34
13:50:55	16.507	16.17	16.434	17.393	16.386	16.571	415.42	415.34
13:51:55	16.507	16.169	16.41	17.35	16.386	16.572	415.42	415.34
13:52:55	16.507	16.171	16.367	17.289	16.387	16.575	415.42	415.34
13:53:55	16.507	16.171	16.341	17.241	16.385	16.575	415.42	415.34
13:54:55	16.507	16.171	16.308	17.171	16.386	16.575	415.42	415.34
13:55:55	16.507	16.17	16.272	17.134	16.386	16.577	415.42	415.34
13:56:55	16.507	16.171	16.245	17.096	16.386	16.574	415.42	415.34
13:57:57	16.508	16.171	16.226	17.054	16.385	16.572	415.42	415.34
13:58:55	16.508	16.17	16.216	17.04	16.383	16.572	415.42	415.34
13:59:55	16.508	16.171	16.242	17.045	16.384	16.572	415.42	415.34
14:00:55	16.508	16.17	16.257	17.075	16.384	16.571	415.42	415.34
14:01:55	16.507	16.169	16.271	17.119	16.385	16.57	415.42	415.34
14:02:55	16.508	16.169	16.282	17.157	16.385	16.57	415.42	415.34
14:03:55	16.508	16.17	16.289	17.178	16.386	16.574	415.42	415.34
14:04:55	16.508	16.171	16.301	17.204	16.386	16.574	415.42	415.34
14:05:55	16.509	16.172	16.311	17.229	16.388	16.576	415.42	415.34
14:06:55	16.508	16.172	16.324	17.248	16.387	16.577	415.42	415.34
14:07:55	16.508	16.171	16.33	17.27	16.387	16.577	415.42	415.34
14:08:55	16.508	16.172	16.337	17.284	16.387	16.577	415.42	415.34
14:09:55	16.508	16.171	16.347	17.312	16.385	16.577	415.42	415.34
14:10:55	16.508	16.172	16.365	17.329	16.387	16.577	415.42	415.34
14:11:55	16.509	16.171	16.372	17.349	16.386	16.576	415.42	415.34
14:12:55	16.509	16.173	16.373	17.373	16.386	16.575	415.42	415.34
14:13:55	16.509	16.172	16.376	17.4	16.386	16.576	415.42	415.34
14:14:55	16.509	16.173	16.386	17.422	16.386	16.576	415.42	415.34
14:15:55	16.508	16.174	16.398	17.442	16.389	16.578	415.42	415.34
14:16:55	16.51	16.174	16.414	17.456	16.387	16.577	415.42	415.34
14:17:55	16.508	16.174	16.424	17.472	16.389	16.577	415.42	415.34
14:18:55	16.509	16.174	16.426	17.458	16.387	16.577	415.42	415.34
14:19:55	16.51	16.174	16.409	17.411	16.387	16.576	415.42	415.34
14:20:55	16.51	16.173	16.393	17.35	16.385	16.574	415.42	415.34
14:21:55	16.509	16.172	16.376	17.305	16.386	16.569	415.42	415.34
14:22:55	16.51	16.172	16.34	17.262	16.386	16.571	415.42	415.34
14:23:55	16.51	16.173	16.308	17.202	16.387	16.571	415.42	415.34
14:24:55	16.51	16.173	16.28	17.161	16.388	16.571	415.42	415.34
14:25:55	16.51	16.174	16.263	17.128	16.387	16.575	415.42	415.34
14:26:55	16.51	16.176	16.242	17.107	16.388	16.575	415.42	415.34
14:27:55	16.51	16.175	16.223	17.057	16.385	16.575	415.42	415.34
14:28:55	16.51	16.173	16.235	17.045	16.386	16.574	415.42	415.34
14:29:55	16.51	16.171	16.256	17.07	16.385	16.571	415.42	415.34
14:30:55	16.51	16.172	16.265	17.109	16.386	16.572	415.42	415.34
14:31:55	16.51	16.173	16.272	17.152	16.384	16.569	415.42	415.34
14:32:55	16.51	16.172	16.285	17.18	16.385	16.57	415.42	415.34
14:33:55	16.511	16.171	16.297	17.2	16.384	16.571	415.42	415.34
14:34:55	16.51	16.17	16.31	17.228	16.383	16.57	415.42	415.34
14:35:55	16.509	16.17	16.313	17.253	16.383	16.572	415.42	415.34
14:36:55	16.509	16.17	16.329	17.282	16.384	16.57	415.42	415.34
14:37:55	16.509	16.169	16.336	17.295	16.383	16.568	415.42	415.34
14:38:55	16.509	16.17	16.347	17.323	16.384	16.57	415.42	415.34
14:39:55	16.509	16.169	16.364	17.348	16.382	16.568	415.42	415.34
14:40:55	16.511	16.168	16.391	17.375	16.382	16.567	415.42	415.34
14:41:55	16.51	16.168	16.396	17.4	16.381	16.569	415.42	415.34
14:42:55	16.51	16.167	16.399	17.43	16.382	16.571	415.42	415.34
14:43:55	16.51	16.168	16.409	17.446	16.382	16.571	415.42	415.34
14:44:55	16.51	16.168	16.401	17.414	16.382	16.569	415.42	415.34
14:45:55	16.511	16.168	16.38	17.335	16.383	16.569	415.42	415.34
14:46:55	16.511	16.169	16.364	17.301	16.385	16.573	415.42	415.34
14:47:55	16.511	16.172	16.337	17.271	16.387	16.573	415.42	415.34
14:48:55	16.511	16.171	16.305	17.227	16.383	16.573	415.42	415.34
14:49:55	16.51	16.171	16.274	17.185	16.383	16.573	415.42	415.34
14:50:55	16.511	16.171	16.262	17.147	16.383	16.572	415.42	415.34
14:51:55	16.511	16.172	16.242	17.067	16.386	16.573	415.42	415.34
14:52:55	0.0	16.174	16.225	17.046	16.386	16.571	415.42	415.34
14:53:55	16.511	16.173	16.216	17.027	16.385	16.572	415.42	415.34
14:54:55	16.511	16.172	16.237	17.029	16.383	16.572	415.42	415.34
14:55:55	16.511	16.171	16.251	17.071	16.385	16.573	415.42	415.34
14:56:55	16.512	16.173	16.263	17.102	16.384	16.571	415.42	415.34
14:57:55	16.511	16.173	16.271	17.14	16.386	16.572	415.42	415.34
14:58:55	16.511	16.173	16.284	17.176	16.386	16.571	415.42	415.34
14:59:55	16.512	16.175	16.298	17.214	16.387	16.573	415.42	415.34
15:00:55	16.511	16.176	16.302	17.24	16.387	16.576	415.42	415.34
15:01:55	16.512	16.177	16.31	17.262	16.389	16.577	415.42	415.34
15:02:55	16.511	16.176	16.324	17.291	16.387	16.577	415.42	415.34
15:03:55	16.511	16.175	16.338	17.316	16.387	16.578	415.42	415.34
15:04:55	16.511	16.176	16.345	17.341	16.386	16.577	415.42	415.34
15:05:55	16.512	16.175	16.361	17.381	16.387	16.576	415.42	415.34
15:06:55	16.512	16.174	16.373	17.405	16.385	16.573	415.42	415.34
15:07:55	16.512	16.174	16.378	17.426	16.384	16.568	415.42	415.34
15:08:55	16.512	16.172	16.397	17.45	16.386	16.572	415.42	415.34
15:09:55	16.512	16.175	16.401	17.471	16.388	16.573	415.42	415.34
15:10:55	16.511	16.175	16.417	17.484	16.387	16.575	415.42	415.34
15:11:56	16.512	16.176	16.429	17.501	16.39	16.579	415.42	415.34
15:12:55	16.512	16.178	16.432	17.507	16.391	16.58	415.42	415.34
15:13:55	16.512	16.18	16.433	17.467	16.39	16.581	415.42	415.34
15:14:56	16.511	16.18	16.414	17.408	16.391	16.58	415.42	415.34
15:15:55	16.512	16.181	16.4	17.364	16.392	16.58	415.42	415.34
15:16:56	16.513	16.18	16.375	17.313	16.392	16.581	415.42	415.34
15:17:55	16.513	16.182	16.336	17.273	16.39	16.578	415.42	415.34
15:18:56	16.512	16.181	16.297	17.203	16.388	16.579	415.42	415.34
15:19:56	16.512	16.181	16.269	17.154	16.388	16.578	415.42	415.34
15:20:56	16.512	16.178	16.239	17.09	16.387	16.577	415.42	415.34
15:21:56	16.512	16.176	16.222	17.031	16.385	16.575	415.42	415.34
15:22:56	16.512	16.176	16.201	17.031	16.387	16.571	415.42	415.34
15:23:56	16.513	16.173	16.223	17.034	16.385	16.569	415.42	415.34
15:24:56	16.512	16.174	16.24	17.072	16.386	16.571	415.42	415.34
15:25:56	16.512	16.174	16.251	17.114	16.388	16.572	415.42	415.34
15:26:56	0.0	16.175	16.27	17.157	16.388	16.572	415.42	415.34
15:27:56	16.512	16.176	16.285	17.186	16.389	16.574	415.42	415.34
15:28:55	16.513	16.176	16.29	17.185	16.39	16.577	415.42	415.34
15:29:56	16.512	16.177	16.303	17.218	16.389	16.577	415.42	415.34
15:30:56	16.513	16.178	16.311	17.243	16.389	16.579	415.42	415.34
15:31:56	16.511	16.178	16.311	17.266	16.388	16.577	415.42	415.34
15:32:55	16.512	16.176	16.327	17.291	16.385	16.577	415.42	415.34
15:33:55	16.512	16.175	16.355	17.326	16.387	16.575	415.42	415.34
15:34:55	16.511	16.175	16.364	17.354	16.385	16.571	415.42	415.34
15:35:55	16.513	16.174	16.371	17.378	16.386	16.57	415.42	415.34
15:36:56	16.513	16.174	16.379	17.398	16.387	16.572	415.42	415.34
15:37:56	16.513	16.173	16.394	17.418	16.386	16.571	415.42	415.34
15:38:55	16.513	16.173	16.41	17.44	16.386	16.571	415.42	415.34
15:39:55	16.513	16.173	16.411	17.455	16.386	16.571	415.42	415.34
15:40:56	16.513	16.172	16.414	17.469	16.387	16.573	415.42	415.34
15:41:55	16.512	16.173	16.416	17.49	16.387	16.572	415.42	415.34
15:42:55	16.513	16.173	16.439	17.5	16.387	16.571	415.42	415.34
15:43:56	16.513	16.173	16.444	17.513	16.385	16.571	415.42	415.34
15:44:56	16.513	16.174	16.439	17.522	16.386	16.572	415.42	415.34
15:45:55	16.512	16.173	16.441	17.517	16.386	16.573	415.42	415.34
15:46:56	16.513	16.173	16.427	17.463	16.388	16.572	415.42	415.34
15:47:55	16.512	16.173	16.41	17.399	16.386	16.571	415.42	415.34
15:48:55	16.514	16.173	16.395	17.361	16.384	16.569	415.42	415.34
15:49:55	16.513	16.171	16.379	17.311	16.385	16.571	415.42	415.34
15:50:56	16.513	16.171	16.342	17.265	16.384	16.57	415.42	415.34
15:51:56	16.513	16.171	16.309	17.22	16.383	16.571	415.42	415.34
15:52:55	16.513	16.171	16.286	17.163	16.385	16.571	415.42	415.34
15:53:56	16.513	16.172	16.254	17.13	16.386	16.571	415.42	415.34
15:54:55	16.514	16.174	16.228	17.097	16.385	16.573	415.42	415.34
15:55:55	16.514	16.173	16.217	17.052	16.387	16.575	415.42	415.34
15:56:56	16.513	16.174	16.204	17.028	16.387	16.577	415.42	415.34
15:57:55	16.513	16.174	16.204	16.989	16.386	16.577	415.42	415.34
15:58:56	16.513	16.173	16.222	17.024	16.386	16.577	415.42	415.34
15:59:55	16.514	16.175	16.237	17.064	16.385	16.576	415.42	415.34
16:00:55	16.514	16.175	16.254	17.109	16.387	16.576	415.42	415.34
16:01:55	16.514	16.176	16.264	17.135	16.386	16.576	415.42	415.34
16:02:56	16.513	16.175	16.27	17.153	16.385	16.575	415.42	415.34
16:03:56	16.513	16.174	16.281	17.175	16.386	16.574	415.42	415.34
16:04:56	16.513	16.173	16.293	17.182	16.384	16.574	415.42	415.34
16:05:56	16.514	16.173	16.293	17.209	16.384	16.572	415.42	415.34
16:06:55	16.514	16.173	16.301	17.242	16.384	16.569	415.42	415.34
16:07:55	16.514	16.172	16.315	17.27	16.385	16.572	415.42	415.34
16:08:56	16.514	16.173	16.314	17.29	16.386	16.572	415.42	415.34
16:09:55	16.514	16.172	16.323	17.314	16.384	16.572	415.42	415.34
16:10:55	16.514	16.173	16.332	17.338	16.384	16.573	415.42	415.34
16:11:56	16.514	16.172	16.352	17.36	16.383	16.573	415.42	415.34
16:12:55	16.513	16.172	16.371	17.389	16.384	16.571	415.42	415.34
16:13:56	16.513	16.173	16.391	17.412	16.385	16.571	415.42	415.34
16:14:56	16.513	16.173	16.397	17.431	16.384	16.571	415.42	415.34
16:15:55	16.513	16.173	16.403	17.447	16.383	16.57	415.42	415.34
16:16:55	16.514	16.172	16.424	17.461	16.383	16.572	415.42	415.34
16:17:56	16.515	16.172	16.431	17.475	16.382	16.571	415.42	415.34
16:18:56	16.514	16.171	16.438	17.493	16.381	16.571	415.42	415.34
16:19:55	16.514	16.171	16.435	17.509	16.383	16.57	415.42	415.34
16:20:56	16.513	16.172	16.418	17.451	16.384	16.572	415.42	415.34
16:21:55	16.514	16.171	16.397	17.392	16.385	16.571	415.42	415.34
16:22:56	16.514	16.171	16.384	17.346	16.383	16.572	415.42	415.34
16:23:56	16.514	16.173	16.356	17.296	16.384	16.574	415.42	0.0
16:24:56	16.514	16.172	16.323	17.234	16.384	16.574	415.42	415.34
16:25:55	16.514	16.172	16.288	17.189	16.383	16.571	415.42	415.34
16:26:56	16.515	16.172	16.26	17.141	16.383	16.57	415.42	415.34
16:27:56	16.515	16.171	16.231	17.1	16.382	16.57	415.42	415.34
16:28:56	16.515	16.17	16.212	17.066	16.382	16.569	415.42	415.34
16:29:56	16.514	16.169	16.203	17.038	16.381	16.568	415.42	415.34
16:30:56	16.514	16.169	16.227	17.039	16.38	16.569	415.42	415.34
16:31:56	16.513	16.169	16.244	17.077	16.38	16.568	415.42	415.34
16:32:56	16.514	16.168	16.259	17.096	16.38	16.569	415.42	415.34
16:33:55	16.514	16.168	16.267	17.137	16.381	16.572	415.42	415.34
16:34:56	16.513	16.168	16.274	17.15	16.381	16.569	415.42	415.34
16:35:56	16.514	16.168	16.28	17.178	16.38	16.569	415.42	415.34
16:36:56	16.514	16.168	16.291	17.212	16.38	16.569	415.42	415.34
16:37:56	16.515	16.168	16.298	17.218	16.38	16.569	415.42	415.34
16:38:56	16.514	16.169	16.315	17.257	16.38	16.569	415.42	415.34
16:39:56	16.514	16.167	16.327	17.288	16.379	16.568	415.42	415.34
16:40:55	16.515	16.168	16.332	17.317	16.378	16.566	415.42	415.34
16:41:56	16.514	16.168	16.343	17.347	16.38	16.569	415.42	415.34
16:42:56	16.515	16.168	16.352	17.377	16.381	16.57	415.42	415.34
16:43:56	16.515	16.169	16.36	17.399	16.382	16.571	415.42	415.34
16:44:55	16.514	16.169	16.384	17.413	16.381	16.572	415.42	415.34
16:45:55	16.514	16.169	16.383	17.437	16.38	16.571	415.42	415.34
16:46:55	16.514	16.169	16.392	17.458	16.382	16.572	415.42	415.34
16:47:55	16.515	16.169	16.423	17.475	16.382	16.571	415.42	415.34
16:48:56	16.514	16.17	16.445	17.489	16.38	16.568	415.42	415.34
16:49:56	16.514	16.168	16.441	17.498	16.379	16.568	415.42	415.34
16:50:56	16.514	16.169	16.464	17.513	16.379	16.569	415.42	415.34
16:51:55	16.514	16.169	16.462	17.521	16.38	16.571	415.42	415.34
16:52:56	16.514	16.17	16.457	17.531	16.382	16.572	415.42	415.34
16:53:56	16.514	16.171	16.456	17.539	16.382	16.57	415.42	415.34
16:54:56	16.515	16.171	16.46	17.545	16.381	16.57	415.42	415.34
16:55:55	16.515	16.171	16.448	17.492	16.382	16.572	415.42	415.34
16:56:56	16.515	16.17	16.433	17.421	16.383	16.574	415.42	415.34
16:57:55	16.514	16.171	16.421	17.372	16.384	16.572	415.42	415.34
16:58:56	16.516	16.171	16.391	17.296	16.384	16.572	415.42	415.34
16:59:56	16.513	16.172	16.358	17.259	16.383	16.572	415.42	415.34
17:00:56	16.515	16.172	16.326	17.206	16.383	16.574	415.42	415.34
17:01:56	16.515	16.173	16.297	17.14	16.384	16.574	415.42	415.34
17:02:56	16.514	16.173	16.273	17.11	16.384	16.574	415.42	415.34
17:03:56	16.514	16.174	16.25	17.089	16.383	16.575	415.42	415.34
17:04:56	16.515	16.172	16.228	17.03	16.381	16.573	415.42	415.34
17:05:56	16.514	16.172	16.212	17.022	16.382	16.573	415.42	415.34
17:06:55	16.514	16.171	16.228	17.015	16.384	16.571	415.42	415.34
17:07:56	16.514	16.171	16.246	17.055	16.38	16.57	415.42	415.34
17:08:56	16.514	16.171	16.262	17.093	16.383	16.57	415.42	415.34
17:09:55	16.515	16.171	16.274	17.126	16.383	16.57	415.42	415.34
17:10:56	16.515	16.17	16.282	17.154	16.382	16.569	415.42	415.34
17:11:55	16.515	16.171	16.292	17.184	16.382	16.571	415.42	415.34
17:12:56	16.514	16.169	16.298	17.209	16.381	16.571	415.42	415.34
17:13:56	16.515	16.172	16.307	17.227	16.383	16.571	415.42	415.34
17:14:56	16.515	16.171	16.312	17.251	16.384	16.571	415.42	415.34
17:15:56	16.516	16.171	16.32	17.272	16.382	16.569	415.42	415.34
17:16:55	16.514	16.169	16.329	17.289	16.38	16.57	415.42	415.34
17:17:55	16.515	16.168	16.34	17.322	16.379	16.57	415.42	415.34
17:18:56	16.515	0.0	16.347	17.34	16.381	16.57	415.42	415.34
17:19:56	16.515	16.17	16.364	17.362	16.382	16.573	415.42	415.34
17:20:55	16.515	16.171	16.387	17.388	16.384	16.572	415.42	415.34
17:21:56	16.515	16.172	16.405	17.414	16.385	16.573	415.42	415.34
17:22:56	16.516	16.174	16.402	17.431	16.385	16.575	415.42	415.34
17:23:55	16.516	16.174	16.406	17.45	16.384	16.575	415.42	415.34
17:24:56	16.515	16.173	16.421	17.469	16.385	16.577	415.42	415.34
17:25:55	16.516	16.174	16.422	17.49	16.386	16.576	415.42	415.34
17:26:56	16.515	16.175	16.427	17.502	16.384	16.574	415.42	415.34
17:27:56	16.514	16.174	16.426	17.513	16.383	16.574	415.42	415.34
17:28:56	16.516	16.173	16.431	17.522	16.383	16.573	415.42	415.34
17:29:56	16.515	16.174	16.442	17.53	16.384	16.571	415.42	415.34
17:30:56	16.514	16.174	16.456	17.544	16.385	16.571	415.42	415.34
17:31:55	16.515	16.174	16.464	17.541	16.386	16.573	415.42	415.34
17:32:55	16.515	16.174	16.443	17.479	16.385	16.575	415.42	415.34
17:33:56	16.516	16.173	16.427	17.399	16.384	16.575	415.42	415.34
17:34:56	16.515	16.173	16.413	17.356	16.384	16.573	415.42	415.34
17:35:56	16.516	16.173	16.376	17.301	16.384	16.573	415.42	415.34
17:36:56	16.515	16.173	16.338	17.244	16.383	16.572	415.42	415.34
17:37:56	16.516	16.173	16.311	17.165	16.384	16.57	415.42	415.34
17:38:55	16.515	16.174	16.282	17.128	16.384	16.57	415.42	415.34
17:39:56	16.516	16.173	16.254	17.107	16.383	16.569	415.42	415.34
17:40:55	16.515	16.173	16.232	17.058	16.383	16.572	415.42	415.34
17:41:56	16.516	16.173	16.22	17.039	16.383	16.573	415.42	415.34
17:42:56	16.516	16.173	16.224	17.035	16.382	16.571	415.42	415.34
17:43:56	16.516	16.171	16.243	17.045	16.381	16.568	415.42	415.34
17:44:56	16.515	16.171	16.259	17.078	16.38	16.568	415.42	415.34
17:45:56	16.517	16.171	16.274	17.12	16.379	16.568	415.42	415.34
17:46:56	16.516	16.17	16.288	17.141	16.381	16.569	415.42	415.34
17:47:56	16.516	16.171	16.291	17.167	16.381	16.57	415.42	415.34
17:48:55	16.516	16.17	16.294	17.197	16.38	16.568	415.42	415.34
17:49:56	16.516	16.171	16.301	17.224	16.381	16.57	415.42	415.34
17:50:56	16.516	16.17	16.307	17.241	16.38	16.57	415.42	415.34
17:51:57	16.517	16.169	16.31	17.268	16.381	16.57	415.42	415.34
17:52:56	16.516	16.171	16.322	17.282	16.38	16.569	415.42	415.34
17:53:55	16.516	16.172	16.336	17.311	16.383	16.572	415.42	415.34
17:54:56	16.517	16.173	16.343	17.334	16.383	16.571	415.42	415.34
17:55:56	16.516	16.173	16.351	17.356	16.383	16.573	415.42	415.34
17:56:56	16.516	16.174	16.362	17.38	16.383	16.574	415.42	415.34
17:57:56	16.516	16.174	16.377	17.402	16.382	16.574	415.42	415.34
17:58:56	16.518	16.173	16.389	17.426	16.381	16.573	415.42	415.34
17:59:55	16.516	16.172	16.408	17.443	16.381	16.571	415.42	415.34
18:00:56	16.517	16.172	16.419	17.464	16.379	16.569	415.42	415.34
18:01:55	16.516	16.169	16.418	17.476	16.376	16.566	415.42	415.34
18:02:56	16.516	16.169	16.427	17.491	16.378	16.567	415.42	415.34
18:03:56	16.516	16.169	16.442	17.497	16.378	16.567	415.42	415.34
18:04:56	16.517	16.168	16.428	17.463	16.378	16.569	415.42	415.34
18:05:56	16.516	16.169	16.414	17.399	16.378	16.57	415.42	415.34
18:06:56	16.517	16.169	16.404	17.362	16.379	16.57	415.42	415.34
18:07:56	16.517	16.169	16.385	17.319	16.379	16.569	415.42	415.34
18:08:56	16.516	16.169	16.343	17.236	16.38	16.568	415.42	415.34
18:09:56	16.517	16.169	16.305	17.183	16.377	16.568	415.42	415.34
18:10:56	16.516	16.168	16.282	17.108	16.376	16.566	415.42	415.34
18:11:56	16.517	16.168	16.264	17.091	16.376	16.568	415.42	415.34
18:12:56	16.516	16.168	16.242	17.053	16.377	16.568	415.42	415.34
18:13:56	16.517	16.168	16.218	17.04	16.377	16.568	415.42	415.34
18:14:56	16.517	16.168	16.235	17.043	16.379	16.57	415.42	415.34
18:15:56	16.516	16.169	16.247	17.074	16.378	16.57	415.42	415.34
18:16:56	16.517	16.171	16.262	17.114	16.378	16.569	415.42	415.34
18:17:56	16.517	16.17	16.275	17.141	16.38	16.569	415.42	415.34
18:18:56	16.517	16.172	16.284	17.166	16.381	16.571	415.42	415.34
18:19:56	16.517	16.172	16.299	17.193	16.382	16.569	415.42	415.34
18:20:56	16.517	16.171	16.307	17.216	16.379	16.567	415.42	415.34
18:21:56	16.518	16.171	16.316	17.246	16.381	16.568	415.42	415.34
18:22:56	16.517	16.171	16.326	17.253	16.379	16.568	415.42	415.34
18:23:56	16.517	16.171	16.331	17.275	16.377	16.568	415.42	415.34
18:24:56	16.517	16.17	16.341	17.299	16.378	16.567	415.42	415.34
18:25:56	16.517	16.168	16.356	17.33	16.377	16.568	415.42	415.34
18:26:56	16.517	16.17	16.363	17.362	16.379	16.569	415.42	415.34
18:27:56	16.516	16.169	16.376	17.393	16.38	16.571	415.42	415.34
18:28:56	16.517	16.171	16.386	17.419	16.38	16.568	415.42	415.34
18:29:56	16.517	16.171	16.392	17.441	16.381	16.569	415.42	415.34
18:30:56	16.517	16.172	16.401	17.453	16.382	16.569	415.42	415.34
18:31:56	16.519	16.173	16.404	17.471	16.381	16.571	415.42	415.34
18:32:56	16.517	16.172	16.421	17.485	16.382	16.571	415.42	415.34
18:33:56	16.517	16.172	16.424	17.495	16.38	16.569	415.42	415.34
18:34:56	16.518	16.172	16.433	17.505	16.38	16.568	415.42	415.34
18:35:56	16.517	16.171	16.44	17.519	16.379	16.57	415.42	415.34
18:36:56	16.517	16.171	16.448	17.522	16.379	16.57	415.42	415.34
18:37:56	16.517	16.172	16.441	17.472	16.381	16.569	415.42	415.34
18:38:56	16.517	16.171	16.425	17.391	16.378	16.568	415.42	415.34
18:39:56	16.516	16.17	16.415	17.364	16.377	16.566	415.42	415.34
18:40:56	16.517	16.168	16.389	17.318	16.376	16.566	415.42	415.34
18:41:56	16.517	16.168	16.345	17.269	16.377	16.566	415.42	415.34
18:42:56	16.517	16.167	16.312	17.222	16.376	16.568	415.42	415.34
18:43:56	16.517	16.168	16.287	17.152	16.376	16.567	415.42	415.34
18:44:56	16.517	16.168	16.266	17.12	16.376	16.567	415.42	415.34
18:45:56	16.516	16.168	16.242	17.089	16.376	16.57	415.42	415.34
18:46:56	16.517	16.168	16.222	17.056	16.375	16.567	415.42	415.34
18:47:56	16.517	16.166	16.206	17.034	16.373	16.565	415.42	415.34
18:48:56	16.517	16.166	16.203	17.011	16.374	16.565	415.42	415.34
18:49:56	16.517	16.165	16.225	17.024	16.374	16.566	415.42	415.34
18:50:56	16.516	16.165	16.241	17.058	16.375	16.567	415.42	415.34
18:51:56	16.517	16.165	16.251	17.093	16.375	16.567	415.42	415.34
18:52:56	16.517	16.167	16.267	17.129	16.379	16.568	415.42	415.34
18:53:56	16.518	16.169	16.277	17.159	16.378	16.569	415.42	415.34
18:54:56	16.518	16.17	16.286	17.177	16.378	16.568	415.42	415.34
18:55:56	16.518	16.17	16.291	17.207	16.38	16.57	415.42	415.34
18:56:56	16.518	16.171	16.3	17.237	16.379	16.571	415.42	415.34
18:57:56	16.517	16.172	16.306	17.258	16.381	16.57	415.42	415.34
18:58:56	16.517	16.171	16.314	17.283	16.377	16.569	415.42	415.34
18:59:56	16.516	16.171	16.332	17.309	16.377	16.568	415.42	415.34
19:00:56	16.519	16.171	16.338	17.333	16.381	16.572	415.42	415.34
19:01:56	16.517	16.173	16.349	17.357	16.381	16.574	415.42	415.34
19:02:56	16.518	16.172	16.361	17.374	16.379	16.57	415.42	415.34
19:03:56	16.518	16.172	16.361	17.393	16.38	16.571	415.42	415.34
19:04:56	16.517	16.172	16.378	17.418	16.381	16.572	415.42	415.34
19:05:56	16.517	16.171	16.392	17.437	16.381	16.57	415.42	415.34
19:06:56	16.517	16.171	16.396	17.453	16.378	16.569	415.42	415.34
19:07:56	16.518	16.171	16.403	17.47	16.378	16.569	415.42	415.34
19:08:56	16.518	16.171	16.419	17.487	16.379	16.568	415.42	415.34
19:09:56	16.518	16.171	16.43	17.496	16.381	16.57	415.42	415.34
19:10:56	16.517	16.172	16.412	17.44	16.378	16.57	415.42	415.34
19:11:56	16.518	16.171	16.397	17.375	16.378	16.568	415.42	415.34
19:12:56	16.518	16.17	16.386	17.331	16.376	16.568	415.42	415.34
19:13:56	16.517	16.169	16.357	17.279	16.377	16.568	415.42	415.34
19:14:56	16.518	16.168	16.327	17.226	16.377	16.567	415.42	415.34
19:15:56	16.517	16.166	16.297	17.184	16.376	16.567	415.42	415.34
19:16:56	16.517	16.168	16.268	17.137	16.374	16.567	415.42	415.34
19:17:56	16.517	16.167	16.243	17.092	16.374	16.569	415.42	415.34
19:18:56	16.517	16.166	16.212	17.05	16.375	16.57	415.42	415.34
19:19:56	16.517	16.167	16.192	16.998	16.377	16.57	415.42	415.34
19:20:56	16.517	16.167	16.204	16.998	16.376	16.568	415.42	415.34
19:21:56	16.518	16.168	16.228	17.038	16.376	16.569	415.42	415.34
19:22:56	16.517	16.168	16.237	17.078	16.377	16.567	415.42	415.34
19:23:56	16.518	16.168	16.251	17.106	16.378	16.569	415.42	415.34
19:24:56	16.517	16.167	16.26	17.146	16.378	16.567	415.42	415.34
19:25:56	16.517	16.167	16.269	17.174	16.377	16.568	415.42	415.34
19:26:56	16.517	16.168	16.282	17.203	16.376	16.569	415.42	415.34
19:27:56	16.517	16.168	16.287	17.229	16.377	16.568	415.42	415.34
19:28:56	16.518	16.168	16.305	17.253	16.377	16.568	415.42	415.34
19:29:56	16.518	16.167	16.318	17.277	16.376	16.566	415.42	415.34
19:30:56	16.517	16.168	16.338	17.3	16.376	16.567	415.42	415.34
19:31:56	16.517	16.168	16.347	17.32	16.376	16.568	415.42	415.34
19:32:56	16.517	16.167	16.354	17.344	16.375	16.568	415.42	415.34
19:33:56	16.518	16.168	16.355	17.368	16.374	16.567	415.42	415.34
19:34:56	16.517	16.166	16.369	17.392	16.374	16.567	415.42	415.34
19:35:56	16.518	16.165	16.376	17.422	16.376	16.568	415.42	415.34
19:36:56	16.517	16.167	16.396	17.441	16.375	16.568	415.42	415.34
19:37:56	16.517	16.166	16.399	17.463	16.376	16.566	415.42	415.34
19:38:56	16.517	16.166	16.402	17.472	16.375	16.566	415.42	415.34
19:39:56	16.517	16.165	16.401	17.485	16.376	16.566	415.42	415.34
19:40:56	16.516	16.165	16.4	17.494	16.374	16.567	415.42	415.34
19:41:56	16.517	16.166	16.415	17.508	16.375	16.567	415.42	415.34
19:42:56	16.517	16.165	16.424	17.52	16.375	16.567	415.42	415.34
19:43:56	16.516	16.165	16.426	17.524	16.375	16.566	415.42	415.34
19:44:56	16.516	16.165	16.43	17.534	16.372	16.565	415.42	415.34
19:45:56	16.517	16.163	16.447	17.546	16.375	16.566	415.42	415.34
19:46:56	16.516	16.164	16.451	17.51	16.374	16.569	415.42	415.34
19:47:56	16.517	16.165	16.429	17.45	16.376	16.568	415.42	415.34
19:48:56	16.516	16.164	16.415	17.393	16.375	16.566	415.42	415.34
19:49:56	16.516	16.165	16.396	17.342	16.375	16.567	415.42	415.34
19:50:56	16.516	16.165	16.359	17.279	16.374	16.568	415.42	415.34
19:51:56	16.516	16.167	16.329	17.232	16.377	16.57	415.42	415.34
19:52:56	16.517	16.167	16.298	17.186	16.376	16.568	415.42	415.34
19:53:56	16.515	16.166	16.295	17.132	16.376	16.567	415.42	415.34
19:54:56	16.516	16.167	16.31	17.137	16.376	16.568	415.42	415.34
19:55:57	16.516	16.165	16.318	17.162	16.376	16.568	415.42	415.34
19:56:56	16.517	16.166	16.333	17.19	16.375	16.568	415.42	415.34
19:57:56	16.516	16.166	16.344	17.216	16.374	16.568	415.42	415.34
19:58:56	16.516	16.166	16.355	17.249	16.375	16.57	415.42	415.34
19:59:56	16.516	16.166	16.361	17.281	16.376	16.57	415.42	415.34
20:00:56	16.517	16.169	16.365	17.316	16.377	16.57	415.42	415.34
20:01:56	16.516	16.168	16.376	17.35	16.377	16.569	415.42	415.34
20:02:56	16.516	16.169	16.39	17.379	16.377	16.571	415.42	415.34
20:03:56	16.516	16.169	16.401	17.409	16.377	16.568	415.42	415.34
20:04:56	16.517	16.168	16.419	17.435	16.376	16.569	415.42	415.34
20:05:56	16.516	16.169	16.433	17.454	16.376	16.568	415.42	415.34
20:06:56	16.516	16.166	16.446	17.472	16.375	16.568	415.42	415.34
20:07:56	16.515	16.166	16.448	17.488	16.374	16.569	415.42	415.34
20:08:56	16.515	16.165	16.445	17.49	16.375	16.569	415.42	415.34
20:09:56	16.516	16.164	16.426	17.429	16.374	16.57	415.42	415.34
20:10:56	16.516	16.163	16.42	17.386	16.374	16.569	415.42	415.34
20:11:56	16.515	16.164	16.409	17.324	16.375	16.57	415.42	415.34
20:12:56	16.516	16.165	16.379	17.275	16.376	16.568	415.42	415.34
20:13:56	16.517	16.167	16.338	17.206	16.378	16.568	415.42	415.34
20:14:56	16.518	16.166	16.31	17.158	16.376	16.568	415.42	415.34
20:15:56	16.516	16.167	16.283	17.129	16.376	16.569	415.42	415.34
20:16:56	16.516	16.166	16.25	17.09	16.375	16.57	415.42	415.34
20:17:56	16.517	16.166	16.213	17.028	16.375	16.57	415.42	415.34
20:18:56	16.516	16.165	16.205	17.013	16.374	16.567	415.42	415.34
20:19:56	16.517	16.166	16.234	17.011	16.375	16.568	415.42	415.34
20:20:56	16.517	16.166	16.253	17.065	16.375	16.568	415.42	415.34
20:21:56	16.516	16.166	16.269	17.113	16.377	16.568	415.42	415.34
20:22:56	16.516	16.168	16.282	17.143	16.377	16.569	415.42	415.34
20:23:56	16.517	16.168	16.288	17.158	16.377	16.568	415.42	415.34
20:24:56	16.516	16.169	16.302	17.186	16.379	16.57	415.42	415.34
20:25:56	16.516	16.168	16.309	17.212	16.378	16.57	415.42	415.34
20:26:56	16.517	16.169	16.309	17.241	16.381	16.571	415.42	415.34
20:27:56	16.517	16.17	16.326	17.273	16.38	16.571	415.42	415.34
20:28:56	16.517	16.169	16.327	17.293	16.381	16.57	415.42	415.34
20:29:56	16.517	16.171	16.335	17.318	16.378	16.571	415.42	415.34
20:30:56	16.517	16.172	16.354	17.35	16.379	16.571	415.42	415.34
20:31:56	16.517	16.17	16.364	17.371	16.378	16.571	415.42	415.34
20:32:56	16.518	16.169	16.375	17.393	16.378	16.569	415.42	415.34
20:33:56	16.518	16.169	16.396	17.417	16.376	16.568	415.42	415.34
20:34:58	16.518	16.168	16.406	17.435	16.376	16.568	415.42	415.34
20:35:56	16.517	16.166	16.41	17.454	16.375	16.567	415.42	415.34
20:36:56	16.517	16.165	16.42	17.472	16.374	16.565	415.42	415.34
20:37:56	16.517	16.164	16.417	17.488	16.375	16.566	415.42	415.34
20:38:56	16.517	16.163	16.413	17.469	16.371	16.565	415.42	415.34
20:39:57	16.516	16.162	16.401	17.402	16.372	16.565	415.42	415.34
20:40:56	0.0	16.163	16.391	17.344	16.373	16.568	415.42	415.34
20:41:56	16.517	16.164	16.373	17.311	16.376	16.57	415.42	415.34
20:42:56	16.517	16.167	16.34	17.262	16.377	16.569	415.42	415.34
20:43:56	16.517	16.167	16.306	17.201	16.376	16.567	415.42	415.34
20:44:56	16.518	16.167	16.275	17.168	16.375	16.567	415.42	415.34
20:45:56	16.517	16.168	16.248	17.119	16.378	16.569	415.42	415.34
20:46:56	16.518	16.169	16.225	17.077	16.378	16.568	415.42	415.34
20:47:56	16.517	16.167	16.204	17.043	16.377	16.566	415.42	415.34
20:48:56	16.517	16.168	16.21	17.026	16.377	16.569	415.42	415.34
20:49:56	16.517	16.168	16.233	17.034	16.375	16.566	415.42	415.34
20:50:56	16.516	16.167	16.245	17.08	16.374	16.566	415.42	415.34
20:51:56	16.517	16.165	16.261	17.109	16.372	16.565	415.42	415.34
20:52:56	16.517	16.165	16.272	17.141	16.373	16.567	415.42	415.34
20:53:56	16.517	16.164	16.28	17.165	16.374	16.568	415.42	415.34
20:54:56	16.515	16.164	16.285	17.195	16.373	16.569	415.42	415.34
20:55:56	16.517	16.164	16.294	17.216	16.376	16.57	415.42	415.34
20:56:56	16.517	16.166	16.307	17.25	16.377	16.57	415.42	415.34
20:57:56	16.517	16.167	16.331	17.287	16.378	16.57	415.42	415.34
20:58:56	16.517	16.169	16.347	17.309	16.377	16.567	415.42	415.34
20:59:56	16.518	16.167	16.35	17.345	16.377	16.567	415.42	415.34
21:00:56	16.517	16.167	16.363	17.371	16.377	16.568	415.42	415.34
21:01:56	16.516	16.168	0.0	17.395	16.376	16.567	415.42	415.34
21:02:56	16.517	16.167	16.387	17.419	16.375	16.567	415.42	415.34
21:03:56	16.517	16.166	16.394	17.44	16.373	16.565	415.42	415.34
21:04:56	16.516	16.167	16.399	17.458	16.373	16.565	415.42	415.34
21:05:58	16.515	16.166	16.429	17.481	16.374	16.568	415.42	415.34
21:06:56	16.517	16.167	16.428	17.492	16.376	16.569	415.42	415.34
21:07:56	16.516	16.166	16.42	17.503	16.376	16.568	415.42	415.34
21:08:56	16.518	16.167	16.419	17.451	16.375	16.566	415.42	415.34
21:09:56	16.517	16.166	16.402	17.382	16.375	16.566	415.42	415.34
21:10:56	16.516	16.165	16.39	17.323	16.375	16.568	415.42	415.34
21:11:56	16.517	16.167	16.369	17.278	16.375	16.568	415.42	415.34
21:12:56	16.517	16.166	16.336	17.244	16.375	16.569	415.42	415.34
21:13:56	16.517	16.165	16.292	17.177	16.374	16.566	415.42	415.34
21:14:56	16.517	16.166	16.27	17.145	16.374	16.566	415.42	415.34
21:15:56	16.516	16.163	16.246	17.081	16.372	16.565	415.42	415.34
21:16:56	16.516	16.161	16.216	17.053	16.373	16.567	415.42	415.34
21:17:56	16.517	16.161	16.192	17.036	16.372	16.566	415.42	415.34
21:18:56	16.517	16.162	16.208	17.022	16.373	16.568	415.42	415.34
21:19:56	16.517	16.162	16.228	17.022	16.374	16.569	415.42	415.34
21:20:56	16.517	16.164	16.244	17.062	16.374	16.568	415.42	415.34
21:21:56	16.517	16.166	16.25	17.107	16.374	16.568	415.42	415.34
21:22:56	16.518	16.166	16.263	17.139	16.375	16.567	415.42	415.34
21:23:56	16.518	16.166	16.272	17.156	16.373	16.566	415.42	415.34
21:24:56	16.518	16.166	16.284	17.18	16.373	16.565	415.42	415.34
21:25:56	16.517	16.165	16.289	17.205	16.371	16.565	415.42	415.34
21:26:56	16.517	16.162	16.298	17.235	16.371	16.565	415.42	415.34
21:27:56	16.517	16.163	16.328	17.265	16.371	16.565	415.42	415.34
21:28:56	16.518	16.163	16.335	17.299	16.373	16.567	415.42	415.34
21:29:56	16.516	16.163	16.348	17.335	16.374	16.569	415.42	415.34
21:30:56	16.516	16.164	16.35	17.362	16.374	16.569	415.42	415.34
21:31:56	16.516	16.163	16.357	17.39	16.373	16.566	415.42	415.34
21:32:56	16.516	16.163	16.383	17.416	16.375	16.567	415.42	415.34
21:33:56	16.517	16.165	16.402	17.445	16.375	16.569	415.42	415.34
21:34:56	16.517	16.165	16.416	17.463	16.374	16.568	415.42	415.34
21:35:56	16.517	16.164	16.414	17.475	16.374	16.565	415.42	415.34
21:36:56	16.516	16.164	16.412	17.482	16.372	16.563	415.42	415.34
21:37:56	16.515	16.162	16.414	17.472	16.371	16.563	415.42	415.34
21:38:56	16.515	16.162	16.4	17.407	16.372	16.565	415.42	415.34
21:39:56	16.516	16.162	16.386	17.352	16.372	16.568	415.42	415.34
21:40:56	16.516	16.163	16.368	17.307	16.375	16.569	415.42	415.34
21:41:56	16.517	16.165	16.336	17.257	16.376	16.568	415.42	415.34
21:42:56	16.516	16.168	16.297	17.18	16.375	16.568	415.42	415.34
21:43:56	16.516	16.168	16.265	17.121	16.376	16.57	415.42	415.34
21:44:56	16.516	16.167	16.234	17.073	16.376	16.571	415.42	415.34
21:45:56	16.516	16.167	16.223	17.044	16.375	16.57	415.42	415.34
21:46:56	16.516	16.166	16.244	17.06	16.377	16.568	415.42	415.34
21:47:56	16.516	16.167	16.259	17.091	16.375	16.568	415.42	415.34
21:48:56	16.515	16.167	16.273	17.121	16.376	16.568	415.42	415.34
21:49:56	16.516	16.164	16.285	17.15	16.373	16.568	415.42	415.34
21:50:56	16.515	16.164	16.288	17.184	16.373	16.567	415.42	415.34
21:51:56	16.516	16.164	16.294	17.203	16.372	16.567	415.42	415.34
21:52:56	16.515	16.163	16.307	17.239	16.372	16.567	415.42	415.34
21:53:56	16.515	16.162	16.33	17.278	16.373	16.568	415.42	415.34
21:54:56	16.515	16.162	16.339	17.312	16.373	16.566	415.42	415.34
21:55:58	16.517	16.162	16.344	17.343	16.371	16.564	415.42	415.34
21:56:56	16.515	16.161	16.372	17.377	16.371	16.565	415.42	415.34
21:57:56	16.515	16.16	16.377	17.409	16.371	16.567	415.42	415.34
21:58:56	16.515	16.162	16.397	17.435	16.373	16.571	415.42	415.34
21:59:56	16.515	16.163	16.398	17.458	16.374	16.57	415.42	415.34
22:00:56	16.516	16.164	16.399	17.47	16.374	16.567	415.42	415.34
22:01:56	16.516	16.163	16.403	17.485	16.373	16.567	415.42	415.34
22:02:56	16.515	16.164	16.417	17.496	16.374	16.569	415.42	415.34
22:03:56	16.516	16.164	16.419	17.478	16.375	16.571	415.42	415.34
22:04:56	16.515	16.163	16.397	17.415	16.374	16.569	415.42	415.34
22:05:56	16.517	16.163	16.376	17.358	16.373	16.566	415.42	415.34
22:06:56	16.516	16.163	16.359	17.286	16.373	16.566	415.42	415.34
22:07:56	16.516	16.162	16.319	17.229	16.372	16.565	415.42	415.34
22:08:56	16.515	16.161	16.285	17.177	16.37	16.568	415.42	415.34
22:09:56	16.515	16.161	16.26	17.132	16.371	16.568	415.42	415.34
22:10:56	16.516	16.161	16.238	17.099	16.372	16.567	415.42	415.34
22:11:56	16.515	16.162	16.226	17.067	16.373	16.567	415.42	415.34
22:12:56	16.515	16.162	16.212	17.054	0.0	16.568	415.42	415.34
22:13:56	16.516	16.163	16.189	17.042	16.373	16.568	415.42	415.34
22:14:56	16.515	16.162	16.161	17.001	16.373	16.567	415.42	415.34
22:15:56	16.515	16.162	16.137	16.995	16.374	16.568	415.42	415.34
22:16:56	16.515	16.163	16.154	16.995	16.375	16.568	415.42	415.34
22:17:56	16.516	16.163	16.179	17.01	16.376	16.57	415.42	415.34
22:18:56	16.515	16.165	16.19	17.048	16.376	16.57	415.42	415.34
22:19:56	16.516	16.166	16.2	17.078	16.376	16.571	415.42	415.34
22:20:56	16.516	16.164	16.207	17.102	16.375	16.57	415.42	415.34
22:21:56	16.515	16.164	16.221	17.127	16.375	16.572	415.42	415.34
22:22:56	16.514	16.165	16.235	17.143	16.375	16.571	415.42	415.34
22:23:56	16.515	16.166	16.241	17.165	16.375	16.569	415.42	415.34
22:24:56	16.517	16.163	16.255	17.177	16.374	16.568	415.42	415.34
22:25:56	16.515	16.163	16.26	17.214	16.374	16.568	415.42	415.34
22:26:56	16.515	16.163	16.268	17.241	16.374	16.57	415.42	415.34
22:27:56	16.514	16.163	16.275	17.265	16.373	16.568	415.42	415.34
22:28:56	16.516	16.161	16.292	17.289	16.372	16.564	415.42	415.34
22:29:56	16.515	16.159	16.297	17.315	16.369	16.562	415.42	415.34
22:30:58	16.515	16.158	16.318	17.343	16.37	16.561	415.42	415.34
22:31:56	16.515	16.157	16.331	17.373	16.369	16.563	415.42	415.34
22:32:56	16.514	16.157	16.35	17.401	16.371	16.564	415.42	415.34
22:33:56	16.515	16.156	16.357	17.423	16.371	16.566	415.42	415.34
22:34:56	16.514	16.158	16.364	17.444	16.374	16.569	415.42	415.34
22:35:56	16.515	16.16	16.369	17.459	16.373	16.566	415.42	415.34
22:36:57	16.514	16.161	16.371	17.457	16.374	16.568	415.42	415.34
22:37:56	16.514	16.163	16.36	17.403	16.377	16.57	415.42	415.34
22:38:56	16.515	16.163	16.348	17.359	16.377	16.569	415.42	415.34
22:39:56	16.514	16.163	16.336	17.311	16.378	16.571	415.42	415.34
22:40:56	16.516	16.164	16.318	17.254	16.377	16.571	415.42	415.34
22:41:56	16.514	16.164	16.278	17.21	16.377	16.569	415.42	415.34
22:42:56	16.515	16.163	16.235	17.134	16.376	16.569	415.42	415.34
22:43:56	16.515	16.163	16.211	17.075	16.375	16.57	415.42	415.34
22:44:56	16.514	16.163	16.174	17.033	16.374	16.57	415.42	415.34
22:45:56	16.514	16.163	16.159	17.022	16.373	16.571	415.42	415.34
22:46:56	16.514	16.161	16.182	17.01	16.373	16.569	415.42	415.34
22:47:57	16.514	16.16	16.201	17.056	16.373	16.57	415.42	415.34
22:48:56	16.514	16.16	16.223	17.081	16.373	16.565	415.42	415.34
22:49:56	16.513	16.159	16.232	17.107	16.371	16.564	415.42	415.34
22:50:56	16.514	16.158	16.241	17.146	16.371	16.565	415.42	415.34
22:51:56	16.513	16.158	16.25	17.18	16.373	16.564	415.42	415.34
22:52:56	16.513	16.158	16.259	17.208	16.372	16.563	415.42	415.34
22:53:56	16.514	16.157	16.267	17.233	16.371	16.563	415.42	415.34
22:54:56	16.513	16.156	16.288	17.26	16.37	16.565	415.42	415.34
22:55:56	16.513	16.155	16.3	17.294	16.368	16.563	415.42	415.34
22:56:56	16.513	16.154	16.317	17.328	16.368	16.563	415.42	415.34
22:57:56	16.513	16.154	16.332	17.351	16.368	16.563	415.42	415.34
22:58:56	16.513	16.154	16.349	17.381	16.37	16.564	415.42	415.34
22:59:56	16.512	16.155	16.358	17.411	16.371	16.565	415.42	415.34
23:00:56	16.513	16.156	16.363	0.0	16.372	16.565	415.42	415.34
23:01:56	16.512	16.157	16.364	17.456	16.372	16.565	415.42	415.34
23:02:56	16.512	16.156	16.393	17.471	16.371	16.565	415.42	415.34
23:03:56	16.513	16.156	16.397	17.485	16.371	16.566	415.42	415.34
23:04:56	16.512	16.156	16.403	17.495	16.371	16.566	415.42	415.34
23:05:56	16.513	16.157	16.4	17.462	16.368	16.563	415.42	415.34
23:06:56	16.513	16.153	16.38	17.39	16.367	16.561	415.42	415.34
23:07:56	16.512	16.153	16.366	17.342	16.367	16.562	415.42	415.34
23:08:56	16.511	16.151	16.343	17.3	16.366	16.561	415.42	415.34
23:09:56	16.511	16.152	16.308	17.257	16.367	16.563	415.42	415.34
23:10:56	16.512	16.151	16.282	17.193	16.368	16.567	415.42	415.34
23:11:56	16.512	16.152	16.263	17.15	16.368	16.568	415.42	415.34
23:12:56	16.512	16.152	16.237	17.098	16.37	16.567	415.42	415.34
23:13:56	16.511	16.153	16.197	17.07	16.37	16.563	415.42	415.34
23:14:56	16.512	16.155	16.176	17.033	16.371	16.566	415.42	415.34
23:15:56	16.513	16.156	16.185	17.017	16.373	16.567	415.42	415.34
23:16:56	16.512	16.156	16.207	17.049	16.372	16.567	415.42	415.34
23:17:56	16.512	16.157	16.225	17.077	16.373	16.568	415.42	415.34
23:18:56	16.512	16.157	16.237	17.108	16.374	16.567	415.42	415.34
23:19:56	16.512	16.158	16.254	17.138	16.371	16.568	415.42	415.34
23:20:56	16.512	16.158	16.265	17.177	16.372	16.57	415.42	415.34
23:21:56	16.511	16.158	16.272	17.197	16.373	16.571	415.42	415.34
23:22:56	16.51	16.158	16.283	17.226	16.372	16.569	415.42	415.34
23:23:56	16.511	16.156	16.298	17.25	16.372	16.567	415.42	415.34
23:24:56	16.512	16.156	16.304	17.282	16.37	16.568	415.42	415.34
23:25:56	16.511	16.155	16.314	17.307	16.369	16.567	415.42	415.34
23:26:56	16.511	16.155	16.329	17.34	16.368	16.569	415.42	415.34
23:27:56	16.511	16.153	16.341	17.375	16.367	16.569	415.42	415.34
23:28:56	16.51	16.153	16.354	17.401	16.368	16.568	415.42	415.34
23:29:56	16.511	16.15	16.357	17.428	16.368	16.565	415.42	415.34
23:30:56	16.511	16.153	16.38	17.454	16.372	16.565	415.42	415.34
23:31:56	16.51	16.153	16.401	17.472	16.369	16.564	415.42	415.34
23:32:56	16.511	16.152	16.412	17.484	16.368	16.561	415.42	415.34
23:33:56	16.511	16.152	16.418	17.495	16.368	16.562	415.42	415.34
23:34:56	16.51	16.15	16.414	17.498	16.364	16.562	415.42	415.34
23:35:56	16.51	16.145	16.397	17.438	16.361	16.56	415.42	415.34
23:36:56	16.509	16.142	16.382	17.385	16.364	16.558	415.42	415.34
23:37:56	16.511	16.144	16.365	17.334	16.366	16.559	415.42	415.34
23:38:56	16.51	16.145	16.344	17.286	16.366	16.558	415.42	415.34
23:39:56	16.509	16.147	16.303	17.23	16.367	16.56	415.42	415.34
23:40:56	16.509	16.148	16.273	17.18	16.366	16.56	415.42	415.34
23:41:56	16.51	16.149	16.248	17.126	16.368	16.561	415.42	415.34
23:42:56	16.51	16.149	16.215	17.088	16.369	16.564	415.42	415.34
23:43:56	16.51	16.151	16.194	17.048	16.37	16.565	415.42	415.34
23:44:56	16.51	16.151	16.186	17.03	16.369	16.563	415.42	415.34
23:45:56	16.51	16.151	16.211	17.017	16.368	16.562	415.42	415.34
23:46:56	16.51	16.15	16.222	17.052	16.367	16.562	415.42	415.34
23:47:56	16.509	16.15	16.238	17.088	16.369	16.564	415.42	415.34
23:48:56	16.51	16.151	16.248	17.135	16.371	16.567	415.42	415.34
23:49:56	16.51	16.152	16.257	17.17	16.37	16.568	415.42	415.34
23:50:56	16.51	16.152	16.27	17.209	16.372	16.568	415.42	415.34
23:51:56	16.51	16.153	16.283	17.235	16.374	16.57	415.42	415.34
23:52:56	16.509	16.154	16.287	17.263	16.374	16.568	415.42	415.34
23:53:56	16.51	16.155	16.302	17.291	16.376	16.569	415.42	415.34
23:54:56	16.509	16.157	16.316	17.328	16.376	16.572	415.42	415.34
23:55:56	16.51	16.156	16.327	17.358	16.376	16.572	415.42	415.34
23:56:56	16.51	16.158	16.351	17.384	16.376	16.572	415.42	415.34
23:57:56	16.509	16.159	16.361	17.408	16.376	16.574	415.42	415.34
23:58:56	16.509	16.159	16.371	17.433	16.376	16.574	415.42	415.34
23:59:56	16.509	16.16	16.379	17.455	16.376	16.573	415.42	415.34
