00:00:04	23.579	23.51	23.711	25.363	22.107	22.059	415.42	415.34
00:01:04	23.58	23.51	23.724	25.321	22.107	22.058	415.42	415.34
00:02:04	23.581	23.511	23.733	25.228	22.106	22.06	415.42	415.34
00:03:04	23.581	23.511	23.728	25.208	22.106	22.059	415.42	415.34
00:04:04	23.58	23.511	23.736	25.218	22.106	22.06	415.42	415.34
00:05:04	23.579	23.512	23.734	25.19	22.108	22.06	415.42	415.34
00:06:04	23.581	23.511	23.726	25.141	22.107	22.06	415.42	415.34
00:07:04	23.58	23.512	23.737	25.089	22.107	22.061	415.42	415.34
00:08:04	23.58	23.512	23.731	25.035	22.107	22.059	415.42	415.34
00:09:04	23.58	23.511	23.733	24.996	22.106	22.06	415.42	415.34
00:10:04	23.58	23.512	23.728	24.979	22.106	22.06	415.42	415.34
00:11:04	23.58	23.511	23.726	24.969	22.105	22.059	415.42	415.34
00:12:04	23.579	23.511	23.724	24.948	22.104	22.059	415.42	415.34
00:13:04	23.579	23.51	23.727	24.919	22.105	22.06	415.42	415.34
00:14:05	23.579	23.509	23.727	24.913	22.106	22.058	415.42	415.34
00:15:04	0.0	23.51	23.726	24.925	22.105	22.059	415.42	415.34
00:16:04	23.581	23.509	23.721	24.917	22.106	22.06	415.42	415.34
00:17:05	23.58	23.51	23.718	24.915	22.105	22.06	415.42	415.34
00:18:04	23.58	23.509	23.727	24.909	22.105	22.06	415.42	415.34
00:19:06	23.579	23.508	23.721	24.932	22.104	22.059	415.42	415.34
00:20:04	23.58	23.509	23.718	24.918	22.103	22.06	415.42	415.34
00:21:04	23.579	23.508	23.722	24.918	22.104	22.059	415.42	415.34
00:22:04	23.579	23.508	23.725	24.916	22.101	22.059	415.42	415.34
00:23:04	23.579	23.507	23.724	24.912	22.102	22.059	415.42	415.34
00:24:04	23.578	23.508	23.728	24.906	22.105	22.058	415.42	415.34
00:25:04	23.579	0.0	23.715	24.893	22.105	22.059	415.42	415.34
00:26:04	23.58	23.507	23.713	24.911	22.103	22.06	415.42	415.34
00:27:04	23.579	23.508	23.72	25.05	22.105	22.061	415.42	415.34
00:28:04	23.58	23.509	23.731	25.118	22.104	22.061	415.42	415.34
00:29:04	23.579	23.51	23.737	25.142	22.106	22.061	415.42	415.34
00:30:04	23.58	23.51	23.74	25.138	22.105	22.06	415.42	415.34
00:31:06	23.579	23.509	23.739	25.096	22.105	22.06	415.42	415.34
00:32:04	23.58	23.509	23.739	25.092	22.104	22.058	415.42	415.34
00:33:04	23.579	23.509	23.738	25.133	22.105	22.061	415.42	415.34
00:34:04	23.579	23.509	23.742	25.188	22.104	22.061	415.42	415.34
00:35:04	23.578	23.507	23.743	25.19	22.104	22.06	415.42	415.34
00:36:04	23.578	23.507	23.743	25.214	22.103	22.059	415.42	415.34
00:37:04	23.578	23.507	23.748	25.149	22.104	22.06	415.42	415.34
00:38:04	23.579	23.507	23.752	25.106	22.104	22.06	415.42	415.34
00:39:04	23.578	23.507	23.751	25.042	22.103	22.058	415.42	415.34
00:40:04	23.579	23.508	23.747	25.009	22.105	22.061	415.42	415.34
00:41:04	23.578	23.507	23.747	24.981	22.105	22.061	415.42	415.34
00:42:04	23.579	23.507	23.743	24.957	22.104	22.059	415.42	415.34
00:43:04	23.578	23.507	23.733	24.936	22.103	22.06	415.42	415.34
00:44:04	23.578	23.506	23.732	24.914	22.102	22.058	415.42	415.34
00:45:05	23.578	23.505	23.735	24.89	22.104	22.059	415.42	415.34
00:46:04	0.0	23.505	23.731	24.899	22.102	22.059	415.42	415.34
00:47:04	23.578	23.505	23.736	24.892	22.101	22.057	415.42	415.34
00:48:04	23.577	23.504	23.73	24.886	22.103	22.059	415.42	415.34
00:49:04	23.578	23.504	23.738	24.889	22.103	22.06	415.42	415.34
00:50:04	23.578	23.505	23.734	24.874	22.101	22.058	415.42	415.34
00:51:04	23.578	23.504	23.738	24.874	22.104	22.058	415.42	415.34
00:52:04	23.578	23.505	23.733	24.891	22.104	22.059	415.42	415.34
00:53:04	23.578	23.505	23.73	24.894	22.103	22.06	415.42	415.34
00:54:04	23.578	23.505	23.734	24.871	22.105	22.058	415.42	415.34
00:55:04	23.578	23.505	23.732	24.864	22.103	22.058	415.42	415.34
00:56:04	23.578	23.505	23.724	24.865	22.103	22.06	415.42	415.34
00:57:04	23.577	23.506	23.727	24.906	22.104	22.059	415.42	415.34
00:58:04	23.577	23.505	23.725	25.007	22.104	22.059	415.42	415.34
00:59:04	23.577	23.506	23.729	25.042	22.105	22.06	415.42	415.34
01:00:04	23.578	23.506	23.74	25.091	22.105	22.06	415.42	415.34
01:01:04	23.577	23.506	23.739	25.258	22.104	22.06	415.42	415.34
01:02:05	23.578	23.506	23.753	25.253	22.104	22.059	415.42	415.34
01:03:04	0.0	23.507	23.755	25.177	22.104	22.06	415.42	415.34
01:04:04	23.578	23.506	23.756	25.122	22.106	22.06	415.42	415.34
01:05:04	23.577	23.507	23.75	25.091	22.106	22.059	415.42	415.34
01:06:04	23.578	23.506	23.751	25.037	22.106	22.06	415.42	415.34
01:07:04	23.578	23.507	23.75	24.992	22.107	22.061	415.42	415.34
01:08:04	23.577	23.507	23.753	24.999	22.106	22.06	415.42	415.34
01:09:04	23.577	23.509	23.747	24.986	22.106	22.059	415.42	415.34
01:10:04	23.578	23.508	23.75	24.967	22.107	22.062	415.42	415.34
01:11:04	23.578	23.508	23.747	24.984	22.105	22.061	415.42	415.34
01:12:04	23.577	23.508	23.743	24.956	22.106	22.06	415.42	415.34
01:13:04	23.578	23.508	23.746	24.958	22.106	22.061	415.42	415.34
01:14:04	23.577	23.509	23.75	24.951	22.108	22.062	415.42	415.34
01:15:04	23.578	23.508	23.752	24.947	22.109	22.061	415.42	415.34
01:16:04	23.578	23.508	23.747	24.936	22.107	22.061	415.42	415.34
01:17:05	23.577	23.507	23.741	24.926	22.108	22.06	415.42	415.34
01:18:04	0.0	23.508	23.742	24.903	22.107	22.061	415.42	415.34
01:19:04	23.577	23.508	23.74	24.872	22.109	22.062	415.42	415.34
01:20:04	23.578	23.508	23.741	24.852	22.109	22.064	415.42	415.34
01:21:04	23.577	23.508	23.735	24.848	22.107	22.061	415.42	415.34
01:22:04	23.578	23.508	23.734	24.86	22.106	22.062	415.42	415.34
01:23:05	23.577	23.508	23.726	24.869	22.107	22.062	415.42	415.34
01:24:04	23.577	23.507	23.733	24.881	22.108	22.061	415.42	415.34
01:25:04	23.578	23.508	23.735	24.914	22.109	22.061	415.42	415.34
01:26:04	23.577	23.509	23.732	24.918	22.111	22.063	415.42	415.34
01:27:04	23.578	23.508	23.737	24.987	22.109	22.063	415.42	415.34
01:28:04	23.578	23.509	23.734	25.089	22.109	22.061	415.42	415.34
01:29:04	23.578	23.508	23.737	25.114	22.109	22.062	415.42	415.34
01:30:04	23.578	23.509	23.741	25.184	22.11	22.063	415.42	415.34
01:31:04	23.578	23.51	23.741	25.171	22.11	22.062	415.42	415.34
01:32:04	23.578	23.509	23.747	25.125	22.112	22.062	415.42	415.34
01:33:04	23.578	23.509	23.75	25.056	22.11	22.063	415.42	415.34
01:34:04	23.576	23.508	23.741	25.029	22.11	22.062	415.42	415.34
01:35:04	23.578	23.508	23.743	25.029	22.11	22.061	415.42	415.34
01:36:04	23.577	23.508	23.744	25.049	22.11	22.062	415.42	415.34
01:37:04	23.577	23.51	23.744	25.07	22.11	22.061	415.42	415.34
01:38:04	23.578	23.509	23.746	25.056	22.109	22.062	415.42	415.34
01:39:04	23.579	23.509	23.74	25.035	22.111	22.062	415.42	415.34
01:40:04	23.577	23.508	23.746	25.005	22.11	22.062	415.42	415.34
01:41:04	23.577	23.508	23.741	24.986	22.109	22.062	415.42	415.34
01:42:04	23.577	23.508	23.741	24.962	22.109	22.062	415.42	415.34
01:43:04	23.578	23.508	23.737	24.94	22.111	22.062	415.42	415.34
01:44:05	23.577	23.508	23.742	24.927	22.11	22.064	415.42	415.34
01:45:05	23.577	23.509	23.74	24.911	22.111	22.063	415.42	415.34
01:46:05	23.578	23.509	23.739	24.935	22.11	22.064	415.42	415.34
01:47:05	23.577	23.508	23.737	24.952	22.111	22.063	415.42	415.34
01:48:05	23.577	23.509	23.74	24.94	22.111	22.063	415.42	415.34
01:49:05	23.577	23.509	23.748	24.913	22.111	22.062	415.42	415.34
01:50:05	23.577	23.509	23.743	24.891	22.109	22.063	415.42	415.34
01:51:05	23.578	23.508	23.737	24.88	22.11	22.062	415.42	415.34
01:52:05	23.577	23.509	23.735	24.867	22.109	22.061	415.42	415.34
01:53:05	23.578	23.509	23.734	24.869	22.111	22.063	415.42	415.34
01:54:05	23.578	23.509	23.727	24.859	22.111	22.063	415.42	415.34
01:55:05	23.578	23.508	23.729	24.869	22.11	22.062	415.42	415.34
01:56:05	23.578	23.51	23.731	24.913	22.112	22.063	415.42	415.34
01:57:05	23.578	23.509	23.731	25.014	22.111	22.063	415.42	415.34
01:58:05	23.578	23.509	23.742	25.159	22.111	22.063	415.42	415.34
01:59:05	23.578	23.508	23.731	25.29	22.112	22.063	415.42	415.34
02:00:05	23.577	23.511	23.738	25.284	22.112	22.062	415.42	415.34
02:01:05	23.577	23.509	23.749	25.285	22.113	22.062	415.42	415.34
02:02:05	23.578	23.51	23.747	25.223	22.112	22.063	415.42	415.34
02:03:05	23.579	23.511	23.755	25.143	22.113	22.063	415.42	415.34
02:04:05	23.578	23.51	23.762	25.109	22.113	22.065	415.42	415.34
02:05:05	23.578	23.511	23.759	25.065	22.114	22.064	415.42	415.34
02:06:05	23.578	23.51	23.759	25.025	22.113	22.063	415.42	415.34
02:07:05	23.578	23.51	23.754	24.992	22.114	22.064	415.42	415.34
02:08:05	23.578	23.511	23.746	24.98	22.114	22.064	415.42	415.34
02:09:05	23.578	23.511	23.747	24.984	22.113	22.065	415.42	415.34
02:10:05	23.578	23.511	23.753	24.949	22.115	22.065	415.42	415.34
02:11:05	23.578	23.511	23.754	24.909	22.114	22.063	415.42	415.34
02:12:05	23.578	23.51	23.752	24.889	22.114	22.063	415.42	415.34
02:13:05	23.578	23.511	23.75	24.891	22.113	22.065	415.42	415.34
02:14:05	23.577	23.51	23.751	24.886	22.114	22.062	415.42	415.34
02:15:05	23.578	23.51	23.751	24.891	22.114	22.064	415.42	415.34
02:16:05	23.578	23.51	23.747	24.889	22.113	22.064	415.42	415.34
02:17:05	23.578	23.511	23.741	24.893	22.114	22.064	415.42	415.34
02:18:05	23.577	23.51	23.742	24.908	22.112	22.064	415.42	415.34
02:19:05	23.578	23.51	23.747	24.903	22.114	22.065	415.42	415.34
02:20:05	23.578	23.508	23.743	24.882	22.114	22.063	415.42	415.34
02:21:05	23.578	23.51	23.742	24.855	22.113	22.064	415.42	415.34
02:22:05	23.578	23.511	23.733	24.832	22.114	22.064	415.42	415.34
02:23:05	23.578	23.51	23.73	24.822	22.114	22.065	415.42	415.34
02:24:05	23.578	23.511	23.734	24.819	22.116	22.064	415.42	415.34
02:25:05	23.578	23.511	23.735	24.826	22.114	22.064	415.42	415.34
02:26:05	23.578	23.51	23.734	24.853	22.113	22.064	415.42	415.34
02:27:05	23.579	23.51	23.732	24.929	22.113	22.064	415.42	415.34
02:28:05	23.578	23.51	23.731	25.023	22.113	22.063	415.42	415.34
02:29:06	23.578	23.511	23.737	25.241	22.113	22.063	415.42	415.34
02:30:05	23.579	23.509	23.744	25.31	22.113	22.062	415.42	415.34
02:31:05	23.578	23.51	23.761	25.273	22.114	22.064	415.42	415.34
02:32:05	23.578	23.51	23.756	25.213	22.113	22.064	415.42	415.34
02:33:05	23.578	23.511	23.762	25.138	22.113	22.063	415.42	415.34
02:34:05	23.579	23.511	23.764	25.059	22.113	22.065	415.42	415.34
02:35:05	23.578	23.511	23.758	25.061	22.115	22.064	415.42	415.34
02:36:05	23.577	23.511	23.754	25.052	22.116	22.064	415.42	415.34
02:37:05	23.579	23.512	23.755	25.033	22.118	22.066	415.42	415.34
02:38:05	23.579	23.511	23.754	25.062	22.116	22.066	415.42	415.34
02:39:05	23.579	23.513	23.761	25.037	22.115	22.064	415.42	415.34
02:40:05	23.578	23.512	23.758	24.999	22.117	22.067	415.42	415.34
02:41:05	23.579	23.512	23.755	24.948	22.118	22.066	415.42	415.34
02:42:05	23.579	23.515	23.754	24.913	22.119	22.068	415.42	415.34
02:43:05	23.58	23.515	23.747	24.906	22.118	22.068	415.42	415.34
02:44:05	23.58	23.517	23.746	24.911	22.12	22.067	415.42	415.34
02:45:05	23.58	23.515	23.745	24.9	22.12	22.067	415.42	415.34
02:46:05	23.58	23.517	23.749	24.901	22.119	22.067	415.42	415.34
02:47:05	23.58	23.517	23.747	24.891	22.12	22.068	415.42	415.34
02:48:05	23.58	23.518	23.742	24.892	22.121	22.069	415.42	415.34
02:49:05	23.581	23.518	23.747	24.901	22.121	22.069	415.42	415.34
02:50:05	23.581	23.519	23.742	24.894	22.123	22.068	415.42	415.34
02:51:05	23.582	23.52	23.74	24.868	22.123	22.069	415.42	415.34
02:52:05	23.581	23.521	23.739	24.844	22.121	22.068	415.42	415.34
02:53:05	23.58	23.521	23.734	24.832	22.123	22.07	415.42	415.34
02:54:05	23.581	23.521	23.732	24.855	22.123	22.07	415.42	415.34
02:55:05	23.581	23.522	23.733	24.889	22.126	22.069	415.42	415.34
02:56:05	23.582	23.521	23.73	24.936	22.125	22.07	415.42	415.34
02:57:05	23.582	23.522	23.727	24.966	22.126	22.07	415.42	415.34
02:58:05	23.581	23.522	23.728	25.029	22.127	22.069	415.42	415.34
02:59:05	23.581	23.519	23.734	25.26	22.126	22.069	415.42	415.34
03:00:05	23.581	23.522	23.739	25.249	22.125	22.069	415.42	415.34
03:01:05	23.581	23.522	23.751	25.17	22.125	22.069	415.42	415.34
03:02:05	23.583	23.522	23.755	25.114	22.124	22.07	415.42	415.34
03:03:05	23.581	23.52	23.752	25.076	22.124	22.069	415.42	415.34
03:04:05	23.581	23.521	23.759	25.041	22.122	22.069	415.42	415.34
03:05:05	23.582	23.521	23.764	25.04	22.122	22.069	415.42	415.34
03:06:05	23.582	23.522	23.756	25.005	22.124	22.07	415.42	415.34
03:07:05	23.581	23.522	23.757	24.989	22.124	22.068	415.42	415.34
03:08:05	23.582	23.521	23.756	25.001	22.125	22.069	415.42	415.34
03:09:05	23.581	23.521	23.749	24.996	22.123	22.067	415.42	415.34
03:10:05	23.582	23.521	23.751	24.98	22.126	22.069	415.42	415.34
03:11:05	23.583	23.521	23.744	24.958	22.124	22.069	415.42	415.34
03:12:05	23.582	23.521	23.747	24.923	22.126	22.069	415.42	415.34
03:13:05	23.582	23.521	23.747	24.915	22.124	22.069	415.42	415.34
03:14:05	23.582	23.523	23.749	24.965	22.125	22.07	415.42	415.34
03:15:05	23.581	23.521	23.753	25.016	22.126	22.069	415.42	415.34
03:16:05	23.582	23.522	23.745	25.038	22.125	22.07	415.42	415.34
03:17:05	23.582	23.522	23.751	25.089	22.125	22.069	415.42	415.34
03:18:05	23.582	23.522	23.748	25.134	22.126	22.069	415.42	415.34
03:19:05	23.583	23.523	23.756	25.198	22.126	22.07	415.42	415.34
03:20:05	23.583	23.522	23.756	25.263	22.126	22.07	415.42	415.34
03:21:05	0.0	23.521	23.75	25.314	22.12	22.069	415.42	415.34
03:22:05	23.584	23.522	23.754	25.329	22.124	22.069	415.42	415.34
03:23:05	23.582	23.524	23.768	25.338	22.126	22.069	415.42	415.34
03:24:05	23.583	23.524	23.765	25.349	22.126	22.069	415.42	415.34
03:25:05	23.583	23.523	23.766	25.345	22.124	22.07	415.42	415.34
03:26:05	23.582	23.523	23.774	25.405	22.125	22.071	415.42	415.34
03:27:06	23.583	23.522	23.771	25.548	22.123	22.07	415.42	415.34
03:28:05	23.582	23.523	23.775	25.635	22.125	22.069	415.42	415.34
03:29:05	23.583	23.522	23.789	25.682	22.124	22.07	415.42	415.34
03:30:05	23.583	23.522	23.801	25.582	22.124	22.068	415.42	415.34
03:31:05	23.581	23.52	23.798	25.432	22.123	22.068	415.42	415.34
03:32:05	23.583	23.521	23.792	25.294	22.123	22.066	415.42	415.34
03:33:05	23.583	23.518	23.797	25.254	22.122	22.067	415.42	415.34
03:34:05	23.582	23.518	23.788	25.238	22.121	22.067	415.42	415.34
03:35:05	23.582	23.518	23.789	25.198	22.121	22.066	415.42	415.34
03:36:05	23.582	23.518	23.789	25.191	22.12	22.065	415.42	415.34
03:37:05	23.581	23.516	23.786	25.169	22.118	22.064	415.42	415.34
03:38:05	23.581	23.515	23.783	25.133	22.119	22.065	415.42	415.34
03:39:05	23.582	23.515	23.782	25.115	22.121	22.064	415.42	415.34
03:40:05	23.581	23.514	23.784	25.078	22.121	22.064	415.42	415.34
03:41:05	23.581	23.515	23.783	25.055	22.12	22.065	415.42	415.34
03:42:05	23.582	23.516	23.783	25.023	22.121	22.066	415.42	415.34
03:43:05	23.582	23.518	23.776	24.981	22.121	22.067	415.42	415.34
03:44:05	23.582	23.517	23.768	24.994	22.121	22.067	415.42	415.34
03:45:05	23.582	23.518	23.768	24.978	22.119	22.067	415.42	415.34
03:46:05	23.581	23.518	23.77	24.981	22.122	22.068	415.42	415.34
03:47:05	23.584	23.52	23.772	24.969	22.122	22.068	415.42	415.34
03:48:05	23.583	23.52	23.779	24.967	22.122	22.068	415.42	415.34
03:49:05	23.583	23.521	23.774	24.952	22.123	22.068	415.42	415.34
03:50:05	23.583	23.522	23.774	24.958	22.122	22.068	415.42	415.34
03:51:05	23.582	23.52	23.768	24.969	22.124	22.069	415.42	415.34
03:52:05	23.582	23.522	23.766	24.976	22.123	22.068	415.42	415.34
03:53:05	23.582	23.522	23.77	24.987	22.124	22.069	415.42	415.34
03:54:05	23.582	23.521	23.774	25.014	22.123	22.069	415.42	415.34
03:55:05	23.584	23.521	23.767	24.987	22.122	22.07	415.42	415.34
03:56:05	23.583	23.524	23.766	24.992	22.125	22.071	415.42	415.34
03:57:05	23.584	23.524	23.767	25.117	22.127	22.07	415.42	415.34
03:58:05	23.583	23.526	23.768	25.252	22.127	22.07	415.42	415.34
03:59:05	23.584	23.525	23.773	25.338	22.128	22.07	415.42	415.34
04:00:05	23.583	23.526	23.779	25.356	22.128	22.069	415.42	415.34
04:01:05	23.584	23.525	23.785	25.524	22.129	22.071	415.42	415.34
04:02:05	23.584	23.526	23.793	25.486	22.127	22.068	415.42	415.34
04:03:05	23.583	23.525	23.803	25.374	22.126	22.069	415.42	415.34
04:04:05	23.584	23.527	23.801	25.286	0.0	22.07	415.42	415.34
04:05:05	23.585	23.526	23.8	25.216	22.128	22.07	415.42	415.34
04:06:05	23.585	23.525	23.788	25.169	22.129	22.069	415.42	415.34
04:07:05	23.585	23.525	23.79	25.126	22.129	22.07	415.42	415.34
04:08:05	23.584	23.525	23.791	25.119	22.127	22.069	415.42	415.34
04:09:05	23.585	23.525	23.788	25.087	22.128	22.07	415.42	415.34
04:10:06	23.584	23.525	23.789	25.075	22.128	22.071	415.42	415.34
04:11:05	0.0	23.525	23.789	25.123	22.128	22.069	415.42	415.34
04:12:05	23.585	23.526	23.787	25.118	22.128	22.07	0.0	415.34
04:13:06	23.584	23.526	23.794	25.056	22.128	22.071	415.42	415.34
04:14:05	23.584	23.525	23.786	25.053	22.129	22.07	415.42	415.34
04:15:05	23.586	23.527	23.793	25.039	22.13	22.071	415.42	415.34
04:16:05	23.586	23.527	23.793	25.05	22.129	22.07	415.42	415.34
04:17:06	23.585	23.526	23.788	25.017	22.128	22.069	415.42	415.34
04:18:07	0.0	23.528	23.787	25.021	22.129	22.069	415.42	415.34
04:19:06	0.0	23.527	23.79	25.07	22.128	22.069	415.42	415.34
04:20:06	23.584	23.526	23.791	25.165	22.127	22.069	415.42	415.34
04:21:06	23.586	23.526	23.789	25.198	22.127	22.069	415.42	415.34
04:22:06	23.585	23.525	23.795	25.133	22.127	22.069	415.42	415.34
04:23:06	23.585	23.525	23.797	25.069	22.128	22.069	415.42	415.34
04:24:06	23.586	23.524	23.785	25.021	22.126	22.069	415.42	415.34
04:25:06	23.585	23.526	23.787	25.003	22.126	22.069	415.42	415.34
04:26:06	23.586	23.525	23.776	24.986	22.126	22.068	415.42	415.34
04:27:06	23.584	23.525	23.78	25.034	22.128	22.07	415.42	415.34
04:28:06	23.585	23.526	23.781	25.102	22.127	22.07	415.42	415.34
04:29:06	23.586	23.524	23.784	25.112	22.126	22.07	415.42	415.34
04:30:06	23.585	23.526	23.787	25.19	22.127	22.068	415.42	415.34
04:31:06	23.585	23.525	23.786	25.327	22.125	22.068	415.42	415.34
04:32:06	23.586	23.525	23.792	25.535	22.126	22.069	415.42	415.34
04:33:06	23.586	23.525	23.794	25.637	22.126	22.068	415.42	415.34
04:34:06	23.586	23.526	23.819	25.492	22.127	22.069	415.42	415.34
04:35:06	23.585	23.525	23.811	25.328	22.129	22.069	415.42	415.34
04:36:07	23.585	23.525	23.804	25.213	22.128	22.068	415.42	415.34
04:37:06	0.0	23.525	23.806	25.13	22.129	22.068	415.42	415.34
04:38:06	23.586	23.525	23.802	25.077	22.128	22.069	415.42	415.34
04:39:06	23.585	23.526	23.801	25.035	22.13	22.071	415.42	415.34
04:40:06	23.587	23.526	23.797	25.06	22.129	22.07	415.42	415.34
04:41:06	23.585	23.526	23.798	25.14	22.13	22.069	415.42	415.34
04:42:06	23.587	23.527	23.802	25.169	22.131	22.069	415.42	415.34
04:43:06	23.587	23.526	23.803	25.23	22.131	22.069	415.42	415.34
04:44:06	23.587	23.528	23.807	25.236	22.13	22.07	415.42	415.34
04:45:06	23.587	23.527	23.805	25.293	22.132	22.07	415.42	415.34
04:46:06	23.587	23.528	23.808	25.359	22.131	22.07	415.42	415.34
04:47:06	23.587	23.528	23.803	25.358	22.131	22.069	415.42	415.34
04:48:06	23.587	23.528	23.806	25.337	22.129	22.069	415.42	415.34
04:49:06	23.587	23.528	23.814	25.299	22.131	22.068	415.42	415.34
04:50:06	23.587	23.527	23.815	25.232	22.13	22.069	415.42	415.34
04:51:06	23.587	23.527	23.809	25.134	22.129	22.068	415.42	415.34
04:52:08	23.587	23.526	23.818	25.093	22.13	22.068	415.42	415.34
04:53:06	23.586	23.527	23.808	25.032	22.131	22.07	415.42	415.34
04:54:06	23.587	23.528	23.798	25.005	22.13	22.069	415.42	415.34
04:55:06	23.587	23.527	23.795	25.004	22.129	22.069	415.42	415.34
04:56:06	23.587	23.527	23.801	25.093	22.13	22.067	415.42	415.34
04:57:06	23.586	23.525	23.793	25.219	22.13	22.069	415.42	415.34
04:58:06	23.586	23.527	23.792	25.302	22.13	22.069	415.42	415.34
04:59:06	23.587	23.526	23.8	25.365	22.13	22.068	415.42	415.34
05:00:06	23.587	23.527	23.807	25.378	22.129	22.068	415.42	415.34
05:01:06	23.587	23.527	23.816	25.481	22.129	22.067	415.42	415.34
05:02:06	23.587	23.526	23.82	25.648	22.13	22.069	415.42	415.34
05:03:06	23.586	23.527	23.819	25.652	22.129	22.068	415.42	415.34
05:04:06	23.587	23.526	23.827	25.483	22.129	22.068	415.42	415.34
05:05:06	23.588	23.527	23.824	25.342	22.131	22.069	415.42	415.34
05:06:06	23.587	23.527	23.824	25.238	22.128	22.068	415.42	415.34
05:07:06	23.586	23.527	23.817	25.182	22.129	22.07	415.42	415.34
05:08:06	23.587	23.527	23.817	25.123	22.13	22.069	415.42	415.34
05:09:06	23.587	23.528	23.813	25.091	22.131	22.07	415.42	415.34
05:10:06	23.587	23.528	23.81	25.062	22.13	22.069	415.42	415.34
05:11:06	23.587	23.528	23.812	25.026	22.129	22.068	415.42	415.34
05:12:06	23.588	23.529	23.811	25.045	22.13	22.068	415.42	415.34
05:13:06	23.588	23.529	23.814	25.037	22.131	22.069	415.42	415.34
05:14:06	23.588	23.529	23.809	25.019	22.129	22.069	415.42	415.34
05:15:06	23.588	23.53	23.813	25.01	22.13	22.07	415.42	415.34
05:16:06	23.589	23.53	23.806	25.018	22.132	22.071	415.42	415.34
05:17:06	23.589	23.532	23.802	25.004	22.133	22.07	415.42	415.34
05:18:06	23.588	23.531	23.805	24.976	22.132	22.069	415.42	415.34
05:19:06	23.589	23.53	23.805	24.979	22.13	22.069	415.42	415.34
05:20:06	23.588	23.53	23.812	24.961	22.132	22.07	415.42	415.34
05:21:06	23.587	23.53	23.807	24.972	22.133	22.069	415.42	415.34
05:22:06	23.588	23.531	23.797	24.979	22.131	22.069	415.42	415.34
05:23:06	23.588	23.531	23.796	24.98	22.133	22.071	415.42	415.34
05:24:06	23.59	23.532	23.794	24.968	22.134	22.071	415.42	415.34
05:25:06	23.589	23.532	23.797	24.968	22.133	22.072	415.42	415.34
05:26:06	23.589	23.533	23.799	25.036	22.134	22.07	415.42	415.34
05:27:06	23.589	23.534	23.801	25.162	22.135	22.071	415.42	415.34
05:28:06	23.589	23.533	23.805	25.198	22.136	22.072	415.42	415.34
05:29:06	23.589	23.534	23.805	25.341	22.136	22.071	415.42	415.34
05:30:06	23.59	23.534	23.815	25.401	22.135	22.072	415.42	415.34
05:31:06	23.589	23.535	23.826	25.384	22.136	22.071	415.42	415.34
05:32:06	23.589	23.535	23.827	25.346	22.134	22.072	415.42	415.34
05:33:06	23.59	23.535	23.825	25.287	22.135	22.072	415.42	415.34
05:34:06	23.591	23.535	23.823	25.28	22.135	22.072	415.42	415.34
05:35:06	23.59	23.536	23.825	25.354	22.135	22.071	415.42	415.34
05:36:06	23.59	23.536	23.821	25.376	22.136	22.072	415.42	415.34
05:37:06	23.59	23.534	23.817	25.292	22.135	22.072	415.42	415.34
05:38:06	23.59	23.535	23.818	25.202	22.137	22.072	415.42	415.34
05:39:06	23.59	23.536	23.821	25.111	22.135	22.072	415.42	415.34
05:40:06	23.59	23.536	23.816	25.053	22.134	22.072	415.42	415.34
05:41:06	23.592	23.536	23.818	24.996	22.135	22.071	415.42	415.34
05:42:06	23.591	23.536	23.812	24.963	22.134	22.071	415.42	415.34
05:43:06	23.591	23.536	23.806	24.943	22.134	22.07	415.42	415.34
05:44:06	23.591	23.536	23.805	24.932	22.133	22.069	415.42	415.34
05:45:06	23.591	23.536	23.795	24.943	22.132	22.07	415.42	415.34
05:46:06	23.592	23.535	23.8	24.961	22.136	22.071	415.42	415.34
05:47:06	23.59	23.536	23.806	24.952	22.136	22.071	415.42	415.34
05:48:06	23.592	23.535	23.802	24.956	22.136	22.071	415.42	415.34
05:49:06	23.591	23.536	23.801	24.956	22.136	22.07	415.42	415.34
05:50:06	23.591	23.536	23.795	24.966	22.137	22.07	415.42	415.34
05:51:06	23.591	23.536	23.791	24.975	22.135	22.072	415.42	415.34
05:52:06	23.592	23.536	23.791	24.957	22.135	22.071	415.42	415.34
05:53:06	23.591	23.537	23.793	24.95	22.135	22.072	415.42	415.34
05:54:06	23.592	23.536	23.784	24.958	22.136	22.071	415.42	415.34
05:55:07	23.591	23.537	23.79	24.968	22.135	22.072	415.42	415.34
05:56:06	23.592	23.538	23.786	24.97	22.137	22.072	415.42	415.34
05:57:06	23.592	23.538	23.791	24.963	22.136	22.071	415.42	415.34
05:58:06	23.592	23.536	23.792	24.99	22.135	22.071	415.42	415.34
05:59:06	23.593	23.538	23.79	25.039	22.136	22.071	415.42	415.34
06:00:06	23.593	23.538	23.801	25.064	22.137	22.071	415.42	415.34
06:01:06	23.592	23.537	23.801	25.036	22.133	22.071	415.42	415.34
06:02:06	23.591	23.537	23.8	25.025	22.136	22.07	415.42	415.34
06:03:06	23.592	23.539	23.797	24.99	22.137	22.072	415.42	415.34
06:04:06	23.593	23.539	23.794	24.984	22.137	22.073	415.42	415.34
06:05:06	23.593	23.54	23.791	24.962	22.137	22.072	415.42	415.34
06:06:06	23.593	23.539	23.787	24.963	22.138	22.075	415.42	415.34
06:07:06	23.593	23.539	23.792	24.948	22.136	22.073	415.42	415.34
06:08:06	23.593	23.539	23.793	24.919	22.137	22.073	415.42	415.34
06:09:06	23.592	23.54	23.79	24.906	22.137	22.072	415.42	415.34
06:10:06	23.593	23.539	23.787	24.893	22.136	22.071	415.42	415.34
06:11:06	23.593	23.54	23.783	24.879	22.136	22.072	415.42	415.34
06:12:06	23.593	23.539	23.782	24.877	22.137	22.072	415.42	415.34
06:13:06	23.593	23.539	23.782	24.887	22.135	22.071	415.42	415.34
06:14:06	23.593	23.539	23.777	24.908	22.137	22.072	415.42	415.34
06:15:06	23.592	23.539	23.778	24.912	22.137	22.072	415.42	0.0
06:16:06	23.593	23.539	23.78	24.906	22.137	22.072	415.42	415.34
06:17:06	23.592	23.539	23.786	24.917	22.135	22.072	415.42	415.34
06:18:06	23.592	23.537	23.785	24.909	22.134	22.071	415.42	415.34
06:19:06	23.594	23.538	23.787	24.919	22.134	22.072	415.42	415.34
06:20:06	23.594	23.538	23.78	24.93	22.135	22.071	415.42	415.34
06:21:06	23.593	23.537	23.787	24.917	22.134	22.071	415.42	415.34
06:22:06	23.592	23.538	23.782	24.896	22.135	22.071	415.42	415.34
06:23:06	23.593	23.538	23.778	24.904	22.134	22.072	415.42	415.34
06:24:06	23.594	23.538	23.78	24.893	22.135	22.072	415.42	415.34
06:25:06	23.593	23.538	23.776	24.891	22.134	22.072	415.42	415.34
06:26:06	23.593	23.539	23.78	24.898	22.135	22.071	415.42	415.34
06:27:06	23.593	23.539	23.781	24.893	22.137	22.072	415.42	415.34
06:28:06	23.594	23.541	23.781	24.928	22.139	22.073	415.42	415.34
06:29:06	23.595	23.542	23.782	25.023	22.14	22.074	415.42	415.34
06:30:06	23.595	23.544	23.785	25.057	22.141	22.075	415.42	415.34
06:31:07	23.595	23.545	23.789	25.111	22.144	22.076	415.42	415.34
06:32:06	0.0	23.549	23.792	25.084	22.145	22.08	415.42	415.34
06:33:06	23.597	23.554	23.8	25.043	22.15	22.082	415.42	415.34
06:34:06	23.598	23.557	23.8	25.053	22.154	22.084	415.42	415.34
06:35:06	23.599	23.561	23.796	25.056	22.156	22.084	415.42	415.34
06:36:08	23.599	23.561	23.789	25.062	22.152	22.083	415.42	415.34
06:37:06	23.599	23.561	23.789	25.058	22.15	22.08	415.42	415.34
06:38:06	23.599	23.561	23.787	25.022	22.148	22.082	415.42	415.34
06:39:06	23.599	23.559	23.781	24.992	22.148	22.081	415.42	415.34
06:40:06	23.599	23.56	23.775	24.973	22.151	22.079	415.42	415.34
06:41:06	23.599	23.559	23.769	24.912	22.152	22.082	415.42	415.34
06:42:06	23.598	23.557	23.767	24.884	22.151	22.081	415.42	415.34
06:43:06	23.6	23.557	23.765	24.863	22.15	22.081	415.42	415.34
06:44:06	23.6	23.558	23.762	24.862	22.15	22.081	415.42	415.34
06:45:06	23.6	23.556	23.76	24.851	22.148	22.08	415.42	415.34
06:46:06	23.599	23.554	23.758	24.848	22.146	22.078	415.42	415.34
06:47:06	23.598	23.552	23.764	24.838	22.144	22.075	415.42	415.34
06:48:06	23.599	23.551	23.773	24.813	22.142	22.074	415.42	415.34
06:49:06	23.598	23.549	23.775	24.794	22.142	22.075	415.42	415.34
06:50:06	23.598	23.547	23.768	24.805	22.142	22.074	415.42	415.34
06:51:06	23.599	23.548	23.765	24.822	22.142	22.073	415.42	415.34
06:52:06	23.597	23.545	23.766	24.835	22.141	22.074	415.42	415.34
06:53:06	23.597	23.545	23.763	24.84	22.141	22.073	415.42	415.34
06:54:06	23.597	23.545	23.765	24.862	22.139	22.073	415.42	415.34
06:55:06	23.597	23.544	23.76	24.895	22.138	22.073	415.42	415.34
06:56:06	23.597	23.545	23.765	24.982	22.139	22.073	415.42	415.34
06:57:06	23.599	23.545	23.767	25.03	22.139	22.074	415.42	415.34
06:58:06	23.597	23.545	23.767	25.081	22.139	22.073	415.42	415.34
06:59:06	23.597	23.544	23.77	25.195	22.138	22.072	415.42	415.34
07:00:06	23.598	23.545	23.772	25.217	22.137	22.072	415.42	415.34
07:01:06	23.599	23.544	23.788	25.196	22.138	22.073	415.42	415.34
07:02:06	23.599	23.544	23.792	25.177	22.138	22.072	415.42	415.34
07:03:06	23.597	23.544	23.79	25.127	22.137	22.072	415.42	415.34
07:04:06	23.598	23.543	23.788	25.089	22.137	22.072	415.42	415.34
07:05:06	23.598	23.544	23.785	25.048	22.135	22.072	415.42	415.34
07:06:06	23.598	23.544	23.775	25.062	22.136	22.073	415.42	415.34
07:07:08	23.598	23.544	23.775	25.049	22.136	22.074	415.42	415.34
07:08:06	23.599	23.545	23.781	25.027	22.138	22.074	415.42	415.34
07:09:07	23.598	23.545	23.781	24.991	22.138	22.073	415.42	415.34
07:10:06	0.0	23.546	23.792	24.982	22.139	22.075	415.42	415.34
07:11:08	23.599	23.547	23.787	24.974	22.139	22.074	415.42	415.34
07:12:06	23.599	23.548	23.779	24.98	22.138	22.073	415.42	415.34
07:13:06	23.599	23.548	23.781	24.966	22.139	22.074	415.42	415.34
07:14:06	23.597	23.546	23.776	24.939	22.137	22.074	415.42	415.34
07:15:06	23.599	23.546	23.771	24.919	22.138	22.074	415.42	415.34
07:16:06	23.599	23.547	23.768	24.906	22.138	22.072	415.42	415.34
07:17:06	23.6	23.545	23.766	24.892	22.137	22.073	415.42	415.34
07:18:06	23.599	23.547	23.775	24.864	22.137	22.073	415.42	415.34
07:19:06	23.599	23.546	23.767	24.87	22.136	22.072	415.42	415.34
07:20:06	23.599	23.545	23.765	24.875	22.136	22.073	415.42	415.34
07:21:06	23.599	23.546	23.767	24.886	22.138	22.075	415.42	415.34
07:22:06	23.599	23.546	23.78	24.883	22.134	22.073	415.42	415.34
07:23:06	23.599	23.544	23.78	24.879	22.135	22.072	415.42	415.34
07:24:06	23.599	23.545	23.766	24.875	22.136	22.072	415.42	415.34
07:25:06	23.599	23.544	23.757	24.875	22.136	22.071	415.42	415.34
07:26:06	23.598	23.543	23.773	24.868	22.133	22.071	415.42	415.34
07:27:06	23.597	23.542	23.768	24.853	22.133	22.072	415.42	415.34
07:28:06	23.599	23.541	23.762	24.881	22.133	22.072	415.42	415.34
07:29:06	23.599	23.543	23.77	24.981	22.131	22.073	415.42	415.34
07:30:06	23.599	23.543	23.77	25.083	22.133	22.072	415.42	415.34
07:31:06	23.598	23.542	23.774	25.095	22.133	22.072	415.42	415.34
07:32:06	23.599	23.542	23.778	25.09	22.133	22.072	415.42	415.34
07:33:06	23.599	23.542	23.781	25.038	22.131	22.072	415.42	415.34
07:34:06	23.598	23.543	23.784	25.017	22.134	22.073	415.42	415.34
07:35:06	23.599	23.542	23.782	25.025	22.134	22.073	415.42	415.34
07:36:06	23.6	23.543	23.777	25.059	22.133	22.072	415.42	415.34
07:37:06	23.599	23.543	23.78	25.054	22.133	22.072	415.42	415.34
07:38:06	23.6	23.544	23.776	25.06	22.133	22.074	415.42	415.34
07:39:06	23.599	23.544	23.773	25.114	22.134	22.073	415.42	415.34
07:40:06	23.599	23.545	23.787	25.105	22.134	22.074	415.42	415.34
07:41:06	23.599	23.544	23.785	25.078	22.134	22.074	415.42	415.34
07:42:06	23.6	23.544	23.785	25.067	22.133	22.073	415.42	415.34
07:43:06	23.599	23.544	23.792	25.021	22.132	22.074	415.42	415.34
07:44:06	23.599	23.543	23.786	25.011	22.132	22.073	415.42	415.34
07:45:07	23.6	23.543	23.787	25.011	22.133	22.073	415.42	415.34
07:46:07	23.6	23.543	23.788	24.986	22.134	22.073	415.42	415.34
07:47:07	23.599	23.544	23.779	24.988	22.133	22.073	415.42	415.34
07:48:07	23.6	23.544	23.779	24.97	22.134	22.073	415.42	415.34
07:49:07	23.599	23.544	23.775	24.945	22.134	22.074	415.42	415.34
07:50:07	23.6	23.543	23.783	24.94	22.133	22.073	415.42	415.34
07:51:07	23.6	23.544	23.777	24.912	22.133	22.072	415.42	415.34
07:52:07	23.601	23.544	23.771	24.896	22.134	22.074	415.42	415.34
07:53:07	23.6	23.544	23.774	24.896	22.135	22.074	415.42	415.34
07:54:07	23.6	23.546	23.766	24.882	22.133	22.074	415.42	415.34
07:55:07	23.6	23.545	23.764	24.883	22.133	22.073	415.42	415.34
07:56:07	23.6	23.545	23.774	24.902	22.132	22.074	415.42	415.34
07:57:07	23.6	23.544	23.773	24.907	22.133	22.073	415.42	415.34
07:58:07	23.6	23.545	23.778	24.93	22.133	22.072	415.42	415.34
07:59:07	23.6	23.543	23.778	24.939	22.133	22.073	415.42	415.34
08:00:07	23.6	23.543	23.777	24.931	22.133	22.073	415.42	415.34
08:01:07	23.6	23.544	23.783	24.93	22.132	22.073	415.42	415.34
08:02:07	23.6	23.544	23.778	24.935	22.134	22.074	415.42	415.34
08:03:07	23.6	23.545	23.783	24.936	22.135	22.075	415.42	415.34
08:04:07	23.6	23.544	23.788	24.902	22.133	22.074	415.42	415.34
08:05:07	23.601	23.544	23.778	24.883	22.132	22.072	415.42	415.34
08:06:07	23.601	23.543	23.776	24.882	22.133	22.072	415.42	415.34
08:07:07	23.599	23.544	23.78	24.875	22.134	22.073	415.42	415.34
08:08:07	23.6	23.543	23.775	24.874	22.133	22.073	415.42	415.34
08:09:07	23.6	23.544	23.772	24.875	22.132	22.072	415.42	415.34
08:10:07	23.6	23.543	23.773	24.881	22.133	22.074	415.42	415.34
08:11:07	23.6	23.544	23.761	24.879	22.133	22.072	415.42	415.34
08:12:07	23.6	23.544	23.757	24.953	22.133	22.074	415.42	415.34
08:13:07	23.6	23.544	23.769	25.28	22.133	22.072	415.42	415.34
08:14:07	23.601	23.545	23.777	25.585	22.133	22.075	415.42	415.34
08:15:07	23.601	23.545	23.79	25.622	22.133	22.073	415.42	415.34
08:16:07	23.601	23.545	23.796	25.547	22.134	22.074	415.42	415.34
08:17:07	23.601	23.546	23.805	25.472	22.134	22.074	415.42	415.34
08:18:07	23.6	23.544	23.807	25.389	22.133	22.073	415.42	415.34
08:19:07	23.601	23.544	23.804	25.299	22.133	22.073	415.42	415.34
08:20:07	23.602	23.544	23.807	25.238	22.133	22.075	415.42	415.34
08:21:07	23.6	23.544	23.798	25.193	22.132	22.073	415.42	415.34
08:22:07	23.602	23.544	23.796	25.171	22.134	22.073	415.42	415.34
08:23:07	23.6	23.544	23.799	25.158	22.134	22.074	415.42	415.34
08:24:07	23.601	23.544	23.801	25.114	22.134	22.074	415.42	415.34
08:25:07	23.601	23.544	23.793	25.052	22.133	22.074	415.42	415.34
08:26:07	23.6	23.544	23.782	25.023	22.133	22.072	415.42	415.34
08:27:07	23.6	23.541	23.775	25.022	22.13	22.072	415.42	415.34
08:28:07	23.6	23.542	23.774	25.01	22.13	22.071	415.42	415.34
08:29:07	23.6	23.541	23.778	24.994	22.128	22.07	415.42	415.34
08:30:07	23.599	23.541	23.772	24.96	22.128	22.072	415.42	415.34
08:31:07	23.6	23.54	23.768	24.954	22.128	22.07	415.42	415.34
08:32:07	23.601	23.54	23.764	24.991	22.129	22.07	415.42	415.34
08:33:07	23.6	23.538	23.77	25.047	22.125	22.071	415.42	415.34
08:34:07	23.599	23.538	23.773	25.083	22.125	22.07	415.42	415.34
08:35:07	23.599	23.538	23.77	25.095	22.125	22.069	415.42	415.34
08:36:07	23.6	23.537	23.773	25.218	22.126	22.07	415.42	415.34
08:37:07	23.599	23.538	23.776	25.291	22.125	22.07	415.42	415.34
08:38:07	23.599	23.538	23.785	25.277	22.124	22.068	415.42	415.34
08:39:07	23.6	23.539	23.783	25.222	22.126	22.071	415.42	415.34
08:40:07	23.6	23.539	23.784	25.115	22.128	22.071	415.42	415.34
08:41:07	23.6	23.539	23.777	25.073	22.13	22.072	415.42	415.34
08:42:07	23.6	23.541	23.774	25.098	22.129	22.073	415.42	415.34
08:43:07	23.6	23.541	23.772	25.032	22.13	22.073	415.42	415.34
08:44:07	23.6	23.542	23.769	25.0	22.133	22.072	415.42	415.34
08:45:07	23.6	23.543	23.768	25.012	22.131	22.072	415.42	415.34
08:46:07	23.6	23.543	23.765	25.036	22.131	22.075	415.42	415.34
08:47:07	23.6	23.543	23.762	25.023	22.13	22.073	415.42	415.34
08:48:07	23.6	23.544	23.765	25.024	22.129	22.073	415.42	415.34
08:49:07	23.601	23.543	23.765	25.004	22.132	22.072	415.42	415.34
08:50:07	23.602	23.543	23.765	24.99	22.132	22.074	415.42	415.34
08:51:07	23.601	23.544	23.76	24.945	22.131	22.074	415.42	415.34
08:52:07	23.601	23.545	23.753	24.922	22.131	22.074	415.42	415.34
08:53:07	23.6	23.545	23.754	24.903	22.133	22.075	415.42	415.34
08:54:07	23.601	23.546	23.753	24.863	22.135	22.076	415.42	415.34
08:55:07	23.601	23.547	23.749	24.846	22.133	22.076	415.42	415.34
08:56:07	23.602	23.547	23.738	24.822	22.134	22.076	415.42	415.34
08:57:07	23.602	23.548	23.738	24.825	22.133	22.075	415.42	415.34
08:58:08	23.602	23.548	23.733	24.82	22.13	22.074	415.42	415.34
08:59:07	23.602	23.546	23.737	24.845	22.13	22.074	415.42	415.34
09:00:08	23.601	23.547	23.739	24.834	22.132	22.072	415.42	415.34
09:01:07	23.601	23.546	23.739	24.84	22.131	22.073	415.42	415.34
09:02:07	23.602	23.545	23.74	24.824	22.131	22.073	415.42	415.34
09:03:07	23.601	23.544	23.734	24.93	22.131	22.072	415.42	415.34
09:04:07	23.601	23.544	23.731	24.945	22.132	22.073	415.42	415.34
09:05:07	23.601	23.545	23.732	24.939	22.133	22.074	415.42	415.34
09:06:07	23.601	23.543	23.736	24.908	22.132	22.073	415.42	415.34
09:07:07	23.601	23.543	23.732	24.886	22.131	22.074	415.42	415.34
09:08:07	23.601	23.542	23.727	24.868	22.13	22.071	415.42	415.34
09:09:07	23.6	23.541	23.727	24.848	22.129	22.071	415.42	415.34
09:10:07	23.6	23.541	23.725	24.855	22.13	22.071	415.42	415.34
09:11:07	23.601	23.541	23.726	24.903	22.129	22.072	415.42	415.34
09:12:07	23.601	23.541	23.733	25.008	22.13	22.072	415.42	415.34
09:13:07	23.601	23.541	23.735	25.021	22.129	22.072	415.42	415.34
09:14:07	23.601	23.541	23.739	25.046	22.13	22.072	415.42	415.34
09:15:07	23.602	23.541	23.742	25.01	22.13	22.074	415.42	415.34
09:16:07	23.601	23.542	23.736	24.997	22.13	22.072	415.42	415.34
09:17:08	23.602	23.543	23.737	24.984	22.13	22.073	415.42	415.34
09:18:07	23.601	23.542	23.733	24.966	22.129	22.072	415.42	415.34
09:19:07	23.601	23.542	23.73	24.931	22.129	22.071	415.42	415.34
09:20:07	23.601	23.542	23.729	24.908	22.129	22.071	415.42	415.34
09:21:07	23.601	23.541	23.727	24.893	22.129	22.072	415.42	415.34
09:22:07	23.601	23.54	23.729	24.858	22.128	22.07	415.42	415.34
09:23:07	23.601	23.539	23.73	24.841	22.125	22.069	415.42	415.34
09:24:07	23.6	23.538	23.739	24.828	22.123	22.069	415.42	415.34
09:25:07	23.6	23.536	23.735	24.849	22.121	22.068	415.42	415.34
09:26:07	23.6	23.536	23.734	24.875	22.121	22.069	415.42	415.34
09:27:07	23.6	23.534	23.738	24.892	22.121	22.067	415.42	415.34
09:28:07	23.598	23.532	23.733	24.889	22.12	22.066	415.42	415.34
09:29:07	23.599	23.532	23.727	24.896	22.118	22.066	415.42	415.34
09:30:07	23.598	23.532	23.726	24.898	22.119	22.065	415.42	415.34
09:31:07	23.599	23.531	23.722	24.903	22.117	22.065	415.42	415.34
09:32:07	23.597	23.53	23.733	24.91	22.116	22.065	415.42	415.34
09:33:07	23.598	23.53	23.734	24.889	22.118	22.066	415.42	415.34
09:34:07	23.598	23.53	23.734	24.878	22.117	22.066	415.42	415.34
09:35:07	23.597	23.53	23.73	24.862	22.118	22.065	415.42	415.34
09:36:07	23.598	23.529	23.734	24.851	22.119	22.067	415.42	415.34
09:37:07	23.597	23.53	23.731	24.841	22.116	22.065	415.42	415.34
09:38:07	23.597	23.528	23.726	24.826	22.116	22.066	415.42	415.34
09:39:07	23.597	23.527	23.724	24.821	22.116	22.066	415.42	415.34
09:40:07	23.597	23.529	23.722	24.821	22.117	22.065	415.42	415.34
09:41:07	23.598	23.53	23.729	24.891	22.119	22.066	415.42	415.34
09:42:07	23.598	23.529	23.729	24.935	22.119	22.065	415.42	415.34
09:43:07	23.598	23.53	23.729	25.033	22.12	22.067	415.42	415.34
09:44:07	23.597	23.53	23.741	25.032	22.12	22.067	415.42	415.34
09:45:07	23.597	23.53	23.739	25.017	22.12	22.067	415.42	415.34
09:46:07	23.596	23.531	23.742	25.022	22.12	22.066	415.42	415.34
09:47:07	23.597	23.53	23.74	25.052	22.12	22.065	415.42	415.34
09:48:07	23.597	23.53	23.738	25.059	22.119	22.066	415.42	415.34
09:49:07	23.597	23.53	23.745	25.018	22.118	22.067	415.42	415.34
09:50:07	23.597	23.529	23.743	25.062	22.119	22.067	415.42	415.34
09:51:07	23.596	23.528	23.746	25.14	22.119	22.067	415.42	415.34
09:52:07	23.597	23.53	23.751	25.112	22.117	22.067	415.42	415.34
09:53:07	23.596	23.529	23.76	25.066	22.118	22.066	415.42	415.34
09:54:07	23.596	23.529	23.754	25.008	22.119	22.066	415.42	415.34
09:55:07	23.597	23.529	23.754	25.001	22.12	22.068	415.42	415.34
09:56:07	23.597	23.53	23.751	24.982	22.12	22.068	415.42	415.34
09:57:07	23.597	23.53	23.752	25.03	22.122	22.068	415.42	415.34
09:58:07	23.598	23.531	23.756	25.092	22.121	22.068	415.42	415.34
09:59:07	23.597	23.531	23.753	25.129	22.124	22.07	415.42	415.34
10:00:07	23.598	23.533	23.757	25.159	22.124	22.07	415.42	415.34
10:01:07	23.598	23.533	23.764	25.318	22.124	22.069	415.42	415.34
10:02:07	23.597	23.536	23.765	25.508	22.125	22.069	415.42	415.34
10:03:08	23.598	23.535	23.776	25.422	22.127	22.071	415.42	415.34
10:04:07	0.0	23.537	23.78	25.361	22.124	22.072	415.42	415.34
10:05:08	23.598	23.537	23.779	25.261	22.125	22.072	415.42	415.34
10:06:07	23.598	23.536	23.775	25.218	22.127	22.071	415.42	415.34
10:07:09	23.597	23.535	23.775	25.201	22.125	22.07	415.42	415.34
10:08:07	23.597	23.535	23.78	25.21	22.125	22.069	415.42	415.34
10:09:07	23.598	23.534	23.78	25.205	22.124	22.07	415.42	415.34
10:10:07	23.598	23.534	23.776	25.224	22.125	22.069	415.42	415.34
10:11:07	23.597	23.536	23.777	25.241	22.125	22.071	415.42	415.34
10:12:07	23.597	23.535	23.78	25.283	22.124	22.07	415.42	415.34
10:13:07	23.596	23.534	23.775	25.244	22.125	22.069	415.42	415.34
10:14:07	23.597	23.533	23.772	25.217	22.125	22.069	415.42	415.34
10:15:07	23.598	23.533	23.77	25.207	22.124	22.068	415.42	415.34
10:16:07	23.598	23.533	23.776	25.127	22.125	22.069	415.42	415.34
10:17:07	23.597	23.533	23.782	25.072	22.124	22.07	415.42	415.34
10:18:07	23.598	23.534	23.784	25.027	22.123	22.069	415.42	415.34
10:19:07	23.597	23.533	23.78	24.989	22.125	22.071	415.42	415.34
10:20:07	23.597	23.533	23.77	24.961	22.124	22.07	415.42	415.34
10:21:07	23.596	23.533	23.773	24.959	22.124	22.071	415.42	415.34
10:22:07	23.597	23.533	23.774	24.958	22.125	22.071	415.42	415.34
10:23:07	23.597	23.534	23.776	24.957	22.126	22.071	415.42	415.34
10:24:07	23.597	23.534	23.771	24.995	22.127	22.071	415.42	415.34
10:25:07	23.598	23.534	23.77	25.005	22.126	22.071	415.42	415.34
10:26:07	23.597	23.534	23.77	24.972	22.127	22.071	415.42	415.34
10:27:07	23.597	23.534	23.774	24.935	22.127	22.071	415.42	415.34
10:28:07	23.597	23.535	23.771	24.902	22.127	22.071	415.42	415.34
10:29:07	23.597	23.535	23.77	24.885	22.127	22.072	415.42	415.34
10:30:07	23.597	23.535	23.763	24.885	22.127	22.073	415.42	415.34
10:31:07	23.597	23.535	23.768	24.884	22.126	22.071	415.42	415.34
10:32:07	23.598	23.537	23.761	24.896	22.127	22.073	415.42	415.34
10:33:07	23.598	23.535	23.759	24.889	22.124	22.071	415.42	415.34
10:34:07	23.598	23.536	23.761	24.898	22.124	22.071	415.42	415.34
10:35:07	23.597	23.534	23.761	24.925	22.123	22.07	415.42	415.34
10:36:07	23.597	23.532	23.761	24.993	22.122	22.069	415.42	415.34
10:37:07	23.595	23.531	23.761	24.98	22.122	22.067	415.42	415.34
10:38:07	23.597	23.53	23.761	24.945	22.121	22.067	415.42	415.34
10:39:08	23.596	23.529	23.763	24.911	22.124	22.068	415.42	415.34
10:40:07	0.0	23.53	23.763	24.916	22.125	22.069	415.42	415.34
10:41:07	23.596	23.53	23.755	24.893	22.125	22.07	415.42	415.34
10:42:07	23.597	23.531	23.758	24.893	22.125	22.071	415.42	415.34
10:43:07	23.596	23.533	23.754	24.886	22.126	22.072	415.42	415.34
10:44:07	23.597	23.532	23.755	24.887	22.125	22.072	415.42	415.34
10:45:07	23.597	23.534	23.755	24.882	22.125	22.071	415.42	415.34
10:46:07	23.598	23.534	23.76	24.888	22.125	22.071	415.42	415.34
10:47:09	23.596	23.533	23.759	24.886	22.125	22.071	415.42	415.34
10:48:07	23.597	23.533	23.758	24.887	22.125	22.071	415.42	415.34
10:49:07	23.596	23.532	23.756	24.889	22.124	22.071	415.42	415.34
10:50:07	23.596	23.532	23.748	24.889	22.124	22.07	415.42	415.34
10:51:07	23.596	23.532	23.75	24.903	22.124	22.071	415.42	415.34
10:52:07	23.596	23.531	23.746	24.889	22.123	22.07	415.42	415.34
10:53:07	23.597	23.53	23.749	24.881	22.124	22.07	415.42	415.34
10:54:07	23.596	23.53	23.746	24.882	22.126	22.07	415.42	415.34
10:55:07	23.595	23.531	23.751	24.874	22.124	22.069	415.42	415.34
10:56:07	23.597	23.531	23.748	24.869	22.124	22.069	415.42	415.34
10:57:07	23.596	23.531	23.745	24.881	22.124	22.069	415.42	415.34
10:58:07	23.596	23.531	23.743	24.884	22.123	22.069	415.42	415.34
10:59:07	23.597	23.532	23.747	24.879	22.124	22.071	415.42	415.34
11:00:07	23.596	23.532	23.751	24.874	22.126	22.072	415.42	415.34
11:01:07	23.596	23.532	23.747	24.875	22.125	22.07	415.42	415.34
11:02:07	23.596	23.53	23.746	24.879	22.127	22.07	415.42	415.34
11:03:07	23.596	23.53	23.745	24.871	22.125	22.07	415.42	415.34
11:04:07	23.595	23.531	23.742	24.891	22.124	22.071	415.42	415.34
11:05:07	23.597	23.531	23.739	24.951	22.125	22.071	415.42	415.34
11:06:07	23.596	23.532	23.749	25.066	22.125	22.072	415.42	415.34
11:07:07	23.598	23.533	23.76	25.144	22.127	22.072	415.42	415.34
11:08:07	23.597	23.533	23.768	25.167	22.127	22.072	415.42	415.34
11:09:09	23.598	23.533	23.76	25.156	22.127	22.071	415.42	415.34
11:10:07	23.598	23.534	23.76	25.095	22.126	22.071	415.42	415.34
11:11:07	23.597	23.534	23.763	25.054	22.127	22.072	415.42	415.34
11:12:07	23.596	23.533	23.764	25.051	22.127	22.072	415.42	415.34
11:13:07	23.597	23.534	23.764	25.017	22.128	22.071	415.42	415.34
11:14:07	23.597	23.534	23.761	24.999	22.127	22.073	415.42	415.34
11:15:07	23.597	23.534	23.761	24.972	22.129	22.072	415.42	415.34
11:16:07	23.597	23.535	23.761	24.982	22.128	22.073	415.42	415.34
11:17:07	23.598	23.535	23.758	24.966	22.127	22.073	415.42	415.34
11:18:07	23.597	23.535	23.753	24.945	22.127	22.073	415.42	415.34
11:19:07	23.599	23.535	23.756	24.923	22.127	22.072	415.42	415.34
11:20:07	23.598	23.535	23.754	24.923	22.129	22.073	415.42	415.34
11:21:07	23.597	23.535	23.757	24.908	22.128	22.073	415.42	415.34
11:22:07	23.597	23.535	23.753	24.896	22.127	22.071	415.42	415.34
11:23:07	23.597	23.535	23.75	24.873	22.127	22.071	415.42	415.34
11:24:07	23.596	23.533	23.746	24.856	22.128	22.072	415.42	415.34
11:25:08	23.597	23.535	23.753	24.84	22.128	22.073	415.42	415.34
11:26:07	23.596	23.534	23.751	24.858	22.128	22.074	415.42	415.34
11:27:10	23.598	23.533	23.744	24.877	22.128	22.074	415.42	415.34
11:28:07	23.597	23.535	23.75	24.885	22.127	22.072	415.42	415.34
11:29:09	23.597	23.534	23.75	24.872	22.127	22.072	415.42	415.34
11:30:07	23.596	23.533	23.746	24.903	22.128	22.072	415.42	415.34
11:31:07	23.597	23.533	23.75	25.033	22.125	22.073	415.42	415.34
11:32:07	23.597	23.532	23.754	25.088	22.127	22.072	415.42	415.34
11:33:07	23.596	23.532	23.767	25.079	22.127	22.071	415.42	415.34
11:34:07	23.597	23.533	23.765	25.086	22.127	22.072	415.42	415.34
11:35:07	23.597	23.533	23.766	25.072	22.128	22.073	415.42	415.34
11:36:07	23.596	23.533	23.772	25.043	22.127	22.072	415.42	415.34
11:37:07	23.596	23.534	23.765	24.989	22.126	22.073	415.42	415.34
11:38:07	23.596	23.533	23.764	24.967	22.128	22.072	415.42	415.34
11:39:07	23.597	23.535	23.759	24.96	22.128	22.072	415.42	415.34
11:40:07	23.597	23.534	23.75	24.946	22.126	22.073	415.42	415.34
11:41:07	23.598	23.534	23.753	24.932	22.128	22.072	415.42	415.34
11:42:07	23.597	23.534	23.75	24.901	22.128	22.073	415.42	415.34
11:43:07	23.596	23.535	23.756	24.915	22.128	22.074	415.42	415.34
11:44:07	23.596	23.536	23.756	24.923	22.13	22.074	415.42	415.34
11:45:07	23.597	23.536	23.755	24.907	22.132	22.075	415.42	415.34
11:46:07	23.598	23.539	23.76	24.902	22.132	22.076	415.42	415.34
11:47:07	23.598	23.539	23.755	24.914	22.132	22.076	415.42	415.34
11:48:07	23.598	23.54	23.749	24.916	22.131	22.075	415.42	415.34
11:49:07	23.599	23.541	23.765	24.959	22.132	22.078	415.42	415.34
11:50:07	23.598	23.541	23.762	25.02	22.132	22.077	415.42	415.34
11:51:07	23.599	23.543	23.759	25.099	22.134	22.077	415.42	415.34
11:52:07	23.6	23.543	23.759	25.173	22.132	22.078	415.42	415.34
11:53:07	23.599	23.543	23.759	25.238	22.132	22.076	415.42	415.34
11:54:07	23.599	23.542	23.772	25.187	22.131	22.078	415.42	415.34
11:55:07	23.599	23.542	23.775	25.151	22.132	22.076	415.42	415.34
11:56:07	23.6	23.542	23.772	25.113	22.131	22.076	415.42	415.34
11:57:07	23.599	23.542	23.774	25.08	22.132	22.076	415.42	415.34
11:58:07	23.6	23.541	23.775	25.088	22.132	22.075	415.42	415.34
11:59:07	23.597	23.541	23.774	25.057	22.131	22.074	415.42	415.34
12:00:07	23.599	23.541	23.771	25.02	22.133	22.076	415.42	415.34
12:01:08	23.598	23.54	23.768	25.028	22.132	22.076	415.42	415.34
12:02:07	23.599	23.54	23.773	25.068	22.131	22.077	415.42	415.34
12:03:08	23.598	23.541	23.78	25.075	22.132	22.075	415.42	415.34
12:04:07	23.599	23.541	23.78	25.03	22.132	22.076	415.42	415.34
12:05:07	23.599	23.541	23.778	25.079	22.13	22.077	415.42	415.34
12:06:07	23.599	23.54	23.782	25.111	22.131	22.076	415.42	415.34
12:07:07	23.599	23.54	23.779	25.129	22.132	22.075	415.42	415.34
12:08:07	23.599	23.54	23.77	25.146	22.129	22.074	415.42	415.34
12:09:07	23.599	23.539	23.773	25.135	22.129	22.072	415.42	415.34
12:10:07	23.597	23.539	23.776	25.155	22.128	22.074	415.42	415.34
12:11:08	23.598	23.539	23.785	25.148	22.129	22.076	415.42	415.34
12:12:07	23.599	23.54	23.787	25.095	22.131	22.076	415.42	415.34
12:13:07	23.598	23.539	23.784	25.051	22.132	22.076	415.42	415.34
12:14:07	23.599	23.538	23.778	25.023	22.131	22.076	415.42	415.34
12:15:07	23.599	23.539	23.78	25.067	22.131	22.077	415.42	415.34
12:16:07	23.6	23.541	23.78	25.139	22.131	22.077	415.42	415.34
12:17:07	23.6	23.54	23.791	25.178	22.13	22.076	415.42	415.34
12:18:07	23.6	23.541	23.789	25.132	22.131	22.076	415.42	415.34
12:19:07	23.599	23.541	23.788	25.083	22.132	22.075	415.42	415.34
12:20:07	23.599	23.541	23.789	25.035	22.131	22.076	415.42	415.34
12:21:07	23.599	23.541	23.782	24.983	22.132	22.077	415.42	415.34
12:22:07	23.599	23.542	23.786	24.953	22.132	22.078	415.42	415.34
12:23:07	23.6	23.542	23.784	24.932	22.133	22.079	415.42	415.34
12:24:07	23.6	23.543	23.782	24.956	22.133	22.078	415.42	415.34
12:25:07	23.6	23.542	23.782	25.016	22.133	22.078	415.42	415.34
12:26:07	23.6	23.544	23.783	25.071	22.133	22.076	415.42	415.34
12:27:07	23.6	23.542	23.787	25.11	22.132	22.076	415.42	415.34
12:28:07	23.6	23.543	23.785	25.182	22.135	22.079	415.42	415.34
12:29:07	23.601	23.543	23.788	25.213	22.133	22.077	415.42	415.34
12:30:07	23.6	23.543	23.794	25.165	22.133	22.078	415.42	415.34
12:31:07	23.6	23.544	23.793	25.102	22.135	22.078	415.42	415.34
12:32:07	23.6	23.543	23.792	25.094	22.136	22.076	415.42	415.34
12:33:09	23.601	23.545	23.791	25.079	22.135	22.08	415.42	415.34
12:34:07	23.601	23.544	23.79	25.104	22.135	22.079	415.42	415.34
12:35:09	23.601	23.545	23.79	25.114	22.135	22.079	415.42	415.34
12:36:07	23.601	23.545	23.789	25.102	22.137	22.08	415.42	415.34
12:37:09	23.601	23.546	23.796	25.064	22.135	22.081	415.42	415.34
12:38:07	23.602	23.547	23.792	25.038	22.135	22.08	415.42	415.34
12:39:07	23.602	23.547	23.789	25.02	22.136	22.078	415.42	415.34
12:40:07	23.602	23.547	23.786	25.01	22.137	22.079	415.42	415.34
12:41:07	23.602	23.548	23.784	25.014	22.135	22.08	415.42	415.34
12:42:07	23.603	23.547	23.785	25.0	22.136	22.079	415.42	415.34
12:43:07	23.602	23.547	23.785	24.976	22.137	22.08	415.42	415.34
12:44:07	23.603	23.548	23.781	24.971	22.135	22.081	415.42	415.34
12:45:07	23.603	23.548	23.778	24.961	22.137	22.08	415.42	415.34
12:46:07	23.602	23.547	23.783	24.949	22.135	22.08	415.42	415.34
12:47:07	23.602	23.546	23.779	24.933	22.135	22.078	415.42	415.34
12:48:07	23.602	23.547	23.775	24.919	22.136	22.078	415.42	415.34
12:49:07	23.602	23.546	23.767	24.923	22.136	22.079	415.42	415.34
12:50:07	23.602	23.546	23.764	24.915	22.136	22.079	415.42	415.34
12:51:07	23.603	23.545	23.763	24.896	22.137	22.079	415.42	415.34
12:52:07	23.602	23.546	23.761	24.889	22.136	22.077	415.42	415.34
12:53:07	23.602	23.546	23.76	24.868	22.135	22.078	415.42	415.34
12:54:07	23.602	23.545	23.769	24.871	22.134	22.078	415.42	415.34
12:55:07	23.602	23.545	23.774	24.899	22.135	22.079	415.42	415.34
12:56:07	23.602	23.545	23.767	24.938	22.135	22.08	415.42	415.34
12:57:07	23.602	23.547	23.775	24.978	22.136	22.078	415.42	415.34
12:58:07	23.603	23.547	23.785	25.01	22.136	22.079	415.42	415.34
12:59:09	23.603	23.547	23.789	25.026	22.138	22.08	415.42	415.34
13:00:07	23.602	23.547	23.79	25.058	22.138	22.08	415.42	415.34
13:01:07	23.603	23.547	23.789	25.041	22.138	22.079	415.42	415.34
13:02:07	23.604	23.547	23.796	24.997	22.137	22.079	415.42	415.34
13:03:07	23.603	23.547	23.793	24.959	22.138	22.078	415.42	415.34
13:04:07	23.604	23.548	23.783	24.933	22.137	22.078	415.42	415.34
13:05:07	23.603	23.547	23.782	24.93	22.139	22.08	415.42	415.34
13:06:07	23.604	23.549	23.786	24.913	22.14	22.082	415.42	415.34
13:07:07	23.605	23.551	23.789	24.912	22.139	22.082	415.42	415.34
13:08:07	23.603	23.55	23.78	24.915	22.141	22.081	415.42	415.34
13:09:07	23.603	23.55	23.778	24.908	22.14	22.08	415.42	415.34
13:10:07	23.604	23.55	23.783	24.896	22.141	22.081	415.42	415.34
13:11:07	23.605	23.55	23.781	24.919	22.14	22.081	415.42	415.34
13:12:07	23.604	23.55	23.785	24.935	22.14	22.081	415.42	415.34
13:13:07	23.603	23.549	23.788	24.933	22.138	22.082	415.42	415.34
13:14:07	23.605	23.55	23.782	24.93	22.139	22.081	415.42	415.34
13:15:07	23.604	23.55	23.782	24.932	22.14	22.082	415.42	415.34
13:16:07	23.605	23.551	23.785	24.917	22.141	22.082	415.42	415.34
13:17:07	23.604	23.551	23.79	24.913	22.141	22.082	415.42	415.34
13:18:07	23.606	23.552	23.786	24.906	22.14	22.081	415.42	415.34
13:19:07	23.605	23.552	23.784	24.899	22.141	22.081	415.42	415.34
13:20:07	23.605	23.551	23.784	24.876	22.139	22.081	415.42	415.34
13:21:07	23.605	23.551	23.772	24.872	22.139	22.081	415.42	415.34
13:22:07	23.605	23.551	23.769	24.883	22.141	22.081	415.42	415.34
13:23:07	23.605	23.551	23.772	24.901	22.139	22.081	415.42	415.34
13:24:07	23.606	23.551	23.771	24.922	22.141	22.08	415.42	415.34
13:25:07	23.606	23.551	23.772	24.929	22.141	22.08	415.42	415.34
13:26:07	23.606	23.552	23.777	24.931	22.141	22.081	415.42	415.34
13:27:07	23.605	23.551	23.78	24.943	22.141	22.082	415.42	415.34
13:28:07	23.605	23.551	23.78	24.946	22.14	22.081	415.42	415.34
13:29:07	23.605	23.551	23.782	24.998	22.14	22.082	415.42	415.34
13:30:07	23.605	23.552	23.782	25.054	22.14	22.08	415.42	415.34
13:31:07	23.606	23.549	23.779	25.088	22.141	22.08	415.42	415.34
13:32:07	23.606	23.55	23.784	25.057	22.138	22.081	415.42	415.34
13:33:07	23.607	23.55	23.781	25.048	22.139	22.081	415.42	415.34
13:34:07	23.606	23.551	23.776	25.025	22.139	22.081	415.42	415.34
13:35:07	23.605	23.551	23.767	25.026	22.139	22.081	415.42	415.34
13:36:07	23.605	23.551	23.765	25.013	22.14	22.081	415.42	415.34
13:37:07	23.606	23.551	23.762	24.976	22.14	22.08	415.42	415.34
13:38:07	23.606	23.551	23.761	24.944	22.14	22.08	415.42	415.34
13:39:07	23.607	23.552	23.758	24.911	22.141	22.083	415.42	415.34
13:40:07	23.607	23.552	23.758	24.889	22.141	22.082	415.42	415.34
13:41:07	23.607	23.553	23.754	24.886	22.143	22.083	415.42	415.34
13:42:07	23.605	23.554	23.759	24.883	22.142	22.082	415.42	415.34
13:43:07	23.607	23.554	23.753	24.857	22.142	22.082	415.42	415.34
13:44:07	23.608	23.555	23.747	24.843	22.141	22.082	415.42	415.34
13:45:07	23.608	23.554	23.746	24.828	22.143	22.082	415.42	415.34
13:46:07	23.607	23.554	23.743	24.831	22.142	22.083	415.42	415.34
13:47:07	23.607	23.554	23.741	24.841	22.142	22.081	415.42	415.34
13:48:07	23.607	23.555	23.744	24.832	22.142	22.082	415.42	415.34
13:49:07	23.607	23.554	23.75	24.822	22.142	22.082	415.42	415.34
13:50:07	23.608	23.554	23.749	24.826	22.141	22.082	415.42	415.34
13:51:07	23.607	23.553	23.757	24.831	22.141	22.081	415.42	415.34
13:52:07	23.607	23.553	23.748	24.848	22.142	22.082	415.42	415.34
13:53:07	23.608	23.552	23.75	24.851	22.141	22.082	415.42	415.34
13:54:07	23.607	23.552	23.753	24.859	22.14	22.082	415.42	415.34
13:55:07	23.607	23.552	23.75	24.873	22.14	22.081	415.42	415.34
13:56:07	23.606	23.551	23.761	24.875	22.138	22.082	415.42	415.34
13:57:07	23.606	23.551	23.76	24.872	22.139	22.08	415.42	415.34
13:58:07	23.607	23.55	23.755	24.879	22.139	22.081	415.42	415.34
13:59:07	23.608	23.549	23.75	24.892	22.138	22.08	415.42	415.34
14:00:07	23.607	23.549	23.757	24.893	22.137	22.08	415.42	415.34
14:01:07	23.607	23.549	23.757	25.016	22.138	22.079	415.42	415.34
14:02:07	23.607	23.549	23.757	25.196	22.138	22.079	415.42	415.34
14:03:07	23.608	23.549	23.766	25.291	22.137	22.079	415.42	415.34
14:04:07	23.606	23.549	23.775	25.327	22.137	22.08	415.42	415.34
14:05:07	23.607	23.55	23.784	25.316	22.139	22.081	415.42	415.34
14:06:07	23.608	23.551	23.791	25.256	22.139	22.081	415.42	415.34
14:07:07	23.607	23.553	23.795	25.187	22.139	22.082	415.42	415.34
14:08:07	23.608	23.553	23.787	25.135	22.141	22.083	415.42	415.34
14:09:07	23.608	23.553	23.79	25.099	22.142	22.082	415.42	415.34
14:10:07	23.607	23.555	23.781	25.068	22.141	22.083	415.42	415.34
14:11:07	23.609	23.555	23.784	25.058	22.141	22.082	415.42	415.34
14:12:07	23.608	23.554	23.782	25.036	22.141	22.082	415.42	415.34
14:13:07	23.61	23.555	23.784	25.0	22.141	22.083	415.42	415.34
14:14:08	23.608	23.555	23.785	24.972	22.141	22.082	415.42	415.34
14:15:07	0.0	23.555	23.781	24.965	22.142	22.082	415.42	415.34
14:16:07	23.607	23.556	23.775	24.939	22.14	22.082	415.42	415.34
14:17:09	23.608	23.555	23.767	24.909	22.141	22.083	415.42	415.34
14:18:07	23.609	23.555	23.767	24.931	22.14	22.082	415.42	415.34
14:19:07	23.61	23.555	23.766	24.921	22.141	22.082	415.42	415.34
14:20:07	23.608	23.554	23.767	24.922	22.14	22.081	415.42	415.34
14:21:07	23.609	23.554	23.758	24.925	22.139	22.081	415.42	415.34
14:22:07	23.609	23.553	23.76	24.939	22.139	22.08	415.42	415.34
14:23:07	23.609	23.553	23.759	24.947	22.139	22.08	415.42	415.34
14:24:07	23.608	23.552	23.763	24.968	22.139	22.081	415.42	415.34
14:25:07	23.609	23.55	23.763	24.95	22.138	22.08	415.42	415.34
14:26:07	23.607	23.55	23.764	24.949	22.137	22.079	415.42	415.34
14:27:07	23.608	23.55	23.764	24.961	22.138	22.079	415.42	415.34
14:28:07	23.608	23.548	23.762	24.947	22.137	22.08	415.42	415.34
14:29:07	23.609	23.55	23.762	24.94	22.136	22.08	415.42	415.34
14:30:07	23.608	23.55	23.759	24.966	22.137	22.081	415.42	415.34
14:31:07	23.607	23.549	23.761	25.024	22.137	22.079	415.42	415.34
14:32:07	23.608	23.549	23.763	25.182	22.135	22.08	415.42	415.34
14:33:07	23.608	23.549	23.768	25.284	22.136	22.081	415.42	415.34
14:34:07	23.608	23.551	23.776	25.427	22.138	22.081	415.42	415.34
14:35:07	23.608	23.55	23.78	25.519	22.137	22.08	415.42	415.34
14:36:07	23.607	23.549	23.786	25.522	22.137	22.08	415.42	415.34
14:37:07	23.608	23.549	23.797	25.551	22.137	22.081	415.42	415.34
14:38:07	23.609	23.55	23.799	25.592	22.136	22.081	415.42	415.34
14:39:07	23.608	23.55	23.801	25.642	22.135	22.081	415.42	415.34
14:40:07	23.608	23.551	23.806	25.72	22.136	22.081	415.42	415.34
14:41:07	23.608	23.551	23.816	25.658	22.137	22.081	415.42	415.34
14:42:07	23.609	23.552	23.825	25.75	22.138	22.081	415.42	415.34
14:43:07	23.608	23.551	23.827	25.833	22.136	22.081	415.42	415.34
14:44:07	23.609	23.55	23.83	25.743	22.137	22.081	415.42	415.34
14:45:07	23.609	23.552	23.83	25.582	22.137	22.081	415.42	415.34
14:46:07	23.609	23.553	23.831	25.539	22.138	22.081	415.42	415.34
14:47:07	23.609	23.552	23.831	25.482	22.137	22.082	415.42	415.34
14:48:07	23.608	23.552	23.825	25.38	22.137	22.081	415.42	415.34
14:49:07	23.61	23.552	23.822	25.241	22.138	22.08	415.42	415.34
14:50:07	23.609	23.552	23.817	25.141	22.137	22.082	415.42	415.34
14:51:07	23.608	23.552	23.807	25.075	22.136	22.081	415.42	415.34
14:52:07	0.0	23.551	23.802	25.047	22.135	22.08	415.42	415.34
14:53:07	23.609	23.55	23.796	25.009	22.136	22.08	415.42	415.34
14:54:07	23.609	23.55	23.792	24.976	22.135	22.081	415.42	415.34
14:55:07	23.608	23.551	23.794	24.965	22.136	22.079	415.42	415.34
14:56:07	23.61	23.551	23.794	24.971	22.137	22.08	415.42	415.34
14:57:08	23.609	23.551	23.793	24.974	22.138	22.08	415.42	415.34
14:58:07	0.0	23.551	23.789	24.937	22.138	22.082	415.42	415.34
14:59:07	23.61	23.551	23.791	24.939	22.138	22.081	415.42	415.34
15:00:07	23.61	23.552	23.784	24.941	22.137	22.081	415.42	415.34
15:01:07	23.61	23.551	23.78	24.948	22.137	22.08	415.42	415.34
15:02:07	23.609	23.552	23.78	25.144	22.136	22.081	415.42	415.34
15:03:09	23.608	23.551	23.782	25.201	22.136	22.079	415.42	415.34
15:04:07	23.609	23.551	23.793	25.203	22.136	22.08	415.42	415.34
15:05:08	23.609	23.551	23.796	25.167	22.136	22.081	415.42	415.34
15:06:07	23.608	23.55	23.796	25.165	22.136	22.08	415.42	415.34
15:07:08	23.609	23.55	23.799	25.136	22.138	22.079	415.42	415.34
15:08:07	23.609	23.549	23.79	25.136	22.137	22.08	415.42	415.34
15:09:07	23.609	23.55	23.794	25.143	22.138	22.08	415.42	415.34
15:10:07	23.61	23.551	23.795	25.135	22.139	22.081	415.42	415.34
15:11:07	23.609	23.552	23.792	25.103	22.138	22.081	415.42	415.34
15:12:07	23.61	23.551	23.789	25.055	22.139	22.08	415.42	415.34
15:13:07	23.609	23.552	23.793	25.038	22.138	22.08	415.42	415.34
15:14:07	23.609	23.552	23.791	25.062	22.137	22.082	415.42	415.34
15:15:07	23.609	23.551	23.791	25.05	22.139	22.081	415.42	415.34
15:16:07	23.609	23.553	23.787	25.038	22.138	22.081	415.42	415.34
15:17:07	23.61	23.552	23.792	25.007	22.138	22.08	415.42	415.34
15:18:07	23.608	23.552	23.785	24.999	22.137	22.08	415.42	415.34
15:19:07	23.609	23.553	23.791	24.993	22.137	22.079	415.42	415.34
15:20:07	23.61	23.553	23.791	24.974	22.14	22.081	415.42	415.34
15:21:07	23.609	23.552	23.781	24.972	22.14	22.081	415.42	415.34
15:22:07	23.61	23.553	23.78	24.96	22.14	22.082	415.42	415.34
15:23:07	23.61	23.553	23.777	24.925	22.141	22.082	415.42	415.34
15:24:07	23.61	23.556	23.774	24.916	22.141	22.082	415.42	415.34
15:25:07	23.611	23.555	23.767	24.909	22.139	22.082	415.42	415.34
15:26:07	23.61	23.554	23.77	24.905	22.14	22.081	415.42	415.34
15:27:07	23.611	23.555	23.771	24.898	22.141	22.083	415.42	415.34
15:28:07	23.611	23.556	23.767	24.893	22.141	22.083	415.42	415.34
15:29:07	23.611	23.555	23.768	24.894	22.142	22.083	415.42	415.34
15:30:07	23.612	23.557	23.775	24.886	22.141	22.083	415.42	415.34
15:31:07	23.611	23.557	23.77	24.895	22.143	22.084	415.42	415.34
15:32:07	23.612	23.558	23.77	24.961	22.143	22.083	415.42	415.34
15:33:07	23.611	23.557	23.768	25.061	22.143	22.083	415.42	415.34
15:34:07	23.611	23.558	23.772	25.19	22.142	22.081	415.42	415.34
15:35:07	23.612	23.558	23.783	25.241	22.143	22.084	415.42	415.34
15:36:07	23.611	23.558	23.787	25.211	22.144	22.082	415.42	415.34
15:37:07	23.611	23.557	23.793	25.188	22.145	22.084	415.42	415.34
15:38:07	23.612	23.559	23.797	25.159	22.143	22.084	415.42	415.34
15:39:07	23.611	23.557	23.794	25.114	22.144	22.084	415.42	415.34
15:40:07	23.611	23.557	23.795	25.107	22.14	22.082	415.42	415.34
15:41:07	23.611	23.557	23.787	25.19	22.142	22.082	415.42	415.34
15:42:07	23.612	23.556	23.789	25.266	22.142	22.083	415.42	415.34
15:43:07	23.612	23.557	23.793	25.292	22.143	22.084	415.42	415.34
15:44:07	23.611	23.557	23.795	25.484	22.141	22.082	415.42	415.34
15:45:07	23.612	23.557	23.805	25.526	22.142	22.083	415.42	415.34
15:46:07	23.612	23.556	23.813	25.513	22.143	22.083	415.42	415.34
15:47:07	23.612	23.557	23.817	25.423	22.143	22.083	415.42	415.34
15:48:07	23.612	23.558	23.815	25.338	22.142	22.081	415.42	415.34
15:49:07	23.612	23.556	23.813	25.24	22.142	22.083	415.42	415.34
15:50:09	23.612	23.557	23.816	25.207	22.143	22.082	415.42	415.34
15:51:07	23.612	23.556	23.81	25.257	22.143	22.082	415.42	415.34
15:52:07	23.613	23.557	23.804	25.254	22.144	22.082	415.42	415.34
15:53:08	23.612	23.557	23.807	25.294	22.142	22.082	415.42	415.34
15:54:07	23.612	23.557	23.805	25.271	22.145	22.083	415.42	415.34
15:55:07	23.613	23.556	23.816	25.334	22.146	22.083	415.42	415.34
15:56:07	23.612	23.557	23.814	25.295	22.144	22.083	415.42	415.34
15:57:07	23.612	23.557	23.816	25.298	22.144	22.083	415.42	415.34
15:58:07	23.612	23.558	23.82	25.289	22.144	22.083	415.42	415.34
15:59:07	23.613	23.559	23.823	25.259	22.146	22.084	415.42	415.34
16:00:07	23.613	23.559	23.824	25.211	22.145	22.084	415.42	415.34
16:01:07	23.613	23.559	0.0	25.138	22.143	22.084	415.42	415.34
16:02:07	23.613	23.559	23.818	25.095	22.146	22.084	415.42	415.34
16:03:07	23.613	23.559	23.82	25.057	22.146	22.084	415.42	415.34
16:04:07	23.614	23.559	23.817	25.043	22.146	22.084	415.42	415.34
16:05:07	23.614	23.56	23.818	25.043	22.145	22.086	415.42	415.34
16:06:07	23.614	23.562	23.817	25.053	22.145	22.084	415.42	415.34
16:07:07	23.612	23.561	23.823	25.027	22.147	22.085	415.42	415.34
16:08:07	23.614	23.563	23.825	25.026	22.146	22.084	415.42	415.34
16:09:07	23.614	23.56	23.813	25.011	22.145	22.084	415.42	415.34
16:10:07	23.613	23.561	23.807	24.977	22.146	22.083	415.42	415.34
16:11:07	23.614	23.56	23.805	24.957	22.145	22.083	415.42	415.34
16:12:07	23.614	23.56	23.799	24.936	22.145	22.084	415.42	415.34
16:13:07	23.614	23.56	23.792	24.931	22.145	22.084	415.42	415.34
16:14:07	23.613	23.559	23.79	24.923	22.145	22.083	415.42	415.34
16:15:07	23.613	23.559	23.792	24.958	22.145	22.084	415.42	415.34
16:16:07	23.614	23.559	23.788	24.996	22.145	22.082	415.42	415.34
16:17:07	23.613	23.558	23.792	25.022	22.144	22.083	415.42	415.34
16:18:07	23.614	23.559	23.795	25.002	22.145	22.083	415.42	415.34
16:19:10	23.613	23.56	23.794	25.039	22.144	22.082	415.42	415.34
16:20:07	23.614	23.558	23.798	25.096	22.145	22.083	415.42	415.34
16:21:07	23.613	23.559	23.803	25.156	22.145	22.083	0.0	415.34
16:22:07	23.613	23.558	23.801	25.155	22.146	22.083	415.42	415.34
16:23:07	23.614	23.56	23.805	25.268	22.145	22.083	415.42	415.34
16:24:07	23.614	23.559	23.82	25.311	22.146	22.083	415.42	415.34
16:25:07	23.614	23.559	23.818	25.35	22.145	22.083	415.42	415.34
16:26:07	23.614	23.559	23.825	25.39	22.146	22.083	415.42	415.34
16:27:07	23.613	23.558	23.819	25.413	22.146	22.084	415.42	415.34
16:28:07	23.614	23.559	23.827	25.372	22.147	22.084	415.42	415.34
16:29:07	23.614	23.559	23.832	25.285	22.145	22.083	415.42	415.34
16:30:07	23.614	23.559	23.831	25.221	22.146	22.083	415.42	415.34
16:31:07	23.614	23.56	23.832	25.178	22.146	22.083	415.42	415.34
16:32:07	23.615	23.56	23.824	25.13	22.148	22.084	415.42	415.34
16:33:07	23.614	23.56	23.824	25.077	22.146	22.083	415.42	415.34
16:34:07	23.615	23.56	23.826	25.044	22.149	22.084	415.42	415.34
16:35:07	23.615	23.56	23.829	25.016	22.147	22.083	415.42	415.34
16:36:09	23.614	23.56	23.827	24.976	22.146	22.085	415.42	415.34
16:37:07	23.614	23.56	23.813	24.975	22.147	22.084	415.42	415.34
16:38:07	23.615	23.56	23.814	24.966	22.147	22.084	415.42	415.34
16:39:07	23.615	23.56	23.81	24.957	22.149	22.083	415.42	415.34
16:40:07	23.613	23.56	23.813	24.973	22.146	22.083	415.42	415.34
16:41:07	23.614	23.56	23.81	24.976	22.146	22.084	415.42	415.34
16:42:07	23.614	23.56	23.814	24.963	22.147	22.083	415.42	415.34
16:43:07	23.614	23.561	23.812	24.953	22.148	22.084	415.42	415.34
16:44:07	23.615	23.56	23.807	24.929	22.145	22.083	415.42	415.34
16:45:07	23.615	23.56	23.819	24.986	22.146	22.084	415.42	415.34
16:46:07	23.614	23.56	23.783	25.069	22.149	22.084	415.42	415.34
16:47:07	23.614	23.56	23.77	25.152	22.149	22.084	415.42	415.34
16:48:07	23.615	23.56	23.775	25.138	22.148	22.084	415.42	415.34
16:49:07	23.614	23.56	23.766	25.135	22.147	22.083	415.42	415.34
16:50:09	23.615	23.56	23.782	25.129	22.149	22.083	415.42	415.34
16:51:07	23.615	23.56	23.79	25.153	22.147	22.084	415.42	415.34
16:52:07	23.614	23.56	23.798	25.154	22.148	22.084	415.42	415.34
16:53:07	23.615	23.56	23.809	25.101	22.149	22.084	415.42	415.34
16:54:07	23.615	23.561	23.805	25.08	22.148	22.085	415.42	415.34
16:55:07	23.615	23.56	23.81	25.052	22.149	22.084	415.42	415.34
16:56:07	23.615	23.561	23.807	25.009	22.147	22.084	415.42	415.34
16:57:07	23.615	23.561	23.809	25.0	22.148	22.084	415.42	415.34
16:58:07	23.615	23.56	23.802	24.99	22.147	22.083	415.42	415.34
16:59:07	23.615	23.561	23.801	24.982	22.148	22.084	415.42	415.34
17:00:07	23.615	23.559	23.803	24.967	22.147	22.083	415.42	415.34
17:01:07	23.615	23.561	23.804	24.949	22.148	22.083	415.42	415.34
17:02:07	23.616	23.56	23.806	24.937	22.149	22.084	415.42	415.34
17:03:07	23.616	23.561	23.801	24.941	22.149	22.083	415.42	415.34
17:04:07	23.615	23.562	23.794	24.941	22.149	22.084	415.42	415.34
17:05:07	23.615	23.561	23.789	24.956	22.147	22.083	415.42	415.34
17:06:07	23.614	23.56	23.789	24.932	22.148	22.083	415.42	415.34
17:07:07	23.615	23.56	23.792	24.922	22.148	22.084	415.42	415.34
17:08:07	23.615	23.562	23.786	24.922	22.147	22.084	415.42	415.34
17:09:07	23.615	23.561	23.788	24.93	22.147	22.084	415.42	415.34
17:10:07	23.617	23.562	23.792	24.925	22.148	22.085	415.42	415.34
17:11:07	23.616	23.563	23.794	24.946	22.149	22.085	415.42	415.34
17:12:07	23.615	23.562	23.799	24.949	22.149	22.084	415.42	415.34
17:13:07	23.617	23.564	23.796	24.947	22.15	22.085	415.42	415.34
17:14:07	23.616	23.564	23.799	24.958	22.149	22.086	415.42	415.34
17:15:07	23.616	23.563	23.795	25.014	22.15	22.086	415.42	415.34
17:16:07	23.616	23.563	23.796	25.062	22.15	22.084	415.42	415.34
17:17:07	23.617	23.564	23.801	25.085	22.15	22.085	415.42	415.34
17:18:07	23.617	23.563	23.802	25.157	22.149	22.084	415.42	415.34
17:19:08	23.617	23.563	23.802	25.204	22.148	22.085	415.42	415.34
17:20:07	0.0	23.563	23.809	25.209	22.15	22.084	415.42	415.34
17:21:07	23.618	23.564	23.804	25.224	22.15	22.086	415.42	415.34
17:22:07	23.617	23.563	23.807	25.261	22.15	22.084	415.42	415.34
17:23:07	23.616	23.563	23.811	25.254	22.149	22.085	415.42	415.34
17:24:08	23.616	23.563	23.81	25.19	22.148	22.085	415.42	415.34
17:25:07	23.618	23.563	23.814	25.148	22.149	22.085	415.42	415.34
17:26:07	23.617	23.563	23.811	25.121	22.148	22.084	415.42	415.34
17:27:07	23.617	23.562	23.805	25.08	22.148	22.084	415.42	415.34
17:28:07	23.616	23.563	23.807	25.04	22.147	22.084	415.42	415.34
17:29:09	23.616	23.563	23.803	25.019	22.148	22.082	415.42	415.34
17:30:07	23.618	23.562	23.8	25.021	22.148	22.085	415.42	415.34
17:31:07	23.616	23.563	23.801	25.004	22.147	22.084	415.42	415.34
17:32:07	23.617	23.563	23.802	24.983	22.147	22.085	415.42	415.34
17:33:07	23.617	23.562	23.804	24.988	22.147	22.084	415.42	415.34
17:34:07	23.618	23.563	23.802	24.984	22.149	22.085	415.42	415.34
17:35:07	23.617	23.563	23.808	25.006	22.148	22.085	415.42	415.34
17:36:07	23.618	23.564	23.806	25.049	22.147	22.085	415.42	415.34
17:37:07	23.618	23.563	23.81	25.134	22.148	22.083	415.42	415.34
17:38:07	23.618	23.564	23.811	25.159	22.148	22.084	415.42	415.34
17:39:07	23.618	23.563	23.809	25.17	22.148	22.085	415.42	415.34
17:40:07	23.618	23.562	23.808	25.153	22.149	22.084	415.42	415.34
17:41:07	23.618	23.564	23.809	25.104	22.148	22.084	415.42	415.34
17:42:07	23.619	23.565	23.807	25.03	22.148	22.084	415.42	415.34
17:43:07	23.618	23.564	23.806	25.003	22.149	22.083	415.42	415.34
17:44:07	23.618	23.563	23.807	24.981	22.147	22.085	415.42	415.34
17:45:07	23.618	23.563	23.813	24.973	22.148	22.086	415.42	415.34
17:46:07	23.618	23.565	23.806	24.948	0.0	22.084	415.42	415.34
17:47:07	23.618	23.564	23.803	24.925	22.149	22.086	415.42	415.34
17:48:07	23.619	23.564	23.796	24.912	22.149	22.085	415.42	415.34
17:49:08	23.619	23.565	23.793	24.904	22.149	0.0	415.42	415.34
17:50:07	23.618	23.565	23.788	24.906	22.15	22.086	415.42	415.34
17:51:08	23.618	23.565	23.788	24.903	22.151	22.086	415.42	415.34
17:52:08	23.618	23.565	23.784	24.886	22.148	22.084	415.42	415.34
17:53:08	23.618	23.565	23.785	24.886	22.148	22.085	415.42	415.34
17:54:08	23.619	23.565	23.785	24.866	22.15	22.086	415.42	415.34
17:55:08	23.618	23.565	23.785	24.85	22.149	22.085	415.42	415.34
17:56:08	23.618	23.566	23.78	24.888	22.15	22.084	415.42	415.34
17:57:08	23.618	23.566	23.783	24.915	22.15	22.086	415.42	415.34
17:58:08	23.619	23.566	23.786	24.917	22.149	22.086	415.42	415.34
17:59:10	23.619	23.565	23.784	24.903	22.15	22.086	415.42	415.34
18:00:08	23.618	23.564	23.784	24.901	22.149	22.086	415.42	415.34
18:01:08	23.618	23.565	23.788	24.9	22.149	22.085	415.42	415.34
18:02:08	23.619	23.565	23.797	24.88	22.15	22.085	415.42	415.34
18:03:08	23.619	23.566	23.794	24.863	22.15	22.084	415.42	415.34
18:04:08	23.619	23.566	23.787	24.854	22.149	22.087	415.42	415.34
18:05:08	23.619	23.565	23.782	24.855	22.149	22.086	415.42	415.34
18:06:08	23.618	23.565	23.777	24.87	22.148	22.086	415.42	415.34
18:07:08	23.619	23.567	23.779	24.88	22.15	22.086	415.42	415.34
18:08:08	23.619	23.565	23.787	24.96	22.148	22.085	415.42	415.34
18:09:08	23.619	23.565	23.793	25.039	22.149	22.084	415.42	415.34
18:10:08	23.619	23.565	23.792	25.158	22.148	22.086	415.42	415.34
18:11:08	23.618	23.565	23.788	25.253	22.149	22.086	415.42	415.34
18:12:08	23.619	23.564	23.809	25.321	22.149	22.085	415.42	415.34
18:13:08	23.62	23.564	23.812	25.393	22.15	22.086	415.42	415.34
18:14:08	23.619	23.566	23.817	25.405	22.148	22.085	415.42	415.34
18:15:08	23.619	23.566	23.811	25.524	22.148	22.085	415.42	415.34
18:16:08	23.619	23.565	23.819	25.545	22.149	22.084	415.42	415.34
18:17:08	23.619	23.564	23.821	25.512	22.148	22.085	415.42	415.34
18:18:08	23.619	23.566	23.828	25.328	22.147	22.086	415.42	415.34
18:19:08	0.0	23.564	23.825	25.225	22.146	22.085	415.42	415.34
18:20:08	23.618	23.564	23.819	25.176	22.147	22.085	415.42	415.34
18:21:08	23.618	23.564	23.814	25.124	22.147	22.084	415.42	415.34
18:22:08	23.619	23.565	23.817	25.079	22.147	22.085	415.42	415.34
18:23:08	23.619	23.565	23.814	25.05	22.147	22.084	415.42	415.34
18:24:08	23.62	23.564	23.812	25.039	22.147	22.086	415.42	415.34
18:25:09	23.619	23.565	23.81	25.016	22.147	22.084	415.42	415.34
18:26:08	23.619	23.564	23.819	24.991	22.145	22.084	415.42	415.34
18:27:08	23.619	23.563	23.816	24.985	22.148	22.084	415.42	415.34
18:28:08	23.619	23.564	23.809	24.984	22.148	22.083	415.42	415.34
18:29:08	23.619	23.564	23.808	24.99	22.147	22.084	415.42	415.34
18:30:08	23.619	23.563	23.809	24.979	22.147	22.084	415.42	415.34
18:31:08	23.619	23.564	23.814	0.0	22.147	22.084	415.42	415.34
18:32:08	23.618	23.563	23.813	24.978	22.147	22.084	415.42	415.34
18:33:08	23.618	23.563	23.822	24.971	22.146	22.084	415.42	415.34
18:34:08	23.619	23.563	23.811	24.988	22.145	22.084	415.42	415.34
18:35:08	23.62	23.565	23.804	24.996	22.145	22.084	415.42	415.34
18:36:08	23.619	23.563	23.803	25.029	22.147	22.085	415.42	415.34
18:37:08	23.619	23.563	23.803	25.049	22.145	22.083	415.42	415.34
18:38:09	23.618	23.562	23.8	25.096	22.145	22.083	415.42	415.34
18:39:08	0.0	23.563	23.807	25.171	22.143	22.083	415.42	415.34
18:40:08	23.618	23.562	23.808	25.157	0.0	22.082	415.42	415.34
18:41:08	23.618	23.562	23.815	25.158	22.143	22.083	415.42	415.34
18:42:08	23.618	23.562	23.804	25.108	22.142	22.083	415.42	415.34
18:43:08	23.618	23.559	23.805	25.076	22.141	22.082	415.42	415.34
18:44:08	23.619	23.56	23.808	25.034	22.139	22.082	415.42	415.34
18:45:08	23.618	23.56	23.805	24.986	22.14	22.082	415.42	415.34
18:46:08	23.618	23.56	23.813	24.959	22.141	22.083	415.42	415.34
18:47:08	23.618	23.56	23.807	24.942	22.141	22.082	415.42	415.34
18:48:08	23.618	23.56	23.8	24.93	22.142	22.082	415.42	415.34
18:49:08	23.618	23.561	23.804	24.93	22.142	22.082	415.42	415.34
18:50:08	23.618	23.56	23.797	24.915	22.141	22.084	415.42	415.34
18:51:08	23.619	23.56	23.792	24.894	22.141	22.083	415.42	415.34
18:52:08	23.618	23.559	23.796	24.896	22.141	22.083	415.42	415.34
18:53:08	23.618	23.557	23.791	24.893	22.139	22.081	415.42	415.34
18:54:08	23.618	23.559	23.797	24.893	22.139	22.081	415.42	415.34
18:55:08	23.618	23.56	23.798	24.906	22.142	22.083	415.42	415.34
18:56:08	23.618	23.559	23.792	24.919	22.142	22.082	415.42	415.34
18:57:08	23.617	23.559	23.795	24.95	22.14	22.081	415.42	415.34
18:58:08	23.617	23.559	23.794	24.954	22.139	22.082	415.42	415.34
18:59:08	23.618	23.558	23.798	24.954	22.14	22.081	415.42	415.34
19:00:08	23.617	23.557	23.798	24.954	22.141	22.082	415.42	415.34
19:01:08	23.618	23.56	23.788	24.947	22.141	22.082	415.42	415.34
19:02:08	23.619	23.56	23.788	24.928	22.142	22.083	415.42	415.34
19:03:08	23.618	23.561	23.788	24.919	22.142	22.083	415.42	415.34
19:04:08	23.618	23.56	23.791	24.919	22.143	22.083	415.42	415.34
19:05:08	23.618	23.561	23.78	24.909	22.142	22.083	415.42	415.34
19:06:08	23.618	23.56	23.783	24.906	22.142	22.082	415.42	415.34
19:07:08	23.618	23.56	23.783	24.929	22.142	22.084	415.42	415.34
19:08:08	23.617	23.56	23.789	25.017	22.141	22.082	415.42	415.34
19:09:08	23.618	23.56	23.785	25.063	22.141	22.083	415.42	415.34
19:10:08	23.618	23.56	23.786	25.111	22.141	22.083	415.42	415.34
19:11:08	23.617	23.56	23.789	25.134	22.142	22.083	415.42	415.34
19:12:08	23.618	23.56	23.793	25.146	22.141	22.082	415.42	415.34
19:13:08	23.618	23.561	23.792	25.195	22.142	22.082	415.42	415.34
19:14:08	23.619	23.56	23.8	25.172	22.144	22.084	415.42	415.34
19:15:08	23.618	23.56	23.803	25.1	22.141	22.083	415.42	415.34
19:16:08	23.618	23.56	23.799	25.039	22.141	22.083	415.42	415.34
19:17:08	23.618	23.56	23.803	25.005	22.14	22.084	415.42	415.34
19:18:08	23.617	23.559	23.8	24.965	22.14	22.083	415.42	415.34
19:19:08	23.618	23.558	23.793	24.94	22.139	22.082	415.42	415.34
19:20:08	23.617	23.558	23.794	24.92	22.138	22.082	415.42	415.34
19:21:08	23.618	23.559	23.788	24.906	22.14	22.082	415.42	415.34
19:22:08	23.618	23.559	23.795	24.923	22.14	22.083	415.42	415.34
19:23:08	23.618	23.558	23.788	24.923	22.14	22.082	415.42	415.34
19:24:08	23.617	23.557	23.783	24.922	22.14	22.082	415.42	415.34
19:25:08	23.618	23.558	23.779	24.922	22.141	22.083	415.42	415.34
19:26:08	23.617	23.558	23.785	24.899	22.141	22.081	415.42	0.0
19:27:08	23.618	23.558	23.776	24.872	22.139	22.082	415.42	415.34
19:28:08	23.617	23.559	23.778	24.869	22.139	22.082	415.42	415.34
19:29:08	23.618	23.557	23.783	24.84	22.139	22.081	415.42	415.34
19:30:08	23.617	23.557	23.78	24.841	22.139	22.081	415.42	415.34
19:31:08	23.618	23.558	23.788	24.847	22.139	22.083	415.42	415.34
19:32:08	23.618	23.558	23.778	24.859	22.14	22.083	415.42	415.34
19:33:08	23.617	23.558	23.776	24.868	22.139	22.084	415.42	415.34
19:34:08	23.617	23.559	23.778	24.871	22.14	22.083	415.42	415.34
19:35:08	23.618	23.558	23.778	24.881	22.14	22.083	415.42	415.34
19:36:08	23.617	23.559	23.77	24.883	22.142	22.081	415.42	415.34
19:37:08	23.617	23.558	23.778	24.875	22.141	22.083	415.42	415.34
19:38:08	23.618	23.558	23.776	24.863	22.14	22.081	415.42	415.34
19:39:08	23.618	23.558	23.771	24.858	22.14	22.083	415.42	415.34
19:40:08	23.617	23.557	23.776	24.865	22.14	22.084	415.42	415.34
19:41:08	23.617	23.557	23.774	24.887	22.14	22.083	415.42	415.34
19:42:08	23.618	23.556	23.766	24.893	22.14	22.084	415.42	415.34
19:43:08	23.618	23.557	23.771	24.874	22.139	22.082	415.42	415.34
19:44:08	23.617	23.557	23.777	24.882	22.138	22.083	415.42	415.34
19:45:08	23.617	23.556	23.774	24.88	22.138	22.082	415.42	415.34
19:46:08	23.617	23.557	23.771	24.925	22.136	22.081	415.42	415.34
19:47:08	23.617	23.555	23.775	24.962	22.139	22.082	415.42	415.34
19:48:08	23.617	23.555	23.77	24.973	22.138	22.081	415.42	415.34
19:49:08	23.616	23.554	23.778	24.965	22.136	22.082	415.42	415.34
19:50:08	23.616	23.555	23.77	24.934	22.137	22.081	415.42	415.34
19:51:08	23.615	23.554	23.766	24.9	22.136	22.081	415.42	415.34
19:52:08	23.617	23.553	23.773	24.894	22.135	22.08	415.42	415.34
19:53:08	23.616	23.554	23.767	24.887	22.135	22.082	415.42	415.34
19:54:08	23.617	23.554	23.772	24.89	22.136	22.081	415.42	415.34
19:55:08	23.617	23.553	23.768	24.893	22.136	22.08	415.42	415.34
19:56:08	23.617	23.554	23.773	24.878	22.136	22.081	415.42	415.34
19:57:08	23.617	23.554	23.779	24.88	22.137	22.082	415.42	415.34
19:58:08	23.617	23.553	23.774	24.865	22.136	22.081	415.42	415.34
19:59:08	23.616	23.554	23.775	24.863	22.135	22.082	415.42	415.34
20:00:08	23.616	23.553	23.768	24.844	22.135	22.083	415.42	415.34
20:01:08	23.617	23.553	23.764	24.828	22.136	22.082	415.42	415.34
20:02:08	23.618	23.554	23.762	24.822	22.136	22.081	415.42	415.34
20:03:08	23.618	23.555	23.757	24.822	22.137	22.082	415.42	415.34
20:04:08	23.617	23.555	23.755	24.812	22.137	22.083	415.42	415.34
20:05:08	23.617	23.555	23.75	24.813	22.138	22.082	415.42	415.34
20:06:08	23.616	23.554	23.753	24.814	22.137	22.081	415.42	415.34
20:07:08	23.615	23.555	23.758	24.794	22.136	22.083	415.42	415.34
20:08:08	23.616	23.554	23.762	24.793	22.136	22.082	415.42	415.34
20:09:08	23.616	23.555	23.767	24.816	22.136	22.082	415.42	415.34
20:10:08	23.617	23.555	23.755	24.824	22.136	22.082	415.42	415.34
20:11:08	23.616	23.555	23.764	24.835	22.136	22.081	415.42	415.34
20:12:08	23.616	23.553	23.755	24.846	22.136	22.081	415.42	415.34
20:13:08	23.616	23.553	23.755	24.849	22.136	22.082	415.42	415.34
20:14:08	23.616	23.554	23.756	24.85	22.136	22.082	415.42	415.34
20:15:08	23.616	23.552	23.757	24.835	22.136	22.082	415.42	415.34
20:16:08	23.616	23.554	23.748	24.825	22.135	22.082	415.42	415.34
20:17:08	23.616	23.553	23.752	24.8	22.135	22.081	415.42	415.34
20:18:08	23.616	23.552	23.747	24.792	22.134	22.081	415.42	415.34
20:19:08	23.617	23.552	23.746	24.787	22.133	22.081	415.42	415.34
20:20:08	23.615	23.551	23.744	24.792	22.134	22.08	415.42	415.34
20:21:08	23.614	23.551	23.744	24.806	22.134	22.081	415.42	415.34
20:22:08	23.615	23.55	23.742	24.892	22.134	22.081	415.42	415.34
20:23:08	23.616	23.551	23.752	24.942	22.134	22.082	415.42	415.34
20:24:08	23.616	23.551	23.744	24.934	22.134	22.082	415.42	415.34
20:25:08	23.615	23.55	23.752	24.973	22.135	22.081	415.42	415.34
20:26:08	23.616	23.552	23.75	25.108	22.134	22.082	415.42	415.34
20:27:08	23.616	23.552	23.763	25.166	22.135	22.082	415.42	415.34
20:28:08	23.616	23.552	23.768	25.406	22.137	22.082	415.42	415.34
20:29:08	23.616	23.552	23.776	25.51	22.137	22.083	415.42	415.34
20:30:08	23.616	23.554	23.784	25.446	22.137	22.084	415.42	415.34
20:31:08	23.616	23.553	23.782	25.412	22.137	22.083	415.42	415.34
20:32:08	23.617	23.554	23.791	25.315	22.136	22.083	415.42	415.34
20:33:08	23.616	23.554	23.796	25.234	22.133	22.082	415.42	415.34
20:34:08	23.616	23.553	23.79	25.146	22.135	22.082	415.42	415.34
20:35:10	23.616	23.552	23.786	25.074	22.136	22.082	415.42	415.34
20:36:08	23.615	23.552	23.788	25.011	22.135	22.083	415.42	415.34
20:37:08	23.615	23.551	23.778	24.974	22.134	22.081	415.42	415.34
20:38:08	23.616	23.552	23.779	24.968	22.134	22.082	415.42	415.34
20:39:08	23.615	23.551	23.784	24.969	22.137	22.082	415.42	415.34
20:40:08	23.614	23.552	23.781	24.989	22.138	22.083	415.42	415.34
20:41:08	23.617	23.553	23.789	24.97	22.138	22.084	415.42	415.34
20:42:08	23.616	23.553	23.782	24.935	22.137	22.084	415.42	415.34
20:43:08	23.616	23.554	23.775	24.914	22.138	22.084	415.42	415.34
20:44:08	23.615	23.555	23.77	24.904	22.138	22.083	415.42	415.34
20:45:08	23.616	23.554	23.774	24.911	22.138	22.085	415.42	415.34
20:46:08	23.615	23.553	23.77	24.932	22.137	22.085	415.42	415.34
20:47:08	23.616	23.553	23.774	24.95	22.135	22.083	415.42	415.34
20:48:08	23.616	23.552	23.776	24.953	22.136	22.083	415.42	415.34
20:49:08	23.615	23.552	23.774	24.949	22.135	22.081	415.42	415.34
20:50:08	23.615	23.551	23.775	24.946	22.137	22.081	415.42	415.34
20:51:08	23.616	23.551	23.787	24.972	22.136	22.082	415.42	415.34
20:52:08	23.616	23.552	23.798	25.069	22.136	22.082	415.42	415.34
20:53:08	23.615	23.552	23.797	25.233	22.136	22.082	415.42	415.34
20:54:08	23.616	23.551	23.79	25.37	22.135	22.082	415.42	415.34
20:55:08	23.615	23.551	23.802	25.368	22.133	22.082	415.42	415.34
20:56:08	23.616	23.552	23.813	25.34	22.134	22.083	415.42	415.34
20:57:08	23.615	23.552	23.807	25.367	22.136	22.083	415.42	415.34
20:58:08	23.615	23.551	23.812	25.34	22.137	22.083	415.42	415.34
20:59:08	23.616	23.552	23.817	25.285	22.136	22.082	415.42	415.34
21:00:08	23.614	23.552	23.82	25.266	22.136	22.083	415.42	415.34
21:01:08	23.615	23.551	23.814	25.358	22.136	22.082	415.42	415.34
21:02:08	23.615	23.551	23.814	25.42	22.133	22.082	415.42	415.34
21:03:08	23.614	23.551	23.807	25.511	22.134	22.083	415.42	415.34
21:04:08	23.615	23.551	23.819	25.495	22.134	22.082	415.42	415.34
21:05:08	23.615	23.551	23.821	25.437	22.134	22.082	415.42	415.34
21:06:08	23.615	23.55	23.824	25.406	22.133	22.082	415.42	415.34
21:07:08	23.614	23.549	23.818	25.333	22.135	22.082	415.42	415.34
21:08:08	23.614	23.55	23.818	25.29	22.134	22.081	415.42	415.34
21:09:08	23.614	23.549	23.825	25.283	22.135	22.083	415.42	415.34
21:10:08	23.614	23.549	23.824	25.268	22.133	22.083	415.42	415.34
21:11:08	23.614	23.549	23.825	25.206	22.135	22.083	415.42	415.34
21:12:08	23.614	23.549	23.825	25.167	22.134	22.083	415.42	415.34
21:13:08	23.613	23.549	23.812	25.159	22.133	22.082	415.42	415.34
21:14:08	23.615	23.55	23.812	25.15	22.135	22.082	415.42	415.34
21:15:08	23.614	23.55	23.81	25.137	22.135	22.083	415.42	415.34
21:16:08	23.614	23.551	23.817	25.118	22.135	22.082	415.42	415.34
21:17:08	23.613	23.549	23.818	25.084	22.134	22.082	415.42	415.34
21:18:08	23.614	23.55	23.81	25.059	22.134	22.083	415.42	415.34
21:19:08	23.614	23.549	23.81	25.068	22.134	22.081	415.42	415.34
21:20:08	23.614	23.549	23.804	25.077	22.134	22.082	415.42	415.34
21:21:08	23.613	23.55	23.811	25.128	22.134	22.083	415.42	415.34
21:22:08	23.613	23.548	23.79	25.228	22.133	22.082	415.42	415.34
21:23:08	23.612	23.547	23.78	25.276	22.133	22.083	415.42	415.34
21:24:08	23.613	23.547	23.789	25.285	22.133	22.081	415.42	415.34
21:25:10	23.613	23.546	23.778	25.238	22.132	22.081	415.42	415.34
21:26:08	23.613	23.545	23.787	25.145	22.131	22.081	415.42	415.34
21:27:08	23.612	23.545	23.789	25.074	22.131	22.08	415.42	415.34
21:28:08	23.614	23.545	23.782	25.092	22.131	22.081	415.42	415.34
21:29:08	23.611	23.544	23.777	25.149	22.131	22.08	415.42	415.34
21:30:08	23.613	23.546	23.774	25.234	22.13	22.08	415.42	415.34
21:31:08	23.613	23.547	23.778	25.237	22.131	22.08	415.42	415.34
21:32:08	23.613	23.547	23.782	25.157	22.132	22.081	415.42	415.34
21:33:08	23.614	23.547	23.782	25.108	22.134	22.081	415.42	415.34
21:34:08	23.613	23.548	23.784	25.056	22.134	22.082	415.42	415.34
21:35:08	23.614	23.548	23.777	25.02	22.135	22.083	415.42	415.34
21:36:08	23.613	23.548	23.787	24.992	22.135	22.082	415.42	415.34
21:37:08	23.613	23.549	23.789	24.982	22.136	22.082	415.42	415.34
21:38:08	23.612	23.549	23.79	24.986	22.136	22.081	415.42	415.34
21:39:08	23.614	23.547	23.797	24.981	22.135	22.083	415.42	415.34
21:40:08	23.613	23.549	23.792	24.981	22.134	22.083	415.42	415.34
21:41:08	23.613	23.549	23.788	25.0	22.134	22.082	415.42	415.34
21:42:08	23.613	23.549	23.789	24.994	22.135	22.082	415.42	415.34
21:43:11	23.614	23.55	23.797	24.972	22.135	22.083	415.42	415.34
21:44:08	23.614	23.549	23.788	24.974	22.136	22.083	415.42	415.34
21:45:08	23.613	23.549	23.796	24.942	22.135	22.083	415.42	415.34
21:46:08	23.613	23.551	23.798	24.929	22.137	22.082	415.42	415.34
21:47:08	23.613	23.55	23.789	24.936	22.137	22.085	415.42	415.34
21:48:08	23.613	23.551	23.787	24.951	22.135	22.082	415.42	415.34
21:49:08	23.613	23.549	23.782	24.961	22.133	22.081	415.42	415.34
21:50:08	23.612	23.547	23.787	25.001	22.132	22.08	415.42	415.34
21:51:08	23.612	23.545	23.778	25.068	22.13	22.079	415.42	415.34
21:52:08	23.611	23.545	23.774	25.186	22.13	22.079	415.42	415.34
21:53:08	23.612	23.544	23.774	25.415	22.128	22.077	415.42	415.34
21:54:08	23.612	23.544	23.778	25.491	22.129	22.079	415.42	415.34
21:55:08	23.612	23.544	23.789	25.435	22.133	22.08	415.42	415.34
21:56:08	23.612	23.545	23.796	25.363	22.133	22.081	415.42	415.34
21:57:08	23.612	23.547	23.806	25.268	22.137	22.082	415.42	415.34
21:58:08	23.611	23.547	23.798	25.229	22.137	22.082	415.42	415.34
21:59:08	23.612	23.547	23.794	25.171	22.137	22.08	415.42	415.34
22:00:08	23.612	23.548	23.793	25.134	22.136	22.082	415.42	415.34
22:01:08	23.612	23.55	23.804	25.089	22.138	22.083	415.42	415.34
22:02:08	23.612	23.55	23.809	25.041	22.138	22.083	415.42	415.34
22:03:08	23.613	23.553	23.799	25.027	22.139	22.084	415.42	415.34
22:04:08	23.614	23.553	23.813	25.017	22.141	22.086	415.42	415.34
22:05:08	23.614	23.554	23.809	24.998	22.142	22.086	415.42	415.34
22:06:08	23.614	23.556	23.807	24.993	22.144	22.086	415.42	415.34
22:07:08	23.614	23.554	23.807	24.993	22.142	22.086	415.42	415.34
22:08:08	23.614	23.555	23.803	24.999	22.141	22.085	415.42	415.34
22:09:08	23.613	23.555	23.799	24.989	22.142	22.085	415.42	415.34
22:10:08	23.614	23.554	23.799	24.993	22.143	22.084	415.42	415.34
22:11:08	23.614	23.554	23.795	24.98	22.141	22.084	415.42	415.34
22:12:08	23.614	23.555	23.792	24.98	22.143	22.084	415.42	415.34
22:13:08	23.613	23.554	23.793	24.972	22.141	22.084	415.42	415.34
22:14:08	23.614	23.553	23.795	24.962	22.142	22.085	415.42	415.34
22:15:08	23.615	23.555	23.796	24.945	22.143	22.085	415.42	415.34
22:16:08	23.615	23.555	23.799	24.956	22.144	22.087	415.42	415.34
22:17:08	23.614	23.555	23.799	24.955	22.143	22.086	415.42	415.34
22:18:08	23.615	23.556	23.784	24.95	22.145	22.086	415.42	415.34
22:19:08	23.614	23.557	23.79	24.929	22.145	22.089	415.42	415.34
22:20:08	23.614	23.559	23.783	24.928	22.145	22.088	415.42	415.34
22:21:08	23.615	23.56	23.786	24.975	22.146	22.088	415.42	415.34
22:22:08	23.615	23.56	23.791	25.062	22.147	22.088	415.42	415.34
22:23:08	23.616	23.56	23.785	25.108	22.146	22.088	415.42	415.34
22:24:08	23.615	23.56	23.794	25.078	22.146	22.089	415.42	415.34
22:25:08	23.615	23.562	23.789	25.067	22.147	22.089	415.42	415.34
22:26:08	23.616	23.562	23.792	25.042	22.148	22.088	415.42	415.34
22:27:08	23.616	23.563	23.796	25.037	22.147	22.089	415.42	415.34
22:28:08	23.616	23.563	23.795	25.051	22.147	22.09	415.42	415.34
22:29:08	23.617	23.562	23.795	25.025	22.146	22.088	415.42	415.34
22:30:08	23.617	23.562	23.788	24.992	22.146	22.088	415.42	415.34
22:31:08	23.616	23.562	23.793	24.948	22.149	22.088	415.42	415.34
22:32:08	23.617	23.563	23.789	24.938	22.148	22.087	415.42	415.34
22:33:08	23.616	23.561	23.786	24.934	22.146	22.088	415.42	415.34
22:34:08	23.617	23.562	23.788	24.92	22.144	22.088	415.42	415.34
22:35:08	23.616	23.561	23.785	24.922	22.145	22.088	415.42	415.34
22:36:08	23.617	23.56	23.78	24.931	22.145	22.087	415.42	415.34
22:37:08	23.617	23.56	23.78	24.939	22.142	22.087	415.42	415.34
22:38:08	23.615	23.558	23.776	24.909	22.144	22.085	415.42	415.34
22:39:08	23.616	23.557	23.783	24.901	22.146	22.086	415.42	415.34
22:40:10	23.616	23.556	23.781	24.904	22.144	22.084	415.42	415.34
22:41:08	23.615	23.556	23.779	24.895	22.143	22.085	415.42	415.34
22:42:08	23.616	23.557	23.782	24.892	22.144	22.086	415.42	415.34
22:43:08	23.615	23.557	23.784	24.887	22.147	22.087	415.42	415.34
22:44:08	23.615	23.556	23.785	24.914	22.146	22.087	415.42	415.34
22:45:08	23.615	23.557	23.778	24.922	22.147	22.087	415.42	415.34
22:46:08	23.615	23.557	23.779	24.947	22.145	22.086	415.42	415.34
22:47:08	23.615	23.557	23.785	24.948	22.146	22.086	415.42	415.34
22:48:08	23.616	23.559	23.782	24.941	22.146	22.085	415.42	415.34
22:49:08	23.616	23.557	23.78	24.925	22.145	22.085	415.42	415.34
22:50:08	23.616	23.557	23.782	24.952	22.145	22.085	415.42	415.34
22:51:08	23.616	23.556	23.777	25.029	22.143	22.086	415.42	415.34
22:52:08	23.616	23.554	23.78	25.165	22.143	22.084	415.42	415.34
22:53:08	23.615	23.556	23.777	25.191	22.143	22.084	415.42	415.34
22:54:08	23.615	23.555	23.772	25.192	22.144	22.085	415.42	415.34
22:55:08	23.615	23.555	23.787	25.165	22.145	22.085	415.42	415.34
22:56:08	23.614	23.556	23.786	25.114	22.145	22.086	415.42	415.34
22:57:08	23.614	23.554	23.791	25.056	22.144	22.085	415.42	415.34
22:58:08	23.616	23.555	23.793	25.162	22.143	22.085	415.42	415.34
22:59:08	23.614	23.556	23.789	25.211	22.144	22.085	415.42	415.34
23:00:08	23.616	23.557	23.798	25.329	22.147	22.086	415.42	415.34
23:01:10	23.615	23.557	23.793	25.383	22.144	22.085	415.42	415.34
23:02:08	23.616	23.557	23.792	25.414	22.144	22.086	415.42	415.34
23:03:08	23.615	23.557	23.797	25.429	22.144	22.086	415.42	415.34
23:04:08	23.616	23.557	23.801	25.42	22.146	22.086	415.42	415.34
23:05:08	23.615	23.557	23.803	25.298	22.145	22.086	415.42	415.34
23:06:08	23.616	23.557	23.807	25.221	22.145	22.086	415.42	415.34
23:07:08	23.616	23.558	23.812	25.178	22.147	22.086	415.42	415.34
23:08:08	23.616	23.56	23.808	25.161	22.146	22.086	415.42	415.34
23:09:08	23.617	23.56	23.804	25.094	22.146	22.086	415.42	415.34
23:10:08	23.616	23.559	23.807	25.038	22.146	22.087	415.42	415.34
23:11:08	23.616	23.559	23.802	25.017	22.148	22.086	415.42	415.34
23:12:08	23.616	23.559	23.805	25.009	22.149	22.089	415.42	415.34
23:13:08	23.618	23.56	23.802	25.011	22.149	22.089	415.42	415.34
23:14:08	23.617	23.562	23.797	25.021	22.148	22.089	415.42	415.34
23:15:08	23.617	23.562	23.796	25.0	22.149	22.088	415.42	415.34
23:16:08	23.617	23.562	23.802	25.007	22.148	22.088	415.42	415.34
23:17:08	23.617	23.562	23.81	24.997	22.149	22.09	415.42	415.34
23:18:08	23.616	23.561	23.803	24.984	22.148	22.089	415.42	415.34
23:19:08	23.617	23.56	23.799	24.988	22.148	22.088	415.42	415.34
23:20:08	23.617	23.559	23.784	24.99	22.147	22.087	415.42	415.34
23:21:08	23.616	23.56	23.791	24.99	22.148	22.087	415.42	415.34
23:22:08	23.616	23.561	23.795	25.008	22.147	22.089	415.42	415.34
23:23:08	23.617	23.56	23.791	25.033	22.148	22.089	415.42	415.34
23:24:08	23.616	23.56	23.794	25.035	22.148	22.087	415.42	415.34
23:25:08	23.618	23.561	23.79	25.048	22.148	22.089	415.42	415.34
23:26:08	23.617	23.56	23.795	25.031	22.148	22.089	415.42	415.34
23:27:08	23.616	23.56	23.792	25.022	22.147	22.088	415.42	415.34
23:28:08	23.617	23.559	23.789	25.039	22.147	22.087	415.42	415.34
23:29:08	23.616	23.558	23.795	25.033	22.145	22.086	415.42	415.34
23:30:08	23.617	23.558	23.788	25.034	22.144	22.086	415.42	415.34
23:31:08	23.616	0.0	23.789	25.022	22.141	22.084	415.42	415.34
23:32:08	23.615	23.555	23.785	24.976	22.141	22.084	415.42	415.34
23:33:08	23.615	23.555	23.786	24.967	22.141	22.084	415.42	415.34
23:34:08	23.616	23.554	23.779	24.969	22.142	22.085	415.42	415.34
23:35:08	23.616	23.555	23.777	24.961	22.142	22.086	415.42	415.34
23:36:08	23.617	23.556	23.772	24.96	22.143	22.086	415.42	415.34
23:37:08	23.616	23.556	23.789	24.968	22.144	22.086	415.42	415.34
23:38:08	23.616	23.555	23.783	24.976	22.143	22.086	415.42	415.34
23:39:08	23.615	23.555	23.783	24.968	22.145	22.087	415.42	415.34
23:40:08	23.615	23.555	23.773	24.948	22.145	22.084	415.42	415.34
23:41:08	23.615	23.556	23.774	24.937	22.144	22.086	415.42	415.34
23:42:08	23.617	23.556	23.772	24.925	22.145	22.088	415.42	415.34
23:43:08	23.615	23.557	23.772	24.939	22.145	22.088	415.42	415.34
23:44:08	23.616	23.558	23.762	24.944	22.146	22.09	415.42	415.34
23:45:08	23.615	23.559	23.764	24.93	22.147	22.088	415.42	415.34
23:46:08	23.616	23.56	23.758	24.938	22.149	22.088	415.42	415.34
23:47:08	23.617	23.559	23.75	24.945	22.148	22.087	415.42	415.34
23:48:08	23.617	23.559	23.761	24.93	22.148	22.09	415.42	415.34
23:49:08	23.617	23.56	23.77	24.922	22.149	22.088	415.42	415.34
23:50:08	23.617	23.56	23.773	24.921	22.148	22.088	415.42	415.34
23:51:08	23.617	23.56	23.778	24.961	22.148	22.089	415.42	415.34
23:52:08	23.618	23.561	23.776	25.064	22.149	22.089	415.42	415.34
23:53:08	23.619	23.561	23.786	25.112	22.148	22.089	415.42	415.34
23:54:08	23.618	23.563	23.787	25.141	22.15	22.088	415.42	415.34
23:55:08	23.617	23.561	23.796	25.22	22.151	22.09	415.42	415.34
23:56:08	23.617	23.562	23.795	25.212	22.15	22.088	415.42	415.34
23:57:08	23.618	23.562	23.795	25.278	22.15	22.088	415.42	415.34
23:58:08	23.616	23.56	23.792	25.277	22.147	22.088	415.42	415.34
23:59:08	23.617	23.559	23.804	25.261	22.146	22.087	415.42	415.34
