00:00:31	16.573	16.233	16.32	17.167	16.362	16.576	415.42	415.34
00:01:31	16.574	16.233	16.331	17.194	16.364	16.575	415.42	415.34
00:02:31	16.573	16.233	16.337	17.2	16.362	16.569	415.42	415.34
00:03:31	16.574	16.232	16.344	17.204	16.363	16.569	415.42	415.34
00:04:31	16.573	16.233	16.353	17.218	16.365	16.57	415.42	415.34
00:05:31	16.572	16.233	16.359	17.228	16.365	16.569	415.42	415.34
00:06:31	16.572	16.232	16.365	17.229	16.365	16.57	415.42	415.34
00:07:31	16.573	16.231	16.37	17.241	16.366	16.571	415.42	415.34
00:08:31	16.573	16.231	16.377	17.243	16.365	16.57	415.42	415.34
00:09:31	16.572	16.232	16.383	17.247	16.366	16.571	415.42	415.34
00:10:31	16.572	16.232	16.39	17.259	16.364	16.574	415.42	415.34
00:11:31	16.572	16.232	16.397	17.266	16.364	16.568	415.42	415.34
00:12:31	16.572	16.231	16.406	17.274	16.364	16.575	415.42	415.34
00:13:31	16.571	16.231	16.412	17.279	16.362	16.571	415.42	415.34
00:14:31	16.572	16.23	16.418	17.293	16.364	16.573	415.42	415.34
00:15:31	16.572	16.231	16.42	17.299	16.364	16.576	415.42	415.34
00:16:31	16.572	16.23	16.424	17.298	16.364	16.571	415.42	415.34
00:17:31	16.572	16.229	16.428	17.297	16.364	16.57	415.42	415.34
00:18:31	16.572	16.231	16.436	17.311	16.364	16.571	415.42	415.34
00:19:31	16.571	16.233	16.42	17.257	16.364	16.567	415.42	415.34
00:20:31	16.572	16.233	16.382	17.136	16.366	16.571	415.42	415.34
00:21:31	16.572	16.234	16.355	17.044	16.369	16.572	415.42	415.34
00:22:31	16.571	16.235	16.331	16.979	16.369	16.572	415.42	415.34
00:23:31	16.571	16.235	16.325	16.967	16.369	16.572	415.42	415.34
00:24:31	16.572	16.237	16.327	16.995	16.373	16.578	415.42	415.34
00:25:31	16.571	16.239	16.296	16.93	16.375	16.581	415.42	415.34
00:26:31	16.572	16.239	16.26	16.865	16.371	16.577	415.42	415.34
00:27:31	16.571	16.238	16.228	16.787	16.368	16.574	415.42	415.34
00:28:31	16.571	16.236	16.222	16.753	16.366	16.572	415.42	415.34
00:29:31	16.571	16.234	16.232	16.814	16.366	16.572	415.42	415.34
00:30:31	16.57	16.233	16.249	16.901	16.364	16.571	415.42	415.34
00:31:31	16.57	16.231	16.269	16.964	16.363	16.572	415.42	415.34
00:32:31	16.57	16.23	16.283	17.02	16.363	16.577	415.42	415.34
00:33:31	16.57	16.232	16.297	17.066	16.364	16.573	415.42	415.34
00:34:31	16.569	16.23	16.308	17.097	16.364	16.57	415.42	415.34
00:35:31	16.57	16.228	16.319	17.119	16.361	16.569	415.42	415.34
00:36:31	16.57	16.226	16.324	17.136	16.361	16.563	415.42	415.34
00:37:31	16.57	16.224	16.33	17.156	16.359	16.566	415.42	415.34
00:38:31	16.57	16.22	16.331	17.164	16.351	16.566	415.42	415.34
00:39:31	16.57	16.215	16.341	17.173	16.351	16.559	415.42	415.34
00:40:31	16.569	16.213	16.352	17.18	16.354	16.55	415.42	415.34
00:41:31	16.568	16.213	16.361	17.188	16.356	16.55	415.42	415.34
00:42:31	16.568	16.216	16.368	17.201	16.354	16.559	415.42	415.34
00:43:31	16.57	16.217	16.375	17.213	16.354	16.559	415.42	415.34
00:44:31	16.568	16.22	16.382	17.227	16.358	16.567	415.42	415.34
00:45:31	16.568	16.22	16.385	17.23	16.356	16.565	415.42	415.34
00:46:31	16.568	16.221	16.391	17.232	16.36	16.568	415.42	415.34
00:47:31	16.567	16.223	16.397	17.24	16.362	16.567	415.42	415.34
00:48:31	16.567	16.224	16.406	17.242	16.362	16.57	415.42	415.34
00:49:31	16.567	16.224	16.407	17.25	16.362	16.565	415.42	415.34
00:50:31	16.567	16.223	16.409	17.254	0.0	16.57	415.42	415.34
00:51:31	16.567	16.224	16.415	17.262	16.36	16.57	415.42	415.34
00:52:31	16.567	16.224	16.421	17.261	16.363	16.571	415.42	415.34
00:53:31	16.568	16.227	16.429	17.269	16.37	16.578	415.42	415.34
00:54:31	16.567	16.23	16.436	17.268	16.366	16.572	415.42	415.34
00:55:31	16.568	16.229	16.436	17.267	16.37	16.57	415.42	415.34
00:56:31	16.567	16.234	16.42	17.241	16.375	16.578	415.42	415.34
00:57:31	16.568	16.24	16.374	17.143	16.382	16.58	415.42	415.34
00:58:31	16.568	16.245	16.363	17.044	16.383	16.577	415.42	415.34
00:59:31	16.569	16.249	16.347	16.963	16.39	16.582	415.42	415.34
01:00:31	16.568	16.255	16.32	16.928	16.392	16.582	415.42	415.34
01:01:31	16.569	16.258	16.293	16.878	16.391	16.58	415.42	415.34
01:02:31	16.569	16.26	16.271	16.838	16.399	16.58	415.42	415.34
01:03:31	16.57	16.263	16.245	16.799	16.398	16.578	415.42	415.34
01:04:31	16.57	16.264	16.244	16.798	16.395	16.579	415.42	415.34
01:05:31	16.571	16.265	16.221	16.777	16.395	16.576	415.42	415.34
01:06:31	16.571	16.264	16.195	16.743	16.395	16.577	415.42	415.34
01:07:31	16.569	16.264	16.176	16.706	16.393	16.577	415.42	415.34
01:08:31	16.57	16.263	16.168	16.681	16.395	16.575	415.42	415.34
01:09:31	16.57	16.263	16.142	16.661	16.394	16.575	415.42	415.34
01:10:31	16.57	16.261	16.124	16.633	16.393	16.577	415.42	415.34
01:11:31	16.571	16.261	16.12	16.634	16.397	16.578	415.42	415.34
01:12:31	16.57	16.263	16.141	16.711	16.391	16.576	415.42	415.34
01:13:31	16.571	16.261	16.165	16.799	16.393	16.579	415.42	415.34
01:14:31	16.571	16.259	16.183	16.877	16.39	16.578	415.42	415.34
01:15:31	16.571	16.255	16.198	16.93	16.384	16.582	415.42	415.34
01:16:31	16.571	16.25	16.211	16.968	16.379	16.58	415.42	415.34
01:17:31	16.57	16.247	16.222	16.998	16.379	16.577	415.42	415.34
01:18:31	16.571	16.244	16.234	17.027	16.376	16.573	415.42	415.34
01:19:31	16.57	16.241	16.25	17.05	16.373	16.57	415.42	415.34
01:20:31	16.571	16.239	16.26	17.069	16.374	16.573	415.42	415.34
01:21:31	16.571	16.237	16.27	17.087	16.374	16.575	415.42	415.34
01:22:31	16.571	16.235	16.278	17.108	16.373	16.574	415.42	415.34
01:23:31	16.57	16.236	16.287	17.113	16.373	16.568	415.42	415.34
01:24:31	16.571	16.235	16.296	17.125	16.373	16.571	415.42	415.34
01:25:31	16.57	16.234	16.307	17.144	16.371	16.577	415.42	415.34
01:26:31	16.569	16.234	16.311	17.158	16.372	16.574	415.42	415.34
01:27:31	16.569	16.233	16.32	17.164	16.371	16.574	415.42	415.34
01:28:31	16.57	16.233	16.323	17.171	16.372	16.579	415.42	415.34
01:29:31	16.569	16.232	16.33	17.178	16.371	16.579	415.42	415.34
01:30:31	16.569	16.231	16.336	17.177	16.369	16.578	415.42	415.34
01:31:31	16.569	16.231	16.342	17.185	16.369	16.582	415.42	415.34
01:32:31	16.569	16.23	16.348	17.196	16.367	16.58	415.42	415.34
01:33:31	16.569	16.23	16.356	17.197	16.367	16.583	415.42	415.34
01:34:31	16.569	16.229	16.358	17.205	16.367	16.581	415.42	415.34
01:35:31	16.568	16.229	16.366	17.216	16.368	16.579	415.42	415.34
01:36:31	16.568	16.229	16.373	17.222	16.367	16.58	415.42	415.34
01:37:31	16.568	16.231	16.378	17.219	16.368	16.581	415.42	415.34
01:38:31	16.568	16.23	16.385	17.23	16.368	16.576	415.42	415.34
01:39:31	16.568	16.23	16.39	17.233	16.367	16.573	415.42	415.34
01:40:31	16.568	16.229	16.393	17.235	16.368	16.574	415.42	415.34
01:41:31	16.568	16.23	16.395	17.244	16.367	16.573	415.42	415.34
01:42:31	16.568	16.231	16.401	17.253	16.367	16.572	415.42	415.34
01:43:31	16.567	16.23	16.406	17.252	16.368	16.577	415.42	415.34
01:44:31	16.567	16.23	16.407	17.26	16.369	16.576	415.42	415.34
01:45:31	16.567	16.229	16.409	17.26	16.368	16.577	415.42	415.34
01:46:31	16.567	16.23	16.415	17.269	16.368	16.573	415.42	415.34
01:47:31	16.567	16.23	16.416	17.271	16.367	16.57	415.42	415.34
01:48:31	16.566	16.23	16.421	17.267	16.366	16.569	415.42	415.34
01:49:31	16.566	16.227	16.421	17.24	16.365	16.572	415.42	415.34
01:50:31	16.566	16.226	16.385	17.137	16.364	16.573	415.42	415.34
01:51:31	16.566	16.226	16.352	17.035	16.363	16.568	415.42	415.34
01:52:33	16.566	16.227	16.337	16.973	16.363	16.574	415.42	415.34
01:53:31	16.566	16.225	16.321	16.932	16.362	16.578	415.42	415.34
01:54:31	16.565	16.224	16.303	16.888	16.363	16.576	415.42	415.34
01:55:31	16.566	16.224	16.279	16.843	16.363	16.576	415.42	415.34
01:56:32	16.565	16.224	16.265	16.817	16.363	16.578	415.42	415.34
01:57:31	0.0	16.225	16.261	16.832	16.364	16.573	415.42	415.34
01:58:31	16.566	16.223	16.261	16.868	16.363	16.57	415.42	415.34
01:59:31	16.566	16.223	16.249	16.877	16.363	16.574	415.42	415.34
02:00:31	16.565	16.222	16.23	16.822	16.362	16.577	415.42	415.34
02:01:31	16.564	16.222	16.203	16.774	16.361	16.575	415.42	415.34
02:02:31	16.565	16.221	16.205	16.803	16.361	16.572	415.42	415.34
02:03:31	16.565	16.219	16.222	16.873	16.36	16.565	415.42	415.34
02:04:31	16.563	16.219	16.243	16.948	16.359	16.567	415.42	415.34
02:05:31	16.564	16.219	16.259	17.007	16.359	16.567	415.42	415.34
02:06:31	16.563	16.219	16.275	17.04	16.358	16.571	415.42	415.34
02:07:31	16.563	16.218	16.287	17.062	16.357	16.572	415.42	415.34
02:08:31	16.564	16.218	16.298	17.08	16.358	16.57	415.42	415.34
02:09:31	16.563	16.218	16.305	17.099	16.36	16.566	415.42	415.34
02:10:31	16.563	16.219	16.311	17.122	16.36	16.565	415.42	415.34
02:11:31	16.564	16.217	16.317	17.145	16.361	16.563	415.42	415.34
02:12:31	16.563	16.217	16.327	17.149	16.359	16.563	415.42	415.34
02:13:31	16.563	16.216	16.337	17.156	16.358	16.564	415.42	415.34
02:14:31	16.563	16.217	16.341	17.171	16.359	16.563	415.42	415.34
02:15:31	16.563	16.216	16.346	17.177	16.359	16.567	415.42	415.34
02:16:31	16.563	16.216	16.354	17.19	16.357	16.567	415.42	415.34
02:17:31	16.563	16.217	16.358	17.196	16.36	16.566	415.42	415.34
02:18:31	16.563	16.218	16.365	17.206	16.362	16.566	415.42	415.34
02:19:31	16.562	16.219	16.374	17.209	16.361	16.57	415.42	415.34
02:20:31	16.562	16.218	16.38	17.216	16.363	16.568	415.42	415.34
02:21:31	16.562	16.22	16.386	17.223	16.362	16.567	415.42	415.34
02:22:31	16.562	16.22	16.391	17.235	16.363	16.564	415.42	415.34
02:23:31	16.562	16.219	16.395	17.236	16.361	16.566	415.42	415.34
02:24:31	16.562	16.219	16.399	17.246	16.362	16.567	415.42	415.34
02:25:31	16.563	16.219	16.402	17.249	16.359	16.568	415.42	415.34
02:26:31	16.562	16.219	16.406	17.255	16.36	16.564	415.42	415.34
02:27:31	16.562	16.219	16.413	17.256	16.359	16.564	415.42	415.34
02:28:31	16.563	16.219	16.421	17.257	16.358	16.564	415.42	415.34
02:29:31	16.561	16.217	16.424	17.263	16.358	16.566	415.42	415.34
02:30:31	16.562	16.218	16.428	17.262	16.357	16.566	415.42	415.34
02:31:31	16.562	16.219	16.433	17.27	16.359	16.568	415.42	415.34
02:32:31	16.561	16.219	16.439	17.273	16.362	16.567	415.42	415.34
02:33:31	16.56	16.219	16.445	17.277	16.361	16.564	415.42	415.34
02:34:31	16.561	16.22	16.444	17.284	16.361	16.566	415.42	415.34
02:35:31	16.561	16.219	16.445	17.283	16.36	16.564	415.42	415.34
02:36:31	16.56	16.219	16.451	17.286	16.36	16.565	415.42	415.34
02:37:31	16.561	16.219	16.458	17.296	16.362	16.565	415.42	415.34
02:38:31	16.561	16.219	16.442	17.24	16.363	16.567	415.42	415.34
02:39:31	16.56	16.22	16.41	17.132	16.363	16.57	415.42	415.34
02:40:31	16.56	16.22	16.397	17.107	16.364	16.573	415.42	415.34
02:41:31	16.561	16.219	16.382	17.045	16.363	16.574	415.42	415.34
02:42:31	16.561	16.221	16.359	16.976	16.364	16.573	415.42	415.34
02:43:31	16.562	16.222	16.324	16.915	16.363	16.57	415.42	415.34
02:44:31	16.56	16.223	16.287	16.855	16.367	16.571	415.42	415.34
02:45:31	16.56	16.224	16.259	16.817	16.366	16.574	415.42	415.34
02:46:31	16.561	16.224	16.25	16.789	16.368	16.576	415.42	415.34
02:47:31	16.562	16.226	16.238	16.776	16.368	16.577	415.42	415.34
02:48:31	16.561	16.226	16.209	16.765	16.367	16.577	415.42	415.34
02:49:31	16.562	16.227	16.193	16.744	16.367	16.577	415.42	415.34
02:50:31	16.56	16.225	16.184	16.708	16.363	16.573	415.42	415.34
02:51:31	16.562	16.224	16.178	16.683	16.364	16.574	415.42	415.34
02:52:31	16.561	16.223	16.159	16.663	16.363	16.573	415.42	415.34
02:53:31	16.561	16.221	16.135	16.648	16.362	16.57	415.42	415.34
02:54:31	16.561	16.221	16.137	16.676	16.364	16.571	415.42	415.34
02:55:31	16.561	16.223	16.165	16.763	16.366	16.575	415.42	415.34
02:56:31	16.562	16.222	16.185	16.851	16.365	16.575	415.42	415.34
02:57:31	16.561	16.225	16.205	16.92	16.367	16.576	415.42	415.34
02:58:31	16.562	16.225	16.221	16.968	16.367	16.571	415.42	415.34
02:59:31	16.561	16.225	16.232	17.002	16.368	16.577	415.42	415.34
03:00:31	16.562	16.227	16.248	17.034	16.367	16.575	415.42	415.34
03:01:31	16.561	16.228	16.261	17.054	16.369	16.579	415.42	415.34
03:02:31	16.563	16.227	16.269	17.08	16.37	16.577	415.42	415.34
03:03:31	16.562	16.229	16.278	17.095	16.37	16.577	415.42	415.34
03:04:31	16.562	16.228	16.286	17.118	16.37	16.58	415.42	415.34
03:05:31	16.563	16.229	16.293	17.138	16.369	16.579	415.42	415.34
03:06:31	16.561	16.23	16.302	17.147	16.37	16.577	415.42	415.34
03:07:31	16.561	16.229	16.311	17.153	16.369	16.577	415.42	415.34
03:08:31	16.562	16.23	16.318	17.157	16.369	16.577	415.42	415.34
03:09:31	16.561	16.229	16.325	17.17	16.37	16.579	415.42	415.34
03:10:31	16.562	16.229	16.334	17.179	16.37	16.579	415.42	415.34
03:11:33	16.562	16.23	16.338	17.193	16.37	16.58	415.42	415.34
03:12:31	16.562	16.229	16.346	17.196	16.371	16.58	415.42	415.34
03:13:32	16.562	16.23	16.352	17.204	16.372	16.58	415.42	415.34
03:14:31	16.562	16.231	16.357	17.214	16.373	16.58	415.42	415.34
03:15:31	16.562	16.232	16.364	17.217	16.373	16.578	415.42	415.34
03:16:31	16.561	16.233	16.372	17.22	16.374	16.578	415.42	415.34
03:17:31	16.563	16.233	16.376	17.233	16.375	16.577	415.42	415.34
03:18:31	16.561	16.234	16.381	17.241	16.375	16.574	415.42	415.34
03:19:31	16.561	16.234	16.387	17.241	16.375	16.573	415.42	415.34
03:20:31	16.562	16.235	16.395	17.244	16.378	16.577	415.42	415.34
03:21:31	16.561	16.236	16.403	17.262	16.377	16.581	415.42	415.34
03:22:31	16.561	16.236	16.404	17.269	16.377	16.579	415.42	415.34
03:23:31	16.562	16.237	16.409	17.269	16.379	16.58	415.42	415.34
03:24:31	16.562	16.238	16.414	17.272	16.38	16.58	415.42	415.34
03:25:31	16.562	16.237	16.421	17.276	16.382	16.579	415.42	415.34
03:26:31	16.562	16.239	16.425	17.283	16.383	16.578	415.42	415.34
03:27:31	16.561	16.24	16.433	17.288	16.38	16.578	415.42	415.34
03:28:31	16.562	16.24	16.438	17.296	16.378	16.58	415.42	415.34
03:29:31	16.562	16.238	16.441	17.293	16.378	16.581	415.42	415.34
03:30:31	16.562	16.239	16.442	17.299	16.376	16.582	415.42	415.34
03:31:31	16.561	16.238	16.428	17.259	16.377	16.581	415.42	415.34
03:32:31	16.562	16.238	16.382	17.149	16.375	16.58	415.42	415.34
03:33:31	16.562	16.237	16.347	17.055	16.376	16.582	415.42	415.34
03:34:31	16.562	16.236	16.33	16.957	16.375	16.583	415.42	415.34
03:35:31	16.563	16.236	16.309	16.892	16.377	16.581	415.42	415.34
03:36:31	16.563	16.236	16.273	16.837	16.376	16.583	415.42	415.34
03:37:31	16.562	16.236	16.243	16.803	16.377	16.577	415.42	415.34
03:38:31	16.562	16.236	16.223	16.757	16.378	16.575	415.42	415.34
03:39:31	16.562	16.235	16.208	16.757	16.378	16.575	415.42	415.34
03:40:31	16.563	16.236	16.233	16.835	16.377	16.576	415.42	415.34
03:41:31	16.561	16.235	16.248	16.894	16.377	16.578	415.42	415.34
03:42:31	16.561	16.236	16.212	16.867	16.378	16.572	415.42	415.34
03:43:31	16.563	16.235	16.194	16.813	16.376	16.571	415.42	415.34
03:44:31	16.561	16.234	16.191	16.766	16.374	16.577	415.42	415.34
03:45:31	16.562	16.233	16.166	16.715	16.375	16.58	415.42	415.34
03:46:31	16.562	16.235	16.157	16.711	16.376	16.581	415.42	415.34
03:47:31	16.562	16.233	16.174	16.799	16.377	16.577	415.42	415.34
03:48:31	16.561	16.234	16.192	16.875	16.379	16.576	415.42	415.34
03:49:31	16.562	16.235	16.216	16.935	16.376	16.578	415.42	415.34
03:50:31	16.561	16.235	16.233	16.987	16.378	16.575	415.42	415.34
03:51:31	16.563	16.237	16.244	17.022	16.377	16.574	415.42	415.34
03:52:31	16.563	16.235	16.259	17.061	16.377	16.576	415.42	415.34
03:53:31	16.561	16.235	16.272	17.093	16.377	16.577	415.42	415.34
03:54:31	16.561	16.233	16.283	17.109	16.377	16.575	415.42	415.34
03:55:31	16.562	16.233	16.295	17.125	16.376	16.577	415.42	415.34
03:56:31	16.561	16.233	16.296	17.155	16.377	16.574	415.42	415.34
03:57:31	16.563	16.233	16.307	17.168	16.375	16.579	415.42	415.34
03:58:31	16.562	16.232	16.316	17.175	16.375	16.582	415.42	415.34
03:59:31	16.561	16.232	16.324	17.189	16.374	16.581	415.42	415.34
04:00:32	16.563	16.231	16.333	17.195	16.374	16.581	415.42	415.34
04:01:31	16.562	16.231	16.342	17.204	16.374	16.584	415.42	415.34
04:02:31	16.562	16.229	16.35	17.213	16.371	16.585	415.42	415.34
04:03:31	16.562	16.229	16.354	17.223	16.372	16.582	415.42	415.34
04:04:31	16.561	16.228	16.362	17.227	16.372	16.582	415.42	415.34
04:05:31	16.562	16.227	16.367	17.234	16.371	16.583	415.42	415.34
04:06:31	16.561	16.226	16.368	17.247	16.369	16.581	415.42	415.34
04:07:31	16.561	16.225	16.375	17.245	16.369	16.575	415.42	415.34
04:08:31	16.561	16.224	16.383	17.254	16.368	16.572	415.42	415.34
04:09:31	16.561	16.223	16.386	17.264	16.366	16.574	415.42	415.34
04:10:31	16.56	16.223	16.39	17.267	16.366	16.572	415.42	415.34
04:11:31	16.561	16.222	16.4	17.272	16.368	16.57	415.42	415.34
04:12:31	16.562	16.222	16.406	17.285	16.367	16.571	415.42	415.34
04:13:31	16.561	16.222	16.404	17.285	16.367	16.571	415.42	415.34
04:14:31	16.561	16.22	16.412	17.287	16.368	16.571	415.42	415.34
04:15:31	16.561	16.218	16.416	17.291	16.367	16.571	415.42	415.34
04:16:31	16.56	16.219	16.424	17.295	16.366	16.574	415.42	415.34
04:17:31	16.561	16.218	16.426	17.296	16.367	16.575	415.42	415.34
04:18:31	16.561	16.216	16.411	17.235	16.364	16.574	415.42	415.34
04:19:31	16.56	16.217	16.381	17.147	16.363	16.577	415.42	415.34
04:20:31	16.56	16.215	16.349	17.064	16.363	16.569	415.42	415.34
04:21:31	16.56	16.215	16.326	16.97	16.362	16.569	415.42	415.34
04:22:31	16.56	16.216	16.31	16.912	16.362	16.568	415.42	415.34
04:23:31	16.561	16.215	16.297	16.903	16.36	16.568	415.42	415.34
04:24:31	16.56	16.215	16.297	16.939	16.358	16.563	415.42	415.34
04:25:31	16.56	16.215	16.284	16.931	16.359	16.563	415.42	415.34
04:26:31	16.559	16.214	16.261	16.874	16.359	16.565	415.42	415.34
04:27:31	16.559	16.214	16.236	16.816	16.36	16.567	415.42	415.34
04:28:31	16.56	16.211	16.227	16.766	16.36	16.565	415.42	415.34
04:29:31	16.56	16.212	16.195	16.733	16.361	16.565	415.42	415.34
04:30:31	16.558	16.214	16.18	16.733	16.362	16.567	415.42	415.34
04:31:31	16.559	16.215	16.192	16.787	16.363	16.568	415.42	415.34
04:32:31	16.557	16.215	16.213	16.869	16.364	16.57	415.42	415.34
04:33:31	16.559	16.217	16.237	16.952	16.364	16.571	415.42	415.34
04:34:31	16.559	16.218	16.255	17.004	16.366	16.569	415.42	415.34
04:35:32	16.559	16.22	16.266	17.049	16.366	16.568	415.42	415.34
04:36:31	0.0	16.219	16.28	17.083	16.365	16.572	415.42	415.34
04:37:31	16.558	16.218	16.292	17.104	16.362	16.564	0.0	415.34
04:38:31	16.558	16.216	16.302	17.125	16.36	16.56	415.42	415.34
04:39:31	16.558	16.214	16.313	17.145	16.36	16.558	415.42	415.34
04:40:31	16.558	16.214	16.319	17.156	16.361	16.561	415.42	415.34
04:41:32	16.559	16.214	16.329	17.166	16.36	16.561	415.42	415.34
04:42:32	16.557	16.212	16.333	17.177	16.357	16.561	415.42	415.34
04:43:32	16.558	16.21	16.338	17.192	16.358	16.564	415.42	415.34
04:44:32	16.557	16.212	16.342	0.0	16.358	16.564	415.42	415.34
04:45:32	16.557	16.211	16.355	17.207	16.357	16.561	415.42	415.34
04:46:32	16.556	16.211	16.361	17.227	16.355	16.561	415.42	415.34
04:47:32	16.557	16.21	16.368	17.239	16.356	16.561	415.42	415.34
04:48:32	16.557	16.21	16.374	17.244	16.355	16.561	415.42	415.34
04:49:32	16.557	16.209	16.38	17.25	16.356	16.558	415.42	415.34
04:50:32	16.556	16.208	16.384	17.252	16.352	16.555	415.42	415.34
04:51:32	16.557	16.209	16.389	17.257	16.355	16.557	415.42	415.34
04:52:32	16.557	16.21	16.395	17.27	16.356	16.558	415.42	415.34
04:53:32	16.555	16.208	16.402	17.27	16.355	16.558	415.42	415.34
04:54:32	16.557	16.208	16.405	17.276	16.355	16.561	415.42	415.34
04:55:32	16.556	16.208	16.411	17.276	16.355	16.562	415.42	415.34
04:56:32	16.556	16.208	16.415	17.275	16.356	16.558	415.42	415.34
04:57:32	16.556	16.206	16.419	17.286	16.354	16.558	415.42	415.34
04:58:32	16.557	16.206	16.423	17.302	16.355	16.564	415.42	415.34
04:59:32	16.555	16.205	16.422	17.312	16.354	16.566	415.42	415.34
05:00:32	16.554	16.206	16.401	17.23	16.354	16.564	415.42	415.34
05:01:32	16.556	16.206	16.371	17.107	16.355	16.562	415.42	415.34
05:02:32	16.555	16.206	16.335	17.015	16.355	16.559	415.42	415.34
05:03:32	16.555	16.204	16.319	16.965	16.352	16.564	415.42	415.34
05:04:32	16.555	16.202	16.321	16.976	16.349	16.564	415.42	415.34
05:05:32	16.555	16.203	16.324	17.01	16.349	16.557	415.42	415.34
05:06:32	16.553	16.202	16.321	17.007	16.349	16.55	415.42	415.34
05:07:32	16.554	16.202	16.302	16.948	16.352	16.547	415.42	415.34
05:08:32	16.554	16.202	16.274	16.882	16.351	16.547	415.42	415.34
05:09:32	16.554	16.2	16.248	16.827	16.347	16.549	415.42	415.34
05:10:32	16.553	16.199	16.216	16.778	16.348	16.546	415.42	415.34
05:11:32	16.553	16.2	16.2	16.72	16.35	16.549	415.42	415.34
05:12:32	16.554	16.199	16.193	16.727	16.349	16.547	415.42	415.34
05:13:32	16.553	16.199	16.191	16.755	16.346	16.556	415.42	415.34
05:14:32	16.551	16.197	16.21	16.83	16.342	16.555	415.42	415.34
05:15:32	16.552	16.197	16.231	16.912	16.346	16.548	415.42	415.34
05:16:32	16.552	16.194	16.244	16.982	16.344	16.548	415.42	415.34
05:17:32	16.551	16.195	16.261	17.031	16.344	16.548	415.42	415.34
05:18:32	16.551	16.198	16.276	17.066	16.349	16.55	415.42	415.34
05:19:32	16.553	16.199	16.283	17.096	16.35	16.55	415.42	415.34
05:20:32	16.552	16.2	16.295	17.12	16.352	16.553	415.42	415.34
05:21:32	16.552	16.202	16.306	17.136	16.354	16.56	415.42	415.34
05:22:32	16.552	16.203	16.316	17.155	16.354	16.556	415.42	415.34
05:23:32	16.551	16.204	16.324	17.186	16.353	16.555	415.42	415.34
05:24:32	16.552	16.203	16.331	17.185	16.355	16.563	415.42	415.34
05:25:32	16.551	16.203	16.338	17.192	16.355	16.555	415.42	415.34
05:26:32	16.552	16.204	16.344	17.205	16.354	16.557	415.42	415.34
05:27:32	16.551	16.206	16.357	17.211	16.355	16.554	415.42	415.34
05:28:32	16.552	16.205	16.359	17.214	16.356	16.556	415.42	415.34
05:29:32	16.551	16.205	16.365	17.223	16.354	16.559	415.42	415.34
05:30:32	16.552	16.205	16.371	17.229	16.354	16.56	415.42	415.34
05:31:32	16.55	16.206	16.376	17.235	16.355	16.564	415.42	415.34
05:32:32	16.55	16.204	16.382	17.238	16.357	16.564	415.42	415.34
05:33:32	16.55	16.206	16.387	17.246	16.358	16.564	415.42	415.34
05:34:32	16.551	16.206	16.389	17.254	16.356	16.567	415.42	415.34
05:35:32	16.551	16.206	16.399	17.262	16.355	16.568	415.42	415.34
05:36:32	16.55	16.207	16.406	17.269	16.356	16.569	415.42	415.34
05:37:32	16.549	16.206	16.408	17.275	16.358	16.568	415.42	415.34
05:38:32	16.55	16.205	16.413	17.273	16.356	16.568	415.42	415.34
05:39:32	16.549	16.206	16.417	17.285	16.353	16.568	415.42	415.34
05:40:32	16.55	16.205	16.423	17.285	16.354	16.566	415.42	415.34
05:41:32	16.549	16.206	16.431	17.296	16.358	16.568	415.42	415.34
05:42:32	16.55	16.205	16.434	17.303	16.355	16.569	415.42	415.34
05:43:32	16.55	16.207	16.442	17.311	16.359	16.565	415.42	415.34
05:44:32	16.549	16.207	16.442	17.281	16.36	16.566	415.42	415.34
05:45:32	16.55	16.209	16.411	17.165	16.36	16.567	415.42	415.34
05:46:32	16.55	16.211	16.399	17.139	16.361	16.569	415.42	415.34
05:47:32	16.549	16.211	16.403	17.157	16.363	16.571	415.42	415.34
05:48:32	16.551	16.213	16.397	17.144	16.366	16.572	415.42	415.34
05:49:32	16.55	16.215	16.367	17.077	16.366	16.571	415.42	415.34
05:50:33	16.55	16.218	16.324	16.987	16.367	16.575	415.42	415.34
05:51:32	0.0	16.219	16.304	16.907	16.366	16.572	415.42	415.34
05:52:32	16.549	16.218	16.284	16.863	16.366	16.573	415.42	415.34
05:53:32	16.55	16.217	16.262	16.823	16.366	16.575	415.42	415.34
05:54:32	16.55	16.217	16.242	16.779	16.364	16.572	415.42	415.34
05:55:32	16.55	16.216	16.218	16.753	16.365	16.571	415.42	415.34
05:56:32	16.55	16.217	16.21	16.761	16.364	16.571	415.42	415.34
05:57:32	16.55	16.218	16.203	16.747	16.365	16.569	415.42	415.34
05:58:32	16.549	16.217	16.196	16.736	16.363	16.568	415.42	415.34
05:59:32	16.549	16.217	16.181	16.721	16.363	16.571	415.42	415.34
06:00:32	16.549	16.215	16.176	16.717	16.362	16.568	415.42	415.34
06:01:32	16.549	16.214	16.177	16.747	16.362	16.571	415.42	415.34
06:02:32	16.551	16.213	16.178	16.797	16.363	16.569	415.42	415.34
06:03:32	16.55	16.213	16.195	16.873	16.361	16.567	415.42	415.34
06:04:32	16.55	16.212	16.204	16.944	16.361	16.567	415.42	415.34
06:05:32	16.55	16.212	16.22	17.013	16.363	16.565	415.42	415.34
06:06:32	16.55	16.213	16.237	17.034	16.363	16.564	415.42	415.34
06:07:32	16.55	16.212	16.254	17.058	16.362	16.564	415.42	415.34
06:08:32	0.0	16.211	16.269	17.085	16.364	16.566	415.42	415.34
06:09:32	16.55	16.213	16.28	17.112	16.363	16.566	415.42	415.34
06:10:32	16.549	16.212	16.294	17.127	16.363	16.567	415.42	415.34
06:11:32	16.55	16.212	16.3	17.146	16.363	16.567	415.42	415.34
06:12:32	16.551	16.212	16.311	17.156	16.363	16.566	415.42	415.34
06:13:32	16.55	16.212	16.318	17.162	16.362	16.566	415.42	415.34
06:14:32	16.55	16.212	16.33	17.177	16.362	16.567	415.42	415.34
06:15:32	16.55	16.213	16.332	17.191	16.363	16.568	415.42	415.34
06:16:32	16.55	16.212	16.337	17.195	16.361	16.567	415.42	415.34
06:17:32	16.55	16.211	16.344	17.204	16.363	16.568	415.42	415.34
06:18:32	16.55	16.211	16.352	0.0	16.362	16.565	415.42	415.34
06:19:32	16.55	16.21	16.356	17.222	16.362	16.565	415.42	415.34
06:20:32	16.55	16.21	16.361	17.223	16.361	16.563	415.42	415.34
06:21:32	16.549	16.21	16.367	17.228	16.361	16.564	415.42	415.34
06:22:32	16.549	16.21	16.372	17.24	16.361	16.563	415.42	415.34
06:23:32	16.55	16.209	16.38	17.244	16.361	16.563	415.42	415.34
06:24:32	16.55	16.209	16.391	17.252	16.36	16.562	415.42	415.34
06:25:33	16.55	16.207	16.396	17.264	16.359	16.561	415.42	415.34
06:26:32	16.549	16.207	16.401	17.267	16.358	16.562	415.42	415.34
06:27:32	16.549	16.206	16.407	17.265	16.356	16.567	415.42	415.34
06:28:32	16.549	16.206	16.411	17.272	16.357	16.562	415.42	415.34
06:29:32	16.548	16.205	16.414	17.279	16.357	16.558	415.42	415.34
06:30:32	16.549	16.206	16.423	17.286	16.357	16.558	415.42	415.34
06:31:32	16.549	16.204	16.423	17.295	16.356	16.563	415.42	415.34
06:32:32	16.548	16.204	16.424	17.308	16.357	16.562	415.42	415.34
06:33:32	16.548	16.204	16.429	17.299	16.358	16.561	415.42	415.34
06:34:32	16.548	16.204	16.427	17.289	16.358	16.562	415.42	415.34
06:35:32	16.549	16.204	16.406	17.191	16.358	16.567	415.42	415.34
06:36:32	16.548	16.205	16.378	17.099	16.357	16.566	415.42	415.34
06:37:32	16.548	16.204	16.35	17.018	16.358	16.56	415.42	415.34
06:38:32	16.548	16.205	16.331	16.95	16.358	16.563	415.42	415.34
06:39:32	16.548	16.205	16.295	16.891	16.357	16.564	415.42	415.34
06:40:32	16.548	16.204	16.265	16.843	16.356	16.563	415.42	415.34
06:41:32	16.548	16.203	16.27	16.861	16.355	16.565	415.42	415.34
06:42:32	16.548	16.203	16.283	16.924	16.355	16.565	415.42	415.34
06:43:32	16.548	16.204	16.301	17.003	16.357	16.568	415.42	415.34
06:44:32	16.548	16.204	16.307	17.015	16.358	16.565	415.42	415.34
06:45:32	16.548	16.201	16.278	16.946	16.358	16.562	415.42	415.34
06:46:32	16.547	16.201	16.25	16.853	16.356	16.564	415.42	415.34
06:47:32	16.546	16.2	16.222	16.793	16.355	16.566	415.42	415.34
06:48:32	16.547	16.201	16.2	16.755	16.354	16.563	415.42	415.34
06:49:32	16.546	16.201	16.181	16.705	16.353	16.563	415.42	415.34
06:50:32	16.548	16.2	16.187	16.748	16.353	16.562	415.42	415.34
06:51:32	16.546	16.197	16.202	16.832	16.352	16.561	415.42	415.34
06:52:32	16.548	16.198	16.222	16.911	16.353	16.561	415.42	415.34
06:53:32	16.547	16.199	16.241	16.982	16.354	16.56	415.42	415.34
06:54:32	16.547	16.201	16.257	17.024	16.355	16.564	415.42	415.34
06:55:32	16.547	16.2	16.269	17.05	16.357	16.565	415.42	415.34
06:56:32	16.547	16.2	16.278	17.084	16.359	16.561	415.42	415.34
06:57:32	16.547	16.202	16.287	17.107	16.357	16.561	415.42	415.34
06:58:32	16.546	16.203	16.302	17.124	16.359	16.56	415.42	415.34
06:59:32	16.546	16.203	16.316	17.146	16.358	16.561	415.42	415.34
07:00:32	16.547	16.204	16.318	17.154	16.359	16.561	415.42	415.34
07:01:32	16.547	16.205	16.324	17.164	16.358	16.564	415.42	415.34
07:02:32	16.547	16.204	16.333	17.177	16.358	16.568	415.42	415.34
07:03:32	16.546	16.205	16.338	17.186	16.358	16.572	415.42	415.34
07:04:32	16.547	16.204	16.345	17.198	16.357	16.574	415.42	415.34
07:05:32	16.545	16.204	16.352	17.217	16.359	16.574	415.42	415.34
07:06:32	16.547	16.204	16.358	17.227	16.356	16.569	415.42	415.34
07:07:32	16.547	16.204	16.365	17.228	16.358	16.564	415.42	415.34
07:08:32	16.546	16.204	16.373	17.239	16.357	16.565	415.42	415.34
07:09:32	16.545	16.203	16.378	17.237	16.357	16.564	415.42	415.34
07:10:33	16.546	16.204	16.381	17.245	16.357	16.564	415.42	415.34
07:11:32	16.546	16.202	16.388	17.249	16.358	16.564	415.42	415.34
07:12:32	16.546	16.201	16.393	17.256	16.356	16.57	415.42	415.34
07:13:32	16.545	16.203	16.399	17.265	16.357	16.569	415.42	415.34
07:14:32	16.545	16.202	16.404	17.269	16.357	16.568	415.42	415.34
07:15:32	16.545	16.201	16.41	17.279	16.356	16.565	415.42	415.34
07:16:32	16.545	16.202	16.412	17.279	16.356	16.564	415.42	415.34
07:17:32	16.544	16.2	16.414	17.288	16.354	16.561	415.42	415.34
07:18:32	16.545	16.199	16.417	17.279	16.353	16.561	415.42	415.34
07:19:32	16.544	16.198	16.396	17.182	16.353	16.561	415.42	415.34
07:20:32	16.546	16.198	16.367	17.086	16.352	16.558	415.42	415.34
07:21:32	16.544	16.197	16.328	16.996	16.352	16.558	415.42	415.34
07:22:32	16.545	16.196	16.304	16.951	16.351	16.556	415.42	415.34
07:23:32	16.544	16.197	16.275	16.891	16.352	16.555	415.42	415.34
07:24:32	16.544	16.197	16.268	16.88	16.354	16.557	415.42	415.34
07:25:32	16.544	16.197	16.27	16.902	16.354	16.558	415.42	415.34
07:26:32	16.544	16.195	16.279	16.947	16.351	16.557	415.42	415.34
07:27:32	16.544	16.194	16.293	16.991	16.351	16.556	415.42	415.34
07:28:32	16.543	16.195	16.307	17.035	16.352	16.556	415.42	415.34
07:29:32	16.544	16.193	16.319	17.081	16.351	16.555	415.42	415.34
07:30:32	16.543	16.193	16.328	17.112	16.348	16.554	415.42	415.34
07:31:32	16.543	16.192	16.312	17.078	16.347	16.556	415.42	415.34
07:32:32	16.543	16.193	16.285	17.019	16.349	16.555	415.42	415.34
07:33:32	16.542	16.192	16.271	16.954	16.35	16.555	415.42	415.34
07:34:32	16.543	16.192	16.268	16.915	16.35	16.552	415.42	415.34
07:35:32	16.542	16.194	16.25	16.878	16.349	16.553	415.42	415.34
07:36:32	16.542	16.195	16.236	16.844	16.351	16.552	415.42	415.34
07:37:32	16.542	16.193	16.211	16.798	16.351	16.552	415.42	415.34
07:38:32	16.543	16.194	16.185	16.764	16.351	16.55	415.42	415.34
07:39:32	16.542	16.193	16.162	16.719	16.349	16.557	415.42	415.34
07:40:32	16.542	16.192	16.127	16.699	16.349	16.553	415.42	415.34
07:41:32	16.542	16.192	16.108	16.661	16.346	16.559	415.42	415.34
07:42:32	16.542	16.192	16.097	16.654	16.346	16.559	415.42	415.34
07:43:32	16.541	16.192	16.118	16.723	16.345	16.555	415.42	415.34
07:44:32	16.542	16.189	16.144	16.814	16.345	16.549	415.42	415.34
07:45:32	16.541	16.189	16.17	16.894	16.342	16.548	415.42	415.34
07:46:32	16.541	16.187	16.192	16.96	16.344	16.55	415.42	415.34
07:47:32	16.541	16.189	16.209	16.997	16.343	16.551	415.42	415.34
07:48:32	16.541	16.188	16.223	17.029	16.347	16.549	415.42	415.34
07:49:32	16.54	16.187	16.238	17.056	16.344	16.555	415.42	415.34
07:50:32	16.54	16.189	16.247	17.072	16.342	16.557	415.42	415.34
07:51:32	16.54	16.186	16.255	17.088	16.343	16.55	415.42	415.34
07:52:32	16.54	16.186	16.265	17.118	16.346	16.552	415.42	415.34
07:53:32	16.54	16.188	16.275	17.132	16.344	16.555	415.42	415.34
07:54:32	16.54	16.188	16.283	17.146	16.345	16.555	415.42	415.34
07:55:32	16.539	16.188	16.293	17.164	16.346	16.557	415.42	415.34
07:56:32	16.54	16.187	16.299	17.169	16.344	16.547	415.42	415.34
07:57:32	16.539	16.185	16.312	17.191	16.341	16.543	415.42	415.34
07:58:32	16.539	16.184	16.314	17.202	16.343	16.548	415.42	415.34
07:59:32	16.539	16.184	16.323	17.202	16.343	16.544	415.42	415.34
08:00:32	16.538	16.182	16.331	17.216	16.344	16.545	415.42	415.34
08:01:32	16.538	16.184	16.339	17.215	16.344	16.543	415.42	415.34
08:02:32	16.537	16.186	16.347	17.227	16.349	16.553	415.42	415.34
08:03:32	16.538	16.185	16.351	17.241	16.347	16.555	415.42	415.34
08:04:32	16.538	16.187	16.363	17.253	16.347	16.551	415.42	415.34
08:05:32	16.538	16.186	16.365	17.246	16.347	16.55	415.42	415.34
08:06:32	16.537	16.187	16.375	17.253	16.348	16.551	415.42	415.34
08:07:32	16.537	16.188	16.381	17.262	16.348	16.55	415.42	415.34
08:08:32	16.537	16.189	16.387	17.275	16.352	16.554	415.42	415.34
08:09:32	16.537	16.19	16.391	17.274	16.351	16.554	415.42	415.34
08:10:32	16.537	16.19	16.394	17.277	16.352	16.552	415.42	415.34
08:11:32	16.537	16.191	16.397	17.28	16.35	16.555	415.42	415.34
08:12:32	16.537	16.191	16.403	17.289	16.35	16.555	415.42	415.34
08:13:32	16.536	16.19	16.407	17.294	16.35	16.557	415.42	415.34
08:14:32	16.536	16.189	16.419	17.301	16.352	16.561	415.42	415.34
08:15:32	16.536	16.188	16.413	17.31	16.35	16.56	415.42	415.34
08:16:32	16.536	16.188	16.414	17.298	16.352	16.561	415.42	415.34
08:17:32	16.537	16.187	16.382	17.191	16.35	16.557	415.42	415.34
08:18:32	16.536	16.189	16.347	17.074	16.35	16.559	415.42	415.34
08:19:32	16.536	16.189	16.323	16.977	16.349	16.558	415.42	415.34
08:20:32	16.535	16.191	16.277	16.888	16.35	16.556	415.42	415.34
08:21:32	16.535	16.189	16.244	16.833	16.35	16.556	415.42	415.34
08:22:32	16.534	16.188	16.208	16.766	16.35	16.558	415.42	415.34
08:23:32	16.534	16.188	16.184	16.713	16.351	16.561	415.42	415.34
08:24:32	16.535	16.187	16.18	16.705	16.35	16.561	415.42	415.34
08:25:32	16.535	16.187	16.181	16.742	16.35	16.556	415.42	415.34
08:26:32	16.535	16.187	16.195	16.813	16.35	16.552	415.42	415.34
08:27:32	16.534	16.187	16.216	16.891	16.35	16.556	415.42	415.34
08:28:32	16.533	16.187	16.241	16.95	16.349	16.557	415.42	415.34
08:29:32	16.534	16.187	16.257	17.001	16.351	16.559	415.42	415.34
08:30:32	16.533	16.187	16.266	17.048	16.354	16.56	415.42	415.34
08:31:33	16.535	16.188	16.278	17.08	16.353	16.559	415.42	415.34
08:32:32	16.535	16.187	16.293	17.109	16.352	16.561	415.42	415.34
08:33:32	16.534	16.187	16.302	17.132	16.351	16.554	415.42	415.34
08:34:33	16.533	16.188	16.313	17.147	16.352	16.552	415.42	415.34
08:35:32	16.535	16.187	16.323	17.17	16.351	16.555	415.42	415.34
08:36:32	16.533	16.187	16.329	17.181	16.35	16.563	415.42	415.34
08:37:32	16.532	16.188	16.335	17.195	16.35	16.566	415.42	415.34
08:38:32	16.534	16.187	16.342	17.199	16.351	16.565	415.42	415.34
08:39:32	16.533	16.187	16.346	17.204	16.35	16.554	415.42	415.34
08:40:32	16.534	16.186	16.353	17.219	16.349	16.553	415.42	415.34
08:41:32	16.533	16.185	16.364	17.229	16.349	16.552	415.42	415.34
08:42:32	16.533	16.184	16.368	17.23	16.35	16.554	415.42	415.34
08:43:32	16.533	16.184	16.377	17.244	16.349	16.555	415.42	415.34
08:44:32	16.533	16.184	16.376	17.264	16.35	16.556	415.42	415.34
08:45:32	16.532	16.184	16.375	17.281	16.349	16.565	415.42	415.34
08:46:32	16.533	16.185	16.378	17.271	16.349	16.558	415.42	415.34
08:47:32	16.533	16.184	16.39	17.278	16.349	16.557	415.42	415.34
08:48:32	16.532	16.182	16.399	17.275	16.35	16.555	415.42	415.34
08:49:32	16.532	16.182	16.401	17.283	16.349	16.551	415.42	415.34
08:50:32	16.531	16.184	16.406	17.299	16.349	16.554	415.42	415.34
08:51:32	16.532	16.184	16.407	17.299	16.348	16.553	415.42	415.34
08:52:32	16.531	16.184	16.412	17.305	16.348	16.556	415.42	415.34
08:53:32	16.531	16.183	16.422	17.298	16.35	16.556	415.42	415.34
08:54:32	16.53	16.185	16.399	17.205	16.348	16.553	415.42	415.34
08:55:32	16.532	16.185	16.372	17.097	16.35	16.555	415.42	415.34
08:56:32	16.531	16.183	16.341	17.024	16.349	16.554	415.42	415.34
08:57:32	16.531	16.18	16.32	16.953	16.347	16.551	415.42	415.34
08:58:32	16.531	16.181	16.303	16.927	16.347	16.553	415.42	415.34
08:59:32	16.531	16.183	16.291	16.904	16.349	16.554	415.42	415.34
09:00:32	16.531	16.183	16.274	16.894	16.349	16.551	415.42	415.34
09:01:32	16.53	16.183	16.262	16.909	16.348	16.555	415.42	415.34
09:02:32	16.531	16.181	16.253	16.884	16.35	16.553	415.42	415.34
09:03:32	16.531	16.18	16.229	16.83	16.348	16.555	415.42	415.34
09:04:32	16.531	16.181	16.22	16.807	16.348	16.551	415.42	415.34
09:05:32	16.53	16.181	16.216	16.781	16.349	16.551	415.42	415.34
09:06:32	16.53	16.182	16.201	16.756	16.347	16.554	415.42	415.34
09:07:32	16.53	16.181	16.172	16.716	16.346	16.552	415.42	415.34
09:08:32	16.529	16.18	0.0	16.731	16.345	16.551	415.42	415.34
09:09:32	16.53	16.18	16.183	16.787	16.347	16.552	415.42	415.34
09:10:32	16.531	16.18	16.191	16.818	16.346	16.556	415.42	415.34
09:11:32	16.53	16.179	16.19	16.827	16.343	16.557	415.42	415.34
09:12:32	16.53	16.181	16.204	16.894	16.347	16.563	415.42	415.34
09:13:32	16.53	16.184	16.22	16.953	16.349	16.559	415.42	415.34
09:14:32	16.53	16.183	16.236	16.996	16.351	16.561	415.42	415.34
09:15:32	16.529	16.183	16.247	17.037	16.351	16.56	415.42	415.34
09:16:32	16.529	16.183	16.264	17.067	16.351	16.555	415.42	415.34
09:17:32	16.53	16.183	16.268	17.1	16.352	16.556	415.42	415.34
09:18:32	16.53	16.185	16.28	17.118	16.352	16.556	415.42	415.34
09:19:32	16.528	16.185	16.293	17.135	16.352	16.556	415.42	415.34
09:20:32	16.53	16.186	16.303	17.15	16.351	16.557	415.42	415.34
09:21:32	16.529	16.186	16.312	17.162	16.35	16.554	415.42	415.34
09:22:32	16.529	16.185	16.317	17.17	16.349	16.557	415.42	415.34
09:23:32	16.529	16.187	16.323	17.185	16.351	16.563	415.42	415.34
09:24:32	16.53	16.186	16.328	17.195	16.35	16.558	415.42	415.34
09:25:32	16.53	16.185	16.337	17.198	16.35	16.564	415.42	415.34
09:26:32	16.528	16.185	16.342	17.208	16.349	16.564	415.42	415.34
09:27:32	16.529	16.183	16.353	17.219	16.348	16.554	415.42	415.34
09:28:32	16.529	16.183	16.36	17.228	16.349	16.558	415.42	415.34
09:29:32	16.529	16.185	16.366	17.232	16.349	16.559	415.42	415.34
09:30:32	16.529	16.184	16.371	17.251	16.352	16.558	415.42	415.34
09:31:32	16.529	16.185	16.372	17.263	16.352	16.558	415.42	415.34
09:32:32	16.529	16.185	16.377	17.26	16.352	16.56	415.42	415.34
09:33:32	16.528	16.185	16.384	17.263	16.352	16.557	415.42	415.34
09:34:32	16.527	16.185	16.394	17.268	16.355	16.56	415.42	415.34
09:35:32	16.529	16.184	16.399	17.272	16.354	16.561	415.42	415.34
09:36:32	16.528	16.185	16.404	17.273	16.353	16.558	415.42	415.34
09:37:32	16.528	16.186	16.408	17.288	16.353	16.557	415.42	415.34
09:38:32	16.529	16.187	16.416	17.288	16.351	16.557	415.42	415.34
09:39:32	16.527	16.187	16.424	17.295	16.352	16.555	415.42	415.34
09:40:32	16.528	16.188	16.425	17.308	16.35	16.553	415.42	415.34
09:41:32	16.528	16.186	16.425	17.301	16.349	16.556	415.42	415.34
09:42:32	16.528	16.184	16.43	17.294	16.348	16.553	415.42	415.34
09:43:32	16.528	16.183	16.407	17.21	16.349	16.555	415.42	415.34
09:44:32	16.527	16.181	16.376	17.093	16.348	16.556	415.42	415.34
09:45:32	16.527	16.18	16.334	17.017	16.346	16.55	415.42	415.34
09:46:32	16.528	16.18	16.303	16.931	16.346	16.548	415.42	415.34
09:47:32	16.527	16.181	16.274	16.857	16.348	16.55	415.42	415.34
09:48:32	16.527	16.178	16.249	16.795	16.348	16.551	415.42	415.34
09:49:32	16.528	16.179	16.226	16.765	16.348	16.553	415.42	415.34
09:50:32	16.527	16.179	16.206	16.738	16.348	16.552	415.42	415.34
09:51:32	16.527	16.18	16.184	16.725	16.348	16.553	415.42	415.34
09:52:32	16.528	16.179	16.168	16.71	16.349	16.556	415.42	415.34
09:53:32	16.528	16.179	16.177	16.755	16.351	16.556	415.42	415.34
09:54:32	16.527	16.18	16.203	16.841	16.353	16.562	415.42	415.34
09:55:32	16.527	16.181	16.223	16.924	16.352	16.562	415.42	415.34
09:56:32	16.526	16.183	16.241	16.998	16.353	16.561	415.42	415.34
09:57:32	16.527	16.185	16.251	17.041	16.354	16.563	415.42	415.34
09:58:32	16.527	16.187	16.267	17.073	16.356	16.56	415.42	415.34
09:59:32	16.528	16.189	16.282	17.105	16.355	16.561	415.42	415.34
10:00:32	16.528	16.189	16.297	17.132	16.355	16.56	415.42	415.34
10:01:32	16.527	16.189	16.308	17.147	16.355	16.561	415.42	415.34
10:02:32	16.526	16.189	16.319	17.167	16.353	16.56	415.42	415.34
10:03:32	16.527	16.19	16.327	17.176	16.355	16.559	415.42	415.34
10:04:32	16.527	16.19	16.332	17.183	16.355	16.561	415.42	415.34
10:05:32	16.527	16.188	16.339	17.185	16.352	16.561	415.42	415.34
10:06:32	16.526	16.186	16.346	17.197	16.351	16.56	415.42	415.34
10:07:32	16.527	16.185	16.352	17.209	16.351	16.559	415.42	415.34
10:08:32	16.527	16.183	16.356	17.217	16.35	16.559	415.42	415.34
10:09:32	16.525	16.182	16.36	17.222	16.349	16.559	415.42	415.34
10:10:32	16.527	16.181	16.368	17.226	16.351	16.559	415.42	415.34
10:11:32	16.527	16.182	16.373	17.23	16.35	16.561	415.42	415.34
10:12:32	16.526	16.182	16.375	17.239	16.349	16.555	415.42	415.34
10:13:32	16.527	16.182	16.387	17.254	16.35	16.557	415.42	415.34
10:14:32	16.526	16.182	16.391	17.262	16.352	16.559	415.42	415.34
10:15:32	16.526	16.184	16.398	17.269	16.352	16.56	415.42	415.34
10:16:32	16.526	16.183	16.406	17.279	16.351	16.557	415.42	415.34
10:17:32	16.526	16.185	16.411	17.274	16.353	16.559	415.42	415.34
10:18:32	16.526	16.185	16.414	17.278	16.354	16.563	415.42	415.34
10:19:32	16.526	16.185	16.421	17.279	16.354	16.56	415.42	415.34
10:20:32	16.526	16.185	16.422	17.284	16.354	16.556	415.42	415.34
10:21:32	16.526	16.184	16.426	17.294	16.353	16.555	415.42	415.34
10:22:32	16.526	16.185	16.425	17.295	16.354	16.557	415.42	415.34
10:23:32	16.526	16.185	16.407	17.206	16.355	16.562	415.42	415.34
10:24:32	16.527	16.187	16.387	17.096	16.357	16.564	415.42	415.34
10:25:32	16.527	16.188	16.346	16.975	16.358	16.563	415.42	415.34
10:26:32	16.527	16.188	16.315	16.906	16.357	16.566	415.42	415.34
10:27:32	16.527	16.19	16.295	16.883	16.36	16.567	415.42	415.34
10:28:32	16.528	16.191	16.271	16.859	16.359	16.568	415.42	415.34
10:29:32	16.526	16.192	16.24	16.82	16.361	16.57	415.42	415.34
10:30:32	16.527	16.193	16.22	16.78	16.362	16.57	415.42	415.34
10:31:32	16.527	16.194	16.199	16.709	16.36	16.569	415.42	415.34
10:32:32	16.527	16.195	16.17	16.674	16.36	16.566	415.42	415.34
10:33:32	16.528	16.194	16.17	16.706	16.359	16.566	415.42	415.34
10:34:32	16.528	16.195	16.185	16.789	16.361	16.57	415.42	415.34
10:35:32	16.528	16.194	16.206	16.878	16.359	16.573	415.42	415.34
10:36:32	16.527	16.194	16.221	16.951	16.361	16.57	415.42	415.34
10:37:32	16.527	16.194	16.24	17.0	16.36	16.571	415.42	415.34
10:38:32	16.527	16.194	16.26	17.041	16.361	16.57	415.42	415.34
10:39:32	16.527	16.194	16.275	17.071	16.36	16.571	415.42	415.34
10:40:32	16.527	16.195	16.29	17.101	16.36	16.57	415.42	415.34
10:41:32	16.528	16.194	16.289	17.119	16.361	16.572	415.42	415.34
10:42:32	16.528	16.193	16.3	17.13	16.36	16.57	415.42	415.34
10:43:32	16.526	16.192	16.31	17.139	16.361	16.568	415.42	415.34
10:44:32	16.527	16.193	16.319	17.15	16.36	16.568	415.42	415.34
10:45:32	16.527	16.193	16.322	17.17	16.359	16.565	415.42	415.34
10:46:32	16.528	16.193	16.329	17.175	16.36	16.565	415.42	415.34
10:47:32	16.528	16.193	16.336	17.185	16.359	16.564	415.42	415.34
10:48:32	16.528	16.191	16.339	17.196	16.359	16.564	415.42	415.34
10:49:32	16.529	16.193	16.346	17.208	16.36	16.565	415.42	415.34
10:50:32	16.528	16.193	16.355	17.219	16.361	16.567	415.42	415.34
10:51:32	16.528	16.193	16.36	17.235	16.361	16.567	415.42	415.34
10:52:32	16.528	16.194	16.359	17.237	16.363	16.569	415.42	415.34
10:53:32	16.529	16.194	16.368	17.238	16.362	16.569	415.42	415.34
10:54:32	16.529	16.195	16.38	17.242	16.363	16.571	415.42	415.34
10:55:32	16.528	16.194	16.389	17.25	16.363	16.57	415.42	415.34
10:56:32	16.528	16.195	16.393	17.245	16.362	16.57	415.42	415.34
10:57:32	16.529	16.196	16.399	17.256	16.363	16.571	415.42	415.34
10:58:32	16.529	16.195	16.403	17.263	16.362	16.571	415.42	415.34
10:59:32	16.529	16.194	16.407	17.261	16.361	16.568	415.42	415.34
11:00:32	16.529	16.195	16.418	17.266	16.362	16.569	415.42	415.34
11:01:32	16.528	16.195	16.421	17.27	16.362	16.569	415.42	415.34
11:02:32	16.53	16.196	16.421	17.279	16.362	16.566	415.42	415.34
11:03:32	16.529	16.195	16.423	17.284	16.364	16.57	415.42	415.34
11:04:32	16.528	16.195	16.43	17.293	16.363	16.567	415.42	415.34
11:05:32	16.529	16.197	16.427	17.297	16.363	16.569	415.42	415.34
11:06:34	16.53	16.197	16.408	17.242	16.363	16.571	415.42	415.34
11:07:32	16.53	16.197	16.38	17.12	16.366	16.57	415.42	415.34
11:08:32	16.529	16.197	16.349	17.047	16.364	16.568	415.42	415.34
11:09:32	16.529	16.197	16.323	16.996	16.363	16.566	415.42	415.34
11:10:32	16.529	16.198	16.294	16.914	16.364	16.57	415.42	415.34
11:11:32	16.53	16.197	16.262	16.836	16.364	16.571	415.42	415.34
11:12:32	16.529	16.197	16.246	16.785	16.363	16.568	415.42	415.34
11:13:32	16.53	16.197	16.224	16.739	16.363	16.567	415.42	415.34
11:14:32	16.529	16.196	16.196	16.716	16.361	16.564	415.42	415.34
11:15:32	16.53	16.195	16.181	16.707	16.361	16.565	415.42	415.34
11:16:32	16.53	16.195	16.18	16.714	16.359	16.563	415.42	415.34
11:17:32	16.529	16.194	16.194	16.791	16.359	16.564	415.42	415.34
11:18:32	16.53	16.192	16.213	16.864	16.361	16.565	415.42	415.34
11:19:32	16.53	16.194	16.23	16.935	16.362	16.567	415.42	415.34
11:20:32	16.53	16.192	16.249	16.99	16.36	16.565	415.42	415.34
11:21:32	16.529	16.193	16.263	17.029	16.361	16.562	415.42	415.34
11:22:32	16.529	16.191	16.275	17.058	16.359	16.561	415.42	415.34
11:23:32	16.529	16.192	16.286	17.091	16.36	16.564	415.42	415.34
11:24:32	16.53	16.192	16.293	17.126	16.363	16.565	415.42	415.34
11:25:32	16.53	16.194	16.302	17.14	16.362	16.568	415.42	415.34
11:26:32	16.53	16.194	16.31	17.154	16.363	16.565	415.42	415.34
11:27:32	16.531	16.195	16.316	17.161	16.362	16.565	415.42	415.34
11:28:32	16.529	16.195	16.325	17.17	16.362	16.568	415.42	415.34
11:29:32	16.53	16.196	16.341	17.189	16.363	16.568	415.42	415.34
11:30:32	16.53	16.196	16.346	17.197	16.363	16.569	415.42	415.34
11:31:32	16.53	16.195	16.352	17.213	16.364	16.569	415.42	415.34
11:32:32	16.53	16.195	16.353	17.224	16.363	16.568	415.42	415.34
11:33:32	16.53	16.197	16.362	17.221	16.363	16.568	415.42	415.34
11:34:32	16.53	16.195	16.364	17.229	16.362	16.567	415.42	415.34
11:35:32	16.53	16.196	16.372	17.238	16.363	16.568	415.42	415.34
11:36:32	16.53	16.197	16.377	17.244	16.364	16.568	415.42	415.34
11:37:32	16.53	16.197	16.385	17.243	16.363	16.57	415.42	415.34
11:38:32	16.531	16.198	16.391	17.254	16.364	16.57	415.42	415.34
11:39:32	16.53	16.198	16.394	17.263	16.364	16.571	415.42	415.34
11:40:32	16.53	16.199	16.398	17.259	16.364	16.571	415.42	415.34
11:41:32	16.53	16.199	16.404	17.27	16.363	16.571	415.42	415.34
11:42:32	16.53	16.199	16.407	17.267	16.363	16.572	415.42	415.34
11:43:32	16.531	16.199	16.414	17.271	16.363	16.569	415.42	415.34
11:44:32	16.53	16.198	16.41	17.271	16.364	16.571	415.42	415.34
11:45:32	16.53	16.198	16.373	17.141	16.362	16.569	415.42	415.34
11:46:32	16.53	16.197	16.339	17.008	16.364	16.57	415.42	415.34
11:47:32	16.53	16.199	16.326	16.986	16.365	16.572	415.42	415.34
11:48:32	16.53	16.199	16.322	17.0	16.365	16.569	415.42	415.34
11:49:32	16.53	16.199	16.307	16.978	16.365	16.57	415.42	415.34
11:50:32	16.531	16.201	16.278	16.893	16.365	16.571	415.42	415.34
11:51:32	16.53	16.2	16.236	16.816	16.365	16.571	415.42	415.34
11:52:32	16.531	16.199	16.226	16.793	16.365	16.57	415.42	415.34
11:53:32	16.531	16.199	16.206	16.771	16.362	16.568	415.42	415.34
11:54:32	16.531	16.198	16.195	16.742	16.362	16.568	415.42	415.34
11:55:32	16.532	16.198	16.193	16.742	16.363	16.566	415.42	415.34
11:56:32	16.531	16.196	16.202	16.798	16.362	16.567	415.42	415.34
11:57:32	16.53	16.197	16.222	16.874	16.363	16.567	415.42	415.34
11:58:32	16.531	16.196	16.243	16.941	16.362	16.567	415.42	415.34
11:59:32	16.531	16.197	16.259	17.002	16.362	16.566	415.42	415.34
12:00:32	16.531	16.196	16.269	17.041	16.361	16.565	415.42	415.34
12:01:32	16.531	16.196	16.281	17.068	16.362	16.565	415.42	415.34
12:02:32	16.531	16.197	16.291	17.097	16.363	16.565	415.42	415.34
12:03:32	16.531	16.196	16.301	17.114	16.363	16.566	415.42	415.34
12:04:32	16.531	16.196	16.309	17.142	16.364	16.568	415.42	415.34
12:05:32	16.531	16.196	16.317	17.15	16.362	16.567	415.42	415.34
12:06:32	16.531	16.195	16.325	17.159	16.362	16.565	415.42	415.34
12:07:32	16.532	16.196	16.333	17.171	16.363	16.569	415.42	415.34
12:08:32	16.532	16.199	16.343	17.19	16.364	16.57	415.42	415.34
12:09:32	16.532	16.2	16.352	17.206	16.367	16.57	415.42	415.34
12:10:32	16.532	16.201	16.353	17.22	16.367	16.565	415.42	415.34
12:11:32	16.531	16.202	16.354	17.223	16.368	16.563	415.42	415.34
12:12:32	16.532	16.203	16.363	17.234	16.366	16.565	415.42	415.34
12:13:32	16.532	16.202	16.369	17.235	16.367	16.569	415.42	415.34
12:14:32	16.532	16.202	16.374	17.239	16.363	16.568	415.42	415.34
12:15:32	16.533	16.201	16.38	17.246	16.365	16.572	415.42	415.34
12:16:32	16.532	16.202	16.388	17.246	16.365	16.57	415.42	415.34
12:17:32	16.532	16.202	16.4	17.255	16.366	16.57	415.42	415.34
12:18:32	16.532	16.202	16.407	17.253	16.366	16.573	415.42	415.34
12:19:32	16.533	16.203	16.41	17.263	16.366	16.571	415.42	415.34
12:20:32	16.533	16.204	16.415	17.273	16.366	16.564	415.42	415.34
12:21:32	16.532	16.202	16.416	17.277	16.363	16.561	415.42	415.34
12:22:32	16.533	16.202	16.418	17.273	16.365	16.566	415.42	415.34
12:23:32	16.532	16.2	16.421	17.283	16.364	16.566	415.42	415.34
12:24:32	16.532	16.201	16.423	17.283	16.365	16.57	415.42	415.34
12:25:32	16.533	16.201	16.433	17.292	16.367	16.573	415.42	415.34
12:26:32	16.534	16.202	16.438	17.291	16.366	16.571	415.42	415.34
12:27:32	16.532	16.201	16.442	17.288	16.366	16.568	415.42	415.34
12:28:32	16.534	16.202	16.442	17.297	16.367	16.572	415.42	415.34
12:29:32	16.533	16.205	16.448	17.301	16.368	16.57	415.42	415.34
12:30:33	16.534	16.203	16.44	17.257	16.367	16.57	415.42	415.34
12:31:32	0.0	16.203	16.41	17.176	16.367	16.572	415.42	415.34
12:32:32	16.534	16.203	16.377	17.085	16.366	16.574	415.42	415.34
12:33:32	16.533	16.204	16.355	17.004	16.365	16.572	415.42	415.34
12:34:32	16.534	16.203	16.337	16.943	16.366	16.571	415.42	415.34
12:35:32	16.534	16.204	16.315	16.907	16.366	16.57	415.42	415.34
12:36:32	16.534	16.204	16.323	16.963	16.367	16.573	415.42	415.34
12:37:32	16.534	16.205	16.336	17.025	16.367	16.574	415.42	415.34
12:38:32	16.534	16.205	16.345	17.076	16.366	16.572	415.42	415.34
12:39:32	16.532	16.204	16.351	17.114	16.366	16.572	415.42	415.34
12:40:32	16.534	16.206	16.338	17.055	16.368	16.572	415.42	415.34
12:41:32	16.535	16.205	16.299	16.96	16.367	16.569	415.42	415.34
12:42:32	16.534	16.206	16.252	16.856	16.367	16.57	415.42	415.34
12:43:32	16.535	16.206	16.236	16.8	16.367	16.572	415.42	415.34
12:44:32	16.535	16.206	16.211	16.749	16.365	16.572	415.42	415.34
12:45:32	16.535	16.205	16.194	16.708	16.365	16.571	415.42	415.34
12:46:32	16.535	16.206	16.202	16.761	16.367	16.571	415.42	415.34
12:47:32	16.534	16.206	16.22	16.848	16.367	16.569	415.42	415.34
12:48:32	16.536	16.208	16.24	16.926	16.371	16.57	415.42	415.34
12:49:32	16.535	16.21	16.259	16.995	16.374	16.57	415.42	415.34
12:50:32	16.536	16.212	16.275	17.041	16.376	16.575	415.42	415.34
12:51:32	16.536	16.215	16.285	17.074	16.381	16.574	415.42	415.34
12:52:32	16.536	16.217	16.297	17.092	16.378	16.573	415.42	415.34
12:53:32	16.537	16.217	16.304	17.111	16.376	16.571	415.42	415.34
12:54:32	16.537	16.217	16.314	17.131	16.376	16.572	415.42	415.34
12:55:32	16.537	16.217	16.323	17.143	16.376	16.573	415.42	415.34
12:56:32	16.538	16.219	16.334	17.158	16.38	16.575	415.42	415.34
12:57:32	16.537	16.218	16.341	17.164	16.38	16.577	415.42	415.34
12:58:32	16.537	16.217	16.346	17.167	16.376	16.571	415.42	415.34
12:59:32	16.538	16.216	16.351	17.178	16.373	16.569	415.42	415.34
13:00:32	16.537	16.215	16.359	17.189	16.373	16.57	415.42	415.34
13:01:32	16.538	16.214	16.362	17.204	16.373	16.574	415.42	415.34
13:02:32	16.537	16.215	16.367	17.216	16.375	16.575	415.42	415.34
13:03:32	16.538	16.216	16.377	17.217	16.373	16.576	415.42	415.34
13:04:32	16.538	16.215	16.383	17.227	16.376	16.577	415.42	415.34
13:05:32	16.538	16.216	16.387	17.234	16.377	16.574	415.42	415.34
13:06:32	16.538	16.216	16.39	17.234	16.376	16.571	415.42	415.34
13:07:32	16.539	16.215	16.395	17.24	16.375	16.571	415.42	415.34
13:08:32	16.539	16.215	16.4	17.243	16.375	16.572	415.42	415.34
13:09:32	16.539	16.216	16.404	17.25	16.373	16.57	415.42	415.34
13:10:32	16.539	16.216	16.407	17.255	16.373	16.571	415.42	415.34
13:11:32	16.539	16.216	16.409	17.254	16.373	16.573	415.42	415.34
13:12:32	16.539	16.216	16.415	17.264	16.375	16.57	415.42	415.34
13:13:32	16.54	16.216	16.424	17.268	16.372	16.574	415.42	415.34
13:14:32	16.539	16.216	16.428	17.275	16.373	16.575	415.42	415.34
13:15:32	16.539	16.215	16.428	17.273	16.373	16.573	415.42	415.34
13:16:32	16.539	16.215	16.435	17.275	16.373	16.576	415.42	415.34
13:17:32	16.539	16.214	16.438	17.273	16.371	16.577	415.42	415.34
13:18:32	16.54	16.213	16.443	17.286	16.371	16.576	415.42	415.34
13:19:32	16.54	16.212	16.446	17.289	16.371	16.579	415.42	415.34
13:20:32	16.54	16.212	16.449	17.293	16.371	16.581	415.42	415.34
13:21:32	16.541	16.212	16.421	17.205	16.371	16.58	415.42	415.34
13:22:32	16.54	16.213	16.39	17.088	16.372	16.581	415.42	415.34
13:23:32	16.541	16.213	16.357	16.991	16.371	16.577	415.42	415.34
13:24:32	16.54	16.213	16.335	16.909	16.373	16.574	415.42	415.34
13:25:32	16.541	16.214	16.309	16.865	16.372	16.57	415.42	415.34
13:26:32	16.542	16.214	16.265	16.81	16.37	16.565	415.42	415.34
13:27:32	16.542	16.212	16.238	16.785	16.372	16.569	415.42	415.34
13:28:32	16.541	16.213	16.221	16.751	16.371	16.572	415.42	415.34
13:29:32	16.54	16.214	16.207	16.739	16.371	16.573	415.42	415.34
13:30:32	16.541	16.213	16.197	16.747	16.372	16.574	415.42	415.34
13:31:32	16.541	16.213	16.214	16.811	16.372	16.575	415.42	415.34
13:32:32	16.54	16.212	16.238	16.898	16.369	16.574	415.42	415.34
13:33:32	16.541	16.211	16.26	16.968	16.368	16.576	415.42	415.34
13:34:32	16.542	16.211	16.277	17.016	16.368	16.572	415.42	415.34
13:35:32	16.541	16.21	16.289	17.061	16.368	16.571	415.42	415.34
13:36:32	16.541	16.21	16.304	17.093	16.367	16.573	415.42	415.34
13:37:32	16.542	16.209	16.314	17.111	16.368	16.577	415.42	415.34
13:38:32	16.541	16.209	16.323	17.135	16.367	16.577	415.42	415.34
13:39:32	16.542	16.209	16.334	17.157	16.367	16.574	415.42	415.34
13:40:32	16.543	16.209	16.345	17.17	16.365	16.566	415.42	415.34
13:41:32	16.542	16.208	16.352	17.183	16.365	16.567	415.42	415.34
13:42:32	16.541	16.208	16.356	17.198	16.365	16.573	415.42	415.34
13:43:32	16.543	16.208	16.359	17.209	16.364	16.57	415.42	415.34
13:44:32	16.542	16.207	16.364	17.217	16.363	16.566	415.42	415.34
13:45:32	16.542	16.208	16.374	17.235	16.365	16.569	415.42	415.34
13:46:32	16.542	16.208	16.375	17.243	16.366	16.57	415.42	415.34
13:47:32	16.543	16.208	16.381	17.249	16.367	16.572	415.42	415.34
13:48:32	16.543	16.21	16.385	17.252	16.368	16.569	415.42	415.34
13:49:32	16.543	16.209	16.391	17.248	16.366	16.57	415.42	415.34
13:50:32	16.541	16.209	16.399	17.259	16.364	16.564	415.42	415.34
13:51:32	16.543	16.209	16.402	17.263	16.365	16.565	415.42	415.34
13:52:32	16.543	16.209	16.407	17.268	16.364	16.566	415.42	415.34
13:53:33	16.543	16.208	16.411	17.266	16.364	16.569	415.42	415.34
13:54:32	16.544	16.207	16.419	17.269	16.363	16.575	0.0	415.34
13:55:32	16.543	16.207	16.418	17.282	16.363	16.567	415.42	415.34
13:56:32	16.543	16.207	16.419	17.276	16.362	16.566	415.42	415.34
13:57:32	16.543	16.207	16.427	17.277	16.361	16.567	415.42	415.34
13:58:32	16.544	16.207	16.43	17.281	16.363	16.567	415.42	415.34
13:59:32	16.544	16.207	16.435	0.0	16.363	16.566	415.42	415.34
14:00:32	16.544	16.206	16.424	17.234	16.363	16.563	415.42	415.34
14:01:32	16.543	16.207	16.401	17.16	16.363	16.563	415.42	415.34
14:02:32	16.543	16.207	16.367	17.087	16.363	16.563	415.42	415.34
14:03:32	16.543	16.208	16.337	17.033	16.364	16.562	415.42	415.34
14:04:32	16.543	16.209	16.349	17.031	16.364	16.564	415.42	415.34
14:05:32	16.544	16.209	16.355	17.05	16.365	16.568	415.42	415.34
14:06:32	16.544	16.209	16.345	17.037	16.367	16.569	415.42	415.34
14:07:32	16.543	16.211	16.299	16.958	16.367	16.572	415.42	415.34
14:08:32	16.544	16.21	16.273	16.877	16.366	16.57	415.42	415.34
14:09:32	16.543	16.21	16.252	16.79	16.364	16.568	415.42	415.34
14:10:32	16.544	16.21	16.232	16.726	16.364	16.567	415.42	415.34
14:11:32	16.543	16.21	16.202	16.705	16.363	16.57	415.42	415.34
14:12:32	16.545	16.211	16.206	16.736	16.363	16.568	415.42	415.34
14:13:32	16.544	16.21	16.226	16.822	16.364	16.571	415.42	415.34
14:14:32	16.544	16.211	16.249	16.908	16.365	16.573	415.42	415.34
14:15:32	16.545	16.21	16.269	16.97	16.364	16.574	415.42	415.34
14:16:32	16.544	16.211	16.281	17.029	16.366	16.573	415.42	415.34
14:17:32	16.544	16.212	16.297	17.072	16.366	16.572	415.42	415.34
14:18:32	16.544	0.0	16.308	17.114	16.365	16.572	415.42	415.34
14:19:32	16.544	16.212	16.321	17.157	16.366	16.574	415.42	415.34
14:20:32	16.544	16.213	16.329	17.193	16.365	16.573	415.42	415.34
14:21:32	16.545	16.211	16.342	17.212	16.365	16.575	415.42	415.34
14:22:32	16.544	16.212	16.356	17.228	16.365	16.576	415.42	415.34
14:23:32	16.544	16.212	16.358	17.264	16.365	16.575	415.42	415.34
14:24:32	16.545	16.212	16.356	17.286	16.365	16.576	415.42	415.34
14:25:32	16.545	16.213	16.366	17.279	16.367	16.572	415.42	415.34
14:26:32	16.545	16.213	16.377	17.29	16.366	16.572	415.42	415.34
14:27:32	16.545	16.213	16.389	17.298	16.366	16.576	415.42	415.34
14:28:32	16.545	16.214	16.394	17.321	16.367	16.575	415.42	415.34
14:29:32	16.546	16.215	16.402	17.331	16.366	16.576	415.42	415.34
14:30:32	16.545	16.215	16.406	17.354	16.365	16.578	415.42	415.34
14:31:32	16.546	16.216	16.417	17.351	16.367	16.579	415.42	415.34
14:32:32	16.545	16.215	16.425	17.357	16.366	16.575	415.42	415.34
14:33:32	16.545	16.217	16.426	17.352	16.366	16.572	415.42	415.34
14:34:32	16.546	16.216	16.397	17.247	16.367	16.575	415.42	415.34
14:35:32	16.546	16.218	16.366	17.133	16.369	16.579	415.42	415.34
14:36:32	16.546	16.217	16.332	17.05	16.369	16.579	415.42	415.34
14:37:32	16.547	16.218	16.317	16.98	16.37	16.581	415.42	415.34
14:38:32	16.547	16.217	16.274	16.926	16.369	16.577	415.42	415.34
14:39:32	16.549	16.219	16.258	16.909	16.369	16.579	415.42	415.34
14:40:32	16.549	16.218	16.24	16.863	16.367	16.577	415.42	415.34
14:41:32	16.547	16.218	16.232	16.881	16.367	16.576	415.42	415.34
14:42:32	16.558	16.219	16.235	16.904	16.368	16.577	415.42	415.34
14:43:32	16.578	16.218	16.238	16.91	16.368	16.577	415.42	415.34
14:44:32	16.565	16.218	16.217	16.887	16.367	16.576	415.42	415.34
14:45:32	16.557	16.218	16.196	16.87	16.365	16.574	415.42	415.34
14:46:32	16.552	16.218	16.168	16.832	16.365	16.575	415.42	415.34
14:47:32	16.55	16.218	16.151	16.792	16.366	16.575	415.42	415.34
14:48:32	16.549	16.218	16.163	16.834	16.366	16.574	415.42	415.34
14:49:32	16.549	16.217	16.193	16.912	16.364	16.574	415.42	415.34
14:50:32	16.548	16.218	16.218	16.985	16.366	16.576	415.42	415.34
14:51:32	16.548	16.217	16.242	17.043	16.366	16.576	415.42	415.34
14:52:32	16.548	16.217	16.257	17.081	16.364	16.575	415.42	415.34
14:53:32	16.548	16.217	16.268	17.111	16.365	16.574	415.42	415.34
14:54:32	16.55	16.217	16.279	17.133	16.366	16.574	415.42	415.34
14:55:32	16.549	16.218	16.293	17.15	16.368	16.575	415.42	415.34
14:56:32	16.549	16.219	16.308	17.174	16.369	16.577	415.42	415.34
14:57:32	16.549	16.22	16.306	17.197	16.369	16.576	415.42	415.34
14:58:32	16.548	16.22	16.309	17.207	16.369	16.576	415.42	415.34
14:59:32	16.548	16.221	16.318	17.22	16.37	16.576	415.42	415.34
15:00:32	16.548	16.221	16.333	17.228	16.371	16.576	415.42	415.34
15:01:32	16.548	16.222	16.34	17.235	16.371	16.575	415.42	415.34
15:02:32	16.549	16.221	16.34	17.247	16.37	16.573	415.42	415.34
15:03:32	16.549	16.222	16.348	17.245	16.371	16.577	415.42	415.34
15:04:32	16.549	16.223	16.348	17.257	16.372	16.576	415.42	415.34
15:05:32	16.548	16.223	16.357	17.26	16.371	16.578	415.42	415.34
15:06:32	16.55	16.224	16.371	17.266	16.371	16.577	415.42	415.34
15:07:32	16.549	16.223	16.38	17.269	16.369	16.575	415.42	415.34
15:08:34	16.549	16.222	16.39	17.276	16.368	16.571	415.42	415.34
15:09:32	16.548	16.22	16.394	17.279	16.367	16.571	415.42	415.34
15:10:32	16.548	16.219	16.394	17.288	16.368	16.574	415.42	415.34
15:11:32	16.548	16.219	16.4	17.281	16.367	16.575	415.42	415.34
15:12:34	16.548	16.218	16.407	17.287	16.367	16.574	415.42	415.34
15:13:32	16.548	16.217	16.421	17.309	16.367	16.573	415.42	415.34
15:14:32	16.549	16.216	16.43	17.312	16.368	16.574	415.42	415.34
15:15:32	16.55	16.218	16.399	17.263	16.368	16.577	415.42	415.34
15:16:32	16.548	16.219	16.355	17.136	16.369	16.575	415.42	415.34
15:17:32	16.549	16.218	16.325	17.026	16.368	16.576	415.42	415.34
15:18:32	16.549	16.218	16.287	16.929	16.368	16.577	415.42	415.34
15:19:32	16.547	16.218	16.261	16.859	16.367	16.57	415.42	415.34
15:20:32	16.548	16.218	16.227	16.812	16.366	16.569	415.42	415.34
15:21:32	16.548	16.217	16.175	16.746	16.367	16.575	415.42	415.34
15:22:32	16.548	16.218	16.171	16.713	16.368	16.577	415.42	415.34
15:23:32	16.548	16.218	16.168	16.703	16.368	16.578	415.42	415.34
15:24:32	16.548	16.219	16.183	16.76	16.367	16.577	415.42	415.34
15:25:32	16.548	16.219	16.203	16.847	16.366	16.574	415.42	415.34
15:26:32	16.548	16.219	16.22	16.927	16.368	16.574	415.42	415.34
15:27:32	16.548	16.218	16.238	16.997	16.368	16.577	415.42	415.34
15:28:32	16.549	16.22	16.246	17.046	16.368	16.577	415.42	415.34
15:29:32	16.548	16.219	16.262	17.08	16.366	16.577	415.42	415.34
15:30:32	16.548	16.218	16.28	17.107	16.366	16.577	415.42	415.34
15:31:32	16.548	16.217	16.294	17.125	16.365	16.578	415.42	415.34
15:32:32	16.547	16.216	16.304	17.148	16.366	16.577	415.42	415.34
15:33:32	16.548	16.216	16.312	17.165	16.365	16.578	415.42	415.34
15:34:32	16.548	16.214	16.315	17.189	16.365	16.574	415.42	415.34
15:35:32	16.548	16.213	16.323	17.185	16.366	16.575	415.42	415.34
15:36:32	16.548	16.213	16.332	17.198	16.367	16.578	415.42	415.34
15:37:32	16.548	16.213	16.34	17.206	16.365	16.575	415.42	415.34
15:38:32	16.548	16.212	16.353	17.216	16.363	16.575	415.42	415.34
15:39:32	16.547	16.21	16.356	17.23	16.364	16.575	415.42	415.34
15:40:32	16.548	16.212	16.365	17.238	16.364	16.572	415.42	415.34
15:41:32	16.547	16.212	16.371	17.261	16.366	16.571	415.42	415.34
15:42:32	16.547	16.212	16.374	17.262	16.366	16.57	415.42	415.34
15:43:32	16.548	16.212	16.384	17.263	16.367	16.571	415.42	415.34
15:44:32	16.547	16.213	16.39	17.27	16.366	16.571	415.42	415.34
15:45:32	16.547	16.214	16.396	17.268	16.366	16.57	415.42	415.34
15:46:32	16.547	16.215	16.399	17.268	16.365	16.57	415.42	415.34
15:47:32	16.547	16.214	16.402	17.278	16.363	16.569	415.42	415.34
15:48:32	16.547	16.214	16.405	17.283	16.365	16.569	415.42	415.34
15:49:32	16.548	16.214	16.414	17.302	16.364	16.572	415.42	415.34
15:50:32	16.548	16.214	16.405	17.271	16.364	16.575	415.42	415.34
15:51:32	16.547	16.215	16.375	17.151	16.364	16.571	415.42	415.34
15:52:33	16.547	16.212	16.349	17.042	16.365	16.569	415.42	415.34
15:53:32	16.547	16.214	16.302	16.964	16.365	16.574	415.42	415.34
15:54:32	16.547	16.214	16.271	16.887	16.367	16.576	415.42	415.34
15:55:32	16.548	16.212	16.231	16.828	16.366	16.575	415.42	415.34
15:56:32	16.547	16.213	16.211	16.784	16.365	16.571	415.42	415.34
15:57:32	16.546	16.211	16.179	16.749	16.365	16.57	415.42	415.34
15:58:32	16.547	16.212	16.155	16.716	16.366	16.569	415.42	415.34
15:59:32	16.546	16.212	16.163	16.732	16.365	16.57	415.42	415.34
16:00:32	16.546	16.212	16.182	16.797	16.364	16.571	415.42	415.34
16:01:32	16.547	16.212	16.211	16.882	16.362	16.572	415.42	415.34
16:02:32	16.546	16.211	16.234	16.954	16.363	16.575	415.42	415.34
16:03:32	16.546	16.211	16.256	17.005	16.36	16.571	415.42	415.34
16:04:32	16.546	16.211	16.27	17.059	16.363	16.573	415.42	415.34
16:05:32	16.547	16.212	16.283	17.088	16.363	16.576	415.42	415.34
16:06:32	16.546	16.213	16.296	17.109	16.364	16.573	415.42	415.34
16:07:32	16.546	16.214	16.301	17.136	16.366	16.571	415.42	415.34
16:08:32	16.547	16.214	16.303	17.169	16.365	16.572	415.42	415.34
16:09:32	16.547	16.215	16.303	17.189	16.366	16.575	415.42	415.34
16:10:32	16.546	16.215	16.31	17.199	16.367	16.575	415.42	415.34
16:11:32	16.545	16.214	16.317	17.212	16.366	16.573	415.42	415.34
16:12:32	16.546	16.214	16.328	17.219	16.367	16.57	415.42	415.34
16:13:32	16.546	16.215	16.33	17.239	16.367	16.571	415.42	415.34
16:14:32	16.546	16.214	16.332	17.236	16.366	16.57	415.42	415.34
16:15:32	16.546	16.214	16.341	17.234	16.365	16.568	415.42	415.34
16:16:32	16.546	16.215	16.349	17.239	16.365	16.57	415.42	415.34
16:17:32	16.546	16.215	16.358	17.244	16.364	16.573	415.42	415.34
16:18:32	16.545	16.215	16.371	17.255	16.365	16.57	415.42	415.34
16:19:32	16.545	16.216	16.381	17.253	16.366	16.57	415.42	415.34
16:20:32	16.545	16.216	16.39	17.266	16.367	16.573	415.42	415.34
16:21:32	16.545	16.215	16.392	17.273	16.367	16.571	415.42	415.34
16:22:32	16.547	16.215	16.396	17.269	16.367	16.569	415.42	415.34
16:23:32	16.546	16.214	16.402	17.273	16.368	16.572	415.42	415.34
16:24:32	16.545	16.213	16.404	17.291	16.366	16.571	415.42	415.34
16:25:32	16.546	16.213	16.405	17.288	16.365	16.571	415.42	415.34
16:26:32	16.545	16.211	16.417	17.298	16.366	16.571	415.42	415.34
16:27:33	16.545	16.211	16.419	17.293	16.364	16.567	415.42	415.34
16:28:32	16.545	16.209	16.405	17.225	16.363	16.569	415.42	415.34
16:29:32	16.546	16.209	16.376	17.123	16.362	16.575	415.42	415.34
16:30:32	16.545	16.208	16.353	17.053	16.364	16.576	415.42	415.34
16:31:32	16.544	16.208	16.326	16.976	16.364	16.575	415.42	415.34
16:32:32	16.545	16.208	16.309	16.955	16.365	16.576	415.42	415.34
16:33:32	16.545	16.209	16.293	16.92	16.365	16.575	415.42	415.34
16:34:32	16.544	16.211	16.271	16.86	16.364	16.574	415.42	415.34
16:35:32	16.545	16.21	16.248	16.821	16.364	16.569	415.42	415.34
16:36:32	16.544	16.209	16.229	16.788	16.362	16.566	415.42	415.34
16:37:32	16.546	16.209	16.203	16.764	16.362	16.567	415.42	415.34
16:38:32	16.544	16.208	16.178	16.724	16.363	16.57	415.42	415.34
16:39:32	16.544	16.209	16.158	16.719	16.363	16.57	415.42	415.34
16:40:32	16.544	16.208	16.172	16.784	16.362	16.573	415.42	415.34
16:41:32	16.544	16.209	16.192	16.873	16.362	16.576	415.42	415.34
16:42:32	16.544	16.21	16.221	16.947	16.362	16.572	415.42	415.34
16:43:32	16.544	16.21	16.243	17.009	16.362	16.572	415.42	415.34
16:44:32	16.544	16.209	16.253	17.065	16.362	16.573	415.42	415.34
16:45:32	16.544	16.209	16.265	17.092	16.362	16.572	415.42	415.34
16:46:32	16.544	16.21	16.272	17.119	16.362	16.575	415.42	415.34
16:47:32	16.544	16.208	16.285	17.139	16.36	16.576	415.42	415.34
16:48:32	16.544	16.208	16.3	17.143	16.362	16.574	415.42	415.34
16:49:32	16.544	16.208	16.313	17.162	16.361	16.571	415.42	415.34
16:50:32	16.545	16.208	16.32	17.17	16.361	16.573	415.42	415.34
16:51:32	16.544	16.207	16.329	17.186	16.36	16.574	415.42	415.34
16:52:32	16.544	16.207	16.336	17.199	16.36	16.571	415.42	415.34
16:53:32	16.544	16.207	16.342	17.219	16.362	16.569	0.0	415.34
16:54:32	16.544	16.209	16.344	17.226	16.362	16.568	415.42	415.34
16:55:32	16.543	16.208	16.352	17.231	16.361	16.568	415.42	415.34
16:56:32	16.545	16.207	16.357	17.233	16.36	16.566	415.42	415.34
16:57:32	16.544	16.207	16.365	17.246	16.361	16.566	415.42	415.34
16:58:32	16.544	16.207	16.371	17.254	16.36	16.571	415.42	415.34
16:59:32	16.545	16.207	16.375	17.26	16.36	16.572	415.42	415.34
17:00:32	16.543	16.206	16.38	17.278	16.36	16.568	415.42	415.34
17:01:32	16.544	16.206	16.383	17.279	16.36	16.567	415.42	415.34
17:02:32	16.543	16.205	16.385	17.27	16.358	16.569	415.42	415.34
17:03:32	16.544	16.204	16.394	17.272	16.359	16.57	415.42	415.34
17:04:33	16.543	16.205	16.403	17.275	16.359	16.566	415.42	415.34
17:05:32	0.0	16.205	16.414	17.277	16.359	16.561	415.42	415.34
17:06:32	16.544	16.206	16.415	17.275	16.359	16.558	415.42	415.34
17:07:32	16.542	16.204	16.417	17.292	16.359	16.558	415.42	415.34
17:08:32	16.542	16.204	16.418	17.299	16.36	16.559	415.42	415.34
17:09:32	16.543	16.206	16.419	17.296	16.36	16.558	415.42	415.34
17:10:32	16.544	16.205	16.401	17.199	16.36	16.56	415.42	415.34
17:11:32	16.543	16.205	16.364	17.07	16.36	16.56	415.42	415.34
17:12:32	16.543	16.205	16.327	16.979	16.36	16.568	415.42	415.34
17:13:32	16.542	16.205	16.309	16.909	16.359	16.565	415.42	415.34
17:14:32	16.542	16.206	16.279	16.843	16.359	16.561	415.42	415.34
17:15:32	16.542	16.203	16.24	16.793	16.357	16.561	415.42	415.34
17:16:32	16.542	16.203	16.215	16.736	16.357	16.558	415.42	415.34
17:17:32	16.542	16.203	16.202	16.743	16.356	16.559	415.42	415.34
17:18:32	16.543	16.202	16.207	16.781	16.358	16.565	415.42	415.34
17:19:32	16.543	16.203	16.229	16.851	16.356	16.569	415.42	415.34
17:20:32	16.542	16.201	16.25	16.924	16.356	16.566	415.42	415.34
17:21:33	16.542	16.202	16.269	16.989	16.355	16.567	415.42	415.34
17:22:32	16.542	16.202	16.285	17.038	16.355	16.567	415.42	415.34
17:23:32	16.542	16.2	16.293	17.073	16.354	16.562	415.42	415.34
17:24:32	16.542	16.2	16.305	17.104	16.356	16.559	415.42	415.34
17:25:32	16.542	16.201	16.313	17.136	16.357	16.563	415.42	415.34
17:26:32	16.542	16.202	16.318	17.15	16.357	16.565	415.42	415.34
17:27:32	16.542	16.202	16.327	17.162	16.357	16.565	415.42	415.34
17:28:32	16.542	16.202	16.34	17.176	16.358	16.568	415.42	415.34
17:29:32	16.542	16.201	16.345	17.189	16.358	16.565	415.42	415.34
17:30:32	16.542	16.202	16.353	17.205	16.356	16.565	415.42	415.34
17:31:32	16.541	16.202	16.358	17.213	16.359	16.562	415.42	415.34
17:32:32	16.542	16.204	16.357	17.227	16.359	16.564	415.42	415.34
17:33:32	16.541	16.204	16.362	17.238	16.357	16.562	415.42	415.34
17:34:32	16.542	16.204	16.366	17.252	16.36	16.568	415.42	415.34
17:35:32	16.541	16.203	16.372	17.26	16.36	16.565	415.42	415.34
17:36:32	16.542	16.204	16.375	17.265	16.358	16.562	415.42	415.34
17:37:32	16.541	16.204	16.379	17.261	16.36	16.56	415.42	415.34
17:38:32	16.543	16.203	16.389	17.261	16.358	16.56	415.42	415.34
17:39:32	16.541	16.202	16.388	17.266	16.358	16.561	415.42	415.34
17:40:32	16.541	16.202	16.394	17.271	16.358	16.561	415.42	415.34
17:41:32	16.542	16.202	16.4	17.278	16.358	16.566	415.42	415.34
17:42:33	16.542	16.202	16.403	17.278	16.358	16.569	415.42	415.34
17:43:32	16.541	16.202	16.41	17.29	16.356	16.568	415.42	415.34
17:44:32	16.541	16.201	16.42	17.29	16.356	16.562	415.42	415.34
17:45:32	16.541	16.2	16.422	17.295	16.354	16.566	415.42	415.34
17:46:32	16.541	16.2	16.431	17.289	16.354	16.56	415.42	415.34
17:47:32	16.541	16.2	16.44	17.291	16.355	16.561	415.42	415.34
17:48:32	16.542	16.199	16.441	17.291	16.351	16.559	415.42	415.34
17:49:32	16.541	16.198	16.421	17.208	16.352	16.561	415.42	415.34
17:50:32	16.541	16.197	16.393	17.106	16.35	16.56	415.42	415.34
17:51:32	16.541	16.195	16.354	17.008	16.351	16.554	415.42	415.34
17:52:32	16.541	16.197	16.323	16.935	16.35	16.553	415.42	415.34
17:53:32	16.541	16.197	16.297	16.881	16.353	16.555	415.42	415.34
17:54:32	16.54	16.196	16.265	16.816	16.352	16.555	415.42	415.34
17:55:32	16.541	16.196	16.225	16.773	16.349	16.552	415.42	415.34
17:56:32	16.541	16.194	16.199	16.748	16.351	16.552	415.42	415.34
17:57:32	16.541	16.194	16.171	16.713	16.352	16.552	415.42	415.34
17:58:32	16.539	16.195	16.175	16.739	16.351	16.551	415.42	415.34
17:59:32	16.541	16.195	16.192	16.822	16.351	16.55	415.42	415.34
18:00:32	16.54	16.195	16.214	16.91	16.351	16.55	415.42	415.34
18:01:32	16.54	16.194	16.23	16.985	16.349	16.549	415.42	415.34
18:02:32	16.54	16.194	16.249	17.03	16.348	16.543	415.42	415.34
18:03:32	16.54	16.194	16.268	17.07	16.347	16.554	415.42	415.34
18:04:32	16.539	16.195	16.279	17.106	16.35	16.559	415.42	415.34
18:05:32	16.54	16.194	16.283	17.13	16.348	16.558	415.42	415.34
18:06:32	16.54	16.194	16.298	17.146	16.347	16.555	415.42	415.34
18:07:32	16.539	16.193	16.312	17.169	16.348	16.554	415.42	415.34
18:08:32	16.539	16.195	16.315	17.189	16.348	16.561	415.42	415.34
18:09:32	16.541	16.195	16.316	17.209	16.351	16.554	415.42	415.34
18:10:32	16.539	16.195	16.33	17.206	16.351	16.553	415.42	415.34
18:11:32	16.539	16.194	16.338	17.21	16.349	16.557	415.42	415.34
18:12:32	16.54	16.194	16.346	17.213	16.348	16.549	415.42	415.34
18:13:32	16.538	16.194	16.356	17.23	16.35	16.55	415.42	415.34
18:14:32	16.539	16.196	16.365	17.234	16.351	16.553	415.42	415.34
18:15:32	16.539	16.195	16.373	17.236	16.349	16.552	415.42	415.34
18:16:32	16.54	16.195	16.378	17.255	16.348	16.55	415.42	415.34
18:17:32	16.539	16.194	16.382	17.247	16.349	16.546	415.42	415.34
18:18:32	16.538	16.195	16.39	17.258	16.35	16.547	415.42	415.34
18:19:32	16.538	16.195	16.396	17.263	16.35	16.551	415.42	415.34
18:20:32	16.539	16.196	16.395	17.278	16.349	16.553	415.42	415.34
18:21:32	16.54	16.197	16.399	17.276	16.35	16.555	415.42	415.34
18:22:32	16.539	16.195	16.403	17.273	16.349	16.554	415.42	415.34
18:23:32	16.539	16.193	16.409	17.286	16.349	16.549	415.42	415.34
18:24:32	16.54	16.193	16.414	17.281	16.346	16.546	415.42	415.34
18:25:32	16.539	16.193	16.421	17.285	16.348	16.547	415.42	415.34
18:26:32	16.539	16.193	16.424	17.298	16.347	16.547	415.42	415.34
18:27:32	16.538	16.192	16.421	17.291	16.347	16.549	415.42	415.34
18:28:32	16.537	16.191	16.427	17.294	16.347	16.547	415.42	415.34
18:29:32	16.538	16.192	16.434	17.304	16.346	16.543	415.42	415.34
18:30:32	16.538	16.192	16.432	17.315	16.347	16.54	415.42	415.34
18:31:34	16.539	16.192	16.434	17.312	16.346	16.545	415.42	415.34
18:32:32	16.537	16.192	16.447	17.307	16.345	16.546	415.42	415.34
18:33:32	16.538	16.193	16.456	17.316	16.349	16.55	415.42	415.34
18:34:32	16.537	16.194	16.461	17.32	16.35	16.553	415.42	415.34
18:35:32	16.538	16.197	16.468	17.328	16.352	16.553	415.42	415.34
18:36:32	16.538	16.195	16.464	17.33	16.35	16.548	415.42	415.34
18:37:32	16.538	16.195	16.469	17.328	16.351	16.553	415.42	415.34
18:38:32	16.538	16.194	16.469	17.339	16.351	16.556	415.42	415.34
18:39:32	16.538	16.195	16.473	17.34	16.351	16.555	415.42	415.34
18:40:32	16.538	16.197	16.477	17.343	16.353	16.558	415.42	415.34
18:41:32	16.538	16.196	16.481	17.36	16.351	16.553	415.42	415.34
18:42:32	16.538	16.197	16.478	17.373	16.352	16.557	415.42	415.34
18:43:32	16.537	16.197	16.486	17.376	16.352	16.552	415.42	415.34
18:44:32	16.539	16.196	16.493	17.369	16.352	16.552	415.42	415.34
18:45:32	16.538	16.199	16.492	17.362	16.352	16.555	415.42	415.34
18:46:32	16.537	16.198	16.478	17.291	16.354	16.555	415.42	415.34
18:47:32	16.539	16.197	16.445	17.165	16.351	16.555	415.42	415.34
18:48:32	16.537	16.195	16.422	17.109	16.349	16.557	415.42	415.34
18:49:32	16.538	16.196	16.427	17.148	16.35	16.555	415.42	415.34
18:50:32	16.537	16.194	16.429	17.159	16.35	16.551	415.42	415.34
18:51:32	16.537	16.194	16.408	17.083	16.35	16.551	415.42	415.34
18:52:32	16.538	16.195	16.38	17.007	16.351	16.554	415.42	415.34
18:53:32	16.537	16.194	16.338	16.925	16.351	16.55	415.42	415.34
18:54:32	16.538	16.195	16.306	16.855	16.351	16.551	415.42	415.34
18:55:32	16.538	16.194	16.269	16.798	16.349	16.555	415.42	415.34
18:56:32	16.538	16.194	16.233	16.746	16.35	16.555	415.42	415.34
18:57:32	16.539	16.196	16.22	16.733	16.352	16.556	415.42	415.34
18:58:32	16.538	16.198	16.228	16.783	16.355	16.561	415.42	415.34
18:59:32	16.538	16.199	16.244	16.892	16.355	16.559	415.42	415.34
19:00:33	16.539	16.2	16.268	16.961	16.356	16.559	415.42	415.34
19:01:32	16.539	16.199	16.289	17.022	16.354	16.561	415.42	415.34
19:02:32	16.54	16.199	16.306	17.061	16.352	16.553	415.42	415.34
19:03:32	16.539	16.199	16.321	17.1	16.352	16.558	415.42	415.34
19:04:32	16.539	16.199	16.332	17.138	16.352	16.565	415.42	415.34
19:05:32	16.54	16.2	16.343	17.159	16.353	16.56	415.42	415.34
19:06:32	16.54	16.199	16.35	17.175	16.351	16.555	415.42	415.34
19:07:32	16.54	16.199	16.361	17.183	16.352	16.556	415.42	415.34
19:08:32	16.54	16.199	16.372	17.197	16.349	16.552	415.42	415.34
19:09:32	16.54	16.197	16.384	17.211	16.349	16.556	415.42	415.34
19:10:32	16.54	16.196	16.386	17.214	16.348	16.548	415.42	415.34
19:11:32	16.54	16.197	16.392	17.218	16.351	16.549	415.42	415.34
19:12:32	16.539	16.197	16.402	17.237	16.353	16.55	415.42	415.34
19:13:32	16.541	16.2	16.397	17.252	16.355	16.555	415.42	415.34
19:14:32	16.541	16.2	16.401	17.252	16.351	16.552	415.42	415.34
19:15:32	16.54	16.202	16.412	17.263	16.353	16.555	415.42	415.34
19:16:32	16.541	16.202	16.419	17.277	16.355	16.559	415.42	415.34
19:17:32	16.541	16.202	16.417	17.285	16.355	16.556	415.42	415.34
19:18:32	16.542	16.203	16.423	17.288	16.355	16.557	415.42	415.34
19:19:32	16.542	16.204	16.422	17.286	16.357	16.56	415.42	415.34
19:20:32	16.542	16.202	16.429	17.279	16.352	16.555	415.42	415.34
19:21:32	16.542	16.202	16.437	17.289	16.351	16.553	415.42	415.34
19:22:32	16.542	16.203	16.441	17.296	16.355	16.558	415.42	415.34
19:23:32	16.541	16.202	16.445	17.294	16.354	16.556	415.42	415.34
19:24:32	16.542	16.204	16.45	17.301	16.356	16.554	415.42	415.34
19:25:32	16.542	16.203	16.421	17.198	16.355	16.552	415.42	415.34
19:26:32	16.541	16.202	16.372	17.077	16.353	16.552	415.42	415.34
19:27:32	16.541	16.202	16.337	16.987	16.354	16.556	0.0	415.34
19:28:32	16.541	16.203	16.305	16.908	16.352	16.551	415.42	415.34
19:29:32	16.541	16.201	16.277	16.839	16.35	16.549	415.42	415.34
19:30:32	16.542	16.201	16.252	16.799	16.351	16.55	415.42	415.34
19:31:32	16.542	16.202	16.236	16.775	16.352	16.551	415.42	415.34
19:32:32	16.542	16.201	16.213	16.751	16.351	16.552	415.42	415.34
19:33:32	16.542	16.201	16.19	16.703	16.352	16.551	415.42	415.34
19:34:32	16.542	16.203	16.19	16.738	16.355	16.556	415.42	415.34
19:35:32	16.541	16.203	16.209	16.826	16.354	16.556	415.42	415.34
19:36:32	16.542	16.204	16.235	16.908	16.354	16.554	415.42	415.34
19:37:32	16.543	16.203	16.252	16.974	16.354	16.557	415.42	415.34
19:38:32	16.541	16.204	16.268	17.028	16.354	16.556	415.42	415.34
19:39:32	16.543	16.204	16.286	17.069	16.355	16.557	415.42	415.34
19:40:32	16.542	16.204	16.303	17.108	16.355	16.556	415.42	415.34
19:41:32	16.543	16.205	16.315	17.129	16.356	16.555	415.42	415.34
19:42:32	16.542	16.205	16.319	17.147	16.357	16.556	415.42	415.34
19:43:32	16.543	16.204	16.328	17.158	16.357	16.56	415.42	415.34
19:44:32	16.544	16.205	16.334	17.167	16.354	16.561	415.42	415.34
19:45:32	16.543	16.206	16.337	17.196	16.355	16.561	415.42	415.34
19:46:32	16.542	16.205	16.345	17.202	16.354	16.559	415.42	415.34
19:47:32	16.543	16.205	16.355	17.21	16.355	16.561	415.42	415.34
19:48:32	16.542	16.205	16.362	17.216	16.354	16.561	415.42	415.34
19:49:32	16.544	16.203	16.372	17.237	16.354	16.557	415.42	415.34
19:50:32	16.543	16.202	16.367	17.244	16.349	16.549	415.42	415.34
19:51:32	16.543	16.2	16.374	17.238	16.35	16.549	415.42	415.34
19:52:32	16.544	16.202	16.381	17.246	16.351	16.547	415.42	415.34
19:53:32	16.542	16.201	16.394	17.264	16.351	16.55	415.42	415.34
19:54:32	16.543	16.2	16.395	17.282	16.35	16.548	415.42	415.34
19:55:32	16.543	16.201	16.399	17.29	16.35	16.554	415.42	415.34
19:56:32	16.544	16.202	16.402	17.289	16.353	16.551	415.42	415.34
19:57:32	16.543	16.203	16.406	17.297	16.353	16.552	415.42	415.34
19:58:32	16.543	16.204	16.412	17.312	16.355	16.555	415.42	415.34
19:59:32	16.543	16.205	16.408	17.294	16.356	16.557	415.42	415.34
20:00:32	16.543	16.206	16.377	17.167	16.358	16.557	415.42	415.34
20:01:32	16.542	16.206	16.345	17.043	16.357	16.555	415.42	415.34
20:02:32	16.543	16.207	16.316	16.954	16.359	16.557	415.42	415.34
20:03:32	16.543	16.208	16.294	16.885	16.356	16.557	415.42	415.34
20:04:32	16.543	16.205	16.256	16.827	16.354	16.559	415.42	415.34
20:05:32	16.542	16.204	16.224	16.753	16.352	16.555	415.42	415.34
20:06:33	16.542	16.202	16.185	16.731	16.351	16.552	415.42	415.34
20:07:32	16.544	16.201	16.176	16.71	16.351	16.553	415.42	415.34
20:08:32	16.543	16.203	16.182	16.75	16.351	16.551	415.42	415.34
20:09:32	16.543	16.201	16.208	16.836	16.351	16.552	415.42	415.34
20:10:33	16.542	16.203	16.235	16.925	16.353	16.555	415.42	415.34
20:11:32	16.543	16.202	16.255	17.002	16.354	16.553	415.42	415.34
20:12:34	0.0	16.202	16.274	17.072	16.355	16.557	415.42	415.34
20:13:34	16.544	16.204	16.288	17.111	16.354	16.553	415.42	415.34
20:14:33	16.543	16.203	16.302	17.144	16.355	16.554	415.42	415.34
20:15:34	16.542	16.203	16.348	17.212	16.353	16.555	415.42	415.34
20:16:34	16.544	16.204	16.369	17.266	16.356	16.56	415.42	415.34
20:17:33	16.543	16.205	16.383	17.304	16.355	16.561	415.42	415.34
20:18:33	16.543	16.204	16.383	17.321	16.353	16.561	415.42	415.34
20:19:34	16.543	16.205	16.383	17.298	16.355	16.562	415.42	415.34
20:20:33	16.543	16.204	16.393	17.298	16.355	16.564	415.42	415.34
20:21:34	16.544	16.203	16.416	17.342	16.353	16.561	415.42	415.34
20:22:33	16.544	16.203	16.412	17.368	16.352	16.558	415.42	415.34
20:23:34	16.542	16.202	16.408	17.354	16.351	16.557	415.42	415.34
20:24:34	16.542	16.202	16.407	17.335	16.351	16.553	415.42	415.34
20:25:34	16.542	16.2	16.373	17.219	16.349	0.0	415.42	415.34
20:26:34	16.542	16.2	16.355	17.107	16.35	16.552	415.42	415.34
20:27:34	16.543	16.201	16.309	17.021	16.348	16.551	415.42	415.34
20:28:34	16.542	16.2	16.285	16.951	16.349	16.552	415.42	415.34
20:29:34	0.0	16.2	16.259	16.891	16.347	16.55	415.42	415.34
20:30:33	16.542	16.198	16.227	16.845	16.348	16.547	415.42	415.34
20:31:34	16.541	16.197	16.2	16.814	16.346	16.548	415.42	415.34
20:32:33	16.542	16.199	16.195	16.774	16.346	16.548	415.42	415.34
20:33:34	16.541	16.199	16.171	16.748	16.348	16.555	415.42	415.34
20:34:34	16.54	16.199	16.16	16.742	16.349	16.555	415.42	415.34
20:35:34	16.541	16.199	16.178	16.804	16.35	16.553	415.42	415.34
20:36:33	16.541	16.197	16.192	16.884	16.346	16.544	415.42	415.34
20:37:33	16.541	16.195	16.219	16.957	16.349	16.547	415.42	415.34
20:38:34	16.54	16.196	16.231	17.024	16.347	16.548	415.42	415.34
20:39:34	16.54	16.196	16.243	17.059	16.346	16.551	415.42	415.34
20:40:34	16.54	16.195	16.258	17.088	16.345	16.545	415.42	415.34
20:41:34	16.54	16.195	16.277	17.108	16.345	16.545	415.42	415.34
20:42:33	16.54	16.194	16.287	17.124	16.347	16.544	415.42	415.34
20:43:34	16.541	16.193	16.295	17.143	16.345	16.549	415.42	415.34
20:44:33	16.54	16.195	16.304	17.152	16.348	16.545	415.42	415.34
20:45:34	16.54	16.195	16.311	17.175	16.346	16.541	415.42	415.34
20:46:34	16.54	16.195	16.315	17.191	16.347	16.542	415.42	415.34
20:47:34	16.539	16.195	16.328	17.201	16.348	16.544	415.42	415.34
20:48:34	16.539	16.194	16.335	17.203	16.348	16.552	415.42	415.34
20:49:34	16.54	16.194	16.339	17.22	16.349	16.55	415.42	415.34
20:50:34	16.54	16.197	16.345	17.229	16.349	16.546	415.42	415.34
20:51:33	16.539	16.197	16.35	17.231	16.349	16.551	415.42	415.34
20:52:34	16.539	16.196	16.356	17.234	16.351	16.549	415.42	415.34
20:53:34	16.54	16.197	16.365	17.244	16.351	16.545	415.42	415.34
20:54:33	16.539	16.197	16.365	17.248	16.35	16.548	415.42	415.34
20:55:33	16.539	16.197	16.372	17.256	16.349	16.548	415.42	415.34
20:56:34	16.539	16.197	16.383	17.263	16.351	16.547	415.42	415.34
20:57:33	16.537	16.197	16.39	17.261	16.351	16.552	415.42	415.34
20:58:34	16.538	16.197	16.394	17.265	16.353	16.556	415.42	415.34
20:59:34	0.0	16.198	16.395	17.261	16.353	16.561	415.42	415.34
21:00:34	16.538	16.197	16.365	17.16	16.354	16.561	415.42	415.34
21:01:33	16.537	16.197	16.342	17.066	16.354	16.557	415.42	415.34
21:02:34	16.537	16.194	16.308	16.958	16.346	16.545	415.42	415.34
21:03:34	16.537	16.193	16.274	16.878	16.347	16.547	415.42	415.34
21:04:34	16.537	16.192	16.244	16.815	16.348	16.547	415.42	415.34
21:05:34	16.536	16.194	16.211	16.779	16.35	16.55	415.42	415.34
21:06:34	16.537	16.195	16.18	16.739	16.348	16.556	415.42	415.34
21:07:34	16.537	16.195	16.161	16.714	16.35	16.561	415.42	415.34
21:08:34	16.536	16.194	16.166	16.734	16.352	16.559	415.42	415.34
21:09:34	16.536	16.197	16.191	16.807	16.351	16.561	415.42	415.34
21:10:34	16.537	16.194	16.213	16.887	16.351	16.553	415.42	415.34
21:11:34	16.538	16.196	16.229	16.963	16.352	16.553	415.42	415.34
21:12:34	16.536	16.194	16.243	17.01	16.347	16.552	415.42	415.34
21:13:33	16.535	16.194	16.264	17.053	16.348	16.557	415.42	415.34
21:14:34	16.537	16.191	16.275	17.081	16.345	16.55	415.42	415.34
21:15:33	16.536	16.19	16.284	17.114	16.347	16.55	415.42	415.34
21:16:34	16.535	16.19	16.287	17.132	16.346	16.546	415.42	415.34
21:17:34	16.536	16.19	16.299	17.147	16.346	16.551	415.42	415.34
21:18:34	16.536	16.191	16.308	17.167	16.347	16.551	415.42	415.34
21:19:34	16.536	16.193	16.321	17.182	16.348	16.549	415.42	415.34
21:20:33	16.536	16.192	16.326	17.194	16.349	16.555	415.42	415.34
21:21:34	16.535	16.192	16.332	17.194	16.349	16.555	415.42	415.34
21:22:34	16.535	16.193	16.337	17.199	16.352	16.554	415.42	415.34
21:23:34	16.535	0.0	16.346	17.21	16.353	16.556	415.42	415.34
21:24:34	16.534	16.193	16.353	17.219	16.351	16.56	415.42	415.34
21:25:34	16.535	16.193	16.359	17.234	16.351	16.556	415.42	415.34
21:26:33	16.535	16.194	16.369	17.235	16.353	16.559	415.42	415.34
21:27:34	16.535	16.195	16.374	17.246	16.354	16.557	415.42	415.34
21:28:34	16.535	16.194	16.375	17.254	16.352	16.562	415.42	415.34
21:29:34	16.534	16.194	16.383	17.264	16.35	16.557	415.42	415.34
21:30:34	16.533	16.193	16.389	17.276	16.354	16.559	415.42	415.34
21:31:33	16.534	16.195	16.396	17.283	16.354	16.562	415.42	415.34
21:32:34	16.534	16.195	16.398	17.272	16.354	16.561	415.42	415.34
21:33:34	16.535	16.194	16.401	17.283	16.354	16.561	415.42	415.34
21:34:34	16.534	16.193	16.406	17.283	16.352	16.554	415.42	415.34
21:35:34	16.534	16.192	16.413	17.287	16.35	16.557	415.42	415.34
21:36:34	16.534	16.193	16.419	17.295	16.351	16.56	415.42	415.34
21:37:34	16.532	16.192	16.424	17.298	16.352	16.557	415.42	415.34
21:38:33	16.533	16.192	16.429	17.296	16.352	16.555	415.42	415.34
21:39:34	16.533	16.191	16.394	17.206	16.35	16.554	415.42	415.34
21:40:33	16.534	16.192	16.363	17.094	16.351	16.554	415.42	415.34
21:41:34	16.533	16.192	16.34	17.015	16.351	16.553	415.42	415.34
21:42:34	16.532	16.191	16.31	16.948	16.352	16.553	415.42	415.34
21:43:34	16.532	16.192	16.282	16.865	16.353	16.554	415.42	415.34
21:44:34	16.533	16.193	16.249	16.794	16.352	16.554	415.42	415.34
21:45:34	16.533	16.191	16.221	16.772	16.351	16.555	415.42	415.34
21:46:34	16.533	16.19	16.188	16.749	16.351	16.55	415.42	415.34
21:47:34	16.532	16.19	16.185	16.739	16.35	16.551	415.42	415.34
21:48:34	16.532	16.189	16.192	16.789	16.348	16.551	415.42	415.34
21:49:34	16.533	16.19	16.218	16.866	16.349	16.552	415.42	415.34
21:50:34	16.53	16.19	16.241	16.935	16.349	16.551	415.42	415.34
21:51:34	16.531	16.189	16.252	16.989	16.349	16.551	415.42	415.34
21:52:34	16.531	16.188	16.268	17.036	16.348	16.548	415.42	415.34
21:53:34	16.532	16.187	16.279	17.075	16.346	16.546	415.42	415.34
21:54:35	16.531	16.186	16.292	17.102	16.347	16.55	415.42	415.34
21:55:34	16.531	16.186	16.298	17.142	16.348	16.55	415.42	415.34
21:56:34	16.532	16.186	16.3	17.169	16.347	16.55	415.42	415.34
21:57:34	16.53	16.185	16.312	17.164	16.345	16.549	415.42	415.34
21:58:34	16.531	16.185	16.327	17.177	16.345	16.551	415.42	415.34
21:59:34	16.531	16.186	16.335	17.199	16.346	16.556	415.42	415.34
22:00:34	16.53	16.185	16.342	17.201	16.346	16.554	415.42	415.34
22:01:34	16.531	16.185	16.351	17.227	16.345	16.548	415.42	415.34
22:02:34	16.532	16.184	16.36	17.233	16.346	16.549	415.42	415.34
22:03:34	16.532	16.185	16.365	17.23	16.345	16.545	415.42	415.34
22:04:34	16.531	16.185	16.372	17.239	16.346	16.545	415.42	415.34
22:05:34	16.531	16.185	16.378	17.245	16.345	16.549	415.42	415.34
22:06:34	16.531	16.184	16.382	17.252	16.344	16.554	415.42	415.34
22:07:34	16.53	16.184	16.388	17.26	16.344	16.559	415.42	415.34
22:08:34	16.53	16.182	16.393	17.262	16.343	16.551	415.42	415.34
22:09:33	16.531	16.183	16.396	17.261	16.344	16.55	415.42	415.34
22:10:33	16.53	16.182	16.403	17.27	16.342	16.543	415.42	415.34
22:11:34	16.53	16.182	16.408	17.273	16.342	16.548	415.42	415.34
22:12:34	16.53	16.181	16.415	17.273	16.342	16.549	415.42	415.34
22:13:34	16.53	16.181	16.423	17.283	16.341	16.549	415.42	415.34
22:14:33	16.528	16.179	16.406	17.252	16.338	16.537	415.42	415.34
22:15:34	16.529	16.18	16.363	17.134	16.343	16.541	415.42	415.34
22:16:34	16.529	16.18	16.342	17.035	16.34	16.544	415.42	415.34
22:17:34	16.529	16.18	16.305	16.927	16.341	16.542	415.42	415.34
22:18:34	16.529	16.181	16.275	16.864	16.343	16.545	415.42	415.34
22:19:34	16.529	16.181	16.258	16.817	16.34	16.537	415.42	415.34
22:20:34	16.529	16.18	16.23	16.81	16.343	16.536	415.42	415.34
22:21:34	16.529	16.181	16.218	16.816	16.344	16.548	415.42	415.34
22:22:34	16.529	16.181	16.204	16.801	16.342	16.548	415.42	415.34
22:23:34	16.528	16.181	16.189	16.769	16.345	16.543	415.42	415.34
22:24:34	16.528	16.182	16.173	16.78	16.344	16.548	415.42	415.34
22:25:34	16.528	16.184	16.189	16.845	16.344	16.548	415.42	415.34
22:26:34	16.528	16.181	16.212	16.899	16.344	16.542	415.42	415.34
22:27:34	16.529	16.182	16.233	16.965	16.344	16.546	415.42	415.34
22:28:34	16.528	16.181	16.251	17.02	16.342	16.545	415.42	415.34
22:29:34	16.528	16.179	16.263	17.069	16.339	16.549	415.42	415.34
22:30:34	16.527	16.179	16.278	17.102	16.34	16.545	415.42	415.34
22:31:34	16.528	16.18	16.286	17.135	16.343	16.547	415.42	415.34
22:32:34	16.528	16.181	16.3	17.164	16.342	16.547	415.42	415.34
22:33:34	16.528	16.182	16.308	17.179	16.344	16.546	415.42	415.34
22:34:35	16.528	16.183	16.319	17.184	16.344	16.55	415.42	415.34
22:35:34	0.0	16.183	16.327	17.199	16.344	16.547	415.42	415.34
22:36:35	16.528	16.182	16.335	17.21	16.343	16.543	415.42	415.34
22:37:34	16.526	16.181	16.345	17.223	16.343	16.542	415.42	415.34
22:38:34	16.527	16.181	16.349	17.232	16.341	16.543	415.42	415.34
22:39:34	16.528	16.18	16.355	17.232	16.339	16.549	415.42	415.34
22:40:34	16.528	16.18	16.36	17.249	16.342	16.546	415.42	415.34
22:41:34	16.528	16.18	16.366	17.258	16.341	16.546	415.42	415.34
22:42:35	16.527	16.178	16.372	17.28	16.342	16.543	415.42	415.34
22:43:34	0.0	16.18	16.376	17.294	16.34	16.542	415.42	415.34
22:44:34	16.527	16.18	16.378	17.303	16.341	16.541	415.42	415.34
22:45:34	16.527	16.177	16.384	17.298	16.337	16.533	415.42	415.34
22:46:34	16.526	16.177	16.393	17.288	16.342	16.539	415.42	415.34
22:47:34	16.526	16.179	16.372	17.186	16.341	16.543	415.42	415.34
22:48:34	16.526	16.178	16.339	17.099	16.341	16.54	415.42	415.34
22:49:34	16.526	16.18	16.311	17.015	16.344	16.547	415.42	415.34
22:50:34	16.526	16.182	16.288	16.941	16.347	16.551	415.42	415.34
22:51:34	16.526	16.18	16.252	16.883	16.347	16.546	415.42	415.34
22:52:34	16.526	16.182	16.236	16.848	16.345	16.542	415.42	415.34
22:53:34	16.526	16.182	16.225	16.835	16.345	16.547	415.42	415.34
22:54:34	16.527	16.182	16.216	16.809	16.345	16.547	415.42	415.34
22:55:34	16.525	16.181	16.178	16.767	16.345	16.548	415.42	415.34
22:56:34	16.526	16.18	16.192	16.888	16.344	16.548	415.42	415.34
22:57:34	16.526	16.18	16.22	16.972	16.341	16.552	415.42	415.34
22:58:34	16.524	16.178	16.248	17.051	16.34	16.547	415.42	415.34
22:59:34	16.525	16.176	16.27	17.113	16.338	16.542	415.42	415.34
23:00:34	16.524	16.175	16.283	17.144	16.337	16.538	415.42	415.34
23:01:34	16.523	16.176	16.297	17.177	16.338	16.54	415.42	415.34
23:02:34	16.524	16.176	16.307	17.198	16.339	16.536	415.42	415.34
23:03:34	16.522	16.176	16.318	17.209	16.338	16.54	415.42	415.34
23:04:34	16.524	16.176	16.327	17.224	16.339	16.544	415.42	415.34
23:05:34	16.524	16.176	16.337	17.25	16.341	16.546	415.42	415.34
23:06:34	16.523	16.173	16.346	17.252	16.337	16.536	415.42	415.34
23:07:34	16.523	16.173	16.355	17.27	16.34	16.538	415.42	415.34
23:08:35	16.522	16.175	16.368	17.282	16.339	16.541	415.42	415.34
23:09:34	0.0	16.177	16.379	17.292	16.341	16.543	415.42	415.34
23:10:35	16.524	16.178	16.384	17.288	16.343	16.546	415.42	415.34
23:11:35	16.522	16.178	16.393	17.304	16.344	16.545	415.42	415.34
23:12:35	16.524	16.18	16.394	17.303	16.345	16.548	415.42	415.34
23:13:35	16.523	16.179	16.365	17.219	16.345	16.553	415.42	415.34
23:14:35	16.522	16.177	16.335	17.12	16.343	16.555	415.42	415.34
23:15:35	16.522	16.178	16.316	17.044	16.344	16.548	415.42	415.34
23:16:35	16.522	16.181	16.281	16.976	16.347	16.551	415.42	415.34
23:17:35	16.522	16.181	16.24	16.899	16.348	16.553	415.42	415.34
23:18:35	16.522	16.182	16.216	16.823	16.347	16.553	415.42	415.34
23:19:35	16.521	16.183	16.199	16.773	16.349	16.554	415.42	415.34
23:20:35	16.522	16.182	16.17	16.746	16.346	16.546	415.42	415.34
23:21:35	16.522	16.181	16.154	16.733	16.347	16.548	415.42	415.34
23:22:35	16.522	16.18	16.166	16.778	16.345	16.545	415.42	415.34
23:23:35	16.521	16.18	16.187	16.853	16.346	16.55	415.42	415.34
23:24:35	16.52	16.179	16.213	16.935	16.345	16.555	415.42	415.34
23:25:35	16.52	16.178	16.233	17.006	16.345	16.553	415.42	415.34
23:26:35	16.522	16.178	16.251	17.055	16.344	16.548	415.42	415.34
23:27:35	16.521	16.178	16.269	17.102	16.345	16.548	415.42	415.34
23:28:35	16.521	16.177	16.279	17.139	16.347	16.548	415.42	415.34
23:29:35	16.521	16.18	16.288	17.156	16.347	16.55	415.42	415.34
23:30:35	16.521	16.178	16.298	17.171	16.344	16.548	415.42	415.34
23:31:35	16.522	16.178	16.308	17.193	16.346	16.552	415.42	415.34
23:32:35	16.52	16.177	16.314	17.195	16.343	16.549	415.42	415.34
23:33:35	16.521	16.175	16.323	17.21	16.343	16.55	415.42	415.34
23:34:35	16.522	16.177	16.336	17.218	16.343	16.553	415.42	415.34
23:35:35	16.521	16.176	16.35	17.225	16.344	16.55	415.42	415.34
23:36:35	16.521	16.177	16.359	17.24	16.345	16.55	415.42	415.34
23:37:35	16.52	16.177	16.363	17.249	16.344	16.548	415.42	415.34
23:38:35	16.52	16.178	16.368	17.27	16.346	16.552	415.42	415.34
23:39:35	16.52	16.179	16.375	17.272	16.348	16.551	415.42	415.34
23:40:35	16.52	16.18	16.383	17.288	16.349	16.554	415.42	415.34
23:41:35	16.52	16.18	16.392	17.295	16.347	16.549	415.42	415.34
23:42:35	16.52	16.18	16.395	17.307	16.348	16.552	415.42	415.34
23:43:35	16.52	16.182	16.401	17.312	16.35	16.553	415.42	415.34
23:44:35	16.521	16.182	16.407	17.317	16.349	16.558	415.42	415.34
23:45:35	16.52	16.183	16.402	17.299	16.349	16.559	415.42	415.34
23:46:35	16.52	16.179	16.369	17.177	16.347	16.55	415.42	415.34
23:47:35	16.52	16.181	16.345	17.088	16.349	16.55	415.42	415.34
23:48:35	16.52	16.182	16.313	17.018	16.352	16.553	415.42	415.34
23:49:35	16.519	16.18	16.275	16.94	16.347	16.553	415.42	415.34
23:50:35	16.519	16.179	16.234	16.866	16.347	16.549	415.42	415.34
23:51:35	16.519	16.178	16.218	16.832	16.347	16.546	415.42	415.34
23:52:35	16.518	16.175	16.2	16.801	16.344	16.552	415.42	415.34
23:53:35	16.518	16.176	16.18	16.775	16.346	16.553	415.42	415.34
23:54:35	16.519	16.174	16.153	16.727	16.346	16.55	415.42	415.34
23:55:35	16.518	16.173	16.158	16.776	16.347	16.548	415.42	415.34
23:56:35	16.519	16.175	16.182	16.882	16.347	16.552	415.42	415.34
23:57:35	16.518	16.175	16.202	16.953	16.347	16.55	415.42	415.34
23:58:35	16.518	16.175	16.229	17.027	16.347	16.553	415.42	415.34
23:59:35	16.516	16.177	16.248	17.069	16.346	16.554	415.42	415.34
