00:00:59	23.586	23.896	24.106	26.203	20.99	20.651	415.42	415.34
00:01:59	23.584	23.897	24.056	25.956	20.989	20.651	415.42	415.34
00:02:59	23.585	23.894	24.074	26.093	20.989	20.648	415.42	415.34
00:03:59	23.586	23.896	24.054	26.43	20.991	20.65	415.42	415.34
00:04:59	23.585	23.896	24.061	26.481	20.988	20.653	415.42	415.34
00:05:59	23.586	23.896	24.168	26.166	20.986	20.651	415.42	415.34
00:06:59	23.586	23.896	24.174	26.353	20.988	20.65	415.42	415.34
00:07:59	23.586	23.897	24.119	26.44	20.985	20.653	415.42	415.34
00:08:59	23.586	23.895	24.131	26.495	20.983	20.649	415.42	415.34
00:09:59	23.585	23.893	24.093	26.545	20.982	20.644	415.42	415.34
00:10:59	23.586	23.893	24.074	26.444	20.984	20.646	415.42	415.34
00:11:59	23.585	23.892	24.081	26.7	20.987	20.648	415.42	415.34
00:12:59	23.584	23.893	24.119	26.685	20.984	20.649	415.42	415.34
00:13:59	23.585	23.892	24.115	26.84	20.984	20.65	415.42	415.34
00:14:59	23.585	23.891	24.12	26.77	20.982	20.651	415.42	415.34
00:15:59	23.585	23.893	24.152	26.605	20.984	20.647	415.42	415.34
00:16:59	23.585	23.893	24.133	26.477	20.989	20.645	415.42	415.34
00:17:59	23.585	23.893	24.138	26.349	20.986	20.649	415.42	415.34
00:18:59	23.585	23.893	24.225	26.236	20.989	20.651	415.42	415.34
00:19:59	23.586	23.895	24.298	26.372	20.987	20.652	415.42	415.34
00:20:59	23.585	23.894	24.279	26.329	20.985	20.652	415.42	415.34
00:21:59	23.584	23.895	24.314	26.541	20.986	20.65	415.42	415.34
00:22:59	23.585	23.895	24.242	26.685	20.987	20.649	415.42	415.34
00:23:59	23.584	23.896	24.182	26.696	20.987	20.65	415.42	415.34
00:24:59	23.584	23.895	24.215	26.954	20.987	20.651	415.42	415.34
00:25:59	23.583	23.895	24.27	26.844	20.986	20.652	415.42	415.34
00:27:01	23.583	23.895	24.308	26.536	20.985	20.65	415.42	415.34
00:27:59	23.582	23.895	24.277	26.544	20.986	20.65	415.42	415.34
00:28:59	23.583	23.895	24.297	26.537	20.988	20.652	415.42	415.34
00:29:59	23.583	23.897	24.311	26.547	20.988	20.65	415.42	415.34
00:30:59	23.583	23.897	24.317	26.503	20.988	20.654	415.42	415.34
00:31:59	23.582	23.897	24.342	26.719	20.988	20.652	415.42	415.34
00:32:59	23.583	23.896	24.292	27.166	20.989	20.651	415.42	415.34
00:33:59	23.581	23.895	24.297	27.155	20.99	20.651	415.42	415.34
00:34:59	23.582	23.898	24.32	27.279	20.992	20.65	415.42	415.34
00:35:59	23.583	23.897	24.294	27.183	20.992	20.652	415.42	415.34
00:36:59	23.582	23.897	24.395	26.75	20.99	20.653	415.42	415.34
00:37:59	23.582	23.897	24.38	26.564	20.989	20.649	415.42	415.34
00:38:59	23.582	23.897	24.435	26.643	20.992	20.65	415.42	415.34
00:39:59	23.583	23.896	24.398	26.593	20.99	20.652	415.42	415.34
00:40:59	23.583	23.896	24.36	26.853	20.988	20.651	415.42	415.34
00:41:59	23.582	23.896	24.358	26.921	20.987	20.651	415.42	415.34
00:42:59	23.582	23.895	24.3	27.036	20.983	20.65	415.42	415.34
00:43:59	23.583	23.894	24.258	27.077	20.979	20.647	415.42	415.34
00:44:59	23.581	23.892	24.271	26.61	20.981	20.647	415.42	415.34
00:45:59	23.582	23.89	24.216	26.701	20.977	20.648	415.42	415.34
00:46:59	23.583	23.89	24.311	26.651	20.982	20.649	415.42	415.34
00:47:59	23.584	23.892	24.353	26.573	20.987	20.65	415.42	415.34
00:48:59	23.585	23.893	24.324	26.787	20.987	20.653	415.42	415.34
00:49:59	23.584	23.894	24.371	26.672	20.985	20.653	415.42	415.34
00:50:59	23.584	23.894	24.349	26.878	20.986	20.65	415.42	415.34
00:51:59	23.586	23.894	24.396	26.819	20.985	20.652	415.42	415.34
00:52:59	23.584	23.893	24.385	26.773	20.985	20.649	415.42	415.34
00:53:59	23.586	23.892	24.352	26.817	20.987	20.651	415.42	415.34
00:54:59	23.585	23.893	24.46	26.663	20.982	20.651	415.42	415.34
00:55:59	23.586	23.894	24.515	26.398	20.984	20.654	415.42	415.34
00:57:01	23.587	23.894	24.478	26.127	20.986	20.649	415.42	415.34
00:57:59	23.588	23.894	24.453	26.035	20.984	20.651	415.42	415.34
00:58:59	23.587	23.895	24.45	26.033	20.985	20.652	415.42	415.34
00:59:59	23.587	23.895	24.36	26.083	20.983	20.648	415.42	415.34
01:00:59	23.588	23.897	24.285	26.531	20.987	20.653	415.42	415.34
01:01:59	23.588	23.897	24.265	27.01	20.988	20.654	415.42	415.34
01:02:59	23.589	23.899	24.253	27.765	20.989	20.654	415.42	415.34
01:03:59	23.589	23.896	24.25	28.312	20.985	20.652	415.42	415.34
01:04:59	23.589	23.899	24.32	28.449	20.988	20.652	415.42	415.34
01:05:59	23.591	23.9	24.297	28.25	20.991	20.657	415.42	415.34
01:06:59	23.591	23.901	24.261	28.433	20.991	20.656	415.42	415.34
01:07:59	23.591	23.901	24.239	27.915	20.988	20.656	415.42	415.34
01:08:59	23.592	23.901	24.219	27.46	20.988	20.653	415.42	415.34
01:09:59	23.592	23.902	24.21	27.104	20.988	20.654	415.42	415.34
01:10:59	23.591	23.901	24.181	26.971	20.987	20.653	415.42	415.34
01:11:59	23.593	23.902	24.208	26.917	20.988	20.653	415.42	415.34
01:12:59	23.593	23.904	24.197	27.117	20.989	20.657	415.42	415.34
01:13:59	23.594	23.905	24.221	26.779	20.989	20.655	415.42	415.34
01:14:59	23.594	23.905	24.277	26.436	20.989	20.655	415.42	415.34
01:15:59	23.594	23.905	24.231	26.459	20.987	20.657	415.42	415.34
01:16:59	23.594	23.905	24.24	26.327	20.99	20.655	415.42	415.34
01:17:59	23.593	23.905	24.19	26.559	20.988	20.657	415.42	415.34
01:18:59	23.593	23.904	24.185	26.518	20.988	20.655	415.42	415.34
01:19:59	23.593	23.903	24.161	26.473	20.989	20.655	415.42	415.34
01:20:59	23.594	23.904	24.091	26.418	20.991	20.654	415.42	415.34
01:21:59	23.594	23.906	24.063	26.546	20.992	20.655	415.42	415.34
01:22:59	23.595	23.907	24.096	26.595	20.992	20.655	415.42	415.34
01:23:59	23.595	23.908	24.17	26.436	20.992	20.656	415.42	415.34
01:25:00	23.595	23.909	24.212	26.074	20.992	20.657	415.42	415.34
01:25:59	0.0	23.91	24.184	25.999	20.993	20.658	415.42	0.0
01:26:59	23.595	23.911	24.176	26.067	20.995	20.659	415.42	415.34
01:27:59	23.595	23.911	24.138	26.192	20.995	20.658	415.42	415.34
01:28:59	23.595	23.911	24.121	26.383	20.993	20.659	415.42	415.34
01:29:59	23.595	23.911	24.084	26.327	20.991	20.657	415.42	415.34
01:30:59	23.595	23.91	24.075	26.465	20.99	20.656	415.42	415.34
01:31:59	23.594	23.909	24.076	26.68	20.986	20.659	415.42	415.34
01:32:59	23.596	23.911	24.098	26.803	20.988	20.657	415.42	415.34
01:33:59	23.594	23.91	24.126	26.743	20.989	20.657	415.42	415.34
01:34:59	23.596	23.912	24.146	26.646	20.99	20.658	415.42	415.34
01:35:59	23.595	23.912	24.239	26.625	20.991	20.659	415.42	415.34
01:36:59	23.595	23.914	24.25	26.515	20.996	20.659	415.42	415.34
01:37:59	23.595	23.916	24.221	26.592	20.997	20.663	415.42	415.34
01:38:59	23.596	23.916	24.24	26.874	20.998	20.664	415.42	415.34
01:39:59	23.595	23.916	24.246	27.24	20.999	20.666	415.42	415.34
01:40:59	23.595	23.916	24.262	27.503	20.996	20.661	415.42	415.34
01:41:59	23.595	23.917	24.275	27.847	20.996	20.663	415.42	415.34
01:42:59	23.594	23.916	24.234	27.521	20.995	20.657	415.42	415.34
01:43:59	23.594	23.916	24.183	26.952	20.994	20.66	415.42	415.34
01:44:59	23.595	23.916	24.149	26.699	20.996	20.66	415.42	415.34
01:45:59	23.596	23.914	24.124	26.651	20.995	20.659	415.42	415.34
01:46:59	23.596	23.915	24.134	26.862	20.995	20.66	415.42	415.34
01:47:59	23.597	23.914	24.219	26.889	20.997	20.658	415.42	415.34
01:48:59	23.597	23.916	24.226	26.771	20.997	20.661	415.42	415.34
01:49:59	23.597	23.915	24.24	26.633	20.998	20.659	415.42	415.34
01:50:59	23.598	23.915	24.217	26.776	20.998	20.661	415.42	415.34
01:51:59	23.598	23.916	24.197	26.441	20.997	20.662	415.42	415.34
01:52:59	23.599	23.916	24.174	26.399	21.0	20.66	415.42	415.34
01:53:59	23.598	23.918	24.145	26.539	20.998	20.663	415.42	415.34
01:54:59	23.598	23.917	24.122	26.179	20.998	20.664	415.42	415.34
01:55:59	23.599	23.917	24.098	25.949	0.0	20.663	415.42	415.34
01:57:00	23.599	23.918	24.055	26.058	20.996	20.663	415.42	415.34
01:57:59	23.599	23.916	24.016	25.916	20.999	20.662	415.42	415.34
01:58:59	23.599	23.917	23.998	25.763	20.998	20.664	415.42	415.34
01:59:59	23.598	23.916	24.002	25.984	20.996	20.662	415.42	415.34
02:00:59	23.6	23.916	24.019	26.333	20.993	20.661	415.42	415.34
02:01:59	23.599	23.915	24.008	26.564	20.994	20.663	415.42	415.34
02:02:59	23.599	23.915	24.015	26.729	20.996	20.661	415.42	415.34
02:04:00	23.6	23.915	24.016	26.791	20.996	20.663	415.42	415.34
02:04:59	23.6	23.916	24.044	26.833	20.996	20.663	415.42	415.34
02:05:59	23.6	23.915	24.076	27.235	20.996	20.664	415.42	415.34
02:06:59	23.599	23.914	24.1	27.415	20.994	20.664	415.42	415.34
02:07:59	23.599	23.914	24.149	27.444	20.995	20.666	415.42	415.34
02:08:59	23.599	23.914	24.165	27.272	20.996	20.663	415.42	415.34
02:09:59	23.599	23.914	24.143	27.04	20.997	20.664	415.42	415.34
02:10:59	23.599	23.913	24.166	26.841	20.996	20.662	415.42	415.34
02:11:59	23.598	23.911	24.165	26.46	20.994	20.663	415.42	415.34
02:12:59	23.6	23.911	24.133	26.31	20.996	20.663	415.42	415.34
02:13:59	23.6	23.911	24.12	26.437	20.996	20.664	415.42	415.34
02:14:59	23.599	23.911	24.121	26.477	20.996	20.664	415.42	415.34
02:15:59	23.599	23.911	24.121	26.628	20.995	20.663	415.42	415.34
02:16:59	23.6	23.91	24.134	26.72	20.995	20.664	415.42	415.34
02:17:59	23.599	23.91	24.128	26.869	20.996	20.663	415.42	415.34
02:18:59	23.599	23.911	24.149	26.634	20.997	20.666	415.42	415.34
02:19:59	23.6	23.912	24.156	26.589	20.997	20.666	415.42	415.34
02:20:59	23.6	23.912	24.156	26.416	20.998	20.666	415.42	415.34
02:21:59	23.6	23.912	24.171	26.281	20.997	20.667	415.42	415.34
02:22:59	23.6	23.913	24.134	26.275	20.999	20.665	415.42	415.34
02:23:59	23.602	23.913	24.092	26.356	20.996	20.666	415.42	415.34
02:24:59	23.6	23.911	24.096	26.278	20.995	20.664	415.42	415.34
02:25:59	23.599	23.911	24.086	26.466	20.994	20.666	415.42	415.34
02:26:59	23.6	23.909	24.089	26.758	20.995	20.662	0.0	415.34
02:27:59	23.599	23.908	24.074	26.773	20.994	20.665	415.42	415.34
02:28:59	23.6	23.907	24.071	26.975	20.993	20.662	415.42	415.34
02:29:59	23.598	23.907	24.111	26.815	20.993	20.665	415.42	415.34
02:30:59	23.599	23.907	24.128	26.601	20.995	20.663	415.42	415.34
02:31:59	23.599	23.905	24.12	26.426	20.993	20.663	415.42	415.34
02:32:59	23.598	23.905	24.137	26.161	20.992	20.664	415.42	415.34
02:33:59	23.599	23.906	24.125	26.0	20.993	20.664	415.42	415.34
02:34:59	23.599	23.905	24.096	26.183	20.994	20.667	415.42	415.34
02:35:59	23.599	23.904	24.073	26.28	20.994	20.663	415.42	415.34
02:36:59	23.599	23.904	24.139	26.684	20.995	20.664	415.42	415.34
02:37:59	23.599	23.904	24.11	27.115	20.994	20.665	415.42	415.34
02:38:59	23.598	23.904	24.089	27.48	20.993	20.667	415.42	415.34
02:39:59	23.598	23.904	24.139	27.351	20.993	20.665	415.42	415.34
02:41:00	23.598	23.904	24.187	26.789	20.992	20.665	415.42	415.34
02:41:59	23.597	23.904	24.252	26.521	20.992	20.662	415.42	415.34
02:43:00	23.597	23.903	24.228	26.188	20.992	20.665	415.42	415.34
02:43:59	0.0	23.903	24.198	25.861	20.995	20.666	415.42	415.34
02:44:59	23.596	23.902	24.174	25.696	20.995	20.667	415.42	415.34
02:45:59	23.594	23.903	24.14	25.649	20.993	20.666	415.42	415.34
02:46:59	23.593	23.901	24.147	25.941	20.993	20.666	415.42	415.34
02:47:59	23.594	23.902	24.161	26.797	20.993	20.661	415.42	415.34
02:48:59	23.593	23.901	24.206	27.433	20.991	20.663	415.42	415.34
02:49:59	23.593	23.898	24.217	27.986	20.992	20.66	415.42	415.34
02:50:59	23.593	23.898	24.237	28.411	20.986	0.0	415.42	415.34
02:51:59	23.594	23.896	24.226	28.77	20.987	20.661	415.42	415.34
02:52:59	23.595	23.896	24.231	28.567	20.988	20.663	415.42	415.34
02:53:59	23.596	23.894	24.23	27.66	20.986	20.664	415.42	415.34
02:54:59	23.596	23.895	24.221	27.235	20.99	20.659	415.42	415.34
02:55:59	23.597	23.895	24.205	27.286	20.99	20.663	415.42	415.34
02:56:59	23.597	23.896	24.193	27.145	20.989	20.661	415.42	415.34
02:57:59	23.597	23.895	24.237	26.966	20.995	20.663	415.42	415.34
02:58:59	23.598	23.896	24.286	26.739	20.998	20.666	415.42	415.34
02:59:59	23.598	23.898	24.229	26.841	20.997	20.668	415.42	415.34
03:00:59	23.599	23.898	24.24	26.727	20.996	20.666	415.42	415.34
03:01:59	23.599	23.899	24.188	26.751	20.997	20.667	415.42	415.34
03:02:59	23.599	23.899	24.146	26.419	20.995	20.667	415.42	415.34
03:03:59	23.599	23.901	24.064	26.254	20.995	20.668	415.42	415.34
03:04:59	23.599	23.901	24.093	26.282	20.996	20.667	415.42	415.34
03:05:59	23.6	23.9	24.12	26.551	20.995	20.665	415.42	415.34
03:06:59	23.6	23.901	24.096	26.263	20.995	20.666	415.42	415.34
03:07:59	23.6	23.899	24.048	26.183	20.993	20.665	415.42	415.34
03:08:59	23.6	23.9	24.037	26.038	20.993	20.665	415.42	415.34
03:09:59	23.6	23.899	24.017	25.872	20.993	20.668	415.42	415.34
03:11:00	23.6	23.901	23.991	25.925	20.995	20.671	415.42	415.34
03:11:59	23.599	23.902	23.974	25.892	20.996	20.668	415.42	415.34
03:12:59	23.599	23.902	24.009	25.89	20.996	20.666	415.42	415.34
03:13:59	23.6	23.902	24.004	25.977	20.998	20.669	415.42	415.34
03:14:59	23.599	23.902	24.003	26.076	20.998	20.671	415.42	415.34
03:15:59	23.6	23.902	24.043	26.044	20.998	20.669	415.42	415.34
03:16:59	23.599	23.903	24.03	26.134	20.998	20.67	415.42	415.34
03:17:59	23.6	23.902	24.057	26.362	20.996	20.667	415.42	415.34
03:18:59	23.599	23.901	24.111	26.794	20.994	20.667	415.42	415.34
03:19:59	23.599	23.902	24.093	27.029	20.994	20.667	415.42	415.34
03:20:59	23.598	23.902	24.068	27.288	20.997	20.67	415.42	415.34
03:21:59	23.597	23.902	24.111	27.293	20.997	20.669	415.42	415.34
03:22:59	23.597	23.9	24.159	26.905	20.997	20.67	415.42	415.34
03:23:59	23.597	23.9	24.197	27.179	20.996	20.672	415.42	415.34
03:24:59	23.596	23.898	24.17	27.099	20.995	20.666	415.42	415.34
03:25:59	23.595	23.898	24.194	27.139	20.997	20.665	415.42	415.34
03:26:59	23.595	23.897	24.241	27.166	20.997	20.665	415.42	415.34
03:28:00	23.595	23.896	24.24	27.273	20.996	20.667	415.42	415.34
03:28:59	0.0	23.896	24.223	27.378	20.996	20.667	415.42	415.34
03:29:59	23.595	23.894	24.205	27.435	20.998	20.668	415.42	415.34
03:31:00	23.595	23.895	24.179	27.606	20.999	20.668	415.42	415.34
03:31:59	23.595	23.894	24.16	27.197	20.997	20.668	415.42	415.34
03:32:59	23.594	23.894	24.114	26.954	20.996	20.667	415.42	415.34
03:33:59	23.596	23.894	24.103	26.789	20.993	20.666	415.42	415.34
03:34:59	23.596	23.892	24.089	27.061	20.995	20.667	415.42	415.34
03:35:59	23.597	23.892	24.107	27.144	20.995	20.667	415.42	415.34
03:36:59	23.597	23.891	24.172	27.173	20.996	20.666	415.42	415.34
03:37:59	23.597	0.0	24.161	27.221	20.997	20.667	415.42	415.34
03:38:59	23.598	23.891	24.167	27.225	20.995	20.669	415.42	415.34
03:39:59	23.597	23.891	24.177	27.259	20.997	20.665	415.42	415.34
03:40:59	23.597	23.891	24.185	27.192	20.996	20.666	415.42	415.34
03:41:59	23.597	23.89	24.168	27.076	20.997	20.668	415.42	415.34
03:42:59	23.597	23.89	24.188	27.149	20.997	20.668	415.42	415.34
03:43:59	23.597	0.0	24.197	27.144	20.995	20.668	415.42	415.34
03:44:59	23.598	23.888	24.202	27.17	20.996	20.667	415.42	415.34
03:45:59	23.597	23.888	24.188	27.2	20.995	20.667	415.42	415.34
03:46:59	23.598	23.887	24.207	27.155	20.995	20.669	415.42	415.34
03:47:59	23.597	23.886	24.211	27.152	20.993	20.667	415.42	415.34
03:48:59	23.597	23.885	24.216	27.174	20.99	20.666	415.42	415.34
03:49:59	23.597	23.884	24.208	26.994	20.992	20.666	415.42	415.34
03:50:59	23.597	23.883	24.192	26.799	20.992	20.665	415.42	415.34
03:51:59	23.596	23.882	24.194	26.958	20.992	20.666	415.42	415.34
03:52:59	23.596	23.882	24.198	26.992	20.993	20.665	415.42	415.34
03:53:59	23.598	23.881	24.161	26.616	20.993	20.669	415.42	415.34
03:54:59	23.597	23.88	24.134	26.38	20.993	20.667	415.42	415.34
03:55:59	23.596	23.881	24.103	26.151	20.992	20.666	415.42	415.34
03:56:59	23.597	23.879	24.094	26.319	20.992	20.669	415.42	415.34
03:57:59	23.597	23.879	24.105	26.672	20.992	20.666	415.42	415.34
03:58:59	23.596	23.879	24.138	26.683	20.992	20.665	415.42	415.34
03:59:59	23.596	23.877	24.156	26.761	20.991	20.666	415.42	415.34
04:00:59	23.596	23.877	24.148	26.617	20.99	20.666	415.42	415.34
04:01:59	23.596	23.876	24.143	26.713	20.988	20.665	415.42	415.34
04:02:59	23.596	23.876	24.114	26.672	20.988	20.668	415.42	415.34
04:03:59	23.595	23.875	24.109	26.408	20.987	20.667	415.42	415.34
04:04:59	23.596	23.874	24.117	26.145	20.987	20.665	415.42	415.34
04:05:59	23.595	23.875	24.099	26.161	20.988	20.667	415.42	415.34
04:06:59	23.593	23.874	24.058	26.157	20.988	20.663	415.42	415.34
04:07:59	23.594	23.872	24.058	26.222	20.986	20.665	415.42	415.34
04:08:59	23.593	23.871	24.089	26.317	20.985	20.665	415.42	415.34
04:09:59	23.594	23.87	24.095	26.443	20.986	20.665	415.42	415.34
04:11:01	23.594	23.868	24.098	26.673	20.982	20.662	415.42	415.34
04:11:59	23.592	23.868	24.136	26.78	20.981	20.665	415.42	415.34
04:12:59	23.593	23.868	24.141	26.883	20.982	20.662	415.42	415.34
04:13:59	23.592	23.866	24.165	26.931	20.984	20.662	415.42	415.34
04:14:59	23.593	23.867	24.234	27.133	20.98	20.664	415.42	415.34
04:15:59	23.593	23.866	24.232	27.668	20.983	20.666	415.42	415.34
04:16:59	23.592	23.866	24.188	27.809	20.983	20.663	415.42	415.34
04:17:59	23.592	23.866	24.153	27.16	20.985	20.662	415.42	415.34
04:18:59	23.592	23.864	24.136	26.82	20.985	20.662	415.42	415.34
04:19:59	23.592	23.866	24.126	26.953	20.985	20.665	415.42	415.34
04:20:59	23.593	23.865	24.135	27.186	20.986	20.664	415.42	415.34
04:21:59	23.592	23.865	24.147	27.37	20.982	20.665	415.42	415.34
04:22:59	23.593	23.864	24.162	27.413	20.982	20.665	415.42	415.34
04:23:59	23.594	23.864	24.217	27.071	20.982	20.666	415.42	415.34
04:24:59	23.593	23.865	24.219	26.976	20.984	20.666	415.42	415.34
04:25:59	23.592	23.864	24.217	26.888	20.985	20.664	415.42	415.34
04:27:00	23.594	23.865	24.127	26.487	20.984	20.664	415.42	415.34
04:27:59	23.592	23.863	24.121	26.505	20.987	20.667	415.42	415.34
04:28:59	23.592	23.864	24.098	26.415	20.985	20.666	415.42	415.34
04:29:59	23.592	23.862	24.058	26.082	20.981	20.664	415.42	415.34
04:30:59	23.591	23.862	24.005	25.886	20.982	20.666	415.42	415.34
04:31:59	23.592	23.86	23.968	25.94	20.982	20.665	415.42	415.34
04:32:59	23.591	23.861	23.867	26.104	20.982	20.665	415.42	415.34
04:33:59	23.591	23.861	23.921	26.264	20.983	20.665	415.42	415.34
04:34:59	23.591	23.862	23.919	26.181	20.985	20.666	415.42	415.34
04:35:59	23.59	23.86	23.917	26.353	20.984	20.663	415.42	415.34
04:36:59	23.59	23.86	23.766	26.102	20.983	20.664	415.42	415.34
04:37:59	23.59	23.858	23.753	26.078	20.982	20.664	415.42	415.34
04:39:00	23.59	23.858	23.842	26.12	20.98	20.663	415.42	415.34
04:39:59	0.0	23.857	23.915	26.293	20.982	20.666	415.42	415.34
04:40:59	23.588	23.856	23.958	26.495	20.985	20.665	415.42	415.34
04:41:59	23.588	23.857	23.972	26.737	20.983	20.666	415.42	415.34
04:42:59	23.589	23.858	24.018	27.164	20.985	20.665	415.42	415.34
04:43:59	23.588	23.858	24.058	27.524	20.987	20.665	415.42	415.34
04:44:59	23.588	23.858	24.066	27.462	20.987	20.668	415.42	415.34
04:45:59	23.588	23.86	24.09	27.47	20.99	20.669	415.42	415.34
04:46:59	23.588	23.86	24.053	27.517	20.991	20.669	415.42	415.34
04:47:59	23.587	23.859	24.117	26.981	20.988	20.669	415.42	415.34
04:48:59	23.586	23.859	24.163	26.674	20.989	20.669	415.42	415.34
04:49:59	23.586	23.858	24.134	26.738	20.987	20.669	415.42	415.34
04:50:59	23.585	23.857	24.121	26.796	20.987	20.668	415.42	415.34
04:51:59	23.585	23.858	24.102	26.94	20.988	20.668	415.42	415.34
04:52:59	23.584	23.857	24.097	27.189	20.986	20.669	415.42	415.34
04:53:59	23.585	23.856	24.119	27.163	20.986	20.669	415.42	415.34
04:54:59	23.584	23.855	24.107	27.255	20.986	20.669	415.42	415.34
04:55:59	23.584	23.856	24.112	27.173	20.986	20.669	415.42	415.34
04:56:59	23.584	23.855	24.128	26.663	20.986	20.667	415.42	415.34
04:57:59	23.584	23.855	24.12	26.326	20.986	20.669	415.42	415.34
04:58:59	23.584	23.855	24.159	26.138	20.984	20.67	415.42	415.34
04:59:59	23.583	23.854	24.134	25.93	20.986	20.67	415.42	415.34
05:00:59	23.584	23.854	24.063	25.724	20.988	20.672	415.42	415.34
05:01:59	23.583	23.853	24.035	25.915	20.986	20.67	415.42	415.34
05:02:59	23.582	23.853	24.073	26.154	20.984	20.671	415.42	415.34
05:03:59	23.582	23.853	24.097	26.371	20.983	20.669	415.42	415.34
05:04:59	23.581	23.851	24.124	26.452	20.982	20.669	415.42	415.34
05:05:59	23.581	23.85	24.103	26.734	20.982	20.668	415.42	415.34
05:06:59	23.581	23.848	24.108	26.848	20.981	20.669	415.42	415.34
05:07:59	23.582	23.846	24.074	27.087	20.982	20.668	415.42	415.34
05:08:59	23.581	23.846	24.042	27.277	20.982	20.669	415.42	415.34
05:09:59	23.582	23.846	24.04	27.393	20.984	20.668	415.42	415.34
05:10:59	23.58	23.844	24.053	27.611	20.982	20.668	415.42	415.34
05:11:59	23.581	23.844	24.058	27.864	20.98	20.668	415.42	415.34
05:12:59	23.58	23.844	24.057	28.048	20.978	20.669	415.42	415.34
05:13:59	23.581	23.843	24.072	27.723	20.981	20.669	415.42	415.34
05:14:59	23.58	23.841	24.026	27.361	20.98	20.667	415.42	415.34
05:15:59	23.581	23.84	23.959	27.054	20.978	20.668	415.42	415.34
05:16:59	23.58	23.84	23.913	26.93	20.977	20.667	415.42	415.34
05:17:59	23.581	23.84	23.899	26.974	20.98	20.669	415.42	415.34
05:18:59	23.582	23.838	23.959	26.91	20.98	20.67	415.42	415.34
05:19:59	23.582	23.837	24.024	26.613	20.98	20.666	415.42	415.34
05:20:59	23.582	23.837	24.015	26.418	20.981	20.67	415.42	415.34
05:21:59	23.582	23.837	23.937	26.352	20.979	20.668	415.42	415.34
05:22:59	23.582	23.837	23.986	26.453	20.981	20.668	415.42	415.34
05:23:59	23.582	23.837	23.981	26.439	20.979	20.67	415.42	415.34
05:24:59	23.582	23.838	23.911	26.366	20.981	20.669	415.42	415.34
05:25:59	23.582	23.836	23.915	26.458	20.981	20.667	415.42	415.34
05:26:59	23.583	23.834	23.899	26.414	20.98	20.669	415.42	415.34
05:28:00	23.583	23.833	23.908	26.243	20.976	20.667	415.42	415.34
05:28:59	23.582	23.832	23.924	26.322	20.978	20.666	415.42	415.34
05:29:59	23.582	23.831	23.991	26.573	20.974	20.667	415.42	415.34
05:30:59	23.582	23.83	23.931	26.638	20.972	20.666	415.42	415.34
05:31:59	23.581	23.828	23.97	27.021	20.975	20.667	415.42	415.34
05:32:59	23.581	23.828	24.098	27.287	20.973	20.664	415.42	415.34
05:33:59	23.581	23.827	24.123	27.37	20.976	20.668	415.42	415.34
05:34:59	23.581	23.828	24.071	27.695	20.979	20.668	415.42	415.34
05:35:59	23.581	23.827	24.074	27.816	20.983	20.668	415.42	415.34
05:37:01	23.579	23.828	24.056	27.843	20.983	20.669	415.42	415.34
05:37:59	23.579	23.827	24.059	27.569	20.978	20.669	415.42	415.34
05:38:59	23.579	23.825	24.043	26.987	20.976	20.67	415.42	415.34
05:39:59	23.579	23.825	24.019	26.606	20.978	20.67	415.42	415.34
05:40:59	23.578	23.824	23.983	26.526	20.974	20.667	415.42	415.34
05:41:59	23.576	23.821	23.984	26.424	20.974	20.668	415.42	415.34
05:42:59	23.576	23.821	23.975	26.553	20.978	20.67	415.42	415.34
05:43:59	23.576	23.822	23.98	26.603	20.976	20.667	415.42	415.34
05:44:59	23.576	23.82	23.975	26.609	20.975	20.666	415.42	415.34
05:45:59	23.575	23.819	23.982	26.716	20.977	20.667	415.42	415.34
05:47:01	23.575	23.819	23.969	26.817	20.975	20.666	415.42	415.34
05:47:59	23.575	23.82	23.953	26.807	20.977	20.669	415.42	415.34
05:49:00	23.575	23.82	23.959	26.912	20.977	20.667	415.42	415.34
05:49:59	23.574	23.819	23.966	27.027	20.976	20.668	415.42	415.34
05:50:59	23.576	23.82	23.985	27.116	20.975	20.669	415.42	415.34
05:51:59	23.573	23.818	23.996	27.039	20.977	20.668	415.42	415.34
05:52:59	23.574	23.818	24.009	26.94	20.978	20.669	415.42	415.34
05:53:59	23.574	23.818	24.03	26.788	20.977	20.671	415.42	415.34
05:54:59	23.572	23.817	24.045	26.648	20.979	20.668	415.42	415.34
05:55:59	23.572	23.816	24.019	26.54	20.977	20.668	415.42	415.34
05:56:59	23.571	23.816	24.0	26.664	20.976	20.67	415.42	415.34
05:57:59	23.571	23.814	23.991	26.945	20.975	20.669	415.42	415.34
05:58:59	23.571	23.813	23.976	27.15	20.974	20.669	415.42	415.34
05:59:59	23.57	23.814	23.967	27.154	20.974	20.668	415.42	415.34
06:01:00	23.57	0.0	23.982	27.134	20.975	20.669	415.42	415.34
06:01:59	23.569	23.813	23.968	27.339	20.976	20.67	415.42	415.34
06:02:59	23.569	23.812	23.99	27.478	20.977	20.669	415.42	415.34
06:03:59	23.57	23.812	24.003	27.713	20.977	20.671	415.42	415.34
06:04:59	23.57	23.812	23.995	27.848	20.975	20.67	415.42	415.34
06:05:59	23.57	23.812	23.992	27.939	20.974	20.67	415.42	415.34
06:06:59	23.568	23.81	24.004	27.933	20.977	20.671	415.42	415.34
06:07:59	23.567	23.81	24.016	27.646	20.978	20.67	415.42	415.34
06:08:59	23.567	23.808	23.938	27.178	20.978	20.669	415.42	415.34
06:09:59	23.569	23.81	23.882	27.206	20.981	20.671	415.42	415.34
06:10:59	23.57	23.809	23.864	27.122	20.979	20.673	415.42	415.34
06:11:59	23.569	23.809	23.881	27.145	20.976	20.669	415.42	415.34
06:12:59	23.569	23.809	23.871	26.987	20.976	20.67	415.42	415.34
06:14:00	23.568	23.81	23.872	26.952	20.977	20.673	415.42	415.34
06:14:59	23.568	23.809	23.841	26.869	20.977	20.672	415.42	415.34
06:15:59	23.569	23.808	23.824	26.749	20.975	20.668	415.42	415.34
06:16:59	23.569	23.806	23.8	26.55	20.975	20.671	415.42	415.34
06:17:59	23.567	23.805	23.757	25.777	20.974	20.671	415.42	415.34
06:18:59	23.568	23.805	23.645	25.318	20.975	20.67	415.42	415.34
06:19:59	23.568	23.803	23.58	25.127	20.974	20.67	415.42	415.34
06:20:59	23.568	23.805	23.524	25.085	20.976	20.671	415.42	415.34
06:21:59	23.569	23.804	23.457	25.087	20.98	20.671	415.42	415.34
06:22:59	23.569	23.805	23.394	25.072	20.979	20.671	415.42	415.34
06:24:00	23.57	23.806	23.328	24.965	20.981	20.673	415.42	415.34
06:24:59	23.57	23.81	23.283	24.957	20.983	20.672	415.42	415.34
06:26:00	23.568	23.807	23.251	24.819	20.976	20.67	415.42	415.34
06:27:00	23.567	23.805	23.203	24.699	20.974	20.671	415.42	415.34
06:27:59	23.566	23.804	23.19	24.681	20.974	20.67	415.42	415.34
06:28:59	23.567	23.804	23.157	24.801	20.978	20.672	415.42	415.34
06:29:59	23.567	23.806	23.219	24.959	20.979	20.673	415.42	415.34
06:30:59	23.564	23.805	23.388	25.005	20.978	20.671	415.42	415.34
06:32:00	23.565	23.805	23.456	25.169	20.976	20.672	415.42	415.34
06:32:59	23.564	23.803	23.465	25.515	20.975	20.671	415.42	415.34
06:33:59	23.564	23.803	23.534	25.913	20.975	20.67	415.42	415.34
06:34:59	23.563	23.801	23.566	26.265	20.979	20.67	415.42	415.34
06:35:59	23.563	23.801	23.639	26.135	20.979	20.672	415.42	415.34
06:36:59	23.563	23.8	23.679	26.174	20.978	20.672	415.42	415.34
06:38:00	23.562	23.8	23.621	26.566	20.978	20.673	415.42	415.34
06:38:59	23.562	23.799	23.621	27.047	20.981	20.672	415.42	415.34
06:39:59	23.562	23.798	23.632	27.593	20.98	20.67	415.42	415.34
06:40:59	23.562	23.798	23.662	27.98	20.978	20.671	415.42	415.34
06:41:59	23.561	23.798	23.688	27.961	20.982	20.672	415.42	415.34
06:43:00	23.561	23.796	23.712	27.795	20.981	20.672	415.42	415.34
06:44:00	23.56	23.794	23.752	27.472	20.976	20.669	415.42	415.34
06:45:00	23.56	23.794	23.721	27.315	20.974	20.671	415.42	415.34
06:46:00	23.558	23.792	23.704	27.337	20.974	20.672	415.42	415.34
06:47:00	23.56	23.794	23.685	27.545	20.979	20.671	415.42	415.34
06:47:59	23.56	23.793	23.689	27.759	20.979	20.67	415.42	415.34
06:48:59	23.558	23.793	23.692	27.964	20.977	20.67	415.42	415.34
06:49:59	23.558	23.791	23.711	28.139	20.978	20.671	415.42	415.34
06:50:59	23.558	23.791	23.739	28.176	20.978	20.671	415.42	415.34
06:51:59	23.559	23.793	23.76	28.176	20.979	20.671	415.42	415.34
06:53:00	23.558	23.792	23.773	28.311	20.981	20.673	415.42	415.34
06:53:59	23.558	23.794	23.796	28.159	20.981	20.675	415.42	415.34
06:54:59	23.558	23.794	23.751	27.303	20.98	20.672	415.42	415.34
06:55:59	23.557	23.793	23.702	26.719	20.979	20.675	415.42	415.34
06:57:00	23.557	23.791	23.645	26.271	20.98	20.674	415.42	415.34
06:57:59	23.559	23.794	23.632	25.765	20.981	20.674	415.42	415.34
06:58:59	23.557	23.794	23.576	25.376	20.983	20.676	415.42	415.34
06:59:59	23.556	23.792	23.521	25.318	20.98	20.675	415.42	415.34
07:00:59	23.557	23.792	23.479	25.508	20.98	20.674	415.42	415.34
07:01:59	23.557	23.79	23.452	25.646	20.979	20.675	415.42	415.34
07:02:59	23.557	23.791	23.44	25.786	20.98	20.674	415.42	415.34
07:04:00	23.556	23.791	23.439	26.105	20.978	20.676	415.42	415.34
07:04:59	23.555	23.786	23.487	26.124	20.974	20.673	415.42	415.34
07:05:59	23.556	23.785	23.48	26.152	20.978	20.674	415.42	415.34
07:06:59	23.555	23.785	23.471	26.322	20.976	20.672	415.42	415.34
07:07:59	23.556	23.785	23.508	26.605	20.978	20.673	415.42	415.34
07:09:00	23.555	23.785	23.615	26.958	20.981	20.677	415.42	415.34
07:09:59	23.555	23.786	23.684	26.986	20.983	20.678	415.42	415.34
07:10:59	23.555	23.787	23.757	27.044	20.982	20.675	415.42	415.34
07:11:59	23.553	23.786	23.778	27.194	20.981	20.677	415.42	415.34
07:13:00	23.553	23.784	23.789	26.959	20.979	20.676	415.42	415.34
07:14:00	23.552	23.784	23.768	26.653	20.981	20.679	415.42	415.34
07:15:01	23.551	23.782	23.785	26.196	20.982	20.679	415.42	415.34
07:15:59	23.552	23.783	23.797	25.938	20.986	20.68	415.42	415.34
07:16:59	23.551	23.782	23.856	25.932	20.983	20.679	415.42	415.34
07:17:59	23.551	23.781	23.844	26.136	20.981	20.679	415.42	415.34
07:18:59	23.55	23.781	23.826	26.449	20.982	20.676	415.42	415.34
07:19:59	23.55	23.781	23.787	27.106	20.985	20.681	415.42	415.34
07:20:59	23.549	23.781	23.795	27.697	20.984	20.678	415.42	415.34
07:21:59	23.549	23.781	23.839	27.963	20.983	20.68	415.42	415.34
07:22:59	23.548	23.778	23.858	28.11	20.979	20.679	415.42	415.34
07:24:00	23.547	23.776	23.881	28.227	20.981	20.678	415.42	415.34
07:24:59	23.547	23.776	23.886	28.043	20.982	20.678	415.42	415.34
07:26:00	23.547	23.775	23.922	27.956	20.983	20.681	415.42	415.34
07:26:59	23.546	23.774	23.909	27.356	20.98	20.677	415.42	415.34
07:28:00	23.546	23.773	23.839	27.238	20.98	20.678	415.42	415.34
07:29:00	23.546	23.771	23.799	27.049	20.978	20.675	415.42	415.34
07:30:00	23.544	23.769	23.779	27.281	20.977	20.671	415.42	415.34
07:30:59	23.545	23.766	23.804	27.253	20.982	20.677	415.42	415.34
07:31:59	23.545	23.769	23.858	27.293	20.982	20.678	415.42	415.34
07:32:59	23.546	23.766	23.839	27.035	20.979	20.677	415.42	415.34
07:33:59	23.546	23.767	23.867	26.91	20.981	20.678	415.42	415.34
07:35:00	23.546	23.766	23.882	26.736	20.982	20.678	415.42	415.34
07:36:00	23.547	23.766	23.867	26.524	20.982	20.677	415.42	415.34
07:36:59	23.544	23.764	23.797	26.353	20.975	20.674	415.42	415.34
07:38:00	23.544	23.762	23.7	26.414	20.976	20.675	415.42	415.34
07:38:59	23.545	23.763	23.722	26.733	20.982	20.681	415.42	415.34
07:40:00	23.545	23.763	23.773	26.839	20.984	20.681	415.42	415.34
07:41:00	23.545	23.763	23.861	27.108	20.982	20.68	415.42	415.34
07:41:59	23.545	23.761	23.893	27.242	20.979	20.68	415.42	415.34
07:43:00	23.545	23.761	23.978	27.285	20.978	20.675	415.42	415.34
07:44:00	23.545	23.761	24.002	27.192	20.979	20.68	415.42	415.34
07:44:59	23.544	23.761	23.991	27.007	20.98	20.681	415.42	415.34
07:45:59	23.544	23.76	23.978	27.064	20.978	20.679	415.42	415.34
07:46:59	23.544	23.757	23.968	27.317	20.978	20.68	415.42	415.34
07:47:59	23.543	23.756	23.949	27.624	20.973	20.676	415.42	415.34
07:49:00	23.542	23.752	23.96	27.885	20.97	20.674	415.42	415.34
07:49:59	23.543	23.75	23.953	27.733	20.975	20.676	415.42	415.34
07:50:59	23.542	23.751	23.918	27.757	20.977	20.678	415.42	415.34
07:51:59	23.541	23.752	23.919	27.894	20.973	20.676	415.42	415.34
07:52:59	23.541	23.749	23.907	27.775	20.974	20.679	415.42	415.34
07:54:00	23.541	23.75	23.943	27.744	20.974	20.677	415.42	415.34
07:54:59	23.541	23.751	23.982	27.736	20.976	20.679	415.42	415.34
07:55:59	23.54	23.749	24.026	27.708	20.974	20.677	415.42	415.34
07:56:59	23.54	23.748	24.021	27.702	20.973	20.677	415.42	415.34
07:57:59	23.54	23.749	24.041	27.702	20.976	20.679	415.42	415.34
07:59:00	23.539	23.747	23.988	27.576	20.976	20.677	415.42	415.34
07:59:59	23.539	23.745	23.969	27.537	20.977	20.678	415.42	415.34
08:01:00	23.539	23.746	23.978	27.612	20.978	20.675	415.42	415.34
08:02:00	23.539	23.746	23.994	27.468	20.979	20.679	415.42	415.34
08:02:59	23.54	23.746	24.009	27.522	20.978	20.679	415.42	415.34
08:03:59	23.541	23.745	24.125	27.198	20.98	20.679	415.42	415.34
08:05:01	23.54	23.748	24.172	26.975	20.981	20.679	415.42	415.34
08:06:00	23.539	23.746	24.029	26.746	20.977	20.678	415.42	415.34
08:06:59	23.539	23.746	23.937	26.68	20.977	20.68	415.42	415.34
08:08:00	23.539	23.745	23.946	26.783	20.982	20.678	415.42	415.34
08:08:59	23.539	23.745	23.927	27.002	20.982	20.68	415.42	415.34
08:10:00	23.538	23.746	23.923	27.213	20.981	20.682	415.42	415.34
08:10:59	23.539	23.746	23.968	27.598	20.98	20.678	415.42	415.34
08:12:00	23.539	23.747	24.088	27.553	20.981	20.682	415.42	415.34
08:13:00	23.539	23.747	24.114	27.518	20.98	20.68	415.42	415.34
08:14:00	23.539	23.747	24.167	27.433	20.98	20.681	415.42	415.34
08:15:01	23.538	23.746	24.204	27.459	20.98	20.681	415.42	415.34
08:16:00	0.0	23.745	24.226	27.359	20.98	20.681	415.42	415.34
08:17:00	23.538	23.744	24.2	27.247	20.98	20.678	415.42	415.34
08:18:02	23.538	23.743	24.168	27.144	20.98	20.683	415.42	415.34
08:19:00	23.537	23.743	24.126	27.184	20.981	20.681	415.42	415.34
08:20:00	23.536	23.742	24.089	27.444	20.98	20.678	415.42	415.34
08:21:00	23.538	23.743	24.063	27.499	20.981	20.681	415.42	415.34
08:22:00	23.537	23.744	24.15	27.59	20.982	20.682	415.42	415.34
08:23:00	23.537	23.744	24.17	27.712	20.984	20.683	415.42	415.34
08:24:00	23.537	23.742	24.185	27.767	20.984	20.68	415.42	415.34
08:25:00	23.536	23.742	24.173	27.99	20.982	20.68	415.42	415.34
08:26:00	23.537	23.741	24.234	27.85	20.984	20.681	415.42	415.34
08:27:00	23.536	23.739	24.2	27.924	20.982	20.68	415.42	415.34
08:28:00	23.536	23.74	24.211	27.853	20.984	20.682	415.42	415.34
08:29:00	23.536	23.739	24.206	27.945	20.984	20.681	415.42	415.34
08:30:00	23.536	23.739	24.267	27.928	20.984	20.681	415.42	415.34
08:31:00	23.535	23.737	24.264	27.818	20.983	20.68	415.42	415.34
08:32:00	23.535	23.737	24.325	27.512	20.984	20.68	415.42	415.34
08:33:00	23.535	23.736	24.32	27.493	20.981	20.679	415.42	415.34
08:34:02	23.535	23.736	24.313	27.398	20.984	20.679	415.42	415.34
08:35:00	23.534	23.736	24.289	27.455	20.984	20.682	415.42	415.34
08:36:00	23.533	23.736	24.316	27.345	20.986	20.681	415.42	415.34
08:37:00	23.535	23.736	24.323	27.017	20.985	20.679	415.42	415.34
08:38:00	23.534	23.735	24.266	26.667	20.984	20.679	415.42	415.34
08:39:00	23.532	23.735	24.247	26.386	20.985	20.681	415.42	415.34
08:40:00	23.534	23.735	24.191	26.2	20.987	20.681	415.42	415.34
08:41:00	23.532	23.735	24.099	26.686	20.984	20.68	415.42	415.34
08:42:00	23.532	23.734	24.073	26.902	20.986	20.681	415.42	415.34
08:43:00	23.531	23.734	24.081	27.174	20.987	20.681	415.42	415.34
08:44:00	23.533	23.733	24.126	27.262	20.984	20.681	415.42	415.34
08:45:00	23.532	23.733	24.173	27.493	20.984	20.681	415.42	415.34
08:46:00	23.532	23.732	24.148	27.814	20.981	20.681	415.42	415.34
08:47:00	23.531	23.734	24.253	27.66	20.986	20.683	415.42	415.34
08:48:00	23.532	23.733	24.3	27.807	20.986	20.682	415.42	415.34
08:49:00	23.531	23.735	24.252	27.653	20.988	20.682	415.42	415.34
08:50:00	23.532	23.735	24.2	26.992	20.987	20.685	415.42	415.34
08:51:00	23.532	23.734	24.147	26.581	20.99	20.685	415.42	415.34
08:52:00	23.531	23.735	24.083	26.233	20.989	20.686	415.42	415.34
08:53:00	23.532	23.736	24.028	26.26	20.991	20.685	415.42	415.34
08:54:00	23.531	23.736	24.052	26.808	20.993	20.686	415.42	415.34
08:55:01	23.532	23.737	24.107	27.075	20.992	20.685	415.42	415.34
08:56:00	0.0	23.737	24.136	27.295	20.995	20.687	415.42	415.34
08:57:00	23.532	23.737	24.169	27.285	20.993	20.685	415.42	415.34
08:58:00	23.531	23.736	24.143	27.395	20.994	20.686	415.42	415.34
08:59:00	23.532	23.736	24.13	27.379	20.993	20.686	415.42	415.34
09:00:03	23.531	23.735	24.131	27.241	20.993	20.686	415.42	415.34
09:01:00	23.531	23.736	24.16	27.222	20.994	20.686	415.42	415.34
09:02:00	23.53	23.737	24.166	27.144	20.995	20.688	415.42	415.34
09:03:00	23.531	23.737	24.102	26.741	20.995	20.686	415.42	415.34
09:04:00	23.531	23.736	24.0	26.469	20.998	20.686	415.42	415.34
09:05:00	23.531	23.737	24.021	26.564	20.997	20.689	415.42	415.34
09:06:00	23.53	23.735	24.062	26.677	20.996	20.687	415.42	415.34
09:07:00	23.531	23.737	24.028	26.734	20.996	20.688	415.42	415.34
09:08:00	23.53	23.736	24.001	26.733	20.997	20.687	415.42	415.34
09:09:00	23.53	23.735	23.993	26.81	20.998	20.69	415.42	415.34
09:10:00	23.53	23.737	23.992	26.92	20.997	20.689	415.42	415.34
09:11:00	23.53	23.737	23.989	27.294	20.999	20.689	415.42	415.34
09:12:00	23.53	23.736	23.996	27.409	20.996	20.687	415.42	415.34
09:13:00	23.529	23.736	23.999	27.245	20.995	20.689	415.42	415.34
09:14:00	23.529	23.736	24.04	27.167	20.996	20.688	415.42	415.34
09:15:00	23.528	23.734	24.05	26.909	20.998	20.687	415.42	415.34
09:16:00	23.528	23.734	24.067	26.68	20.999	20.689	415.42	415.34
09:17:00	23.527	23.734	24.061	26.553	20.997	20.687	415.42	415.34
09:18:00	23.527	23.733	24.059	26.693	20.999	20.689	415.42	415.34
09:19:00	23.526	23.733	24.111	26.824	20.997	20.687	415.42	415.34
09:20:00	23.527	23.732	24.168	27.221	20.998	20.689	415.42	415.34
09:21:00	23.526	23.732	24.137	27.659	20.999	20.69	415.42	415.34
09:22:00	23.524	23.733	24.134	28.046	21.0	20.688	415.42	415.34
09:23:00	23.525	23.73	24.11	27.813	21.001	20.688	415.42	415.34
09:24:00	23.525	23.732	24.095	27.055	21.001	20.69	415.42	415.34
09:25:00	23.526	23.731	24.084	26.568	21.003	20.691	415.42	415.34
09:26:00	23.526	23.731	24.056	26.816	21.002	20.69	415.42	415.34
09:27:00	23.526	23.73	24.063	26.841	21.002	20.691	415.42	415.34
09:28:00	23.525	23.73	24.082	27.032	21.002	20.69	415.42	415.34
09:29:00	23.525	23.729	24.09	27.176	21.0	20.688	415.42	415.34
09:30:00	23.526	23.73	24.101	27.122	20.997	20.692	415.42	415.34
09:31:00	23.526	23.729	24.119	27.219	21.0	20.687	415.42	415.34
09:32:00	23.525	23.729	24.121	27.111	21.001	20.69	415.42	415.34
09:33:00	23.524	23.728	24.131	27.165	21.001	20.689	415.42	415.34
09:34:00	23.524	23.728	24.12	27.229	21.001	20.69	415.42	415.34
09:35:00	23.524	23.728	24.113	27.105	21.001	20.69	415.42	415.34
09:36:00	23.525	23.727	24.099	26.935	21.002	20.691	415.42	415.34
09:37:00	23.524	23.726	24.094	26.777	21.001	20.692	415.42	415.34
09:38:00	23.525	23.726	24.072	26.698	21.003	20.69	415.42	415.34
09:39:01	23.525	23.727	24.013	26.61	21.002	20.689	415.42	415.34
09:40:00	0.0	23.727	24.012	26.868	21.001	20.692	415.42	415.34
09:41:00	23.524	23.727	24.053	27.062	21.001	20.692	415.42	415.34
09:42:00	23.525	23.726	24.071	27.122	21.002	20.691	415.42	415.34
09:43:00	23.524	23.726	24.07	26.825	21.001	20.692	415.42	415.34
09:44:00	23.523	23.726	24.05	26.72	21.002	20.691	415.42	415.34
09:45:00	23.523	23.724	24.043	26.573	21.001	20.693	415.42	415.34
09:46:00	23.523	23.727	24.052	26.582	21.003	20.694	415.42	415.34
09:47:00	23.523	23.726	24.037	26.732	21.001	20.693	415.42	415.34
09:48:00	23.524	23.727	24.047	26.804	21.002	20.692	415.42	415.34
09:49:00	23.524	23.725	24.067	26.87	21.003	20.693	415.42	415.34
09:50:00	23.523	23.727	24.088	26.942	21.002	20.694	415.42	415.34
09:51:00	23.523	23.728	24.107	27.07	21.003	20.694	415.42	415.34
09:52:00	23.524	23.727	24.171	27.09	21.004	20.695	415.42	415.34
09:53:00	23.523	23.725	24.162	26.914	21.004	20.694	415.42	415.34
09:54:00	23.522	23.725	24.155	26.88	21.005	20.693	415.42	415.34
09:55:00	23.523	23.724	24.142	26.943	21.004	20.694	415.42	415.34
09:56:00	23.524	23.724	24.151	26.795	21.003	20.694	415.42	415.34
09:57:00	23.522	23.722	24.146	26.591	21.002	20.694	415.42	415.34
09:58:00	23.523	23.723	24.12	26.275	21.004	20.692	415.42	415.34
09:59:00	23.523	23.722	24.12	26.223	21.003	20.694	415.42	415.34
10:00:00	23.523	23.722	24.104	26.537	21.001	20.692	415.42	415.34
10:01:01	23.523	23.723	24.098	26.868	21.002	20.693	415.42	415.34
10:02:00	23.522	23.721	24.099	27.172	21.001	20.692	415.42	415.34
10:03:00	23.522	23.721	24.128	27.173	21.002	20.693	415.42	415.34
10:04:00	23.522	23.725	24.14	27.023	21.001	20.691	415.42	415.34
10:05:00	23.522	23.727	24.115	26.747	21.002	20.693	415.42	415.34
10:06:01	23.522	23.728	24.018	26.534	21.002	20.693	415.42	415.34
10:07:00	23.521	23.728	24.028	26.277	21.003	20.692	415.42	415.34
10:08:00	23.522	23.729	23.969	26.338	21.003	20.692	415.42	415.34
10:09:00	23.521	23.727	23.959	26.141	21.002	20.691	415.42	415.34
10:10:00	23.521	23.726	23.953	26.256	20.999	20.693	415.42	415.34
10:11:02	23.521	23.725	23.985	26.678	21.002	20.689	415.42	415.34
10:12:00	23.522	23.726	24.043	26.799	21.003	20.694	415.42	415.34
10:13:02	23.521	23.724	24.072	26.909	21.007	20.694	415.42	415.34
10:14:00	23.52	23.724	24.07	27.095	21.003	20.692	415.42	415.34
10:15:00	23.52	23.723	24.053	27.267	21.001	20.692	415.42	415.34
10:16:00	23.52	23.723	24.051	27.543	21.001	20.694	415.42	415.34
10:17:00	23.52	23.722	24.069	27.725	21.002	20.692	415.42	415.34
10:18:00	23.519	23.723	24.069	27.582	21.003	20.694	415.42	415.34
10:19:00	23.519	0.0	24.119	27.112	21.004	20.693	415.42	415.34
10:20:00	23.519	23.721	24.135	26.944	21.006	20.693	415.42	415.34
10:21:00	23.519	23.722	24.132	26.849	21.006	20.691	415.42	415.34
10:22:00	23.519	23.723	24.144	26.931	21.005	20.694	415.42	415.34
10:23:00	23.519	23.723	24.13	27.134	21.007	20.694	415.42	415.34
10:24:00	23.518	23.723	24.137	27.181	21.005	20.694	415.42	415.34
10:25:00	23.518	23.724	24.134	26.939	21.006	20.694	415.42	415.34
10:26:00	23.518	23.724	24.131	26.505	21.007	20.696	415.42	415.34
10:27:00	23.519	23.724	24.127	26.313	21.006	20.694	415.42	415.34
10:28:00	23.519	23.723	24.105	26.414	21.009	20.699	415.42	415.34
10:29:00	23.519	23.726	24.123	26.963	21.013	20.696	415.42	415.34
10:30:00	23.518	23.726	24.139	26.817	21.011	20.697	415.42	415.34
10:31:00	23.519	23.727	24.088	26.673	21.008	20.695	415.42	415.34
10:32:00	23.519	23.726	24.005	26.427	21.006	20.698	415.42	415.34
10:33:00	23.519	23.726	23.988	26.473	21.005	20.697	415.42	415.34
10:34:00	23.519	23.727	23.976	26.572	21.006	20.697	415.42	415.34
10:35:00	23.519	23.727	24.004	26.698	21.006	20.698	415.42	415.34
10:36:00	23.519	23.727	24.044	26.452	21.008	20.692	415.42	415.34
10:37:00	23.519	23.725	23.951	26.448	21.007	20.694	415.42	415.34
10:38:00	23.518	23.726	23.916	26.148	21.007	20.697	415.42	415.34
10:39:00	23.518	23.726	23.898	26.026	21.006	20.699	415.42	415.34
10:40:00	23.517	23.725	23.892	26.242	21.006	20.699	415.42	415.34
10:41:00	23.518	23.725	23.915	26.425	21.006	20.697	415.42	415.34
10:42:00	23.518	23.726	23.944	26.833	21.007	20.692	415.42	415.34
10:43:00	23.518	23.726	23.959	27.017	21.01	20.696	415.42	415.34
10:44:00	23.518	23.726	23.968	27.434	21.009	20.697	415.42	415.34
10:45:00	23.518	23.726	23.949	27.371	21.009	20.698	415.42	415.34
10:46:00	23.518	23.725	23.958	27.477	21.009	20.698	415.42	415.34
10:47:00	23.518	23.724	23.991	27.322	21.008	20.695	415.42	415.34
10:48:00	23.517	23.724	24.056	27.351	21.009	20.697	415.42	415.34
10:49:00	23.517	23.724	24.042	27.084	21.008	20.697	415.42	415.34
10:50:00	23.518	23.725	24.033	27.036	21.008	20.698	415.42	415.34
10:51:00	23.517	23.725	24.042	26.928	21.009	20.697	415.42	415.34
10:52:00	23.517	23.725	24.062	26.855	21.009	20.697	415.42	415.34
10:53:00	23.517	23.724	24.094	26.953	21.01	20.697	415.42	415.34
10:54:00	23.516	23.723	24.096	26.959	21.009	20.696	415.42	415.34
10:55:00	23.517	23.725	24.112	26.836	21.008	20.697	415.42	415.34
10:56:00	23.517	23.725	24.093	26.678	21.008	20.697	415.42	415.34
10:57:00	23.517	23.724	24.082	26.783	21.009	20.696	415.42	415.34
10:58:00	23.516	23.724	24.095	27.129	21.01	20.698	415.42	415.34
10:59:00	23.516	23.726	24.111	27.402	21.013	20.698	415.42	415.34
11:00:00	23.517	23.726	24.138	27.47	21.011	20.698	415.42	415.34
11:01:00	23.516	23.727	24.157	27.452	21.01	20.699	415.42	415.34
11:02:00	23.516	23.726	24.175	27.158	21.01	20.697	415.42	415.34
11:03:00	23.516	23.726	24.165	26.824	21.009	20.7	415.42	415.34
11:04:00	23.517	23.729	24.121	26.435	21.009	20.698	415.42	415.34
11:05:00	23.516	23.728	24.063	26.125	21.01	20.699	415.42	415.34
11:06:00	23.517	23.728	24.026	25.961	21.012	20.699	415.42	415.34
11:07:00	23.515	23.728	23.977	26.352	21.013	20.699	415.42	415.34
11:08:00	23.516	23.727	23.946	26.491	21.014	20.698	415.42	415.34
11:09:02	23.515	23.727	23.987	26.597	21.009	20.701	415.42	415.34
11:10:00	23.516	23.727	23.971	26.705	21.008	20.699	415.42	415.34
11:11:00	23.517	23.727	23.944	26.613	21.008	20.698	415.42	415.34
11:12:00	23.516	23.727	23.899	26.589	21.009	20.7	415.42	415.34
11:13:02	23.515	23.728	23.911	26.42	21.011	20.697	415.42	415.34
11:14:00	23.515	23.728	23.918	26.227	21.01	20.698	415.42	415.34
11:15:00	23.515	23.727	23.928	26.525	21.011	20.698	415.42	415.34
11:16:00	23.516	23.728	23.972	26.808	21.01	20.698	415.42	415.34
11:17:00	23.515	23.727	24.0	27.007	21.01	20.7	415.42	415.34
11:18:00	23.515	23.728	24.019	27.274	21.011	20.698	415.42	415.34
11:19:00	23.516	23.728	23.993	27.77	21.015	20.7	415.42	415.34
11:20:00	23.517	23.729	23.996	28.077	21.015	20.701	415.42	415.34
11:21:00	23.517	23.731	24.033	28.037	21.015	20.701	415.42	415.34
11:22:00	23.517	23.731	24.058	27.291	21.015	20.703	415.42	415.34
11:23:01	23.517	23.731	24.021	26.891	21.015	20.703	415.42	415.34
11:24:00	23.516	23.734	24.006	26.607	21.016	20.705	415.42	415.34
11:25:00	23.518	23.733	23.986	26.49	21.015	20.7	415.42	415.34
11:26:00	23.517	23.734	23.957	26.75	21.015	20.704	415.42	415.34
11:27:01	23.517	23.734	23.966	27.053	21.015	20.704	415.42	415.34
11:28:00	23.516	23.733	23.955	26.765	21.016	20.702	415.42	415.34
11:29:00	23.517	23.734	23.895	26.712	21.017	20.704	415.42	415.34
11:30:00	23.517	23.733	23.922	26.866	21.017	20.702	415.42	415.34
11:31:00	23.518	23.734	23.923	26.96	21.017	20.705	415.42	415.34
11:32:00	23.518	23.733	23.967	27.063	21.017	20.707	415.42	415.34
11:33:00	23.517	23.734	23.93	26.797	21.018	20.706	415.42	415.34
11:34:00	23.518	23.735	23.873	26.676	21.02	20.703	415.42	415.34
11:35:00	23.517	23.735	23.859	26.419	21.02	20.705	415.42	415.34
11:36:00	23.518	23.737	23.848	26.25	21.02	20.706	415.42	415.34
11:37:00	23.518	23.738	23.877	26.558	21.019	20.705	415.42	415.34
11:38:00	23.517	23.737	23.884	26.918	21.019	20.707	415.42	415.34
11:39:01	23.519	23.737	23.944	26.946	21.021	20.707	415.42	415.34
11:40:00	23.519	23.738	23.925	26.79	21.019	20.706	415.42	415.34
11:41:00	23.518	23.737	23.919	26.993	21.019	20.706	415.42	415.34
11:42:00	23.518	23.737	23.905	26.982	21.016	20.706	415.42	415.34
11:43:00	23.517	23.737	23.9	27.081	21.018	20.704	415.42	415.34
11:44:00	23.518	23.736	23.913	26.762	21.018	20.706	415.42	415.34
11:45:00	23.517	23.736	23.938	26.722	21.018	20.705	415.42	415.34
11:46:00	23.516	23.735	23.972	26.734	21.018	20.703	415.42	415.34
11:47:00	23.516	23.735	23.983	26.881	21.018	20.705	415.42	415.34
11:48:00	23.517	23.734	24.026	26.849	21.017	20.703	415.42	415.34
11:49:00	23.517	23.734	24.048	26.817	21.015	20.707	415.42	415.34
11:50:00	23.517	23.734	24.063	26.904	21.013	20.706	415.42	415.34
11:51:02	23.515	23.734	24.071	27.047	21.015	20.705	415.42	415.34
11:52:00	23.516	23.733	24.072	27.136	21.015	20.705	415.42	415.34
11:53:00	23.515	23.732	24.063	27.158	21.017	20.704	415.42	415.34
11:54:00	23.515	23.731	24.08	27.277	21.017	20.705	415.42	415.34
11:55:00	23.515	23.731	24.106	27.236	21.016	20.705	415.42	415.34
11:56:00	23.515	23.73	24.116	27.111	21.013	20.704	415.42	415.34
11:57:00	23.516	23.729	24.116	27.109	21.012	20.705	415.42	415.34
11:58:00	23.514	23.728	24.137	27.207	21.015	20.704	415.42	415.34
11:59:00	23.514	23.726	24.134	27.17	21.016	20.702	415.42	415.34
12:00:00	23.514	23.727	24.13	27.263	21.014	20.702	415.42	415.34
12:01:00	23.515	23.728	24.15	27.016	21.013	20.703	415.42	415.34
12:02:00	23.514	23.726	24.13	26.661	21.015	20.705	415.42	415.34
12:03:02	23.514	23.727	24.101	26.573	21.015	20.706	415.42	415.34
12:04:00	23.515	23.728	24.104	26.391	21.018	20.706	415.42	415.34
12:05:00	23.514	23.726	24.106	26.294	21.02	20.706	415.42	415.34
12:06:00	23.514	23.727	24.097	26.423	21.02	20.708	415.42	415.34
12:07:00	23.514	23.727	24.086	26.419	21.02	20.708	415.42	415.34
12:08:00	23.515	23.728	24.058	26.44	21.019	20.707	415.42	415.34
12:09:00	23.514	23.727	24.045	26.454	21.018	20.71	415.42	415.34
12:10:00	23.514	23.726	24.056	26.5	21.019	20.71	415.42	415.34
12:11:00	23.514	23.728	24.073	26.618	21.02	20.708	415.42	415.34
12:12:00	23.513	23.726	24.076	26.633	21.022	20.705	415.42	415.34
12:13:00	23.513	23.725	24.095	26.744	21.019	20.706	415.42	415.34
12:14:00	23.514	23.725	24.09	27.226	21.018	20.708	415.42	415.34
12:15:00	23.513	23.725	24.09	27.583	21.017	20.706	415.42	415.34
12:16:01	23.512	23.724	24.111	27.93	21.018	20.707	415.42	415.34
12:17:00	23.513	23.724	24.136	27.438	21.017	20.707	415.42	415.34
12:18:00	23.513	23.725	24.134	26.948	21.017	20.709	415.42	415.34
12:19:00	23.512	23.724	24.1	26.795	21.018	20.708	415.42	415.34
12:20:00	23.514	23.725	24.076	26.571	21.021	20.707	415.42	415.34
12:21:00	23.514	23.725	24.068	27.075	21.02	20.708	415.42	415.34
12:22:00	23.514	23.726	24.125	27.124	21.021	20.708	415.42	415.34
12:23:00	23.514	23.726	24.149	27.033	21.02	20.71	415.42	415.34
12:24:00	23.514	23.725	24.139	27.039	21.02	20.71	415.42	415.34
12:25:00	23.514	23.725	24.149	27.032	21.019	20.711	415.42	415.34
12:26:00	23.514	23.725	24.143	26.958	21.022	20.711	415.42	415.34
12:27:00	23.513	23.724	24.099	27.057	21.019	20.707	415.42	415.34
12:28:02	23.513	23.724	24.095	26.878	21.021	20.707	415.42	415.34
12:29:00	23.514	23.725	24.092	26.925	21.017	20.709	415.42	415.34
12:30:00	23.514	23.726	24.002	26.815	21.021	20.711	415.42	415.34
12:31:00	23.513	23.726	23.995	26.425	21.022	20.712	415.42	415.34
12:32:00	23.514	23.727	23.973	26.231	21.024	20.711	415.42	415.34
12:33:00	23.514	23.727	23.972	26.522	21.022	20.71	415.42	415.34
12:34:00	23.514	23.728	24.004	26.842	21.024	20.712	415.42	415.34
12:35:00	23.513	23.727	24.009	27.034	21.025	20.712	415.42	415.34
12:36:00	23.515	23.727	24.004	27.529	21.023	20.708	415.42	415.34
12:37:00	23.514	23.729	24.004	28.112	21.026	20.711	415.42	415.34
12:38:00	23.514	23.729	24.051	28.342	21.024	20.713	415.42	415.34
12:39:00	23.514	23.728	24.076	28.276	21.027	20.714	415.42	415.34
12:40:00	23.514	23.73	24.088	28.152	21.028	20.711	415.42	415.34
12:41:00	23.514	23.728	24.144	28.01	21.028	20.713	415.42	415.34
12:42:00	23.515	23.73	24.105	27.74	21.028	20.713	415.42	415.34
12:43:00	23.513	23.731	24.1	27.397	21.029	20.713	415.42	415.34
12:44:00	23.514	23.733	24.107	27.252	21.029	20.713	415.42	415.34
12:45:00	23.515	23.732	24.119	26.924	21.029	20.712	415.42	415.34
12:46:00	23.514	23.732	24.127	26.622	21.028	20.713	415.42	415.34
12:47:00	23.513	23.733	24.083	26.382	21.029	20.715	415.42	415.34
12:48:00	23.515	23.733	24.014	26.238	21.032	20.714	415.42	415.34
12:49:00	23.515	23.734	24.013	26.13	21.032	20.713	415.42	415.34
12:50:00	23.515	23.734	23.997	26.566	21.031	20.713	415.42	415.34
12:51:00	23.515	23.735	24.007	26.905	21.031	20.713	415.42	415.34
12:52:00	23.515	23.735	24.033	27.025	21.032	20.717	415.42	415.34
12:53:00	23.516	23.735	24.029	27.036	21.033	20.717	415.42	415.34
12:54:00	23.515	23.736	24.035	26.943	21.034	20.716	415.42	415.34
12:55:00	23.515	23.737	23.892	26.697	21.032	20.715	415.42	415.34
12:56:00	23.515	23.737	23.839	26.431	21.033	20.716	415.42	415.34
12:57:00	23.515	23.738	23.843	26.241	21.032	20.717	415.42	415.34
12:58:00	23.516	23.738	23.837	26.4	21.032	20.714	415.42	415.34
12:59:01	23.517	23.738	23.863	26.628	21.027	20.715	415.42	415.34
13:00:00	23.516	23.738	23.939	26.797	21.029	20.717	415.42	415.34
13:01:00	23.516	23.739	23.979	27.004	21.032	20.716	415.42	415.34
13:02:00	23.516	23.739	23.961	27.077	21.036	20.718	415.42	415.34
13:03:00	23.517	23.74	23.877	26.793	21.038	20.719	415.42	415.34
13:04:00	23.517	23.741	23.83	26.567	21.039	20.72	415.42	415.34
13:05:00	23.517	23.743	23.787	26.49	21.04	20.72	415.42	415.34
13:06:00	23.517	23.744	23.87	26.688	21.037	20.721	415.42	415.34
13:07:00	23.518	23.746	23.924	26.979	21.038	20.721	415.42	415.34
13:08:02	23.517	23.745	23.955	27.15	21.039	20.719	415.42	415.34
13:09:00	23.517	23.745	23.987	27.34	21.042	20.72	415.42	415.34
13:10:00	23.516	23.745	24.032	27.661	21.041	20.72	415.42	415.34
13:11:00	23.517	23.746	24.104	27.814	21.044	20.719	415.42	415.34
13:12:00	23.516	23.744	24.132	27.644	21.04	20.721	415.42	415.34
13:13:00	23.517	23.743	24.078	27.006	21.042	20.723	415.42	415.34
13:14:00	23.516	23.745	24.018	26.649	21.042	20.72	415.42	415.34
13:15:00	23.518	23.745	23.97	26.9	21.039	20.721	415.42	415.34
13:16:00	23.518	23.744	23.978	27.073	21.038	20.721	415.42	415.34
13:17:02	23.518	23.743	24.052	27.019	21.038	20.719	415.42	415.34
13:18:00	23.518	23.742	24.067	27.112	21.037	20.718	415.42	415.34
13:19:00	23.517	23.741	24.076	26.985	21.038	20.719	415.42	415.34
13:20:00	23.516	23.741	24.041	26.889	21.037	20.718	415.42	415.34
13:21:00	23.517	23.74	23.996	26.524	21.04	20.72	415.42	415.34
13:22:00	23.518	23.741	23.943	26.448	21.04	20.723	415.42	415.34
13:23:00	23.518	23.74	23.966	26.644	21.04	20.719	415.42	415.34
13:24:00	23.518	23.74	23.955	26.433	21.038	20.72	415.42	415.34
13:25:00	23.518	23.74	23.949	26.174	21.041	20.722	415.42	415.34
13:26:00	23.519	23.739	23.958	26.605	21.045	20.72	415.42	415.34
13:27:00	23.519	23.741	23.983	26.85	21.042	20.723	415.42	415.34
13:28:00	23.519	23.741	24.018	26.981	21.044	20.722	415.42	415.34
13:29:01	23.519	23.741	23.997	26.746	21.042	20.724	415.42	415.34
13:30:00	23.518	23.741	23.994	26.636	21.042	20.721	415.42	415.34
13:31:02	23.517	23.74	23.926	26.567	21.04	20.723	415.42	415.34
13:32:00	23.518	23.74	23.88	26.73	21.038	20.721	415.42	415.34
13:33:00	23.518	23.738	23.902	26.575	21.038	20.719	415.42	415.34
13:34:00	23.517	23.737	23.933	26.555	21.036	20.721	415.42	415.34
13:35:00	23.517	23.736	23.969	26.715	21.038	20.721	415.42	415.34
13:36:02	23.517	23.735	24.003	26.733	21.038	20.721	415.42	415.34
13:37:00	23.516	23.735	24.019	26.948	21.037	20.721	415.42	415.34
13:38:00	23.515	23.734	24.042	26.88	21.039	20.722	415.42	415.34
13:39:00	23.515	23.732	24.04	26.904	21.038	20.72	415.42	415.34
13:40:00	23.515	23.732	24.051	26.865	21.039	20.719	415.42	415.34
13:41:00	23.515	23.731	24.066	27.035	21.038	20.721	415.42	415.34
13:42:00	23.516	23.732	24.069	27.09	21.039	20.724	415.42	415.34
13:43:00	23.515	23.732	24.081	27.011	21.042	20.721	415.42	415.34
13:44:00	23.516	23.732	24.087	26.869	21.04	20.724	415.42	415.34
13:45:00	23.516	23.731	24.094	26.675	21.039	20.721	415.42	415.34
13:46:00	23.516	23.731	24.082	26.577	21.041	20.721	415.42	415.34
13:47:00	23.515	23.731	24.056	26.473	21.039	20.721	415.42	415.34
13:48:00	23.514	23.729	24.026	26.568	21.041	20.722	415.42	415.34
13:49:00	23.515	23.729	24.012	26.636	21.04	20.721	415.42	415.34
13:50:00	23.514	23.729	24.037	26.885	21.038	20.724	415.42	415.34
13:51:01	23.514	23.728	24.073	26.958	21.037	20.723	415.42	415.34
13:52:00	23.515	23.727	24.088	27.218	21.036	20.722	415.42	415.34
13:53:00	23.514	23.726	24.099	27.346	21.035	20.721	415.42	415.34
13:54:00	23.513	23.725	24.099	26.961	21.035	20.722	415.42	415.34
13:55:00	23.515	23.725	24.065	26.755	21.037	20.723	415.42	415.34
13:56:01	23.514	23.725	24.058	26.419	21.037	20.721	415.42	415.34
13:57:00	0.0	23.725	24.059	26.356	21.037	20.722	415.42	415.34
13:58:00	23.515	23.725	24.068	26.716	21.038	20.723	415.42	415.34
13:59:00	23.515	23.725	24.075	26.993	21.038	20.724	415.42	415.34
14:00:00	23.514	23.724	24.07	26.816	21.037	20.722	415.42	415.34
14:01:02	23.513	23.723	24.038	26.438	21.035	20.722	415.42	415.34
14:02:00	23.515	23.724	24.048	26.393	21.036	20.724	415.42	415.34
14:03:00	23.514	23.723	23.959	26.463	21.035	20.724	415.42	415.34
14:04:00	23.513	23.723	23.957	26.608	21.035	20.723	415.42	415.34
14:05:00	23.513	23.723	23.98	26.453	21.036	20.722	415.42	415.34
14:06:00	23.514	23.723	23.959	26.193	21.035	20.724	415.42	415.34
14:07:00	23.515	23.722	23.984	26.493	21.035	20.723	415.42	415.34
14:08:00	23.512	23.722	24.02	26.841	21.035	20.723	415.42	415.34
14:09:00	23.514	23.723	24.047	26.927	21.034	20.724	415.42	415.34
14:10:00	23.515	23.722	24.05	27.007	21.034	20.723	415.42	415.34
14:11:00	23.514	23.723	24.028	26.962	21.038	20.724	415.42	415.34
14:12:00	23.514	23.723	24.001	27.058	21.036	20.724	415.42	415.34
14:13:00	23.514	23.723	23.979	27.186	21.036	20.724	415.42	415.34
14:14:00	23.513	23.724	23.981	27.193	21.038	20.723	415.42	415.34
14:15:00	23.513	23.723	24.009	27.135	21.037	20.724	415.42	415.34
14:16:00	23.513	23.723	24.025	27.136	21.04	20.724	415.42	415.34
14:17:00	23.513	23.724	24.05	27.171	21.041	20.725	415.42	415.34
14:18:00	23.513	23.725	24.08	26.991	21.04	20.726	415.42	415.34
14:19:00	23.513	23.725	24.085	26.979	21.041	20.726	415.42	415.34
14:20:00	23.513	23.724	24.106	26.955	21.04	20.726	415.42	415.34
14:21:00	23.513	23.725	24.088	26.827	21.042	20.725	415.42	415.34
14:22:00	23.513	23.724	24.08	26.874	21.04	20.726	415.42	415.34
14:23:00	23.512	23.723	24.067	27.063	21.034	20.724	415.42	415.34
14:24:00	23.512	23.724	24.082	27.164	21.036	20.727	415.42	415.34
14:25:00	23.513	23.725	24.124	27.281	21.037	20.726	415.42	415.34
14:26:00	23.513	23.723	24.14	27.104	21.039	20.726	415.42	415.34
14:27:00	23.513	23.724	24.111	26.943	21.038	20.725	415.42	415.34
14:28:00	23.514	23.724	24.085	26.813	21.038	20.725	415.42	415.34
14:29:00	23.514	23.724	24.069	26.815	21.039	20.725	415.42	415.34
14:30:00	23.514	23.724	24.082	27.164	21.037	20.727	415.42	415.34
14:31:00	23.514	23.724	24.099	27.372	21.037	20.726	415.42	415.34
14:32:00	23.513	23.723	24.104	27.282	21.036	20.726	415.42	415.34
14:33:00	23.512	23.723	24.112	27.213	21.037	20.726	415.42	415.34
14:34:00	23.513	23.722	24.132	27.159	21.035	20.724	415.42	415.34
14:35:02	23.512	23.721	24.172	27.096	21.036	20.725	415.42	415.34
14:36:00	23.513	23.723	24.161	27.108	21.038	20.725	415.42	415.34
14:37:00	23.512	23.721	24.153	27.103	21.038	20.726	415.42	415.34
14:38:00	23.512	23.721	24.14	26.92	21.039	20.727	415.42	415.34
14:39:00	23.512	23.722	24.133	27.124	21.037	20.723	415.42	415.34
14:40:00	23.512	23.721	24.126	27.146	21.038	20.725	415.42	415.34
14:41:00	23.512	23.72	24.124	27.148	21.039	20.725	415.42	415.34
14:42:00	23.512	23.721	24.116	27.243	21.041	20.726	415.42	415.34
14:43:00	23.512	23.722	24.124	27.211	21.041	20.727	415.42	415.34
14:44:00	23.512	23.723	24.146	27.27	21.041	20.728	415.42	415.34
14:45:00	23.512	23.723	24.135	27.235	21.039	20.726	415.42	415.34
14:46:00	23.513	23.722	24.13	27.239	21.037	20.725	415.42	415.34
14:47:00	23.513	23.723	24.128	27.239	21.039	20.726	415.42	415.34
14:48:00	23.512	23.722	24.136	27.371	21.04	20.727	415.42	415.34
14:49:00	23.511	23.722	24.15	27.338	21.04	20.727	415.42	415.34
14:50:00	23.513	23.724	24.129	27.42	21.043	20.726	415.42	415.34
14:51:00	23.513	23.723	24.141	27.306	21.042	20.727	415.42	415.34
14:52:00	23.512	23.723	24.161	27.216	21.043	20.729	415.42	415.34
14:53:00	23.512	23.723	24.151	27.127	21.041	20.728	415.42	415.34
14:54:00	23.512	23.724	24.1	26.688	21.042	20.726	415.42	415.34
14:55:02	23.513	23.723	24.053	26.506	21.041	20.726	415.42	415.34
14:56:00	23.512	23.722	24.039	26.781	21.043	20.725	415.42	415.34
14:57:00	23.512	23.723	24.059	27.144	21.041	20.726	415.42	415.34
14:58:00	23.512	23.722	24.088	27.237	21.041	20.727	415.42	415.34
14:59:00	23.513	23.724	24.101	27.509	21.045	20.726	415.42	415.34
15:00:00	23.513	23.724	24.087	28.259	21.045	20.728	415.42	415.34
15:01:00	23.512	23.724	24.064	28.871	21.039	20.727	415.42	415.34
15:02:00	23.512	23.724	24.058	29.026	21.041	20.727	415.42	415.34
15:03:00	23.512	23.724	24.085	27.966	21.043	20.728	415.42	415.34
15:04:00	23.512	23.723	24.091	27.35	21.041	20.727	415.42	415.34
15:05:00	23.512	23.723	24.087	26.77	21.041	20.725	415.42	415.34
15:06:02	23.513	23.725	24.077	26.639	21.043	20.729	415.42	415.34
15:07:00	23.514	23.725	24.094	27.198	21.044	20.73	415.42	415.34
15:08:00	23.513	23.725	24.121	27.331	21.044	20.727	415.42	415.34
15:09:00	23.513	23.726	24.161	27.319	21.045	20.729	415.42	415.34
15:10:00	23.514	23.727	24.176	27.443	21.046	20.729	415.42	415.34
15:11:00	23.513	23.727	24.181	27.411	21.048	20.729	415.42	415.34
15:12:00	23.514	23.728	24.167	27.364	21.049	20.729	415.42	415.34
15:13:00	23.514	23.728	24.173	27.302	21.049	20.73	415.42	415.34
15:14:00	23.513	23.728	24.166	27.291	21.047	20.73	415.42	415.34
15:15:00	23.514	23.729	24.176	27.306	21.049	20.731	415.42	415.34
15:16:00	23.514	23.728	24.167	27.103	21.047	20.733	415.42	415.34
15:17:00	23.513	23.728	24.145	26.993	21.047	20.73	415.42	415.34
15:18:00	23.514	23.728	24.131	26.758	21.048	20.731	415.42	415.34
15:19:00	23.514	23.727	24.001	26.495	21.048	20.73	415.42	415.34
15:20:00	23.513	23.726	23.982	26.341	21.048	20.73	415.42	415.34
15:21:00	23.513	23.726	23.972	26.182	21.047	20.732	415.42	415.34
15:22:00	23.513	23.728	24.0	26.567	21.047	20.73	415.42	415.34
15:23:00	23.514	23.729	24.041	26.998	21.049	20.731	415.42	415.34
15:24:00	23.513	23.728	24.082	26.988	21.051	20.732	415.42	415.34
15:25:00	23.513	23.729	24.076	26.914	21.051	20.731	415.42	415.34
15:26:00	23.514	23.729	24.078	26.57	21.051	20.731	415.42	415.34
15:27:00	23.514	23.729	24.069	26.541	21.049	20.731	415.42	415.34
15:28:00	23.514	23.729	24.075	26.469	21.05	20.73	415.42	415.34
15:29:00	23.515	23.729	24.08	26.418	21.053	20.733	415.42	415.34
15:30:00	23.514	23.728	24.197	26.531	21.054	20.733	415.42	415.34
15:31:00	23.513	23.728	24.255	26.773	21.049	20.733	415.42	415.34
15:32:00	23.513	23.726	24.241	27.079	21.05	20.732	415.42	415.34
15:33:00	23.512	23.727	24.252	26.998	21.05	20.73	415.42	415.34
15:34:00	23.512	23.726	24.214	26.661	21.051	20.731	415.42	415.34
15:35:00	23.512	23.727	24.227	26.385	21.051	20.733	415.42	415.34
15:36:00	23.511	23.727	24.247	26.336	21.052	20.733	415.42	415.34
15:37:00	23.512	23.725	24.237	26.566	21.052	20.733	415.42	415.34
15:38:00	23.51	23.727	24.223	27.166	21.048	20.733	415.42	415.34
15:39:00	23.511	23.725	24.205	27.472	21.048	20.733	415.42	415.34
15:40:00	23.511	23.725	24.195	27.853	21.049	20.733	415.42	415.34
15:41:00	23.512	23.725	24.18	27.582	21.052	20.733	415.42	415.34
15:42:00	23.511	23.725	24.145	27.071	21.053	20.735	415.42	415.34
15:43:00	23.511	23.725	24.135	26.534	21.053	20.735	415.42	415.34
15:44:00	23.512	23.724	24.114	26.409	21.05	20.732	415.42	415.34
15:45:00	23.512	23.724	24.114	26.469	21.048	20.73	415.42	415.34
15:46:00	23.511	23.722	24.137	26.669	21.049	20.733	415.42	415.34
15:47:00	23.511	23.723	24.121	26.872	21.049	20.732	415.42	415.34
15:48:00	23.511	23.722	24.13	26.99	21.051	20.731	415.42	415.34
15:49:01	23.512	23.722	24.156	26.981	21.051	20.731	415.42	415.34
15:50:01	23.511	23.723	24.145	26.909	21.05	20.732	415.42	415.34
15:51:01	23.512	23.721	24.168	26.817	21.048	20.733	415.42	415.34
15:52:01	23.512	23.721	24.158	26.749	21.05	20.733	415.42	415.34
15:53:01	23.512	23.721	24.146	26.482	21.049	20.732	415.42	415.34
15:54:01	23.511	23.719	24.09	26.477	21.046	20.73	415.42	415.34
15:55:01	23.511	23.718	24.043	26.34	21.046	20.73	415.42	415.34
15:56:01	23.51	23.718	24.036	26.561	21.047	20.732	415.42	415.34
15:57:01	23.512	23.717	24.08	27.019	21.047	20.731	415.42	415.34
15:58:01	23.511	23.717	24.111	27.157	21.048	20.732	415.42	415.34
15:59:01	23.511	23.718	24.136	27.229	21.048	20.732	415.42	415.34
16:00:01	23.511	23.717	24.136	27.418	21.048	20.731	415.42	415.34
16:01:01	23.512	23.719	24.125	27.469	21.052	20.732	415.42	415.34
16:02:01	23.512	23.722	24.108	27.434	21.054	20.735	415.42	415.34
16:03:01	23.512	23.723	24.084	27.534	21.055	20.736	415.42	415.34
16:04:01	23.512	23.724	24.096	27.526	21.054	20.737	415.42	415.34
16:05:01	23.512	23.723	24.115	27.407	21.052	20.735	415.42	415.34
16:06:01	23.511	23.722	24.154	27.262	21.049	20.735	415.42	415.34
16:07:01	23.512	23.722	24.149	26.898	21.045	20.733	415.42	415.34
16:08:01	23.513	23.721	24.122	26.758	21.046	20.733	415.42	415.34
16:09:01	23.511	23.721	24.098	26.666	21.047	20.732	415.42	415.34
16:10:02	23.512	23.721	24.116	27.015	21.051	20.734	415.42	415.34
16:11:01	23.513	23.721	24.136	27.048	21.051	20.734	415.42	415.34
16:12:02	23.513	23.72	24.165	27.195	21.05	20.733	415.42	415.34
16:13:01	23.512	23.72	24.153	27.347	21.048	20.734	415.42	415.34
16:14:01	23.512	23.721	24.149	27.444	21.049	20.736	415.42	415.34
16:15:01	23.512	23.722	24.157	27.296	21.05	20.735	415.42	415.34
16:16:01	23.512	23.721	24.165	27.192	21.048	20.733	415.42	415.34
16:17:01	23.513	23.721	24.168	27.084	21.049	20.734	415.42	415.34
16:18:01	23.513	23.72	24.165	27.135	21.048	20.734	415.42	415.34
16:19:01	23.513	23.721	24.131	27.124	21.05	20.734	415.42	415.34
16:20:01	23.513	23.72	24.113	27.188	21.051	20.735	415.42	415.34
16:21:01	23.512	23.72	24.137	27.315	21.05	20.736	415.42	415.34
16:22:01	23.512	23.72	24.16	27.322	21.051	20.734	415.42	415.34
16:23:01	23.512	23.721	24.17	27.337	21.051	20.734	415.42	415.34
16:24:01	23.512	23.721	24.16	27.427	21.052	20.736	415.42	415.34
16:25:01	23.512	23.721	24.177	27.397	21.052	20.736	415.42	415.34
16:26:01	23.512	23.721	24.207	27.249	21.051	20.736	415.42	415.34
16:27:01	23.512	23.721	24.198	27.351	21.049	20.737	415.42	415.34
16:28:01	23.512	23.722	24.174	27.303	21.05	20.736	415.42	415.34
16:29:01	23.512	23.722	24.181	27.151	21.056	20.738	415.42	415.34
16:30:02	23.514	23.724	24.184	26.716	21.055	20.737	415.42	415.34
16:31:01	23.513	23.724	24.166	26.468	21.055	20.738	415.42	415.34
16:32:01	23.513	23.725	24.163	26.284	21.054	20.739	415.42	415.34
16:33:01	23.513	23.724	24.114	26.44	21.054	20.739	415.42	415.34
16:34:01	23.513	23.725	24.06	26.731	21.053	20.738	415.42	415.34
16:35:01	23.512	23.724	24.047	26.993	21.052	20.737	415.42	415.34
16:36:01	23.513	23.723	24.082	27.096	21.048	20.736	415.42	415.34
16:37:01	23.512	23.721	24.108	27.293	21.05	20.736	415.42	415.34
16:38:01	23.513	23.721	24.143	27.368	21.051	20.736	415.42	415.34
16:39:01	23.513	23.722	24.169	27.641	21.052	20.736	415.42	415.34
16:40:01	23.514	23.723	24.184	27.767	21.055	20.737	415.42	415.34
16:41:01	23.513	23.725	24.168	27.681	21.055	20.738	415.42	415.34
16:42:01	23.514	23.726	24.166	27.339	21.056	20.739	415.42	415.34
16:43:01	23.514	23.726	24.164	27.111	21.057	20.741	415.42	415.34
16:44:02	23.514	23.728	24.122	27.147	21.058	20.738	415.42	415.34
16:45:01	0.0	23.729	24.106	27.284	21.055	20.739	415.42	415.34
16:46:01	23.513	23.729	24.107	27.567	21.054	20.742	415.42	415.34
16:47:01	23.515	23.729	24.15	27.63	21.057	20.74	415.42	415.34
16:48:01	23.515	23.729	24.198	27.52	21.056	20.738	415.42	415.34
16:49:01	23.514	23.729	24.225	27.375	21.054	20.737	415.42	415.34
16:50:01	23.516	23.728	24.271	27.4	21.056	20.739	415.42	415.34
16:51:01	23.515	23.728	24.264	27.368	21.053	20.739	415.42	415.34
16:52:01	23.516	23.729	24.238	27.458	21.055	20.742	415.42	415.34
16:53:01	23.515	23.73	24.214	27.402	21.055	20.739	415.42	415.34
16:54:01	23.515	23.729	24.218	27.368	21.056	20.739	415.42	415.34
16:55:01	23.515	23.729	24.201	27.339	21.057	20.739	415.42	415.34
16:56:01	23.513	23.728	24.224	27.28	21.054	20.739	415.42	415.34
16:57:01	23.515	23.729	24.25	27.309	21.057	20.739	415.42	415.34
16:58:01	23.516	23.73	24.205	27.449	21.054	20.74	415.42	415.34
16:59:01	23.516	23.73	24.204	27.404	21.057	20.741	415.42	415.34
17:00:01	23.516	23.731	24.226	27.318	21.058	20.74	415.42	415.34
17:01:01	23.515	23.731	24.214	27.173	21.061	20.74	415.42	415.34
17:02:01	23.515	23.733	24.205	26.965	21.061	20.742	415.42	415.34
17:03:01	23.517	23.734	24.185	26.87	21.064	20.745	415.42	415.34
17:04:01	23.516	23.737	24.181	26.95	21.063	20.745	415.42	415.34
17:05:01	23.517	23.736	24.178	26.842	21.063	20.743	415.42	415.34
17:06:01	23.517	23.737	24.192	26.843	21.061	20.745	415.42	415.34
17:07:01	23.517	23.736	24.175	26.784	21.059	20.742	415.42	415.34
17:08:01	23.516	23.737	24.136	26.556	21.06	20.743	415.42	415.34
17:09:01	23.517	23.737	24.087	26.582	21.061	20.744	0.0	415.34
17:10:01	23.515	23.737	24.087	26.541	21.059	20.744	415.42	415.34
17:11:01	23.517	23.737	24.111	26.57	21.06	20.744	415.42	415.34
17:12:01	23.517	23.738	24.086	26.59	21.11	20.739	415.42	415.34
17:13:01	23.517	23.738	24.097	26.717	21.496	20.795	415.42	415.34
17:14:01	23.517	23.738	24.086	26.832	21.705	20.823	415.42	415.34
17:15:01	23.517	23.739	24.104	27.087	21.938	20.923	415.42	415.34
17:16:02	23.517	23.74	24.105	27.306	22.014	20.976	415.42	415.34
17:17:01	23.517	23.741	24.112	27.256	22.136	20.998	415.42	415.34
17:18:01	23.518	23.74	24.122	27.392	22.215	21.024	415.42	415.34
17:19:01	23.519	23.743	24.104	27.318	22.271	20.976	415.42	415.34
17:20:01	23.517	23.742	23.872	27.087	22.251	21.031	415.42	415.34
17:21:01	23.517	23.742	23.976	27.138	22.293	21.185	415.42	415.34
17:22:01	23.517	23.741	24.061	27.008	22.378	21.342	415.42	415.34
17:23:01	23.518	23.741	24.119	26.805	22.317	21.307	415.42	415.34
17:24:01	23.517	23.74	24.128	26.657	22.453	21.259	415.42	415.34
17:25:01	23.517	23.741	24.117	26.635	22.358	21.636	415.42	415.34
17:26:01	23.517	23.742	24.11	26.829	22.332	21.562	415.42	415.34
17:27:01	23.518	23.743	24.133	26.943	22.358	21.683	415.42	415.34
17:28:01	23.518	23.742	24.15	27.073	22.425	21.806	415.42	415.34
17:29:01	23.518	23.742	24.155	27.18	22.458	21.711	415.42	415.34
17:30:01	23.518	23.742	24.181	27.508	22.483	21.776	415.42	415.34
17:31:01	23.519	23.744	24.177	27.365	22.478	21.416	415.42	415.34
17:32:01	23.519	23.745	24.171	27.001	22.474	21.306	415.42	415.34
17:33:01	23.519	23.745	24.165	26.95	22.595	21.433	415.42	415.34
17:34:01	23.519	23.745	24.143	26.713	22.598	21.353	415.42	415.34
17:35:01	23.519	23.746	24.16	26.971	22.564	21.422	415.42	415.34
17:36:01	23.519	23.746	24.202	27.109	22.616	21.3	415.42	415.34
17:37:01	23.518	23.747	24.248	27.107	22.585	21.325	415.42	415.34
17:38:01	23.518	23.744	24.273	27.151	22.568	9.505	415.42	415.34
17:39:01	23.518	23.743	24.263	27.207	22.418	10.594	415.42	415.34
17:40:01	23.52	23.744	24.264	27.304	22.279	15.542	415.42	415.34
17:41:01	23.52	23.746	24.283	27.319	22.188	17.85	415.42	415.34
17:42:01	23.52	23.747	24.282	27.226	22.006	18.982	415.42	415.34
17:43:01	23.52	23.747	24.304	27.278	21.956	19.802	415.42	415.34
17:44:01	23.52	23.747	24.303	27.29	22.075	20.692	415.42	415.34
17:45:01	23.521	23.747	24.291	27.201	22.193	20.931	415.42	415.34
17:46:01	23.521	23.748	24.251	27.056	22.329	21.128	415.42	415.34
17:47:01	23.521	23.75	24.234	26.797	22.404	21.339	415.42	415.34
17:48:01	23.522	23.751	24.225	26.555	22.453	21.397	415.42	415.34
17:49:01	23.522	23.752	24.242	26.458	22.459	21.319	415.42	415.34
17:50:02	23.521	23.751	24.218	26.53	22.368	21.093	415.42	415.34
17:51:01	23.521	23.75	24.182	26.768	22.285	21.034	415.42	415.34
17:52:01	23.522	23.751	24.155	26.945	22.182	20.986	415.42	415.34
17:53:01	23.522	23.753	24.185	26.984	22.102	20.943	415.42	415.34
17:54:01	23.522	23.753	24.185	27.168	22.042	20.943	415.42	415.34
17:55:01	23.523	23.753	24.183	27.326	21.955	20.916	415.42	415.34
17:56:01	23.522	23.754	24.188	27.365	21.896	20.923	415.42	415.34
17:57:01	23.522	23.755	24.208	27.295	21.844	20.9	415.42	415.34
17:58:01	23.523	23.755	24.214	26.996	21.805	20.891	415.42	415.34
17:59:01	23.523	23.755	24.206	27.046	21.77	20.89	415.42	415.34
18:00:01	23.524	23.755	24.199	27.163	21.726	20.889	415.42	415.34
18:01:01	23.523	23.757	23.763	27.039	21.699	20.887	415.42	415.34
18:02:01	23.523	23.758	23.422	27.241	21.69	20.89	415.42	415.34
18:03:01	23.524	23.759	23.717	27.096	21.686	20.884	415.42	415.34
18:04:01	23.525	23.76	23.876	26.895	21.672	20.88	415.42	415.34
18:05:01	23.524	23.76	23.931	26.973	21.659	20.871	415.42	415.34
18:06:01	23.524	23.76	24.062	26.756	21.65	20.873	415.42	415.34
18:07:01	23.524	23.76	24.07	26.548	21.629	20.872	415.42	415.34
18:08:01	23.524	23.76	23.926	26.348	21.607	20.872	415.42	415.34
18:09:01	23.525	23.762	23.777	26.221	21.596	20.88	415.42	415.34
18:10:01	23.525	23.763	23.635	26.272	21.586	20.876	415.42	415.34
18:11:01	23.525	23.764	23.393	26.372	21.568	20.872	415.42	415.34
18:12:01	23.525	23.763	23.48	26.175	21.551	20.866	415.42	415.34
18:13:01	23.524	23.764	23.513	26.331	21.541	20.865	415.42	415.34
18:14:01	23.525	23.763	23.456	26.631	21.527	20.866	415.42	415.34
18:15:01	23.523	23.763	23.442	26.641	21.514	20.865	415.42	415.34
18:16:01	23.524	23.763	23.152	27.104	21.5	20.864	415.42	415.34
18:17:01	23.524	23.763	23.203	27.264	21.486	20.857	415.42	415.34
18:18:01	23.524	23.763	23.329	27.009	21.477	20.854	415.42	415.34
18:19:01	23.524	23.765	23.411	26.884	21.47	20.855	415.42	415.34
18:20:01	23.524	23.766	23.518	26.803	21.461	20.856	415.42	415.34
18:21:01	23.524	23.768	23.459	27.076	21.452	20.858	415.42	415.34
18:22:01	23.525	23.769	23.454	27.344	21.441	20.859	415.42	415.34
18:23:01	23.524	23.769	23.366	27.432	21.434	20.853	415.42	415.34
18:24:01	23.523	23.77	23.156	27.558	21.428	20.853	415.42	415.34
18:25:01	23.524	23.77	23.271	27.768	21.416	20.851	415.42	415.34
18:26:01	23.523	23.771	23.294	28.201	21.413	20.85	415.42	415.34
18:27:01	23.521	23.771	22.755	28.025	21.401	20.845	415.42	415.34
18:28:01	23.522	23.771	22.978	28.047	21.396	20.848	415.42	415.34
18:29:01	23.521	23.773	23.022	28.235	21.389	20.838	415.42	415.34
18:30:01	23.523	23.773	22.956	27.402	21.382	20.842	415.42	415.34
18:31:01	23.522	23.775	22.875	27.082	21.371	20.838	415.42	415.34
18:32:01	23.521	23.773	22.673	26.705	21.365	20.839	415.42	415.34
18:33:01	23.519	23.774	22.585	26.393	21.359	20.837	415.42	415.34
18:34:01	23.517	23.774	22.513	26.314	21.351	20.835	415.42	415.34
18:35:01	23.515	23.773	22.389	26.036	21.345	20.833	415.42	415.34
18:36:01	23.514	23.773	22.272	26.099	21.337	20.83	415.42	415.34
18:37:01	23.514	23.775	22.203	26.529	21.332	20.828	415.42	415.34
18:38:01	23.515	23.773	22.173	26.695	21.328	20.825	415.42	415.34
18:39:01	23.517	23.773	22.17	26.832	21.326	20.825	415.42	415.34
18:40:01	23.517	23.773	22.308	27.491	21.319	20.825	415.42	415.34
18:41:01	23.519	23.775	22.648	27.791	21.314	20.825	415.42	415.34
18:42:01	23.522	23.775	22.911	27.639	21.312	20.828	415.42	415.34
18:43:01	23.522	23.775	23.127	27.62	21.306	20.822	415.42	415.34
18:44:01	23.523	23.774	23.173	27.611	21.301	20.822	415.42	415.34
18:45:03	23.522	23.775	22.502	27.523	21.294	20.82	415.42	415.34
18:46:01	23.522	23.773	21.618	27.505	21.289	20.818	415.42	415.34
18:47:01	23.523	23.773	21.229	27.413	21.284	20.811	415.42	415.34
18:48:01	23.522	23.772	21.323	27.339	0.0	20.814	415.42	415.34
18:49:01	23.52	23.773	21.55	27.103	21.274	20.812	415.42	415.34
18:50:02	23.519	23.774	21.847	27.164	21.272	20.814	415.42	415.34
18:51:01	23.519	23.776	22.098	27.076	21.268	20.815	415.42	415.34
18:52:01	23.518	23.777	22.337	27.357	21.265	20.813	415.42	415.34
18:53:01	23.517	23.776	22.518	27.72	21.265	20.814	415.42	415.34
18:54:01	23.517	23.777	22.703	27.893	21.265	20.814	415.42	415.34
18:55:01	23.515	23.777	22.873	27.888	21.259	20.812	415.42	415.34
18:56:01	23.513	23.774	22.913	27.69	21.255	20.811	415.42	415.34
18:57:01	23.512	23.774	22.732	27.473	21.25	20.812	415.42	415.34
18:58:01	23.51	23.771	22.553	27.476	21.247	20.808	415.42	415.34
18:59:01	23.506	23.771	22.481	27.507	21.246	20.808	415.42	415.34
19:00:01	23.505	23.769	22.399	27.295	21.242	20.807	415.42	415.34
19:01:02	23.499	23.768	22.289	27.24	21.241	20.806	415.42	415.34
19:02:02	23.494	23.768	22.398	27.029	21.235	20.804	415.42	415.34
19:03:01	23.493	23.768	22.422	27.162	21.232	20.803	415.42	415.34
19:04:02	23.493	23.765	22.596	26.842	21.228	20.803	415.42	415.34
19:05:03	23.494	23.765	22.477	26.558	21.227	20.806	415.42	415.34
19:06:02	0.0	23.765	22.376	26.884	21.224	20.801	415.42	415.34
19:07:02	23.491	23.765	22.557	27.157	21.224	20.803	415.42	415.34
19:08:01	23.492	23.763	22.722	27.237	21.221	20.8	415.42	415.34
19:09:02	23.492	23.764	22.929	27.4	21.214	20.8	415.42	415.34
19:10:02	23.491	23.762	23.096	27.523	21.212	20.797	415.42	415.34
19:11:01	23.492	23.76	23.277	27.574	21.211	20.798	415.42	415.34
19:12:02	23.492	23.76	23.304	28.114	21.211	20.799	415.42	415.34
19:13:01	23.491	23.761	23.366	28.145	21.209	20.795	415.42	415.34
19:14:02	23.49	23.762	23.423	27.985	21.208	20.8	415.42	415.34
19:15:03	23.489	23.762	23.449	27.66	21.208	20.799	415.42	415.34
19:16:02	23.488	23.763	23.444	27.597	21.207	20.8	415.42	415.34
19:17:01	23.485	23.762	23.452	27.497	21.206	20.8	415.42	415.34
19:18:02	23.485	23.762	23.464	27.52	21.203	20.797	415.42	415.34
19:19:02	23.485	23.762	23.462	27.752	21.203	20.798	415.42	415.34
19:20:02	23.483	23.761	23.494	27.799	21.199	20.798	415.42	415.34
19:21:02	23.481	23.76	23.59	27.624	21.196	20.794	415.42	415.34
19:22:02	23.481	23.757	23.674	27.437	21.197	20.793	415.42	415.34
19:23:02	23.477	23.757	23.689	27.259	21.194	20.796	415.42	415.34
19:24:02	23.477	23.757	23.655	27.221	21.191	20.793	415.42	415.34
19:25:01	23.477	23.756	23.653	27.146	21.191	20.794	415.42	415.34
19:26:02	23.475	23.756	23.644	27.18	21.19	20.793	415.42	415.34
19:27:02	23.474	23.754	23.637	27.243	21.187	20.79	415.42	415.34
19:28:02	23.473	23.754	23.648	27.337	21.186	20.791	415.42	415.34
19:29:02	23.474	23.753	23.743	27.385	21.186	20.792	415.42	415.34
19:30:01	23.472	23.752	23.773	27.483	21.184	20.791	415.42	415.34
19:31:02	23.47	23.752	23.8	27.607	21.182	20.79	415.42	415.34
19:32:02	23.47	23.75	23.84	27.522	21.181	20.79	415.42	415.34
19:33:01	23.468	23.749	23.863	27.416	21.179	20.786	415.42	415.34
19:34:02	23.467	23.749	23.884	26.978	21.176	20.787	415.42	415.34
19:35:01	23.467	23.748	23.846	27.068	21.175	20.787	415.42	415.34
19:36:03	23.466	23.746	23.818	26.882	21.174	20.788	415.42	415.34
19:37:01	23.467	23.746	23.826	26.554	21.174	20.786	415.42	415.34
19:38:02	23.466	23.746	23.799	26.302	21.175	20.788	415.42	415.34
19:39:02	23.466	23.747	23.79	26.227	21.174	20.787	415.42	415.34
19:40:02	23.466	23.745	23.782	26.206	21.172	20.786	415.42	415.34
19:41:02	23.465	23.746	23.732	26.334	21.168	20.787	415.42	415.34
19:42:02	23.463	23.744	23.694	26.614	21.165	20.784	415.42	415.34
19:43:01	23.463	23.743	23.694	26.873	21.161	20.784	415.42	415.34
19:44:02	23.462	23.741	23.774	27.0	21.159	20.783	415.42	415.34
19:45:01	23.461	23.739	23.778	27.108	21.156	20.782	415.42	415.34
19:46:01	23.462	23.739	23.818	27.223	21.159	20.781	415.42	415.34
19:47:02	23.461	23.738	23.855	27.121	21.16	20.782	415.42	415.34
19:48:01	23.46	23.737	23.882	27.06	21.157	20.778	415.42	415.34
19:49:02	23.46	23.737	23.873	27.214	21.159	20.781	415.42	415.34
19:50:02	23.46	23.737	23.889	27.188	21.16	20.782	415.42	415.34
19:51:01	23.46	23.737	23.913	26.914	21.16	20.783	415.42	415.34
19:52:01	23.46	23.738	23.928	26.758	21.161	20.786	415.42	415.34
19:53:02	23.459	23.738	23.991	26.598	21.158	20.782	415.42	415.34
19:54:01	23.46	23.737	24.057	26.52	21.156	20.781	415.42	415.34
19:55:01	23.458	23.738	24.083	26.524	21.156	20.782	415.42	415.34
19:56:02	23.459	23.736	24.099	26.559	21.153	20.782	415.42	415.34
19:57:02	23.459	23.735	24.076	26.61	21.153	20.78	415.42	415.34
19:58:02	23.46	23.735	23.97	26.793	21.151	20.779	415.42	415.34
19:59:02	23.458	23.734	23.928	26.527	21.149	20.78	415.42	415.34
20:00:02	23.458	23.734	23.883	26.511	21.147	20.78	415.42	415.34
20:01:03	23.458	23.734	23.879	26.352	21.148	20.78	415.42	415.34
20:02:02	23.458	23.733	23.867	26.536	21.149	20.778	415.42	415.34
20:03:01	23.457	23.733	23.885	26.936	21.149	20.779	415.42	415.34
20:04:02	23.458	23.733	23.907	27.086	21.148	20.778	415.42	415.34
20:05:02	23.458	23.733	23.917	27.216	21.148	20.781	415.42	415.34
20:06:02	23.458	23.732	23.984	27.255	21.146	20.779	415.42	415.34
20:07:01	23.457	23.733	24.024	27.226	21.145	20.78	415.42	415.34
20:08:02	23.458	23.731	24.021	27.315	21.146	20.778	415.42	415.34
20:09:02	23.458	23.733	23.988	27.381	21.144	20.778	415.42	415.34
20:10:02	23.458	23.733	23.957	27.314	21.145	20.778	415.42	415.34
20:11:02	23.458	23.733	23.969	27.175	21.145	20.778	415.42	415.34
20:12:02	23.458	23.733	24.013	26.689	21.146	20.778	415.42	415.34
20:13:01	23.458	23.733	24.057	26.333	21.144	20.779	415.42	415.34
20:14:02	23.459	23.732	24.032	26.176	21.144	20.779	415.42	415.34
20:15:02	23.459	23.733	23.983	26.082	21.141	20.778	415.42	415.34
20:16:02	23.459	23.732	23.957	26.188	21.139	20.776	415.42	415.34
20:17:02	23.459	23.731	23.954	26.242	21.141	20.778	415.42	415.34
20:18:02	23.459	23.731	23.915	26.462	21.142	20.778	415.42	415.34
20:19:02	23.458	23.732	23.858	26.64	21.142	20.779	415.42	415.34
20:20:02	23.458	23.734	23.862	26.969	21.14	20.776	415.42	415.34
20:21:01	23.459	23.734	23.895	27.176	21.139	20.776	415.42	415.34
20:22:02	23.459	23.733	23.913	27.126	21.136	20.778	415.42	415.34
20:23:02	23.459	23.732	23.986	27.006	21.135	20.776	415.42	415.34
20:24:02	23.459	23.731	24.002	26.651	21.136	20.776	415.42	415.34
20:25:01	23.459	23.73	24.01	26.333	21.137	20.776	415.42	415.34
20:26:02	23.46	23.732	23.99	26.225	21.137	20.777	415.42	415.34
20:27:02	23.459	23.729	23.987	26.276	21.137	20.775	415.42	415.34
20:28:02	23.459	23.731	24.018	26.179	21.134	20.775	415.42	415.34
20:29:02	23.459	23.73	24.009	26.415	21.133	0.0	415.42	415.34
20:30:01	23.459	23.727	24.014	26.73	21.132	20.772	415.42	415.34
20:31:02	23.46	23.728	24.048	26.967	21.132	20.774	415.42	415.34
20:32:01	23.459	23.727	24.093	27.173	21.134	20.774	415.42	415.34
20:33:01	23.461	23.73	24.04	27.313	21.135	20.777	415.42	415.34
20:34:02	23.461	23.73	24.002	27.559	21.133	20.776	415.42	415.34
20:35:02	23.461	23.733	23.996	27.655	21.133	20.776	415.42	415.34
20:36:02	0.0	23.732	23.993	27.691	21.133	20.775	415.42	415.34
20:37:02	23.462	23.734	24.034	27.411	21.131	20.776	415.42	415.34
20:38:01	23.463	23.734	24.107	26.817	21.132	20.776	415.42	415.34
20:39:02	23.463	23.734	24.094	26.673	21.134	20.777	415.42	415.34
20:40:02	23.462	23.735	24.07	26.539	21.132	20.776	415.42	415.34
20:41:01	23.463	23.736	24.045	26.418	21.13	20.778	415.42	415.34
20:42:02	23.462	23.734	24.028	26.498	21.13	20.776	415.42	415.34
20:43:02	23.463	23.734	24.011	26.629	21.131	20.774	415.42	415.34
20:44:01	23.463	23.734	24.03	26.727	21.133	20.772	415.42	415.34
20:45:02	23.464	23.735	24.039	26.479	21.132	20.773	415.42	415.34
20:46:01	23.463	23.734	24.017	26.376	21.131	20.773	415.42	415.34
20:47:02	23.464	23.734	24.005	26.484	21.13	20.775	415.42	415.34
20:48:02	23.463	23.734	23.941	26.434	21.13	20.775	415.42	415.34
20:49:02	23.464	23.735	23.907	26.491	21.132	20.776	415.42	415.34
20:50:02	23.466	23.737	23.947	26.812	21.133	20.776	415.42	415.34
20:51:01	23.465	23.738	23.995	27.115	21.129	20.777	415.42	415.34
20:52:02	23.466	23.739	24.0	27.283	21.13	20.778	415.42	415.34
20:53:02	23.466	23.739	24.034	27.223	21.133	20.778	415.42	415.34
20:54:02	23.467	23.74	24.064	26.993	21.13	20.776	415.42	415.34
20:55:02	23.466	23.741	24.079	26.822	21.13	20.777	415.42	415.34
20:56:02	23.466	23.741	24.062	26.745	21.13	20.778	415.42	415.34
20:57:02	23.468	23.741	24.067	26.599	21.129	20.778	415.42	415.34
20:58:02	23.469	23.741	24.078	26.494	21.127	20.777	415.42	415.34
20:59:02	23.468	23.742	24.15	26.403	21.124	20.776	415.42	415.34
21:00:02	23.469	23.741	24.144	26.481	21.125	20.777	415.42	415.34
21:01:02	23.469	23.742	24.109	26.563	21.126	20.777	415.42	415.34
21:02:01	23.469	23.742	24.155	26.663	21.127	20.775	415.42	415.34
21:03:02	23.47	23.742	24.191	26.702	21.129	20.777	415.42	415.34
21:04:02	23.47	23.741	24.221	26.693	21.129	20.777	415.42	415.34
21:05:02	23.47	23.743	24.23	26.676	21.13	20.777	415.42	415.34
21:06:02	23.471	23.743	24.18	26.831	21.128	20.779	415.42	415.34
21:07:01	23.472	23.743	24.185	27.038	21.128	20.778	415.42	415.34
21:08:02	23.472	23.744	24.133	27.288	21.126	20.776	415.42	415.34
21:09:01	23.474	23.745	24.107	27.475	21.127	20.777	415.42	415.34
21:10:02	23.473	23.746	24.09	27.558	21.127	20.777	415.42	415.34
21:11:02	23.472	23.745	24.082	27.202	21.126	20.776	415.42	415.34
21:12:02	23.473	23.746	24.102	27.038	21.125	20.777	415.42	415.34
21:13:01	23.473	23.746	24.122	26.758	21.126	20.776	415.42	415.34
21:14:02	23.473	23.746	24.133	26.55	21.126	20.777	415.42	415.34
21:15:02	23.474	23.746	24.104	26.712	21.123	20.774	415.42	415.34
21:16:02	23.474	23.746	24.083	26.869	21.122	20.773	415.42	415.34
21:17:02	23.475	23.746	24.107	27.046	21.122	20.777	415.42	415.34
21:18:02	23.475	23.746	24.075	27.152	21.121	20.774	415.42	415.34
21:19:02	23.475	23.745	24.085	27.339	21.122	20.773	415.42	415.34
21:20:02	23.474	23.746	24.107	27.391	21.121	20.774	415.42	415.34
21:21:02	23.476	23.747	24.103	27.344	21.123	20.773	415.42	415.34
21:22:02	23.476	23.748	24.153	27.269	21.125	20.776	415.42	415.34
21:23:02	23.477	23.749	24.128	27.227	21.121	20.774	415.42	415.34
21:24:02	23.477	23.751	24.106	27.229	21.123	20.775	415.42	415.34
21:25:02	23.478	23.752	24.126	27.267	21.123	20.778	415.42	415.34
21:26:02	23.479	23.753	24.113	27.295	21.126	20.778	415.42	415.34
21:27:02	23.478	23.754	24.109	27.358	21.124	20.778	415.42	0.0
21:28:02	23.479	23.755	24.128	27.322	21.124	20.778	415.42	415.34
21:29:02	23.48	23.755	24.169	27.282	21.122	20.778	415.42	415.34
21:30:02	23.48	23.756	24.173	27.322	21.121	20.777	415.42	0.0
21:31:01	23.48	23.757	24.171	27.279	21.123	20.777	415.42	415.34
21:32:02	23.482	23.756	24.171	27.287	21.122	20.776	415.42	415.34
21:33:02	23.481	23.756	24.169	27.264	21.122	20.778	415.42	415.34
21:34:02	23.481	23.755	24.152	27.364	21.115	20.775	415.42	415.34
21:35:02	23.481	23.754	24.157	27.557	21.114	20.774	415.42	415.34
21:36:01	23.482	23.754	24.176	27.523	21.121	20.777	415.42	415.34
21:37:02	23.482	23.755	24.204	27.494	21.121	20.778	415.42	415.34
21:38:02	23.484	23.759	24.21	27.348	21.124	20.778	415.42	415.34
21:39:01	23.483	23.759	24.202	27.331	21.125	20.778	415.42	415.34
21:40:02	23.482	23.76	24.199	27.446	21.122	20.778	415.42	415.34
21:41:02	23.484	23.76	24.201	27.306	21.123	20.777	415.42	415.34
21:42:02	23.484	23.759	24.193	27.248	21.125	20.777	415.42	415.34
21:43:02	23.484	23.76	24.166	27.507	21.122	20.778	415.42	415.34
21:44:02	23.485	23.761	24.169	27.342	21.123	20.779	415.42	415.34
21:45:02	23.486	23.762	24.193	27.256	21.122	20.779	415.42	415.34
21:46:02	23.486	23.763	24.213	27.173	21.122	20.777	415.42	415.34
21:47:02	23.486	23.763	24.211	26.741	21.123	20.777	415.42	415.34
21:48:02	23.486	23.765	24.195	26.685	21.124	20.778	415.42	415.34
21:49:03	23.487	23.765	24.168	26.98	21.122	20.777	415.42	415.34
21:50:02	23.489	23.766	24.188	26.819	21.122	20.779	415.42	415.34
21:51:02	23.489	23.766	24.183	26.672	21.122	20.777	415.42	415.34
21:52:02	23.49	23.767	24.163	26.715	21.124	20.779	415.42	415.34
21:53:02	23.489	23.769	24.164	26.601	21.121	20.78	415.42	415.34
21:54:03	23.49	23.769	24.155	26.353	21.121	20.778	415.42	415.34
21:55:02	23.49	23.77	24.135	26.222	21.121	20.778	415.42	415.34
21:56:02	23.491	23.769	24.083	26.56	21.123	20.778	415.42	415.34
21:57:02	23.491	23.77	24.05	26.657	21.122	20.778	415.42	415.34
21:58:02	23.492	23.773	24.07	26.922	21.122	20.78	415.42	415.34
21:59:02	23.492	23.773	24.101	27.157	21.122	20.778	415.42	415.34
22:00:02	23.492	23.773	24.128	27.296	21.122	20.779	415.42	415.34
22:01:02	23.493	23.772	24.104	27.965	21.122	20.778	415.42	415.34
22:02:02	23.493	23.774	24.14	27.845	21.123	20.781	415.42	415.34
22:03:02	23.495	23.775	24.142	27.656	21.124	20.781	415.42	415.34
22:04:02	23.495	23.776	24.163	27.344	21.125	20.78	415.42	415.34
22:05:02	23.495	23.777	24.197	27.015	21.127	20.781	415.42	415.34
22:06:02	23.495	23.777	24.229	26.768	21.123	20.779	415.42	415.34
22:07:02	23.497	23.779	24.245	26.673	21.123	20.78	415.42	415.34
22:08:02	23.496	23.778	24.276	26.673	21.121	20.78	415.42	415.34
22:09:02	23.498	23.778	24.285	26.712	21.119	20.78	415.42	415.34
22:10:02	23.498	23.778	24.265	26.914	21.123	20.782	415.42	415.34
22:11:01	23.498	23.78	24.298	26.964	21.125	20.781	415.42	415.34
22:12:02	23.498	23.78	24.254	27.064	21.123	20.78	415.42	415.34
22:13:02	23.499	23.781	24.203	27.077	21.121	20.778	415.42	415.34
22:14:02	23.5	23.78	24.165	26.809	21.119	20.779	415.42	415.34
22:15:03	23.5	23.78	24.139	26.859	21.121	20.779	415.42	415.34
22:16:02	23.5	23.78	24.15	27.115	21.123	20.781	415.42	415.34
22:17:02	23.5	23.78	24.175	27.292	21.123	20.78	415.42	415.34
22:18:02	23.501	23.782	24.22	27.311	21.121	20.78	415.42	415.34
22:19:01	23.501	23.784	24.205	27.296	21.123	20.781	415.42	415.34
22:20:02	23.502	23.785	24.248	27.199	21.126	20.781	415.42	415.34
22:21:02	23.502	23.787	24.22	27.246	21.127	20.78	415.42	415.34
22:22:02	23.503	23.788	24.245	26.963	21.129	20.781	415.42	415.34
22:23:02	23.505	23.788	24.268	26.673	21.127	20.782	415.42	415.34
22:24:02	23.504	23.789	24.222	26.444	21.125	20.784	415.42	415.34
22:25:02	23.505	23.79	24.198	26.395	21.126	20.786	415.42	415.34
22:26:01	23.506	23.791	24.164	26.2	21.128	20.784	415.42	415.34
22:27:02	23.505	23.792	24.139	26.263	21.128	20.785	415.42	415.34
22:28:02	23.507	23.793	24.124	26.388	21.127	20.783	415.42	415.34
22:29:02	23.507	23.794	24.123	26.616	21.128	20.785	415.42	415.34
22:30:02	23.509	23.795	24.129	26.889	21.128	20.783	415.42	415.34
22:31:02	23.509	23.796	24.176	27.038	21.127	20.785	415.42	415.34
22:32:02	23.509	23.797	24.156	27.018	21.125	20.786	415.42	415.34
22:33:02	23.509	23.796	24.174	26.966	21.128	20.784	415.42	415.34
22:34:02	23.51	23.798	24.205	26.959	21.127	20.784	415.42	415.34
22:35:02	23.51	23.797	24.178	27.03	21.126	20.786	415.42	415.34
22:36:02	23.51	23.798	24.176	26.943	21.13	20.784	415.42	415.34
22:37:02	23.511	23.798	24.206	26.962	21.127	20.784	415.42	415.34
22:38:02	23.512	23.799	24.181	27.123	21.128	20.784	415.42	415.34
22:39:01	23.511	23.799	24.171	27.111	21.125	20.784	415.42	415.34
22:40:02	23.511	23.798	24.187	27.138	21.125	20.783	415.42	415.34
22:41:02	23.512	23.8	24.195	26.738	21.128	20.784	415.42	415.34
22:42:02	23.513	23.8	24.194	26.734	21.128	20.785	415.42	415.34
22:43:02	23.513	23.8	24.187	26.656	21.13	20.786	415.42	415.34
22:44:02	23.514	23.803	24.159	26.772	21.132	20.786	415.42	415.34
22:45:02	23.514	23.805	24.139	27.037	21.13	20.786	415.42	415.34
22:46:02	23.514	23.806	24.146	27.066	21.131	20.785	415.42	415.34
22:47:02	23.515	23.807	24.134	27.053	21.131	20.787	415.42	415.34
22:48:02	23.515	23.807	24.152	26.933	21.131	20.788	415.42	415.34
22:49:02	23.517	23.807	24.15	27.026	21.13	20.788	415.42	415.34
22:50:02	23.516	23.807	24.165	27.157	21.131	20.786	415.42	415.34
22:51:02	23.517	23.807	24.164	27.269	21.13	20.784	415.42	415.34
22:52:02	23.518	23.808	24.144	27.306	21.131	20.787	415.42	415.34
22:53:02	23.518	23.807	24.149	27.349	21.129	20.786	415.42	415.34
22:54:02	23.518	23.807	24.165	27.369	21.13	20.786	415.42	415.34
22:55:02	23.518	23.807	24.172	27.296	21.131	20.786	415.42	415.34
22:56:02	23.519	23.81	24.188	27.316	21.133	20.786	415.42	415.34
22:57:02	23.519	23.81	24.202	27.298	21.133	20.785	415.42	415.34
22:58:02	23.519	23.81	24.207	26.981	21.133	20.788	415.42	415.34
22:59:02	23.52	23.812	24.193	26.776	21.131	20.787	415.42	415.34
23:00:02	23.521	23.813	24.168	26.907	21.132	20.788	415.42	415.34
23:01:02	23.522	23.813	24.168	26.798	21.133	20.788	415.42	415.34
23:02:02	0.0	23.815	24.179	26.975	21.133	20.788	415.42	415.34
23:03:02	23.523	23.815	24.156	27.282	21.134	20.788	415.42	415.34
23:04:02	23.524	23.817	24.177	27.268	21.136	20.789	415.42	415.34
23:05:02	23.524	23.818	24.18	27.251	21.136	20.79	415.42	415.34
23:06:02	23.524	23.818	24.17	27.114	21.136	20.79	415.42	415.34
23:07:02	23.524	23.82	24.22	26.915	21.139	20.791	415.42	415.34
23:08:02	23.525	23.82	24.188	26.94	21.137	20.79	415.42	415.34
23:09:02	23.526	23.821	24.158	26.823	21.138	20.79	415.42	415.34
23:10:02	23.527	23.822	24.145	26.809	21.138	20.79	415.42	415.34
23:11:03	23.526	23.821	24.123	27.032	21.135	20.789	415.42	415.34
23:12:02	23.527	23.822	24.129	26.918	21.133	20.79	415.42	415.34
23:13:02	23.527	23.823	24.13	27.129	21.134	20.791	415.42	415.34
23:14:02	23.527	23.822	24.129	26.966	21.136	20.788	415.42	415.34
23:15:02	23.528	23.822	24.145	26.556	21.131	20.787	415.42	415.34
23:16:02	23.527	23.822	24.122	26.325	21.132	20.789	415.42	415.34
23:17:02	23.528	23.822	24.069	26.076	21.136	20.789	415.42	415.34
23:18:02	23.529	23.823	24.066	26.31	21.136	20.789	415.42	415.34
23:19:02	23.53	23.824	24.109	26.647	21.137	20.791	415.42	415.34
23:20:02	23.53	23.825	24.143	26.889	21.138	20.791	415.42	415.34
23:21:02	23.53	23.827	24.145	27.097	21.138	20.791	415.42	415.34
23:22:02	23.532	23.827	24.16	27.412	21.136	20.792	415.42	415.34
23:23:02	23.532	23.828	24.127	27.839	21.136	20.791	415.42	415.34
23:24:02	23.532	23.827	24.146	27.9	21.137	20.792	415.42	415.34
23:25:02	23.533	23.831	24.198	27.762	21.139	20.793	415.42	415.34
23:26:02	23.533	23.83	24.231	27.393	21.139	20.793	415.42	415.34
23:27:02	23.533	23.831	24.211	27.02	21.138	20.792	415.42	415.34
23:28:02	23.534	23.83	24.185	26.991	21.138	20.794	415.42	415.34
23:29:01	23.534	23.831	24.164	27.001	21.137	20.791	415.42	415.34
23:30:02	23.535	23.833	24.159	26.82	21.14	20.793	415.42	415.34
23:31:02	23.536	23.833	24.153	0.0	21.139	20.793	415.42	415.34
23:32:02	23.537	23.833	24.165	27.435	21.137	20.791	415.42	415.34
23:33:02	23.537	23.833	24.205	27.356	21.136	20.793	415.42	415.34
23:34:02	23.537	23.834	24.237	27.343	21.134	20.793	415.42	415.34
23:35:02	23.537	23.833	24.26	0.0	21.137	20.79	415.42	415.34
23:36:02	23.539	23.833	24.278	27.342	21.139	20.793	415.42	415.34
23:37:02	23.537	23.835	24.315	27.191	21.14	20.793	415.42	415.34
23:38:02	23.538	23.835	24.304	27.037	21.138	20.795	415.42	415.34
23:39:02	23.539	23.836	24.273	26.606	21.139	20.796	415.42	415.34
23:40:02	23.54	23.838	24.248	26.403	21.138	20.795	415.42	415.34
23:41:02	23.539	23.838	24.219	26.456	21.141	20.796	415.42	415.34
23:42:02	23.541	23.839	24.211	26.542	21.139	20.794	415.42	415.34
23:43:02	23.541	23.838	24.204	26.7	21.137	20.794	415.42	415.34
23:44:02	23.541	23.839	24.173	26.872	21.138	20.796	415.42	415.34
23:45:02	23.541	23.839	24.154	27.052	21.139	20.795	415.42	415.34
23:46:02	23.541	23.839	24.176	27.166	21.138	20.794	415.42	415.34
23:47:02	23.543	23.839	24.166	27.249	21.136	20.796	415.42	415.34
23:48:02	23.543	23.839	24.151	27.364	21.138	20.792	415.42	415.34
23:49:02	23.542	23.841	24.175	27.457	21.139	20.796	415.42	415.34
23:50:02	23.544	23.841	24.2	27.222	21.139	20.794	415.42	415.34
23:51:02	23.544	23.841	24.211	27.191	21.135	20.794	415.42	415.34
23:52:02	23.544	23.842	24.187	27.353	21.14	20.797	415.42	415.34
23:53:02	23.544	23.844	24.203	27.33	21.14	20.796	415.42	415.34
23:54:02	23.545	23.844	24.196	27.38	21.141	20.796	415.42	415.34
23:55:02	23.545	23.844	24.194	27.27	21.14	20.798	415.42	415.34
23:56:02	23.546	23.846	24.214	27.024	21.138	20.798	415.42	415.34
23:57:02	23.546	23.845	24.219	26.912	21.138	20.797	415.42	415.34
23:58:03	23.547	23.847	24.2	26.845	21.139	20.797	415.42	415.34
23:59:02	23.547	23.845	24.185	26.852	21.139	20.793	415.42	415.34
