00:00:22	17.944	17.645	17.776	18.417	17.59	17.736	415.42	415.34
00:01:23	17.945	17.645	17.761	18.387	17.589	17.736	415.42	415.34
00:02:22	0.0	17.645	17.753	18.355	17.591	17.737	415.42	415.34
00:03:22	17.945	17.645	17.748	18.337	17.591	17.737	415.42	415.34
00:04:23	17.945	17.644	17.747	18.329	17.591	17.737	415.42	415.34
00:05:22	0.0	17.646	17.751	18.319	17.591	17.736	415.42	415.34
00:06:22	17.945	17.645	17.748	18.318	17.591	17.736	415.42	415.34
00:07:22	17.944	17.646	17.741	18.322	17.592	17.737	415.42	415.34
00:08:22	17.943	17.645	17.735	18.318	17.592	17.737	415.42	415.34
00:09:22	17.945	17.646	17.74	18.369	17.591	17.737	415.42	415.34
00:10:22	17.944	17.645	17.744	18.35	17.591	17.737	415.42	415.34
00:11:23	17.944	17.645	17.741	18.346	17.589	17.735	415.42	415.34
00:12:22	0.0	17.645	17.74	18.386	17.592	17.736	415.42	415.34
00:13:22	17.945	17.645	17.739	18.434	17.591	17.735	415.42	415.34
00:14:22	17.944	17.645	17.744	18.51	17.59	17.736	415.42	415.34
00:15:22	17.944	17.645	17.755	18.605	17.591	17.736	415.42	415.34
00:16:22	17.945	17.645	17.768	18.628	17.592	17.736	415.42	415.34
00:17:22	17.945	17.645	17.778	18.675	17.589	17.737	415.42	415.34
00:18:22	17.944	17.646	17.784	18.736	17.59	17.737	415.42	415.34
00:19:22	17.945	17.646	17.791	18.797	17.591	17.737	415.42	415.34
00:20:22	17.945	17.646	17.797	18.833	17.591	17.736	415.42	415.34
00:21:22	17.944	17.646	17.809	18.793	17.592	17.737	415.42	415.34
00:22:22	17.945	17.646	17.806	18.719	17.591	17.737	415.42	415.34
00:23:22	17.945	17.647	17.801	18.642	17.591	17.737	415.42	415.34
00:24:22	17.945	17.646	17.789	18.57	17.592	17.737	415.42	415.34
00:25:22	17.944	17.648	17.779	18.537	17.593	17.737	415.42	415.34
00:26:22	17.945	17.647	17.779	18.837	17.593	17.739	415.42	415.34
00:27:22	17.945	17.649	17.774	18.757	17.593	17.738	415.42	415.34
00:28:22	17.945	17.649	17.774	18.675	17.594	17.739	415.42	415.34
00:29:22	17.945	17.648	17.77	18.588	17.593	17.737	415.42	415.34
00:30:22	17.945	17.648	17.767	18.532	17.592	17.737	415.42	415.34
00:31:22	17.944	17.648	17.762	18.509	17.59	17.737	415.42	415.34
00:32:22	17.946	17.648	17.756	18.501	17.591	17.735	415.42	415.34
00:33:22	17.945	17.647	17.752	18.471	17.591	17.735	415.42	415.34
00:34:22	17.946	17.646	17.751	18.455	17.591	17.737	415.42	415.34
00:35:22	17.944	17.646	17.747	18.449	17.592	17.736	415.42	415.34
00:36:22	17.946	17.645	17.734	18.445	17.591	17.736	415.42	415.34
00:37:22	17.946	17.647	17.733	18.441	17.591	17.736	415.42	415.34
00:38:22	17.945	17.647	17.736	18.443	17.592	17.738	415.42	415.34
00:39:22	17.945	17.647	17.735	18.477	17.594	17.738	415.42	415.34
00:40:22	17.947	17.648	17.735	18.513	17.592	17.738	415.42	415.34
00:41:22	17.946	17.649	17.734	18.841	17.595	17.739	415.42	415.34
00:42:22	17.946	17.649	17.743	19.308	17.594	17.737	415.42	415.34
00:43:22	17.947	17.65	17.761	19.267	17.595	17.738	415.42	415.34
00:44:22	17.946	17.65	17.776	19.16	17.594	17.737	415.42	415.34
00:45:22	17.945	17.649	17.77	18.89	17.593	17.738	415.42	415.34
00:46:24	17.946	17.651	17.758	18.717	17.593	17.738	415.42	415.34
00:47:22	17.947	17.649	17.751	18.638	17.592	17.738	415.42	415.34
00:48:22	17.946	17.649	17.747	18.576	17.593	17.737	415.42	415.34
00:49:22	17.945	17.648	17.744	18.535	17.59	17.735	415.42	415.34
00:50:22	17.946	17.648	17.741	18.505	17.591	17.736	415.42	415.34
00:51:22	17.944	17.648	17.736	18.465	17.59	17.737	415.42	415.34
00:52:22	17.945	17.646	17.732	18.469	17.59	17.735	415.42	415.34
00:53:22	17.945	17.646	17.729	18.533	17.59	17.736	415.42	415.34
00:54:22	17.945	17.646	17.733	18.693	17.59	17.736	415.42	415.34
00:55:22	17.945	17.646	17.744	18.909	17.59	17.736	415.42	415.34
00:56:22	17.946	17.646	17.755	19.383	17.591	17.736	415.42	415.34
00:57:22	17.945	17.645	17.78	19.575	17.591	17.737	415.42	415.34
00:58:22	17.946	17.646	17.799	19.476	17.591	17.736	415.42	415.34
00:59:22	17.945	17.646	17.809	19.153	17.591	17.737	415.42	415.34
01:00:22	17.945	17.647	17.797	18.908	17.592	17.737	415.42	415.34
01:01:22	17.946	17.648	17.73	18.782	17.591	17.737	415.42	415.34
01:02:22	17.946	17.648	17.675	18.746	17.593	17.739	415.42	415.34
01:03:22	17.946	17.65	17.581	18.82	17.593	17.739	415.42	415.34
01:04:22	17.947	17.651	17.432	18.732	17.594	17.738	415.42	415.34
01:05:22	17.947	17.651	17.303	18.638	17.594	17.738	415.42	415.34
01:06:22	17.948	17.651	17.202	18.564	17.594	17.738	415.42	415.34
01:07:22	17.945	17.652	17.171	18.518	17.594	17.738	415.42	415.34
01:08:22	17.947	17.653	17.107	18.487	17.594	17.737	415.42	415.34
01:09:22	17.947	17.653	17.033	18.42	17.594	17.738	415.42	415.34
01:10:22	17.946	17.653	17.015	18.399	17.595	17.739	415.42	415.34
01:11:22	17.947	17.652	16.99	18.383	17.595	17.738	415.42	415.34
01:12:22	17.947	17.654	16.945	18.395	17.592	17.737	415.42	415.34
01:13:22	17.946	17.654	16.969	18.483	17.594	17.738	415.42	415.34
01:14:22	17.947	17.654	16.886	18.793	17.594	17.737	415.42	415.34
01:15:22	17.946	17.653	16.811	18.955	17.594	17.737	415.42	415.34
01:16:22	17.947	17.654	16.822	19.061	17.595	17.736	415.42	415.34
01:17:22	17.946	17.654	16.785	19.151	17.593	17.738	415.42	415.34
01:18:22	17.946	17.654	16.689	19.179	17.594	17.737	415.42	415.34
01:19:22	17.947	17.654	16.687	19.195	17.595	17.737	415.42	415.34
01:20:22	17.947	17.654	16.692	19.145	17.595	17.737	415.42	415.34
01:21:22	17.947	17.653	16.784	19.212	17.593	17.736	415.42	415.34
01:22:22	17.946	17.653	17.003	19.408	17.593	17.737	415.42	415.34
01:23:22	17.947	17.653	17.148	19.668	17.594	17.737	415.42	415.34
01:24:22	17.946	17.653	17.25	19.793	17.594	17.737	415.42	415.34
01:25:22	17.947	17.654	17.32	19.645	17.594	17.738	415.42	415.34
01:26:22	17.947	17.654	17.367	19.447	17.596	17.736	415.42	415.34
01:27:22	17.947	17.654	17.403	19.318	17.596	17.738	415.42	415.34
01:28:22	17.946	17.655	17.428	19.278	17.596	17.738	415.42	415.34
01:29:22	17.947	17.655	17.44	19.559	17.597	17.739	415.42	415.34
01:30:24	17.947	17.655	17.464	19.853	17.595	17.738	415.42	415.34
01:31:22	17.948	17.657	17.5	19.98	17.596	17.739	415.42	415.34
01:32:25	17.946	17.656	17.544	20.359	17.596	17.738	415.42	415.34
01:33:22	17.947	17.656	17.581	20.363	17.595	17.737	415.42	415.34
01:34:22	17.947	17.656	17.6	20.18	17.596	17.739	415.42	415.34
01:35:22	17.947	17.655	17.612	19.752	17.595	17.737	415.42	415.34
01:36:22	17.946	17.656	17.611	19.407	17.595	17.739	415.42	415.34
01:37:22	17.946	17.656	17.599	19.193	17.595	17.737	415.42	415.34
01:38:22	17.946	17.655	17.588	19.191	17.595	17.738	415.42	415.34
01:39:22	17.946	17.655	17.599	19.147	17.595	17.737	415.42	415.34
01:40:22	17.946	17.654	17.617	19.082	17.595	17.738	415.42	415.34
01:41:22	17.945	17.654	17.625	19.268	17.595	17.737	415.42	415.34
01:42:22	17.947	17.655	17.626	19.586	17.596	17.738	415.42	415.34
01:43:22	17.946	17.655	17.646	19.758	17.595	17.738	415.42	415.34
01:44:22	17.946	17.655	17.663	19.752	0.0	17.737	415.42	415.34
01:45:22	17.945	17.654	17.684	19.733	17.595	17.738	415.42	415.34
01:46:22	17.946	17.655	17.704	19.982	17.595	17.736	415.42	415.34
01:47:22	17.947	17.655	17.716	19.808	17.594	17.736	415.42	415.34
01:48:22	17.945	17.653	17.708	19.478	17.594	17.736	415.42	415.34
01:49:23	17.946	17.653	17.701	19.218	17.594	17.736	415.42	415.34
01:50:22	17.946	17.654	17.71	19.047	17.592	17.737	415.42	415.34
01:51:23	17.945	17.652	17.709	18.924	17.593	17.736	415.42	415.34
01:52:22	0.0	17.653	17.71	18.862	17.593	17.736	415.42	415.34
01:53:22	17.945	17.65	17.713	18.808	17.592	17.736	415.42	415.34
01:54:22	17.945	17.65	17.714	18.78	17.591	17.735	415.42	415.34
01:55:22	17.945	17.65	17.715	18.769	17.592	17.736	415.42	415.34
01:56:24	17.945	17.65	17.725	18.763	17.59	17.736	415.42	415.34
01:57:22	17.945	17.65	17.724	18.934	17.592	17.735	415.42	415.34
01:58:22	17.945	17.65	17.733	18.946	17.593	17.737	415.42	415.34
01:59:22	17.945	17.649	17.743	18.9	17.591	17.736	415.42	415.34
02:00:22	17.944	17.65	17.744	18.857	17.593	17.736	415.42	415.34
02:01:22	17.945	17.651	17.748	18.769	17.592	17.735	415.42	415.34
02:02:22	17.944	17.651	17.743	18.701	17.592	17.735	415.42	415.34
02:03:22	17.944	17.651	17.743	18.698	17.592	17.737	415.42	415.34
02:04:22	17.945	17.652	17.746	18.692	17.592	17.736	415.42	415.34
02:05:22	17.945	17.652	17.753	18.68	17.592	17.736	415.42	415.34
02:06:22	17.945	17.653	17.769	18.665	17.592	17.736	415.42	415.34
02:07:22	17.944	17.653	17.758	18.598	17.594	17.738	415.42	415.34
02:08:22	17.945	17.653	17.726	18.48	17.594	17.736	415.42	415.34
02:09:22	17.946	17.654	17.649	18.526	17.593	17.736	415.42	415.34
02:10:22	17.945	17.654	17.652	18.551	17.594	17.737	415.42	415.34
02:11:22	17.944	17.654	17.692	18.595	17.594	17.736	415.42	415.34
02:12:22	17.945	17.654	17.622	18.576	17.594	17.736	415.42	415.34
02:13:22	17.945	17.654	17.644	18.517	17.594	17.736	415.42	415.34
02:14:23	17.945	17.654	17.673	18.365	17.594	17.736	415.42	415.34
02:15:22	17.945	17.654	17.497	17.233	17.593	17.736	415.42	415.34
02:16:22	17.943	17.653	17.476	17.611	17.593	17.735	415.42	415.34
02:17:22	17.945	17.653	17.542	18.027	17.592	17.735	415.42	415.34
02:18:23	17.943	17.652	17.596	18.271	17.592	17.735	415.42	415.34
02:19:22	0.0	17.652	17.622	18.387	17.591	17.735	415.42	415.34
02:20:22	17.944	17.651	17.641	18.441	17.591	17.735	415.42	415.34
02:21:22	17.944	17.651	17.645	18.461	17.592	17.736	415.42	415.34
02:22:22	17.945	17.652	17.638	18.474	17.593	17.735	415.42	415.34
02:23:22	17.943	17.651	17.637	18.472	17.593	17.735	415.42	415.34
02:24:22	17.944	17.651	17.642	18.464	17.591	17.735	415.42	415.34
02:25:24	17.945	17.652	17.652	18.463	17.591	17.735	415.42	415.34
02:26:22	17.945	17.653	17.655	18.465	17.593	17.736	415.42	415.34
02:27:22	17.944	17.653	17.66	18.457	17.592	17.734	415.42	415.34
02:28:22	17.945	17.653	17.664	18.452	17.593	17.735	415.42	415.34
02:29:22	17.944	17.652	17.667	18.448	17.592	17.736	415.42	415.34
02:30:22	17.945	17.654	17.669	18.444	17.594	17.736	415.42	415.34
02:31:22	17.944	17.655	17.672	18.437	17.593	17.735	415.42	415.34
02:32:22	17.944	17.655	17.673	18.432	17.594	17.736	415.42	415.34
02:33:22	17.944	17.656	17.672	18.434	17.594	17.737	415.42	415.34
02:34:22	17.944	17.655	17.675	18.424	17.594	17.736	415.42	415.34
02:35:22	17.944	17.654	17.673	18.422	17.593	17.736	415.42	415.34
02:36:22	17.945	17.655	17.675	18.426	17.594	17.737	415.42	415.34
02:37:22	17.944	17.655	17.676	18.572	17.594	17.736	415.42	415.34
02:38:22	17.945	17.656	17.682	19.019	17.593	17.736	415.42	415.34
02:39:22	17.944	17.656	17.704	19.42	17.594	17.736	415.42	415.34
02:40:22	17.945	17.656	17.72	19.585	17.595	17.737	415.42	415.34
02:41:22	17.944	17.657	17.745	19.512	17.594	17.736	415.42	415.34
02:42:22	17.945	17.656	17.748	19.344	17.595	17.737	415.42	415.34
02:43:22	17.944	17.656	17.741	19.067	17.594	17.737	415.42	415.34
02:44:22	17.944	17.657	17.729	18.869	17.594	17.737	415.42	415.34
02:45:22	17.944	17.658	17.714	18.73	17.596	17.737	415.42	415.34
02:46:22	17.944	17.656	17.711	18.634	17.595	17.736	415.42	415.34
02:47:22	17.945	17.657	17.711	18.594	17.596	17.737	415.42	415.34
02:48:22	17.945	17.658	17.709	18.569	17.595	17.737	415.42	415.34
02:49:22	17.944	17.656	17.702	18.54	17.595	17.736	415.42	415.34
02:50:22	17.945	17.658	17.697	18.509	17.594	17.738	415.42	415.34
02:51:22	17.945	17.657	17.698	18.489	17.595	17.737	415.42	415.34
02:52:22	17.945	17.658	17.7	18.476	17.595	17.736	415.42	415.34
02:53:22	17.945	17.656	17.695	18.467	17.595	17.738	415.42	415.34
02:54:22	17.945	17.657	17.686	18.457	17.595	17.737	415.42	415.34
02:55:22	17.944	17.656	17.679	18.444	17.597	17.737	415.42	415.34
02:56:22	17.944	17.658	17.667	18.441	17.596	17.737	415.42	415.34
02:57:22	17.944	17.658	17.666	18.435	17.596	17.737	415.42	415.34
02:58:23	17.944	17.657	17.667	18.425	17.595	17.738	415.42	415.34
02:59:22	0.0	17.657	17.664	18.42	17.595	17.738	415.42	415.34
03:00:22	17.945	17.658	17.656	18.421	17.596	17.738	415.42	415.34
03:01:22	17.944	17.657	17.653	18.424	17.596	17.738	415.42	415.34
03:02:22	17.944	17.657	17.653	18.46	17.596	17.736	415.42	415.34
03:03:22	17.944	17.658	17.655	18.51	17.596	17.738	415.42	415.34
03:04:22	17.945	17.658	17.667	18.668	17.597	17.739	415.42	415.34
03:05:22	17.944	17.659	17.682	18.789	17.596	17.737	415.42	415.34
03:06:22	17.945	17.659	17.689	18.825	17.598	17.739	415.42	415.34
03:07:22	17.945	17.658	17.697	18.958	17.597	17.738	415.42	415.34
03:08:22	17.945	17.659	17.701	19.016	17.599	17.74	415.42	415.34
03:09:24	17.945	17.66	17.707	19.002	0.0	17.74	415.42	415.34
03:10:22	17.945	17.658	17.722	18.916	17.597	17.738	415.42	415.34
03:11:22	17.945	17.659	17.728	18.811	17.596	17.738	415.42	415.34
03:12:22	17.945	17.658	17.725	18.715	17.598	17.739	415.42	415.34
03:13:22	17.944	17.658	17.717	18.626	17.598	17.739	415.42	415.34
03:14:22	17.945	17.658	17.699	18.729	17.597	17.738	415.42	415.34
03:15:22	17.944	17.659	17.703	18.852	17.597	17.74	415.42	415.34
03:16:22	17.945	17.659	17.708	18.724	17.598	17.74	415.42	415.34
03:17:22	17.946	17.659	17.706	18.63	17.599	17.739	415.42	415.34
03:18:22	17.944	17.66	17.706	18.575	17.599	17.739	415.42	415.34
03:19:22	17.946	17.66	17.705	18.545	17.599	17.739	415.42	415.34
03:20:22	17.945	17.661	17.704	18.564	17.599	17.739	415.42	415.34
03:21:22	17.945	17.659	17.7	18.567	17.598	17.74	415.42	415.34
03:22:22	17.946	17.66	17.7	18.525	17.599	17.739	415.42	415.34
03:23:22	17.945	17.661	17.7	18.496	17.6	17.74	415.42	415.34
03:24:22	17.947	17.66	17.696	18.48	17.6	17.739	415.42	415.34
03:25:22	17.945	17.66	17.694	18.471	17.597	17.739	415.42	415.34
03:26:22	17.945	17.66	17.694	18.484	17.599	17.74	415.42	415.34
03:27:22	17.945	17.661	17.693	18.49	17.599	17.739	415.42	415.34
03:28:22	17.946	17.659	17.693	18.514	17.599	17.74	415.42	415.34
03:29:22	17.945	17.659	17.692	18.615	17.598	17.74	415.42	415.34
03:30:22	17.946	17.659	17.695	18.753	17.599	17.738	415.42	415.34
03:31:22	17.944	17.657	17.701	18.741	17.596	17.739	415.42	415.34
03:32:22	17.945	17.657	17.707	18.749	17.597	17.737	415.42	415.34
03:33:22	17.945	17.657	17.707	18.797	17.597	17.738	415.42	415.34
03:34:22	17.945	17.657	17.709	18.991	17.596	17.738	415.42	415.34
03:35:22	17.945	17.655	17.715	19.193	17.597	17.738	415.42	415.34
03:36:22	17.945	17.655	17.726	19.159	17.597	17.738	415.42	415.34
03:37:22	17.945	17.656	17.738	19.211	17.596	17.738	415.42	415.34
03:38:22	17.945	17.654	17.746	19.236	17.597	17.738	415.42	415.34
03:39:22	17.946	17.656	17.747	19.189	17.596	17.738	415.42	415.34
03:40:22	17.945	17.655	17.747	19.023	17.596	17.738	415.42	415.34
03:41:24	17.945	17.655	17.734	18.836	17.596	17.737	415.42	415.34
03:42:22	17.944	17.654	17.718	18.799	17.595	17.738	415.42	415.34
03:43:22	17.945	17.655	17.709	18.753	17.596	17.738	415.42	415.34
03:44:22	17.946	17.654	17.712	18.7	17.595	17.737	415.42	415.34
03:45:22	17.946	17.654	17.717	18.636	17.597	17.738	415.42	415.34
03:46:22	17.945	17.654	17.715	18.576	17.596	17.738	415.42	415.34
03:47:22	17.945	17.653	17.716	18.534	17.595	17.738	415.42	415.34
03:48:22	17.944	17.654	17.715	18.522	17.596	17.738	415.42	415.34
03:49:22	17.944	17.653	17.702	18.569	17.595	17.738	415.42	415.34
03:50:22	17.945	17.651	17.71	18.64	17.596	17.738	415.42	415.34
03:51:22	17.945	17.653	17.722	18.675	17.595	17.737	415.42	415.34
03:52:22	17.945	17.653	17.74	18.683	17.595	17.738	415.42	415.34
03:53:22	17.945	17.653	17.723	18.659	17.594	17.737	415.42	415.34
03:54:22	17.944	17.653	17.72	18.741	17.597	17.737	415.42	415.34
03:55:22	17.945	17.652	17.723	18.911	17.595	17.738	415.42	415.34
03:56:22	17.945	17.652	17.727	18.939	17.594	17.738	415.42	415.34
03:57:22	17.945	17.653	17.734	18.874	17.594	17.737	415.42	415.34
03:58:22	17.945	17.652	17.748	18.738	17.594	17.737	415.42	415.34
03:59:22	17.944	17.651	17.751	18.633	17.596	17.738	415.42	415.34
04:00:22	17.945	17.653	17.745	18.566	17.595	17.737	415.42	415.34
04:01:22	17.945	17.652	17.736	18.505	17.595	17.738	415.42	415.34
04:02:22	17.946	17.653	17.721	18.65	17.595	17.739	415.42	415.34
04:03:22	17.944	17.653	17.717	18.75	17.596	17.739	415.42	415.34
04:04:22	17.945	17.652	17.719	18.656	17.597	17.737	415.42	415.34
04:05:22	17.945	17.652	17.715	18.575	17.596	17.739	415.42	415.34
04:06:22	17.945	17.653	17.713	18.523	17.596	17.739	415.42	415.34
04:07:22	17.945	17.652	17.713	18.501	17.595	17.739	415.42	415.34
04:08:22	17.944	17.653	17.71	18.489	17.596	17.739	415.42	415.34
04:09:22	17.945	17.653	17.702	18.474	17.595	17.738	415.42	415.34
04:10:22	17.944	17.653	17.699	18.449	17.596	17.738	415.42	415.34
04:11:22	17.944	17.653	17.697	18.438	17.595	17.738	415.42	415.34
04:12:22	17.944	17.653	17.694	18.432	17.597	17.738	415.42	415.34
04:13:22	17.945	17.653	17.692	18.42	17.596	17.738	415.42	415.34
04:14:22	17.944	17.654	17.689	18.415	17.597	17.739	415.42	415.34
04:15:22	17.945	17.655	17.688	18.425	17.598	17.74	415.42	415.34
04:16:22	17.945	17.654	17.687	18.439	17.597	17.739	415.42	415.34
04:17:22	17.945	17.655	17.687	18.759	17.598	17.74	415.42	415.34
04:18:22	17.945	17.655	17.693	19.158	17.598	17.74	415.42	415.34
04:19:22	17.945	17.655	17.707	19.212	17.598	17.742	415.42	415.34
04:20:23	17.945	17.656	17.724	19.06	17.598	17.74	415.42	415.34
04:21:22	17.946	17.656	17.732	18.924	17.599	17.741	415.42	415.34
04:22:22	17.945	17.656	17.731	18.854	17.599	17.741	415.42	415.34
04:23:22	17.946	17.657	17.727	18.841	17.6	17.741	415.42	415.34
04:24:22	17.945	17.657	17.725	18.983	17.599	17.742	415.42	415.34
04:25:23	17.945	17.658	17.731	19.099	17.599	17.74	415.42	415.34
04:26:22	0.0	17.657	17.74	19.02	17.6	17.742	415.42	415.34
04:27:22	17.946	17.659	17.745	19.115	17.6	17.743	415.42	415.34
04:28:22	17.946	17.657	17.745	19.06	17.6	17.741	415.42	415.34
04:29:22	17.947	17.659	17.751	19.073	17.6	17.741	415.42	415.34
04:30:22	17.948	17.658	17.756	19.126	17.601	17.74	415.42	415.34
04:31:22	17.946	17.658	17.762	19.058	17.601	17.741	415.42	415.34
04:32:22	17.948	17.657	17.759	18.922	17.599	17.742	415.42	415.34
04:33:22	17.947	17.656	17.746	18.766	17.6	17.741	415.42	415.34
04:34:22	17.946	17.657	17.727	18.733	17.598	17.74	415.42	415.34
04:35:22	17.947	17.656	17.718	18.698	17.598	17.741	415.42	415.34
04:36:22	17.946	17.657	17.72	18.644	17.6	17.741	415.42	415.34
04:37:22	17.947	17.657	17.719	18.733	17.599	17.742	415.42	415.34
04:38:22	17.947	17.657	17.718	19.149	17.602	17.741	415.42	415.34
04:39:22	17.948	17.659	17.733	19.508	17.6	17.741	415.42	415.34
04:40:22	17.947	17.658	17.744	19.584	17.601	17.741	415.42	415.34
04:41:22	17.947	17.658	17.75	19.228	17.6	17.741	415.42	415.34
04:42:22	17.947	17.658	17.756	18.975	17.603	17.741	415.42	415.34
04:43:22	17.947	17.657	17.755	18.815	17.6	17.741	415.42	415.34
04:44:22	17.946	17.659	17.745	18.717	17.6	17.741	415.42	415.34
04:45:22	17.947	17.658	17.736	18.708	17.6	17.741	415.42	415.34
04:46:22	17.946	17.657	17.725	18.929	17.601	17.74	415.42	415.34
04:47:22	17.946	17.658	17.732	18.836	17.599	17.74	415.42	415.34
04:48:22	17.946	17.656	17.732	18.735	17.6	17.741	415.42	415.34
04:49:22	17.946	17.657	17.736	18.667	17.599	17.741	415.42	415.34
04:50:22	17.947	17.657	17.731	18.611	17.599	17.741	415.42	415.34
04:51:22	17.946	17.656	17.73	18.572	17.598	17.741	415.42	415.34
04:52:22	17.946	17.656	17.726	18.546	17.599	17.741	415.42	415.34
04:53:24	17.947	17.656	17.724	18.527	17.6	17.741	415.42	415.34
04:54:22	17.946	17.656	17.719	18.516	17.6	17.741	415.42	415.34
04:55:23	17.947	17.656	17.718	18.504	17.599	17.74	415.42	415.34
04:56:23	17.947	17.656	17.714	18.496	17.599	17.74	415.42	415.34
04:57:23	17.947	17.657	17.711	18.491	17.601	17.741	415.42	415.34
04:58:23	17.947	17.656	17.71	18.485	17.599	17.742	415.42	415.34
04:59:23	17.947	17.657	17.707	18.487	17.6	17.742	415.42	415.34
05:00:23	17.947	17.657	17.708	18.493	17.599	17.742	415.42	415.34
05:01:23	17.947	17.657	17.706	18.518	17.6	17.74	415.42	415.34
05:02:23	17.947	17.658	17.704	18.504	17.6	17.742	415.42	415.34
05:03:23	17.947	17.658	17.702	18.489	17.6	17.742	415.42	415.34
05:04:23	17.947	17.657	17.697	18.475	17.6	17.742	415.42	415.34
05:05:23	17.948	17.657	17.69	18.465	17.599	17.741	415.42	415.34
05:06:23	17.947	17.658	17.691	18.504	17.601	17.74	415.42	415.34
05:07:23	17.948	17.658	17.693	18.62	17.601	17.742	415.42	415.34
05:08:23	17.947	17.659	17.697	18.645	17.601	17.742	415.42	415.34
05:09:23	17.947	17.659	17.7	18.62	17.602	17.741	415.42	415.34
05:10:23	17.948	17.658	17.7	18.762	17.602	17.743	415.42	415.34
05:11:23	17.948	17.659	17.706	18.81	17.601	17.742	415.42	415.34
05:12:24	17.948	17.659	17.713	18.937	17.6	17.743	415.42	415.34
05:13:23	17.948	17.658	17.72	19.052	17.602	17.742	415.42	415.34
05:14:23	17.948	17.659	17.731	19.335	17.601	17.744	415.42	415.34
05:15:23	17.948	17.659	17.744	19.247	17.602	17.743	415.42	415.34
05:16:23	17.948	17.659	17.752	19.078	17.602	17.743	415.42	415.34
05:17:23	17.948	17.658	17.738	18.852	17.603	17.743	415.42	415.34
05:18:23	17.948	17.659	17.727	18.725	17.602	17.742	415.42	415.34
05:19:23	17.948	17.659	17.71	18.695	17.601	17.741	415.42	415.34
05:20:23	17.948	17.658	17.707	18.656	17.6	17.741	415.42	415.34
05:21:23	17.948	17.658	17.702	18.605	17.598	17.74	415.42	415.34
05:22:25	17.948	17.657	17.708	18.576	17.598	17.74	415.42	415.34
05:23:23	0.0	17.657	17.708	18.667	17.599	17.739	415.42	415.34
05:24:23	17.948	17.657	17.711	19.114	17.598	17.741	415.42	415.34
05:25:23	17.948	17.657	17.719	19.353	17.597	17.74	415.42	415.34
05:26:23	17.948	17.656	17.73	19.425	17.598	17.74	415.42	415.34
05:27:23	17.948	17.656	17.747	19.586	17.598	17.741	415.42	415.34
05:28:23	17.947	17.655	17.773	19.755	17.599	17.741	415.42	415.34
05:29:23	17.948	17.656	17.785	19.652	17.597	17.74	415.42	415.34
05:30:23	17.947	17.656	17.781	19.275	17.598	17.741	415.42	415.34
05:31:23	17.948	17.655	17.763	18.978	17.598	17.741	415.42	415.34
05:32:23	17.948	17.655	17.753	18.781	17.598	17.74	415.42	415.34
05:33:23	17.947	17.655	17.745	18.644	17.598	17.741	415.42	415.34
05:34:23	17.949	17.655	17.744	18.564	17.597	17.741	415.42	415.34
05:35:23	17.947	17.657	17.743	18.509	17.596	17.74	415.42	415.34
05:36:23	17.948	17.654	17.736	18.471	17.597	17.74	415.42	415.34
05:37:23	17.947	17.656	17.733	18.444	17.597	17.74	415.42	415.34
05:38:23	17.948	17.655	17.73	18.406	17.598	17.74	415.42	415.34
05:39:23	17.949	17.656	17.728	18.372	17.597	17.74	415.42	415.34
05:40:24	17.948	17.655	17.726	18.353	17.597	17.741	415.42	415.34
05:41:23	0.0	17.654	17.716	18.356	17.595	17.74	415.42	415.34
05:42:23	17.948	17.654	17.703	18.342	17.597	17.74	415.42	415.34
05:43:23	17.949	17.655	17.699	18.322	17.597	17.74	415.42	415.34
05:44:25	17.948	17.655	17.695	18.324	17.595	17.74	415.42	415.34
05:45:23	17.948	17.655	17.691	18.327	17.596	17.74	415.42	415.34
05:46:23	17.947	17.656	17.688	18.334	17.597	17.74	415.42	415.34
05:47:23	17.948	17.655	17.685	18.359	17.598	17.74	415.42	415.34
05:48:23	17.947	17.654	17.677	18.373	17.597	17.74	415.42	415.34
05:49:23	17.948	17.655	17.672	18.404	17.596	17.739	415.42	415.34
05:50:23	17.948	17.656	17.668	18.42	17.596	17.74	415.42	415.34
05:51:23	17.948	17.656	17.666	18.425	17.596	17.74	415.42	415.34
05:52:24	17.948	17.655	17.662	18.426	17.597	17.74	415.42	415.34
05:53:23	0.0	17.656	17.663	18.423	17.596	17.74	415.42	415.34
05:54:23	17.948	17.657	17.659	18.435	17.596	17.74	415.42	415.34
05:55:23	17.948	17.657	17.66	18.521	17.598	17.74	415.42	415.34
05:56:23	17.948	17.658	17.662	18.575	17.599	17.741	415.42	415.34
05:57:23	17.948	17.658	17.668	18.627	17.6	17.741	415.42	415.34
05:58:23	17.948	17.658	17.676	18.657	17.6	17.741	415.42	415.34
05:59:23	17.948	17.659	17.676	18.656	17.6	17.741	415.42	415.34
06:00:23	17.949	17.66	17.682	18.71	17.6	17.741	415.42	415.34
06:01:23	17.948	17.66	17.684	18.748	17.6	17.74	415.42	415.34
06:02:23	17.948	17.659	17.687	18.752	17.599	17.741	415.42	415.34
06:03:23	17.949	17.659	17.694	18.76	17.598	17.741	415.42	415.34
06:04:23	17.949	17.659	17.693	18.737	17.599	17.741	415.42	415.34
06:05:23	17.949	17.659	17.695	18.757	17.599	17.742	415.42	415.34
06:06:23	17.95	17.659	17.694	18.79	17.599	17.741	415.42	415.34
06:07:23	17.949	17.659	17.701	18.796	17.599	17.741	415.42	415.34
06:08:23	17.949	17.659	17.706	18.758	17.599	17.742	415.42	415.34
06:09:23	17.948	17.659	17.71	18.713	17.599	17.741	415.42	415.34
06:10:23	17.949	17.659	17.709	18.668	17.598	17.741	415.42	415.34
06:11:23	17.949	17.66	17.717	18.696	17.598	17.74	415.42	415.34
06:12:23	17.95	17.659	17.711	18.854	17.597	17.739	415.42	415.34
06:13:23	17.949	17.658	17.711	18.935	17.597	17.74	415.42	415.34
06:14:23	17.949	17.657	17.719	18.92	17.597	17.739	415.42	415.34
06:15:23	17.949	17.658	17.727	18.839	17.598	17.74	415.42	415.34
06:16:23	17.949	17.657	17.733	18.763	17.597	17.739	415.42	415.34
06:17:23	17.949	17.657	17.729	18.718	17.596	17.739	415.42	415.34
06:18:23	17.95	17.658	17.719	18.702	17.595	17.739	415.42	415.34
06:19:23	17.948	17.656	17.713	18.716	17.597	17.739	415.42	415.34
06:20:23	17.95	17.656	17.716	18.622	17.596	17.739	415.42	415.34
06:21:24	17.95	17.656	17.714	18.566	17.595	17.74	415.42	415.34
06:22:23	17.949	17.656	17.708	18.913	17.595	17.739	415.42	415.34
06:23:23	17.948	17.656	17.706	19.215	17.596	17.739	415.42	415.34
06:24:23	17.949	17.656	17.708	19.496	17.595	17.74	415.42	415.34
06:25:23	17.949	17.657	17.715	19.665	17.596	17.739	415.42	415.34
06:26:23	17.949	17.656	17.734	19.839	17.595	17.74	415.42	415.34
06:27:23	17.95	17.657	17.752	19.649	17.596	17.741	415.42	415.34
06:28:23	17.949	17.657	17.766	19.483	17.597	17.741	415.42	415.34
06:29:23	17.949	17.657	17.762	19.118	17.597	17.74	415.42	415.34
06:30:23	17.948	17.658	17.744	18.866	17.598	0.0	415.42	415.34
06:31:23	17.95	17.659	17.727	18.729	17.599	17.741	415.42	415.34
06:32:23	17.949	17.659	17.715	18.718	17.598	17.74	415.42	415.34
06:33:24	17.949	17.659	17.716	18.657	17.596	17.741	415.42	415.34
06:34:23	17.949	17.659	17.719	18.593	17.597	17.742	415.42	415.34
06:35:23	17.95	17.66	17.716	18.518	17.598	17.74	415.42	415.34
06:36:23	17.95	17.66	17.714	18.452	17.597	17.741	415.42	415.34
06:37:23	17.95	17.661	17.711	18.394	17.597	17.74	415.42	415.34
06:38:23	17.95	17.661	17.709	18.358	17.598	17.74	415.42	415.34
06:39:23	17.95	17.66	17.706	18.38	17.598	17.741	415.42	415.34
06:40:23	17.951	17.661	17.707	18.981	17.597	17.741	415.42	415.34
06:41:23	17.95	17.66	17.726	19.526	17.598	17.741	415.42	415.34
06:42:23	17.949	17.661	17.76	19.731	17.598	17.741	415.42	415.34
06:43:23	17.949	17.66	17.785	19.93	17.598	17.741	415.42	415.34
06:44:24	17.95	17.661	17.795	19.79	17.599	17.742	415.42	415.34
06:45:23	0.0	17.66	17.781	19.368	17.598	17.741	415.42	415.34
06:46:25	17.95	17.662	17.763	19.031	17.599	17.741	415.42	415.34
06:47:23	17.949	17.661	17.75	18.807	17.6	17.742	415.42	415.34
06:48:23	17.95	17.661	17.738	18.635	17.598	17.741	415.42	415.34
06:49:23	17.95	17.663	17.735	18.508	17.598	17.74	415.42	415.34
06:50:23	17.95	17.662	17.735	18.441	17.598	17.74	415.42	415.34
06:51:23	17.95	17.661	17.735	18.407	17.597	17.739	415.42	415.34
06:52:23	17.949	17.66	17.732	18.381	17.597	17.74	415.42	415.34
06:53:23	17.951	17.66	17.723	18.367	17.595	17.739	415.42	415.34
06:54:23	17.951	17.659	17.72	18.345	17.596	17.738	415.42	415.34
06:55:23	17.95	17.66	17.715	18.331	17.596	17.737	415.42	415.34
06:56:23	17.95	17.659	17.711	18.324	17.596	17.739	415.42	415.34
06:57:23	17.95	17.661	17.699	18.324	17.596	17.739	415.42	415.34
06:58:23	17.95	17.66	17.695	18.35	17.597	17.739	415.42	415.34
06:59:23	17.951	17.66	17.694	18.427	17.597	17.739	415.42	415.34
07:00:23	17.949	17.661	17.695	18.537	17.596	17.74	415.42	415.34
07:01:23	17.95	17.661	17.693	18.603	17.597	17.74	415.42	415.34
07:02:23	17.95	17.661	17.694	18.713	17.597	17.741	415.42	415.34
07:03:23	17.95	17.661	17.706	18.825	17.598	17.74	415.42	415.34
07:04:23	17.95	17.663	17.714	18.888	17.598	17.741	415.42	415.34
07:05:23	17.951	17.663	17.716	18.924	17.599	17.741	415.42	415.34
07:06:23	17.95	17.663	17.726	19.077	17.597	17.741	415.42	415.34
07:07:23	17.951	17.664	17.736	19.124	17.599	17.741	415.42	415.34
07:08:23	17.951	17.664	17.756	19.0	17.6	17.74	415.42	415.34
07:09:23	17.951	17.665	17.762	18.874	17.6	17.742	415.42	415.34
07:10:23	17.951	17.666	17.761	18.778	17.598	17.741	415.42	415.34
07:11:23	17.951	17.666	17.75	18.731	17.599	17.741	415.42	415.34
07:12:23	17.952	17.666	17.729	18.668	17.599	17.741	415.42	415.34
07:13:23	17.952	17.666	17.721	18.672	17.599	17.742	415.42	415.34
07:14:23	17.952	17.666	17.726	18.608	17.6	17.742	415.42	415.34
07:15:23	17.952	17.667	17.722	18.567	17.6	17.741	415.42	415.34
07:16:23	17.952	17.667	17.717	18.539	17.6	17.741	415.42	415.34
07:17:23	17.953	17.668	17.718	18.521	17.601	17.741	415.42	415.34
07:18:23	17.952	17.668	17.716	18.512	17.599	17.742	415.42	415.34
07:19:23	17.952	17.666	17.717	18.505	17.6	17.741	415.42	415.34
07:20:23	17.951	17.666	17.716	18.509	17.599	17.742	415.42	415.34
07:21:23	17.951	17.666	17.714	18.515	17.6	17.741	415.42	415.34
07:22:23	17.951	17.667	17.712	18.524	17.599	17.741	415.42	415.34
07:23:23	17.951	17.664	17.711	18.51	17.597	17.741	415.42	415.34
07:24:23	17.952	17.665	17.707	18.508	17.597	17.741	415.42	415.34
07:25:23	17.951	17.665	17.706	18.499	17.597	17.739	415.42	415.34
07:26:23	17.952	17.664	17.703	18.497	17.596	17.739	415.42	415.34
07:27:23	17.952	17.663	17.698	18.494	17.595	17.738	415.42	415.34
07:28:24	17.952	17.662	17.696	18.49	17.594	17.739	415.42	415.34
07:29:23	17.951	17.662	17.696	18.488	17.595	17.739	415.42	415.34
07:30:23	17.952	17.662	17.695	18.483	17.595	17.739	415.42	415.34
07:31:23	17.95	17.661	17.692	18.474	17.594	17.739	415.42	415.34
07:32:23	17.951	17.661	17.69	18.47	17.595	17.739	415.42	415.34
07:33:24	17.951	17.662	17.688	18.463	17.594	17.738	415.42	415.34
07:34:24	17.951	17.662	17.686	18.461	17.594	17.74	415.42	415.34
07:35:23	17.952	17.661	17.683	18.529	17.597	17.74	415.42	415.34
07:36:24	17.951	17.662	17.682	18.572	17.594	17.739	415.42	415.34
07:37:24	17.951	17.662	17.688	18.603	17.594	17.739	415.42	415.34
07:38:23	17.951	17.663	17.689	18.681	17.595	17.739	415.42	415.34
07:39:24	17.951	17.663	17.692	18.713	17.596	17.741	415.42	415.34
07:40:24	17.951	17.664	17.695	18.762	17.597	17.74	415.42	415.34
07:41:23	17.95	17.664	17.697	19.13	17.596	17.739	415.42	415.34
07:42:24	17.952	17.663	17.706	19.048	17.596	17.74	415.42	415.34
07:43:24	17.952	17.664	17.714	19.105	17.595	17.74	415.42	415.34
07:44:24	17.953	17.664	17.718	19.007	17.597	17.741	415.42	415.34
07:45:24	17.952	17.663	17.722	19.012	17.596	17.739	415.42	415.34
07:46:24	17.951	17.664	17.725	19.076	17.597	17.739	415.42	415.34
07:47:24	17.952	17.664	17.731	19.473	17.596	17.74	415.42	415.34
07:48:24	17.952	17.664	17.744	19.595	17.596	17.74	415.42	415.34
07:49:24	17.953	17.664	17.763	19.683	17.597	17.741	415.42	415.34
07:50:23	17.952	17.665	17.765	19.416	17.596	17.74	415.42	415.34
07:51:24	17.952	17.665	17.752	19.116	17.598	17.742	415.42	415.34
07:52:24	17.953	17.665	17.745	19.03	17.596	17.741	415.42	415.34
07:53:23	17.952	17.666	17.73	18.925	17.598	17.741	415.42	415.34
07:54:24	17.953	17.666	17.719	0.0	17.599	17.741	415.42	415.34
07:55:24	17.953	17.667	17.72	18.745	17.599	17.742	415.42	415.34
07:56:24	17.953	17.668	17.716	18.717	17.599	17.742	415.42	415.34
07:57:24	17.953	17.669	17.721	18.655	17.599	17.741	415.42	415.34
07:58:24	17.953	17.668	17.722	18.627	17.597	17.741	415.42	415.34
07:59:24	17.954	17.67	17.714	18.613	17.599	17.741	415.42	415.34
08:00:23	17.952	17.669	17.711	18.587	17.599	17.742	415.42	415.34
08:01:23	17.953	17.669	17.707	18.574	17.598	17.742	415.42	415.34
08:02:24	17.953	17.669	17.705	18.548	17.599	17.74	415.42	415.34
08:03:23	17.953	17.668	17.704	18.521	17.597	17.741	415.42	415.34
08:04:24	17.952	17.668	17.706	18.564	17.598	17.74	415.42	415.34
08:05:24	17.953	17.668	17.708	18.982	17.597	17.74	415.42	415.34
08:06:24	17.953	17.668	17.718	19.417	17.598	17.741	415.42	415.34
08:07:24	17.953	17.667	17.74	19.408	17.596	17.741	415.42	415.34
08:08:24	17.952	17.667	17.755	19.328	17.597	17.74	415.42	415.34
08:09:24	17.953	17.667	17.749	19.038	17.597	17.74	415.42	415.34
08:10:24	17.953	17.668	17.738	18.83	17.597	17.74	415.42	415.34
08:11:24	17.953	17.666	17.721	18.742	17.597	17.741	415.42	415.34
08:12:24	17.952	17.666	17.709	18.699	17.597	17.74	415.42	415.34
08:13:23	17.952	17.666	17.708	18.647	17.595	17.74	415.42	415.34
08:14:24	17.952	17.667	17.708	18.586	17.596	17.738	415.42	415.34
08:15:25	17.953	17.666	17.71	18.526	17.595	17.739	415.42	415.34
08:16:24	17.953	17.667	17.71	18.636	17.596	17.739	415.42	415.34
08:17:24	17.953	17.666	17.708	19.067	17.597	17.739	415.42	415.34
08:18:24	17.953	17.668	17.716	19.417	17.596	17.74	415.42	415.34
08:19:24	17.953	17.667	17.737	19.426	17.597	17.741	415.42	415.34
08:20:24	17.952	17.668	17.752	19.53	17.596	17.74	415.42	415.34
08:21:24	17.953	17.666	17.762	19.727	17.595	17.741	415.42	415.34
08:22:24	17.953	17.667	17.783	19.855	17.595	17.74	415.42	415.34
08:23:24	17.953	17.666	17.793	19.942	17.594	17.739	415.42	415.34
08:24:24	17.952	17.666	17.791	19.529	17.595	17.739	415.42	415.34
08:25:24	17.953	17.666	17.775	19.159	17.595	17.74	415.42	415.34
08:26:24	17.952	17.666	17.758	18.892	17.593	17.739	415.42	415.34
08:27:24	17.953	17.665	17.75	18.68	17.595	17.738	415.42	415.34
08:28:24	17.952	17.666	17.746	18.548	17.594	17.739	415.42	415.34
08:29:24	17.953	17.666	17.745	18.477	17.595	17.739	415.42	415.34
08:30:24	17.953	17.666	17.745	18.445	17.596	17.739	415.42	415.34
08:31:24	17.953	17.666	17.741	18.435	17.595	17.739	415.42	415.34
08:32:26	17.953	17.666	17.736	18.432	17.596	17.739	415.42	415.34
08:33:23	17.953	17.667	17.733	18.408	17.596	17.739	415.42	415.34
08:34:25	17.952	17.668	17.73	18.399	17.595	17.741	415.42	415.34
08:35:24	17.953	17.668	17.726	18.417	17.597	17.74	415.42	415.34
08:36:24	17.953	17.669	17.714	18.444	17.598	17.742	415.42	415.34
08:37:24	17.954	17.67	17.707	18.457	17.597	17.74	415.42	415.34
08:38:24	17.954	17.671	17.7	18.465	17.599	17.74	415.42	415.34
08:39:24	17.953	17.672	17.694	18.458	17.598	17.742	415.42	415.34
08:40:24	17.954	17.672	17.689	18.454	17.597	17.74	415.42	0.0
08:41:25	17.953	17.672	17.684	18.457	17.597	17.74	415.42	415.34
08:42:24	17.954	17.671	17.681	18.522	17.596	17.739	415.42	415.34
08:43:24	17.953	17.67	17.685	18.617	17.597	17.741	415.42	415.34
08:44:24	17.954	17.671	17.687	18.665	17.597	17.741	415.42	415.34
08:45:24	17.953	17.67	17.692	18.729	17.598	17.74	415.42	415.34
08:46:24	17.954	17.67	17.698	18.839	17.597	17.741	415.42	415.34
08:47:24	17.954	17.67	17.711	18.827	17.598	17.739	415.42	415.34
08:48:24	17.953	17.67	17.711	18.825	17.595	17.739	415.42	415.34
08:49:24	17.954	17.67	17.717	18.841	17.597	17.741	415.42	415.34
08:50:24	17.954	17.67	17.718	18.904	17.596	17.739	415.42	415.34
08:51:24	17.954	17.668	17.72	19.052	17.595	17.739	415.42	415.34
08:52:24	17.953	17.669	17.731	19.122	17.593	17.739	415.42	415.34
08:53:24	17.955	17.668	17.754	19.053	17.593	17.738	415.42	415.34
08:54:24	17.955	17.667	17.775	18.946	17.592	17.738	415.42	415.34
08:55:24	17.955	17.667	17.77	18.842	17.593	17.738	415.42	415.34
08:56:24	17.954	17.668	17.765	18.76	17.593	17.738	415.42	415.34
08:57:24	17.955	17.668	17.757	18.725	17.593	17.739	415.42	415.34
08:58:24	17.953	17.668	17.737	18.697	17.595	17.739	415.42	415.34
08:59:24	17.954	17.668	17.724	18.918	17.594	17.739	415.42	415.34
09:00:24	17.954	17.668	17.723	18.8	17.592	17.738	415.42	415.34
09:01:24	17.955	17.667	0.0	18.678	17.593	17.738	415.42	415.34
09:02:24	17.954	17.666	17.721	18.593	17.591	17.738	415.42	415.34
09:03:25	17.955	17.665	17.716	18.616	17.592	17.737	415.42	415.34
09:04:24	0.0	17.666	17.712	19.046	17.591	17.736	415.42	415.34
09:05:24	17.953	17.666	17.716	19.236	17.591	17.737	415.42	415.34
09:06:24	17.953	17.667	17.723	19.195	17.592	17.737	415.42	415.34
09:07:24	17.953	17.668	17.731	19.089	17.592	17.737	415.42	415.34
09:08:24	17.953	17.667	17.737	19.287	17.592	17.739	415.42	415.34
09:09:24	17.953	17.667	17.745	19.412	17.593	17.738	415.42	415.34
09:10:25	17.955	17.666	17.757	19.525	17.59	17.736	415.42	415.34
09:11:24	17.954	17.666	17.763	19.365	17.59	17.736	415.42	415.34
09:12:24	17.954	17.666	17.758	19.036	17.592	17.737	415.42	415.34
09:13:26	17.952	17.665	17.742	18.822	17.591	17.737	415.42	415.34
09:14:24	17.954	17.666	17.727	18.717	17.593	17.737	415.42	415.34
09:15:24	17.954	17.667	17.713	18.68	17.593	17.738	415.42	415.34
09:16:24	17.954	17.668	17.711	18.623	17.593	17.739	415.42	415.34
09:17:24	17.954	17.669	17.702	18.611	17.594	17.74	415.42	415.34
09:18:25	17.955	17.669	17.696	18.745	17.595	17.739	415.42	415.34
09:19:24	0.0	17.669	17.703	19.168	17.595	17.738	415.42	415.34
09:20:24	17.955	17.67	17.718	19.43	17.594	17.737	415.42	415.34
09:21:24	17.954	17.67	17.731	19.594	17.593	17.737	415.42	415.34
09:22:24	17.954	17.668	17.752	19.265	17.593	17.738	415.42	415.34
09:23:24	17.954	17.668	17.763	18.969	17.593	17.739	415.42	415.34
09:24:24	17.954	17.669	17.766	18.785	17.592	17.738	415.42	415.34
09:25:24	17.954	17.669	17.763	19.059	17.592	17.737	415.42	415.34
09:26:24	17.954	17.669	17.773	19.16	17.593	17.738	415.42	415.34
09:27:24	17.954	17.668	17.776	19.295	17.593	17.737	415.42	415.34
09:28:24	17.954	17.669	17.787	19.38	17.593	17.738	415.42	415.34
09:29:24	17.955	17.669	17.804	19.522	17.593	17.739	415.42	415.34
09:30:26	17.955	17.669	17.795	19.367	17.593	17.739	415.42	415.34
09:31:24	17.955	17.668	17.776	19.082	17.593	17.738	415.42	415.34
09:32:26	17.954	17.67	17.758	18.868	17.592	17.737	415.42	415.34
09:33:24	17.954	17.67	17.746	18.733	17.594	17.738	415.42	415.34
09:34:24	17.954	17.67	17.73	18.801	17.593	17.738	415.42	415.34
09:35:24	17.955	17.67	17.733	18.755	17.593	17.739	415.42	415.34
09:36:24	17.955	17.672	17.732	18.775	17.592	17.738	415.42	415.34
09:37:26	17.954	17.671	17.739	19.195	17.593	17.738	415.42	415.34
09:38:24	17.955	17.671	17.743	19.779	17.593	17.738	415.42	415.34
09:39:26	17.955	17.671	17.742	19.982	17.593	17.738	415.42	415.34
09:40:24	17.954	17.672	17.774	19.93	17.593	17.739	415.42	415.34
09:41:24	17.954	17.671	17.782	19.48	17.595	17.739	415.42	415.34
09:42:24	17.955	17.673	17.776	19.163	17.594	17.738	415.42	415.34
09:43:24	17.955	17.674	17.77	18.948	17.595	17.74	415.42	415.34
09:44:24	17.955	17.673	17.754	18.772	17.594	17.738	415.42	415.34
09:45:24	17.956	17.673	17.735	18.77	17.595	17.739	415.42	415.34
09:46:24	17.955	17.674	17.701	18.449	17.595	17.739	415.42	415.34
09:47:24	17.956	17.674	17.698	18.438	17.595	17.739	415.42	415.34
09:48:24	17.956	17.674	17.713	18.483	17.594	17.737	415.42	415.34
09:49:24	17.955	17.674	17.725	18.516	17.593	17.739	415.42	415.34
09:50:24	17.956	17.674	17.733	18.528	17.597	17.739	415.42	415.34
09:51:24	17.956	17.674	17.735	18.528	17.596	17.74	415.42	415.34
09:52:24	17.955	17.674	17.735	18.519	17.596	17.738	415.42	415.34
09:53:24	17.956	17.674	17.734	18.513	17.593	17.738	415.42	415.34
09:54:24	17.955	17.674	17.734	18.506	17.594	17.74	415.42	415.34
09:55:24	17.955	17.674	17.733	18.504	17.595	17.74	415.42	415.34
09:56:24	17.955	17.675	17.731	18.503	17.596	17.739	415.42	415.34
09:57:24	17.956	17.676	17.729	18.496	17.597	17.74	415.42	415.34
09:58:24	17.955	17.676	17.727	18.493	17.597	17.739	415.42	415.34
09:59:25	17.956	17.677	17.727	18.486	17.596	17.74	0.0	415.34
10:00:24	0.0	17.678	17.725	18.482	17.596	17.74	415.42	415.34
10:01:24	17.958	17.677	17.724	18.484	17.597	17.74	415.42	415.34
10:02:24	17.958	17.678	17.723	18.476	17.597	17.739	415.42	415.34
10:03:24	17.956	17.679	17.723	18.476	17.598	17.741	415.42	415.34
10:04:24	17.956	17.678	17.72	18.469	17.596	17.739	415.42	415.34
10:05:24	17.957	17.678	17.71	18.465	17.597	17.74	415.42	415.34
10:06:25	17.957	17.679	17.709	18.45	17.596	17.739	415.42	415.34
10:07:24	17.957	17.678	17.704	18.45	17.597	17.74	415.42	415.34
10:08:24	17.956	17.677	17.699	18.436	17.595	17.739	415.42	415.34
10:09:24	17.957	17.677	17.697	18.43	17.596	17.739	415.42	415.34
10:10:24	17.957	17.677	17.694	18.432	17.596	17.74	415.42	415.34
10:11:24	17.958	17.678	17.694	18.446	17.596	17.739	415.42	415.34
10:12:24	17.957	17.678	17.696	18.454	17.596	17.74	415.42	415.34
10:13:26	17.957	17.677	17.693	18.455	17.596	17.739	415.42	415.34
10:14:24	17.958	17.677	17.679	18.451	17.597	17.74	415.42	415.34
10:15:24	17.957	17.679	17.679	18.446	17.598	17.74	415.42	415.34
10:16:24	17.958	17.678	17.679	18.44	17.597	17.739	415.42	415.34
10:17:24	17.957	17.679	17.677	18.428	17.597	17.74	415.42	415.34
10:18:24	17.958	17.679	17.667	18.426	17.598	17.74	415.42	415.34
10:19:24	17.958	17.679	17.661	18.423	17.598	17.74	415.42	415.34
10:20:24	17.958	17.68	17.659	18.421	17.597	17.739	415.42	415.34
10:21:24	17.959	17.681	17.652	18.437	17.597	17.74	415.42	415.34
10:22:25	17.958	17.68	17.651	18.48	17.598	17.739	415.42	415.34
10:23:24	0.0	17.681	17.653	18.524	17.597	17.739	415.42	415.34
10:24:24	17.958	17.681	17.653	18.563	17.596	17.739	415.42	415.34
10:25:24	17.958	17.68	17.658	18.599	17.597	17.74	415.42	415.34
10:26:24	17.958	17.68	17.657	18.648	17.598	17.741	415.42	415.34
10:27:25	0.0	17.681	17.658	18.73	17.598	17.741	415.42	415.34
10:28:24	17.959	17.682	17.67	18.744	17.599	17.74	415.42	415.34
10:29:25	17.959	17.683	17.68	18.746	17.598	17.741	415.42	415.34
10:30:24	0.0	17.682	17.68	18.711	17.599	17.739	415.42	415.34
10:31:24	17.959	17.683	17.678	18.671	17.6	17.741	415.42	415.34
10:32:24	17.959	17.682	17.676	18.813	17.6	17.74	415.42	415.34
10:33:24	17.959	17.682	17.679	19.089	17.599	17.741	0.0	415.34
10:34:24	17.96	17.682	17.697	19.294	17.597	17.741	415.42	415.34
10:35:24	17.959	17.683	17.713	19.296	17.598	17.739	415.42	415.34
10:36:24	17.96	17.682	17.746	19.128	17.598	17.74	415.42	415.34
10:37:24	17.959	17.683	17.756	18.994	17.597	17.74	415.42	415.34
10:38:24	17.96	17.683	17.753	18.872	17.597	17.741	415.42	415.34
10:39:24	17.959	17.682	17.742	18.78	17.599	17.741	415.42	415.34
10:40:24	17.96	17.683	17.716	18.705	17.598	17.742	415.42	415.34
10:41:24	17.959	17.684	17.708	18.879	17.599	17.74	415.42	415.34
10:42:24	17.96	17.684	17.703	18.782	17.598	17.74	415.42	415.34
10:43:24	17.96	17.683	17.699	18.72	17.598	17.741	415.42	415.34
10:44:24	17.961	17.684	17.692	18.844	17.601	17.743	415.42	415.34
10:45:24	17.96	17.684	17.692	18.884	17.601	17.742	415.42	415.34
10:46:24	17.959	17.686	17.682	19.12	17.601	17.742	415.42	415.34
10:47:24	17.96	17.685	17.692	19.289	17.602	17.742	415.42	415.34
10:48:25	17.96	17.686	17.717	19.398	17.602	17.743	415.42	415.34
10:49:24	17.961	17.687	17.734	19.262	17.601	17.743	415.42	415.34
10:50:24	17.961	17.687	17.735	19.015	17.601	17.741	415.42	415.34
10:51:24	17.96	17.688	17.719	18.817	17.603	17.741	415.42	415.34
10:52:24	17.96	17.687	17.703	18.788	17.601	17.741	415.42	415.34
10:53:25	17.961	17.687	17.691	18.736	17.602	17.743	415.42	415.34
10:54:24	17.961	17.688	17.697	18.68	17.603	17.743	415.42	415.34
10:55:24	17.962	17.689	17.702	18.743	17.602	17.743	415.42	415.34
10:56:24	17.961	17.689	17.702	18.81	17.604	17.744	415.42	415.34
10:57:25	17.962	17.69	17.702	19.028	17.604	17.743	415.42	415.34
10:58:24	17.961	17.69	17.709	19.412	17.604	17.744	415.42	415.34
10:59:24	17.962	17.689	17.72	19.605	17.603	17.742	415.42	415.34
11:00:24	17.961	17.69	17.737	19.755	17.603	17.742	415.42	415.34
11:01:24	17.962	17.69	17.763	19.681	17.603	17.743	415.42	415.34
11:02:24	17.963	17.69	17.772	19.361	17.603	17.742	415.42	415.34
11:03:24	17.962	17.689	17.775	19.418	17.602	17.742	415.42	415.34
11:04:24	17.962	17.688	17.789	19.711	17.6	17.741	415.42	415.34
11:05:24	17.962	17.689	17.789	19.646	17.603	17.742	415.42	415.34
11:06:24	17.962	17.689	17.791	19.402	17.602	17.742	415.42	415.34
11:07:24	17.961	17.688	17.775	19.095	17.6	17.742	415.42	415.34
11:08:24	17.962	17.687	17.761	18.864	17.602	17.743	415.42	415.34
11:09:24	17.961	17.687	17.75	18.721	17.602	17.741	415.42	415.34
11:10:24	17.962	17.688	17.737	18.582	17.602	17.743	415.42	415.34
11:11:24	17.962	17.688	17.739	18.526	17.601	17.741	415.42	415.34
11:12:24	17.962	17.687	17.733	18.499	17.601	17.742	415.42	415.34
11:13:24	17.962	17.688	17.727	18.464	17.602	17.742	415.42	415.34
11:14:24	17.962	17.689	17.735	18.473	17.602	17.742	415.42	415.34
11:15:24	17.963	17.69	17.744	18.496	17.603	17.742	415.42	415.34
11:16:24	17.963	17.689	17.757	18.583	17.6	17.743	415.42	415.34
11:17:24	17.963	17.688	17.761	18.834	17.603	17.743	415.42	415.34
11:18:25	17.962	17.689	17.767	18.76	17.601	17.742	415.42	415.34
11:19:25	17.963	17.689	17.771	18.69	17.603	17.743	415.42	415.34
11:20:25	17.964	17.69	17.766	18.633	17.602	17.743	415.42	415.34
11:21:25	17.963	17.689	17.751	18.584	17.602	17.742	415.42	415.34
11:22:25	17.964	17.688	17.739	18.808	17.603	17.742	415.42	415.34
11:23:25	17.963	17.691	17.738	18.839	17.603	17.744	415.42	415.34
11:24:25	17.964	17.691	17.74	18.713	17.603	17.742	415.42	415.34
11:25:25	17.964	17.691	17.739	18.632	17.603	17.745	415.42	415.34
11:26:25	17.964	17.693	17.734	18.583	17.607	17.746	415.42	415.34
11:27:25	17.964	17.694	17.728	18.525	17.608	17.745	415.42	415.34
11:28:25	17.964	17.696	17.723	18.478	17.606	17.746	415.42	415.34
11:29:25	17.964	17.696	17.711	18.453	17.608	17.744	415.42	415.34
11:30:25	17.964	17.696	17.703	18.443	17.605	17.745	415.42	415.34
11:31:27	17.965	17.696	17.699	18.43	17.606	17.745	415.42	415.34
11:32:25	17.964	17.695	17.693	18.418	17.605	17.743	415.42	415.34
11:33:25	17.965	17.696	17.691	18.394	17.605	17.744	415.42	415.34
11:34:25	17.965	17.695	17.686	18.382	17.605	17.743	415.42	415.34
11:35:25	17.965	17.693	17.682	18.398	17.602	17.742	415.42	415.34
11:36:25	17.964	17.693	17.682	18.625	17.603	17.743	415.42	415.34
11:37:25	17.965	17.692	17.687	18.874	17.603	17.742	415.42	415.34
11:38:26	17.964	17.692	17.702	19.074	17.601	17.742	415.42	415.34
11:39:25	17.964	17.691	17.721	19.188	17.602	17.743	415.42	415.34
11:40:27	17.965	17.69	17.73	19.052	17.603	17.743	415.42	415.34
11:41:25	17.964	17.69	17.732	19.02	17.602	17.743	415.42	415.34
11:42:25	17.964	17.69	17.729	19.095	17.602	17.743	415.42	415.34
11:43:26	17.965	17.692	17.733	19.021	17.603	17.744	415.42	415.34
11:44:25	17.964	17.69	17.731	18.988	17.601	17.741	415.42	415.34
11:45:25	17.964	17.69	17.728	19.035	17.6	17.741	415.42	415.34
11:46:25	17.964	17.689	17.73	18.961	17.601	17.744	415.42	415.34
11:47:25	17.964	17.689	17.731	18.998	17.6	17.741	415.42	415.34
11:48:25	17.964	17.69	17.733	19.193	17.6	17.743	415.42	415.34
11:49:25	17.964	17.69	17.742	19.378	17.602	17.744	415.42	415.34
11:50:25	17.964	17.69	17.756	19.596	17.603	17.742	415.42	415.34
11:51:25	17.965	17.69	17.77	19.601	17.603	17.743	415.42	415.34
11:52:25	17.965	17.693	17.778	19.387	17.602	17.743	415.42	415.34
11:53:25	17.965	17.691	17.764	19.056	17.603	17.744	415.42	415.34
11:54:25	17.965	17.692	17.745	18.839	17.601	17.743	415.42	415.34
11:55:25	17.965	17.69	17.725	18.681	17.601	17.742	415.42	415.34
11:56:25	17.965	17.691	17.715	18.643	17.601	17.741	415.42	415.34
11:57:25	17.966	17.691	17.715	18.603	17.6	17.742	415.42	415.34
11:58:25	17.964	17.691	17.719	18.578	17.6	17.741	415.42	415.34
11:59:25	17.965	17.69	17.716	19.111	17.602	17.743	415.42	415.34
12:00:25	17.965	17.689	17.72	19.578	17.602	17.742	415.42	415.34
12:01:25	17.965	17.691	17.731	19.709	17.601	17.742	415.42	415.34
12:02:25	17.965	17.691	17.742	19.492	17.602	17.743	415.42	415.34
12:03:25	17.965	17.691	17.751	19.369	17.603	17.742	415.42	415.34
12:04:25	17.965	17.692	17.757	19.559	17.603	17.744	415.42	415.34
12:05:25	17.966	17.692	17.774	19.818	17.603	17.743	415.42	415.34
12:06:25	17.967	17.693	17.79	19.946	17.601	17.743	415.42	415.34
12:07:25	17.965	17.692	17.805	19.776	17.602	17.744	415.42	415.34
12:08:25	17.966	17.693	17.796	19.326	17.603	17.744	415.42	415.34
12:09:25	17.966	17.693	17.775	18.993	17.603	17.744	415.42	415.34
12:10:25	17.965	17.694	17.759	18.798	17.605	17.744	415.42	415.34
12:11:25	17.965	17.695	17.755	18.652	17.606	17.744	415.42	415.34
12:12:25	17.965	17.695	17.75	18.543	17.604	17.744	415.42	415.34
12:13:25	17.966	17.694	17.745	18.482	17.605	17.745	415.42	415.34
12:14:25	17.966	17.694	17.738	18.447	17.606	17.745	415.42	415.34
12:15:25	17.966	17.695	17.733	18.405	17.606	17.744	415.42	415.34
12:16:25	17.966	17.696	17.723	18.39	17.605	17.744	415.42	415.34
12:17:25	17.967	17.696	17.732	18.416	17.607	17.745	415.42	415.34
12:18:25	17.966	17.696	17.735	18.484	17.607	17.745	415.42	415.34
12:19:25	17.966	17.697	17.735	18.633	17.606	17.745	415.42	415.34
12:20:27	17.966	17.696	17.735	18.688	17.607	17.744	415.42	415.34
12:21:25	17.966	17.697	17.736	18.789	17.606	17.744	415.42	415.34
12:22:27	17.966	17.697	17.738	18.861	17.607	17.745	415.42	415.34
12:23:25	17.967	17.697	17.75	18.835	17.607	17.745	415.42	415.34
12:24:25	17.967	17.697	17.763	18.768	17.606	17.745	415.42	415.34
12:25:25	17.967	17.696	17.761	18.686	17.606	17.745	415.42	415.34
12:26:25	17.967	17.696	17.747	18.61	17.606	17.744	415.42	415.34
12:27:25	17.966	17.696	17.731	18.627	17.607	17.744	415.42	415.34
12:28:25	17.966	17.696	17.732	18.612	17.607	17.744	415.42	415.34
12:29:25	17.967	17.697	17.733	18.581	17.606	17.744	415.42	415.34
12:30:25	17.966	17.697	17.728	18.564	17.607	17.745	415.42	415.34
12:31:25	17.967	17.696	17.726	18.545	17.607	17.745	415.42	415.34
12:32:25	17.967	17.696	17.718	18.927	17.605	17.744	415.42	415.34
12:33:25	17.967	17.696	17.713	19.162	17.605	17.744	415.42	415.34
12:34:25	17.968	17.697	17.714	19.294	17.606	17.745	415.42	415.34
12:35:25	17.967	17.695	17.724	19.255	17.605	17.743	415.42	415.34
12:36:25	17.967	17.695	17.736	19.337	17.606	17.743	415.42	415.34
12:37:25	17.968	17.695	17.755	19.518	17.606	17.744	415.42	415.34
12:38:25	17.968	17.695	17.776	19.713	17.606	17.744	415.42	415.34
12:39:25	17.967	17.695	17.789	19.665	17.606	17.744	0.0	415.34
12:40:25	17.967	17.695	17.793	19.259	17.607	17.743	415.42	415.34
12:41:25	17.967	17.696	17.771	18.975	17.606	17.744	415.42	415.34
12:42:25	17.968	17.696	17.751	18.795	17.605	17.745	415.42	415.34
12:43:25	17.967	17.697	17.731	18.777	17.607	17.744	415.42	415.34
12:44:25	17.967	17.695	17.726	18.7	17.605	17.744	415.42	415.34
12:45:25	17.967	17.695	17.724	18.774	17.604	17.744	415.42	415.34
12:46:25	17.967	17.695	17.724	19.218	17.605	17.743	415.42	415.34
12:47:26	17.968	17.696	17.735	19.643	17.605	17.744	415.42	415.34
12:48:25	17.968	17.695	17.746	19.954	17.605	17.744	415.42	415.34
12:49:25	17.968	17.695	17.76	20.144	17.604	17.742	415.42	415.34
12:50:25	17.967	17.694	17.779	20.172	17.604	17.745	415.42	415.34
12:51:25	17.967	17.695	17.794	19.925	17.604	17.744	415.42	415.34
12:52:25	17.968	17.695	17.794	19.484	17.604	17.743	415.42	415.34
12:53:25	17.968	17.695	17.777	19.12	17.604	17.744	415.42	415.34
12:54:25	17.969	17.694	17.761	18.896	17.605	17.745	415.42	415.34
12:55:25	17.969	17.695	17.742	18.749	17.605	17.744	415.42	415.34
12:56:25	17.968	17.695	17.732	18.877	17.605	17.745	415.42	415.34
12:57:25	17.969	17.695	17.735	18.904	17.604	17.744	415.42	415.34
12:58:25	17.969	17.696	17.732	18.799	17.605	17.744	415.42	415.34
12:59:25	17.968	17.695	17.736	18.743	17.605	17.745	415.42	415.34
13:00:25	17.968	17.694	17.738	18.751	17.605	17.744	415.42	415.34
13:01:25	17.968	17.695	17.72	19.041	17.606	17.745	415.42	415.34
13:02:25	17.969	17.694	17.713	19.337	17.606	17.744	415.42	415.34
13:03:25	17.969	17.695	17.725	19.336	17.605	17.743	415.42	415.34
13:04:26	17.968	17.695	17.74	19.134	17.605	17.746	415.42	415.34
13:05:25	17.97	17.696	17.747	19.128	17.606	17.744	415.42	415.34
13:06:25	17.968	17.696	17.754	19.34	17.606	17.744	415.42	415.34
13:07:25	17.969	17.696	17.762	19.478	17.607	17.745	415.42	415.34
13:08:25	17.969	17.696	17.777	19.463	17.607	17.744	415.42	415.34
13:09:28	17.969	17.696	17.779	19.068	17.605	17.746	415.42	415.34
13:10:25	0.0	17.696	17.764	18.859	17.606	17.745	415.42	415.34
13:11:25	17.969	17.697	17.751	18.72	17.606	17.745	415.42	415.34
13:12:25	17.968	17.696	17.729	18.729	17.606	17.744	415.42	415.34
13:13:25	17.969	17.696	17.727	18.701	17.607	17.745	415.42	415.34
13:14:25	17.969	17.697	17.729	18.629	17.606	17.746	415.42	415.34
13:15:25	17.969	17.697	17.73	18.833	17.607	17.745	415.42	415.34
13:16:25	17.97	17.697	17.732	19.164	17.606	17.746	415.42	415.34
13:17:25	17.969	17.697	17.736	19.389	17.608	17.745	415.42	415.34
13:18:25	17.969	17.698	17.743	19.714	17.606	17.745	415.42	415.34
13:19:25	17.97	17.697	17.754	19.806	17.607	17.746	415.42	415.34
13:20:25	17.97	17.696	17.772	19.829	17.607	17.744	415.42	415.34
13:21:25	17.969	17.697	17.789	19.968	17.607	17.744	415.42	415.34
13:22:25	17.969	17.697	17.791	19.547	17.608	17.745	415.42	415.34
13:23:25	17.969	17.697	17.769	19.146	17.606	17.746	415.42	415.34
13:24:25	17.97	17.696	17.755	18.877	17.608	17.747	415.42	415.34
13:25:26	17.97	17.698	17.749	18.709	17.609	17.746	415.42	415.34
13:26:26	17.97	17.698	17.746	18.57	17.608	17.746	415.42	415.34
13:27:26	17.971	17.699	17.744	18.494	17.61	17.746	415.42	415.34
13:28:26	17.97	17.699	17.739	18.441	17.609	17.747	415.42	415.34
13:29:26	17.971	17.7	17.733	18.419	17.609	17.745	415.42	415.34
13:30:26	17.971	17.7	17.727	18.396	17.609	17.746	415.42	415.34
13:31:26	17.971	17.7	17.724	18.373	17.608	17.745	415.42	415.34
13:32:26	17.97	17.7	17.721	18.337	17.608	17.746	415.42	415.34
13:33:26	17.969	17.699	17.712	18.376	17.61	17.746	415.42	415.34
13:34:26	17.971	17.699	17.71	18.451	17.61	17.745	415.42	415.34
13:35:26	17.971	17.7	17.707	18.466	17.61	17.745	415.42	415.34
13:36:26	17.97	17.7	17.705	18.558	17.608	17.746	415.42	415.34
13:37:26	17.971	17.7	17.713	18.62	17.609	17.746	415.42	415.34
13:38:26	17.97	17.699	17.721	18.74	17.61	17.746	415.42	415.34
13:39:26	17.971	17.7	17.722	18.847	17.61	17.746	415.42	415.34
13:40:26	17.971	17.7	17.727	18.944	17.61	17.746	415.42	415.34
13:41:26	17.971	17.7	17.735	18.921	17.61	17.746	415.42	415.34
13:42:26	17.971	17.7	17.738	18.917	17.609	17.745	415.42	415.34
13:43:26	17.971	17.699	17.747	18.836	17.611	17.746	415.42	415.34
13:44:26	17.971	17.7	17.745	18.719	17.61	17.746	415.42	415.34
13:45:26	17.971	17.7	17.735	18.751	17.61	17.746	415.42	415.34
13:46:26	17.972	17.7	17.731	18.69	17.609	17.746	415.42	415.34
13:47:26	17.971	17.7	17.729	18.747	17.61	17.747	415.42	415.34
13:48:26	17.971	17.699	17.73	18.783	17.61	17.747	415.42	415.34
13:49:26	17.971	17.699	17.724	19.228	17.61	17.747	415.42	415.34
13:50:26	17.971	17.7	17.726	19.694	17.611	17.747	415.42	415.34
13:51:26	17.971	17.7	17.74	20.172	17.611	17.747	415.42	415.34
13:52:26	17.971	17.701	17.752	19.751	17.611	17.746	415.42	415.34
13:53:26	17.972	17.702	17.752	19.523	17.611	17.747	415.42	415.34
13:54:26	17.971	17.702	17.754	19.28	17.612	17.747	415.42	415.34
13:55:26	17.972	17.702	17.763	19.313	17.613	17.747	415.42	415.34
13:56:26	17.971	17.703	17.765	19.285	17.613	17.747	415.42	415.34
13:57:26	17.972	17.703	17.755	19.094	17.612	17.748	415.42	415.34
13:58:26	17.972	17.703	17.743	18.922	17.613	17.748	415.42	415.34
13:59:26	17.972	17.704	17.742	18.776	17.613	17.748	415.42	415.34
14:00:26	17.972	17.703	17.745	18.663	17.613	17.748	415.42	415.34
14:01:28	17.972	17.705	17.742	18.561	17.613	17.748	415.42	415.34
14:02:26	17.972	17.704	17.738	18.5	17.613	17.749	415.42	415.34
14:03:26	17.972	17.704	17.728	18.451	17.615	17.748	415.42	415.34
14:04:26	17.972	17.704	17.723	18.408	17.613	17.748	415.42	415.34
14:05:26	17.972	17.705	17.719	18.374	17.612	17.748	415.42	415.34
14:06:26	17.973	17.705	17.716	18.343	17.613	17.747	415.42	415.34
14:07:26	17.974	17.705	17.713	18.392	17.614	17.749	415.42	415.34
14:08:26	17.974	17.704	17.719	18.502	17.613	17.749	415.42	415.34
14:09:26	17.974	17.704	17.699	18.603	17.614	17.748	415.42	0.0
14:10:26	17.973	17.704	17.706	18.796	17.613	17.749	415.42	415.34
14:11:26	17.974	17.704	17.723	18.823	17.614	17.747	415.42	415.34
14:12:26	17.972	17.703	17.75	18.83	17.612	17.748	415.42	415.34
14:13:26	17.975	17.703	17.762	18.749	17.612	17.747	415.42	415.34
14:14:26	17.975	17.703	17.763	18.661	17.612	17.747	415.42	415.34
14:15:26	17.974	17.702	17.759	18.603	17.613	17.747	415.42	415.34
14:16:26	17.974	17.702	17.751	18.581	17.613	17.746	415.42	415.34
14:17:26	17.974	17.702	17.743	18.569	17.612	17.747	415.42	415.34
14:18:26	17.975	17.703	17.735	18.755	17.612	17.748	415.42	415.34
14:19:26	17.973	17.702	17.736	18.762	17.613	17.748	415.42	415.34
14:20:26	17.973	17.703	17.73	18.731	17.614	17.748	415.42	415.34
14:21:26	17.974	17.703	17.735	18.717	17.613	17.748	415.42	415.34
14:22:26	17.974	17.7	17.74	18.79	17.612	17.747	415.42	415.34
14:23:26	17.974	17.703	17.74	18.773	17.613	17.748	415.42	415.34
14:24:26	17.974	17.702	17.745	18.751	17.613	17.749	415.42	415.34
14:25:26	17.974	17.703	17.743	18.701	17.614	17.749	415.42	415.34
14:26:26	17.974	17.703	17.735	18.657	17.615	17.749	415.42	415.34
14:27:26	17.974	17.703	17.727	18.62	17.615	17.749	415.42	415.34
14:28:26	17.972	17.704	17.72	18.605	17.614	17.748	415.42	415.34
14:29:26	17.974	17.704	17.734	18.616	17.615	17.749	415.42	415.34
14:30:26	17.974	17.705	17.744	18.723	17.615	17.749	415.42	415.34
14:31:26	17.974	17.706	17.755	18.782	17.616	17.75	415.42	415.34
14:32:26	17.974	17.705	17.759	18.773	17.616	17.75	415.42	415.34
14:33:26	17.974	17.706	17.702	18.736	17.616	17.75	415.42	415.34
14:34:26	17.974	17.706	17.4	18.699	17.615	17.748	415.42	415.34
14:35:26	17.975	17.706	17.304	18.591	17.614	17.749	415.42	415.34
14:36:26	17.973	17.705	17.357	18.561	17.614	17.748	415.42	415.34
14:37:26	17.975	17.704	17.384	0.0	17.612	17.748	415.42	415.34
14:38:26	17.974	17.703	17.42	18.575	17.614	17.748	415.42	415.34
14:39:26	17.974	17.703	17.431	18.578	17.613	17.747	415.42	415.34
14:40:26	17.975	17.703	17.441	18.576	17.613	17.746	415.42	415.34
14:41:26	17.974	17.702	17.465	18.573	17.612	17.747	415.42	415.34
14:42:26	17.974	17.702	17.474	18.569	17.612	17.748	415.42	415.34
14:43:26	17.974	17.701	17.465	18.578	17.612	17.747	415.42	415.34
14:44:26	17.973	17.7	17.484	18.57	17.612	17.746	415.42	415.34
14:45:26	17.975	17.7	17.498	18.557	17.612	17.747	415.42	415.34
14:46:26	17.974	17.701	17.474	18.544	17.613	17.747	415.42	415.34
14:47:26	17.975	17.701	17.452	18.545	17.611	17.748	415.42	415.34
14:48:26	17.976	17.7	17.449	18.552	17.612	17.746	415.42	415.34
14:49:26	17.973	17.7	17.446	18.565	17.612	17.746	415.42	415.34
14:50:26	17.973	17.701	17.473	18.585	17.613	17.747	415.42	415.34
14:51:26	17.974	17.701	17.526	18.582	17.612	17.747	415.42	415.34
14:52:26	17.974	17.701	17.564	18.566	17.613	17.748	415.42	415.34
14:53:26	17.974	17.701	17.583	18.573	17.614	17.748	415.42	415.34
14:54:27	17.974	17.702	17.599	18.578	17.613	17.748	415.42	415.34
14:55:26	17.974	17.702	17.616	18.601	17.614	17.749	415.42	415.34
14:56:26	17.975	17.702	17.652	18.666	17.615	17.748	415.42	415.34
14:57:26	17.974	17.703	17.659	18.707	17.614	17.749	415.42	415.34
14:58:26	17.975	17.703	17.671	18.697	17.615	17.747	415.42	415.34
14:59:26	17.975	17.703	17.677	18.686	17.614	17.748	415.42	415.34
15:00:26	17.974	17.703	17.685	18.705	17.615	17.748	415.42	415.34
15:01:26	17.975	17.704	17.697	18.838	17.615	17.749	415.42	415.34
15:02:26	17.975	17.703	17.705	18.858	17.614	17.748	415.42	415.34
15:03:26	17.975	17.702	17.711	18.846	17.615	17.748	415.42	415.34
15:04:26	17.976	17.704	17.714	18.802	17.615	17.749	415.42	415.34
15:05:26	17.975	17.702	17.713	18.755	17.615	17.748	415.42	415.34
15:06:26	17.974	17.701	17.717	18.717	17.615	17.748	415.42	415.34
15:07:28	17.976	17.701	17.719	18.69	17.613	17.747	415.42	415.34
15:08:26	17.975	17.701	17.723	18.667	17.612	17.749	415.42	415.34
15:09:26	17.974	17.701	17.727	18.64	17.612	17.748	415.42	415.34
15:10:26	17.974	17.701	17.729	18.62	17.613	17.747	415.42	415.34
15:11:26	17.974	17.701	17.733	18.617	17.614	17.747	415.42	415.34
15:12:26	17.975	17.7	17.73	18.605	17.612	17.747	415.42	415.34
15:13:26	17.974	17.698	17.727	18.615	17.611	17.747	415.42	415.34
15:14:26	17.974	17.698	17.729	18.63	17.613	17.748	415.42	415.34
15:15:26	17.973	17.699	17.729	18.687	17.612	17.746	415.42	415.34
15:16:26	17.975	17.699	17.73	18.92	17.612	17.747	415.42	415.34
15:17:26	17.974	17.699	17.736	18.933	17.613	17.747	415.42	415.34
15:18:26	17.974	17.698	17.744	18.872	17.613	17.747	415.42	415.34
15:19:26	17.975	17.699	17.747	18.83	17.612	17.747	415.42	415.34
15:20:26	17.974	17.698	17.749	18.804	17.613	17.747	415.42	415.34
15:21:26	17.975	17.699	17.75	18.795	17.613	17.747	415.42	415.34
15:22:27	17.973	17.698	17.75	18.773	17.612	17.747	415.42	415.34
15:23:26	17.975	17.698	17.748	18.712	17.613	17.747	415.42	415.34
15:24:26	17.975	17.697	17.747	18.679	17.613	17.748	415.42	415.34
15:25:26	17.976	17.698	17.75	18.654	17.611	17.747	415.42	415.34
15:26:26	17.975	17.699	17.754	18.641	17.613	17.748	415.42	415.34
15:27:26	17.974	17.699	17.752	18.657	17.613	17.749	415.42	415.34
15:28:26	17.973	17.699	17.753	18.678	17.613	17.748	415.42	415.34
15:29:26	17.974	17.699	17.752	18.686	17.613	17.747	415.42	415.34
15:30:26	17.975	17.699	17.754	18.697	17.613	17.748	415.42	415.34
15:31:26	17.974	17.698	17.761	18.697	17.613	17.749	415.42	415.34
15:32:26	17.974	17.699	17.761	18.701	17.614	17.749	415.42	415.34
15:33:27	17.974	17.699	17.763	18.675	17.613	17.749	415.42	415.34
15:34:26	0.0	17.7	17.759	18.617	17.615	17.749	415.42	415.34
15:35:26	17.975	17.699	17.739	18.526	17.614	17.749	415.42	415.34
15:36:27	17.975	17.7	17.706	18.398	17.615	17.749	415.42	415.34
15:37:26	17.975	17.699	17.727	18.487	17.614	17.748	415.42	415.34
15:38:26	17.975	17.7	17.757	18.579	17.613	17.748	415.42	415.34
15:39:26	17.975	17.7	17.78	18.64	17.614	17.748	415.42	415.34
15:40:26	17.975	17.698	17.797	18.685	17.612	17.747	415.42	415.34
15:41:26	17.975	17.698	17.749	18.189	17.613	17.748	415.42	415.34
15:42:26	17.974	17.698	17.581	17.586	17.613	17.747	415.42	415.34
15:43:26	17.974	17.698	17.566	17.784	17.612	17.749	415.42	415.34
15:44:26	17.974	17.698	17.646	18.202	17.615	17.749	415.42	415.34
15:45:26	17.974	17.698	17.519	18.332	17.614	17.749	415.42	415.34
15:46:26	17.974	17.698	17.451	18.306	17.614	17.748	415.42	415.34
15:47:26	17.975	17.699	17.587	18.408	17.614	17.748	415.42	415.34
15:48:26	17.974	17.7	17.658	18.503	17.614	17.748	415.42	415.34
15:49:26	17.975	17.699	17.624	18.504	17.614	17.748	415.42	415.34
15:50:26	17.976	17.7	17.643	18.508	17.614	17.749	415.42	415.34
15:51:26	17.975	17.699	17.662	18.548	17.614	17.749	415.42	415.34
15:52:26	17.975	17.698	17.674	18.584	17.612	17.747	415.42	415.34
15:53:26	17.974	17.698	17.689	18.612	17.613	17.747	415.42	415.34
15:54:26	17.975	17.697	17.696	18.602	17.613	17.748	415.42	415.34
15:55:26	17.975	17.696	17.703	18.595	17.615	17.748	415.42	415.34
15:56:26	17.975	17.698	17.709	18.634	17.613	17.747	415.42	415.34
15:57:26	17.975	17.697	17.714	18.679	17.612	17.747	415.42	415.34
15:58:26	17.974	17.695	17.714	18.702	17.611	17.747	415.42	415.34
15:59:26	17.975	17.695	17.72	18.699	17.611	17.747	415.42	415.34
16:00:26	17.974	17.694	17.723	18.708	17.611	17.747	415.42	415.34
16:01:26	17.975	17.695	17.729	18.715	17.611	17.747	415.42	415.34
16:02:26	17.974	17.694	17.73	18.722	17.612	17.748	415.42	415.34
16:03:26	17.974	17.695	17.728	18.686	17.611	17.747	415.42	415.34
16:04:26	17.975	17.694	17.727	18.672	17.612	17.748	415.42	415.34
16:05:26	17.974	17.695	17.729	18.666	17.612	17.747	415.42	415.34
16:06:26	17.976	17.695	17.726	18.657	17.612	17.749	415.42	415.34
16:07:26	17.975	17.696	17.733	18.67	17.613	17.749	415.42	415.34
16:08:26	17.976	17.698	17.757	18.638	17.614	17.749	415.42	415.34
16:09:26	17.975	17.698	17.75	18.538	17.614	17.75	415.42	415.34
16:10:26	17.976	17.698	17.734	18.468	17.615	17.749	415.42	415.34
16:11:26	17.976	17.698	17.753	18.576	17.615	17.751	415.42	415.34
16:12:26	17.975	17.698	17.781	18.649	17.614	17.751	415.42	415.34
16:13:26	17.976	17.699	17.799	18.701	17.614	17.749	415.42	415.34
16:14:26	17.975	17.699	17.808	18.74	17.615	17.749	415.42	415.34
16:15:26	17.976	17.699	17.608	18.633	17.615	17.749	415.42	415.34
16:16:26	17.975	17.699	17.471	18.484	17.614	17.749	415.42	415.34
16:17:26	17.976	17.698	17.601	18.503	17.613	17.748	415.42	415.34
16:18:26	17.976	17.697	17.625	18.551	17.614	17.749	415.42	415.34
16:19:26	17.975	17.698	17.642	18.524	17.615	17.749	415.42	415.34
16:20:26	17.976	17.698	17.668	18.107	17.614	17.748	415.42	415.34
16:21:26	17.976	17.698	17.527	17.575	17.614	17.748	415.42	415.34
16:22:26	17.975	17.698	17.58	18.077	17.615	17.75	415.42	415.34
16:23:26	17.975	17.697	17.642	18.357	17.613	17.749	415.42	415.34
16:24:26	17.976	17.697	17.479	18.397	17.614	17.749	415.42	415.34
16:25:26	17.975	17.696	17.552	18.416	17.614	17.748	415.42	415.34
16:26:26	17.976	17.696	17.624	18.513	17.612	17.748	415.42	415.34
16:27:26	17.976	17.696	17.615	18.567	17.614	17.748	415.42	415.34
16:28:26	17.975	17.696	17.616	18.52	17.613	17.75	415.42	415.34
16:29:26	17.975	17.696	17.644	18.558	17.614	17.748	415.42	415.34
16:30:26	17.975	17.696	17.668	18.602	17.614	17.749	415.42	415.34
16:31:26	17.975	17.696	17.685	18.624	17.614	17.748	415.42	415.34
16:32:26	17.975	17.696	17.698	18.639	17.615	17.749	415.42	415.34
16:33:26	17.976	17.697	17.702	18.625	17.614	17.749	415.42	415.34
16:34:26	17.976	17.696	17.701	18.617	17.613	17.749	415.42	415.34
16:35:26	17.976	17.696	17.701	18.869	17.615	17.75	415.42	415.34
16:36:26	17.976	17.698	17.715	18.877	17.614	17.749	415.42	415.34
16:37:26	17.976	17.697	17.723	18.816	17.615	17.75	415.42	415.34
16:38:26	17.976	17.697	17.734	18.801	17.614	17.749	415.42	415.34
16:39:26	17.975	17.695	17.738	18.788	17.614	17.75	415.42	415.34
16:40:26	17.976	17.696	17.74	18.765	17.615	17.749	415.42	415.34
16:41:26	17.977	17.695	17.748	18.757	17.614	17.751	415.42	415.34
16:42:28	17.976	17.696	17.748	18.71	17.615	17.75	415.42	415.34
16:43:26	17.977	17.696	17.745	18.685	17.614	17.75	415.42	415.34
16:44:26	17.976	17.696	17.738	18.666	17.614	17.748	415.42	415.34
16:45:26	17.976	17.695	17.757	18.657	17.612	17.749	415.42	415.34
16:46:26	17.976	17.693	17.773	18.682	17.611	17.748	415.42	415.34
16:47:26	17.976	17.693	17.776	18.541	17.611	17.749	415.42	415.34
16:48:26	17.975	17.692	17.766	18.506	17.612	17.749	415.42	415.34
16:49:26	17.975	17.691	17.777	18.611	17.612	17.749	415.42	415.34
16:50:26	17.975	17.69	17.793	18.67	17.61	17.747	415.42	415.34
16:51:26	17.974	17.689	17.795	18.704	17.609	17.748	415.42	415.34
16:52:26	17.974	17.689	17.544	18.607	17.609	17.748	415.42	415.34
16:53:26	17.975	17.689	17.547	18.443	17.609	17.748	415.42	415.34
16:54:26	17.975	17.687	17.644	18.486	17.608	17.748	415.42	415.34
16:55:26	17.974	17.688	17.645	18.51	17.609	17.746	415.42	415.34
16:56:26	17.974	17.688	17.661	18.506	17.61	17.748	415.42	415.34
16:57:26	17.974	17.689	17.587	17.636	17.61	17.749	415.42	415.34
16:58:26	17.973	17.689	17.496	17.659	17.609	17.747	415.42	415.34
16:59:26	17.972	17.69	17.579	18.12	17.61	17.748	415.42	415.34
17:00:26	17.974	17.69	17.636	18.364	17.61	17.749	415.42	415.34
17:01:26	17.974	17.689	17.472	18.369	17.611	17.749	415.42	415.34
17:02:26	17.974	17.689	17.538	18.388	17.61	17.747	415.42	415.34
17:03:26	17.974	17.69	17.602	18.478	17.611	17.748	415.42	415.34
17:04:26	17.975	17.691	17.64	18.54	17.613	17.749	415.42	415.34
17:05:26	17.974	17.69	17.664	18.584	17.612	17.749	415.42	415.34
17:06:26	17.975	17.691	17.679	18.618	17.612	17.749	415.42	415.34
17:07:26	17.975	17.691	17.688	18.619	17.613	17.749	415.42	415.34
17:08:26	17.975	17.691	17.697	18.637	17.612	17.75	415.42	415.34
17:09:26	17.975	17.691	17.705	18.665	17.611	17.75	415.42	415.34
17:10:26	17.975	17.691	17.707	18.648	17.612	17.749	415.42	415.34
17:11:26	17.974	17.69	17.706	18.62	17.61	17.748	415.42	415.34
17:12:26	17.975	17.689	17.705	18.701	17.61	17.746	415.42	415.34
17:13:26	17.975	17.689	17.711	18.887	17.611	17.749	415.42	415.34
17:14:26	17.975	17.689	17.721	18.843	17.611	17.75	415.42	415.34
17:15:26	17.975	17.687	17.726	18.783	17.61	17.747	415.42	415.34
17:16:26	17.974	17.687	17.731	18.742	17.61	17.749	415.42	415.34
17:17:26	17.975	17.687	17.736	18.722	17.61	17.749	415.42	415.34
17:18:26	17.975	17.688	17.741	18.713	17.609	17.748	415.42	415.34
17:19:26	17.973	17.687	17.742	18.686	17.61	17.748	415.42	0.0
17:20:26	17.975	17.687	17.743	18.655	17.61	17.749	415.42	415.34
17:21:27	17.974	17.686	17.732	18.651	17.61	17.749	415.42	415.34
17:22:26	0.0	17.686	17.731	18.657	17.61	17.75	415.42	415.34
17:23:26	17.974	17.686	17.733	18.648	17.61	17.75	415.42	415.34
17:24:26	17.975	17.687	17.748	18.66	17.61	17.749	415.42	415.34
17:25:26	17.974	17.686	17.74	18.488	17.609	17.748	415.42	415.34
17:26:28	17.973	17.687	17.733	18.507	17.609	17.749	415.42	415.34
17:27:26	17.973	17.686	17.741	18.587	17.609	17.749	415.42	415.34
17:28:29	17.974	17.686	17.759	18.635	17.61	17.749	415.42	415.34
17:29:26	0.0	17.685	17.775	18.662	17.608	17.748	415.42	415.34
17:30:26	17.974	17.683	17.782	18.684	17.608	17.749	415.42	415.34
17:31:26	17.973	17.683	17.761	18.677	17.608	17.749	415.42	415.34
17:32:26	17.974	17.683	17.534	18.519	17.607	17.746	415.42	415.34
17:33:26	17.972	17.682	17.596	18.465	17.608	17.748	415.42	415.34
17:34:26	17.973	17.682	17.672	18.527	17.608	17.748	415.42	415.34
17:35:26	17.972	17.681	17.623	18.517	17.607	17.747	415.42	415.34
17:36:26	17.973	17.682	17.659	18.504	17.606	17.749	415.42	415.34
17:37:26	17.972	17.681	17.679	18.124	17.608	17.748	415.42	415.34
17:38:26	17.974	17.682	17.517	17.537	17.607	17.747	415.42	415.34
17:39:26	17.972	17.681	17.573	18.035	17.606	17.748	415.42	415.34
17:40:26	17.973	17.681	17.643	18.326	17.607	17.747	415.42	415.34
17:41:26	17.971	17.68	17.545	18.437	17.607	17.746	415.42	415.34
17:42:26	17.971	17.68	17.516	18.385	17.606	17.747	415.42	415.34
17:43:26	17.973	17.68	17.607	18.455	17.605	17.747	415.42	415.34
17:44:26	17.972	17.68	17.645	18.525	17.607	17.749	415.42	415.34
17:45:26	17.973	17.679	17.593	18.511	17.605	17.747	415.42	415.34
17:46:26	17.972	17.678	17.624	18.519	17.605	17.747	415.42	415.34
17:47:26	17.971	17.679	17.648	18.565	17.605	17.747	415.42	415.34
17:48:26	17.971	17.677	17.664	18.599	17.604	17.747	415.42	415.34
17:49:26	17.971	17.677	17.677	18.626	17.604	17.747	415.42	415.34
17:50:26	17.972	17.677	17.686	18.622	17.606	17.748	415.42	415.34
17:51:26	17.972	17.677	17.686	18.615	17.606	17.747	415.42	415.34
17:52:26	17.971	17.677	17.686	18.607	17.605	17.747	415.42	415.34
17:53:26	17.971	17.676	17.695	18.636	17.604	17.746	415.42	415.34
17:54:26	17.971	17.676	17.702	18.677	17.605	17.747	415.42	415.34
17:55:26	17.971	17.676	17.711	18.684	17.605	17.748	415.42	415.34
17:56:26	17.971	17.676	17.716	18.709	17.605	17.749	415.42	415.34
17:57:26	17.971	17.675	17.724	18.713	17.604	17.748	415.42	415.34
17:58:26	17.971	17.675	17.729	18.731	17.605	17.748	415.42	415.34
17:59:26	17.971	17.676	17.733	18.722	17.605	17.747	415.42	415.34
18:00:26	17.972	17.676	17.733	18.701	17.606	17.748	415.42	415.34
18:02:31	0.0	17.675	17.751	18.642	17.603	17.746	415.42	415.34
18:03:31	17.971	17.675	17.76	18.638	17.604	17.748	415.42	415.34
18:04:31	17.972	17.675	17.758	18.586	17.603	17.747	415.42	415.34
18:05:31	17.971	17.675	17.745	18.494	17.604	17.747	415.42	415.34
18:06:31	17.97	17.673	17.722	18.387	17.604	17.747	415.42	415.34
18:07:31	17.971	17.674	17.726	18.471	17.603	17.747	415.42	415.34
18:08:56	17.971	17.672	17.564	18.4	17.602	17.747	415.42	415.34
18:09:55	17.97	17.672	17.595	18.366	17.602	17.745	415.42	415.34
18:10:55	17.97	17.672	17.643	18.423	17.601	17.745	415.42	415.34
18:12:20	17.97	17.672	17.677	18.478	17.601	17.746	415.42	415.34
18:13:20	17.969	17.67	17.69	18.497	17.602	17.746	415.42	415.34
18:14:45	17.969	17.671	17.639	18.431	17.601	17.746	415.42	415.34
18:15:45	17.969	17.67	17.649	18.409	17.602	17.746	415.42	415.34
18:16:45	17.969	17.67	17.661	18.424	17.602	17.748	415.42	415.34
18:17:45	17.969	17.67	17.669	18.431	17.603	17.746	415.42	415.34
18:18:45	17.969	17.67	17.673	18.445	17.603	17.746	415.42	415.34
18:19:45	17.968	17.67	17.676	18.441	17.601	17.746	415.42	415.34
18:20:53	17.969	17.669	17.676	18.421	17.602	17.746	415.42	415.34
18:21:53	0.0	17.671	17.672	18.404	17.603	17.747	415.42	415.34
18:22:53	17.969	17.67	17.669	18.615	17.602	17.747	415.42	415.34
18:24:17	17.968	17.669	17.678	18.734	17.6	17.746	415.42	415.34
18:25:17	17.969	17.668	17.682	18.629	17.6	17.747	415.42	415.34
18:26:42	17.968	17.667	17.683	18.552	17.6	17.745	415.42	415.34
18:27:42	17.968	17.667	17.683	18.522	17.6	17.747	415.42	415.34
18:28:42	17.968	17.667	17.683	18.498	17.6	17.746	415.42	415.34
18:30:07	17.969	17.666	17.682	18.48	17.6	17.746	415.42	415.34
18:31:07	17.968	17.668	17.683	18.463	17.6	17.745	415.42	415.34
18:32:31	17.968	17.668	17.685	18.46	17.602	17.747	415.42	415.34
18:33:32	17.968	17.666	17.684	18.566	17.601	17.746	415.42	415.34
18:34:32	17.967	17.666	17.684	18.901	17.601	17.747	415.42	415.34
18:35:56	17.967	17.667	17.703	18.97	17.602	17.747	415.42	415.34
18:36:56	17.968	17.669	17.717	18.969	17.603	17.747	415.42	415.34
18:38:21	17.968	17.668	0.0	18.805	17.602	17.746	415.42	415.34
18:39:21	17.967	17.667	17.708	18.67	17.601	17.747	415.42	415.34
18:40:21	17.967	17.666	17.7	18.636	17.6	17.746	415.42	415.34
18:41:21	17.966	17.665	17.695	18.603	17.598	17.744	415.42	415.34
18:42:21	17.968	17.664	17.697	18.562	17.598	17.746	415.42	415.34
18:43:21	17.967	17.664	17.697	18.524	17.599	17.745	415.42	415.34
18:44:21	17.967	17.664	17.696	18.499	17.6	17.746	415.42	415.34
18:45:21	17.966	17.665	17.695	18.471	17.601	17.746	415.42	415.34
18:46:21	17.966	17.664	17.693	18.412	17.601	17.747	415.42	415.34
18:47:36	17.966	17.664	17.691	18.366	17.6	17.747	415.42	415.34
18:48:36	17.967	17.663	17.691	18.345	17.598	17.745	415.42	415.34
18:49:36	17.966	17.662	17.69	18.333	17.599	17.746	415.42	415.34
18:50:36	17.965	17.662	17.688	18.318	17.597	17.745	415.42	415.34
18:51:36	17.966	17.66	17.689	18.326	17.599	17.747	415.42	415.34
18:52:36	17.966	17.663	17.688	18.308	17.6	17.747	0.0	415.34
18:54:01	17.966	17.663	17.687	18.285	17.6	17.746	415.42	415.34
18:55:01	17.966	17.662	17.686	18.274	17.6	17.747	415.42	415.34
18:56:25	17.964	17.661	17.688	18.292	17.6	17.746	415.42	415.34
18:57:25	17.965	17.663	17.687	18.457	17.599	17.746	415.42	415.34
18:58:25	17.966	17.662	17.696	18.537	17.6	17.747	415.42	415.34
18:59:50	17.965	17.661	17.703	18.453	17.598	17.746	415.42	415.34
19:00:50	17.965	17.661	17.704	18.396	17.598	17.746	415.42	415.34
19:01:50	17.965	17.661	17.698	18.365	17.598	17.747	415.42	415.34
19:02:50	17.965	17.659	17.696	18.391	17.598	17.746	415.42	415.34
19:03:50	17.964	17.66	17.701	18.444	17.597	17.745	415.42	415.34
19:04:50	17.962	17.658	17.71	18.739	17.596	17.744	415.42	415.34
19:06:15	17.962	17.657	17.718	18.78	17.596	17.745	415.42	415.34
19:07:39	17.963	17.657	17.725	18.736	17.597	17.744	415.42	415.34
19:08:39	17.963	17.658	17.728	18.854	17.597	17.744	415.42	415.34
19:09:39	17.963	17.656	17.74	19.229	17.597	17.745	415.42	415.34
19:10:40	17.963	17.657	17.757	19.514	17.597	17.746	415.42	415.34
19:12:05	17.963	17.659	17.782	19.922	17.6	17.746	415.42	415.34
19:13:29	17.963	17.659	17.781	19.488	17.599	17.748	415.42	415.34
19:14:29	17.964	17.659	17.769	19.128	17.599	17.748	415.42	415.34
19:15:29	17.963	17.66	17.758	18.901	17.6	17.747	415.42	0.0
19:16:29	17.962	17.659	17.736	18.743	17.599	17.747	415.42	415.34
19:17:54	17.963	17.659	17.733	18.643	17.599	17.747	415.42	415.34
19:19:19	17.963	17.66	17.738	18.621	17.598	17.747	415.42	415.34
19:20:19	17.963	17.658	17.738	18.618	17.597	17.746	415.42	415.34
19:21:19	17.961	17.656	17.74	18.609	17.596	17.745	415.42	415.34
19:22:19	17.963	17.657	17.742	18.606	17.596	17.747	415.42	415.34
19:23:19	17.961	17.657	17.744	18.597	17.598	17.746	415.42	415.34
19:24:19	17.961	17.656	17.744	18.576	17.599	17.746	415.42	415.34
19:25:19	17.962	17.657	17.743	18.582	17.599	17.748	415.42	415.34
19:26:19	17.96	17.658	17.736	19.063	17.6	17.748	415.42	415.34
19:27:19	17.962	17.657	17.746	19.07	17.598	17.746	415.42	415.34
19:28:19	17.961	17.656	17.754	18.913	17.598	17.746	415.42	415.34
19:29:19	17.961	17.658	17.755	18.802	17.598	17.746	415.42	415.34
19:30:19	17.961	17.656	17.752	18.732	17.598	17.747	415.42	415.34
19:31:19	17.96	17.656	17.752	18.67	17.599	17.747	415.42	415.34
19:32:19	17.961	17.656	17.749	18.596	17.598	17.746	415.42	415.34
19:33:19	17.96	17.656	17.745	18.529	17.597	17.745	415.42	415.34
19:34:19	17.961	17.655	17.745	18.526	17.597	17.747	415.42	415.34
19:35:19	17.961	17.655	17.741	18.516	17.596	17.745	415.42	415.34
19:36:19	17.96	17.653	17.722	18.449	17.597	17.745	415.42	415.34
19:37:19	17.961	17.653	17.711	18.3	17.597	17.746	415.42	415.34
19:38:19	17.959	17.655	17.675	18.392	17.598	17.746	415.42	415.34
19:39:19	17.961	17.655	17.681	18.428	17.599	17.747	415.42	415.34
19:40:19	17.96	17.655	17.713	18.484	17.598	17.747	415.42	415.34
19:41:19	17.959	17.654	17.676	17.84	17.597	17.745	415.42	415.34
19:42:19	17.959	17.654	17.546	17.513	17.595	17.745	415.42	415.34
19:43:19	17.959	17.654	17.617	18.023	17.597	17.746	415.42	415.34
19:44:19	17.959	17.654	17.669	18.293	17.597	17.745	415.42	415.34
19:45:19	17.959	17.653	17.7	18.448	17.597	17.746	415.42	415.34
19:46:19	17.959	17.652	17.591	18.446	17.596	17.744	415.42	415.34
19:47:19	17.959	17.653	17.625	18.416	17.596	17.745	415.42	415.34
19:48:19	17.958	17.651	17.669	18.464	17.597	17.747	415.42	415.34
19:49:19	17.958	17.653	17.692	18.506	17.597	17.746	415.42	415.34
19:50:19	17.959	17.653	17.652	18.529	17.598	17.746	415.42	415.34
19:51:19	17.959	17.653	17.631	18.479	17.599	17.745	415.42	415.34
19:52:19	17.959	17.653	17.648	18.471	17.596	17.746	415.42	415.34
19:53:19	17.958	17.652	17.666	18.495	17.595	17.744	415.42	415.34
19:54:19	17.958	17.651	17.676	18.52	17.596	17.745	415.42	415.34
19:55:19	17.958	17.651	17.685	18.539	17.596	17.745	415.42	415.34
19:56:19	17.958	17.651	17.69	18.552	17.596	17.744	415.42	415.34
19:57:19	17.958	17.65	17.7	18.566	17.595	17.744	415.42	415.34
19:58:22	17.958	17.65	17.704	18.587	17.596	17.745	415.42	415.34
19:59:19	17.958	17.65	17.708	18.603	17.595	17.744	415.42	415.34
20:00:19	17.958	17.65	17.71	18.604	17.595	17.744	415.42	415.34
20:01:19	17.958	17.65	17.711	18.606	17.594	17.746	415.42	415.34
20:02:19	17.958	17.65	17.716	18.605	17.597	17.744	415.42	415.34
20:03:19	17.958	17.65	17.717	18.61	17.597	17.745	415.42	415.34
20:04:20	17.958	17.651	17.719	18.612	17.597	17.745	415.42	415.34
20:05:20	17.957	17.651	17.721	18.605	17.597	17.745	415.42	415.34
20:06:20	17.958	17.65	17.719	18.596	17.597	17.744	415.42	415.34
20:07:20	17.958	17.651	17.721	18.6	17.598	17.747	415.42	415.34
20:08:20	17.958	17.653	17.722	18.601	17.597	17.746	415.42	415.34
20:09:20	17.958	17.653	17.724	18.593	17.597	17.747	415.42	415.34
20:10:20	17.958	17.653	17.727	18.596	17.598	17.747	415.42	415.34
20:11:20	17.958	17.653	17.731	18.601	17.599	17.747	415.42	415.34
20:12:20	17.958	17.653	17.731	18.603	17.598	17.747	415.42	415.34
20:13:20	17.958	17.654	17.732	18.604	17.599	17.746	415.42	415.34
20:14:20	17.957	17.654	17.732	18.597	17.597	17.747	415.42	415.34
20:15:20	17.958	17.653	17.733	18.591	17.597	17.747	415.42	415.34
20:16:20	17.958	17.653	17.734	18.588	17.598	17.745	415.42	415.34
20:17:20	17.958	17.651	17.733	18.587	17.596	17.745	415.42	415.34
20:18:22	17.958	17.651	17.734	18.586	17.594	17.745	415.42	415.34
20:19:20	17.958	17.651	17.733	18.589	17.597	17.745	415.42	415.34
20:20:22	17.957	17.65	17.723	18.592	17.596	17.745	415.42	415.34
20:21:20	17.958	17.65	17.742	18.59	17.596	17.746	415.42	415.34
20:22:20	17.958	17.651	17.757	18.601	17.596	17.746	415.42	415.34
20:23:21	17.957	17.651	17.765	18.605	17.596	17.745	415.42	415.34
20:24:20	0.0	17.65	17.769	18.609	17.596	17.748	415.42	415.34
20:25:20	17.956	17.65	17.765	18.598	17.597	17.747	415.42	415.34
20:26:20	17.957	17.651	17.765	18.586	17.597	17.747	415.42	415.34
20:27:20	17.956	17.651	17.767	18.589	17.597	17.746	415.42	415.34
20:28:20	17.956	17.651	17.728	18.59	17.597	17.746	415.42	415.34
20:29:20	17.956	17.651	17.727	18.557	17.598	17.746	415.42	415.34
20:30:20	17.956	17.65	17.745	18.574	17.596	17.746	415.42	415.34
20:31:20	17.956	17.649	17.743	18.185	17.597	17.747	415.42	415.34
20:32:20	17.956	17.65	17.555	17.526	17.597	17.748	415.42	415.34
20:33:20	17.957	17.651	17.594	17.984	17.599	17.748	415.42	415.34
20:34:21	17.957	17.652	17.668	18.296	17.597	17.747	415.42	415.34
20:35:20	17.957	17.652	17.706	18.442	17.598	17.747	415.42	415.34
20:36:21	17.957	17.652	17.626	18.464	17.598	17.747	415.42	415.34
20:37:20	17.957	17.651	17.597	18.404	17.598	17.747	415.42	415.34
20:38:21	17.957	17.652	17.638	18.441	17.597	17.748	415.42	415.34
20:39:20	17.958	17.652	17.662	18.485	17.598	17.746	415.42	415.34
20:40:20	17.957	17.651	17.678	18.521	17.598	17.746	415.42	415.34
20:41:20	17.956	17.65	17.692	18.541	17.597	17.746	415.42	415.34
20:42:20	0.0	17.649	17.697	18.556	17.597	17.746	415.42	415.34
20:43:20	17.955	17.649	17.7	18.574	17.594	17.745	415.42	415.34
20:44:20	17.956	17.649	17.706	18.583	17.596	17.747	415.42	415.34
20:45:20	17.955	17.648	17.71	18.592	17.595	17.745	415.42	415.34
20:46:20	17.955	17.649	17.712	18.611	17.597	0.0	415.42	415.34
20:47:20	17.955	17.649	17.716	18.622	17.596	17.746	415.42	415.34
20:48:20	17.956	17.65	17.72	18.622	17.597	17.745	415.42	415.34
20:49:20	17.955	17.65	17.723	18.617	17.597	17.747	415.42	415.34
20:50:20	17.954	17.649	17.726	18.626	17.596	17.747	415.42	415.34
20:51:20	17.956	17.649	17.635	18.621	17.596	17.747	415.42	415.34
20:52:20	17.956	17.65	17.552	18.605	17.596	17.746	415.42	415.34
20:53:20	17.955	17.649	17.534	18.564	17.595	17.747	415.42	415.34
20:54:20	17.956	17.648	17.528	18.6	17.595	17.746	415.42	415.34
20:55:20	17.954	17.648	17.529	18.684	17.596	17.746	415.42	415.34
20:56:20	17.955	17.649	17.536	18.666	17.596	17.747	415.42	415.34
20:57:20	17.955	17.648	17.535	18.63	17.597	17.747	415.42	415.34
20:58:20	17.955	17.648	17.527	18.596	17.597	17.747	415.42	415.34
20:59:20	17.955	17.649	17.533	18.584	17.597	17.746	415.42	415.34
21:00:20	17.955	17.649	17.538	18.602	17.597	17.748	415.42	415.34
21:01:20	17.955	17.648	17.545	18.626	17.598	17.746	415.42	415.34
21:02:20	17.955	17.65	17.531	18.631	17.597	17.746	415.42	415.34
21:03:20	17.955	17.649	17.57	18.83	17.596	17.747	415.42	415.34
21:04:20	17.954	17.65	17.603	18.929	17.597	17.746	415.42	415.34
21:05:20	17.954	17.649	17.627	18.835	17.596	17.747	415.42	415.34
21:06:20	17.954	17.649	17.641	0.0	17.597	17.746	415.42	415.34
21:07:20	17.955	17.649	17.64	18.685	17.596	17.747	415.42	415.34
21:08:20	17.954	17.648	17.63	18.645	17.596	17.746	415.42	415.34
21:09:20	17.954	17.648	17.641	18.647	17.596	17.746	415.42	415.34
21:10:21	17.953	17.649	17.641	18.641	0.0	17.747	415.42	415.34
21:11:20	17.953	17.649	17.64	18.635	17.595	17.746	415.42	415.34
21:12:21	17.954	17.649	17.653	18.663	17.596	17.746	415.42	415.34
21:13:20	17.954	17.648	17.663	18.672	17.598	17.748	415.42	415.34
21:14:20	17.955	17.65	17.667	18.631	17.597	17.747	415.42	415.34
21:15:20	17.955	17.649	17.674	18.615	17.596	17.746	415.42	415.34
21:16:21	17.953	17.649	17.677	18.596	17.597	17.747	415.42	415.34
21:17:20	17.953	17.65	17.683	18.603	17.597	17.747	415.42	415.34
21:18:20	17.954	17.65	17.688	18.614	17.597	17.748	415.42	415.34
21:19:20	17.953	17.65	17.683	18.591	17.596	17.746	415.42	415.34
21:20:20	17.954	17.649	17.69	18.518	17.595	17.746	415.42	415.34
21:21:22	17.954	17.649	17.704	18.501	17.596	17.746	415.42	415.34
21:22:20	17.955	17.648	17.709	18.58	17.596	17.747	415.42	415.34
21:23:21	17.954	17.649	17.71	18.602	17.597	17.747	415.42	415.34
21:24:20	0.0	17.649	17.718	18.61	17.598	17.747	415.42	415.34
21:25:20	17.955	17.65	17.729	18.639	17.597	17.747	415.42	415.34
21:26:20	17.954	17.65	17.721	18.638	17.598	17.748	415.42	415.34
21:27:20	17.953	17.651	17.625	17.41	17.598	17.748	415.42	415.34
21:28:20	17.954	17.651	17.529	17.805	17.598	17.746	415.42	415.34
21:29:20	17.954	17.651	17.61	18.234	17.597	17.746	415.42	415.34
21:30:20	17.954	17.65	17.652	18.457	17.597	17.746	415.42	415.34
21:31:20	17.954	17.649	17.684	18.567	17.595	17.746	415.42	415.34
21:32:20	17.954	17.65	17.68	18.605	17.597	17.747	415.42	415.34
21:33:20	17.953	17.649	17.525	18.5	17.596	17.746	415.42	415.34
21:34:20	17.954	17.65	17.604	18.544	17.597	17.746	415.42	415.34
21:35:20	17.952	17.648	17.654	18.575	17.596	17.745	415.42	415.34
21:36:20	17.953	17.648	17.68	18.597	17.596	17.747	415.42	415.34
21:37:20	17.954	17.648	17.689	18.605	17.597	17.747	415.42	415.34
21:38:20	17.954	17.649	17.708	18.607	17.597	17.747	415.42	415.34
21:39:20	17.953	17.65	17.633	18.234	17.599	17.747	415.42	415.34
21:40:20	17.953	17.65	17.645	18.369	17.598	17.747	415.42	415.34
21:41:20	17.952	17.65	17.682	18.489	17.596	0.0	415.42	415.34
21:42:20	17.953	17.65	17.701	18.548	17.596	17.747	415.42	415.34
21:43:20	17.953	17.651	17.589	18.448	17.598	17.746	415.42	415.34
21:44:20	17.954	17.649	17.618	18.44	17.597	17.748	415.42	415.34
21:45:20	17.953	17.65	17.664	18.506	17.598	17.746	415.42	415.34
21:46:20	17.953	17.65	17.691	18.552	17.597	17.747	415.42	415.34
21:47:20	17.953	17.65	17.621	18.559	17.595	17.746	415.42	415.34
21:48:20	17.954	17.65	17.638	18.517	17.597	17.745	415.42	415.34
21:49:20	17.954	17.649	17.658	18.526	17.596	17.746	415.42	415.34
21:50:20	17.953	17.649	17.671	18.552	17.597	17.745	415.42	415.34
21:51:20	17.953	17.648	17.676	18.566	17.595	17.746	415.42	415.34
21:52:20	17.953	17.648	17.684	18.582	17.598	17.747	415.42	415.34
21:53:20	17.952	17.65	17.693	18.593	17.597	17.746	415.42	415.34
21:54:21	17.953	17.651	17.697	18.608	17.599	17.748	415.42	415.34
21:55:20	0.0	17.651	17.701	18.609	17.598	17.747	415.42	415.34
21:56:20	17.955	17.652	17.707	18.614	17.597	17.745	415.42	415.34
21:57:20	17.952	17.651	17.71	18.617	17.597	17.746	415.42	415.34
21:58:20	17.953	17.651	17.713	18.622	17.598	17.746	415.42	415.34
21:59:20	17.953	17.652	17.718	18.626	17.598	17.747	415.42	415.34
22:00:20	17.954	17.651	17.718	18.624	17.596	17.747	415.42	415.34
22:01:20	17.954	17.651	17.722	18.623	17.598	17.747	415.42	415.34
22:02:20	17.954	17.651	17.721	18.618	17.598	17.747	415.42	415.34
22:03:20	17.953	17.651	17.724	18.619	17.598	17.748	415.42	415.34
22:04:20	17.953	17.65	17.723	18.619	17.598	17.747	415.42	415.34
22:05:20	17.952	17.651	17.599	18.623	17.597	17.748	415.42	415.34
22:06:20	17.953	17.652	17.638	18.623	17.598	17.749	415.42	415.34
22:07:20	17.953	17.653	17.668	18.614	17.599	17.749	415.42	415.34
22:08:20	17.953	17.653	17.684	18.622	17.599	17.748	415.42	415.34
22:09:20	17.954	17.654	17.702	18.644	17.598	17.748	415.42	415.34
22:10:20	17.953	17.654	17.709	18.656	17.599	17.748	415.42	415.34
22:11:20	17.954	17.653	17.716	18.654	17.599	17.748	415.42	415.34
22:12:20	17.954	17.654	17.72	18.653	17.598	17.748	415.42	415.34
22:13:20	17.954	17.655	17.713	18.646	17.599	17.748	415.42	415.34
22:14:22	17.953	17.655	17.71	18.634	17.6	17.747	415.42	415.34
22:15:20	17.953	17.655	17.712	18.635	17.598	17.748	415.42	415.34
22:16:20	17.954	17.655	17.717	18.636	17.599	17.747	415.42	415.34
22:17:21	17.954	17.654	17.727	18.644	17.599	17.749	415.42	415.34
22:18:20	17.953	17.655	17.741	18.637	17.6	17.748	415.42	415.34
22:19:20	17.954	17.655	17.728	18.617	17.601	17.75	415.42	415.34
22:20:22	17.953	17.656	17.639	18.585	17.599	17.749	415.42	415.34
22:21:20	17.953	17.654	17.646	18.526	17.598	17.746	415.42	415.34
22:22:20	17.952	17.654	17.685	18.519	17.598	17.746	415.42	415.34
22:23:22	17.951	17.653	17.717	18.544	17.597	17.747	415.42	415.34
22:24:20	17.952	17.653	17.685	18.053	17.596	17.745	415.42	415.34
22:25:20	17.953	17.652	17.592	17.832	17.596	17.746	415.42	415.34
22:26:20	17.953	17.652	17.641	18.186	17.596	17.745	415.42	415.34
22:27:20	17.951	17.651	17.68	18.366	17.597	17.747	415.42	415.34
22:28:20	17.952	17.652	17.706	18.474	17.597	17.747	415.42	415.34
22:29:20	17.952	17.653	17.651	18.525	17.598	17.747	415.42	415.34
22:30:20	17.953	17.654	17.604	18.461	17.598	17.747	415.42	415.34
22:31:20	17.953	17.654	17.649	18.447	17.598	17.747	415.42	415.34
22:32:20	17.953	17.654	17.664	18.491	17.599	17.747	415.42	415.34
22:33:20	17.953	17.654	17.671	18.526	17.6	17.747	415.42	415.34
22:34:20	17.953	17.655	17.678	18.545	17.599	17.748	415.42	415.34
22:35:20	17.953	17.656	17.684	18.568	17.599	17.747	415.42	415.34
22:36:23	17.953	17.655	17.687	18.581	17.599	17.747	415.42	415.34
22:37:20	0.0	17.655	17.692	18.591	17.597	17.747	415.42	415.34
22:38:20	17.953	17.654	17.691	18.601	17.599	17.747	415.42	415.34
22:39:20	17.953	17.654	17.694	18.604	17.598	17.748	415.42	415.34
22:40:20	17.953	17.654	17.701	18.603	17.599	17.748	415.42	415.34
22:41:20	17.952	17.655	17.704	18.607	17.598	17.747	415.42	415.34
22:42:20	17.954	17.655	17.707	18.616	17.599	17.746	415.42	415.34
22:43:20	17.953	17.655	17.706	18.624	17.598	17.748	415.42	415.34
22:44:20	17.953	17.655	17.705	18.625	17.598	17.747	415.42	415.34
22:45:20	17.953	17.655	17.708	18.63	17.598	17.747	415.42	415.34
22:46:20	17.953	17.654	17.736	18.631	17.599	17.746	415.42	415.34
22:47:20	17.953	17.654	17.762	18.635	17.598	17.747	415.42	415.34
22:48:20	17.954	17.655	17.773	18.638	17.6	17.749	415.42	415.34
22:49:20	17.954	17.655	17.781	18.655	17.599	17.748	415.42	415.34
22:50:20	17.954	17.656	17.791	18.658	17.601	17.748	415.42	415.34
22:51:20	17.954	17.656	17.797	18.655	17.598	17.75	415.42	415.34
22:52:20	17.954	17.656	17.802	18.649	17.599	17.746	415.42	415.34
22:53:20	17.954	17.655	17.611	18.596	17.597	17.746	415.42	415.34
22:54:20	17.953	17.656	17.649	18.49	17.598	17.747	415.42	415.34
22:55:20	17.954	17.656	17.702	18.5	17.598	17.747	415.42	415.34
22:56:20	17.953	17.656	17.732	18.534	17.598	17.748	415.42	415.34
22:57:20	17.952	17.655	17.661	18.537	17.599	17.748	415.42	415.34
22:58:20	17.953	17.654	17.675	18.498	17.598	17.747	415.42	415.34
22:59:20	17.954	17.654	17.686	18.495	17.599	17.747	415.42	415.34
23:00:20	17.952	17.654	17.688	18.516	17.597	17.746	415.42	415.34
23:01:20	17.953	17.655	17.697	18.557	17.598	17.746	415.42	415.34
23:02:20	17.952	17.653	17.708	18.604	17.597	17.747	415.42	415.34
23:03:20	17.953	17.652	17.71	18.617	17.598	17.748	415.42	415.34
23:04:20	17.952	17.654	17.709	18.635	17.598	17.745	415.42	415.34
23:05:20	17.953	17.653	17.705	18.643	17.597	17.747	415.42	415.34
23:06:20	17.953	17.653	17.707	18.628	17.597	17.748	415.42	415.34
23:07:20	17.953	17.652	17.709	18.62	17.596	17.746	415.42	415.34
23:08:20	17.952	17.653	17.708	18.629	17.598	17.747	415.42	415.34
23:09:20	17.953	17.653	17.71	18.633	17.598	17.747	415.42	415.34
23:10:20	17.953	17.654	17.712	18.643	17.597	17.747	415.42	415.34
23:11:20	17.952	17.652	17.712	18.662	17.599	17.747	415.42	415.34
23:12:21	17.953	17.653	17.713	18.655	17.597	17.747	415.42	415.34
23:13:20	17.953	17.652	17.715	18.642	17.598	17.746	415.42	415.34
23:14:20	17.953	17.654	17.713	18.639	17.598	17.749	415.42	415.34
23:15:20	17.953	17.654	17.719	18.629	17.598	17.748	415.42	415.34
23:16:20	17.954	17.655	17.727	18.62	17.6	17.748	415.42	415.34
23:17:22	17.953	17.656	17.756	18.627	17.6	17.749	415.42	415.34
23:18:20	17.953	17.656	17.776	18.644	17.6	17.749	415.42	415.34
23:19:20	17.954	17.656	17.787	18.65	17.6	17.749	415.42	415.34
23:20:20	17.953	17.656	17.795	18.655	17.6	17.749	415.42	415.34
23:21:20	17.953	17.657	17.8	18.654	17.599	17.748	415.42	415.34
23:22:20	17.953	17.657	17.803	18.671	17.598	17.748	415.42	415.34
23:23:20	17.952	17.656	17.754	18.667	17.6	17.748	415.42	415.34
23:24:20	17.953	17.657	17.536	18.566	17.6	17.748	415.42	415.34
23:25:20	17.953	17.657	17.617	18.449	17.599	17.747	415.42	415.34
23:26:20	17.953	17.656	17.683	18.487	17.598	17.746	415.42	415.34
23:27:20	17.952	17.655	17.695	18.531	17.597	17.748	415.42	415.34
23:28:21	17.953	17.655	17.668	18.537	17.597	17.747	415.42	415.34
23:29:20	17.953	17.654	17.704	18.535	17.598	17.746	415.42	415.34
23:30:20	17.952	17.654	17.72	18.567	17.597	17.747	415.42	415.34
23:31:20	17.953	17.654	17.741	18.621	17.597	17.745	415.42	415.34
23:32:20	17.953	17.653	17.767	18.658	17.596	17.745	415.42	415.34
23:33:20	17.953	17.654	17.777	18.664	17.597	17.746	415.42	415.34
23:34:20	17.952	17.653	17.79	18.678	17.597	17.747	415.42	415.34
23:35:22	17.953	17.654	17.803	18.693	17.598	17.747	415.42	415.34
23:36:20	17.953	17.653	17.788	18.351	17.597	17.747	415.42	415.34
23:37:20	17.952	17.653	17.552	17.368	17.599	17.746	415.42	415.34
23:38:20	17.952	17.653	17.51	17.586	17.597	17.746	415.42	415.34
23:39:20	17.953	17.654	17.619	18.119	17.598	17.745	415.42	415.34
23:40:20	17.954	17.655	17.681	18.382	17.598	17.746	415.42	415.34
23:41:20	17.953	17.655	17.718	18.497	17.598	17.747	415.42	415.34
23:42:21	17.952	17.656	17.644	18.509	17.599	17.747	415.42	415.34
23:43:20	17.953	17.656	17.55	18.409	17.599	17.746	415.42	415.34
23:44:20	17.954	17.656	17.612	18.405	17.598	17.748	415.42	415.34
23:45:21	17.953	17.656	17.658	18.441	17.597	17.749	415.42	415.34
23:46:20	0.0	17.656	17.68	18.461	17.599	17.748	415.42	415.34
23:47:20	17.953	17.657	17.691	18.475	17.599	17.748	415.42	415.34
23:48:20	17.953	17.657	17.696	18.474	17.598	17.746	415.42	415.34
23:49:20	17.953	17.656	17.693	18.471	17.597	17.747	415.42	415.34
23:50:20	17.952	17.657	17.694	18.467	17.597	17.747	415.42	415.34
23:51:21	17.953	17.657	17.692	18.463	17.598	17.747	415.42	415.34
23:52:20	17.953	17.657	17.687	18.458	17.599	17.747	415.42	415.34
23:53:21	17.953	17.657	17.686	18.452	17.599	17.749	415.42	415.34
23:54:21	17.953	17.657	17.689	18.688	17.599	17.747	415.42	415.34
23:55:21	17.954	17.657	17.691	18.83	17.598	17.747	415.42	415.34
23:56:23	17.953	17.658	17.697	18.725	17.599	17.747	415.42	415.34
23:57:21	17.954	17.659	17.699	18.632	17.6	17.75	415.42	415.34
23:58:21	17.955	17.66	17.699	18.598	17.603	17.75	415.42	415.34
23:59:22	17.954	17.659	17.698	18.562	17.602	17.75	415.42	415.34
