00:00:19	23.635	23.564	23.743	24.835	22.182	22.135	415.42	415.34
00:01:19	23.635	23.564	23.74	24.839	22.182	22.135	415.42	415.34
00:02:19	23.636	23.564	23.729	24.832	22.181	22.136	415.42	415.34
00:03:20	23.635	23.565	23.736	24.834	22.181	22.136	415.42	415.34
00:04:19	23.636	23.565	23.742	24.83	22.181	22.135	415.42	415.34
00:05:19	23.636	23.564	23.737	24.816	22.18	22.136	415.42	415.34
00:06:19	23.635	23.566	23.732	24.799	22.181	22.138	415.42	415.34
00:07:19	23.634	23.564	23.727	24.79	22.18	22.136	415.42	415.34
00:08:19	23.636	23.564	23.729	24.775	22.18	22.137	415.42	415.34
00:09:19	23.636	23.564	23.73	24.763	22.179	22.135	415.42	415.34
00:10:19	23.636	23.564	23.735	24.761	22.178	22.135	415.42	415.34
00:11:19	23.636	23.564	23.737	24.748	22.181	22.137	415.42	415.34
00:12:19	23.636	23.564	23.73	24.752	22.18	22.137	415.42	415.34
00:13:19	23.636	23.564	23.724	24.744	22.181	22.136	415.42	415.34
00:14:19	23.636	23.565	23.724	24.739	22.181	22.138	415.42	415.34
00:15:19	23.636	23.564	23.719	24.731	22.18	22.136	415.42	415.34
00:16:19	23.636	23.565	23.721	24.722	22.182	22.137	415.42	415.34
00:17:19	23.635	23.565	23.721	24.723	22.181	22.137	415.42	415.34
00:18:19	23.636	23.566	23.728	24.718	22.182	22.138	415.42	415.34
00:19:19	23.636	23.565	23.719	24.714	22.182	22.137	415.42	415.34
00:20:19	23.635	23.566	23.717	24.71	22.182	22.138	415.42	415.34
00:21:19	23.634	23.566	23.714	24.709	22.182	22.138	415.42	415.34
00:22:19	23.636	23.567	23.703	24.713	22.182	22.137	415.42	415.34
00:23:19	23.636	23.566	23.707	24.702	22.181	22.136	415.42	415.34
00:24:19	23.637	23.566	23.702	24.703	22.181	22.137	415.42	415.34
00:25:19	23.637	23.567	23.704	24.714	22.181	22.137	415.42	415.34
00:26:19	23.637	23.567	23.71	24.715	22.182	22.138	415.42	415.34
00:27:19	23.636	23.566	23.709	24.704	22.181	22.137	415.42	415.34
00:28:19	23.636	23.567	23.708	24.698	22.182	22.136	415.42	415.34
00:29:19	23.636	23.568	23.71	24.705	22.181	22.136	415.42	415.34
00:30:19	23.636	23.567	23.705	24.705	22.181	22.138	415.42	415.34
00:31:19	23.636	23.567	23.694	24.706	22.181	22.136	415.42	415.34
00:32:19	23.636	23.566	23.684	24.71	22.181	22.138	415.42	415.34
00:33:19	23.635	23.566	23.684	24.708	22.182	22.137	415.42	415.34
00:34:19	23.636	23.568	23.695	24.697	22.181	22.137	415.42	415.34
00:35:19	23.636	23.567	23.694	24.697	22.182	22.138	415.42	415.34
00:36:19	23.636	23.569	23.696	24.694	22.182	22.138	415.42	415.34
00:37:19	23.636	23.569	23.702	24.695	22.182	22.139	415.42	415.34
00:38:19	23.635	23.569	23.691	24.703	22.181	22.139	415.42	415.34
00:39:19	23.636	23.569	23.69	24.701	22.178	22.138	415.42	415.34
00:40:19	23.635	23.57	23.69	24.698	22.18	22.138	415.42	415.34
00:41:19	23.636	23.569	23.7	24.693	22.182	22.139	415.42	415.34
00:42:19	23.636	23.568	23.691	24.692	22.181	22.138	415.42	415.34
00:43:19	23.638	23.57	23.684	24.697	22.181	22.138	415.42	415.34
00:44:19	23.636	23.57	23.688	24.692	22.181	22.137	415.42	415.34
00:45:19	23.636	23.57	23.685	24.689	22.183	22.138	415.42	415.34
00:46:19	23.636	23.57	23.699	24.684	22.183	22.138	415.42	415.34
00:47:19	23.637	23.571	23.698	24.683	22.177	22.138	415.42	415.34
00:48:19	23.638	23.571	23.698	24.684	22.179	22.136	415.42	415.34
00:49:19	23.638	23.569	23.69	24.688	22.181	22.138	415.42	415.34
00:50:19	23.636	23.571	23.688	24.685	22.18	22.138	415.42	415.34
00:51:19	0.0	23.568	23.689	24.681	22.181	22.137	415.42	415.34
00:52:19	23.636	23.569	23.691	24.683	22.184	22.137	415.42	415.34
00:53:19	23.636	23.569	23.688	24.679	22.179	22.136	415.42	415.34
00:54:19	23.636	23.568	23.687	24.676	22.183	22.138	415.42	415.34
00:55:19	23.637	23.569	23.678	24.683	22.18	22.138	415.42	415.34
00:56:19	23.637	23.571	23.682	24.682	22.18	22.139	415.42	415.34
00:57:19	23.638	23.57	23.69	24.685	22.182	22.14	415.42	415.34
00:58:19	23.638	23.571	23.682	24.685	22.182	22.14	415.42	415.34
00:59:19	23.637	23.571	23.685	24.686	22.181	22.139	415.42	415.34
01:00:19	23.638	23.572	23.684	24.677	22.181	22.138	415.42	415.34
01:01:19	23.637	23.571	23.678	24.678	22.181	22.139	415.42	415.34
01:02:19	23.636	23.57	23.681	24.676	22.179	22.139	415.42	415.34
01:03:19	23.637	23.57	23.688	24.678	22.179	22.138	415.42	415.34
01:04:19	23.636	23.569	23.692	24.67	22.183	22.139	415.42	415.34
01:05:19	23.636	23.569	23.665	24.673	22.181	22.138	415.42	415.34
01:06:19	23.636	23.568	23.64	24.666	22.18	22.139	415.42	415.34
01:07:19	23.637	23.569	23.638	24.54	22.178	22.137	415.42	415.34
01:08:19	23.637	23.568	23.636	24.573	22.179	22.139	415.42	415.34
01:09:19	23.636	23.567	23.659	24.599	22.18	22.138	415.42	415.34
01:10:19	23.636	23.568	23.658	24.612	22.178	22.137	415.42	415.34
01:11:19	23.636	23.567	23.661	24.624	22.179	22.135	415.42	415.34
01:12:19	23.635	23.566	23.666	24.626	22.179	22.136	415.42	415.34
01:13:19	23.636	23.566	23.679	24.631	22.177	22.136	415.42	415.34
01:14:20	23.635	23.564	23.676	24.635	22.176	22.135	415.42	415.34
01:15:19	0.0	23.565	23.677	24.636	22.179	22.135	415.42	415.34
01:16:19	23.635	23.563	23.682	24.655	22.176	22.135	415.42	415.34
01:17:19	23.634	23.562	23.684	24.672	22.178	22.136	415.42	415.34
01:18:19	23.635	23.562	23.681	24.685	22.177	22.136	415.42	415.34
01:19:20	23.634	23.564	23.683	24.698	22.177	22.137	415.42	415.34
01:20:19	23.635	23.564	23.696	24.702	22.179	22.136	415.42	415.34
01:21:19	23.635	23.565	23.7	24.708	22.177	22.138	415.42	415.34
01:22:19	23.635	23.565	23.709	24.712	22.177	22.137	415.42	415.34
01:23:19	23.635	23.566	23.703	24.724	22.179	22.138	415.42	415.34
01:24:19	23.635	23.566	23.702	24.744	22.179	22.137	415.42	415.34
01:25:19	23.636	23.565	23.696	24.746	22.179	22.137	415.42	415.34
01:26:19	23.635	23.566	23.701	24.746	22.178	22.139	415.42	415.34
01:27:19	23.635	23.566	23.705	24.751	22.177	22.139	415.42	415.34
01:28:19	23.636	23.564	23.701	24.769	22.18	22.138	415.42	415.34
01:29:19	23.635	23.566	23.711	24.793	22.177	22.138	415.42	415.34
01:30:19	23.635	23.565	23.71	24.838	22.179	22.137	415.42	415.34
01:31:19	23.635	23.566	23.709	24.843	22.178	22.137	415.42	415.34
01:32:19	23.635	23.565	23.709	24.853	22.18	22.139	415.42	415.34
01:33:19	23.635	23.565	23.711	24.892	22.179	22.136	415.42	415.34
01:34:19	23.635	23.565	23.716	24.9	22.18	22.137	415.42	415.34
01:35:19	23.634	23.564	23.713	24.908	22.181	22.137	415.42	415.34
01:36:19	23.635	23.565	23.717	24.912	22.18	22.139	415.42	415.34
01:37:19	23.635	23.565	23.718	24.907	22.18	22.138	415.42	415.34
01:38:19	23.635	23.565	23.725	24.899	22.178	22.139	415.42	415.34
01:39:19	23.636	23.567	23.734	24.892	22.178	22.139	415.42	415.34
01:40:19	23.635	23.567	23.731	24.888	22.18	22.139	415.42	415.34
01:41:19	23.636	23.566	23.727	24.873	22.178	22.138	415.42	415.34
01:42:19	23.635	23.565	23.735	24.863	22.175	22.137	415.42	415.34
01:43:20	23.634	23.565	23.736	24.857	22.179	22.138	415.42	415.34
01:44:20	23.635	23.564	23.731	24.867	22.178	22.137	415.42	415.34
01:45:20	23.635	23.564	23.732	24.877	22.175	22.138	415.42	415.34
01:46:20	23.635	23.564	23.727	24.902	22.175	22.138	415.42	415.34
01:47:20	23.634	23.563	23.729	25.02	22.176	22.137	415.42	415.34
01:48:20	23.634	23.563	23.738	25.17	22.171	22.138	415.42	415.34
01:49:20	23.635	23.563	23.74	25.268	22.175	22.139	415.42	415.34
01:50:20	23.634	23.564	23.747	25.332	22.174	22.138	415.42	415.34
01:51:20	23.635	23.563	23.761	25.271	22.175	22.139	415.42	415.34
01:52:20	23.635	23.564	23.763	25.155	22.177	22.139	415.42	415.34
01:53:20	23.635	23.565	23.764	25.093	22.176	22.139	415.42	415.34
01:54:20	23.635	23.564	23.765	25.034	22.177	22.141	415.42	415.34
01:55:20	23.635	23.564	23.767	25.0	22.176	22.139	415.42	415.34
01:56:20	23.635	23.562	23.761	24.974	22.175	22.139	415.42	415.34
01:57:20	23.634	23.561	23.755	24.987	22.175	22.138	415.42	415.34
01:58:20	23.634	23.561	23.754	24.979	22.173	22.139	415.42	415.34
01:59:20	23.634	23.56	23.75	24.957	0.0	22.137	415.42	415.34
02:00:20	23.632	23.56	23.75	24.923	22.173	22.139	415.42	415.34
02:01:21	23.634	23.561	23.751	24.926	22.175	22.138	415.42	415.34
02:02:20	23.633	23.559	23.757	24.966	22.175	22.137	415.42	415.34
02:03:20	23.634	23.56	23.759	24.987	22.172	22.137	415.42	415.34
02:04:20	23.635	23.559	23.754	24.975	22.174	22.136	415.42	415.34
02:05:20	23.633	23.558	23.757	24.959	22.171	22.135	415.42	415.34
02:06:20	23.634	23.559	23.759	24.939	22.173	22.137	415.42	415.34
02:07:20	23.634	23.559	23.756	24.912	22.173	22.137	415.42	415.34
02:08:20	23.635	23.558	23.754	24.879	22.171	22.138	415.42	415.34
02:09:20	23.633	23.559	23.76	24.861	22.176	22.138	415.42	415.34
02:10:20	23.633	23.558	23.756	24.845	22.171	22.139	415.42	415.34
02:11:20	23.633	23.559	23.753	24.842	22.17	22.138	415.42	415.34
02:12:20	23.633	23.559	23.754	24.844	22.172	22.138	415.42	415.34
02:13:20	23.633	23.56	23.751	24.839	22.173	22.14	415.42	415.34
02:14:20	23.633	23.559	23.747	24.835	22.175	22.139	415.42	415.34
02:15:20	23.633	23.56	23.748	24.838	22.177	22.139	415.42	415.34
02:16:20	23.633	23.56	23.749	24.872	22.173	22.138	415.42	415.34
02:17:20	23.632	23.559	23.743	24.975	22.175	22.138	415.42	415.34
02:18:20	23.634	23.56	23.749	25.114	22.172	22.14	415.42	415.34
02:19:20	23.633	23.56	23.76	25.165	22.174	22.139	415.42	415.34
02:20:20	23.633	23.56	23.767	25.203	22.172	22.139	415.42	415.34
02:21:20	23.632	23.56	23.774	25.236	22.174	22.14	415.42	415.34
02:22:20	23.633	23.56	23.774	25.258	22.174	22.14	415.42	415.34
02:23:20	23.633	23.56	23.778	25.21	22.173	22.139	415.42	415.34
02:24:20	23.632	23.561	23.783	25.191	22.172	22.139	415.42	415.34
02:25:20	0.0	23.561	23.783	25.186	22.171	22.14	415.42	415.34
02:26:20	23.633	23.558	23.784	25.177	22.173	22.138	415.42	415.34
02:27:20	23.633	23.559	23.786	25.129	22.172	22.139	415.42	415.34
02:28:20	23.633	23.559	23.785	25.107	22.171	22.138	415.42	415.34
02:29:20	23.632	23.559	23.788	25.073	22.172	22.138	415.42	415.34
02:30:20	23.632	23.559	23.777	25.065	22.175	22.139	415.42	415.34
02:31:20	23.633	23.557	23.784	25.055	22.175	22.139	415.42	415.34
02:32:20	23.633	23.557	23.784	25.024	22.175	22.14	415.42	415.34
02:33:20	23.633	23.558	23.78	25.012	22.177	22.139	415.42	415.34
02:34:20	23.633	23.557	23.778	24.995	22.175	22.14	415.42	415.34
02:35:20	23.631	23.557	23.773	24.968	22.174	22.139	415.42	415.34
02:36:20	23.632	23.557	23.775	24.95	22.172	22.138	415.42	415.34
02:37:20	23.633	23.557	23.775	24.932	22.177	22.139	415.42	415.34
02:38:20	23.631	23.557	23.776	24.922	22.17	22.138	415.42	415.34
02:39:20	23.632	23.557	23.773	24.911	22.173	22.137	415.42	415.34
02:40:20	23.632	23.557	23.772	24.928	22.174	22.137	415.42	415.34
02:41:20	0.0	23.556	23.767	24.953	22.175	22.139	415.42	415.34
02:42:20	23.633	23.556	23.767	24.965	22.176	22.139	415.42	415.34
02:43:20	23.633	23.557	23.774	24.981	22.173	22.138	415.42	415.34
02:44:20	23.632	23.557	23.773	25.009	22.171	22.138	415.42	415.34
02:45:20	23.632	23.557	23.778	25.015	22.172	22.138	415.42	415.34
02:46:20	23.632	23.556	23.772	25.054	22.173	22.139	415.42	415.34
02:47:20	23.632	23.556	23.773	25.221	22.176	22.138	415.42	415.34
02:48:20	23.631	23.556	23.782	25.411	22.176	22.138	415.42	415.34
02:49:20	23.632	23.557	23.792	25.529	22.174	22.137	415.42	415.34
02:50:20	23.632	23.557	23.801	25.659	22.172	22.138	415.42	415.34
02:51:20	23.632	23.557	23.817	25.653	22.176	22.137	415.42	415.34
02:52:20	23.632	23.556	23.821	25.646	22.174	22.139	415.42	415.34
02:53:20	23.631	23.557	23.817	25.519	22.175	22.137	415.42	415.34
02:54:20	23.631	23.557	23.808	25.269	22.172	22.139	415.42	415.34
02:55:20	23.631	23.556	23.784	25.101	22.173	22.137	415.42	415.34
02:56:20	23.631	23.556	23.759	24.993	22.175	22.138	415.42	415.34
02:57:20	23.631	23.556	23.745	24.935	22.177	22.139	415.42	415.34
02:58:20	23.632	23.556	23.741	24.996	22.175	22.137	415.42	415.34
02:59:20	23.633	23.556	23.75	24.956	22.176	22.139	415.42	415.34
03:00:21	23.633	23.557	23.751	24.894	22.177	22.139	415.42	415.34
03:01:20	23.632	23.557	23.752	24.842	22.178	22.139	415.42	415.34
03:02:20	23.631	23.557	23.742	24.787	22.176	22.139	415.42	415.34
03:03:21	23.633	23.557	23.753	24.745	22.176	22.14	415.42	415.34
03:04:20	0.0	23.557	23.749	24.715	22.177	22.138	415.42	415.34
03:05:20	23.631	23.557	23.74	24.688	22.177	22.138	415.42	415.34
03:06:20	23.631	23.556	23.74	24.654	22.176	22.138	415.42	415.34
03:07:20	23.631	23.556	23.739	24.642	22.175	22.138	415.42	415.34
03:08:20	23.632	23.557	23.752	24.599	22.176	22.138	415.42	415.34
03:09:20	23.632	23.557	23.74	24.591	22.177	22.137	415.42	415.34
03:10:20	23.631	23.555	23.731	24.607	22.177	22.138	415.42	415.34
03:11:20	23.631	23.555	23.727	24.59	22.177	22.138	415.42	415.34
03:12:20	23.631	23.555	23.727	24.563	22.177	22.137	415.42	415.34
03:13:20	23.63	23.555	23.729	24.59	22.176	22.137	415.42	415.34
03:14:20	23.631	23.555	23.724	24.593	22.177	22.137	415.42	415.34
03:15:20	23.631	23.555	23.73	24.625	22.176	22.137	415.42	415.34
03:16:20	23.631	23.554	23.727	24.675	22.177	22.137	415.42	415.34
03:17:20	23.631	23.555	23.73	24.701	22.178	22.138	415.42	415.34
03:18:20	23.632	23.556	23.717	24.717	22.178	22.138	415.42	415.34
03:19:20	23.63	23.556	23.716	24.721	22.179	22.138	415.42	415.34
03:20:20	23.632	23.556	23.706	24.723	22.177	22.138	415.42	415.34
03:21:20	23.631	23.556	23.694	24.724	22.179	22.139	415.42	415.34
03:22:20	23.631	23.557	23.715	24.725	22.179	22.138	415.42	415.34
03:23:20	23.632	23.557	23.722	24.719	22.18	22.139	415.42	415.34
03:24:20	23.632	23.557	23.724	24.72	22.18	22.138	415.42	415.34
03:25:20	23.631	23.557	23.726	24.717	22.178	22.139	415.42	415.34
03:26:20	23.632	23.559	23.714	24.708	22.18	22.139	415.42	415.34
03:27:20	23.631	23.557	23.702	24.718	22.181	22.14	415.42	415.34
03:28:20	23.632	23.558	23.707	24.721	22.182	22.14	415.42	415.34
03:29:20	23.632	23.559	23.71	24.714	22.182	22.14	415.42	415.34
03:30:20	23.631	23.56	23.708	24.717	22.182	22.14	415.42	415.34
03:31:20	23.632	23.56	23.714	24.719	22.183	22.141	415.42	415.34
03:32:20	23.631	23.56	23.71	24.72	22.184	22.141	415.42	415.34
03:33:20	23.632	23.562	23.715	24.722	22.185	22.142	415.42	415.34
03:34:20	23.632	23.561	23.709	24.716	22.183	22.141	415.42	415.34
03:35:20	23.631	23.561	23.707	24.714	22.185	22.142	415.42	415.34
03:36:20	23.632	23.562	23.699	24.716	22.185	22.142	415.42	415.34
03:37:20	23.632	23.561	23.701	24.706	22.182	22.14	415.42	415.34
03:38:20	23.632	23.562	23.701	24.704	22.181	22.141	415.42	415.34
03:39:20	23.632	23.562	23.701	24.705	22.184	22.142	415.42	415.34
03:40:20	23.632	23.562	23.7	24.711	22.184	22.141	415.42	415.34
03:41:20	23.633	23.56	23.702	24.722	22.185	22.141	415.42	415.34
03:42:20	23.633	23.562	23.709	24.717	22.184	22.141	415.42	415.34
03:43:20	23.633	23.562	23.702	24.72	22.184	22.141	415.42	415.34
03:44:20	23.632	23.561	23.702	24.715	22.187	22.141	415.42	415.34
03:45:20	23.632	23.561	23.699	24.724	22.184	22.139	415.42	415.34
03:46:20	23.631	23.561	23.696	24.725	22.182	22.139	415.42	415.34
03:47:20	23.632	23.56	23.697	24.713	22.184	22.14	415.42	415.34
03:48:20	23.632	23.56	23.698	24.723	22.187	22.14	415.42	415.34
03:49:20	23.632	23.56	23.696	24.703	22.185	22.14	415.42	415.34
03:50:20	23.632	23.561	23.701	24.702	22.183	22.14	415.42	415.34
03:51:20	23.633	23.561	23.699	24.71	22.185	22.142	415.42	415.34
03:52:20	23.633	23.562	23.685	24.713	22.185	22.143	415.42	415.34
03:53:21	23.633	23.562	23.686	24.71	22.185	22.142	415.42	415.34
03:54:20	23.632	23.562	23.678	24.73	22.184	22.143	415.42	415.34
03:55:21	23.632	23.562	23.661	24.726	22.185	22.142	415.42	415.34
03:56:20	23.632	23.561	23.654	24.606	22.183	22.14	415.42	415.34
03:57:20	23.632	23.561	23.663	24.609	22.185	22.141	415.42	415.34
03:58:20	23.632	23.561	23.676	24.64	22.185	22.14	415.42	415.34
03:59:20	23.633	23.559	23.681	24.663	22.185	22.141	415.42	415.34
04:00:20	23.631	23.558	23.684	24.675	22.184	22.139	415.42	415.34
04:01:20	23.632	23.56	23.691	24.684	22.184	22.139	415.42	415.34
04:02:20	23.631	23.559	23.696	24.697	22.183	22.139	415.42	415.34
04:03:20	23.631	23.559	23.686	24.711	22.185	22.14	415.42	415.34
04:04:21	23.633	23.559	23.693	24.699	22.185	22.14	415.42	415.34
04:05:20	23.632	23.56	23.689	24.699	22.181	22.14	415.42	415.34
04:06:20	23.632	23.557	23.704	0.0	22.181	22.141	415.42	415.34
04:07:20	23.632	23.559	23.715	24.698	22.184	22.14	415.42	415.34
04:08:20	23.632	23.56	23.715	24.706	22.183	22.141	415.42	415.34
04:09:20	23.631	23.558	23.709	24.711	22.183	22.142	415.42	415.34
04:10:20	23.632	23.56	23.717	24.746	22.183	22.141	415.42	415.34
04:11:20	23.632	23.56	23.72	24.843	22.184	22.14	415.42	415.34
04:12:21	23.631	23.559	23.718	24.971	22.184	22.14	415.42	415.34
04:13:20	0.0	23.559	23.728	25.07	22.182	22.141	415.42	415.34
04:14:22	23.631	23.56	23.735	25.149	22.182	22.14	415.42	415.34
04:15:20	23.63	23.559	23.739	25.178	22.184	22.141	415.42	415.34
04:16:20	23.631	23.558	23.743	25.175	22.183	22.14	415.42	415.34
04:17:20	23.631	23.557	23.747	25.15	22.181	22.139	415.42	415.34
04:18:20	0.0	23.557	23.746	25.156	22.182	22.14	415.42	415.34
04:19:20	23.631	23.557	23.753	25.139	22.183	22.139	415.42	415.34
04:20:20	23.632	23.557	23.753	25.11	22.185	22.14	415.42	415.34
04:21:20	23.631	23.557	23.753	25.081	22.185	22.141	415.42	415.34
04:22:20	23.631	23.557	23.742	25.025	22.183	22.14	415.42	415.34
04:23:20	23.631	23.558	23.746	24.978	22.183	22.139	415.42	415.34
04:24:20	23.631	23.557	23.756	24.953	22.182	22.138	415.42	415.34
04:25:20	23.63	23.557	23.752	24.925	22.18	22.139	415.42	415.34
04:26:20	23.63	23.556	23.75	24.916	22.181	22.139	415.42	415.34
04:27:20	23.63	23.556	23.747	24.914	22.179	22.138	415.42	415.34
04:28:20	23.631	23.554	23.749	24.916	22.181	22.139	415.42	415.34
04:29:20	23.631	23.555	23.753	24.946	22.181	22.138	415.42	415.34
04:30:20	23.629	23.555	23.75	24.936	22.181	22.14	415.42	415.34
04:31:20	23.63	23.554	23.752	24.91	22.181	22.139	415.42	415.34
04:32:20	23.629	23.553	23.758	24.892	22.181	22.139	415.42	415.34
04:33:20	23.63	23.554	23.755	24.895	22.179	22.138	415.42	415.34
04:34:20	23.631	23.555	23.754	24.907	22.179	22.139	415.42	415.34
04:35:20	23.63	23.554	23.752	24.928	22.178	22.138	415.42	415.34
04:36:20	23.63	23.553	23.759	24.949	22.178	22.139	415.42	415.34
04:37:20	23.63	23.554	23.754	24.95	22.18	22.138	415.42	415.34
04:38:20	23.63	23.553	23.757	24.944	22.178	22.138	415.42	415.34
04:39:20	23.63	23.553	23.757	24.957	22.178	22.139	415.42	415.34
04:40:20	23.631	23.554	23.759	24.996	22.179	22.14	415.42	415.34
04:41:20	23.63	23.554	23.755	24.997	22.179	22.139	415.42	415.34
04:42:20	23.629	23.553	23.758	24.974	22.178	22.138	415.42	415.34
04:43:20	23.631	23.553	23.761	24.996	22.18	22.139	415.42	415.34
04:44:21	23.629	23.555	23.768	25.01	22.18	22.14	415.42	415.34
04:45:20	0.0	23.554	23.77	25.027	22.178	22.141	415.42	415.34
04:46:20	23.63	23.555	23.775	25.047	22.18	22.14	415.42	415.34
04:47:20	23.63	23.554	23.778	25.076	22.179	22.14	415.42	415.34
04:48:20	23.631	23.556	23.776	25.114	22.179	22.139	415.42	415.34
04:49:20	23.629	23.555	23.77	25.081	22.176	22.14	415.42	415.34
04:50:21	23.63	23.553	23.772	25.048	22.178	22.139	415.42	415.34
04:51:20	0.0	23.554	23.771	25.067	22.178	22.139	415.42	415.34
04:52:20	23.63	23.554	23.77	25.078	22.178	22.139	415.42	415.34
04:53:20	23.63	23.553	23.775	25.076	22.177	22.14	415.42	415.34
04:54:20	23.63	23.554	23.786	25.04	22.178	22.138	415.42	415.34
04:55:21	23.63	23.553	23.779	25.017	22.18	22.138	415.42	415.34
04:56:20	23.629	23.554	23.789	25.005	22.179	22.14	415.42	415.34
04:57:20	23.63	23.553	23.779	25.021	22.179	22.138	415.42	415.34
04:58:20	23.63	23.553	23.778	25.035	22.177	22.138	415.42	415.34
04:59:20	23.629	23.551	23.778	25.053	22.174	22.137	415.42	415.34
05:00:20	23.629	23.552	23.771	25.026	22.174	22.138	415.42	415.34
05:01:20	23.629	23.551	23.78	24.982	22.175	22.137	415.42	415.34
05:02:20	23.628	23.549	23.784	24.993	22.177	22.137	415.42	415.34
05:03:20	23.629	23.55	23.782	24.988	22.174	22.137	415.42	415.34
05:04:20	23.628	23.549	23.782	24.986	22.175	22.137	415.42	415.34
05:05:20	23.629	23.547	23.783	24.983	22.175	22.136	415.42	415.34
05:06:20	23.628	23.548	23.778	24.966	22.174	22.136	415.42	415.34
05:07:20	23.628	23.547	23.777	24.965	22.176	22.138	415.42	415.34
05:08:20	23.627	23.548	23.782	24.961	22.176	22.136	415.42	415.34
05:09:20	23.627	23.548	23.782	24.947	22.174	22.137	415.42	415.34
05:10:20	23.628	23.548	23.783	24.951	22.175	22.136	415.42	415.34
05:11:20	23.628	23.548	23.782	24.971	22.175	22.137	415.42	415.34
05:12:20	23.627	23.548	23.781	24.976	22.175	22.138	415.42	415.34
05:13:20	23.628	23.548	23.792	24.968	22.176	22.138	415.42	415.34
05:14:20	23.628	23.548	23.789	25.029	22.175	22.138	415.42	415.34
05:15:20	23.628	23.549	23.789	25.108	22.175	22.138	415.42	415.34
05:16:20	23.629	23.551	23.788	25.264	22.177	22.138	415.42	415.34
05:17:20	23.628	23.551	23.792	25.305	22.177	22.139	415.42	415.34
05:18:20	23.629	23.551	23.795	25.281	22.176	22.138	415.42	415.34
05:19:23	23.629	23.551	23.802	25.218	22.176	22.139	415.42	415.34
05:20:20	23.629	23.553	23.805	25.162	22.177	22.14	415.42	415.34
05:21:20	23.629	23.552	23.795	25.122	22.178	22.139	415.42	415.34
05:22:21	23.628	23.55	23.791	25.075	22.176	22.138	415.42	415.34
05:23:20	23.628	23.55	23.798	25.045	22.175	22.138	415.42	415.34
05:24:22	23.628	23.55	23.796	25.079	22.177	22.138	415.42	415.34
05:25:20	0.0	23.55	23.804	25.103	22.177	22.137	415.42	415.34
05:26:20	23.628	23.548	23.796	25.094	22.177	22.137	415.42	415.34
05:27:21	23.628	23.549	23.796	25.047	22.177	22.136	415.42	415.34
05:28:20	23.628	23.548	23.801	25.029	22.176	22.137	415.42	415.34
05:29:20	23.627	23.547	23.799	25.041	22.176	22.136	415.42	415.34
05:30:20	23.627	23.548	23.795	25.036	22.175	22.136	415.42	415.34
05:31:20	23.627	23.547	23.798	25.062	22.175	22.137	415.42	415.34
05:32:20	23.627	23.547	23.789	25.04	22.176	22.136	415.42	415.34
05:33:20	23.626	23.548	23.794	25.027	22.176	22.136	415.42	415.34
05:34:20	23.626	23.548	23.789	25.016	22.176	22.136	415.42	415.34
05:35:20	23.628	23.549	23.799	25.016	22.177	22.138	415.42	415.34
05:36:20	23.628	23.549	23.795	25.026	22.179	22.138	415.42	415.34
05:37:20	23.627	23.55	23.8	25.018	22.178	22.14	415.42	415.34
05:38:20	23.628	23.548	23.794	24.999	22.178	22.139	415.42	415.34
05:39:20	23.627	23.55	23.801	24.993	22.177	22.139	415.42	415.34
05:40:20	23.628	23.551	23.802	24.984	22.179	22.139	415.42	415.34
05:41:20	23.629	23.55	23.796	24.974	22.178	22.137	415.42	415.34
05:42:20	23.627	23.551	23.798	24.974	22.177	22.139	415.42	415.34
05:43:20	23.628	23.55	23.793	24.979	22.178	22.139	415.42	415.34
05:44:20	23.627	23.55	23.803	25.039	22.18	22.139	415.42	415.34
05:45:20	23.628	23.551	23.8	25.152	22.179	22.138	415.42	415.34
05:46:20	23.627	23.549	23.802	25.18	22.179	22.137	415.42	415.34
05:47:20	23.627	23.549	23.8	25.158	22.179	22.137	415.42	415.34
05:48:20	23.628	23.55	23.808	25.16	22.177	22.137	415.42	415.34
05:49:21	23.627	23.549	23.812	25.149	22.178	22.138	415.42	415.34
05:50:20	23.627	23.548	23.803	25.143	22.178	22.137	415.42	415.34
05:51:20	23.628	23.548	23.802	25.145	22.177	22.137	415.42	415.34
05:52:20	23.627	23.549	23.806	25.129	22.179	22.137	415.42	415.34
05:53:20	23.627	23.55	23.8	25.105	22.179	22.139	415.42	415.34
05:54:20	23.628	23.549	23.8	25.073	22.18	22.139	415.42	415.34
05:55:20	23.627	23.55	23.806	25.041	22.18	22.139	415.42	415.34
05:56:21	23.627	23.551	23.802	25.032	22.18	22.139	415.42	415.34
05:57:20	23.628	23.552	23.803	25.005	22.181	22.138	415.42	415.34
05:58:20	23.629	23.553	23.798	24.992	22.182	22.139	415.42	415.34
05:59:20	23.628	23.552	23.796	24.982	22.183	22.14	415.42	415.34
06:00:20	23.628	23.552	23.798	24.982	22.181	22.142	415.42	415.34
06:01:20	23.628	23.553	23.796	24.993	22.181	22.142	415.42	415.34
06:02:20	23.629	23.553	23.806	24.993	22.183	22.141	415.42	415.34
06:03:20	23.629	23.554	23.805	24.984	22.183	22.141	415.42	415.34
06:04:20	23.627	23.553	23.798	24.982	22.181	22.141	415.42	415.34
06:05:20	23.628	23.554	23.799	24.972	22.183	22.141	415.42	415.34
06:06:21	23.628	23.555	23.804	24.972	22.184	22.141	415.42	415.34
06:07:21	23.629	23.555	23.799	24.973	22.186	22.141	415.42	415.34
06:08:21	23.629	23.555	23.804	24.976	22.184	22.14	415.42	415.34
06:09:20	23.629	23.555	23.815	24.961	22.183	22.141	415.42	415.34
06:10:21	23.629	23.554	23.806	24.971	22.183	22.14	415.42	415.34
06:11:21	23.628	23.554	23.8	24.98	22.183	22.14	415.42	415.34
06:12:21	0.0	23.554	23.802	24.971	22.183	22.14	415.42	415.34
06:13:21	23.629	23.554	23.792	24.961	22.183	22.14	415.42	415.34
06:14:20	23.629	23.552	23.799	25.013	22.182	22.139	415.42	415.34
06:15:20	23.628	23.552	23.794	25.097	22.182	22.139	415.42	415.34
06:16:20	23.628	23.552	23.8	25.161	22.182	22.138	415.42	415.34
06:17:20	23.628	23.551	23.804	25.202	22.181	22.139	415.42	415.34
06:18:20	23.628	23.551	23.802	25.179	22.18	22.139	415.42	415.34
06:19:21	23.629	23.552	23.807	25.144	22.181	22.139	415.42	415.34
06:20:20	23.628	23.551	23.804	25.154	22.183	22.139	415.42	415.34
06:21:21	23.627	23.55	23.806	25.138	22.182	22.139	415.42	415.34
06:22:20	23.629	23.55	23.802	25.154	22.183	22.139	415.42	415.34
06:23:20	23.627	23.55	23.816	25.147	22.183	22.138	415.42	415.34
06:24:20	23.627	23.551	23.818	25.113	22.183	22.138	415.42	415.34
06:25:20	23.628	23.551	23.823	25.092	22.182	22.139	415.42	415.34
06:26:20	23.629	23.552	23.817	25.06	22.183	22.139	415.42	415.34
06:27:20	23.629	23.551	23.817	25.031	22.183	22.138	415.42	415.34
06:28:20	23.627	23.552	23.811	24.977	22.183	22.139	415.42	415.34
06:29:20	23.629	23.553	23.816	24.948	22.185	22.139	415.42	415.34
06:30:21	23.629	23.552	23.803	24.952	22.184	22.14	415.42	415.34
06:31:20	23.629	23.554	23.799	24.961	22.186	22.14	415.42	415.34
06:32:21	23.628	23.553	23.81	24.981	22.186	22.139	415.42	415.34
06:33:20	23.629	23.555	23.803	24.993	22.185	22.14	415.42	415.34
06:34:20	23.628	23.555	23.799	24.988	22.186	22.142	415.42	415.34
06:35:21	23.629	23.555	23.798	24.969	22.186	22.142	415.42	415.34
06:36:20	23.629	23.556	23.796	24.95	22.185	22.141	415.42	415.34
06:37:20	23.629	23.556	23.787	24.935	22.186	22.14	415.42	415.34
06:38:20	23.628	23.557	23.802	24.947	22.186	22.141	415.42	415.34
06:39:20	23.63	23.557	23.795	24.962	22.186	22.142	415.42	415.34
06:40:21	23.63	23.557	23.799	24.981	22.187	22.141	415.42	415.34
06:41:21	23.63	23.557	23.802	24.989	22.186	22.14	415.42	415.34
06:42:20	23.629	23.557	23.803	24.995	22.188	22.141	415.42	415.34
06:43:20	23.63	23.557	23.808	24.983	22.187	22.141	415.42	415.34
06:44:20	23.629	23.556	23.806	25.024	22.187	22.139	415.42	415.34
06:45:20	23.63	23.556	23.801	25.163	22.186	22.14	415.42	415.34
06:46:20	23.631	23.556	23.801	25.258	22.19	22.139	415.42	415.34
06:47:21	23.63	23.556	23.805	25.39	22.187	22.14	415.42	415.34
06:48:20	23.629	23.556	23.812	25.381	22.187	22.14	415.42	415.34
06:49:20	23.629	23.556	23.816	25.521	22.188	22.141	415.42	415.34
06:50:20	23.629	23.556	23.828	25.628	22.186	22.14	415.42	415.34
06:51:21	23.629	23.556	0.0	25.677	22.187	22.14	415.42	415.34
06:52:20	23.63	23.556	23.813	25.421	22.187	22.139	415.42	415.34
06:53:20	23.63	23.556	23.796	25.198	22.188	22.14	415.42	415.34
06:54:20	23.63	23.557	23.776	25.056	22.188	22.141	415.42	415.34
06:55:20	23.63	23.558	23.759	24.985	22.19	22.141	415.42	415.34
06:56:20	23.631	23.559	23.763	25.032	22.188	22.143	415.42	415.34
06:57:20	23.631	23.559	23.775	25.015	22.188	22.142	415.42	415.34
06:58:20	23.631	23.559	23.773	24.959	22.189	22.142	415.42	415.34
06:59:20	23.63	23.56	23.785	24.889	22.189	22.141	415.42	415.34
07:00:21	23.63	23.56	23.785	24.823	22.188	22.142	415.42	415.34
07:01:20	23.63	23.559	23.779	24.771	22.189	22.14	415.42	415.34
07:02:20	23.631	23.559	23.773	24.721	22.19	22.141	415.42	415.34
07:03:20	23.629	23.559	23.771	24.713	22.19	22.141	415.42	415.34
07:04:20	23.629	23.559	23.767	24.678	22.188	22.142	415.42	415.34
07:05:20	23.63	23.559	23.757	24.677	22.188	22.14	415.42	415.34
07:06:21	23.63	23.559	23.766	24.655	22.19	22.141	415.42	415.34
07:07:20	23.63	23.56	23.756	24.622	22.19	22.141	415.42	415.34
07:08:21	23.629	23.56	23.751	24.587	22.19	22.141	415.42	415.34
07:09:20	23.63	23.559	23.75	24.581	22.19	22.142	415.42	415.34
07:10:21	23.63	23.56	23.743	24.602	22.191	22.139	415.42	415.34
07:11:20	23.631	23.56	23.75	24.607	22.191	22.141	415.42	415.34
07:12:22	23.63	23.559	23.744	24.608	22.193	22.142	415.42	415.34
07:13:20	23.631	23.559	23.743	24.614	22.194	22.141	415.42	415.34
07:14:21	23.631	23.56	23.748	24.646	22.193	22.141	415.42	415.34
07:15:20	23.631	23.56	23.748	24.675	22.191	22.141	415.42	415.34
07:16:20	23.63	23.562	23.729	24.703	22.194	22.144	415.42	415.34
07:17:20	23.632	23.562	23.727	24.713	22.194	22.144	415.42	415.34
07:18:20	23.631	23.562	23.72	24.723	22.193	22.144	415.42	415.34
07:19:20	23.632	23.562	23.72	24.729	22.191	22.144	415.42	415.34
07:20:20	23.631	23.562	23.721	24.731	22.192	22.142	415.42	415.34
07:21:21	23.632	23.562	23.722	24.736	22.194	22.143	415.42	415.34
07:22:21	23.631	23.563	23.728	24.739	22.195	22.143	415.42	415.34
07:23:20	23.632	23.563	23.719	24.742	22.193	22.143	415.42	415.34
07:24:20	23.632	23.563	23.726	24.744	22.195	22.142	415.42	415.34
07:25:20	23.632	23.564	23.717	24.745	22.193	22.142	415.42	415.34
07:26:20	23.631	23.563	23.714	24.745	22.194	22.142	415.42	415.34
07:27:20	23.632	23.563	23.712	24.745	22.192	22.143	415.42	415.34
07:28:21	23.632	23.564	23.705	24.742	22.192	22.142	415.42	415.34
07:29:20	23.632	23.565	23.709	24.742	22.193	22.142	415.42	415.34
07:30:20	23.631	23.563	23.707	24.746	22.193	22.142	415.42	415.34
07:31:21	23.632	23.562	23.706	24.746	22.193	22.143	415.42	415.34
07:32:20	23.633	23.563	23.707	24.744	22.194	22.144	415.42	415.34
07:33:20	23.632	23.563	23.703	24.744	22.194	22.143	415.42	415.34
07:34:20	23.632	23.563	23.697	24.745	22.194	22.143	415.42	415.34
07:35:20	23.631	23.563	23.703	24.747	22.195	22.143	415.42	415.34
07:36:20	23.631	23.564	23.709	24.745	22.193	22.143	415.42	415.34
07:37:20	23.633	23.564	23.702	24.751	22.194	22.142	415.42	415.34
07:38:20	23.632	23.565	23.701	24.747	22.193	22.143	415.42	415.34
07:39:21	23.632	23.564	23.705	24.748	22.194	22.143	415.42	415.34
07:40:21	23.633	23.564	23.7	24.758	22.192	22.142	415.42	415.34
07:41:20	23.633	23.564	23.703	24.776	22.194	22.141	415.42	415.34
07:42:20	23.631	23.563	23.703	24.812	22.192	22.142	415.42	415.34
07:43:21	23.632	23.563	23.709	24.848	22.192	22.141	415.42	415.34
07:44:20	23.632	23.564	23.711	24.881	22.191	22.142	415.42	415.34
07:45:20	23.631	23.563	23.712	24.908	22.192	22.142	415.42	415.34
07:46:21	23.632	23.564	23.717	24.936	22.195	22.144	415.42	415.34
07:47:21	23.632	23.563	23.717	24.949	22.193	22.142	415.42	415.34
07:48:20	23.633	23.563	23.723	24.949	22.193	22.143	415.42	415.34
07:49:21	23.633	23.564	23.719	24.931	22.192	22.144	415.42	415.34
07:50:20	23.634	23.565	23.717	24.907	22.195	22.143	415.42	415.34
07:51:21	23.633	23.565	23.719	24.889	22.195	22.143	415.42	415.34
07:52:21	23.634	23.565	23.717	24.876	22.194	22.144	415.42	415.34
07:53:20	23.633	23.566	23.723	24.867	22.194	22.143	415.42	415.34
07:54:20	23.633	23.566	23.722	24.864	22.194	22.142	415.42	415.34
07:55:20	23.634	23.567	23.721	24.863	22.195	22.145	415.42	415.34
07:56:21	23.633	23.566	23.717	24.857	22.193	22.144	415.42	415.34
07:57:20	23.633	23.567	23.72	24.852	22.193	22.143	415.42	415.34
07:58:20	23.632	23.566	23.723	24.846	22.191	22.143	415.42	415.34
07:59:20	23.632	23.565	23.725	24.838	22.19	22.143	415.42	415.34
08:00:21	23.633	23.564	23.719	24.834	22.192	22.143	415.42	415.34
08:01:20	23.633	23.565	23.721	24.835	22.191	22.142	415.42	415.34
08:02:20	23.633	23.566	23.721	24.839	22.191	22.143	415.42	415.34
08:03:20	23.632	23.563	23.712	24.845	22.19	22.142	415.42	415.34
08:04:21	23.632	23.563	23.714	24.849	22.189	22.141	415.42	415.34
08:05:20	23.633	23.564	23.728	24.851	22.19	22.141	415.42	415.34
08:06:20	23.633	23.564	23.724	24.861	22.191	22.143	415.42	415.34
08:07:20	23.633	23.563	23.716	24.865	22.19	22.142	415.42	415.34
08:08:21	23.633	23.564	23.716	24.868	22.19	22.142	415.42	415.34
08:09:20	23.633	23.564	23.718	24.863	22.19	22.142	415.42	415.34
08:10:21	23.633	23.564	23.716	24.879	22.189	22.141	415.42	415.34
08:11:21	23.633	23.562	23.714	24.9	22.188	22.142	415.42	415.34
08:12:20	23.633	23.565	23.726	24.94	22.188	22.141	415.42	415.34
08:13:20	23.633	23.564	23.728	24.951	22.189	22.14	0.0	415.34
08:14:21	23.634	23.564	23.735	24.944	22.189	22.141	415.42	415.34
08:15:21	23.635	23.565	23.725	24.932	22.189	22.142	415.42	415.34
08:16:21	23.634	23.566	23.73	24.927	22.19	22.144	415.42	415.34
08:17:21	23.634	23.567	23.734	24.92	22.189	22.143	415.42	415.34
08:18:20	23.633	23.566	23.738	24.913	22.189	22.143	415.42	415.34
08:19:22	23.633	23.566	23.742	24.906	22.189	22.143	415.42	415.34
08:20:21	23.634	23.565	23.738	24.904	22.189	22.144	415.42	415.34
08:21:20	23.634	23.567	23.738	24.919	22.188	22.143	415.42	415.34
08:22:21	23.634	23.566	23.739	24.923	22.189	22.143	415.42	415.34
08:23:21	23.634	23.567	23.733	24.915	22.188	22.143	415.42	415.34
08:24:21	23.633	23.566	23.727	24.905	22.188	22.142	415.42	415.34
08:25:21	23.635	23.566	23.734	24.895	22.187	22.141	415.42	415.34
08:26:20	23.634	23.566	23.731	24.889	22.186	22.143	415.42	415.34
08:27:20	23.635	23.565	23.738	24.884	22.187	22.142	415.42	415.34
08:28:20	23.634	23.566	23.733	24.884	22.187	22.142	415.42	415.34
08:29:20	23.633	23.565	23.728	24.882	22.187	22.142	415.42	415.34
08:30:20	23.633	23.567	23.737	24.884	22.187	22.142	415.42	415.34
08:31:21	23.634	23.565	23.742	24.89	22.187	22.142	415.42	415.34
08:32:21	23.635	23.565	23.73	24.883	22.186	22.141	415.42	415.34
08:33:21	23.634	23.565	23.724	24.877	22.187	22.14	415.42	415.34
08:34:21	23.635	23.565	23.733	24.869	22.186	22.14	415.42	415.34
08:35:21	23.634	23.565	23.732	24.87	22.187	22.142	415.42	415.34
08:36:20	23.634	23.565	23.725	24.872	22.185	22.141	415.42	415.34
08:37:21	23.634	23.565	23.734	24.865	22.184	22.141	415.42	415.34
08:38:21	23.634	23.564	23.728	24.858	22.185	22.14	415.42	415.34
08:39:20	23.632	23.565	23.729	24.854	22.185	22.14	415.42	415.34
08:40:20	23.633	23.565	23.739	24.869	22.184	22.14	415.42	415.34
08:41:21	23.634	23.564	23.724	24.885	22.185	22.141	415.42	415.34
08:42:21	23.633	23.563	23.731	24.906	22.184	22.14	415.42	415.34
08:43:21	23.633	23.564	23.741	24.947	22.184	22.141	415.42	415.34
08:44:20	23.634	23.564	23.739	25.003	22.185	22.141	415.42	415.34
08:45:20	23.633	23.563	23.75	25.032	22.185	22.141	415.42	415.34
08:46:20	23.634	23.564	23.766	25.034	22.184	22.14	415.42	415.34
08:47:20	23.634	23.565	23.762	25.062	22.183	22.139	415.42	415.34
08:48:21	23.634	23.564	23.766	25.103	22.184	22.141	415.42	415.34
08:49:21	23.633	23.565	23.772	25.138	22.186	22.141	415.42	415.34
08:50:20	23.634	23.566	23.779	25.134	22.184	22.141	415.42	415.34
08:51:20	23.635	23.566	23.794	25.069	22.184	22.142	415.42	415.34
08:52:21	23.634	23.567	23.787	25.003	22.184	22.143	415.42	415.34
08:53:21	23.634	23.568	23.779	24.957	22.185	22.14	415.42	415.34
08:54:21	23.635	23.567	23.775	24.91	22.185	22.141	415.42	415.34
08:55:22	23.635	23.567	23.793	24.902	22.185	22.142	415.42	415.34
08:56:21	23.635	23.567	23.794	24.884	22.185	22.141	415.42	415.34
08:57:21	23.634	23.566	23.789	24.871	22.184	22.141	415.42	415.34
08:58:21	23.635	23.567	23.777	24.858	22.184	22.14	415.42	415.34
08:59:21	23.634	23.566	23.777	24.839	22.182	22.14	415.42	415.34
09:00:21	23.634	23.567	23.774	24.821	22.183	22.14	415.42	415.34
09:01:21	23.634	23.566	23.763	24.814	22.182	22.141	415.42	415.34
09:02:21	23.635	23.566	23.766	24.809	22.183	22.141	415.42	415.34
09:03:21	23.633	23.566	23.757	24.805	22.183	22.141	415.42	415.34
09:04:21	23.634	23.567	23.754	24.791	22.184	22.141	415.42	415.34
09:05:21	23.636	23.567	23.749	24.784	22.184	22.141	415.42	415.34
09:06:21	23.635	23.568	23.754	24.776	22.184	22.142	415.42	415.34
09:07:21	23.635	23.568	23.752	24.763	22.186	22.141	415.42	415.34
09:08:21	23.635	23.569	23.744	24.759	22.184	22.141	415.42	415.34
09:09:21	23.635	23.57	23.745	24.761	22.184	22.142	415.42	415.34
09:10:21	23.635	23.569	23.751	24.754	22.184	22.141	415.42	415.34
09:11:21	23.635	23.569	23.747	24.743	22.183	22.142	415.42	415.34
09:12:21	23.636	23.569	23.732	24.74	22.186	22.141	415.42	415.34
09:13:21	23.636	23.568	23.734	24.751	22.184	22.142	415.42	415.34
09:14:21	23.635	23.569	23.731	24.741	22.183	22.141	415.42	415.34
09:15:21	23.635	23.569	23.74	24.737	22.183	22.141	415.42	415.34
09:16:21	23.635	23.57	23.73	24.731	22.184	22.139	415.42	415.34
09:17:23	23.635	23.57	23.73	24.735	22.183	22.14	415.42	415.34
09:18:21	23.635	23.569	23.726	24.727	22.184	22.141	415.42	415.34
09:19:22	23.635	23.57	23.731	24.723	22.184	22.141	415.42	415.34
09:20:21	0.0	23.569	23.729	24.72	22.183	22.14	415.42	415.34
09:21:21	23.634	23.569	23.723	24.718	22.184	22.141	415.42	415.34
09:22:21	23.636	23.57	23.732	24.724	22.183	22.141	415.42	415.34
09:23:21	23.636	23.571	23.731	24.729	22.183	22.14	415.42	415.34
09:24:21	23.636	23.571	23.727	24.735	22.185	22.142	415.42	415.34
09:25:21	23.636	23.571	23.726	24.731	22.185	22.141	415.42	415.34
09:26:21	23.636	23.573	23.721	24.73	22.185	22.142	415.42	415.34
09:27:21	23.638	23.573	23.716	24.734	22.184	22.141	415.42	415.34
09:28:21	23.637	23.574	23.73	24.733	22.186	22.143	415.42	415.34
09:29:21	23.637	23.574	23.729	24.733	22.186	22.142	415.42	415.34
09:30:21	23.637	23.575	23.713	24.732	22.188	22.143	415.42	415.34
09:31:21	23.638	23.575	23.715	24.73	22.189	22.145	415.42	415.34
09:32:21	23.637	23.576	23.715	24.74	22.189	22.144	415.42	415.34
09:33:23	23.637	23.577	23.713	24.743	22.187	22.143	415.42	415.34
09:34:21	23.638	23.577	23.717	24.731	22.188	22.143	415.42	415.34
09:35:21	23.638	23.579	23.72	24.734	22.188	22.143	415.42	415.34
09:36:21	23.638	23.578	23.722	24.729	22.188	22.144	415.42	415.34
09:37:21	23.638	23.58	23.72	24.719	22.188	22.143	415.42	415.34
09:38:21	23.639	23.58	23.718	24.735	22.19	22.145	415.42	415.34
09:39:21	23.639	23.58	23.715	24.741	22.188	22.144	415.42	415.34
09:40:21	23.639	23.58	23.714	24.743	22.188	22.145	415.42	415.34
09:41:21	23.639	23.582	23.712	24.74	22.19	22.145	415.42	415.34
09:42:21	23.639	23.581	23.712	24.734	22.188	22.144	415.42	415.34
09:43:21	23.639	23.581	23.718	24.739	22.185	22.145	415.42	415.34
09:44:21	23.639	23.581	23.718	24.738	22.187	22.145	415.42	415.34
09:45:21	23.639	23.58	23.722	24.734	22.188	22.143	415.42	415.34
09:46:21	23.639	23.58	23.719	24.731	22.187	22.143	415.42	415.34
09:47:21	23.639	23.58	23.728	24.725	22.187	22.143	415.42	415.34
09:48:21	23.639	23.581	23.729	24.723	22.189	22.144	415.42	415.34
09:49:21	23.64	23.58	23.722	24.723	22.19	22.144	415.42	415.34
09:50:21	23.639	23.581	23.725	24.719	22.188	22.144	415.42	415.34
09:51:21	23.64	23.581	23.718	24.721	22.188	22.146	415.42	415.34
09:52:21	23.64	23.582	23.711	24.734	22.188	22.144	415.42	415.34
09:53:21	23.641	23.581	23.709	24.734	22.189	22.145	415.42	415.34
09:54:21	23.64	23.581	23.718	24.729	22.184	22.144	415.42	415.34
09:55:22	23.641	23.582	23.714	24.728	22.186	22.145	415.42	415.34
09:56:21	23.64	23.582	23.711	24.722	22.187	22.144	415.42	415.34
09:57:21	23.641	23.582	23.71	24.731	22.188	22.145	415.42	415.34
09:58:21	23.641	23.582	23.711	24.732	22.188	22.145	415.42	415.34
09:59:21	23.64	23.582	23.716	24.73	22.19	22.146	415.42	415.34
10:00:21	23.641	23.583	23.714	24.739	22.186	22.146	415.42	415.34
10:01:21	23.64	23.583	23.717	24.727	22.188	22.147	415.42	415.34
10:02:21	23.64	23.583	23.714	24.732	22.188	22.146	415.42	415.34
10:03:21	23.641	23.583	23.711	24.735	22.189	22.147	415.42	415.34
10:04:21	23.641	23.585	23.718	24.727	22.187	22.146	415.42	415.34
10:05:21	23.641	23.585	23.715	24.736	22.187	22.145	415.42	415.34
10:06:21	23.642	23.586	23.711	24.731	22.187	22.147	415.42	415.34
10:07:21	23.642	23.586	23.698	24.722	22.191	22.146	415.42	415.34
10:08:21	23.642	23.587	23.708	24.723	22.189	22.147	415.42	415.34
10:09:21	23.642	23.586	23.709	24.725	22.188	22.148	415.42	415.34
10:10:21	23.642	23.586	23.715	24.722	22.186	22.147	415.42	415.34
10:11:21	23.642	23.586	23.712	24.725	22.187	22.146	415.42	415.34
10:12:21	23.643	23.586	23.711	24.723	22.188	22.147	415.42	415.34
10:13:21	23.642	23.586	23.707	24.723	22.189	22.146	415.42	415.34
10:14:21	23.642	23.586	23.716	24.727	22.19	22.148	415.42	415.34
10:15:21	23.642	23.585	23.715	24.724	22.188	22.147	415.42	415.34
10:16:21	23.642	23.585	23.715	24.728	22.186	22.146	415.42	415.34
10:17:21	23.642	23.584	23.707	24.724	22.186	22.146	415.42	415.34
10:18:21	23.641	23.583	23.698	24.72	22.188	22.146	415.42	415.34
10:19:21	23.642	23.583	23.681	24.724	22.188	22.145	415.42	415.34
10:20:21	23.642	23.583	23.668	24.731	22.188	22.144	415.42	415.34
10:21:21	23.643	23.583	23.662	24.726	22.188	22.144	415.42	415.34
10:22:21	23.642	23.582	23.667	24.709	22.19	22.146	415.42	415.34
10:23:21	23.641	23.582	23.684	24.713	22.187	22.145	415.42	415.34
10:24:21	23.641	23.582	23.697	24.704	22.188	22.146	415.42	415.34
10:25:22	23.643	23.581	23.693	24.702	22.187	22.145	415.42	415.34
10:26:21	0.0	23.582	23.691	24.699	22.187	22.145	415.42	415.34
10:27:21	23.642	23.583	23.695	24.691	22.187	22.147	415.42	415.34
10:28:21	23.643	23.583	23.705	24.691	22.186	22.146	415.42	415.34
10:29:21	23.643	23.583	23.701	24.691	22.186	22.146	415.42	415.34
10:30:21	23.643	23.584	23.708	24.713	22.188	22.146	415.42	415.34
10:31:21	23.643	23.584	23.721	24.725	22.189	22.146	415.42	415.34
10:32:21	23.643	23.584	23.72	24.734	22.188	22.146	415.42	415.34
10:33:21	23.644	23.585	23.712	24.739	22.184	22.146	415.42	415.34
10:34:21	23.643	23.584	23.713	24.744	22.187	22.145	415.42	415.34
10:35:21	23.642	23.583	23.723	24.734	22.188	22.146	415.42	415.34
10:36:21	23.643	23.582	23.727	24.728	22.186	22.145	415.42	415.34
10:37:21	23.643	23.581	23.727	24.734	22.188	22.145	415.42	415.34
10:38:21	23.643	23.582	23.724	24.736	22.186	22.145	415.42	415.34
10:39:21	23.642	23.581	23.719	24.714	22.188	22.146	415.42	415.34
10:40:23	23.643	23.582	23.726	24.711	22.187	22.147	415.42	415.34
10:41:21	23.643	23.581	23.734	24.72	22.185	22.147	415.42	415.34
10:42:21	23.642	23.581	23.735	24.743	22.183	22.147	415.42	415.34
10:43:21	23.643	23.58	23.733	24.749	22.182	22.145	415.42	415.34
10:44:21	23.644	23.581	23.737	24.753	22.184	22.146	415.42	415.34
10:45:21	23.642	23.58	23.724	24.755	22.187	22.146	415.42	415.34
10:46:21	23.642	23.582	23.732	24.76	22.187	22.147	415.42	415.34
10:47:21	23.643	23.58	23.73	24.758	22.186	22.146	415.42	415.34
10:48:21	23.643	23.583	23.745	24.748	22.187	22.147	415.42	415.34
10:49:21	23.643	23.583	23.734	24.753	22.185	22.147	415.42	415.34
10:50:21	23.643	23.583	23.734	24.761	22.188	22.147	415.42	415.34
10:51:21	23.643	23.582	23.734	24.765	22.186	22.147	415.42	415.34
10:52:21	23.643	23.583	23.736	24.78	22.187	22.148	415.42	415.34
10:53:21	23.643	23.583	23.734	24.777	22.184	22.147	415.42	415.34
10:54:21	23.643	23.581	23.73	24.783	22.187	22.146	415.42	415.34
10:55:21	23.643	23.581	23.726	24.798	22.183	22.148	415.42	415.34
10:56:21	23.643	23.581	23.73	24.838	22.185	22.147	415.42	415.34
10:57:21	23.643	23.581	23.736	24.882	22.185	22.146	415.42	415.34
10:58:22	23.643	23.58	23.737	24.899	22.184	22.145	415.42	415.34
10:59:21	0.0	23.581	23.739	24.906	22.184	22.145	415.42	415.34
11:00:21	23.643	23.58	23.737	24.902	22.185	22.145	415.42	415.34
11:01:23	23.643	23.578	23.737	24.889	22.185	22.144	415.42	415.34
11:02:21	23.642	23.578	23.734	24.878	22.182	22.145	415.42	415.34
11:03:21	23.642	23.578	23.737	24.879	22.184	22.143	415.42	415.34
11:04:21	23.642	23.576	23.741	24.872	22.183	22.143	415.42	415.34
11:05:21	23.642	23.578	23.741	24.883	22.185	22.144	415.42	415.34
11:06:21	23.642	23.577	23.743	24.909	22.182	22.144	415.42	415.34
11:07:21	23.641	23.575	23.749	24.897	22.181	22.144	415.42	415.34
11:08:21	23.642	23.576	23.755	24.897	22.181	22.144	415.42	415.34
11:09:21	23.642	23.577	23.748	24.892	22.183	22.144	415.42	415.34
11:10:21	23.642	23.577	23.744	24.89	22.183	22.145	415.42	415.34
11:11:21	23.643	23.579	23.747	24.898	22.181	22.145	415.42	415.34
11:12:21	23.643	23.578	23.745	24.931	22.183	22.146	415.42	415.34
11:13:21	23.642	23.577	23.75	24.931	22.183	22.145	415.42	415.34
11:14:21	23.642	23.577	23.755	24.953	22.184	22.145	415.42	415.34
11:15:21	23.643	23.576	23.763	24.936	22.182	22.146	415.42	415.34
11:16:21	23.643	23.578	23.765	24.942	22.18	22.146	415.42	415.34
11:17:21	23.643	23.578	23.763	24.924	22.181	22.147	415.42	415.34
11:18:21	23.642	23.578	23.757	24.915	22.182	22.147	415.42	415.34
11:19:21	23.643	23.579	23.759	24.959	22.181	22.146	415.42	415.34
11:20:21	23.643	23.578	23.766	25.025	22.183	22.146	415.42	415.34
11:21:21	23.643	23.578	23.762	25.063	22.183	22.147	415.42	415.34
11:22:21	23.642	23.578	23.768	25.05	22.181	22.146	415.42	415.34
11:23:21	23.643	23.578	23.766	25.021	22.182	22.145	415.42	415.34
11:24:21	23.643	23.579	23.769	25.089	22.181	22.147	415.42	415.34
11:25:21	23.642	23.579	23.77	25.133	22.183	22.148	415.42	415.34
11:26:21	23.644	23.579	23.782	25.166	22.185	22.146	415.42	415.34
11:27:21	23.642	23.579	23.78	25.194	22.183	22.146	415.42	415.34
11:28:21	23.643	23.578	23.782	25.183	22.183	22.146	415.42	415.34
11:29:21	23.643	23.579	23.787	25.135	22.183	22.147	415.42	415.34
11:30:21	23.643	23.58	23.79	25.094	22.18	22.148	415.42	415.34
11:31:21	23.642	23.581	23.793	25.038	22.184	22.147	415.42	415.34
11:32:21	23.643	23.578	23.79	25.019	22.184	22.145	415.42	415.34
11:33:21	23.643	23.579	23.784	24.998	22.183	22.147	415.42	415.34
11:34:21	23.644	23.579	23.779	24.984	22.184	22.148	415.42	415.34
11:35:21	23.643	23.579	23.78	24.961	22.183	22.147	415.42	415.34
11:36:21	23.644	23.58	23.795	24.952	22.181	22.147	415.42	415.34
11:37:21	23.643	23.578	23.786	24.954	22.183	22.146	415.42	415.34
11:38:21	23.643	23.579	23.773	24.951	22.184	22.146	415.42	415.34
11:39:21	23.642	23.578	23.786	24.951	22.181	22.147	415.42	415.34
11:40:21	23.644	23.577	23.791	24.954	22.184	22.145	415.42	415.34
11:41:21	23.643	23.578	23.788	24.942	22.181	22.147	415.42	415.34
11:42:21	23.643	23.578	23.782	24.925	22.179	22.147	415.42	415.34
11:43:21	23.645	23.577	23.775	24.911	22.181	22.146	415.42	415.34
11:44:21	23.643	23.577	23.779	24.907	22.184	22.145	415.42	415.34
11:45:21	23.643	23.576	23.78	24.906	22.179	22.145	415.42	415.34
11:46:21	23.643	23.577	23.775	24.908	22.179	22.144	415.42	415.34
11:47:21	23.643	23.575	23.775	24.913	22.181	22.145	415.42	415.34
11:48:21	23.643	23.574	23.778	24.949	22.182	22.145	415.42	415.34
11:49:21	23.642	23.574	23.787	25.072	22.18	22.145	415.42	0.0
11:50:21	23.642	23.575	23.794	25.215	22.181	22.145	415.42	415.34
11:51:22	23.642	23.573	23.797	25.314	22.182	22.145	415.42	415.34
11:52:21	0.0	23.573	23.805	25.331	22.182	22.143	415.42	415.34
11:53:21	23.642	23.573	23.806	25.301	22.182	22.145	415.42	415.34
11:54:21	23.642	23.573	23.808	25.254	22.182	22.144	415.42	415.34
11:55:21	23.644	23.573	23.81	25.194	22.181	22.145	415.42	415.34
11:56:21	23.643	23.574	23.827	25.139	22.181	22.145	415.42	415.34
11:57:21	23.643	23.574	23.812	25.112	22.178	22.146	415.42	415.34
11:58:21	23.642	23.575	23.813	25.118	22.182	22.145	415.42	415.34
11:59:21	23.644	23.576	23.818	25.158	22.183	22.145	415.42	415.34
12:00:21	23.643	23.576	23.808	25.162	22.183	22.146	415.42	415.34
12:01:21	23.643	23.577	23.813	25.134	22.184	22.146	415.42	415.34
12:02:21	23.643	23.577	23.807	25.066	22.185	22.149	415.42	415.34
12:03:21	23.643	23.578	23.808	25.028	22.187	22.147	415.42	415.34
12:04:21	23.644	23.578	23.818	25.021	22.182	22.147	415.42	415.34
12:05:21	23.644	23.578	23.812	25.018	22.185	22.147	415.42	415.34
12:06:21	23.643	23.577	23.813	25.043	22.187	22.148	415.42	415.34
12:07:21	23.644	23.577	23.804	25.088	22.183	22.148	415.42	415.34
12:08:21	23.643	23.578	23.815	25.11	22.18	22.147	415.42	415.34
12:09:21	23.643	23.577	23.817	25.115	22.183	22.146	415.42	415.34
12:10:21	23.644	23.576	23.82	25.167	22.183	22.146	415.42	415.34
12:11:21	23.644	23.577	23.819	25.164	22.184	22.145	415.42	415.34
12:12:21	23.644	23.576	23.812	25.15	22.184	22.147	415.42	415.34
12:13:21	23.644	23.576	23.821	25.118	22.184	22.147	415.42	415.34
12:14:21	23.644	23.577	23.819	25.097	22.181	22.148	415.42	415.34
12:15:21	23.643	23.577	23.808	25.102	22.182	22.147	415.42	415.34
12:16:21	23.644	23.578	23.814	25.116	22.185	22.147	415.42	415.34
12:17:21	23.643	23.577	23.813	25.138	22.183	22.146	415.42	415.34
12:18:21	23.645	23.577	23.813	25.144	22.182	22.146	415.42	415.34
12:19:21	23.644	23.577	23.813	25.146	22.184	22.146	415.42	415.34
12:20:21	23.643	23.577	23.813	25.113	22.178	22.147	415.42	415.34
12:21:21	23.644	23.577	23.817	25.091	22.184	22.148	415.42	415.34
12:22:21	23.644	23.577	23.832	25.066	22.186	22.149	415.42	415.34
12:23:21	23.644	23.578	23.821	25.051	22.186	22.148	415.42	415.34
12:24:21	23.643	23.579	23.824	25.042	22.183	22.148	415.42	415.34
12:25:21	23.643	23.579	23.818	25.037	22.188	22.15	415.42	415.34
12:26:21	23.645	23.58	23.817	25.028	22.188	22.149	415.42	415.34
12:27:21	23.645	23.58	23.824	25.024	22.187	22.15	415.42	415.34
12:28:23	23.645	23.58	23.83	25.003	22.187	22.148	415.42	415.34
12:29:21	23.644	23.58	23.821	24.984	22.189	22.148	415.42	415.34
12:30:22	23.645	23.582	23.815	24.963	22.19	22.148	415.42	415.34
12:31:21	23.645	23.581	23.825	24.962	22.191	22.148	415.42	415.34
12:32:21	23.646	23.581	23.81	24.967	22.19	22.148	415.42	415.34
12:33:21	23.644	23.581	23.804	24.965	22.19	22.149	415.42	415.34
12:34:21	23.645	23.58	23.803	24.946	22.193	22.15	415.42	415.34
12:35:21	23.645	23.581	23.803	24.942	22.19	22.148	415.42	415.34
12:36:21	23.645	23.581	23.814	24.934	22.191	22.148	415.42	415.34
12:37:21	23.644	23.58	23.814	24.942	22.189	22.148	415.42	415.34
12:38:21	23.645	23.581	23.82	24.942	22.191	22.148	415.42	415.34
12:39:21	23.644	23.58	23.813	24.942	22.191	22.149	415.42	415.34
12:40:21	23.645	23.581	23.808	24.941	22.191	22.146	415.42	415.34
12:41:21	23.645	23.581	23.799	24.957	22.191	22.149	415.42	415.34
12:42:21	23.646	23.581	23.796	25.002	22.186	22.149	415.42	415.34
12:43:21	23.645	23.581	23.798	25.086	22.191	22.149	415.42	415.34
12:44:21	23.645	23.58	23.798	25.17	22.191	22.149	415.42	415.34
12:45:21	23.646	23.58	23.806	25.204	22.189	22.148	415.42	415.34
12:46:21	23.645	23.58	23.808	25.19	22.191	22.149	415.42	415.34
12:47:21	23.645	23.58	23.812	25.16	22.189	22.149	415.42	415.34
12:48:21	23.645	23.579	23.813	25.122	22.193	22.149	415.42	415.34
12:49:21	23.645	23.581	23.805	25.065	22.193	22.15	415.42	415.34
12:50:21	23.645	23.581	23.812	25.013	22.191	22.149	415.42	415.34
12:51:21	23.645	23.581	23.805	24.982	22.191	22.148	415.42	415.34
12:52:21	23.647	23.581	23.797	24.956	22.193	22.15	415.42	415.34
12:53:21	23.645	23.581	23.792	24.931	22.191	22.149	415.42	415.34
12:54:21	23.646	23.582	23.799	24.922	22.192	22.149	415.42	415.34
12:55:21	23.647	23.582	23.796	24.92	22.195	22.149	415.42	415.34
12:56:21	23.646	23.582	23.794	24.914	22.195	22.15	415.42	415.34
12:57:21	23.645	23.584	23.789	24.92	22.194	22.151	415.42	415.34
12:58:21	23.647	23.583	23.787	24.916	22.195	22.151	415.42	415.34
12:59:21	23.647	23.584	23.794	24.907	22.194	22.151	415.42	415.34
13:00:21	23.647	23.584	23.796	24.899	22.19	22.151	415.42	415.34
13:01:21	23.648	23.584	23.785	24.886	22.194	22.15	415.42	415.34
13:02:21	23.647	23.584	23.778	24.91	22.194	22.149	415.42	415.34
13:03:21	23.647	23.583	23.771	24.929	22.196	22.15	415.42	415.34
13:04:21	23.647	23.583	23.777	24.95	22.194	22.15	415.42	415.34
13:05:21	23.647	23.583	23.783	24.943	22.195	22.151	415.42	415.34
13:06:21	23.646	23.582	23.787	24.928	22.196	22.15	415.42	415.34
13:07:21	23.647	23.582	23.784	24.915	22.195	22.15	415.42	415.34
13:08:21	23.647	23.583	23.781	24.921	22.195	22.149	415.42	415.34
13:09:21	23.647	23.582	23.779	24.93	22.195	22.148	415.42	415.34
13:10:21	23.647	23.582	23.769	24.927	22.194	22.148	415.42	415.34
13:11:21	23.647	23.581	23.782	24.929	22.196	22.148	415.42	415.34
13:12:21	23.646	23.583	23.787	24.988	22.197	22.151	415.42	415.34
13:13:21	23.648	23.583	23.8	25.019	22.197	22.15	415.42	415.34
13:14:21	23.648	23.583	23.8	25.021	22.197	22.151	415.42	415.34
13:15:21	23.647	23.585	23.789	25.008	22.197	22.151	415.42	415.34
13:16:21	23.648	23.586	23.795	24.998	22.199	22.151	415.42	415.34
13:17:21	23.648	23.587	23.787	25.023	22.197	22.151	415.42	415.34
13:18:21	23.648	23.586	23.793	25.044	22.196	22.15	415.42	415.34
13:19:21	23.648	23.586	23.791	25.036	22.198	22.152	415.42	415.34
13:20:21	23.647	23.586	23.8	25.002	22.199	22.152	415.42	415.34
13:21:21	23.649	23.587	23.794	24.98	22.198	22.151	415.42	415.34
13:22:22	23.648	23.586	23.787	24.957	22.199	22.151	415.42	415.34
13:23:21	0.0	23.586	23.784	24.94	22.199	22.152	415.42	415.34
13:24:21	23.648	23.586	23.794	24.959	22.199	22.15	415.42	415.34
13:25:21	23.649	23.587	23.802	24.961	22.2	22.152	415.42	415.34
13:26:21	23.649	23.587	23.804	24.946	22.199	22.153	415.42	415.34
13:27:23	23.65	23.587	23.81	24.929	22.198	22.154	415.42	415.34
13:28:21	23.649	23.588	23.809	24.917	22.2	22.152	415.42	415.34
13:29:21	23.648	23.589	23.805	24.899	22.2	22.151	415.42	415.34
13:30:21	23.648	23.588	23.802	24.893	22.202	22.153	415.42	415.34
13:31:21	23.648	23.589	23.79	24.888	22.199	22.152	415.42	415.34
13:32:21	23.648	23.589	23.781	24.88	22.2	22.152	415.42	415.34
13:33:21	23.649	23.586	23.787	24.869	22.2	22.151	415.42	415.34
13:34:21	23.649	23.588	23.787	24.859	22.201	22.152	415.42	415.34
13:35:21	23.65	23.589	23.779	24.844	22.2	22.151	415.42	415.34
13:36:21	23.649	23.588	23.787	24.837	22.199	22.151	415.42	415.34
13:37:21	23.65	23.589	23.784	24.836	22.2	22.153	415.42	415.34
13:38:21	23.65	23.589	23.792	24.839	22.2	22.153	415.42	415.34
13:39:21	23.649	23.588	23.783	24.83	22.201	22.152	415.42	415.34
13:40:21	23.648	23.588	23.792	24.855	22.2	22.151	415.42	415.34
13:41:21	23.648	23.586	23.788	24.886	22.201	22.15	415.42	415.34
13:42:21	23.65	23.588	23.791	24.938	22.202	22.152	415.42	415.34
13:43:21	23.65	23.588	23.795	24.967	22.199	22.152	415.42	415.34
13:44:21	23.649	23.589	23.787	25.024	22.201	22.152	415.42	415.34
13:45:21	23.649	23.589	23.791	25.049	22.202	22.154	415.42	415.34
13:46:21	23.651	23.59	23.798	25.034	22.203	22.154	415.42	415.34
13:47:21	23.65	23.59	23.799	25.004	22.201	22.154	415.42	415.34
13:48:21	23.65	23.591	23.803	24.985	22.201	22.153	415.42	415.34
13:49:21	23.65	23.592	23.8	24.967	22.203	22.152	415.42	415.34
13:50:21	23.65	23.59	23.794	24.953	22.203	22.153	415.42	415.34
13:51:21	23.65	23.591	23.786	24.936	22.202	22.152	415.42	415.34
13:52:21	23.65	23.59	23.791	24.936	22.203	22.152	415.42	415.34
13:53:21	23.65	23.59	23.795	25.021	22.202	22.152	415.42	415.34
13:54:21	23.651	23.59	23.796	25.163	22.203	22.153	415.42	415.34
13:55:21	23.65	23.589	23.796	25.225	22.205	22.152	415.42	415.34
13:56:21	23.65	23.589	23.809	25.154	22.2	22.152	415.42	415.34
13:57:21	23.65	23.59	23.808	25.098	22.202	22.152	415.42	415.34
13:58:21	23.651	23.588	23.802	25.043	22.202	22.152	415.42	415.34
13:59:21	23.65	23.589	23.809	25.011	22.2	22.15	415.42	415.34
14:00:21	23.65	23.589	23.814	24.982	22.203	22.151	415.42	415.34
14:01:21	23.651	23.589	23.808	24.971	22.201	22.151	415.42	415.34
14:02:21	23.65	23.586	23.809	24.969	22.202	22.153	415.42	415.34
14:03:21	23.65	23.588	23.808	24.988	22.201	22.152	415.42	415.34
14:04:21	23.65	23.589	23.802	25.003	22.202	22.153	415.42	415.34
14:05:21	23.651	23.588	23.805	24.99	22.201	22.152	415.42	415.34
14:06:21	23.652	23.589	23.81	24.965	22.2	22.151	415.42	415.34
14:07:21	23.652	23.59	23.811	24.956	22.197	22.153	415.42	415.34
14:08:21	23.651	23.59	23.817	25.008	22.202	22.154	415.42	415.34
14:09:21	23.652	23.591	23.824	25.067	22.203	22.154	415.42	415.34
14:10:21	23.651	23.591	23.827	25.106	22.203	22.152	415.42	415.34
14:11:21	23.652	23.59	23.822	25.099	22.201	22.153	415.42	415.34
14:12:21	23.65	23.592	23.822	25.172	22.202	22.154	415.42	415.34
14:13:21	23.652	23.591	23.823	25.281	22.203	22.154	415.42	415.34
14:14:21	23.651	23.592	23.826	25.449	22.203	22.153	415.42	415.34
14:15:21	23.652	23.593	23.831	25.421	22.204	22.155	415.42	415.34
14:16:21	23.651	23.591	23.83	25.34	22.204	22.154	415.42	415.34
14:17:22	23.652	23.591	23.835	25.266	22.201	22.154	415.42	415.34
14:18:22	23.651	23.592	23.836	25.177	22.203	22.154	415.42	415.34
14:19:22	23.652	23.591	23.824	25.099	22.204	22.153	415.42	415.34
14:20:22	23.652	23.591	23.816	25.001	22.202	22.152	415.42	415.34
14:21:22	23.652	23.592	23.788	24.928	22.203	22.152	415.42	415.34
14:22:22	23.652	23.592	23.769	24.884	22.202	22.154	415.42	415.34
14:23:22	23.652	23.591	23.758	24.855	22.201	22.154	415.42	415.34
14:24:22	23.652	23.591	23.763	24.858	22.203	22.152	415.42	415.34
14:25:22	23.651	23.591	23.768	24.846	22.202	22.151	415.42	415.34
14:26:22	23.652	23.589	23.761	24.831	22.2	22.151	415.42	415.34
14:27:22	23.653	23.589	23.771	24.815	22.201	22.151	415.42	415.34
14:28:22	23.652	23.589	23.775	24.807	22.203	22.152	415.42	415.34
14:29:22	23.652	23.588	23.766	24.801	22.202	22.152	415.42	415.34
14:30:22	23.651	23.589	23.773	24.799	22.2	22.152	415.42	415.34
14:31:22	23.652	23.589	23.773	24.786	22.2	22.152	415.42	415.34
14:32:22	23.652	23.588	23.768	24.732	22.2	22.15	415.42	415.34
14:33:22	23.652	23.588	23.773	24.695	22.201	22.15	415.42	415.34
14:34:22	23.652	23.588	23.766	24.684	22.201	22.15	415.42	415.34
14:35:22	23.652	23.588	23.764	24.694	22.201	22.15	415.42	415.34
14:36:22	23.652	23.588	23.753	24.698	22.198	22.15	415.42	415.34
14:37:22	23.652	23.587	23.753	24.706	22.2	22.151	415.42	415.34
14:38:22	23.652	23.586	23.758	24.687	22.2	22.151	415.42	415.34
14:39:22	23.652	23.587	23.755	24.656	22.2	22.151	415.42	415.34
14:40:22	23.651	23.586	23.765	24.634	22.199	22.15	415.42	415.34
14:41:22	23.652	23.587	23.763	24.637	22.2	22.15	415.42	415.34
14:42:22	23.653	23.587	23.759	24.609	22.2	22.151	415.42	415.34
14:43:22	23.651	23.588	23.75	24.597	22.199	22.151	415.42	415.34
14:44:22	23.651	23.587	23.746	24.612	22.2	22.151	415.42	415.34
14:45:22	23.653	23.588	23.747	24.59	22.2	22.15	415.42	415.34
14:46:22	23.651	23.588	23.754	24.572	22.2	22.151	415.42	415.34
14:47:22	23.652	23.589	23.748	24.574	22.201	22.152	415.42	415.34
14:48:22	23.652	23.589	23.743	24.591	22.2	22.151	415.42	415.34
14:49:22	23.652	23.588	23.733	24.621	22.201	22.151	415.42	415.34
14:50:22	23.652	23.587	23.728	24.644	22.2	22.151	415.42	415.34
14:51:22	23.652	23.587	23.736	24.67	22.199	22.151	415.42	415.34
14:52:22	23.651	23.587	23.728	24.693	22.2	22.15	415.42	415.34
14:53:22	23.652	23.586	23.728	24.706	22.2	22.151	415.42	415.34
14:54:22	23.651	23.586	23.736	24.715	22.198	22.15	415.42	415.34
14:55:22	23.651	23.587	23.735	24.716	22.199	22.151	415.42	415.34
14:56:22	23.651	23.587	23.741	24.714	22.198	22.15	415.42	415.34
14:57:22	23.652	23.586	23.735	24.714	22.199	22.15	415.42	415.34
14:58:22	23.652	23.587	23.731	24.724	22.198	22.151	415.42	415.34
14:59:22	23.652	23.586	23.722	24.719	22.199	22.15	0.0	415.34
15:00:22	23.652	23.586	23.725	24.712	22.198	22.15	415.42	415.34
15:01:22	23.651	23.586	23.73	24.711	22.198	22.15	415.42	415.34
15:02:22	23.651	23.586	23.726	24.708	22.198	22.149	415.42	415.34
15:03:22	23.651	23.586	23.72	24.705	22.199	22.149	415.42	415.34
15:04:22	23.653	23.586	23.722	24.707	22.2	22.15	415.42	415.34
15:05:22	23.651	23.586	23.72	24.71	22.196	22.149	415.42	415.34
15:06:22	23.652	23.586	23.711	24.692	22.197	22.15	415.42	415.34
15:07:22	23.651	23.586	23.706	24.688	22.198	22.15	415.42	415.34
15:08:22	23.652	23.586	23.72	24.689	22.197	22.149	415.42	415.34
15:09:22	23.651	23.585	23.722	24.7	22.197	22.149	415.42	415.34
15:10:22	23.651	23.584	23.716	24.71	22.197	22.149	415.42	415.34
15:11:22	23.652	23.585	23.724	24.702	22.197	22.15	415.42	415.34
15:12:22	23.652	23.585	23.725	24.694	22.197	22.15	415.42	415.34
15:13:22	23.652	23.585	23.724	24.697	22.197	22.151	415.42	415.34
15:14:22	23.651	23.585	23.715	24.695	22.198	22.149	415.42	415.34
15:15:22	23.651	23.586	23.703	24.694	22.199	22.15	415.42	415.34
15:16:22	23.652	23.587	23.707	24.687	22.198	22.15	415.42	415.34
15:17:22	23.652	23.587	23.678	24.666	22.197	22.15	415.42	415.34
15:18:22	23.651	23.586	23.647	24.646	22.196	22.151	415.42	415.34
15:19:22	23.651	23.586	23.659	24.791	22.199	22.15	415.42	415.34
15:20:22	23.652	23.586	23.67	24.806	22.198	22.15	415.42	415.34
15:21:22	23.652	23.585	23.679	24.744	0.0	22.15	415.42	415.34
15:22:22	23.651	23.585	23.681	24.697	22.196	22.15	415.42	415.34
15:23:22	23.651	23.585	23.69	24.67	22.198	22.15	415.42	415.34
15:24:22	23.651	23.584	23.691	24.667	22.196	22.15	415.42	415.34
15:25:22	23.65	23.584	23.697	24.688	22.196	22.15	415.42	415.34
15:26:22	23.651	23.584	23.716	24.829	22.195	22.148	415.42	415.34
15:27:22	23.651	23.584	23.737	24.889	22.194	22.148	415.42	415.34
15:28:22	23.651	23.584	23.763	24.947	22.196	22.15	415.42	415.34
15:29:22	23.651	23.584	23.792	25.017	22.195	22.15	415.42	415.34
15:30:22	23.65	23.583	23.803	25.007	22.195	22.149	415.42	415.34
15:31:22	23.649	23.582	23.813	25.011	22.194	22.149	415.42	415.34
15:32:22	23.65	23.582	23.805	24.986	22.194	22.15	415.42	415.34
15:33:22	23.65	23.581	23.808	24.967	22.195	22.149	415.42	415.34
15:34:22	23.651	23.582	23.823	24.944	22.194	22.148	415.42	415.34
15:35:22	23.651	23.582	23.819	24.927	22.194	22.15	415.42	415.34
15:36:22	23.65	23.581	23.82	24.918	22.195	22.151	415.42	415.34
15:37:22	23.651	23.58	23.824	24.919	22.193	22.15	415.42	415.34
15:38:22	23.649	23.581	23.817	24.932	22.193	22.15	415.42	415.34
15:39:22	23.651	23.58	23.835	24.947	22.194	22.15	415.42	415.34
15:40:22	23.65	23.581	23.837	24.964	22.195	22.15	415.42	415.34
15:41:22	23.65	23.58	23.84	25.005	22.193	22.149	415.42	415.34
15:42:22	23.649	23.58	23.821	25.025	22.194	22.151	415.42	415.34
15:43:22	23.649	23.58	23.84	25.02	22.193	22.149	415.42	415.34
15:44:22	23.651	23.58	23.853	25.019	22.194	22.15	415.42	415.34
15:45:22	23.65	23.58	23.838	25.033	22.194	22.151	415.42	415.34
15:46:22	23.65	23.581	23.868	25.05	22.193	22.15	415.42	415.34
15:47:22	23.65	23.581	23.856	25.103	22.194	22.15	415.42	415.34
15:48:22	23.65	23.581	23.846	25.162	22.192	22.149	415.42	415.34
15:49:22	23.65	23.581	23.885	25.319	22.194	22.151	415.42	415.34
15:50:22	23.65	23.582	23.885	25.637	22.194	22.151	415.42	415.34
15:51:22	23.65	23.581	23.885	25.723	22.195	22.151	415.42	415.34
15:52:22	23.65	23.581	23.837	25.476	22.196	22.15	415.42	415.34
15:53:22	23.651	23.582	23.814	25.299	22.195	22.15	415.42	415.34
15:54:22	23.65	23.58	23.797	25.23	22.192	22.149	415.42	415.34
15:55:22	23.651	23.581	23.789	25.167	22.194	22.15	415.42	415.34
15:56:22	23.651	23.582	23.801	25.153	22.193	22.152	415.42	415.34
15:57:22	23.65	23.581	23.807	25.116	22.195	22.151	415.42	415.34
15:58:23	23.65	23.581	23.812	25.069	22.196	22.151	415.42	415.34
15:59:22	23.65	23.582	23.811	25.054	22.192	22.151	415.42	415.34
16:00:22	23.651	23.581	23.812	25.052	22.193	22.151	415.42	415.34
16:01:22	23.65	23.582	23.819	25.041	22.193	22.15	415.42	415.34
16:02:22	23.649	23.582	23.817	25.074	22.193	22.149	415.42	415.34
16:03:22	23.65	23.58	23.824	25.074	22.191	22.149	415.42	415.34
16:04:22	23.65	23.579	23.82	25.047	22.19	22.148	415.42	415.34
16:05:22	23.649	23.579	23.827	24.995	22.19	22.149	415.42	415.34
16:06:22	23.65	23.579	23.833	24.945	22.192	22.15	415.42	415.34
16:07:22	23.649	23.579	23.808	24.911	22.192	22.15	415.42	415.34
16:08:22	23.648	23.578	23.813	24.872	22.191	22.149	415.42	415.34
16:09:22	23.649	23.578	23.822	24.869	22.192	22.149	415.42	415.34
16:10:23	23.65	23.579	23.819	24.882	22.188	22.15	415.42	415.34
16:11:22	23.65	23.578	23.814	24.855	22.19	22.149	415.42	415.34
16:12:22	23.649	23.578	23.809	24.808	22.191	22.15	415.42	415.34
16:13:22	23.648	23.578	23.812	24.808	22.19	22.149	415.42	415.34
16:14:22	23.649	23.578	23.806	24.769	22.191	22.148	415.42	415.34
16:15:22	23.65	23.579	23.814	24.756	22.19	22.149	415.42	415.34
16:16:22	23.649	23.578	23.805	24.771	22.191	22.15	415.42	415.34
16:17:22	23.649	23.577	23.806	24.784	22.19	22.15	415.42	415.34
16:18:22	23.65	23.578	23.797	24.807	22.19	22.149	415.42	415.34
16:19:22	23.65	23.579	23.811	24.808	22.19	22.15	415.42	415.34
16:20:22	23.65	23.58	23.803	24.806	22.192	22.15	415.42	415.34
16:21:22	23.651	23.581	23.798	24.806	22.191	22.151	415.42	415.34
16:22:22	23.65	23.58	23.802	24.817	22.191	22.151	415.42	415.34
16:23:22	23.65	23.582	23.801	24.803	22.193	22.151	415.42	415.34
16:24:22	23.65	23.58	23.789	24.788	22.192	22.151	415.42	415.34
16:25:22	23.65	23.581	23.781	24.781	22.191	22.151	415.42	415.34
16:26:22	23.651	23.582	23.783	24.773	22.192	22.15	415.42	415.34
16:27:22	23.65	23.581	23.783	24.767	22.192	22.15	415.42	415.34
16:28:22	23.65	23.581	23.777	24.768	22.19	22.149	415.42	415.34
16:29:24	23.65	23.58	23.777	24.773	22.19	22.15	415.42	415.34
16:30:22	23.649	23.581	23.783	24.759	22.191	22.151	415.42	415.34
16:31:22	23.65	23.581	23.781	24.781	22.19	22.15	415.42	415.34
16:32:22	23.65	23.581	23.757	24.778	22.191	22.151	415.42	415.34
16:33:22	23.651	23.582	23.762	24.78	22.191	22.151	415.42	415.34
16:34:22	23.649	23.582	23.773	24.772	22.19	22.15	415.42	415.34
16:35:22	23.65	23.582	23.762	24.774	22.191	22.151	415.42	415.34
16:36:22	23.65	23.581	23.755	24.773	22.191	22.151	415.42	415.34
16:37:22	23.65	23.581	23.764	24.785	22.19	22.15	415.42	415.34
16:38:22	23.649	23.582	23.755	24.778	22.191	22.149	415.42	415.34
16:39:22	23.65	23.58	23.755	24.783	22.192	22.15	415.42	415.34
16:40:22	23.65	23.581	23.747	24.78	22.192	22.15	415.42	415.34
16:41:22	23.65	23.582	23.734	24.773	22.19	22.15	415.42	415.34
16:42:22	23.65	23.582	23.744	24.787	22.19	22.15	415.42	415.34
16:43:22	23.65	23.58	23.749	24.799	22.19	22.149	415.42	415.34
16:44:22	23.649	23.582	23.746	24.79	22.191	22.15	415.42	415.34
16:45:22	23.65	23.582	23.747	24.782	22.192	22.149	415.42	415.34
16:46:22	23.65	23.582	23.752	24.775	22.191	22.149	415.42	415.34
16:47:22	23.65	23.582	23.759	24.765	22.19	22.149	415.42	415.34
16:48:22	23.65	23.581	23.752	24.769	22.19	22.149	415.42	415.34
16:49:22	23.649	23.58	23.756	24.769	22.189	22.148	415.42	415.34
16:50:22	23.65	23.581	23.757	24.754	22.19	22.149	415.42	415.34
16:51:22	23.65	23.581	23.754	24.76	22.192	22.151	415.42	415.34
16:52:22	23.65	23.583	23.752	24.763	22.193	22.149	415.42	415.34
16:53:22	23.65	23.584	23.744	24.763	22.191	22.151	415.42	415.34
16:54:22	23.65	23.584	23.73	24.767	22.192	22.15	415.42	415.34
16:55:22	23.65	23.583	23.734	24.764	22.193	22.15	415.42	415.34
16:56:22	23.651	23.583	23.741	24.768	22.191	22.151	415.42	415.34
16:57:22	23.651	23.584	23.737	24.763	22.191	22.149	415.42	415.34
16:58:22	23.65	23.583	23.738	24.767	22.19	22.148	415.42	415.34
16:59:22	23.65	23.582	23.745	24.762	22.19	22.149	415.42	415.34
17:00:23	23.649	23.582	23.74	24.759	22.19	22.147	415.42	415.34
17:01:22	0.0	23.583	23.735	24.742	22.19	22.148	415.42	415.34
17:02:22	23.65	23.581	23.744	24.739	22.19	22.148	415.42	415.34
17:03:22	23.649	23.582	23.749	24.739	22.19	22.148	415.42	415.34
17:04:22	23.65	23.582	23.734	24.759	22.191	22.15	415.42	415.34
17:05:22	23.649	23.582	23.734	24.777	22.19	22.149	415.42	415.34
17:06:22	23.649	23.582	23.735	24.766	22.19	22.148	415.42	415.34
17:07:22	23.65	23.582	23.736	24.752	22.19	22.147	415.42	415.34
17:08:22	23.65	23.581	23.716	24.752	22.189	22.148	415.42	415.34
17:09:22	23.65	23.583	23.72	24.76	22.19	22.148	415.42	415.34
17:10:22	23.65	23.583	23.718	24.75	22.189	22.148	415.42	415.34
17:11:23	23.65	23.584	23.718	24.729	22.189	22.15	415.42	415.34
17:12:23	23.65	23.582	23.713	24.72	22.19	22.148	415.42	415.34
17:13:23	23.65	23.583	23.714	24.731	22.19	22.15	415.42	415.34
17:14:23	23.65	23.583	23.729	24.722	22.19	22.149	415.42	415.34
17:15:23	23.65	23.583	23.725	24.721	22.19	22.148	415.42	415.34
17:16:23	23.65	23.583	23.724	24.727	22.19	22.148	415.42	415.34
17:17:23	23.65	23.583	23.733	24.732	22.19	22.149	415.42	415.34
17:18:23	23.65	23.584	23.721	24.737	22.19	22.15	415.42	415.34
17:19:25	23.651	23.585	23.718	24.744	22.191	22.15	415.42	415.34
17:20:23	23.65	23.584	23.709	24.738	22.191	22.149	415.42	415.34
17:21:23	23.651	23.585	23.705	24.73	22.192	22.15	415.42	415.34
17:22:23	23.65	23.584	23.704	24.724	22.191	22.149	415.42	415.34
17:23:23	23.651	23.585	23.705	24.718	22.19	22.149	415.42	415.34
17:24:23	23.651	23.584	23.702	24.713	22.19	22.148	415.42	415.34
17:25:23	23.651	23.585	23.682	24.693	22.19	22.149	415.42	415.34
17:26:23	23.651	23.585	23.662	24.672	22.192	22.151	415.42	415.34
17:27:23	23.65	23.586	23.668	24.763	22.192	22.151	415.42	415.34
17:28:23	23.651	23.586	23.673	24.799	22.191	22.15	415.42	415.34
17:29:23	23.652	23.587	23.682	24.765	22.191	22.15	415.42	415.34
17:30:23	23.649	23.588	23.694	24.752	22.192	22.15	415.42	415.34
17:31:23	23.651	23.585	23.704	24.768	22.191	22.15	415.42	415.34
17:32:23	23.652	23.586	23.707	24.927	22.192	22.15	415.42	415.34
17:33:23	23.65	23.586	23.715	25.14	22.191	22.15	415.42	415.34
17:34:23	23.649	23.586	23.734	25.174	22.19	22.149	415.42	415.34
17:35:23	23.65	23.586	23.761	25.107	22.191	22.151	415.42	415.34
17:36:23	23.65	23.586	23.767	25.073	22.192	22.151	415.42	415.34
17:37:23	23.651	23.586	23.772	25.063	22.191	22.152	415.42	415.34
17:38:23	23.65	23.586	23.769	25.05	22.193	22.151	415.42	415.34
17:39:23	23.651	23.587	23.819	25.06	22.193	22.15	415.42	415.34
17:40:23	23.651	23.587	23.84	25.07	22.19	22.15	415.42	415.34
17:41:23	23.65	23.586	23.838	25.082	22.189	22.151	415.42	415.34
17:42:23	23.651	23.587	23.837	25.098	22.191	22.151	415.42	415.34
17:43:23	23.652	23.586	23.86	25.109	22.192	22.151	415.42	415.34
17:44:23	23.652	23.586	23.834	25.154	22.191	22.151	415.42	415.34
17:45:23	23.65	23.586	23.847	25.2	22.191	22.15	415.42	415.34
17:46:23	23.65	23.585	23.88	25.248	22.192	22.151	415.42	415.34
17:47:23	23.652	23.585	23.884	25.332	22.19	22.15	415.42	415.34
17:48:23	23.651	23.584	23.859	25.37	22.189	22.15	415.42	415.34
17:49:23	23.65	23.583	23.823	25.242	22.188	22.149	415.42	415.34
17:50:23	23.651	23.584	23.795	25.145	22.191	22.151	415.42	415.34
17:51:23	23.651	23.582	23.775	25.082	22.187	22.148	415.42	415.34
17:52:24	23.651	23.582	23.758	25.071	22.188	22.148	415.42	415.34
17:53:23	23.65	23.582	23.771	25.0	22.19	22.149	415.42	415.34
17:54:26	23.651	23.584	23.774	24.934	22.189	22.149	415.42	415.34
17:55:23	23.651	23.583	23.786	24.899	22.19	22.148	415.42	415.34
17:56:23	23.651	23.584	23.781	24.857	22.188	22.15	415.42	415.34
17:57:23	23.651	23.584	23.78	24.799	22.188	22.151	415.42	415.34
17:58:23	23.651	23.585	23.779	24.773	22.187	22.149	415.42	415.34
17:59:25	23.651	23.584	23.77	24.734	22.188	22.15	415.42	415.34
18:00:23	23.651	23.584	23.769	24.71	22.189	22.149	415.42	415.34
18:01:24	23.651	23.583	23.773	24.728	22.189	22.15	415.42	415.34
18:02:24	23.651	23.584	23.769	24.68	22.19	22.15	415.42	415.34
18:03:24	23.65	23.585	23.765	24.676	22.189	22.15	415.42	415.34
18:04:24	23.651	23.582	23.761	24.647	22.185	22.15	415.42	415.34
18:05:24	23.65	23.583	23.765	24.63	22.184	22.149	415.42	415.34
18:06:24	23.649	23.583	23.751	24.638	22.185	22.147	415.42	415.34
18:07:24	23.649	23.583	23.744	24.61	22.188	22.148	415.42	415.34
18:08:24	23.65	23.582	23.744	24.618	22.187	22.149	415.42	415.34
18:09:24	23.651	23.582	23.74	24.638	22.187	22.148	415.42	415.34
18:10:24	23.65	23.582	23.745	24.66	22.187	22.149	415.42	415.34
18:11:24	23.651	23.583	23.732	24.687	22.186	22.148	415.42	415.34
18:12:24	23.65	23.582	23.741	24.702	22.187	22.148	415.42	415.34
18:13:24	23.65	23.583	23.739	24.704	22.187	22.149	415.42	415.34
18:14:24	23.652	23.584	23.739	24.715	22.188	22.15	415.42	415.34
18:15:24	23.651	23.584	23.735	24.713	22.188	22.15	415.42	415.34
18:16:24	23.651	23.584	23.743	24.715	22.188	22.149	415.42	415.34
18:17:24	23.651	23.584	23.745	24.704	22.19	22.149	415.42	415.34
18:18:24	23.651	23.584	23.738	24.695	22.186	22.149	415.42	415.34
18:19:24	23.651	23.584	23.737	24.702	22.188	22.148	415.42	415.34
18:20:24	23.65	23.583	23.722	24.706	22.188	22.148	415.42	415.34
18:21:24	23.651	23.582	23.72	24.71	22.187	22.147	415.42	415.34
18:22:24	23.65	23.582	23.729	24.706	22.185	22.146	415.42	415.34
18:23:24	23.651	23.581	23.714	24.706	22.185	22.148	415.42	415.34
18:24:24	23.65	23.581	23.717	24.713	22.186	22.147	415.42	415.34
18:25:24	23.649	23.58	23.729	24.715	22.185	22.148	415.42	415.34
18:26:24	23.649	23.58	23.72	24.715	22.185	22.149	415.42	415.34
18:27:24	23.649	23.58	23.73	0.0	22.185	22.148	415.42	415.34
18:28:24	23.649	23.581	23.727	24.72	22.186	22.148	415.42	415.34
18:29:24	23.649	23.58	23.734	24.713	22.186	22.148	415.42	415.34
18:30:24	23.649	23.582	23.714	24.73	22.186	22.148	415.42	415.34
18:31:24	23.65	23.583	23.716	24.728	22.188	22.148	415.42	415.34
18:32:24	23.65	23.583	23.716	24.721	22.189	22.149	415.42	415.34
18:33:24	23.651	23.584	23.712	24.718	22.19	22.15	415.42	415.34
18:34:24	23.651	23.585	23.699	24.724	22.188	22.15	415.42	415.34
18:35:24	23.651	23.586	23.685	24.72	22.186	22.149	415.42	415.34
18:36:24	23.65	23.586	23.68	24.659	22.19	22.15	415.42	415.34
18:37:24	23.651	23.586	23.693	24.638	22.188	22.152	415.42	415.34
18:38:24	23.651	23.585	23.709	24.662	22.188	22.149	415.42	415.34
18:39:24	23.65	23.585	23.703	24.669	22.189	22.148	415.42	415.34
18:40:24	23.65	23.585	23.705	24.674	22.188	22.15	415.42	415.34
18:41:25	23.651	23.586	23.706	24.682	22.189	22.15	415.42	415.34
18:42:24	0.0	23.586	23.705	24.69	22.19	22.15	415.42	415.34
18:43:24	23.651	23.586	23.717	0.0	22.187	22.149	415.42	415.34
18:44:25	23.651	23.585	23.72	24.685	22.188	22.148	415.42	415.34
18:45:24	23.65	23.585	23.727	24.694	22.188	22.149	415.42	415.34
18:46:24	23.651	23.585	23.722	24.714	22.188	22.149	415.42	415.34
18:47:24	23.652	23.584	23.733	24.704	22.187	22.149	415.42	415.34
18:48:27	23.652	23.585	23.734	24.701	22.187	22.148	415.42	415.34
18:49:24	0.0	23.584	23.734	24.708	22.187	22.149	415.42	415.34
18:50:24	23.649	23.584	23.732	24.697	22.186	22.149	415.42	415.34
18:51:26	23.65	23.583	23.732	24.701	22.189	22.149	415.42	415.34
18:52:24	23.65	23.583	23.729	24.705	22.186	22.149	415.42	415.34
18:53:24	23.65	23.583	23.73	24.709	22.185	22.149	415.42	415.34
18:54:24	23.65	23.583	23.734	24.715	22.187	22.15	415.42	415.34
18:55:24	23.65	23.584	23.737	24.722	22.189	22.151	415.42	415.34
18:56:24	23.651	23.584	23.732	24.721	22.185	22.148	415.42	415.34
18:57:24	23.651	23.582	23.733	24.724	22.186	22.149	415.42	415.34
18:58:24	23.65	23.584	23.732	24.722	22.188	22.149	415.42	415.34
18:59:24	23.65	23.585	23.738	24.723	22.187	22.15	415.42	415.34
19:00:24	23.651	23.585	23.74	24.721	22.186	22.148	415.42	415.34
19:01:24	23.651	23.582	23.739	24.728	22.185	22.149	415.42	415.34
19:02:24	23.65	23.583	23.745	24.725	22.186	22.15	415.42	415.34
19:03:24	23.65	23.583	23.743	24.727	22.186	22.15	415.42	415.34
19:04:24	23.649	23.583	23.74	24.728	22.187	22.15	415.42	415.34
19:05:24	23.651	23.584	23.737	24.723	22.187	22.148	415.42	415.34
19:06:24	23.65	23.583	23.73	24.736	22.188	22.15	415.42	415.34
19:07:24	23.65	23.585	23.737	24.738	22.187	22.151	415.42	415.34
19:08:24	23.65	23.584	23.745	24.763	22.185	22.15	415.42	415.34
19:09:24	23.65	23.582	23.746	24.8	22.186	22.149	415.42	415.34
19:10:24	23.65	23.583	23.747	24.853	22.187	22.149	415.42	415.34
19:11:24	23.65	23.582	23.747	24.919	22.187	22.149	415.42	415.34
19:12:24	23.651	23.583	23.755	24.974	22.186	22.149	415.42	415.34
19:13:24	23.65	23.581	23.752	25.024	22.187	22.149	415.42	415.34
19:14:24	23.648	23.581	23.751	25.056	22.183	22.147	415.42	415.34
19:15:24	23.649	23.581	23.765	25.103	22.184	22.148	415.42	415.34
19:16:24	23.65	23.58	23.767	25.081	22.184	22.147	415.42	415.34
19:17:24	23.649	23.579	23.769	25.028	22.184	22.148	415.42	415.34
19:18:24	23.65	23.58	23.773	24.994	22.184	22.148	415.42	415.34
19:19:24	23.65	23.581	23.765	24.978	22.182	22.147	415.42	415.34
19:20:24	23.648	23.581	23.766	24.988	22.184	22.147	415.42	415.34
19:21:24	23.65	23.579	23.77	25.004	22.184	22.149	415.42	415.34
19:22:24	23.649	23.579	23.768	25.002	22.184	22.15	415.42	415.34
19:23:24	23.649	23.58	23.769	24.994	22.184	22.149	415.42	415.34
19:24:24	23.649	23.58	23.764	24.959	22.184	22.148	415.42	415.34
19:25:24	23.649	23.58	23.768	24.949	22.183	22.149	415.42	415.34
19:26:24	23.65	23.58	23.756	24.963	22.185	22.15	415.42	415.34
19:27:24	23.649	23.581	23.756	24.962	22.185	22.15	415.42	415.34
19:28:24	23.65	23.581	23.766	24.977	22.186	22.149	415.42	415.34
19:29:26	23.649	23.58	23.768	24.981	22.185	22.147	415.42	415.34
19:30:24	23.649	23.581	23.761	24.967	22.184	22.148	415.42	415.34
19:31:24	23.65	23.579	23.765	24.931	22.183	22.148	415.42	415.34
19:32:24	23.65	23.579	23.771	24.916	22.183	22.147	415.42	415.34
19:33:24	23.649	23.578	23.769	24.907	22.181	22.148	415.42	415.34
19:34:26	23.649	23.577	23.772	24.906	22.181	22.147	415.42	415.34
19:35:24	23.648	23.576	23.773	24.919	22.183	22.149	415.42	415.34
19:36:24	23.649	23.577	23.767	24.93	22.184	22.147	415.42	415.34
19:37:24	23.649	23.576	23.772	24.95	22.184	22.147	415.42	415.34
19:38:24	23.648	23.577	23.776	25.024	22.182	22.149	415.42	415.34
19:39:24	23.649	23.578	23.774	25.092	22.184	22.148	415.42	415.34
19:40:24	23.65	23.579	23.78	25.159	22.183	22.149	415.42	415.34
19:41:24	23.649	23.577	23.782	25.236	22.183	22.149	415.42	415.34
19:42:24	23.649	23.578	23.785	25.213	0.0	22.148	415.42	415.34
19:43:24	23.648	23.578	23.791	25.185	22.182	22.147	415.42	415.34
19:44:24	23.649	23.578	23.781	25.135	22.183	22.148	415.42	415.34
19:45:24	23.648	23.577	23.779	25.097	22.184	22.148	415.42	415.34
19:46:24	23.647	23.576	23.784	25.099	22.182	22.148	415.42	415.34
19:47:24	23.648	23.575	23.794	25.073	22.182	22.148	415.42	415.34
19:48:24	23.648	23.575	23.793	25.087	22.181	22.148	415.42	415.34
19:49:24	23.648	23.576	23.796	25.068	22.183	22.148	415.42	415.34
19:50:24	23.648	23.576	23.786	25.043	22.182	22.149	415.42	415.34
19:51:24	23.647	23.575	23.792	25.031	22.182	22.147	415.42	415.34
19:52:24	23.648	23.575	23.796	24.996	22.183	22.149	415.42	415.34
19:53:24	23.647	23.574	23.789	24.969	22.179	22.146	415.42	415.34
19:54:24	23.647	23.573	23.794	24.954	22.182	22.147	415.42	415.34
19:55:24	23.647	23.573	23.789	24.936	22.182	22.148	415.42	415.34
19:56:24	23.648	23.574	23.786	24.936	22.181	22.148	415.42	415.34
19:57:24	23.647	23.573	23.781	24.935	22.18	22.147	415.42	415.34
19:58:24	23.646	23.573	23.791	24.937	22.18	22.148	415.42	415.34
19:59:24	23.647	23.574	23.799	24.93	22.182	22.149	415.42	415.34
20:00:24	23.647	23.575	23.781	24.921	22.178	22.149	415.42	415.34
20:01:24	23.647	23.575	23.794	24.906	22.182	22.148	415.42	415.34
20:02:24	23.647	23.574	23.796	24.907	22.182	22.148	415.42	415.34
20:03:24	23.648	23.576	23.79	24.907	22.183	22.148	415.42	415.34
20:04:24	23.647	23.576	23.792	24.911	22.182	22.147	415.42	415.34
20:05:24	23.648	23.576	23.784	24.91	22.183	22.148	415.42	415.34
20:06:24	23.647	23.576	23.783	24.906	22.182	22.149	415.42	415.34
20:07:24	23.649	23.575	23.785	24.911	22.183	22.149	415.42	415.34
20:08:24	23.649	23.576	23.783	24.935	22.181	22.149	415.42	415.34
20:09:26	23.648	23.576	23.785	25.087	22.183	22.149	415.42	415.34
20:10:24	23.648	23.576	23.785	25.15	22.183	22.149	415.42	415.34
20:11:24	23.648	23.575	23.791	25.223	22.182	22.147	415.42	415.34
20:12:24	23.648	23.574	23.792	25.248	22.184	22.148	415.42	415.34
20:13:24	23.648	23.576	23.794	25.224	22.185	22.149	415.42	415.34
20:14:24	23.649	23.577	23.796	25.201	22.185	22.151	415.42	415.34
20:15:24	23.649	23.578	23.797	25.153	22.185	22.15	415.42	415.34
20:16:24	23.648	23.578	23.8	25.111	22.183	22.149	415.42	415.34
20:17:24	23.648	23.577	23.801	25.081	22.181	22.149	415.42	415.34
20:18:24	23.648	23.576	23.796	25.03	22.184	22.149	415.42	415.34
20:19:24	23.648	23.575	23.802	25.0	22.184	22.149	415.42	415.34
20:20:24	23.648	23.576	23.801	24.983	22.185	22.149	415.42	415.34
20:21:24	23.648	23.576	23.801	24.966	22.185	22.15	415.42	415.34
20:22:24	23.648	23.577	23.785	24.949	22.185	22.151	415.42	415.34
20:23:24	23.648	23.576	23.797	24.955	22.185	22.15	415.42	415.34
20:24:24	23.648	23.577	23.802	24.973	22.183	22.15	415.42	415.34
20:25:24	23.647	23.576	23.799	24.98	22.183	22.149	0.0	415.34
20:26:24	23.648	23.576	23.808	24.97	22.182	22.149	415.42	415.34
20:27:24	23.647	23.574	23.8	24.956	22.184	22.15	415.42	415.34
20:28:24	23.647	23.576	23.795	24.939	22.184	22.149	415.42	415.34
20:29:24	23.647	23.574	23.792	24.927	22.185	22.149	415.42	415.34
20:30:24	23.647	23.576	23.793	24.906	22.185	22.149	415.42	415.34
20:31:24	23.646	23.575	23.781	24.89	22.182	22.148	415.42	415.34
20:32:24	23.647	23.575	23.781	24.884	22.186	22.149	415.42	415.34
20:33:24	23.648	23.575	23.785	24.876	22.183	22.15	415.42	415.34
20:34:24	23.647	23.574	23.784	24.875	22.184	22.15	415.42	415.34
20:35:24	23.646	23.573	23.78	24.877	22.187	22.149	415.42	415.34
20:36:24	23.648	23.574	23.787	24.87	22.185	22.149	415.42	415.34
20:37:24	23.647	23.574	23.78	24.886	22.185	22.148	415.42	415.34
20:38:24	23.647	23.573	23.777	24.909	22.185	22.147	415.42	415.34
20:39:24	23.647	23.572	23.794	24.979	22.184	22.148	415.42	415.34
20:40:24	23.646	23.572	23.796	25.032	22.184	22.147	415.42	415.34
20:41:24	23.646	23.572	23.792	25.075	22.183	22.148	415.42	415.34
20:42:24	23.645	23.572	23.794	25.101	22.185	22.148	415.42	415.34
20:43:24	23.646	23.57	23.79	25.137	22.183	22.147	415.42	415.34
20:44:24	23.646	23.572	23.795	25.135	22.185	22.148	415.42	415.34
20:45:24	23.645	23.572	23.796	25.105	22.185	22.15	415.42	415.34
20:46:24	23.646	23.572	23.797	25.061	22.183	22.149	415.42	415.34
20:47:24	23.646	23.573	23.797	25.059	22.186	22.148	415.42	415.34
20:48:24	23.646	23.573	23.797	25.042	22.189	22.149	415.42	415.34
20:49:24	23.647	23.573	23.804	25.027	22.187	22.149	415.42	415.34
20:50:24	23.646	23.573	23.795	25.018	22.186	22.15	415.42	415.34
20:51:24	23.646	23.573	23.799	24.989	22.187	22.148	415.42	415.34
20:52:24	23.646	23.572	23.798	24.961	22.187	22.149	415.42	415.34
20:53:24	23.646	23.572	23.8	24.935	22.186	22.148	415.42	415.34
20:54:24	23.646	23.571	23.792	24.924	22.186	22.148	415.42	415.34
20:55:24	0.0	23.572	23.793	24.906	22.187	22.148	415.42	415.34
20:56:24	23.647	23.572	23.803	24.896	22.187	22.148	415.42	415.34
20:57:25	23.646	23.572	23.806	24.912	22.185	22.148	415.42	415.34
20:58:25	23.646	23.572	23.798	24.922	22.187	22.149	415.42	415.34
20:59:25	23.646	23.57	23.803	24.916	22.185	22.149	415.42	415.34
21:00:26	23.646	23.571	23.8	24.914	22.188	22.15	415.42	415.34
21:01:25	0.0	23.571	23.796	24.91	22.185	22.147	415.42	415.34
21:02:25	23.645	23.57	23.791	24.899	22.185	22.147	415.42	415.34
21:03:25	23.645	23.57	23.794	24.907	22.187	22.148	415.42	415.34
21:04:25	23.645	23.57	23.794	24.91	22.19	22.149	415.42	415.34
21:05:25	23.647	23.572	23.785	24.903	22.188	22.148	415.42	415.34
21:06:25	23.646	23.57	23.784	24.886	22.187	22.149	415.42	415.34
21:07:26	23.646	23.571	23.783	24.884	22.187	22.148	415.42	415.34
21:08:25	23.646	23.57	23.781	24.932	22.186	22.148	415.42	415.34
21:09:25	23.646	23.571	23.785	24.965	22.187	22.148	415.42	415.34
21:10:25	23.645	23.569	23.778	25.057	22.185	22.148	415.42	415.34
21:11:25	23.645	23.569	23.787	25.096	22.188	22.148	415.42	415.34
21:12:25	23.645	23.57	23.8	25.111	22.188	22.147	415.42	415.34
21:13:25	23.645	23.569	23.804	25.095	22.188	0.0	415.42	415.34
21:14:25	23.645	23.57	23.805	25.079	22.19	22.15	415.42	415.34
21:15:25	23.645	23.569	23.805	25.122	22.187	22.149	415.42	415.34
21:16:25	23.645	23.569	23.796	25.14	22.184	22.146	415.42	415.34
21:17:25	23.645	23.57	23.792	25.14	22.188	22.146	415.42	415.34
21:18:25	23.645	23.568	23.802	25.084	22.19	22.147	415.42	415.34
21:19:25	23.645	23.569	23.798	25.043	22.188	22.146	415.42	415.34
21:20:25	23.644	23.568	23.797	25.009	22.19	22.147	415.42	415.34
21:21:25	23.645	23.569	23.8	24.979	22.19	22.148	415.42	415.34
21:22:25	23.645	23.569	23.785	24.956	22.19	22.148	415.42	415.34
21:23:25	23.645	23.57	23.787	24.942	22.189	22.149	415.42	415.34
21:24:25	23.645	23.57	23.798	24.927	22.19	22.148	415.42	415.34
21:25:25	23.645	23.569	23.795	24.906	22.19	22.149	415.42	415.34
21:26:25	23.644	23.569	23.798	24.895	22.19	22.147	415.42	415.34
21:27:25	23.644	23.568	23.791	24.893	22.189	22.147	415.42	415.34
21:28:25	23.645	23.567	23.787	24.875	22.189	22.148	415.42	415.34
21:29:25	23.644	23.568	23.784	24.885	22.189	22.147	415.42	415.34
21:30:25	0.0	23.567	23.792	24.909	22.187	22.148	415.42	415.34
21:31:25	23.644	23.568	23.793	24.909	22.19	22.148	415.42	415.34
21:32:25	23.644	23.567	23.788	24.916	22.19	22.147	415.42	415.34
21:33:25	23.643	23.568	23.796	24.92	22.19	22.148	415.42	415.34
21:34:25	23.643	23.567	23.807	24.918	22.19	22.148	415.42	415.34
21:35:25	23.644	23.567	23.798	24.913	22.19	22.148	415.42	415.34
21:36:25	23.645	23.567	23.794	24.911	22.189	22.148	415.42	415.34
21:37:25	23.644	23.567	23.787	24.915	22.189	22.147	415.42	415.34
21:38:25	23.643	23.566	23.788	25.014	22.19	22.148	415.42	415.34
21:39:25	23.643	23.567	23.795	25.146	22.191	22.149	415.42	415.34
21:40:25	23.643	23.567	23.796	25.173	22.189	22.147	415.42	415.34
21:41:25	23.643	23.567	23.802	25.189	22.189	22.148	415.42	415.34
21:42:25	23.643	23.567	23.799	25.181	22.191	22.147	415.42	415.34
21:43:25	23.644	23.567	23.806	25.158	22.191	22.149	415.42	415.34
21:44:25	23.644	23.567	23.815	25.125	22.19	22.149	415.42	415.34
21:45:25	23.645	23.568	23.811	25.094	22.189	22.147	415.42	415.34
21:46:25	23.644	23.565	23.8	25.057	22.189	22.147	415.42	415.34
21:47:25	23.643	23.565	23.802	25.033	22.185	22.146	415.42	415.34
21:48:25	23.643	23.564	23.804	25.029	22.186	22.147	415.42	415.34
21:49:25	23.643	23.564	23.797	25.011	22.189	22.148	415.42	415.34
21:50:26	23.644	23.566	23.804	25.003	22.19	22.151	415.42	415.34
21:51:25	23.644	23.569	23.799	24.994	22.192	22.15	415.42	415.34
21:52:25	23.644	23.57	23.808	24.981	22.194	22.151	415.42	415.34
21:53:25	23.644	23.571	23.822	24.961	22.194	22.152	415.42	415.34
21:54:25	23.643	23.572	23.815	24.952	22.193	22.152	415.42	415.34
21:55:25	23.646	23.573	23.812	24.954	22.192	22.151	415.42	415.34
21:56:25	23.644	23.572	23.804	24.951	22.193	22.152	415.42	415.34
21:57:25	23.645	23.572	23.8	24.956	22.194	22.151	415.42	415.34
21:58:25	23.645	23.573	23.797	24.954	22.195	22.152	415.42	415.34
21:59:25	23.643	23.573	23.802	24.955	22.194	22.151	415.42	415.34
22:00:25	23.644	23.573	23.802	24.968	22.194	22.152	415.42	415.34
22:01:25	23.643	23.572	23.806	24.978	22.192	22.153	415.42	415.34
22:02:25	23.644	23.572	23.803	25.013	22.193	22.152	415.42	415.34
22:03:25	23.644	23.571	23.802	25.065	22.194	22.15	415.42	415.34
22:04:25	23.644	23.57	23.802	25.127	22.192	22.15	415.42	415.34
22:05:25	23.644	23.569	23.809	25.203	22.193	22.149	415.42	415.34
22:06:25	23.643	23.57	23.819	25.267	22.192	22.148	415.42	415.34
22:07:25	23.644	23.568	23.816	25.31	22.192	22.149	415.42	415.34
22:08:25	23.644	23.568	23.824	25.504	22.194	22.15	415.42	415.34
22:09:25	23.644	23.567	23.823	25.714	22.193	22.152	415.42	415.34
22:10:25	23.643	23.568	23.833	25.835	22.196	22.15	415.42	415.34
22:11:25	23.643	23.57	23.83	25.549	22.195	22.151	415.42	415.34
22:12:25	23.644	23.569	23.811	25.326	22.195	22.15	415.42	415.34
22:13:25	23.644	23.57	23.79	25.158	22.194	22.15	415.42	415.34
22:14:25	23.644	23.571	23.768	25.073	22.195	22.152	415.42	415.34
22:15:25	23.645	23.571	23.772	25.172	22.194	22.151	415.42	415.34
22:16:25	23.645	23.572	23.784	25.088	22.194	22.152	415.42	415.34
22:17:25	23.645	23.571	23.791	24.975	22.194	22.153	415.42	415.34
22:18:25	23.645	23.572	23.795	24.902	22.194	22.151	415.42	415.34
22:19:25	23.644	23.573	23.783	24.845	22.196	22.152	415.42	415.34
22:20:26	23.645	23.572	23.782	24.794	22.197	22.152	415.42	415.34
22:21:25	23.645	23.573	23.785	24.737	22.197	22.151	415.42	415.34
22:22:25	23.644	23.573	23.779	24.704	22.195	22.154	415.42	415.34
22:23:25	23.643	23.573	23.765	24.661	22.196	22.153	415.42	415.34
22:24:25	23.644	23.573	23.767	24.649	22.195	22.152	415.42	415.34
22:25:25	23.644	23.573	23.765	24.614	22.197	22.152	415.42	415.34
22:26:25	23.645	23.573	23.768	24.608	22.196	22.154	415.42	415.34
22:27:25	23.645	23.573	23.763	24.604	22.196	22.154	415.42	415.34
22:28:25	23.645	23.574	23.755	24.609	22.197	22.154	415.42	415.34
22:29:25	23.644	23.574	23.75	24.635	22.195	22.153	415.42	415.34
22:30:26	23.644	23.574	23.753	24.638	22.197	22.154	415.42	415.34
22:31:25	0.0	23.574	23.747	24.671	22.196	22.154	415.42	415.34
22:32:25	23.645	23.574	23.751	24.705	22.197	22.153	415.42	415.34
22:33:25	23.645	23.573	23.752	24.725	22.194	22.153	415.42	415.34
22:34:25	23.644	23.571	23.747	24.732	22.191	22.15	415.42	415.34
22:35:25	23.644	23.569	23.747	24.731	22.193	22.15	415.42	415.34
22:36:25	23.644	23.569	23.736	24.732	22.196	22.152	415.42	415.34
22:37:25	23.645	23.57	23.73	24.745	22.197	22.151	415.42	415.34
22:38:25	23.644	23.571	23.744	24.75	22.197	22.152	415.42	415.34
22:39:25	23.644	23.571	23.743	24.745	22.197	22.152	415.42	415.34
22:40:25	23.644	23.572	23.736	24.736	22.196	22.152	415.42	415.34
22:41:25	23.644	23.571	23.742	24.732	22.196	22.152	415.42	415.34
22:42:25	23.644	23.571	23.735	24.731	22.196	22.151	415.42	415.34
22:43:25	23.644	23.57	23.741	24.728	22.197	22.151	415.42	415.34
22:44:25	23.645	23.57	23.739	24.726	22.199	22.152	415.42	415.34
22:45:25	23.644	23.57	23.731	24.722	22.198	22.15	415.42	415.34
22:46:25	23.644	23.571	23.731	24.725	22.197	22.15	415.42	415.34
22:47:25	23.644	23.57	23.729	24.717	22.198	22.152	415.42	415.34
22:48:25	23.643	23.571	23.721	24.735	22.199	22.151	415.42	415.34
22:49:25	23.645	23.572	23.733	24.758	22.201	22.153	415.42	415.34
22:50:25	23.645	23.572	23.729	24.775	22.198	22.152	415.42	415.34
22:51:25	23.645	23.573	23.725	24.776	22.198	22.152	415.42	415.34
22:52:25	23.645	23.573	23.731	24.778	22.197	22.151	415.42	415.34
22:53:25	23.645	23.573	23.729	24.772	22.198	22.152	415.42	415.34
22:54:25	23.645	23.573	23.739	24.759	22.199	22.152	415.42	415.34
22:55:25	23.645	23.573	23.731	24.759	22.199	22.152	415.42	415.34
22:56:25	23.645	23.573	23.729	24.735	22.197	22.152	415.42	415.34
22:57:25	23.645	23.573	23.718	24.719	22.198	22.152	415.42	415.34
22:58:25	23.645	23.573	23.724	24.738	22.198	22.152	415.42	415.34
22:59:25	23.644	23.574	23.726	24.736	22.196	22.151	415.42	415.34
23:00:25	23.644	23.573	23.721	24.738	22.198	22.151	415.42	415.34
23:01:25	23.645	23.573	23.729	24.728	22.2	22.154	415.42	415.34
23:02:25	23.644	23.574	23.723	24.723	22.2	22.154	415.42	415.34
23:03:25	23.644	23.573	23.704	24.717	22.199	22.152	415.42	415.34
23:04:25	23.645	23.574	23.706	24.717	22.201	22.154	415.42	415.34
23:05:25	23.645	23.575	23.691	24.711	22.199	22.153	415.42	415.34
23:06:25	23.645	23.575	23.686	24.702	22.198	22.154	415.42	415.34
23:07:25	23.644	23.575	23.687	24.695	22.198	22.153	415.42	415.34
23:08:25	23.646	23.576	23.684	24.691	22.199	22.154	415.42	415.34
23:09:25	23.646	23.576	23.686	24.688	22.2	22.155	415.42	415.34
23:10:25	23.645	23.575	23.683	24.688	22.199	22.154	415.42	415.34
23:11:25	23.644	23.575	23.688	24.687	22.199	22.154	415.42	415.34
23:12:25	23.645	23.575	23.693	24.692	22.198	22.153	415.42	415.34
23:13:25	23.644	23.575	23.686	24.697	22.197	22.153	415.42	415.34
23:14:25	23.645	23.573	23.683	24.703	22.198	22.153	415.42	415.34
23:15:25	23.645	23.574	23.678	24.717	22.198	22.154	415.42	415.34
23:16:25	23.644	23.573	23.683	24.746	22.198	22.153	415.42	415.34
23:17:25	23.645	23.573	23.684	24.771	22.198	22.152	415.42	415.34
23:18:27	23.645	23.573	23.682	24.778	22.199	22.152	415.42	415.34
23:19:25	23.644	23.571	23.687	24.783	22.197	22.152	415.42	415.34
23:20:25	23.644	23.572	23.688	24.795	22.197	22.151	415.42	415.34
23:21:25	23.643	23.571	23.696	24.808	22.199	22.151	415.42	415.34
23:22:25	23.645	23.571	23.696	24.828	22.198	22.151	415.42	415.34
23:23:25	23.644	23.571	23.7	24.842	22.197	22.151	415.42	415.34
23:24:25	23.644	23.571	23.704	24.868	22.198	22.152	415.42	415.34
23:25:26	23.645	23.572	23.693	24.87	22.199	22.152	415.42	415.34
23:26:26	23.643	23.571	23.697	24.86	22.198	22.153	415.42	415.34
23:27:26	23.644	23.57	23.694	24.85	22.196	22.152	415.42	415.34
23:28:26	23.644	23.571	23.703	24.853	22.197	22.152	415.42	415.34
23:29:28	23.643	23.57	23.703	24.856	22.197	22.152	415.42	415.34
23:30:28	23.643	23.571	23.707	24.853	22.198	22.153	415.42	415.34
23:31:28	23.644	23.571	23.704	24.847	22.199	22.151	415.42	415.34
23:32:29	23.642	23.57	23.705	24.848	22.198	22.152	415.42	415.34
23:33:28	23.643	23.571	23.7	24.856	22.197	22.153	415.42	415.34
23:34:28	23.643	23.57	23.705	24.875	22.197	22.153	415.42	415.34
23:35:28	23.643	23.571	23.705	24.891	22.198	22.153	415.42	415.34
23:36:28	23.644	23.57	23.71	24.909	22.197	22.152	415.42	415.34
23:37:30	23.644	23.57	23.704	24.926	22.198	22.152	415.42	415.34
23:38:28	23.643	23.571	23.711	24.926	22.195	22.151	415.42	415.34
23:39:28	23.644	23.569	23.717	24.923	22.195	22.151	415.42	415.34
23:40:28	23.644	23.569	23.71	24.915	22.195	22.151	415.42	415.34
23:41:28	23.643	23.57	23.716	24.926	22.196	22.152	415.42	415.34
23:42:28	23.644	23.57	23.711	24.927	22.195	22.152	415.42	415.34
23:43:28	23.644	23.568	23.72	24.924	22.195	22.152	415.42	415.34
23:44:28	23.642	23.568	23.714	24.92	22.196	22.153	415.42	415.34
23:45:28	23.643	23.568	23.711	24.912	22.194	22.152	415.42	415.34
23:46:28	23.643	23.569	23.717	24.909	22.195	22.152	415.42	415.34
23:47:28	23.642	23.568	23.722	24.912	22.195	22.154	415.42	415.34
23:48:28	23.643	23.57	23.725	24.961	22.194	22.151	415.42	415.34
23:49:28	23.644	23.569	23.727	25.004	22.194	22.153	415.42	415.34
23:50:28	23.642	23.57	23.724	25.075	22.195	22.152	415.42	415.34
23:51:28	23.643	23.569	23.737	25.155	22.195	22.153	415.42	415.34
23:52:28	23.643	23.57	23.744	25.274	22.194	22.153	415.42	415.34
23:53:28	23.643	23.57	23.75	25.297	22.194	22.153	415.42	415.34
23:54:28	23.643	23.571	23.756	25.254	22.193	22.153	415.42	415.34
23:55:28	23.643	23.57	23.756	25.139	22.192	22.152	415.42	415.34
23:56:28	23.643	23.571	23.747	25.023	22.192	22.152	415.42	415.34
23:57:28	23.642	23.569	23.732	24.948	22.192	22.152	415.42	415.34
23:58:30	23.642	23.57	23.728	24.899	22.191	22.152	415.42	415.34
23:59:28	23.643	23.57	23.727	24.885	22.192	22.153	415.42	415.34
