00:00:08	16.078	15.748	15.787	16.609	15.908	16.059	415.42	415.34
00:01:08	16.078	15.748	15.786	16.608	15.908	16.058	415.42	415.34
00:02:08	16.079	15.748	15.784	16.61	15.906	16.059	415.42	415.34
00:03:08	16.078	15.748	15.787	16.611	15.908	16.061	415.42	415.34
00:04:08	16.079	15.748	15.786	16.61	15.907	16.059	415.42	415.34
00:05:08	16.079	15.747	15.785	16.611	15.908	16.059	415.42	415.34
00:06:08	16.079	15.748	15.786	16.61	15.907	16.06	415.42	415.34
00:07:08	16.08	15.747	15.785	16.614	15.908	16.06	415.42	415.34
00:08:08	16.079	15.748	15.786	16.618	15.91	16.06	415.42	415.34
00:09:08	16.08	15.748	15.787	16.62	15.91	16.06	415.42	415.34
00:10:08	16.08	15.749	15.787	16.62	15.91	16.061	415.42	415.34
00:11:08	16.08	15.749	15.788	16.619	15.91	16.059	415.42	415.34
00:12:08	16.081	15.749	15.789	16.619	15.912	16.059	415.42	415.34
00:13:08	16.081	15.749	15.788	16.62	15.911	16.06	415.42	415.34
00:14:08	16.079	15.748	15.787	16.62	15.909	16.061	415.42	415.34
00:15:08	16.079	15.748	15.79	16.62	15.906	16.059	415.42	415.34
00:16:08	16.08	15.748	15.788	16.622	15.909	16.06	415.42	415.34
00:17:08	16.081	15.749	15.788	16.623	15.907	16.059	415.42	415.34
00:18:08	16.082	15.748	15.789	16.626	15.908	16.06	415.42	415.34
00:19:08	16.081	15.748	15.789	16.628	15.909	16.058	415.42	415.34
00:20:08	16.08	15.748	15.79	16.63	15.908	16.06	415.42	415.34
00:21:08	16.081	15.747	15.79	16.632	15.906	16.06	415.42	415.34
00:22:08	16.08	15.747	15.791	16.633	15.907	16.061	415.42	415.34
00:23:08	16.081	15.748	15.791	16.63	15.909	16.059	415.42	415.34
00:24:08	16.08	15.747	15.79	16.629	15.909	16.06	415.42	415.34
00:25:08	16.08	15.749	15.79	16.629	15.908	16.06	415.42	415.34
00:26:08	16.08	15.748	15.79	16.627	15.91	16.061	415.42	415.34
00:27:08	16.081	15.749	15.79	16.627	15.911	16.062	415.42	415.34
00:28:08	16.08	15.748	15.79	16.625	15.907	16.06	415.42	415.34
00:29:09	16.081	15.749	15.789	16.626	15.909	16.061	415.42	415.34
00:30:08	16.08	15.749	15.79	16.625	15.91	16.06	415.42	415.34
00:31:08	16.082	15.749	15.79	16.625	15.91	16.06	415.42	415.34
00:32:08	16.082	15.749	15.791	16.625	15.91	16.061	415.42	415.34
00:33:08	16.082	15.749	15.792	16.625	15.91	16.061	415.42	415.34
00:34:08	16.08	15.749	15.793	16.628	15.91	16.061	415.42	415.34
00:35:08	16.082	15.749	15.793	16.624	15.911	16.06	415.42	415.34
00:36:08	16.082	15.749	15.792	16.628	15.911	16.06	415.42	415.34
00:37:09	16.081	15.749	15.792	16.629	15.911	16.059	415.42	415.34
00:38:09	16.081	15.749	15.793	16.629	15.909	16.06	415.42	415.34
00:39:09	16.082	15.749	15.792	16.629	15.91	16.06	415.42	415.34
00:40:09	16.081	15.749	15.793	16.631	15.91	16.061	415.42	415.34
00:41:09	16.082	15.75	15.792	16.632	15.909	16.06	415.42	415.34
00:42:09	16.081	15.75	15.793	16.635	15.908	16.06	415.42	415.34
00:43:09	16.082	15.748	15.793	16.632	15.908	16.06	415.42	415.34
00:44:09	16.082	15.748	15.794	16.632	15.91	16.06	415.42	415.34
00:45:09	16.082	15.748	15.792	16.632	15.913	16.06	415.42	415.34
00:46:09	16.082	15.75	15.795	16.633	15.913	16.061	415.42	415.34
00:47:09	16.081	15.75	15.796	16.634	15.913	16.061	415.42	415.34
00:48:09	16.082	15.751	15.798	16.634	15.915	16.063	415.42	415.34
00:49:09	16.082	15.751	15.797	16.634	15.915	16.06	415.42	415.34
00:50:09	16.082	15.751	15.795	16.63	15.914	16.062	415.42	415.34
00:51:09	16.083	15.752	15.796	16.631	15.913	16.063	415.42	415.34
00:52:09	16.082	15.753	15.798	16.628	15.913	16.063	415.42	415.34
00:53:09	16.083	15.752	15.795	16.627	15.913	16.062	415.42	415.34
00:54:09	16.082	15.752	15.797	16.627	15.914	16.06	415.42	415.34
00:55:09	16.083	15.754	15.796	16.626	15.916	16.062	415.42	415.34
00:56:09	16.083	15.755	15.799	16.628	15.915	16.063	415.42	415.34
00:57:09	16.083	15.755	15.798	16.625	15.913	16.061	415.42	415.34
00:58:09	16.084	15.755	15.798	16.623	15.912	16.061	415.42	415.34
00:59:09	16.084	15.754	15.795	16.62	15.913	16.062	415.42	415.34
01:00:09	16.084	15.754	15.795	16.623	15.911	16.063	415.42	415.34
01:01:09	16.083	15.755	15.795	16.623	15.91	16.062	415.42	415.34
01:02:09	16.082	15.755	15.795	16.622	15.911	16.061	415.42	415.34
01:03:09	16.084	15.755	15.795	16.624	15.912	16.062	415.42	415.34
01:04:09	16.084	15.754	15.795	16.623	15.911	16.062	415.42	415.34
01:05:09	16.084	15.755	15.795	16.627	15.912	16.061	415.42	415.34
01:06:09	16.084	15.754	15.794	16.627	15.912	16.063	415.42	415.34
01:07:09	16.084	15.753	15.795	16.628	15.917	16.062	415.42	415.34
01:08:09	16.084	15.754	15.794	16.627	15.918	16.062	415.42	415.34
01:09:09	16.083	15.753	15.795	16.625	15.917	16.061	415.42	415.34
01:10:09	16.082	15.752	15.795	16.622	15.917	16.061	415.42	415.34
01:11:09	16.082	15.751	15.793	16.624	15.915	16.061	415.42	415.34
01:12:10	16.083	15.751	15.793	16.625	15.916	16.06	415.42	415.34
01:13:09	0.0	15.752	15.795	16.622	15.915	16.061	415.42	415.34
01:14:09	16.083	15.751	15.794	16.621	15.911	16.06	415.42	415.34
01:15:09	16.082	15.752	15.795	16.623	15.914	16.061	415.42	415.34
01:16:09	16.082	15.751	15.794	16.622	15.914	16.06	415.42	415.34
01:17:09	16.083	15.751	15.795	16.624	15.914	16.061	415.42	415.34
01:18:09	16.083	15.751	15.793	16.624	15.915	16.06	415.42	415.34
01:19:10	16.082	15.751	15.795	16.627	15.915	16.061	415.42	415.34
01:20:09	16.083	15.751	15.794	16.625	15.916	16.06	415.42	415.34
01:21:09	16.083	15.751	15.794	16.626	15.912	16.06	415.42	415.34
01:22:09	16.084	15.752	15.795	16.624	15.914	16.06	415.42	415.34
01:23:09	16.084	15.751	15.795	16.625	15.915	16.061	415.42	415.34
01:24:09	16.085	15.753	15.796	16.627	15.916	16.062	415.42	415.34
01:25:09	16.084	15.752	15.795	16.628	15.914	16.062	415.42	415.34
01:26:09	16.085	15.752	15.795	16.63	15.913	16.061	415.42	415.34
01:27:09	16.084	15.753	15.796	16.631	15.914	16.063	415.42	415.34
01:28:09	16.085	15.754	15.795	16.63	15.916	16.061	415.42	415.34
01:29:09	16.085	15.755	15.794	16.63	15.916	16.062	415.42	415.34
01:30:09	16.086	15.756	15.795	16.63	15.915	16.063	415.42	415.34
01:31:09	16.086	15.757	15.797	16.63	15.914	16.063	415.42	415.34
01:32:09	16.085	15.757	15.796	16.628	15.916	16.064	415.42	415.34
01:33:09	16.085	15.756	15.795	16.625	15.913	16.062	415.42	415.34
01:34:09	16.086	15.756	15.796	16.625	15.915	16.062	415.42	415.34
01:35:09	16.085	15.756	15.794	16.627	15.914	16.061	415.42	415.34
01:36:09	16.085	15.755	15.794	16.625	15.914	16.061	415.42	415.34
01:37:09	16.085	15.755	15.793	16.625	15.913	16.062	415.42	415.34
01:38:09	16.086	15.756	15.794	16.625	15.913	16.062	415.42	415.34
01:39:09	16.086	15.755	15.795	16.627	15.914	16.062	415.42	415.34
01:40:09	16.087	15.756	15.793	16.629	15.912	16.061	415.42	415.34
01:41:09	16.085	15.756	15.795	16.628	15.913	16.063	415.42	415.34
01:42:09	16.087	15.756	15.796	16.626	15.915	16.062	415.42	415.34
01:43:09	16.085	15.755	15.796	16.629	15.913	16.062	415.42	415.34
01:44:09	16.086	15.757	15.795	16.63	15.912	16.062	415.42	415.34
01:45:09	16.086	15.756	15.795	16.63	15.911	16.061	415.42	415.34
01:46:09	16.085	15.756	15.794	16.627	15.914	16.062	415.42	415.34
01:47:09	16.086	15.757	15.795	16.625	15.915	16.064	415.42	415.34
01:48:09	16.086	15.755	15.793	16.626	15.914	16.062	415.42	415.34
01:49:09	16.087	15.757	15.795	16.628	15.913	16.062	415.42	415.34
01:50:09	16.087	15.757	15.795	16.629	15.913	16.062	415.42	415.34
01:51:09	16.086	15.757	15.796	16.627	15.913	16.064	415.42	415.34
01:52:09	16.086	15.758	15.794	16.629	15.913	16.063	415.42	415.34
01:53:09	16.087	15.758	15.795	16.631	15.917	16.064	415.42	415.34
01:54:09	16.087	15.759	15.796	16.631	15.915	16.064	415.42	415.34
01:55:09	16.088	15.76	15.796	16.63	15.917	16.064	415.42	415.34
01:56:09	16.089	15.761	15.795	16.633	15.918	16.065	415.42	415.34
01:57:09	16.088	15.762	15.796	16.636	15.919	16.065	415.42	415.34
01:58:09	16.088	15.762	15.797	16.637	15.92	16.064	415.42	415.34
01:59:09	16.087	15.762	15.795	16.635	15.921	16.064	415.42	415.34
02:00:09	16.088	15.762	15.797	16.636	15.922	16.065	415.42	415.34
02:01:09	16.089	15.763	15.796	16.638	15.921	16.064	415.42	415.34
02:02:09	16.088	15.763	15.795	16.636	15.922	16.063	415.42	415.34
02:03:09	16.088	15.764	15.793	16.635	15.922	16.064	415.42	415.34
02:04:09	16.088	15.763	15.794	16.635	15.922	16.064	415.42	415.34
02:05:09	16.088	15.763	15.794	16.636	15.922	16.064	415.42	415.34
02:06:09	16.089	15.764	15.797	16.634	15.921	16.064	415.42	415.34
02:07:09	16.088	15.763	15.796	16.635	15.919	16.065	415.42	415.34
02:08:09	16.088	15.764	15.796	16.635	15.919	16.064	415.42	415.34
02:09:09	16.089	15.763	15.795	16.636	15.921	16.066	415.42	415.34
02:10:09	16.089	15.764	15.796	16.635	15.92	16.064	415.42	415.34
02:11:09	16.09	15.763	15.795	16.635	15.918	16.065	415.42	415.34
02:12:09	16.09	15.764	15.795	16.636	15.917	16.063	415.42	415.34
02:13:09	16.089	15.765	15.797	16.638	15.917	16.065	415.42	415.34
02:14:09	16.089	15.763	15.798	16.64	15.92	16.065	415.42	415.34
02:15:09	16.09	15.764	15.795	16.639	15.921	16.065	415.42	415.34
02:16:09	16.09	15.763	15.795	16.639	15.919	16.065	415.42	415.34
02:17:09	16.091	15.765	15.795	16.635	15.916	16.064	415.42	415.34
02:18:09	16.09	15.765	15.797	16.633	15.92	16.065	415.42	415.34
02:19:09	16.09	15.764	15.796	16.634	15.917	16.064	415.42	415.34
02:20:09	16.091	15.765	15.796	16.637	15.919	16.065	415.42	415.34
02:21:09	16.09	15.765	15.795	16.635	15.92	16.064	415.42	415.34
02:22:09	16.09	15.764	15.794	16.636	15.921	16.065	415.42	415.34
02:23:09	16.09	15.764	15.794	16.636	15.921	16.065	415.42	415.34
02:24:09	16.09	15.765	15.797	16.638	15.921	16.065	415.42	415.34
02:25:09	16.09	15.765	15.796	16.639	15.919	16.065	415.42	415.34
02:26:09	16.09	15.766	15.798	16.634	15.92	16.065	415.42	415.34
02:27:09	16.091	15.765	15.796	16.636	15.921	16.067	415.42	415.34
02:28:09	16.09	15.766	15.796	16.638	15.92	16.065	415.42	415.34
02:29:09	16.091	15.766	15.796	16.638	15.922	16.066	415.42	415.34
02:30:09	16.091	15.766	15.796	16.64	15.918	16.066	415.42	415.34
02:31:09	16.092	15.766	15.796	16.644	15.92	16.065	415.42	415.34
02:32:09	16.092	15.767	15.796	16.642	15.921	16.065	415.42	415.34
02:33:09	16.092	15.767	15.796	16.642	15.92	16.065	415.42	415.34
02:34:09	16.092	15.767	15.795	16.64	15.919	16.066	415.42	415.34
02:35:09	16.092	15.768	15.798	16.64	15.92	16.066	415.42	415.34
02:36:09	16.092	15.768	15.794	16.64	15.925	16.066	415.42	415.34
02:37:10	16.092	15.769	15.798	16.644	15.924	16.065	415.42	415.34
02:38:09	16.092	15.77	15.798	16.641	15.924	16.067	415.42	415.34
02:39:10	16.092	15.77	15.798	16.643	15.924	16.066	415.42	415.34
02:40:09	0.0	15.77	15.797	16.644	15.921	16.066	415.42	415.34
02:41:10	16.094	15.771	15.799	16.642	15.925	16.067	415.42	415.34
02:42:09	16.093	15.771	15.8	16.646	15.923	16.067	415.42	415.34
02:43:09	16.093	15.771	15.8	16.647	15.923	16.067	415.42	415.34
02:44:10	16.094	15.772	15.799	16.651	15.925	16.067	415.42	415.34
02:45:09	16.093	15.772	15.799	16.651	15.922	16.068	415.42	415.34
02:46:09	16.094	15.772	15.799	16.649	15.925	16.067	415.42	415.34
02:47:09	16.093	15.773	15.798	16.647	15.925	16.066	415.42	415.34
02:48:09	16.094	15.772	15.8	16.646	15.924	16.067	415.42	415.34
02:49:09	16.094	15.773	15.802	16.648	15.924	16.067	415.42	415.34
02:50:09	16.094	15.773	15.8	16.648	15.924	16.065	415.42	415.34
02:51:09	16.094	15.772	15.8	16.645	15.921	16.067	415.42	415.34
02:52:09	16.095	15.773	15.798	16.648	15.924	16.066	415.42	415.34
02:53:09	16.094	15.773	15.797	16.65	15.922	16.065	415.42	415.34
02:54:09	16.095	15.772	15.798	16.648	15.922	16.065	415.42	415.34
02:55:09	16.094	15.771	15.798	16.65	15.923	16.066	415.42	415.34
02:56:09	16.095	15.771	15.799	16.647	15.922	16.066	415.42	415.34
02:57:09	16.094	15.771	15.798	16.647	15.919	16.065	415.42	415.34
02:58:09	16.094	15.772	15.798	16.649	15.925	16.065	415.42	415.34
02:59:09	16.094	15.772	15.799	16.648	15.923	16.066	415.42	415.34
03:00:09	16.094	15.773	15.801	16.648	15.925	16.066	415.42	415.34
03:01:09	16.096	15.773	15.8	16.651	15.925	16.067	415.42	415.34
03:02:09	16.095	15.773	15.8	16.651	15.925	16.066	415.42	415.34
03:03:09	16.096	15.774	15.799	16.651	15.926	16.067	415.42	415.34
03:04:09	16.095	15.774	15.8	16.653	15.922	16.068	415.42	415.34
03:05:09	16.095	15.775	15.801	16.653	15.923	16.067	415.42	415.34
03:06:09	16.096	15.774	15.801	16.654	15.924	16.067	415.42	415.34
03:07:09	16.096	15.774	15.803	16.654	15.926	16.067	415.42	415.34
03:08:09	16.096	15.775	15.802	16.658	15.926	16.067	415.42	415.34
03:09:09	16.096	15.776	15.803	16.658	15.927	16.067	415.42	415.34
03:10:09	16.096	15.775	15.804	16.658	15.929	16.067	415.42	415.34
03:11:09	16.096	15.775	15.803	16.654	15.924	16.066	415.42	415.34
03:12:09	16.096	15.776	15.803	16.654	15.922	16.067	415.42	415.34
03:13:09	16.096	15.776	15.803	16.657	15.924	16.067	415.42	415.34
03:14:09	16.096	15.777	15.803	16.66	15.926	16.067	415.42	415.34
03:15:09	16.096	15.775	15.803	16.657	15.928	16.069	415.42	415.34
03:16:09	16.097	15.776	15.804	16.658	15.926	16.067	415.42	415.34
03:17:09	16.097	15.777	15.804	16.658	15.926	16.067	415.42	415.34
03:18:09	16.098	15.776	15.803	16.658	15.923	16.066	415.42	415.34
03:19:09	16.098	15.777	15.803	16.657	15.926	16.068	415.42	415.34
03:20:09	16.097	15.776	15.803	16.66	15.924	16.066	415.42	415.34
03:21:09	16.097	15.777	15.804	16.66	15.926	16.067	415.42	415.34
03:22:09	16.097	15.776	15.803	16.657	15.928	16.067	415.42	415.34
03:23:09	16.098	15.775	15.803	16.66	15.925	16.067	415.42	415.34
03:24:09	16.097	15.776	15.803	16.66	15.924	16.066	415.42	415.34
03:25:09	16.097	15.775	15.806	16.66	15.922	16.065	415.42	415.34
03:26:09	16.097	15.776	15.804	16.658	15.922	16.066	415.42	415.34
03:27:09	16.098	15.777	15.805	16.658	15.922	16.066	415.42	415.34
03:28:09	16.098	15.775	15.807	16.659	15.921	16.067	415.42	415.34
03:29:09	16.097	15.776	15.806	16.659	15.921	16.066	415.42	415.34
03:30:09	16.097	15.776	15.806	16.653	15.925	16.067	415.42	415.34
03:31:09	16.098	15.777	15.808	16.652	15.927	16.067	415.42	415.34
03:32:09	16.098	15.778	15.807	16.657	15.925	16.068	415.42	415.34
03:33:09	16.099	15.778	15.807	16.659	15.924	16.068	415.42	415.34
03:34:09	16.099	15.777	15.806	16.657	15.92	16.066	415.42	415.34
03:35:09	16.098	15.777	15.806	16.659	15.923	16.067	415.42	415.34
03:36:09	16.098	15.776	15.807	16.658	15.921	16.067	415.42	415.34
03:37:09	16.098	15.777	15.807	16.661	15.922	16.067	415.42	415.34
03:38:10	16.099	15.777	15.806	16.663	15.923	16.068	415.42	415.34
03:39:09	16.099	15.778	15.806	16.662	15.921	16.066	415.42	415.34
03:40:09	16.098	15.776	15.806	16.663	15.92	16.066	415.42	415.34
03:41:09	16.098	15.778	15.807	16.662	15.921	16.067	415.42	415.34
03:42:09	16.098	15.777	15.808	16.661	15.92	16.067	415.42	415.34
03:43:09	16.1	15.777	15.807	16.663	15.92	16.067	415.42	415.34
03:44:09	16.1	15.777	15.809	16.663	15.921	16.067	415.42	415.34
03:45:09	16.099	15.778	15.807	16.663	15.92	16.066	415.42	415.34
03:46:09	16.099	15.778	15.808	16.665	15.922	16.066	415.42	415.34
03:47:09	16.099	15.778	15.808	16.663	15.922	16.066	415.42	415.34
03:48:09	16.1	15.777	15.808	16.664	15.92	16.066	415.42	415.34
03:49:09	16.1	15.778	15.809	16.665	15.922	16.067	415.42	415.34
03:50:09	16.1	15.779	15.81	16.669	15.923	16.068	415.42	415.34
03:51:09	16.1	15.778	15.81	16.67	15.924	16.066	415.42	415.34
03:52:09	16.101	15.778	15.81	16.671	15.923	16.066	415.42	415.34
03:53:09	16.101	15.778	15.811	16.675	15.924	16.067	415.42	415.34
03:54:09	16.101	15.778	15.811	16.67	15.922	16.066	415.42	415.34
03:55:09	16.1	15.778	15.81	16.67	15.923	16.068	415.42	415.34
03:56:09	16.101	15.779	15.812	16.67	15.925	16.067	415.42	415.34
03:57:09	16.101	15.781	15.811	16.67	15.926	16.068	415.42	415.34
03:58:09	16.101	15.78	15.814	16.673	15.921	16.068	415.42	415.34
03:59:09	16.101	15.78	15.813	16.671	15.923	16.067	415.42	415.34
04:00:09	16.1	15.779	15.811	16.673	15.92	16.068	415.42	415.34
04:01:09	16.102	15.781	15.813	16.673	15.922	16.067	415.42	415.34
04:02:09	16.101	15.78	15.812	16.676	15.921	16.068	415.42	415.34
04:03:09	16.102	15.781	15.813	16.674	15.922	16.066	415.42	415.34
04:04:09	16.101	15.781	15.812	16.672	15.92	16.067	415.42	415.34
04:05:09	16.101	15.78	15.813	16.669	15.921	16.066	415.42	415.34
04:06:09	16.101	15.78	15.814	16.666	15.92	16.066	415.42	415.34
04:07:09	16.101	15.779	15.814	16.665	15.92	16.066	415.42	415.34
04:08:09	16.101	15.778	15.814	16.663	15.921	16.066	415.42	415.34
04:09:09	16.101	15.78	15.813	16.662	15.921	16.066	415.42	415.34
04:10:09	16.102	15.779	15.814	16.66	15.919	16.065	415.42	415.34
04:11:09	16.102	15.779	15.813	16.66	15.92	16.065	415.42	415.34
04:12:09	16.102	15.78	15.813	16.659	15.92	16.067	415.42	415.34
04:13:09	16.101	15.78	15.812	16.657	15.92	16.067	415.42	415.34
04:14:09	16.101	15.78	15.813	16.658	15.92	16.066	415.42	415.34
04:15:09	16.102	15.78	15.813	16.656	15.92	16.066	415.42	415.34
04:16:09	16.101	15.78	15.814	16.656	15.921	16.066	415.42	415.34
04:17:09	16.102	15.78	15.814	16.653	15.919	16.065	415.42	415.34
04:18:09	16.103	15.781	15.813	16.65	15.92	16.067	415.42	415.34
04:19:09	16.102	15.78	15.812	16.651	15.918	16.067	415.42	415.34
04:20:09	16.102	15.782	15.813	16.653	15.918	16.067	415.42	415.34
04:21:09	16.103	15.782	15.813	16.653	15.92	16.066	415.42	415.34
04:22:09	16.104	15.782	15.813	16.652	15.921	16.066	415.42	415.34
04:23:09	16.103	15.782	15.813	16.653	15.921	16.067	415.42	415.34
04:24:09	16.104	15.783	15.813	16.651	15.923	16.066	415.42	415.34
04:25:10	16.103	15.783	15.814	16.651	15.923	16.068	415.42	415.34
04:26:09	0.0	15.784	15.815	16.649	15.922	16.067	415.42	415.34
04:27:09	16.103	15.785	15.812	16.649	15.922	16.067	415.42	415.34
04:28:09	16.104	15.783	15.814	16.645	15.921	16.068	415.42	415.34
04:29:09	16.103	15.784	15.813	16.643	15.921	16.067	415.42	415.34
04:30:09	16.104	15.785	15.813	16.644	15.921	16.068	415.42	415.34
04:31:09	16.104	15.785	15.815	16.646	15.923	16.066	415.42	415.34
04:32:09	16.104	15.785	15.813	16.645	15.924	16.068	415.42	415.34
04:33:09	16.104	15.786	15.814	16.643	15.925	16.068	415.42	415.34
04:34:09	16.106	15.787	15.812	16.641	15.925	16.068	415.42	415.34
04:35:09	16.104	15.787	15.812	16.645	15.923	16.067	415.42	415.34
04:36:09	16.105	15.787	15.812	16.645	15.922	16.067	415.42	415.34
04:37:10	16.105	15.787	15.811	16.643	15.922	16.069	415.42	415.34
04:38:10	16.105	15.788	15.811	16.639	15.923	16.067	415.42	415.34
04:39:10	16.106	15.788	15.812	16.641	15.924	16.069	415.42	415.34
04:40:10	16.106	15.788	15.812	16.641	15.924	16.068	415.42	415.34
04:41:10	16.105	15.788	15.811	16.642	15.922	16.069	415.42	415.34
04:42:10	16.105	15.788	15.809	16.645	15.922	16.067	415.42	415.34
04:43:10	16.106	15.788	15.81	16.643	15.922	16.066	415.42	415.34
04:44:10	16.106	15.788	15.809	16.643	15.921	0.0	415.42	415.34
04:45:10	16.106	15.787	15.81	16.646	15.921	16.067	415.42	415.34
04:46:10	16.106	15.787	15.81	16.647	15.925	16.068	415.42	415.34
04:47:10	16.106	15.788	15.81	16.646	15.926	16.067	415.42	415.34
04:48:10	16.106	15.788	15.809	16.644	15.928	16.066	415.42	415.34
04:49:10	16.106	15.787	15.81	16.648	15.926	16.068	415.42	415.34
04:50:10	16.105	15.788	15.811	16.643	15.926	16.068	415.42	415.34
04:51:10	16.107	15.787	15.81	16.648	15.929	16.068	415.42	415.34
04:52:10	16.107	15.787	15.81	16.65	15.925	16.068	415.42	415.34
04:53:10	16.108	15.788	15.811	16.65	15.925	16.068	415.42	415.34
04:54:10	16.106	15.787	15.811	16.649	15.923	16.068	415.42	415.34
04:55:10	16.107	15.787	15.81	16.65	15.925	16.067	415.42	415.34
04:56:10	16.106	15.787	15.811	16.65	15.924	16.067	415.42	415.34
04:57:10	16.106	15.787	15.81	16.654	15.921	16.067	415.42	415.34
04:58:10	16.106	15.787	15.809	16.653	15.924	16.067	415.42	415.34
04:59:10	16.108	15.788	15.81	16.651	15.923	16.067	415.42	415.34
05:00:10	16.108	15.788	15.811	16.651	15.923	16.068	415.42	415.34
05:01:10	16.107	15.789	15.811	16.652	15.923	16.068	415.42	415.34
05:02:10	16.108	15.788	15.81	16.649	15.925	16.068	415.42	415.34
05:03:10	16.107	15.79	15.811	16.653	15.925	16.068	415.42	415.34
05:04:10	16.108	15.79	15.812	16.656	15.922	16.067	415.42	415.34
05:05:10	16.107	15.789	15.812	16.657	15.919	16.067	415.42	415.34
05:06:10	16.108	15.79	15.811	16.657	15.921	16.067	415.42	415.34
05:07:10	16.108	15.789	15.812	16.659	15.923	16.068	415.42	415.34
05:08:10	16.107	15.791	15.812	16.66	15.923	16.068	415.42	415.34
05:09:10	16.108	15.789	15.813	16.658	15.923	16.067	415.42	415.34
05:10:10	16.109	15.788	15.812	16.655	15.923	16.068	415.42	415.34
05:11:10	16.109	15.789	15.812	16.658	15.924	16.069	415.42	415.34
05:12:10	16.108	15.789	15.813	16.66	15.923	16.067	415.42	415.34
05:13:10	16.108	15.79	15.811	16.665	15.922	16.068	415.42	415.34
05:14:10	16.109	15.789	15.812	16.663	15.92	16.068	415.42	415.34
05:15:10	16.109	15.79	15.813	16.662	15.923	16.069	415.42	415.34
05:16:10	16.108	15.79	15.812	16.662	15.922	16.068	415.42	415.34
05:17:10	16.109	15.79	15.814	16.665	15.921	16.068	415.42	415.34
05:18:10	16.109	15.791	15.814	16.663	15.923	16.069	415.42	415.34
05:19:10	16.11	15.79	15.813	16.663	15.923	16.069	415.42	415.34
05:20:10	16.109	15.79	15.813	16.663	15.922	16.068	415.42	415.34
05:21:10	16.109	15.791	15.815	16.664	15.922	16.068	415.42	415.34
05:22:10	16.109	15.79	15.813	16.667	15.921	16.069	415.42	415.34
05:23:10	16.109	15.791	15.814	16.666	15.921	16.068	415.42	415.34
05:24:10	16.109	15.791	15.813	16.668	15.922	16.067	415.42	415.34
05:25:10	16.108	15.79	15.814	16.669	15.922	16.068	415.42	415.34
05:26:10	16.11	15.791	15.815	16.666	15.923	16.069	415.42	415.34
05:27:10	16.109	15.791	15.816	16.666	15.921	16.068	415.42	415.34
05:28:10	16.11	15.792	15.814	16.672	15.923	16.069	415.42	415.34
05:29:10	16.11	15.792	15.816	16.674	15.923	16.069	415.42	415.34
05:30:10	16.109	15.792	15.816	16.671	15.924	16.067	415.42	415.34
05:31:10	16.109	15.792	15.815	16.667	15.922	16.068	415.42	415.34
05:32:10	16.109	15.791	15.815	16.668	15.919	16.067	415.42	415.34
05:33:10	16.109	15.791	15.814	16.665	15.921	16.068	415.42	415.34
05:34:10	16.11	15.792	15.816	16.667	15.922	16.067	415.42	415.34
05:35:11	16.11	15.791	15.817	16.669	15.922	16.067	415.42	415.34
05:36:10	0.0	15.791	15.815	16.671	15.921	16.068	415.42	415.34
05:37:10	16.11	15.791	15.817	16.672	15.92	16.069	415.42	415.34
05:38:10	16.111	15.792	15.817	16.673	15.92	16.068	415.42	415.34
05:39:10	16.109	15.792	15.817	16.674	15.919	16.068	415.42	415.34
05:40:10	16.111	15.791	15.819	16.676	15.921	16.068	415.42	415.34
05:41:10	16.11	15.793	15.818	16.676	15.923	16.068	415.42	415.34
05:42:10	16.111	15.793	15.816	16.676	15.922	16.068	415.42	415.34
05:43:10	16.112	15.792	15.818	16.676	15.922	16.068	415.42	415.34
05:44:10	16.11	15.792	15.819	16.672	15.924	16.068	415.42	415.34
05:45:10	16.11	15.791	15.818	16.674	15.924	16.068	415.42	415.34
05:46:10	16.11	15.792	15.818	16.677	15.923	16.068	415.42	415.34
05:47:10	16.111	15.792	15.818	16.676	15.922	16.068	415.42	415.34
05:48:11	16.111	15.793	15.82	16.671	15.92	16.069	415.42	415.34
05:49:10	16.11	15.792	15.817	16.673	15.922	16.068	415.42	415.34
05:50:10	16.11	15.793	15.818	16.676	15.92	16.068	415.42	415.34
05:51:10	16.111	15.792	15.817	16.676	15.919	16.067	415.42	415.34
05:52:10	16.111	15.793	15.819	16.674	15.919	16.067	415.42	415.34
05:53:10	16.111	15.792	15.819	16.672	15.92	16.068	415.42	415.34
05:54:10	16.111	15.791	15.818	16.674	15.92	16.067	415.42	415.34
05:55:10	16.11	15.791	15.818	16.679	15.92	16.067	415.42	415.34
05:56:10	16.112	15.792	15.82	16.68	15.921	16.067	415.42	415.34
05:57:10	16.111	15.792	15.819	16.68	15.918	16.067	415.42	415.34
05:58:10	16.111	15.79	15.82	16.68	15.919	16.066	415.42	415.34
05:59:10	16.111	15.789	15.819	16.679	15.918	16.068	415.42	415.34
06:00:10	16.112	15.79	15.819	16.678	15.918	16.067	415.42	415.34
06:01:10	16.112	15.792	15.821	16.678	15.918	16.067	415.42	415.34
06:02:10	16.112	15.791	15.822	16.679	15.92	16.068	415.42	415.34
06:03:10	16.113	15.792	15.822	16.68	15.919	16.067	415.42	415.34
06:04:10	16.111	15.792	15.82	16.681	15.921	16.068	415.42	415.34
06:05:10	16.112	15.793	15.822	16.68	15.922	16.068	415.42	415.34
06:06:10	16.111	15.792	15.822	16.68	15.92	16.068	415.42	415.34
06:07:10	16.112	15.793	15.823	16.681	15.919	16.066	415.42	415.34
06:08:10	16.111	15.793	15.822	16.679	15.921	16.068	415.42	415.34
06:09:10	16.112	15.793	15.822	16.682	15.921	16.068	415.42	415.34
06:10:10	16.112	15.793	15.821	16.682	15.92	16.067	415.42	415.34
06:11:10	16.112	15.793	15.823	16.684	15.918	16.068	415.42	415.34
06:12:10	16.112	15.794	15.822	16.687	15.921	16.068	415.42	415.34
06:13:10	16.113	15.793	15.822	16.684	15.921	16.067	415.42	415.34
06:14:10	16.112	15.793	15.822	16.682	15.922	16.068	415.42	415.34
06:15:10	16.113	15.793	15.823	16.679	15.921	16.069	415.42	415.34
06:16:11	16.113	15.793	15.823	16.68	15.922	16.067	415.42	415.34
06:17:10	16.113	15.793	15.824	16.684	15.921	16.066	415.42	415.34
06:18:11	16.113	15.793	15.823	16.682	15.922	16.068	415.42	415.34
06:19:10	0.0	15.794	15.822	16.682	15.92	16.068	415.42	415.34
06:20:11	16.113	15.793	15.824	16.68	15.919	16.068	415.42	415.34
06:21:10	16.113	15.794	15.824	16.68	15.919	16.068	415.42	415.34
06:22:10	16.113	15.794	15.824	16.681	15.921	16.068	415.42	415.34
06:23:10	16.113	15.794	15.823	16.678	15.92	16.068	415.42	415.34
06:24:10	16.114	15.795	15.824	16.679	15.921	16.068	415.42	415.34
06:25:10	16.114	15.796	15.825	16.678	15.921	16.068	415.42	415.34
06:26:10	16.114	15.795	15.824	16.68	15.923	16.068	415.42	415.34
06:27:10	16.114	15.796	15.824	16.68	15.921	16.068	415.42	415.34
06:28:10	16.114	15.796	15.825	16.678	15.92	16.069	415.42	415.34
06:29:10	16.114	15.797	15.824	16.68	15.923	16.069	415.42	415.34
06:30:10	16.114	15.797	15.827	16.679	15.924	16.069	415.42	415.34
06:31:10	16.114	15.797	15.825	16.678	15.923	16.069	415.42	415.34
06:32:10	16.115	15.798	15.824	16.679	15.924	16.068	415.42	415.34
06:33:10	16.114	15.798	15.825	16.679	15.921	16.069	415.42	415.34
06:34:10	16.114	15.798	15.825	16.683	15.924	16.071	415.42	415.34
06:35:10	16.114	15.798	15.827	16.685	15.923	16.069	415.42	415.34
06:36:10	16.116	15.799	15.826	16.686	15.925	16.07	415.42	415.34
06:37:10	16.115	15.799	15.827	16.687	15.924	16.07	415.42	415.34
06:38:10	16.115	15.799	15.825	16.688	15.923	16.069	415.42	415.34
06:39:10	16.115	15.798	15.825	16.687	15.926	16.07	415.42	415.34
06:40:10	16.116	15.798	15.828	16.688	15.928	16.07	415.42	415.34
06:41:10	16.116	15.8	15.827	16.686	15.928	16.07	415.42	415.34
06:42:10	16.116	15.8	15.827	16.688	15.929	16.069	415.42	415.34
06:43:10	16.117	15.8	15.829	16.69	15.927	16.069	415.42	415.34
06:44:10	16.116	15.8	15.829	16.69	15.926	16.069	415.42	415.34
06:45:10	16.116	15.8	15.829	16.686	15.924	16.069	415.42	415.34
06:46:10	16.117	15.8	15.827	16.688	15.922	16.07	415.42	415.34
06:47:10	16.116	15.799	15.828	16.689	15.92	16.069	415.42	415.34
06:48:10	16.116	15.799	15.829	16.691	15.92	16.068	415.42	415.34
06:49:10	16.117	15.799	15.828	16.693	15.92	16.068	415.42	415.34
06:50:10	16.116	15.799	15.828	16.696	15.922	16.068	415.42	415.34
06:51:10	16.117	15.799	15.829	16.696	15.924	16.069	415.42	415.34
06:52:10	16.116	15.799	15.83	16.697	15.924	16.069	415.42	415.34
06:53:10	16.118	15.799	15.832	16.695	15.924	16.068	415.42	415.34
06:54:10	16.118	15.799	15.83	16.695	15.923	16.07	415.42	415.34
06:55:10	16.117	15.8	15.831	16.698	15.924	16.07	415.42	415.34
06:56:10	16.117	15.8	15.83	16.696	15.923	16.069	415.42	415.34
06:57:10	16.118	15.8	15.829	16.693	15.922	16.069	415.42	415.34
06:58:10	16.117	15.801	15.829	16.69	15.923	16.068	415.42	415.34
06:59:10	16.117	15.8	15.831	16.689	15.924	16.07	415.42	415.34
07:00:10	16.117	15.8	15.831	16.689	15.923	16.07	415.42	415.34
07:01:10	16.118	15.8	15.831	16.691	15.924	16.07	415.42	415.34
07:02:10	16.117	15.8	15.832	16.69	15.922	16.069	415.42	415.34
07:03:10	16.118	15.801	15.832	16.69	15.92	16.07	415.42	415.34
07:04:10	16.118	15.802	15.833	16.693	15.921	16.07	415.42	415.34
07:05:10	16.118	15.801	15.832	16.688	15.925	16.07	415.42	415.34
07:06:10	16.118	15.801	15.833	16.683	15.925	16.071	415.42	415.34
07:07:10	16.118	15.802	15.832	16.685	15.925	16.07	415.42	415.34
07:08:10	16.118	15.802	15.833	16.687	15.925	16.071	415.42	415.34
07:09:10	16.119	15.802	15.831	16.682	15.924	16.071	415.42	415.34
07:10:10	16.118	15.803	15.831	16.683	15.924	16.072	415.42	415.34
07:11:10	16.119	15.803	15.831	16.678	15.925	16.072	415.42	415.34
07:12:10	16.119	15.803	15.83	16.679	15.925	16.07	415.42	415.34
07:13:10	16.118	15.803	15.831	16.679	15.927	16.072	415.42	415.34
07:14:10	16.119	15.804	15.832	16.677	15.926	16.071	415.42	415.34
07:15:10	16.119	15.803	15.833	16.679	15.927	16.071	415.42	415.34
07:16:10	16.118	15.804	15.832	16.679	15.927	16.071	415.42	415.34
07:17:10	16.119	15.804	15.831	16.676	15.926	16.071	415.42	415.34
07:18:10	16.12	15.805	15.831	16.676	15.926	16.072	415.42	415.34
07:19:10	16.12	15.806	15.831	16.673	15.925	16.071	415.42	415.34
07:20:10	16.121	15.804	15.832	16.672	15.926	16.071	415.42	415.34
07:21:10	16.119	15.805	15.831	16.674	15.928	16.072	415.42	415.34
07:22:10	16.12	15.805	15.831	16.675	15.928	16.07	415.42	415.34
07:23:10	16.121	15.805	15.831	16.67	15.928	16.071	415.42	415.34
07:24:10	16.121	15.806	15.83	16.669	15.925	16.073	415.42	415.34
07:25:10	16.121	15.806	15.83	16.67	15.924	16.071	415.42	415.34
07:26:10	16.12	15.807	15.829	16.671	15.926	16.072	415.42	415.34
07:27:10	16.121	15.808	15.83	16.667	15.925	16.071	415.42	415.34
07:28:10	16.121	15.807	15.832	16.668	15.928	16.072	415.42	415.34
07:29:10	16.122	15.808	15.83	16.665	15.927	16.072	415.42	415.34
07:30:10	16.121	15.807	15.829	16.667	15.928	16.072	415.42	415.34
07:31:10	16.121	15.808	15.829	16.667	15.929	16.072	415.42	415.34
07:32:10	16.121	15.808	15.829	16.665	15.931	16.073	415.42	415.34
07:33:10	16.121	15.808	15.83	16.666	15.932	16.071	415.42	415.34
07:34:10	16.122	15.809	15.831	16.668	15.93	16.072	415.42	415.34
07:35:10	16.122	15.808	15.829	16.667	15.928	16.071	415.42	415.34
07:36:11	16.122	15.809	15.829	16.663	15.927	16.071	415.42	415.34
07:37:10	0.0	15.808	15.83	16.662	15.928	16.072	415.42	415.34
07:38:10	16.122	15.807	15.829	16.66	15.926	16.071	415.42	415.34
07:39:10	16.122	15.808	15.83	16.66	15.928	16.072	415.42	415.34
07:40:10	16.122	15.809	15.829	16.662	15.927	16.072	415.42	415.34
07:41:10	16.122	15.809	15.827	16.661	15.928	16.071	415.42	415.34
07:42:10	16.124	15.809	15.829	16.664	15.927	16.073	415.42	415.34
07:43:10	16.122	15.808	15.827	16.661	15.929	16.072	415.42	415.34
07:44:10	16.122	15.808	15.826	16.659	15.926	16.072	415.42	415.34
07:45:10	16.122	15.808	15.828	16.658	15.927	16.072	415.42	415.34
07:46:10	16.122	15.809	15.83	16.658	15.926	16.072	415.42	415.34
07:47:10	16.123	15.809	15.827	16.656	15.93	16.072	415.42	415.34
07:48:10	16.123	15.81	15.826	16.659	15.928	16.074	415.42	415.34
07:49:10	16.124	15.809	15.827	16.66	15.929	16.073	415.42	415.34
07:50:10	16.123	15.808	15.824	16.658	15.929	16.071	415.42	415.34
07:51:10	16.123	15.808	15.825	16.658	15.929	16.071	415.42	415.34
07:52:10	16.124	15.81	15.826	16.658	15.926	16.071	415.42	415.34
07:53:10	16.124	15.808	15.825	16.655	15.926	16.072	415.42	415.34
07:54:10	16.123	15.808	15.824	16.653	15.926	16.071	415.42	415.34
07:55:10	16.123	15.808	15.824	16.651	15.924	16.071	415.42	415.34
07:56:10	16.123	15.808	15.825	16.648	15.925	16.07	415.42	415.34
07:57:10	16.123	15.808	15.824	16.649	15.924	16.071	415.42	415.34
07:58:10	16.124	15.808	15.825	16.653	15.927	16.072	415.42	415.34
07:59:10	16.124	15.808	15.825	16.649	15.928	16.07	415.42	415.34
08:00:10	16.123	15.807	15.825	16.648	15.924	16.07	415.42	415.34
08:01:10	16.124	15.808	15.823	16.651	15.925	16.071	415.42	415.34
08:02:10	16.123	15.807	15.824	16.652	15.924	16.071	415.42	415.34
08:03:10	16.124	15.807	15.825	16.651	15.924	16.072	415.42	415.34
08:04:10	16.124	15.808	15.824	16.649	15.923	16.069	415.42	415.34
08:05:10	16.123	15.807	15.823	16.649	15.924	16.071	415.42	415.34
08:06:10	16.124	15.809	15.822	16.647	15.927	16.071	415.42	415.34
08:07:10	16.124	15.809	15.82	16.647	15.927	16.071	415.42	415.34
08:08:10	16.125	15.809	15.821	16.649	15.925	16.073	415.42	415.34
08:09:11	16.124	15.809	15.826	16.645	15.925	16.072	415.42	415.34
08:10:10	16.124	15.809	15.823	16.645	15.926	16.071	415.42	415.34
08:11:10	16.124	15.809	15.825	16.647	15.925	16.072	415.42	415.34
08:12:10	16.124	15.809	15.821	16.65	15.925	16.071	415.42	415.34
08:13:10	16.126	15.809	15.821	16.65	15.928	16.07	415.42	415.34
08:14:10	16.124	15.81	15.821	16.645	15.927	16.07	415.42	415.34
08:15:10	16.124	15.809	15.82	16.645	15.926	16.072	415.42	415.34
08:16:10	16.125	15.81	15.821	16.644	15.925	16.071	415.42	415.34
08:17:10	16.126	15.809	15.821	16.644	15.927	16.072	415.42	415.34
08:18:10	16.126	15.81	15.82	16.642	15.924	16.072	415.42	415.34
08:19:10	16.126	15.811	15.821	16.646	15.924	16.071	415.42	415.34
08:20:10	16.126	15.81	15.82	16.645	15.928	16.071	415.42	415.34
08:21:10	16.126	15.811	15.82	16.644	15.926	16.07	415.42	415.34
08:22:10	16.126	15.811	15.819	16.647	15.928	16.072	415.42	415.34
08:23:10	16.125	15.812	15.82	16.646	15.925	16.071	415.42	415.34
08:24:10	16.127	15.812	15.819	16.643	15.925	16.071	415.42	415.34
08:25:10	16.127	15.811	15.821	16.639	15.926	16.071	415.42	415.34
08:26:10	16.126	15.811	15.82	16.64	15.926	16.071	415.42	415.34
08:27:10	16.127	15.812	15.819	16.638	15.926	16.071	415.42	415.34
08:28:10	16.126	15.812	15.82	16.637	15.928	16.071	415.42	415.34
08:29:10	16.126	15.812	15.818	16.64	15.928	16.072	415.42	415.34
08:30:10	16.126	15.811	15.817	16.644	15.928	16.072	415.42	415.34
08:31:10	16.126	15.812	15.818	16.644	15.929	16.073	415.42	415.34
08:32:10	16.127	15.811	15.819	16.644	15.926	16.071	415.42	415.34
08:33:10	16.127	15.811	15.819	16.643	15.926	16.071	415.42	415.34
08:34:10	16.126	15.812	15.82	16.644	15.925	16.072	415.42	415.34
08:35:10	16.126	15.811	15.819	16.643	15.926	16.073	415.42	415.34
08:36:10	16.127	15.811	15.817	16.641	15.928	16.072	415.42	415.34
08:37:11	16.127	15.812	15.818	16.642	15.926	16.072	415.42	415.34
08:38:10	0.0	15.812	15.817	16.636	15.928	16.073	415.42	415.34
08:39:10	16.127	15.812	15.817	16.635	15.929	16.074	415.42	415.34
08:40:10	16.128	15.812	15.817	16.636	15.928	16.073	415.42	415.34
08:41:10	16.127	15.812	15.816	16.636	15.926	16.072	415.42	415.34
08:42:10	16.127	15.812	15.816	16.639	15.926	16.072	415.42	415.34
08:43:10	16.127	15.811	15.816	16.638	15.926	16.071	415.42	415.34
08:44:10	16.127	15.812	15.813	16.634	15.926	16.071	415.42	415.34
08:45:10	16.127	15.811	15.813	16.635	15.928	16.071	415.42	415.34
08:46:10	16.126	15.811	15.812	16.637	15.926	16.071	415.42	415.34
08:47:10	16.127	15.811	15.812	16.638	15.928	16.071	415.42	415.34
08:48:10	16.127	15.81	15.811	16.634	15.93	16.071	415.42	415.34
08:49:10	16.127	15.811	15.814	16.636	15.931	16.071	415.42	415.34
08:50:10	16.127	15.81	15.812	16.64	15.93	16.072	415.42	415.34
08:51:10	16.128	15.81	15.812	16.642	15.929	16.072	415.42	415.34
08:52:10	16.126	15.81	15.813	16.644	15.925	16.071	415.42	415.34
08:53:10	16.127	15.81	15.812	16.643	15.925	16.071	415.42	415.34
08:54:10	16.127	15.81	15.814	16.64	15.925	16.071	415.42	415.34
08:55:10	16.127	15.81	15.813	16.642	15.925	16.07	415.42	415.34
08:56:10	16.126	15.81	15.812	16.643	15.931	16.069	415.42	415.34
08:57:10	16.127	15.81	15.811	16.639	15.93	16.071	415.42	415.34
08:58:10	16.127	15.809	15.812	16.639	15.929	16.072	415.42	415.34
08:59:11	16.127	15.809	15.81	16.638	15.928	16.072	415.42	415.34
09:00:10	0.0	15.809	15.81	16.638	15.927	16.07	415.42	415.34
09:01:10	16.127	15.81	15.811	16.638	15.927	16.071	415.42	415.34
09:02:10	16.126	15.809	15.813	16.636	15.928	16.071	415.42	415.34
09:03:10	16.127	15.808	15.812	16.64	15.928	16.07	415.42	415.34
09:04:10	16.126	15.808	15.811	16.638	15.928	16.069	415.42	415.34
09:05:10	16.127	15.808	15.811	16.636	15.924	16.069	415.42	415.34
09:06:10	16.127	15.808	15.81	16.634	15.924	16.07	415.42	415.34
09:07:10	16.126	15.807	15.809	16.635	15.923	16.068	415.42	415.34
09:08:10	16.127	15.808	15.81	16.632	15.924	16.071	415.42	415.34
09:09:10	16.126	15.807	15.809	16.635	15.925	16.069	415.42	415.34
09:10:10	16.126	15.808	15.809	16.636	15.924	16.07	415.42	415.34
09:11:10	16.127	15.808	15.81	16.633	15.923	16.072	415.42	415.34
09:12:10	16.126	15.807	15.809	16.629	15.925	16.069	415.42	415.34
09:13:10	16.127	15.807	15.809	16.624	15.924	16.07	415.42	415.34
09:14:10	16.127	15.808	15.809	16.626	15.924	16.07	415.42	415.34
09:15:10	16.128	15.808	15.81	16.631	15.922	16.069	415.42	415.34
09:16:10	16.127	15.807	15.808	16.631	15.923	16.07	415.42	415.34
09:17:10	16.127	15.807	15.807	16.629	15.922	16.069	415.42	415.34
09:18:10	16.127	15.807	15.806	16.631	15.923	16.071	415.42	415.34
09:19:10	16.126	15.808	15.807	16.628	15.921	16.069	415.42	415.34
09:20:10	16.126	15.807	15.805	16.626	15.919	16.069	415.42	415.34
09:21:10	16.126	15.807	15.804	16.626	15.922	16.067	415.42	415.34
09:22:10	16.127	15.807	15.804	16.625	15.922	16.069	415.42	415.34
09:23:10	16.126	15.806	15.804	16.627	15.922	16.069	415.42	415.34
09:24:10	16.126	15.806	15.807	16.628	15.921	16.069	415.42	415.34
09:25:10	16.127	15.806	15.803	16.623	15.921	16.071	415.42	415.34
09:26:10	16.126	15.806	15.807	16.623	15.92	16.069	415.42	415.34
09:27:10	16.126	15.807	15.806	16.623	15.92	16.07	415.42	415.34
09:28:10	16.126	15.807	15.806	16.625	15.92	16.069	415.42	415.34
09:29:10	16.127	15.806	15.806	16.627	15.921	16.07	415.42	415.34
09:30:10	16.127	15.806	15.803	16.625	15.921	16.07	415.42	415.34
09:31:10	16.127	15.807	15.802	16.625	15.921	16.07	415.42	415.34
09:32:10	16.127	15.807	15.802	16.623	15.92	16.068	415.42	415.34
09:33:10	16.126	15.806	15.802	16.622	15.921	16.069	415.42	415.34
09:34:10	16.126	15.807	15.805	16.622	15.92	16.068	415.42	415.34
09:35:10	16.126	15.807	15.805	16.624	15.921	16.07	415.42	415.34
09:36:10	16.127	15.806	15.805	16.62	15.922	16.07	415.42	415.34
09:37:10	16.127	15.806	15.803	16.619	15.922	16.068	415.42	415.34
09:38:10	16.125	15.805	15.803	16.617	15.922	16.069	415.42	415.34
09:39:10	16.125	15.805	15.8	16.617	15.921	16.068	415.42	415.34
09:40:10	16.125	15.805	15.8	16.616	15.921	16.069	415.42	415.34
09:41:10	16.127	15.805	15.801	16.619	15.921	16.068	415.42	415.34
09:42:10	16.127	15.805	15.799	16.62	15.92	16.069	415.42	415.34
09:43:10	16.126	15.804	15.799	16.621	15.92	16.069	415.42	415.34
09:44:10	16.125	15.804	15.799	16.621	15.92	16.068	415.42	415.34
09:45:10	16.125	15.804	15.798	16.616	15.922	16.069	415.42	415.34
09:46:10	16.126	15.803	15.797	16.62	15.923	16.069	415.42	415.34
09:47:10	16.126	15.804	15.796	16.618	15.922	16.069	415.42	415.34
09:48:10	16.125	15.803	15.799	16.614	15.923	16.069	415.42	415.34
09:49:10	16.126	15.804	15.799	16.612	15.922	16.07	415.42	415.34
09:50:10	16.125	15.803	15.797	16.613	15.92	16.068	415.42	415.34
09:51:10	16.125	15.805	15.795	16.618	15.922	16.07	415.42	415.34
09:52:10	16.126	15.805	15.796	16.619	15.92	16.07	415.42	415.34
09:53:10	16.125	15.803	15.795	16.618	15.92	16.069	415.42	415.34
09:54:10	16.126	15.803	15.798	16.617	15.92	16.069	415.42	415.34
09:55:10	16.126	15.803	15.797	16.619	15.921	16.068	415.42	415.34
09:56:10	16.125	15.804	15.797	16.62	15.921	16.068	415.42	415.34
09:57:10	16.125	15.802	15.797	16.617	15.92	16.07	415.42	415.34
09:58:10	16.125	15.803	15.798	16.615	15.922	16.071	415.42	415.34
09:59:10	16.126	15.802	15.798	16.616	15.923	16.069	415.42	415.34
10:00:10	16.126	15.804	15.796	16.614	15.92	16.069	415.42	415.34
10:01:10	16.125	15.803	15.798	16.617	15.92	16.069	415.42	415.34
10:02:10	16.124	15.804	15.797	16.614	15.922	16.069	415.42	415.34
10:03:10	16.124	15.802	15.796	16.613	15.922	16.069	415.42	415.34
10:04:10	16.125	15.802	15.793	16.611	15.922	16.069	415.42	415.34
10:05:10	16.125	15.803	15.794	16.617	15.92	16.068	415.42	415.34
10:06:10	16.125	15.802	15.797	16.615	15.919	16.069	415.42	415.34
10:07:10	16.126	15.802	15.797	16.617	15.92	16.069	415.42	415.34
10:08:10	16.125	15.804	15.802	16.614	15.921	16.071	415.42	415.34
10:09:10	16.124	15.803	15.801	16.612	15.92	16.071	415.42	415.34
10:10:10	16.125	15.803	15.802	16.615	15.921	16.07	415.42	415.34
10:11:10	16.125	15.802	15.802	16.613	15.921	16.071	415.42	415.34
10:12:10	16.125	15.803	15.802	16.613	15.919	16.069	415.42	415.34
10:13:10	16.126	15.803	15.803	16.616	15.921	16.07	415.42	415.34
10:14:10	16.125	15.804	15.806	16.619	15.92	16.071	415.42	415.34
10:15:10	16.125	15.803	15.804	16.613	15.919	16.071	415.42	415.34
10:16:10	16.125	15.804	15.804	16.614	15.919	16.071	415.42	415.34
10:17:10	16.125	15.803	15.801	16.614	15.92	16.072	415.42	415.34
10:18:10	16.125	15.804	15.801	16.615	15.919	16.072	415.42	415.34
10:19:10	16.126	15.803	15.795	16.617	15.921	16.071	415.42	415.34
10:20:10	16.124	15.803	15.796	16.62	15.922	16.07	415.42	415.34
10:21:10	16.125	15.804	15.799	16.618	15.92	16.072	415.42	415.34
10:22:10	16.126	15.804	15.795	16.614	15.92	16.071	415.42	415.34
10:23:10	16.126	15.805	15.799	16.614	15.922	16.072	415.42	415.34
10:24:10	16.125	15.804	15.795	16.62	15.922	16.072	415.42	415.34
10:25:10	16.126	15.803	15.795	16.623	15.922	16.072	415.42	415.34
10:26:10	16.126	15.803	15.794	16.618	15.923	16.072	415.42	415.34
10:27:10	16.125	15.804	15.795	16.619	15.922	16.072	415.42	415.34
10:28:10	16.125	15.803	15.797	16.619	15.921	16.071	415.42	415.34
10:29:10	16.125	15.804	15.796	16.614	15.92	16.074	415.42	415.34
10:30:11	16.124	15.803	15.795	16.613	15.92	16.071	415.42	415.34
10:31:10	16.125	15.803	15.794	16.617	15.921	16.072	415.42	415.34
10:32:10	16.125	15.803	15.796	16.619	15.918	16.071	415.42	415.34
10:33:10	16.126	15.804	15.797	16.618	15.921	16.072	415.42	415.34
10:34:10	16.126	15.802	15.794	16.618	15.922	16.072	415.42	415.34
10:35:10	16.125	15.804	15.793	16.615	15.92	16.071	415.42	415.34
10:36:10	16.125	15.803	15.792	16.613	15.918	16.071	415.42	415.34
10:37:11	16.125	15.803	15.797	16.617	15.92	16.071	415.42	415.34
10:38:11	16.124	15.804	15.796	16.616	15.92	16.07	415.42	415.34
10:39:11	16.125	15.803	15.795	16.614	15.922	16.071	0.0	415.34
10:40:11	16.126	15.804	15.795	16.617	15.921	16.07	415.42	415.34
10:41:11	16.126	15.804	15.795	16.616	15.923	16.072	415.42	415.34
10:42:11	16.126	15.802	15.792	16.611	15.921	16.072	415.42	415.34
10:43:11	16.126	15.803	15.792	16.616	15.922	16.072	415.42	415.34
10:44:11	16.125	15.803	15.793	16.618	15.92	16.07	415.42	415.34
10:45:11	16.125	15.803	15.794	16.615	15.92	16.072	415.42	415.34
10:46:11	16.126	15.802	15.795	16.614	15.921	16.071	415.42	415.34
10:47:11	16.125	15.802	15.795	16.614	15.922	16.071	415.42	415.34
10:48:11	16.126	15.803	15.796	16.616	15.921	16.071	415.42	415.34
10:49:11	16.126	15.803	15.798	16.614	15.922	16.071	415.42	415.34
10:50:11	16.124	15.803	15.798	16.613	15.922	16.072	415.42	415.34
10:51:11	16.125	15.803	15.795	16.615	15.923	16.072	415.42	415.34
10:52:11	16.126	15.803	15.795	16.618	15.922	16.071	415.42	415.34
10:53:11	16.126	15.804	15.794	16.617	15.921	16.071	415.42	415.34
10:54:11	16.124	15.803	15.794	16.616	15.923	16.072	415.42	415.34
10:55:11	16.125	15.801	15.792	16.615	15.922	16.072	415.42	415.34
10:56:11	16.124	15.802	15.794	16.616	15.922	16.072	415.42	415.34
10:57:11	16.125	15.801	15.793	16.614	15.92	16.071	415.42	415.34
10:58:11	16.125	15.801	15.794	16.617	15.921	16.073	415.42	415.34
10:59:11	16.124	15.801	15.796	16.618	15.92	16.072	415.42	415.34
11:00:11	16.124	15.802	15.793	16.619	15.921	16.073	415.42	415.34
11:01:11	16.125	15.802	15.794	16.619	15.922	16.072	415.42	415.34
11:02:11	16.125	15.801	15.795	16.617	15.921	16.071	415.42	415.34
11:03:11	16.125	15.801	15.794	16.617	15.922	16.071	415.42	415.34
11:04:12	16.125	15.801	15.794	16.618	15.922	16.072	415.42	415.34
11:05:11	16.125	15.801	15.795	16.613	15.92	16.071	415.42	415.34
11:06:13	16.125	15.801	15.792	16.618	15.923	16.071	415.42	415.34
11:07:11	16.125	15.802	15.794	16.618	15.923	16.073	415.42	415.34
11:08:11	16.126	15.802	15.795	16.621	15.923	16.071	415.42	415.34
11:09:11	16.124	15.802	15.795	16.623	15.925	16.074	415.42	415.34
11:10:11	16.126	15.802	15.796	16.622	15.925	16.073	415.42	415.34
11:11:11	16.126	15.803	15.795	16.624	15.924	16.072	415.42	415.34
11:12:11	16.124	15.802	15.795	16.621	15.924	16.073	415.42	415.34
11:13:11	16.125	15.804	15.795	16.62	15.922	16.073	415.42	415.34
11:14:11	16.125	15.803	15.794	16.62	15.924	16.073	415.42	415.34
11:15:11	16.126	15.804	15.796	16.622	15.925	16.072	415.42	415.34
11:16:11	16.125	15.803	15.797	16.625	15.926	16.073	415.42	415.34
11:17:11	16.126	15.804	15.798	16.622	15.923	16.073	415.42	415.34
11:18:11	16.126	15.805	15.796	16.625	15.926	16.072	415.42	415.34
11:19:11	16.126	15.805	15.797	16.626	15.926	16.075	415.42	415.34
11:20:11	16.127	15.805	15.797	16.626	15.925	16.074	415.42	415.34
11:21:11	16.126	15.805	15.796	16.626	15.924	16.073	415.42	415.34
11:22:11	16.126	15.805	15.795	16.628	15.928	16.073	415.42	415.34
11:23:11	16.127	15.805	15.797	16.626	15.928	16.074	415.42	415.34
11:24:11	16.126	15.805	15.797	16.624	15.928	16.074	415.42	415.34
11:25:11	16.124	15.805	15.796	16.619	15.927	16.074	415.42	415.34
11:26:11	16.126	15.804	15.796	16.625	15.928	16.074	415.42	415.34
11:27:11	16.126	15.804	15.797	16.628	15.928	16.073	415.42	415.34
11:28:11	16.125	15.804	15.801	16.624	15.925	16.075	415.42	415.34
11:29:11	16.126	15.804	15.799	16.622	15.926	16.073	415.42	415.34
11:30:11	16.126	15.805	15.802	16.623	15.926	16.074	415.42	415.34
11:31:11	16.126	15.804	15.799	16.622	15.927	16.074	415.42	415.34
11:32:11	16.126	15.803	15.797	16.621	15.925	16.075	415.42	415.34
11:33:11	16.126	15.804	15.796	16.624	15.926	16.075	415.42	415.34
11:34:11	16.124	15.804	15.798	16.628	15.928	16.074	415.42	415.34
11:35:11	16.126	15.805	15.798	16.628	15.929	16.075	415.42	415.34
11:36:11	16.126	15.804	15.797	16.626	15.93	16.074	415.42	415.34
11:37:11	16.126	15.805	15.799	16.623	15.929	16.074	415.42	415.34
11:38:11	16.126	15.805	15.801	16.623	15.931	16.074	415.42	415.34
11:39:11	16.126	15.805	15.799	16.628	15.933	16.075	415.42	415.34
11:40:11	16.126	15.806	15.799	16.625	15.932	16.074	415.42	415.34
11:41:11	16.126	15.806	15.798	16.625	15.929	16.075	415.42	415.34
11:42:11	16.126	15.806	15.8	16.623	15.926	16.076	415.42	415.34
11:43:11	16.126	15.806	15.797	16.625	15.932	16.074	415.42	415.34
11:44:11	16.127	15.807	15.801	16.624	15.929	16.075	415.42	415.34
11:45:12	16.127	15.806	0.0	16.623	15.931	16.075	415.42	415.34
11:46:11	16.126	15.807	15.801	16.625	15.933	16.075	415.42	415.34
11:47:12	16.125	15.806	15.799	16.628	15.931	16.075	415.42	415.34
11:48:11	16.126	15.806	15.798	16.626	15.931	16.075	415.42	415.34
11:49:11	16.126	15.807	15.798	16.624	15.926	16.075	415.42	415.34
11:50:11	16.127	15.806	15.798	16.623	15.928	16.075	415.42	415.34
11:51:11	16.126	15.806	15.798	16.621	15.928	16.075	415.42	415.34
11:52:11	16.126	15.805	15.797	16.621	15.93	16.075	415.42	415.34
11:53:11	16.126	15.806	15.795	16.622	15.929	16.076	415.42	415.34
11:54:11	16.126	15.806	15.798	16.625	15.93	16.076	415.42	415.34
11:55:11	16.126	15.806	15.799	16.63	15.931	16.075	415.42	415.34
11:56:11	16.126	15.806	15.8	16.628	15.932	16.075	415.42	415.34
11:57:11	16.126	15.807	15.801	16.623	15.932	16.076	415.42	415.34
11:58:11	16.127	15.806	15.8	16.627	15.933	16.076	415.42	415.34
11:59:11	16.127	15.807	15.799	16.625	15.931	16.077	415.42	415.34
12:00:11	16.126	15.807	15.798	16.623	15.931	16.077	415.42	415.34
12:01:11	16.127	15.806	15.799	16.621	15.931	16.075	415.42	415.34
12:02:11	16.126	15.807	15.797	16.623	15.931	16.076	415.42	415.34
12:03:11	16.126	15.805	15.797	16.62	15.93	16.076	415.42	415.34
12:04:11	16.125	15.807	15.797	16.623	15.934	16.075	415.42	415.34
12:05:11	16.126	15.806	15.798	16.623	15.932	16.075	415.42	415.34
12:06:11	16.127	15.807	15.798	16.623	15.932	16.074	415.42	415.34
12:07:11	16.127	15.806	15.799	16.624	15.933	16.075	415.42	415.34
12:08:11	16.126	15.806	15.797	16.623	15.932	16.076	415.42	415.34
12:09:11	16.126	15.805	15.796	16.625	15.929	16.077	415.42	415.34
12:10:11	16.126	15.804	15.798	16.624	15.93	16.075	415.42	415.34
12:11:11	16.126	15.803	15.796	16.621	15.929	16.074	415.42	415.34
12:12:11	16.126	15.803	15.798	16.62	15.927	16.075	415.42	415.34
12:13:11	16.125	15.803	15.797	16.621	15.928	16.075	415.42	415.34
12:14:11	16.126	15.803	15.798	16.623	15.927	16.074	415.42	415.34
12:15:11	16.126	15.802	15.8	16.621	15.926	16.074	415.42	415.34
12:16:11	16.126	15.801	15.8	16.62	15.927	16.075	415.42	415.34
12:17:11	16.126	15.802	15.801	16.619	15.929	16.075	415.42	415.34
12:18:11	16.126	15.802	15.8	16.616	15.926	16.075	415.42	415.34
12:19:11	16.126	15.802	15.798	16.623	15.928	16.074	415.42	415.34
12:20:11	16.126	15.803	15.801	16.627	15.928	16.075	415.42	415.34
12:21:11	16.126	15.802	15.801	16.623	15.93	16.075	415.42	415.34
12:22:11	16.126	15.803	15.798	16.626	15.931	16.076	415.42	415.34
12:23:11	16.127	15.803	15.8	16.628	15.93	16.076	415.42	415.34
12:24:11	16.125	15.803	15.801	16.627	15.929	16.075	415.42	415.34
12:25:11	16.127	15.804	15.8	16.625	15.928	16.075	415.42	415.34
12:26:11	16.126	15.804	15.798	16.624	15.93	16.076	415.42	415.34
12:27:12	16.126	15.805	15.8	16.63	15.934	16.077	415.42	415.34
12:28:11	16.126	15.805	15.8	16.629	15.931	16.077	415.42	415.34
12:29:11	16.126	15.805	15.802	16.626	15.928	16.076	415.42	415.34
12:30:11	16.127	15.805	15.801	16.624	15.931	16.076	415.42	415.34
12:31:11	16.127	15.805	15.802	16.628	15.931	16.076	415.42	415.34
12:32:11	16.127	15.805	15.799	16.627	15.934	16.077	415.42	415.34
12:33:11	16.126	15.806	15.8	16.625	15.933	16.077	415.42	415.34
12:34:11	16.126	15.805	15.8	16.627	15.93	16.075	415.42	415.34
12:35:11	16.127	15.806	15.799	16.63	15.931	16.076	415.42	415.34
12:36:11	16.127	15.806	15.8	16.628	15.932	16.076	415.42	415.34
12:37:11	16.127	15.805	15.8	16.625	15.932	16.077	415.42	415.34
12:38:11	16.126	15.806	15.8	16.625	15.932	16.076	415.42	415.34
12:39:11	16.126	15.806	15.798	16.625	15.935	16.076	415.42	415.34
12:40:11	16.127	15.805	15.798	16.625	15.931	16.076	415.42	415.34
12:41:11	16.127	15.806	15.801	16.623	15.931	16.075	415.42	415.34
12:42:11	16.127	15.805	15.802	16.622	15.931	16.078	415.42	415.34
12:43:11	16.127	15.805	15.8	16.62	15.929	16.075	415.42	415.34
12:44:11	16.127	15.804	15.8	16.622	15.932	16.076	415.42	415.34
12:45:11	16.126	15.804	15.799	16.623	15.933	16.076	415.42	415.34
12:46:11	16.126	15.804	15.8	16.628	15.931	16.077	415.42	415.34
12:47:11	16.127	15.804	15.8	16.629	15.931	16.076	415.42	415.34
12:48:11	16.127	15.805	15.801	16.63	15.932	16.075	415.42	415.34
12:49:11	16.126	15.802	15.8	16.628	15.932	16.077	415.42	415.34
12:50:11	16.126	15.804	15.802	16.627	15.931	16.077	415.42	415.34
12:51:11	16.126	15.803	15.801	16.627	15.929	16.075	415.42	415.34
12:52:11	16.126	15.804	15.799	16.627	15.93	16.076	415.42	415.34
12:53:11	16.125	15.803	15.801	16.627	15.93	16.075	415.42	415.34
12:54:11	16.126	15.802	15.801	16.631	15.93	16.077	415.42	415.34
12:55:11	16.125	15.802	15.799	16.628	15.929	16.075	415.42	415.34
12:56:11	16.125	15.802	15.801	16.625	15.931	16.075	415.42	415.34
12:57:11	16.126	15.801	15.8	16.626	15.93	16.075	415.42	415.34
12:58:11	16.125	15.801	15.8	16.626	15.929	16.075	415.42	415.34
12:59:11	16.125	15.8	15.803	16.626	15.931	16.074	415.42	415.34
13:00:11	16.126	15.799	15.801	16.623	15.931	16.076	415.42	415.34
13:01:11	16.125	15.8	15.799	16.625	15.929	16.074	415.42	415.34
13:02:11	16.125	15.799	15.8	16.628	15.927	16.076	415.42	415.34
13:03:11	16.125	15.799	15.799	16.628	15.925	16.075	415.42	415.34
13:04:11	16.125	15.799	15.801	16.629	15.927	16.076	415.42	415.34
13:05:11	16.126	15.8	15.801	16.629	15.928	16.076	415.42	415.34
13:06:11	16.127	15.8	15.802	16.629	15.93	16.077	415.42	415.34
13:07:11	16.127	15.801	15.804	16.631	15.934	16.079	415.42	415.34
13:08:11	16.126	15.802	15.803	16.634	15.931	16.077	415.42	415.34
13:09:12	16.125	15.802	15.801	16.632	15.931	16.076	415.42	415.34
13:10:11	0.0	15.802	15.802	16.631	15.929	16.074	415.42	415.34
13:11:11	16.126	15.8	15.804	16.631	15.928	16.075	415.42	415.34
13:12:11	16.126	15.799	15.801	16.636	15.929	16.076	415.42	415.34
13:13:11	16.126	15.8	15.804	16.641	15.928	16.075	415.42	415.34
13:14:11	16.127	15.801	15.804	16.644	15.93	16.076	415.42	415.34
13:15:11	16.126	15.801	15.804	16.644	15.928	16.077	415.42	415.34
13:16:13	16.126	15.801	15.805	16.644	15.927	16.076	415.42	415.34
13:17:11	16.126	15.802	15.808	16.642	15.929	16.076	415.42	415.34
13:18:11	16.127	15.802	15.805	16.645	15.932	16.076	415.42	415.34
13:19:11	16.127	15.803	15.806	16.642	15.931	16.076	415.42	415.34
13:20:11	16.126	15.803	15.809	16.644	15.933	16.076	415.42	415.34
13:21:11	16.127	15.802	15.807	16.644	15.933	16.076	415.42	415.34
13:22:11	16.127	15.801	15.806	16.641	15.931	16.076	415.42	415.34
13:23:11	16.127	15.802	15.806	16.637	15.93	16.075	415.42	415.34
13:24:11	16.126	15.802	15.806	16.641	15.93	16.075	415.42	415.34
13:25:11	16.127	15.802	15.805	16.644	15.929	16.075	415.42	415.34
13:26:11	16.126	15.8	15.806	16.642	15.929	16.076	415.42	415.34
13:27:11	16.126	15.801	15.807	16.641	15.93	16.076	415.42	415.34
13:28:11	16.126	15.801	15.809	16.644	15.928	16.076	415.42	415.34
13:29:11	16.126	15.802	15.807	16.646	15.929	16.076	415.42	415.34
13:30:11	16.127	15.802	15.807	16.643	15.93	16.077	415.42	415.34
13:31:11	16.126	15.801	15.807	16.64	15.928	16.078	415.42	415.34
13:32:11	16.126	15.802	15.809	16.644	15.929	16.077	415.42	415.34
13:33:11	16.126	15.801	15.811	16.647	15.931	16.077	415.42	415.34
13:34:11	16.125	15.801	15.811	16.64	15.931	16.076	415.42	415.34
13:35:11	16.126	15.801	15.812	16.641	15.931	16.076	415.42	415.34
13:36:11	16.127	15.801	15.812	16.644	15.929	16.075	415.42	415.34
13:37:11	16.126	15.801	15.81	16.641	15.931	16.075	415.42	415.34
13:38:11	16.126	15.802	15.811	16.644	15.931	16.077	415.42	415.34
13:39:11	16.125	15.802	15.81	16.647	15.932	16.076	415.42	415.34
13:40:11	16.126	15.801	15.81	16.645	15.934	16.077	415.42	415.34
13:41:11	16.127	15.802	15.811	16.644	15.934	16.077	415.42	415.34
13:42:11	16.126	15.802	15.812	16.645	15.931	16.077	415.42	415.34
13:43:11	16.126	15.802	15.813	16.644	15.932	16.076	415.42	415.34
13:44:11	16.126	15.802	15.811	16.644	15.931	16.076	415.42	415.34
13:45:11	16.127	15.802	15.814	16.647	15.932	16.077	415.42	415.34
13:46:11	16.126	15.802	15.813	16.643	15.932	16.078	415.42	415.34
13:47:11	16.127	15.802	15.814	16.645	15.931	16.077	415.42	415.34
13:48:11	16.126	15.803	15.815	16.647	15.931	16.078	415.42	415.34
13:49:11	16.127	15.802	15.816	16.644	15.931	16.078	415.42	415.34
13:50:11	16.127	15.803	15.815	16.643	15.931	16.077	415.42	415.34
13:51:11	16.127	15.805	15.815	16.646	15.934	16.078	415.42	415.34
13:52:11	16.127	15.803	15.814	16.649	15.936	16.077	415.42	415.34
13:53:11	16.126	15.805	15.817	16.648	15.934	16.077	415.42	415.34
13:54:11	16.127	15.804	15.816	16.644	15.932	16.077	415.42	415.34
13:55:11	16.126	15.804	15.814	16.648	15.936	16.077	415.42	415.34
13:56:11	16.127	15.804	15.814	16.647	15.934	16.077	415.42	415.34
13:57:11	16.127	15.803	15.814	16.645	15.933	16.076	415.42	415.34
13:58:11	16.127	15.803	15.815	16.645	15.933	16.077	415.42	415.34
13:59:11	16.127	15.804	15.813	16.646	15.934	16.076	415.42	415.34
14:00:11	16.127	15.804	15.814	16.643	15.933	16.077	415.42	415.34
14:01:11	16.127	15.803	15.815	16.646	15.932	16.077	415.42	415.34
14:02:11	16.128	15.803	15.815	16.648	15.931	16.078	415.42	415.34
14:03:11	16.127	15.803	15.817	16.648	15.931	16.077	415.42	415.34
14:04:11	16.127	15.804	15.818	16.649	15.933	16.077	415.42	415.34
14:05:11	16.128	15.804	15.816	16.648	15.934	16.078	415.42	415.34
14:06:11	16.127	15.804	15.816	16.65	15.935	16.078	415.42	415.34
14:07:11	16.127	15.805	15.818	16.649	15.933	16.077	415.42	415.34
14:08:11	16.127	15.804	15.816	16.65	15.934	16.077	415.42	415.34
14:09:11	16.128	15.806	15.817	16.646	15.934	16.077	415.42	415.34
14:10:11	16.127	15.804	15.817	16.649	15.934	16.079	415.42	415.34
14:11:11	16.127	15.806	15.815	16.649	15.936	16.079	415.42	415.34
14:12:11	16.128	15.806	15.816	16.646	15.938	16.079	415.42	415.34
14:13:11	16.128	15.807	15.818	16.653	15.935	16.079	415.42	415.34
14:14:11	16.128	15.807	15.816	16.656	15.935	16.079	415.42	415.34
14:15:11	16.128	15.806	15.816	16.653	15.934	16.078	415.42	415.34
14:16:11	16.127	15.806	15.815	16.652	15.937	16.078	415.42	415.34
14:17:11	16.128	15.806	15.817	16.651	15.938	16.078	415.42	415.34
14:18:11	16.127	15.806	15.817	16.653	15.934	16.078	415.42	415.34
14:19:11	16.129	15.806	15.82	16.65	15.937	16.078	415.42	415.34
14:20:11	16.129	15.807	15.818	16.651	15.935	16.078	415.42	415.34
14:21:11	16.128	15.806	15.819	16.653	15.938	16.079	415.42	415.34
14:22:11	16.128	15.806	15.819	16.652	15.94	16.078	415.42	415.34
14:23:11	16.128	15.808	15.818	16.652	15.938	16.079	415.42	415.34
14:24:11	16.129	15.808	15.819	16.655	15.938	16.078	415.42	415.34
14:25:11	16.128	15.808	15.819	16.651	15.941	16.079	415.42	415.34
14:26:11	16.129	15.81	15.818	16.652	15.936	16.078	415.42	415.34
14:27:11	16.128	15.808	15.819	16.655	15.937	16.078	415.42	415.34
14:28:11	16.129	15.808	15.82	16.652	15.937	16.079	415.42	415.34
14:29:11	16.127	15.807	15.819	16.649	15.938	16.079	415.42	415.34
14:30:11	16.129	15.807	15.819	16.652	15.941	16.078	415.42	415.34
14:31:11	16.129	15.809	15.817	16.651	15.941	16.078	415.42	415.34
14:32:11	16.128	15.808	15.818	16.653	15.938	16.078	415.42	415.34
14:33:11	16.128	15.808	15.819	16.652	15.937	16.08	415.42	415.34
14:34:11	16.129	15.808	15.818	16.65	15.939	16.079	415.42	415.34
14:35:12	16.128	15.807	15.817	16.647	15.936	16.079	415.42	415.34
14:36:11	0.0	15.807	15.819	16.647	15.935	16.077	415.42	415.34
14:37:11	16.128	15.806	15.818	16.648	15.932	16.078	415.42	415.34
14:38:11	16.127	15.806	15.819	16.651	15.933	16.078	415.42	415.34
14:39:11	16.128	15.805	15.819	16.65	15.936	16.079	415.42	415.34
14:40:11	16.128	15.805	15.819	16.649	15.937	16.078	415.42	415.34
14:41:11	16.126	15.804	15.821	16.65	15.936	16.078	415.42	415.34
14:42:12	16.128	15.804	15.818	16.65	15.936	16.077	415.42	415.34
14:43:11	16.129	15.804	15.819	16.649	15.934	16.077	415.42	415.34
14:44:12	16.127	15.803	15.819	16.652	15.935	16.077	415.42	415.34
14:45:11	16.128	15.802	15.819	16.65	15.936	16.078	415.42	415.34
14:46:11	16.128	15.803	15.828	16.65	15.935	16.078	415.42	415.34
14:47:11	16.128	15.804	15.827	16.647	15.933	16.078	415.42	415.34
14:48:11	16.129	15.804	15.824	16.658	15.934	16.078	415.42	415.34
14:49:11	16.128	15.803	15.824	16.679	15.933	16.078	415.42	415.34
14:50:11	16.128	15.805	15.826	16.683	15.933	16.079	415.42	415.34
14:51:11	16.128	15.805	15.827	16.682	15.935	16.078	415.42	415.34
14:52:11	16.129	15.804	15.828	16.68	15.935	16.078	415.42	415.34
14:53:11	16.128	15.804	15.826	16.677	15.935	16.078	415.42	415.34
14:54:11	16.13	15.804	15.826	16.675	15.934	16.077	415.42	415.34
14:55:11	16.128	15.804	15.829	16.673	15.936	16.08	415.42	415.34
14:56:11	16.128	15.804	15.831	16.667	15.934	16.079	415.42	415.34
14:57:11	16.129	15.805	15.832	16.662	15.934	16.079	415.42	415.34
14:58:11	16.128	15.805	15.831	16.658	15.934	16.079	415.42	415.34
14:59:11	16.129	15.805	15.828	16.66	15.935	16.079	415.42	415.34
15:00:11	16.13	15.805	15.826	16.663	15.937	16.078	415.42	415.34
15:01:11	16.129	15.805	15.827	16.665	15.935	16.078	415.42	415.34
15:02:11	16.129	15.805	15.825	16.663	15.938	16.077	415.42	415.34
15:03:11	16.129	15.805	15.825	16.665	15.937	16.079	415.42	415.34
15:04:11	16.128	15.804	15.826	16.662	15.938	16.079	415.42	415.34
15:05:11	16.127	15.805	15.828	16.658	15.937	16.079	415.42	415.34
15:06:11	16.127	15.804	15.825	16.66	15.935	16.078	415.42	415.34
15:07:11	16.129	15.804	15.826	16.662	15.933	16.078	415.42	415.34
15:08:11	16.128	15.804	15.825	16.657	15.932	16.076	415.42	415.34
15:09:11	16.129	15.804	15.826	16.66	15.934	16.077	415.42	415.34
15:10:11	16.129	15.804	15.825	16.66	15.932	16.079	415.42	415.34
15:11:11	16.129	15.802	15.826	16.655	15.934	16.079	415.42	415.34
15:12:11	16.129	15.803	15.825	16.656	15.934	16.079	415.42	415.34
15:13:11	16.129	15.804	15.824	16.656	15.933	16.078	415.42	415.34
15:14:11	16.129	15.803	15.825	16.654	15.934	16.079	415.42	415.34
15:15:11	16.129	15.803	15.826	16.654	15.934	16.079	415.42	415.34
15:16:11	16.13	15.804	15.824	16.653	15.932	16.078	415.42	415.34
15:17:11	16.129	15.803	15.825	16.652	15.931	16.079	415.42	415.34
15:18:11	16.129	15.803	15.825	16.652	15.932	16.079	415.42	415.34
15:19:11	16.128	15.803	15.826	16.653	15.934	16.079	415.42	415.34
15:20:11	16.129	15.803	15.826	16.655	15.936	16.081	415.42	415.34
15:21:11	16.128	15.803	15.824	16.652	15.935	16.079	415.42	415.34
15:22:11	16.127	15.803	15.823	16.649	15.938	16.079	415.42	415.34
15:23:11	16.128	15.803	15.824	16.649	15.937	16.08	415.42	415.34
15:24:11	16.129	15.804	15.824	16.644	15.935	16.079	415.42	415.34
15:25:11	16.13	15.804	15.824	16.642	15.935	16.079	415.42	415.34
15:26:11	16.13	15.804	15.823	16.643	15.934	16.079	415.42	415.34
15:27:11	16.129	15.804	15.822	16.639	15.934	16.078	415.42	415.34
15:28:11	16.13	15.803	15.82	16.639	15.934	16.078	415.42	415.34
15:29:11	16.13	15.804	15.821	16.64	15.935	16.079	415.42	415.34
15:30:11	16.129	15.803	15.822	16.642	15.935	16.078	415.42	415.34
15:31:11	16.129	15.802	15.821	16.639	15.932	16.079	415.42	415.34
15:32:11	16.129	15.803	15.821	16.638	15.933	16.08	415.42	415.34
15:33:11	16.129	15.803	15.821	16.636	15.932	16.079	415.42	415.34
15:34:11	16.13	15.803	15.819	16.638	15.932	16.079	415.42	415.34
15:35:11	16.129	15.803	15.82	16.638	15.932	16.079	415.42	415.34
15:36:11	16.13	15.802	15.823	16.635	15.935	16.079	415.42	415.34
15:37:11	16.128	15.803	15.818	16.634	15.936	16.078	415.42	415.34
15:38:11	16.13	15.802	15.819	16.634	15.936	16.079	415.42	415.34
15:39:11	16.129	15.803	15.819	16.639	15.936	16.079	415.42	415.34
15:40:11	16.129	15.803	15.82	16.637	15.936	16.08	415.42	415.34
15:41:11	16.13	15.804	15.82	16.639	15.937	16.08	415.42	415.34
15:42:11	16.129	15.805	15.819	16.643	15.934	16.079	415.42	415.34
15:43:11	16.13	15.805	15.818	16.648	15.937	16.079	415.42	415.34
15:44:11	16.13	15.805	15.82	16.648	15.937	16.079	415.42	415.34
15:45:11	16.13	15.805	15.821	16.652	15.938	16.08	415.42	415.34
15:46:11	16.13	15.805	15.821	16.652	15.935	16.079	415.42	415.34
15:47:12	16.13	15.805	15.821	16.652	15.933	16.08	415.42	415.34
15:48:11	0.0	15.805	15.821	16.652	15.935	16.079	415.42	415.34
15:49:11	16.13	15.805	15.822	16.651	15.935	16.078	415.42	415.34
15:50:11	16.129	15.802	15.821	16.65	15.935	16.079	415.42	415.34
15:51:11	16.129	15.803	15.822	16.652	15.935	16.08	415.42	415.34
15:52:11	16.13	15.803	15.82	16.652	15.935	16.079	415.42	415.34
15:53:11	16.13	15.803	15.822	16.653	15.934	16.078	415.42	415.34
15:54:11	16.129	15.802	15.82	16.656	15.936	16.078	415.42	415.34
15:55:11	16.13	15.802	15.82	16.658	15.935	16.079	415.42	415.34
15:56:11	16.129	15.802	15.823	16.656	15.934	16.079	415.42	415.34
15:57:11	16.13	15.801	15.823	16.654	15.934	16.079	415.42	415.34
15:58:11	16.13	15.801	15.823	16.651	15.934	16.078	415.42	415.34
15:59:11	16.129	15.801	15.822	16.655	15.937	16.079	415.42	415.34
16:00:11	16.13	15.801	15.824	16.653	15.934	16.078	415.42	415.34
16:01:11	16.129	15.803	15.824	16.656	15.932	16.079	415.42	415.34
16:02:11	16.128	15.801	15.823	16.653	15.933	16.08	415.42	415.34
16:03:11	16.13	15.801	15.824	16.653	15.933	16.079	415.42	415.34
16:04:11	16.129	15.801	15.823	16.655	15.933	16.079	415.42	415.34
16:05:11	16.129	15.801	15.825	16.652	15.933	16.079	415.42	415.34
16:06:11	16.13	15.801	15.825	16.654	15.932	16.079	415.42	415.34
16:07:11	16.129	15.801	15.824	16.655	15.931	16.078	415.42	415.34
16:08:11	16.128	15.801	15.824	16.653	15.931	16.078	415.42	415.34
16:09:11	16.13	15.801	15.825	16.651	15.93	16.078	415.42	415.34
16:10:11	16.129	15.801	15.825	16.651	15.931	16.079	415.42	415.34
16:11:11	16.13	15.801	15.823	16.649	15.931	16.079	415.42	415.34
16:12:11	16.13	15.802	15.824	16.656	15.932	16.078	415.42	415.34
16:13:11	16.129	15.8	15.824	16.656	15.93	16.077	415.42	415.34
16:14:11	16.13	15.801	15.826	16.66	15.931	16.078	415.42	415.34
16:15:11	16.13	15.8	15.824	16.66	15.933	16.077	415.42	415.34
16:16:11	16.13	15.8	15.823	16.658	15.934	16.078	415.42	415.34
16:17:11	16.129	15.8	15.824	16.659	15.933	16.08	415.42	415.34
16:18:11	16.13	15.798	15.824	16.654	15.93	16.078	415.42	415.34
16:19:11	16.129	15.799	15.824	16.651	15.932	16.078	415.42	415.34
16:20:11	16.129	15.799	15.823	16.65	15.932	16.078	415.42	415.34
16:21:11	16.129	15.798	15.823	16.654	15.932	16.077	415.42	415.34
16:22:11	16.129	15.799	15.824	16.653	15.932	16.078	415.42	415.34
16:23:11	16.129	15.799	15.826	16.651	15.931	16.079	415.42	415.34
16:24:11	16.128	15.799	15.825	16.653	15.931	16.077	415.42	415.34
16:25:11	16.13	15.798	15.827	16.656	15.931	16.078	415.42	415.34
16:26:11	16.129	15.8	15.831	16.66	15.932	16.079	415.42	415.34
16:27:11	16.13	15.8	15.829	16.656	15.933	16.078	415.42	415.34
16:28:11	16.129	15.8	15.827	16.655	15.933	16.078	415.42	415.34
16:29:11	16.13	15.799	15.825	16.656	15.932	16.078	415.42	415.34
16:30:11	16.129	15.799	15.827	16.657	15.929	16.077	415.42	415.34
16:31:11	16.129	15.8	15.828	16.659	15.929	16.078	415.42	415.34
16:32:11	16.129	15.799	15.827	16.66	15.931	16.079	415.42	415.34
16:33:11	16.129	15.799	15.828	16.661	15.931	16.078	415.42	415.34
16:34:11	16.129	15.799	15.827	16.663	15.931	16.077	415.42	415.34
16:35:11	16.129	15.8	15.828	16.664	15.93	16.078	415.42	415.34
16:36:11	16.13	15.801	15.829	16.664	15.93	16.079	415.42	415.34
16:37:11	16.13	15.8	15.828	16.663	15.929	16.078	415.42	415.34
16:38:11	16.129	15.8	15.828	16.662	15.932	16.079	415.42	415.34
16:39:11	16.129	15.801	15.829	16.663	15.932	16.079	415.42	415.34
16:40:11	16.13	15.801	15.829	16.663	15.933	16.08	415.42	415.34
16:41:11	16.13	15.801	15.829	16.663	15.931	16.078	415.42	415.34
16:42:11	16.13	15.801	15.828	16.665	15.931	16.08	415.42	415.34
16:43:11	16.129	15.801	15.829	16.664	15.93	16.078	415.42	415.34
16:44:11	16.13	15.8	15.829	16.662	15.93	16.078	415.42	415.34
16:45:11	16.13	15.799	15.828	16.666	15.928	16.078	415.42	415.34
16:46:11	16.129	15.8	15.829	16.665	15.929	16.078	415.42	415.34
16:47:11	16.129	15.799	15.83	16.663	15.93	16.078	415.42	415.34
16:48:11	16.129	15.798	15.828	16.664	15.931	16.079	415.42	415.34
16:49:11	16.129	15.799	15.829	16.661	15.93	16.078	415.42	415.34
16:50:11	16.13	15.798	15.831	16.663	15.93	16.077	415.42	415.34
16:51:11	16.129	15.797	15.829	16.664	15.932	16.078	415.42	415.34
16:52:11	16.128	15.797	15.828	16.664	15.93	16.077	415.42	415.34
16:53:11	16.129	15.798	15.83	16.665	15.93	16.078	415.42	415.34
16:54:11	16.129	15.797	15.831	16.667	15.931	16.078	415.42	415.34
16:55:11	16.129	15.799	15.831	16.672	15.93	16.078	415.42	415.34
16:56:11	16.129	15.798	15.83	16.668	15.929	16.078	415.42	415.34
16:57:12	16.129	15.799	15.83	16.667	15.929	16.078	415.42	415.34
16:58:11	0.0	15.797	15.83	16.665	15.928	16.078	415.42	415.34
16:59:12	16.129	15.798	15.829	16.667	15.929	16.078	415.42	415.34
17:00:11	0.0	15.796	15.83	16.67	15.928	16.078	415.42	415.34
17:01:12	16.128	15.796	15.83	16.67	15.929	16.078	415.42	415.34
17:02:11	16.128	15.795	15.829	16.669	15.928	16.077	415.42	415.34
17:03:11	16.128	15.795	15.831	16.67	15.928	16.078	415.42	415.34
17:04:11	16.128	15.794	15.83	16.671	15.927	16.077	415.42	415.34
17:05:11	16.129	15.795	15.83	16.671	15.929	16.077	415.42	415.34
17:06:11	16.128	15.796	15.833	16.673	15.928	16.078	415.42	415.34
17:07:11	16.129	15.796	15.833	16.68	15.928	16.078	415.42	415.34
17:08:14	16.129	15.796	15.839	16.69	15.929	16.077	415.42	415.34
17:09:11	16.129	15.797	15.838	16.698	15.929	16.079	415.42	415.34
17:10:11	16.128	15.798	15.839	16.696	15.929	16.078	415.42	415.34
17:11:11	16.129	15.798	15.839	16.694	15.929	16.079	415.42	415.34
17:12:11	16.129	15.798	15.839	16.69	15.929	16.077	415.42	415.34
17:13:11	16.127	15.798	15.838	16.69	15.93	16.078	415.42	415.34
17:14:11	16.129	15.798	15.838	16.687	15.931	16.079	415.42	415.34
17:15:11	16.129	15.799	15.839	16.685	15.931	16.078	415.42	415.34
17:16:11	16.13	15.799	15.838	16.684	15.928	16.078	415.42	415.34
17:17:11	16.129	15.799	15.839	16.685	15.931	16.079	415.42	415.34
17:18:11	16.129	15.799	15.84	16.685	15.93	16.078	415.42	415.34
17:19:11	16.129	15.799	15.84	16.683	15.929	16.078	415.42	415.34
17:20:11	16.129	15.798	15.839	16.684	15.931	16.078	415.42	415.34
17:21:11	16.129	15.797	15.839	16.68	15.929	16.078	415.42	415.34
17:22:11	16.129	15.797	15.838	16.681	15.929	16.077	415.42	415.34
17:23:11	16.129	15.798	15.839	16.68	15.927	16.078	415.42	415.34
17:24:11	16.128	15.797	15.838	16.678	15.927	16.079	415.42	415.34
17:25:11	16.127	15.797	15.839	16.682	15.928	16.078	415.42	415.34
17:26:11	16.128	15.797	15.839	16.679	15.929	16.079	415.42	415.34
17:27:11	16.129	15.797	15.839	16.683	15.93	16.078	415.42	415.34
17:28:13	16.128	15.797	15.84	16.685	15.928	16.078	415.42	415.34
17:29:11	16.129	15.798	15.84	16.685	15.93	16.079	415.42	415.34
17:30:11	16.128	15.798	15.842	16.684	15.93	16.079	415.42	415.34
17:31:11	16.13	15.798	15.841	16.687	15.928	16.078	415.42	415.34
17:32:11	16.129	15.798	15.839	16.687	15.929	16.077	415.42	415.34
17:33:11	16.13	15.797	15.84	16.682	15.929	16.078	415.42	415.34
17:34:11	16.129	15.797	15.84	16.68	15.929	16.078	415.42	415.34
17:35:11	16.129	15.798	15.84	16.68	15.928	16.079	415.42	415.34
17:36:13	16.129	15.797	15.84	16.681	15.928	16.078	415.42	415.34
17:37:11	16.128	15.798	15.841	16.68	15.928	16.077	415.42	415.34
17:38:13	16.129	15.796	15.841	16.68	15.929	16.078	415.42	415.34
17:39:11	16.129	15.797	15.84	16.681	15.928	16.077	415.42	415.34
17:40:11	16.129	15.797	15.84	16.683	15.928	16.077	415.42	415.34
17:41:11	16.128	15.797	15.838	16.686	15.925	16.076	415.42	415.34
17:42:11	16.127	15.795	15.841	16.686	15.927	16.076	415.42	415.34
17:43:11	16.129	15.796	15.841	16.685	15.926	16.076	415.42	415.34
17:44:11	16.128	15.795	15.84	16.685	15.927	16.078	415.42	415.34
17:45:11	16.129	15.795	15.839	16.681	15.927	16.076	415.42	415.34
17:46:11	16.129	15.796	15.841	16.683	15.928	16.078	415.42	415.34
17:47:11	16.128	15.796	15.841	16.683	15.93	16.077	415.42	415.34
17:48:11	16.129	15.796	15.842	16.684	15.928	16.078	415.42	415.34
17:49:11	16.129	15.796	15.843	16.682	15.927	16.077	415.42	415.34
17:50:11	16.128	15.796	15.844	16.684	15.929	16.078	415.42	0.0
17:51:11	16.129	15.795	15.844	16.682	15.929	16.077	415.42	415.34
17:52:11	16.128	15.796	15.842	16.683	15.927	16.078	415.42	415.34
17:53:11	16.128	15.796	15.843	16.683	15.927	16.077	415.42	415.34
17:54:11	16.128	15.796	15.841	16.683	15.928	16.078	415.42	415.34
17:55:11	16.129	15.796	15.842	16.686	15.929	16.078	415.42	415.34
17:56:11	16.129	15.796	15.843	16.688	15.929	16.077	415.42	415.34
17:57:11	16.129	15.795	15.841	16.689	15.929	16.079	415.42	415.34
17:58:11	16.129	15.797	15.842	16.689	15.929	16.079	415.42	415.34
17:59:11	16.129	15.798	15.845	16.69	15.932	16.079	415.42	415.34
18:00:11	16.129	15.797	15.843	16.689	15.931	16.078	415.42	415.34
18:01:11	16.129	15.797	15.844	16.688	15.931	16.079	415.42	415.34
18:02:11	16.129	15.799	15.844	16.684	15.929	16.077	415.42	415.34
18:03:13	16.128	15.798	15.843	16.683	15.93	16.078	415.42	415.34
18:04:11	16.128	15.797	15.845	16.684	15.928	16.078	415.42	415.34
18:05:11	16.128	15.797	15.843	16.686	15.928	16.077	415.42	415.34
18:06:11	16.129	15.796	15.845	16.689	15.927	16.076	415.42	415.34
18:07:11	16.128	15.796	15.845	16.69	15.928	16.078	415.42	415.34
18:08:11	16.129	15.796	15.846	16.688	15.928	16.078	415.42	415.34
18:09:11	16.127	15.796	15.845	16.687	15.929	16.078	415.42	415.34
18:10:11	16.129	15.797	15.844	16.687	15.926	16.078	415.42	415.34
18:11:11	16.127	15.795	15.844	16.687	15.928	16.079	415.42	415.34
18:12:11	16.128	15.795	15.844	16.689	15.927	16.078	415.42	415.34
18:13:11	16.128	15.796	15.845	16.692	15.93	16.078	415.42	415.34
18:14:11	16.128	15.796	15.845	16.692	15.929	16.077	415.42	415.34
18:15:11	16.128	15.797	15.847	16.695	15.93	16.078	415.42	415.34
18:16:11	16.128	15.798	15.847	16.694	15.929	16.078	415.42	415.34
18:17:11	16.128	15.797	15.847	16.696	15.93	16.08	415.42	415.34
18:18:11	16.129	15.796	15.846	16.698	15.93	16.078	415.42	415.34
18:19:11	16.128	15.797	15.846	16.694	15.929	16.078	415.42	415.34
18:20:11	16.128	15.797	15.85	16.695	15.931	16.078	415.42	415.34
18:21:11	16.129	15.798	15.853	16.706	15.931	16.08	415.42	415.34
18:22:11	16.129	15.798	15.853	16.717	15.931	16.079	415.42	415.34
18:23:11	16.128	15.798	15.855	16.717	15.932	16.079	415.42	415.34
18:24:11	16.13	15.8	15.855	16.717	15.931	16.079	415.42	415.34
18:25:11	16.13	15.799	15.858	16.716	15.929	16.079	415.42	415.34
18:26:11	16.129	15.799	15.854	16.712	15.931	16.079	415.42	415.34
18:27:11	16.129	15.8	15.853	16.709	15.931	16.08	415.42	415.34
18:28:11	16.129	15.8	15.853	16.706	15.933	16.078	415.42	415.34
18:29:11	16.129	15.799	15.854	16.707	15.933	16.08	415.42	415.34
18:30:11	16.129	15.798	15.855	16.709	15.932	16.079	415.42	415.34
18:31:11	16.128	15.799	15.855	16.708	15.931	16.079	415.42	415.34
18:32:11	16.129	15.8	15.856	16.708	15.931	16.08	415.42	415.34
18:33:11	16.129	15.8	15.854	16.709	15.931	16.08	415.42	415.34
18:34:11	16.129	15.798	15.853	16.709	15.93	16.079	415.42	415.34
18:35:11	16.13	15.798	15.855	16.708	15.928	16.079	415.42	415.34
18:36:11	16.127	15.798	15.856	16.708	15.929	16.08	415.42	415.34
18:37:11	16.129	15.798	15.856	16.707	15.931	16.078	415.42	415.34
18:38:11	16.129	15.798	15.855	16.706	15.931	16.08	415.42	415.34
18:39:11	16.129	15.798	15.855	16.708	15.933	16.079	415.42	415.34
18:40:11	16.129	15.799	15.855	16.709	15.931	16.079	415.42	415.34
18:41:11	16.128	15.798	15.854	16.708	15.932	16.081	415.42	415.34
18:42:11	16.128	15.798	15.855	16.704	15.93	16.08	415.42	415.34
18:43:11	16.129	15.798	15.855	16.703	15.929	16.079	415.42	415.34
18:44:11	16.129	15.798	15.855	16.703	15.93	16.079	415.42	415.34
18:45:11	16.128	15.797	15.854	16.7	15.93	16.08	415.42	415.34
18:46:12	16.129	15.798	15.854	16.702	15.931	16.079	415.42	415.34
18:47:11	0.0	15.797	15.854	16.705	15.929	16.078	415.42	415.34
18:48:11	16.129	15.797	15.855	16.702	15.93	16.08	415.42	415.34
18:49:11	16.128	15.797	15.855	16.703	15.929	16.078	415.42	415.34
18:50:11	16.13	15.797	15.854	16.706	15.93	16.078	415.42	415.34
18:51:11	16.13	15.797	15.855	16.708	15.93	16.079	415.42	415.34
18:52:11	16.129	15.796	15.855	16.707	15.929	16.079	415.42	415.34
18:53:11	16.129	15.796	15.858	16.708	15.928	16.078	415.42	415.34
18:54:11	16.129	15.795	15.856	16.71	15.93	16.077	415.42	415.34
18:55:11	16.128	15.797	15.857	16.707	15.93	16.079	415.42	415.34
18:56:11	16.129	15.796	15.856	16.705	15.929	16.077	415.42	415.34
18:57:11	16.129	15.796	15.855	16.706	15.928	16.076	415.42	415.34
18:58:11	16.128	15.796	15.856	16.706	15.927	16.078	415.42	415.34
18:59:11	16.128	15.796	15.857	16.711	15.929	16.077	415.42	415.34
19:00:11	16.129	15.797	15.856	16.709	15.928	16.077	415.42	415.34
19:01:11	16.129	15.796	15.858	16.709	15.929	16.078	415.42	415.34
19:02:11	16.129	15.795	15.856	16.709	15.928	16.076	415.42	415.34
19:03:11	16.129	15.795	15.856	16.708	15.927	16.077	415.42	415.34
19:04:11	16.127	15.794	15.858	16.708	15.928	16.077	415.42	415.34
19:05:11	16.128	15.794	15.859	16.706	15.929	16.078	415.42	415.34
19:06:11	16.128	15.794	15.857	16.703	15.927	16.076	415.42	415.34
19:07:11	16.128	15.794	15.857	16.702	15.927	16.077	415.42	415.34
19:08:11	16.128	15.794	15.857	16.701	15.927	16.077	415.42	415.34
19:09:11	16.127	15.793	15.858	16.701	15.928	16.077	415.42	415.34
19:10:11	16.127	15.793	15.856	16.701	15.928	16.075	415.42	415.34
19:11:11	16.127	15.793	15.856	16.702	15.926	16.077	415.42	415.34
19:12:11	16.128	15.794	15.855	16.701	15.927	16.077	415.42	415.34
19:13:11	16.128	15.794	15.856	16.7	15.928	16.077	415.42	415.34
19:14:11	16.128	15.794	15.859	16.701	15.929	16.077	415.42	415.34
19:15:11	16.128	15.795	15.857	16.704	15.927	16.078	415.42	415.34
19:16:11	16.127	15.794	15.859	16.701	15.928	16.078	415.42	415.34
19:17:11	16.128	15.794	15.858	16.702	15.928	16.077	415.42	415.34
19:18:11	16.127	15.793	15.859	16.701	15.926	16.076	415.42	415.34
19:19:11	16.127	15.793	15.856	16.699	15.925	16.076	415.42	415.34
19:20:11	16.127	15.793	15.856	16.7	15.926	16.075	415.42	415.34
19:21:11	16.127	15.793	15.856	16.702	15.927	16.076	415.42	415.34
19:22:11	16.127	15.792	15.859	16.702	15.925	16.076	415.42	415.34
19:23:11	16.127	15.793	15.858	16.701	15.928	16.077	415.42	415.34
19:24:11	16.128	15.794	15.858	16.704	15.926	16.077	415.42	415.34
19:25:11	16.127	15.793	15.856	16.702	15.925	16.077	415.42	415.34
19:26:11	16.127	15.793	15.856	16.702	15.926	16.075	415.42	415.34
19:27:11	16.127	15.793	15.856	16.698	15.927	16.077	415.42	415.34
19:28:11	16.127	15.792	15.856	16.697	15.926	16.076	415.42	415.34
19:29:11	16.127	15.792	15.855	16.699	15.928	16.077	415.42	415.34
19:30:11	16.127	15.792	15.856	16.703	15.929	16.075	415.42	415.34
19:31:11	16.127	15.792	15.856	16.706	15.928	16.076	415.42	415.34
19:32:11	16.126	15.793	15.858	16.705	15.928	16.077	415.42	415.34
19:33:11	16.127	15.793	15.858	16.707	15.932	16.077	415.42	415.34
19:34:11	16.127	15.793	15.858	16.709	15.931	16.076	415.42	415.34
19:35:11	16.127	15.793	15.857	16.705	15.931	16.076	415.42	415.34
19:36:11	16.127	15.791	15.857	16.708	15.928	16.074	415.42	415.34
19:37:11	16.127	15.792	15.857	16.709	15.931	16.074	415.42	415.34
19:38:11	16.127	15.791	15.857	16.707	15.928	16.074	415.42	415.34
19:39:12	16.126	15.79	15.858	16.706	15.928	16.074	415.42	415.34
19:40:11	16.127	15.79	15.855	16.704	15.929	16.074	415.42	415.34
19:41:11	16.126	0.0	15.857	16.709	15.927	16.074	415.42	415.34
19:42:11	16.127	15.789	15.857	16.71	15.927	16.073	415.42	415.34
19:43:11	16.126	15.788	15.858	16.706	15.928	16.074	415.42	415.34
19:44:11	16.126	15.788	15.858	16.704	15.929	16.072	415.42	415.34
19:45:12	16.125	15.789	15.857	16.709	15.928	16.073	415.42	415.34
19:46:11	16.125	15.789	15.858	16.71	15.928	16.074	415.42	415.34
19:47:11	16.125	15.789	15.858	16.711	15.926	16.074	415.42	415.34
19:48:11	16.124	15.789	15.858	16.712	15.927	16.073	415.42	415.34
19:49:11	16.125	15.79	15.859	16.708	15.927	16.073	415.42	415.34
19:50:11	16.123	15.789	15.858	16.707	15.928	16.074	415.42	415.34
19:51:11	16.124	15.788	15.859	16.709	15.93	16.073	415.42	415.34
19:52:11	16.125	15.788	15.857	16.708	15.929	16.072	415.42	415.34
19:53:11	16.125	15.79	15.862	16.71	15.928	16.074	415.42	415.34
19:54:11	16.125	15.791	15.86	16.705	15.927	16.074	415.42	415.34
19:55:11	16.126	15.792	15.858	16.705	15.927	16.074	415.42	415.34
19:56:11	16.125	15.79	15.857	16.702	15.925	16.073	415.42	415.34
19:57:11	16.124	15.79	15.86	16.706	15.927	16.073	415.42	415.34
19:58:11	16.126	15.79	15.859	16.702	15.926	16.073	415.42	415.34
19:59:11	16.124	15.791	15.859	16.7	15.925	16.073	415.42	415.34
20:00:11	16.126	15.791	15.86	16.705	15.927	16.075	415.42	415.34
20:01:11	16.125	15.792	15.859	16.701	15.926	16.074	415.42	415.34
20:02:11	16.125	15.791	15.859	16.698	15.926	16.075	415.42	415.34
20:03:11	16.126	15.791	15.859	16.699	15.926	16.075	415.42	415.34
20:04:11	16.126	15.792	15.857	16.703	15.927	16.075	415.42	415.34
20:05:11	16.125	15.79	15.859	16.701	15.926	16.075	415.42	415.34
20:06:11	16.126	15.792	15.859	16.702	15.926	16.073	415.42	415.34
20:07:11	16.125	15.791	15.859	16.701	15.924	16.074	415.42	415.34
20:08:11	16.126	15.792	15.857	16.702	15.924	16.075	415.42	415.34
20:09:11	16.126	15.791	15.86	16.702	15.927	16.076	415.42	415.34
20:10:11	16.126	15.792	15.859	16.704	15.931	16.077	415.42	415.34
20:11:11	16.126	15.792	15.86	16.706	15.931	16.078	415.42	415.34
20:12:11	16.127	15.793	15.861	16.704	15.927	16.077	415.42	415.34
20:13:11	16.125	15.793	15.859	16.706	15.925	16.077	415.42	415.34
20:14:11	16.126	15.793	15.86	16.705	15.926	16.077	415.42	415.34
20:15:11	16.126	15.793	15.862	16.71	15.928	16.078	415.42	415.34
20:16:11	16.126	15.794	15.861	16.706	15.929	16.077	415.42	415.34
20:17:11	16.127	15.795	15.861	16.705	15.928	16.076	415.42	415.34
20:18:11	16.127	15.794	15.86	16.707	15.929	16.078	415.42	415.34
20:19:11	16.128	15.795	15.861	16.709	15.93	16.08	415.42	415.34
20:20:11	16.127	15.795	15.862	16.708	15.93	16.078	415.42	415.34
20:21:12	16.127	15.794	15.861	16.706	15.93	16.077	415.42	415.34
20:22:11	16.127	15.796	15.859	16.703	15.929	16.078	415.42	415.34
20:23:12	16.128	15.795	15.863	16.704	15.927	16.077	415.42	415.34
20:24:11	16.128	15.795	15.862	16.704	15.928	16.078	415.42	415.34
20:25:13	16.126	15.794	15.861	16.703	15.928	16.077	415.42	415.34
20:26:11	16.127	15.795	15.862	16.705	15.929	16.076	415.42	415.34
20:27:11	16.127	15.794	15.861	16.705	15.928	16.078	415.42	415.34
20:28:12	16.127	15.794	15.86	16.7	15.926	16.077	415.42	415.34
20:29:11	16.127	15.793	15.86	16.702	15.927	16.077	415.42	415.34
20:30:11	16.126	15.793	15.861	16.704	15.928	16.076	415.42	415.34
20:31:12	16.127	15.793	15.86	16.704	15.928	16.077	415.42	415.34
20:32:11	0.0	15.793	15.86	16.706	15.928	16.076	415.42	415.34
20:33:11	16.126	15.792	15.86	16.704	15.928	16.078	415.42	415.34
20:34:11	16.126	15.793	15.859	16.704	15.927	16.076	415.42	415.34
20:35:11	16.126	15.792	15.86	16.703	15.928	16.076	415.42	415.34
20:36:11	16.125	15.792	15.859	16.701	15.931	16.077	415.42	415.34
20:37:11	16.126	15.791	15.861	16.704	15.931	16.075	415.42	415.34
20:38:11	16.126	15.792	15.861	16.708	15.928	16.075	415.42	415.34
20:39:11	16.126	15.792	15.861	16.708	15.928	16.076	415.42	415.34
20:40:11	16.127	15.791	15.861	16.711	15.93	16.075	415.42	415.34
20:41:11	16.126	15.792	15.861	16.714	15.93	16.074	415.42	415.34
20:42:11	16.125	15.792	15.863	16.713	15.93	16.076	415.42	415.34
20:43:11	16.126	15.791	15.86	16.715	15.928	16.075	415.42	415.34
20:44:11	16.127	15.792	15.861	16.712	15.927	16.076	415.42	415.34
20:45:11	16.127	15.792	15.862	16.714	15.929	16.077	415.42	415.34
20:46:11	16.126	15.793	15.862	16.715	15.93	16.077	415.42	415.34
20:47:11	16.126	15.794	15.863	16.718	15.93	16.077	415.42	415.34
20:48:11	16.127	15.793	15.864	16.714	15.931	16.076	415.42	415.34
20:49:11	16.127	15.795	15.865	16.718	15.93	16.078	415.42	415.34
20:50:11	16.127	15.794	15.864	16.715	15.931	16.077	415.42	415.34
20:51:11	16.127	15.794	15.863	16.714	15.929	16.077	415.42	415.34
20:52:11	16.127	15.795	15.863	16.713	15.928	16.078	415.42	415.34
20:53:11	16.127	15.795	15.863	16.711	15.926	16.077	415.42	415.34
20:54:11	16.127	15.794	15.861	16.711	15.927	16.076	415.42	415.34
20:55:11	16.126	15.793	15.863	16.71	15.927	16.076	415.42	415.34
20:56:11	16.127	15.792	15.862	16.71	15.928	16.075	415.42	415.34
20:57:11	16.125	15.792	15.863	16.714	15.926	16.074	415.42	415.34
20:58:11	16.127	15.792	15.865	16.717	15.927	16.076	415.42	415.34
20:59:11	16.127	15.791	15.864	16.724	15.928	16.076	415.42	415.34
21:00:11	16.127	15.793	15.865	16.724	15.93	16.079	415.42	415.34
21:01:11	16.127	15.794	15.866	16.724	15.932	16.078	415.42	415.34
21:02:11	16.127	15.793	15.865	16.721	15.928	16.076	415.42	415.34
21:03:12	16.127	15.794	15.866	16.723	15.93	16.078	415.42	415.34
21:04:11	16.127	15.794	15.867	16.722	15.93	16.077	415.42	415.34
21:05:11	16.127	15.794	15.867	16.72	15.93	16.079	415.42	415.34
21:06:11	16.127	15.795	15.867	16.72	15.931	16.079	415.42	415.34
21:07:11	16.127	15.794	15.866	16.72	15.928	16.079	415.42	415.34
21:08:13	16.128	15.796	15.866	16.72	15.931	16.079	415.42	415.34
21:09:11	16.128	15.796	15.864	16.719	15.929	16.078	415.42	415.34
21:10:11	16.126	15.795	15.866	16.717	15.929	16.077	415.42	415.34
21:11:11	16.129	15.795	15.867	16.724	15.93	16.078	415.42	415.34
21:12:11	16.128	15.795	15.867	16.721	15.93	16.079	415.42	415.34
21:13:13	16.128	15.797	15.87	16.718	15.932	16.08	415.42	415.34
21:14:11	16.129	15.798	15.868	16.717	15.931	16.08	415.42	415.34
21:15:11	16.129	15.798	15.868	16.719	15.933	16.081	415.42	415.34
21:16:11	16.128	15.798	15.868	16.719	15.931	16.081	415.42	415.34
21:17:11	16.129	15.799	15.867	16.718	15.93	16.079	415.42	415.34
21:18:11	16.128	15.798	15.867	16.717	15.93	16.078	415.42	415.34
21:19:11	16.129	15.799	15.866	16.724	15.931	16.08	415.42	415.34
21:20:11	16.128	15.798	15.866	16.72	15.93	16.078	415.42	415.34
21:21:11	16.128	15.798	15.867	16.719	15.93	16.079	415.42	415.34
21:22:12	16.129	15.798	15.866	16.724	15.93	16.08	415.42	415.34
21:23:11	16.129	15.797	15.866	16.722	15.928	16.079	415.42	415.34
21:24:11	16.129	15.796	15.866	16.717	15.927	16.077	415.42	415.34
21:25:11	16.127	15.796	15.866	16.714	15.928	16.077	415.42	415.34
21:26:11	16.127	15.795	15.867	16.714	15.929	16.076	415.42	415.34
21:27:12	16.128	15.793	15.867	16.716	15.928	16.076	415.42	415.34
21:28:11	16.127	15.793	15.867	16.718	15.929	16.077	415.42	415.34
21:29:12	16.128	15.795	15.869	16.717	15.928	16.078	415.42	415.34
21:30:11	16.128	15.794	15.869	16.714	15.928	16.076	415.42	415.34
21:31:12	16.128	15.794	15.867	16.718	15.93	16.077	415.42	415.34
21:32:11	16.129	15.794	15.866	16.717	15.931	16.077	415.42	415.34
21:33:11	16.127	15.794	15.867	16.716	15.93	16.078	415.42	415.34
21:34:11	16.127	15.795	15.868	16.715	15.931	16.079	415.42	415.34
21:35:11	16.128	15.794	15.868	16.717	15.93	16.079	415.42	415.34
21:36:11	16.129	15.795	15.868	16.711	15.929	16.079	415.42	415.34
21:37:11	16.129	15.795	15.868	16.715	15.929	16.08	415.42	415.34
21:38:11	16.128	15.797	15.867	16.711	15.931	16.079	415.42	415.34
21:39:11	16.129	15.797	15.866	16.712	15.932	16.078	415.42	415.34
21:40:11	16.128	15.797	15.869	16.717	15.931	16.078	415.42	415.34
21:41:11	16.127	15.796	15.867	16.717	15.93	16.078	415.42	415.34
21:42:11	16.129	15.796	15.868	16.717	15.931	16.08	415.42	415.34
21:43:11	16.128	15.797	15.867	16.715	15.93	16.079	415.42	415.34
21:44:11	16.128	15.797	15.867	16.721	15.931	16.079	415.42	415.34
21:45:11	16.128	15.798	15.868	16.724	15.931	16.079	415.42	415.34
21:46:11	16.129	15.796	15.868	16.722	15.93	16.078	415.42	415.34
21:47:11	16.129	15.796	15.867	16.718	15.931	16.08	415.42	415.34
21:48:11	16.128	15.797	15.869	16.716	15.931	16.08	415.42	415.34
21:49:11	16.128	15.796	15.868	16.715	15.931	16.079	415.42	415.34
21:50:11	16.129	15.797	15.868	16.715	15.931	16.079	415.42	415.34
21:51:11	16.13	15.798	15.87	16.717	15.932	16.08	415.42	415.34
21:52:11	16.13	15.799	15.87	16.717	15.932	16.081	415.42	415.34
21:53:11	16.13	15.8	15.868	16.716	15.934	16.082	415.42	415.34
21:54:11	16.13	15.8	15.867	16.714	15.933	16.081	415.42	415.34
21:55:11	16.13	15.8	15.868	16.715	15.933	16.08	415.42	415.34
21:56:11	16.129	15.8	15.868	16.714	15.932	16.08	415.42	415.34
21:57:11	16.13	15.799	15.868	16.715	15.931	16.081	415.42	415.34
21:58:11	16.129	15.798	15.867	16.712	15.93	16.079	415.42	415.34
21:59:11	16.13	15.798	15.868	16.712	15.932	16.079	415.42	415.34
22:00:11	16.13	15.799	15.868	16.715	15.932	16.08	415.42	415.34
22:01:11	16.13	15.8	15.869	16.718	15.933	16.081	415.42	415.34
22:02:11	16.129	15.801	15.87	16.721	15.931	16.081	415.42	415.34
22:03:11	16.131	15.8	15.869	16.724	15.933	16.081	415.42	415.34
22:04:13	16.13	15.8	15.869	16.727	15.932	16.08	415.42	415.34
22:05:11	16.13	15.799	15.869	16.727	15.932	16.082	415.42	415.34
22:06:11	16.13	15.799	15.868	16.723	15.933	16.079	415.42	415.34
22:07:11	16.13	15.8	15.868	16.721	15.933	16.08	415.42	415.34
22:08:11	16.131	15.801	15.87	16.723	15.933	16.08	415.42	415.34
22:09:11	16.131	15.8	15.87	16.725	15.933	16.081	415.42	415.34
22:10:11	16.13	15.801	15.871	16.728	15.934	16.083	415.42	415.34
22:11:11	16.131	15.801	15.871	16.729	15.935	16.082	415.42	415.34
22:12:11	16.13	15.801	15.871	16.729	15.934	16.082	415.42	415.34
22:13:11	16.131	15.801	15.872	16.727	15.937	16.082	415.42	415.34
22:14:11	16.13	15.802	15.873	16.728	15.934	16.08	415.42	415.34
22:15:11	16.13	15.802	15.873	16.728	15.933	16.084	415.42	415.34
22:16:11	16.132	15.802	15.873	16.729	15.935	16.08	415.42	415.34
22:17:11	16.131	15.801	15.872	16.727	15.934	16.082	415.42	415.34
22:18:11	16.131	15.802	15.874	16.728	15.934	16.082	415.42	415.34
22:19:12	16.13	15.801	15.875	16.727	15.932	16.081	415.42	415.34
22:20:11	16.13	15.801	15.873	16.728	15.932	16.081	415.42	415.34
22:21:11	16.13	15.801	15.874	16.726	15.934	16.081	415.42	415.34
22:22:11	16.13	15.8	15.873	16.728	15.932	16.081	415.42	415.34
22:23:11	16.131	15.8	15.872	16.73	15.933	16.08	415.42	415.34
22:24:11	16.13	15.799	15.871	16.729	15.932	16.081	415.42	415.34
22:25:11	16.13	15.799	15.873	16.728	15.932	16.08	415.42	415.34
22:26:11	16.13	15.8	15.874	16.729	15.933	16.08	415.42	415.34
22:27:11	16.13	15.799	15.875	16.729	15.934	16.081	415.42	415.34
22:28:11	16.13	15.799	15.874	16.728	15.935	16.081	415.42	415.34
22:29:11	16.132	15.8	15.873	16.725	15.933	16.08	415.42	415.34
22:30:11	16.131	15.8	15.873	16.722	15.934	16.082	415.42	415.34
22:31:11	16.13	15.799	15.873	16.72	15.933	16.079	415.42	415.34
22:32:11	16.13	15.798	15.875	16.722	15.933	16.081	415.42	415.34
22:33:11	16.13	15.799	15.874	16.726	15.931	16.08	415.42	415.34
22:34:11	16.13	15.8	15.874	16.728	15.934	16.081	415.42	415.34
22:35:11	16.131	15.801	15.876	16.726	15.933	16.083	415.42	415.34
22:36:11	16.131	15.801	15.877	16.727	15.934	16.082	415.42	415.34
22:37:11	16.132	15.801	15.876	16.728	15.935	16.082	415.42	415.34
22:38:11	16.131	15.802	15.874	16.725	15.934	16.082	415.42	415.34
22:39:12	16.131	15.802	15.875	16.723	15.934	16.08	415.42	415.34
22:40:11	16.131	15.801	15.873	16.723	15.935	16.082	415.42	415.34
22:41:13	16.132	15.802	15.873	16.724	15.933	16.08	415.42	415.34
22:42:11	16.132	15.802	15.872	16.726	15.934	16.082	415.42	415.34
22:43:13	16.132	15.803	15.873	16.726	15.934	16.082	415.42	415.34
22:44:11	16.133	15.802	15.875	16.728	15.934	16.082	415.42	415.34
22:45:11	16.132	15.803	15.877	16.728	15.935	16.082	415.42	415.34
22:46:11	16.131	15.802	15.873	16.727	15.936	16.082	415.42	415.34
22:47:11	16.131	15.802	15.873	16.727	15.934	16.081	415.42	415.34
22:48:11	16.132	15.802	15.872	16.726	15.934	16.082	415.42	415.34
22:49:11	16.131	15.802	15.875	16.728	15.933	16.082	415.42	415.34
22:50:11	16.132	15.802	15.877	16.732	15.933	16.081	415.42	415.34
22:51:11	16.132	15.802	15.874	16.733	15.934	16.081	415.42	415.34
22:52:11	16.131	15.802	15.875	16.731	15.936	16.083	415.42	415.34
22:53:11	16.133	15.802	15.877	16.732	15.935	16.083	415.42	415.34
22:54:11	16.133	15.803	15.878	16.735	15.936	16.082	415.42	415.34
22:55:11	16.133	15.805	15.879	16.741	15.938	16.085	415.42	415.34
22:56:11	16.133	15.805	15.883	16.745	15.937	16.084	415.42	415.34
22:57:11	16.133	15.806	15.884	16.75	15.94	16.085	415.42	415.34
22:58:11	16.132	15.806	15.886	16.755	15.939	16.084	415.42	415.34
22:59:11	16.133	15.806	15.889	16.756	15.938	16.083	415.42	415.34
23:00:11	16.132	15.805	15.89	16.761	15.936	16.082	415.42	415.34
23:01:11	16.134	15.807	15.891	16.765	15.936	16.083	415.42	415.34
23:02:11	16.134	15.805	15.892	16.767	15.936	16.082	415.42	415.34
23:03:11	16.134	15.804	15.893	16.767	15.936	16.084	415.42	415.34
23:04:11	16.135	15.805	15.895	16.767	15.937	16.085	415.42	415.34
23:05:11	16.135	15.806	15.895	16.771	15.936	16.084	415.42	415.34
23:06:11	16.134	15.806	15.899	16.772	15.938	16.084	415.42	415.34
23:07:11	16.133	15.806	15.898	16.772	15.938	16.085	415.42	415.34
23:08:13	16.134	15.807	15.898	16.772	15.939	16.085	415.42	415.34
23:09:11	16.134	15.807	15.901	16.775	15.942	16.084	415.42	415.34
23:10:11	16.135	15.808	15.901	16.775	15.941	16.084	415.42	415.34
23:11:11	16.135	15.809	15.901	16.777	15.941	16.086	415.42	415.34
23:12:11	16.134	15.808	15.901	16.777	15.939	16.086	415.42	415.34
23:13:11	16.135	15.809	15.904	16.778	15.936	16.085	415.42	415.34
23:14:11	16.135	15.809	15.903	16.775	15.94	16.085	415.42	415.34
23:15:11	16.135	15.809	15.904	16.774	15.94	16.086	415.42	415.34
23:16:11	16.135	15.811	15.906	16.776	15.942	16.087	415.42	415.34
23:17:11	16.135	15.812	15.907	16.777	15.943	16.087	415.42	415.34
23:18:11	16.136	15.811	15.905	16.774	15.944	16.088	415.42	415.34
23:19:11	16.136	15.814	15.905	16.771	15.943	16.087	415.42	415.34
23:20:11	16.136	15.813	15.905	16.772	15.941	16.086	415.42	415.34
23:21:11	16.136	15.812	15.905	16.771	15.941	16.086	415.42	415.34
23:22:11	16.137	15.812	15.906	16.767	15.941	16.086	415.42	415.34
23:23:11	16.136	15.811	15.905	16.767	15.94	16.085	415.42	415.34
23:24:11	16.136	15.81	15.905	16.77	15.939	16.086	415.42	415.34
23:25:11	16.135	15.81	15.905	16.767	15.939	16.087	415.42	415.34
23:26:11	16.137	15.811	15.908	16.766	15.939	16.086	415.42	415.34
23:27:11	16.136	15.81	15.906	16.764	15.94	16.086	415.42	415.34
23:28:11	16.136	15.81	15.906	16.762	15.94	16.086	415.42	415.34
23:29:11	16.137	15.811	15.905	16.762	15.941	16.087	415.42	415.34
23:30:11	16.137	15.811	15.904	16.759	15.942	16.086	415.42	415.34
23:31:11	16.137	15.811	15.905	16.756	15.944	16.086	415.42	415.34
23:32:11	16.137	15.812	15.905	16.754	15.943	16.086	415.42	415.34
23:33:11	16.137	15.812	15.902	16.75	15.939	16.087	415.42	415.34
23:34:11	16.137	15.811	15.903	16.753	15.942	16.087	415.42	415.34
23:35:11	16.137	15.81	15.903	16.753	15.942	16.087	415.42	415.34
23:36:11	16.137	15.81	15.903	16.754	15.942	16.087	415.42	415.34
23:37:11	16.136	15.81	15.903	16.754	15.943	16.087	415.42	415.34
23:38:11	16.137	15.813	15.904	16.756	15.942	16.088	415.42	415.34
23:39:11	16.137	15.813	15.903	16.759	15.942	16.087	415.42	415.34
23:40:14	16.139	15.814	15.905	16.758	15.942	16.087	415.42	415.34
23:41:11	16.139	15.814	15.905	16.755	15.942	16.087	415.42	415.34
23:42:11	16.137	15.814	15.907	16.753	15.941	16.088	415.42	415.34
23:43:11	16.138	15.814	15.905	16.754	15.943	16.087	415.42	415.34
23:44:11	16.137	15.814	15.904	16.755	15.946	16.088	415.42	415.34
23:45:11	16.138	15.815	15.905	16.756	15.944	16.089	415.42	415.34
23:46:11	16.138	15.815	15.906	16.753	15.944	16.088	415.42	415.34
23:47:11	16.139	15.816	15.904	16.75	15.95	16.089	415.42	415.34
23:48:11	16.139	15.817	15.903	16.754	15.95	16.091	415.42	415.34
23:49:11	16.14	15.819	15.904	16.755	15.95	16.091	415.42	415.34
23:50:11	16.14	15.82	15.904	16.756	15.947	16.091	415.42	415.34
23:51:11	16.14	15.82	15.903	16.754	15.947	16.089	415.42	415.34
23:52:11	16.141	15.82	15.903	16.755	15.949	16.089	415.42	415.34
23:53:11	16.14	15.82	15.903	16.758	15.949	16.091	415.42	415.34
23:54:11	16.14	15.82	15.903	16.761	15.947	16.089	415.42	415.34
23:55:11	16.14	15.82	15.903	16.759	15.95	16.092	415.42	415.34
23:56:11	16.141	15.821	15.905	16.762	15.952	16.09	415.42	415.34
23:57:11	16.141	15.822	15.906	16.763	15.95	16.09	415.42	415.34
23:58:11	16.141	15.822	15.904	16.761	15.954	16.09	415.42	415.34
23:59:11	16.142	15.822	15.905	16.762	15.953	16.09	415.42	415.34
