00:00:52	16.007	15.671	15.591	16.366	15.895	16.074	415.42	415.34
00:01:52	16.006	15.671	15.591	16.373	15.895	16.073	415.42	415.34
00:02:52	16.007	15.671	15.589	16.369	15.896	16.074	415.42	415.34
00:03:52	16.006	15.671	15.587	16.354	15.895	16.074	415.42	415.34
00:04:52	16.007	15.671	15.586	16.341	15.896	16.072	415.42	415.34
00:05:52	16.006	15.671	15.591	16.334	15.897	16.074	415.42	415.34
00:06:52	16.006	15.673	15.593	16.326	15.896	16.073	415.42	415.34
00:07:52	16.007	15.673	15.589	16.315	15.897	16.073	415.42	415.34
00:08:52	16.007	15.673	15.584	16.308	15.897	16.074	415.42	415.34
00:09:52	16.007	15.673	15.583	16.298	15.897	16.073	415.42	415.34
00:10:52	16.007	15.674	15.583	16.29	15.897	16.073	415.42	415.34
00:11:52	16.006	15.674	15.579	16.291	15.897	16.074	415.42	415.34
00:12:52	16.007	15.673	15.58	16.3	15.897	16.073	415.42	415.34
00:13:52	16.006	15.673	15.577	16.294	15.896	16.075	415.42	415.34
00:14:52	16.006	15.673	15.575	16.298	15.896	16.072	415.42	415.34
00:15:52	16.007	15.673	15.573	16.311	15.896	16.072	415.42	415.34
00:16:52	16.007	15.672	15.569	16.309	15.894	16.072	415.42	415.34
00:17:52	16.006	15.671	15.566	16.305	15.893	16.072	415.42	415.34
00:18:52	16.006	15.67	15.563	16.3	15.891	16.071	415.42	415.34
00:19:52	16.007	15.67	15.569	16.292	15.891	16.073	415.42	415.34
00:20:52	16.006	15.669	15.576	16.285	15.892	16.072	415.42	415.34
00:21:52	16.006	15.67	15.577	16.281	15.892	16.073	415.42	415.34
00:22:52	16.006	15.67	15.572	16.279	15.892	16.071	415.42	415.34
00:23:52	16.007	15.67	15.572	16.278	15.892	16.071	415.42	415.34
00:24:52	16.006	15.669	15.571	16.279	15.893	16.072	415.42	415.34
00:25:52	16.006	15.67	15.569	16.279	15.891	16.073	415.42	415.34
00:26:52	16.006	15.67	15.565	16.277	15.89	16.072	415.42	415.34
00:27:52	16.007	15.669	15.567	16.277	15.89	16.071	415.42	415.34
00:28:52	16.007	15.67	15.567	16.277	15.888	16.07	415.42	415.34
00:29:52	16.007	15.669	15.563	16.276	15.889	16.072	415.42	415.34
00:30:52	16.007	15.668	15.57	16.275	15.889	16.072	415.42	415.34
00:31:52	16.007	15.668	15.571	16.272	15.887	16.071	415.42	415.34
00:32:52	16.007	15.669	15.568	16.274	15.887	16.071	415.42	415.34
00:33:53	16.006	15.668	15.565	16.274	15.886	16.07	415.42	415.34
00:34:52	16.007	15.668	15.566	16.272	15.886	16.07	415.42	415.34
00:35:53	16.006	15.667	15.567	16.272	15.885	16.071	415.42	415.34
00:36:52	16.006	15.666	15.565	16.27	15.886	16.069	415.42	415.34
00:37:53	16.005	15.667	15.562	16.276	15.884	16.068	415.42	415.34
00:38:52	16.006	15.667	15.571	16.399	15.886	16.069	415.42	415.34
00:39:52	16.006	15.667	15.568	16.395	15.887	16.068	415.42	415.34
00:40:52	16.005	15.667	15.571	16.349	15.887	16.068	415.42	415.34
00:41:53	16.006	15.667	15.57	16.332	15.885	16.069	415.42	415.34
00:42:52	16.006	15.666	15.568	16.328	15.885	16.069	415.42	415.34
00:43:52	16.006	15.668	15.577	16.364	15.884	16.069	415.42	415.34
00:44:53	16.006	15.667	15.574	16.391	15.885	16.069	415.42	415.34
00:45:52	16.006	15.667	15.571	16.431	15.885	16.069	415.42	415.34
00:46:52	16.006	15.668	15.573	16.481	15.884	16.068	415.42	415.34
00:47:52	16.006	15.668	15.577	16.54	15.884	16.069	415.42	415.34
00:48:52	16.006	15.667	15.577	16.607	15.885	16.068	415.42	415.34
00:49:52	16.005	15.667	15.576	16.662	15.885	16.069	415.42	415.34
00:50:52	16.005	15.668	15.578	16.696	15.884	16.068	415.42	415.34
00:51:52	16.006	15.667	15.578	16.705	15.885	16.068	415.42	415.34
00:52:52	16.006	15.668	15.581	16.769	15.884	16.069	415.42	415.34
00:53:52	16.006	15.667	15.581	16.813	15.885	16.068	415.42	415.34
00:54:52	16.005	15.666	15.584	16.807	15.885	16.067	415.42	415.34
00:55:52	16.006	15.666	15.587	16.857	15.885	16.068	415.42	415.34
00:56:52	16.006	15.667	15.588	16.826	15.885	16.068	415.42	415.34
00:57:52	16.006	15.668	15.589	16.965	15.887	16.068	415.42	415.34
00:58:52	16.006	15.667	15.59	16.995	15.886	16.068	415.42	415.34
00:59:52	16.005	15.669	15.594	16.862	15.886	16.067	415.42	415.34
01:00:52	16.006	15.668	15.596	16.643	15.885	16.068	415.42	415.34
01:01:52	16.006	15.669	15.595	16.524	15.885	16.067	415.42	415.34
01:02:52	16.005	15.668	15.593	16.455	15.883	16.067	415.42	415.34
01:03:52	16.005	15.667	15.59	16.456	15.882	16.068	415.42	415.34
01:04:52	16.004	15.666	15.592	16.454	15.884	16.068	415.42	415.34
01:05:52	16.005	15.667	15.589	16.413	15.882	16.068	415.42	415.34
01:06:52	16.005	15.666	15.59	16.542	15.884	16.069	415.42	415.34
01:07:52	16.005	15.667	15.591	16.526	15.885	16.068	415.42	415.34
01:08:52	16.005	15.666	15.593	16.472	15.883	16.067	415.42	415.34
01:09:52	16.005	15.666	15.592	16.408	15.882	16.067	415.42	415.34
01:10:52	16.004	15.666	15.588	16.371	15.882	16.067	415.42	415.34
01:11:52	16.005	15.666	15.586	16.351	15.883	16.067	415.42	415.34
01:12:52	16.004	15.665	15.582	16.334	15.883	16.067	415.42	415.34
01:13:53	16.004	15.664	15.572	16.337	15.882	16.066	415.42	415.34
01:14:52	16.004	15.664	15.575	16.348	15.88	16.065	415.42	415.34
01:15:52	16.005	15.664	15.572	16.355	15.879	16.063	415.42	415.34
01:16:52	16.005	15.663	15.574	16.355	15.88	16.064	415.42	415.34
01:17:52	16.004	15.661	15.571	16.352	15.88	16.065	415.42	415.34
01:18:53	16.005	15.662	15.571	16.354	15.879	16.066	415.42	415.34
01:19:52	0.0	15.662	15.569	16.353	15.878	16.065	415.42	415.34
01:20:54	16.005	15.662	15.571	16.349	15.88	16.065	415.42	415.34
01:21:52	16.004	15.662	15.561	16.348	15.88	16.066	415.42	415.34
01:22:52	16.005	15.662	15.564	16.335	15.879	16.066	415.42	415.34
01:23:52	16.004	15.662	15.565	16.336	15.879	16.064	415.42	415.34
01:24:52	16.004	15.661	15.566	16.338	15.878	16.064	415.42	415.34
01:25:52	16.004	15.66	15.565	16.334	15.878	16.064	415.42	415.34
01:26:52	16.004	15.659	15.568	16.328	15.877	16.065	415.42	415.34
01:27:52	16.005	15.659	15.566	16.324	15.878	16.064	415.42	415.34
01:28:52	16.002	15.659	15.566	16.413	15.876	16.062	415.42	415.34
01:29:52	16.003	15.658	15.564	16.421	15.876	16.064	415.42	415.34
01:30:52	16.003	15.658	15.574	16.382	15.875	16.064	415.42	415.34
01:31:52	16.002	15.658	15.578	16.362	15.874	16.061	415.42	415.34
01:32:52	16.003	15.658	15.574	16.352	15.876	16.062	415.42	415.34
01:33:52	16.002	15.658	15.571	16.367	15.875	16.061	415.42	415.34
01:34:52	16.003	15.657	15.578	16.434	15.876	16.062	415.42	415.34
01:35:52	16.004	15.657	15.58	16.474	15.876	16.062	415.42	415.34
01:36:52	16.003	15.657	15.576	16.481	15.875	16.063	415.42	415.34
01:37:52	16.003	15.657	15.579	16.469	15.874	16.063	415.42	415.34
01:38:52	16.002	15.656	15.581	16.508	15.873	16.063	415.42	415.34
01:39:52	16.002	15.656	15.579	16.514	15.872	16.06	415.42	415.34
01:40:52	16.001	15.655	15.582	16.511	15.872	16.062	415.42	415.34
01:41:52	16.002	15.655	15.581	16.527	15.874	16.06	415.42	415.34
01:42:52	16.003	15.655	15.578	16.505	15.872	16.062	415.42	415.34
01:43:52	16.002	15.655	15.586	16.499	15.872	16.062	415.42	415.34
01:44:52	16.002	0.0	15.581	16.514	15.872	16.06	415.42	415.34
01:45:52	16.002	15.654	15.581	16.597	15.87	16.061	415.42	415.34
01:46:52	16.002	15.654	15.58	16.537	15.869	16.06	415.42	415.34
01:47:52	16.002	15.653	15.589	16.534	15.869	16.061	415.42	415.34
01:48:52	16.002	15.653	15.595	16.536	15.869	16.061	415.42	415.34
01:49:52	16.001	15.653	15.595	16.528	15.868	16.062	415.42	415.34
01:50:52	16.001	15.653	15.593	16.691	15.868	16.063	415.42	415.34
01:51:52	16.0	15.652	15.592	16.8	15.87	16.063	415.42	415.34
01:52:52	16.0	15.652	15.598	16.836	15.869	16.061	415.42	415.34
01:53:52	16.001	15.652	15.597	16.803	15.868	16.063	415.42	415.34
01:54:52	16.0	15.653	15.594	16.72	15.867	16.061	415.42	415.34
01:55:52	16.001	15.652	15.598	16.65	15.868	16.062	415.42	415.34
01:56:53	16.001	15.653	15.599	16.552	15.866	16.062	415.42	415.34
01:57:52	16.0	15.653	15.598	16.487	15.868	16.062	415.42	415.34
01:58:52	16.0	15.652	15.594	16.439	15.868	16.061	415.42	415.34
01:59:52	16.001	15.654	15.592	16.432	15.87	16.062	415.42	415.34
02:00:53	16.0	15.653	15.59	16.44	15.868	16.06	415.42	415.34
02:01:52	16.0	15.653	15.588	16.433	15.867	16.062	415.42	415.34
02:02:52	16.0	15.653	15.587	16.417	15.866	16.059	415.42	415.34
02:03:52	16.0	15.652	15.584	16.394	15.867	16.059	415.42	415.34
02:04:52	15.999	15.651	15.582	16.38	15.866	16.059	415.42	415.34
02:05:53	16.0	15.651	15.581	16.377	15.867	16.059	415.42	415.34
02:06:52	16.0	15.65	15.581	16.364	15.865	16.059	415.42	415.34
02:07:52	16.001	15.649	15.579	16.359	15.865	16.062	415.42	415.34
02:08:52	16.0	15.65	15.579	16.348	15.866	16.063	415.42	415.34
02:09:52	16.0	15.651	15.584	16.34	15.865	16.063	415.42	415.34
02:10:52	15.999	15.65	15.583	16.326	15.866	16.06	415.42	415.34
02:11:52	15.999	15.648	15.578	16.403	15.865	16.058	415.42	415.34
02:12:52	15.999	15.65	15.579	16.489	15.866	16.056	415.42	415.34
02:13:52	15.999	15.65	15.578	16.456	15.864	16.056	415.42	415.34
02:14:52	15.998	15.648	15.577	16.42	15.866	16.059	415.42	415.34
02:15:52	15.999	15.648	15.576	16.409	15.865	16.058	415.42	415.34
02:16:52	15.999	15.649	15.58	16.399	15.865	16.057	415.42	415.34
02:17:52	15.999	15.648	15.585	16.383	15.863	16.058	415.42	415.34
02:18:52	15.999	15.648	15.588	16.373	15.865	16.06	415.42	415.34
02:19:52	15.999	15.648	15.585	16.373	15.865	16.06	415.42	415.34
02:20:52	15.999	15.648	15.585	16.383	15.865	16.06	415.42	415.34
02:21:52	16.0	15.647	15.59	16.396	15.866	16.062	415.42	415.34
02:22:52	15.999	15.648	15.591	16.394	15.863	16.062	415.42	415.34
02:23:52	15.998	15.648	15.592	16.396	15.863	16.06	415.42	415.34
02:24:52	15.999	15.648	15.592	16.398	15.863	16.059	415.42	415.34
02:25:52	15.998	15.65	15.586	16.414	15.863	16.059	415.42	415.34
02:26:52	15.998	15.65	15.59	16.429	15.863	16.059	415.42	415.34
02:27:52	15.999	15.65	15.594	16.492	15.864	16.059	415.42	415.34
02:28:52	15.999	15.651	15.609	16.525	15.865	16.06	415.42	415.34
02:29:52	15.998	15.65	15.599	16.571	15.865	16.06	415.42	415.34
02:30:52	15.998	15.651	15.592	16.838	15.866	16.059	415.42	415.34
02:31:52	15.999	15.651	15.592	16.837	15.865	16.058	415.42	415.34
02:32:52	15.999	15.651	15.594	16.852	15.865	16.061	415.42	415.34
02:33:52	15.999	15.65	15.593	16.827	15.865	16.059	415.42	415.34
02:34:52	15.998	15.65	15.595	16.77	15.866	16.058	415.42	415.34
02:35:52	15.999	15.649	15.598	16.89	15.866	16.056	415.42	415.34
02:36:52	15.997	15.65	15.599	16.907	15.866	16.055	415.42	415.34
02:37:52	15.998	15.649	15.601	16.962	15.865	16.057	415.42	415.34
02:38:53	15.998	15.648	15.602	16.961	15.865	16.055	415.42	415.34
02:39:52	15.998	15.648	15.605	16.855	15.864	16.059	415.42	415.34
02:40:53	15.997	15.648	15.606	16.663	15.864	16.056	415.42	415.34
02:41:52	15.998	15.647	15.606	16.555	15.864	16.056	415.42	415.34
02:42:54	15.997	15.646	15.604	16.491	15.863	16.055	415.42	415.34
02:43:52	15.997	15.645	15.602	16.468	15.862	16.052	415.42	415.34
02:44:54	15.997	15.645	15.6	16.485	15.862	16.055	415.42	415.34
02:45:52	15.996	15.645	15.598	16.482	15.861	16.055	415.42	415.34
02:46:52	15.997	15.643	15.595	16.468	15.86	16.058	415.42	415.34
02:47:52	15.998	15.645	15.594	16.448	15.861	16.057	415.42	415.34
02:48:52	15.997	15.644	15.593	16.431	15.862	16.058	415.42	415.34
02:49:52	15.998	15.645	15.592	16.411	15.862	16.059	415.42	415.34
02:50:52	15.998	15.645	15.592	16.391	15.86	16.057	415.42	415.34
02:51:52	15.998	15.645	15.586	16.381	15.86	16.057	415.42	415.34
02:52:52	15.997	15.645	15.586	16.369	15.863	16.06	415.42	415.34
02:53:52	15.997	15.645	15.586	16.357	15.86	16.059	415.42	415.34
02:54:52	15.998	15.645	15.586	16.349	15.86	16.059	415.42	415.34
02:55:52	15.997	15.645	15.582	16.439	15.862	16.059	415.42	415.34
02:56:52	15.997	15.645	15.584	16.48	15.862	16.059	415.42	415.34
02:57:52	15.996	15.645	15.584	16.459	15.861	16.057	415.42	415.34
02:58:52	15.997	15.643	15.584	16.443	15.859	16.056	415.42	415.34
02:59:52	15.997	15.643	15.581	16.432	15.859	16.056	415.42	415.34
03:00:52	15.998	15.642	15.579	16.411	15.861	16.057	415.42	415.34
03:01:52	15.997	15.642	15.58	16.395	15.859	16.055	415.42	415.34
03:02:52	15.997	15.641	15.579	16.38	15.86	16.055	415.42	415.34
03:03:52	15.996	15.641	15.574	16.356	15.859	16.055	415.42	415.34
03:04:53	15.996	15.64	15.573	16.343	15.859	16.055	415.42	415.34
03:05:52	0.0	15.641	15.576	16.343	15.86	16.056	415.42	415.34
03:06:52	15.998	15.643	15.57	16.342	15.86	16.058	415.42	415.34
03:07:52	15.996	15.642	15.571	16.346	15.861	16.055	415.42	415.34
03:08:52	15.998	15.644	15.571	16.338	15.861	16.054	415.42	415.34
03:09:52	15.997	15.645	15.57	16.343	15.859	16.053	415.42	415.34
03:10:52	15.997	15.647	15.564	16.354	15.86	16.056	415.42	415.34
03:11:52	15.998	15.648	15.565	16.357	15.861	16.057	415.42	415.34
03:12:52	15.997	15.648	15.565	16.352	15.861	16.058	415.42	415.34
03:13:52	15.997	15.648	15.564	16.35	15.862	16.057	415.42	415.34
03:14:52	15.996	15.648	15.562	16.351	15.862	16.055	415.42	415.34
03:15:52	15.997	15.648	15.567	16.358	15.86	16.053	415.42	415.34
03:16:52	15.997	15.647	15.572	16.406	15.862	16.053	415.42	415.34
03:17:52	15.997	15.647	15.573	16.388	15.862	16.053	415.42	415.34
03:18:52	15.997	15.647	15.575	16.368	15.861	16.054	415.42	415.34
03:19:52	15.997	15.647	15.575	16.358	15.861	16.054	415.42	415.34
03:20:52	15.997	15.646	15.574	16.35	15.861	16.054	415.42	415.34
03:21:52	15.996	15.645	15.57	16.375	15.862	16.053	415.42	415.34
03:22:52	15.997	15.645	15.572	16.376	15.862	16.054	415.42	415.34
03:23:52	15.998	15.645	15.574	16.356	15.863	16.054	415.42	415.34
03:24:52	15.997	15.645	15.571	16.346	15.862	16.053	415.42	415.34
03:25:52	15.997	15.646	15.568	16.358	15.863	16.053	415.42	415.34
03:26:52	15.997	15.646	15.564	16.359	15.861	16.054	415.42	415.34
03:27:52	15.996	15.648	15.563	16.363	15.861	16.055	415.42	415.34
03:28:52	15.995	15.646	15.564	16.364	15.861	16.055	415.42	415.34
03:29:52	15.994	15.645	15.562	16.356	15.86	16.055	415.42	415.34
03:30:52	15.996	15.645	15.56	16.344	15.86	16.054	415.42	415.34
03:31:52	15.997	15.646	15.563	16.336	15.861	16.052	415.42	415.34
03:32:52	15.996	15.645	15.563	16.338	15.86	16.053	415.42	415.34
03:33:52	15.997	15.644	15.559	16.337	15.859	16.056	415.42	415.34
03:34:52	15.996	15.644	15.558	16.329	15.857	16.055	415.42	415.34
03:35:52	15.996	15.644	15.566	16.321	15.857	16.056	415.42	415.34
03:36:52	15.996	15.644	15.566	16.321	15.859	16.054	415.42	415.34
03:37:52	15.996	15.643	15.559	16.324	15.857	16.053	415.42	415.34
03:38:52	15.996	15.644	15.554	16.329	15.856	16.053	415.42	415.34
03:39:53	15.996	15.643	15.56	16.326	15.855	16.05	415.42	415.34
03:40:52	15.996	15.644	15.562	16.323	15.856	16.05	415.42	415.34
03:41:52	15.997	15.642	15.558	16.328	15.856	16.052	415.42	415.34
03:42:52	15.994	15.642	15.563	16.316	15.858	16.053	415.42	415.34
03:43:52	15.995	15.642	15.565	16.313	15.858	16.053	415.42	415.34
03:44:52	15.996	15.642	15.56	16.309	15.857	16.053	415.42	415.34
03:45:52	15.996	15.641	15.559	16.304	15.857	16.053	415.42	415.34
03:46:52	15.996	15.642	15.556	16.304	15.857	16.052	415.42	415.34
03:47:52	15.996	0.0	15.561	16.302	15.856	16.052	415.42	415.34
03:48:54	15.997	15.64	15.567	16.3	15.856	16.05	415.42	415.34
03:49:52	15.996	15.639	15.568	16.312	15.856	16.052	415.42	415.34
03:50:52	15.996	15.637	15.569	16.328	15.859	16.053	415.42	415.34
03:51:52	15.997	15.641	15.568	16.372	15.856	16.053	415.42	415.34
03:52:52	15.996	15.643	15.565	16.511	15.855	16.052	415.42	415.34
03:53:52	15.996	15.644	15.565	16.601	15.856	16.054	415.42	415.34
03:54:52	15.996	15.643	15.565	16.68	15.857	16.053	415.42	415.34
03:55:52	15.994	15.644	15.564	16.669	15.856	16.053	415.42	415.34
03:56:52	15.994	15.645	15.565	16.655	15.856	16.053	415.42	415.34
03:57:52	15.994	15.643	15.569	16.68	15.855	16.052	415.42	415.34
03:58:52	15.993	15.643	15.571	16.68	15.857	16.052	415.42	415.34
03:59:52	15.994	15.643	15.578	16.738	15.855	16.052	415.42	415.34
04:00:52	15.994	15.642	15.577	16.876	15.857	16.053	415.42	415.34
04:01:52	15.993	15.641	15.578	16.864	15.857	16.053	415.42	415.34
04:02:52	15.994	15.641	15.581	16.751	15.855	16.054	415.42	415.34
04:03:52	15.994	15.641	15.582	16.709	15.857	16.053	415.42	415.34
04:04:52	15.995	15.641	15.583	16.718	15.856	16.053	415.42	415.34
04:05:52	15.994	15.64	15.585	16.824	15.855	16.052	415.42	415.34
04:06:52	15.993	15.64	15.585	16.938	15.854	16.052	415.42	415.34
04:07:52	15.994	15.64	15.587	16.987	15.855	16.052	415.42	415.34
04:08:52	15.994	15.639	15.591	16.822	15.855	16.052	415.42	415.34
04:09:52	15.993	15.639	15.592	16.639	15.855	16.051	415.42	415.34
04:10:52	15.994	15.64	15.592	16.532	15.855	16.052	415.42	415.34
04:11:52	15.994	15.64	15.59	16.461	15.855	16.052	415.42	415.34
04:12:52	15.994	15.64	15.584	16.44	15.854	16.051	415.42	415.34
04:13:52	15.993	15.639	15.585	16.439	15.852	16.051	415.42	415.34
04:14:52	15.993	15.639	15.585	16.43	15.852	16.052	415.42	415.34
04:15:52	15.995	15.639	15.581	16.415	15.852	16.052	415.42	415.34
04:16:52	15.993	15.637	15.579	16.396	15.851	16.05	415.42	415.34
04:17:52	15.993	15.637	15.578	16.382	15.852	16.05	415.42	415.34
04:18:52	15.993	15.638	15.578	16.366	15.852	16.05	415.42	415.34
04:19:54	15.992	15.636	15.577	16.357	15.851	16.048	415.42	415.34
04:20:52	0.0	15.635	15.577	16.352	15.849	16.049	415.42	415.34
04:21:54	15.992	15.635	15.578	16.344	15.85	16.048	415.42	415.34
04:22:52	15.992	15.634	15.58	16.329	15.849	16.047	415.42	415.34
04:23:52	15.99	15.632	15.578	16.327	15.849	16.045	415.42	415.34
04:24:52	15.992	15.631	15.572	16.338	15.847	16.048	415.42	415.34
04:25:52	15.991	15.629	15.572	16.353	15.844	16.047	415.42	415.34
04:26:52	15.99	15.633	15.57	16.374	15.846	16.048	415.42	415.34
04:27:52	15.99	15.633	15.573	16.598	15.846	16.048	415.42	415.34
04:28:52	15.99	15.633	15.575	16.783	15.848	16.046	415.42	415.34
04:29:52	15.991	15.633	15.577	16.992	15.847	16.049	415.42	415.34
04:30:52	15.991	15.631	15.585	17.131	15.848	16.05	415.42	415.34
04:31:52	15.991	15.632	15.592	16.881	15.85	16.045	415.42	415.34
04:32:52	15.991	15.631	15.593	16.651	15.85	16.044	415.42	415.34
04:33:52	15.991	15.629	15.591	16.521	15.849	16.046	415.42	415.34
04:34:52	15.99	15.629	15.588	16.452	15.851	16.044	415.42	415.34
04:35:52	15.99	15.63	15.585	16.448	15.851	16.047	415.42	415.34
04:36:52	15.99	15.631	15.583	16.46	15.85	16.05	415.42	415.34
04:37:52	15.991	15.631	15.583	16.447	15.85	16.051	415.42	415.34
04:38:52	15.99	15.63	15.583	16.431	15.851	16.05	415.42	415.34
04:39:52	15.991	15.632	15.581	16.414	15.851	16.049	415.42	415.34
04:40:52	15.991	15.634	15.58	16.406	15.851	16.048	415.42	415.34
04:41:52	15.991	15.633	15.577	16.382	15.849	16.047	415.42	415.34
04:42:52	15.991	15.633	15.577	16.368	15.851	16.048	415.42	415.34
04:43:52	15.992	15.632	15.577	16.362	15.851	16.048	415.42	415.34
04:44:52	15.992	15.635	15.578	16.355	15.85	16.049	415.42	415.34
04:45:52	15.992	15.634	15.575	16.343	15.852	16.05	415.42	415.34
04:46:52	15.992	15.635	15.579	16.335	15.85	16.05	415.42	415.34
04:47:53	15.992	15.635	15.579	16.339	15.851	16.049	415.42	415.34
04:48:52	15.992	15.636	15.58	16.481	15.852	16.049	415.42	415.34
04:49:53	15.991	15.638	15.579	16.488	15.85	16.049	415.42	415.34
04:50:53	15.991	15.638	15.576	16.451	15.849	16.047	415.42	415.34
04:51:53	15.99	15.637	15.575	16.419	15.849	16.047	415.42	415.34
04:52:54	15.99	15.637	15.572	16.389	15.848	16.048	415.42	415.34
04:53:53	0.0	15.634	15.572	16.369	15.848	16.048	415.42	415.34
04:54:53	15.989	15.634	15.573	16.349	15.848	16.047	415.42	415.34
04:55:53	15.99	15.634	15.574	16.343	15.847	16.049	415.42	415.34
04:56:53	15.99	15.632	15.577	16.342	15.846	16.048	415.42	415.34
04:57:53	15.99	15.63	15.572	16.348	15.848	16.048	415.42	415.34
04:58:53	15.99	15.632	15.576	16.357	15.846	16.048	415.42	415.34
04:59:53	15.991	15.63	15.578	16.551	15.846	16.049	415.42	415.34
05:00:53	15.99	15.631	15.583	16.676	15.846	16.049	415.42	415.34
05:01:53	15.989	15.631	15.581	16.827	15.844	16.047	415.42	415.34
05:02:53	15.99	15.632	15.585	16.915	15.846	16.046	415.42	415.34
05:03:53	15.99	15.629	15.586	17.027	15.847	16.047	415.42	415.34
05:04:53	15.99	15.627	15.591	17.053	15.847	16.048	415.42	415.34
05:05:53	15.99	15.629	15.596	16.848	15.847	16.049	415.42	415.34
05:06:53	15.99	15.629	15.597	16.658	15.848	16.047	415.42	415.34
05:07:53	15.991	15.629	15.598	16.556	15.848	16.044	415.42	415.34
05:08:53	15.99	15.629	15.596	16.489	15.849	16.046	415.42	415.34
05:09:53	15.99	15.629	15.59	16.492	15.847	16.042	415.42	415.34
05:10:53	15.99	15.629	15.589	16.502	15.848	16.044	415.42	415.34
05:11:53	15.991	15.631	15.592	16.477	15.847	16.045	415.42	415.34
05:12:53	15.99	15.631	15.592	16.436	15.846	16.045	415.42	415.34
05:13:53	15.99	15.631	15.589	16.451	15.847	16.046	415.42	415.34
05:14:53	15.991	15.631	15.588	16.508	15.849	16.046	415.42	415.34
05:15:53	15.989	15.631	15.586	16.482	15.849	16.047	415.42	415.34
05:16:53	15.99	15.63	15.586	16.457	15.846	16.044	415.42	415.34
05:17:53	15.989	15.63	15.585	16.44	15.846	16.043	415.42	415.34
05:18:53	15.99	15.629	15.581	16.415	15.845	16.042	415.42	415.34
05:19:53	15.988	15.628	15.585	16.398	15.846	16.043	415.42	415.34
05:20:53	15.989	15.627	15.588	16.402	15.845	16.043	415.42	415.34
05:21:53	15.988	15.626	15.587	16.38	15.844	16.042	415.42	415.34
05:22:53	15.989	15.626	15.586	16.367	15.845	16.044	415.42	415.34
05:23:54	15.989	15.625	15.586	16.361	15.844	16.044	415.42	415.34
05:24:53	0.0	15.624	15.582	16.357	15.844	16.044	415.42	415.34
05:25:53	15.987	15.624	15.579	16.361	15.845	16.04	415.42	415.34
05:26:53	15.988	15.624	15.579	16.368	15.847	16.044	415.42	415.34
05:27:53	15.988	15.623	15.578	16.369	15.846	16.046	415.42	415.34
05:28:53	15.989	15.623	15.577	16.375	15.847	16.043	415.42	415.34
05:29:53	15.988	15.621	15.574	16.376	15.842	16.042	415.42	415.34
05:30:54	15.987	15.62	15.573	16.372	15.842	16.043	415.42	415.34
05:31:53	15.987	15.621	15.574	16.369	15.842	16.042	415.42	415.34
05:32:53	15.987	15.619	15.575	16.368	15.841	16.04	415.42	415.34
05:33:53	15.986	15.619	15.579	16.344	15.842	16.042	415.42	415.34
05:34:53	15.986	15.617	15.578	16.332	15.842	16.036	415.42	415.34
05:35:53	15.986	15.618	15.574	16.349	15.841	16.037	415.42	415.34
05:36:53	15.986	15.62	15.571	16.365	15.844	16.037	415.42	415.34
05:37:53	15.985	15.62	15.569	16.364	15.841	16.037	415.42	415.34
05:38:53	15.985	15.619	15.567	16.363	15.841	16.041	415.42	415.34
05:39:53	15.986	15.619	15.568	16.362	15.841	16.039	415.42	415.34
05:40:53	15.985	15.618	15.567	16.346	15.841	16.033	415.42	415.34
05:41:53	15.984	15.617	15.569	16.338	15.841	16.034	415.42	415.34
05:42:53	15.984	15.619	15.565	16.332	15.839	16.038	415.42	415.34
05:43:53	15.984	15.617	15.564	16.326	15.839	16.036	415.42	415.34
05:44:53	15.983	15.619	15.569	16.316	15.836	16.038	415.42	415.34
05:45:53	15.982	15.621	15.572	16.311	15.834	16.041	415.42	415.34
05:46:53	15.981	15.623	15.577	16.31	15.839	16.036	415.42	415.34
05:47:53	15.981	15.623	15.576	16.309	15.84	16.041	415.42	415.34
05:48:53	15.983	15.624	15.566	16.317	15.841	16.04	415.42	415.34
05:49:53	15.981	15.621	15.57	16.311	15.841	16.031	415.42	415.34
05:50:53	15.982	15.621	15.568	16.305	15.838	16.032	415.42	415.34
05:51:53	15.982	15.622	15.564	16.303	15.836	16.034	415.42	415.34
05:52:53	15.982	15.619	15.566	16.298	15.837	16.038	415.42	415.34
05:53:53	15.981	15.617	15.559	16.3	15.837	16.038	415.42	415.34
05:54:53	15.981	15.618	15.564	16.3	15.838	16.035	415.42	415.34
05:55:54	15.982	15.619	15.56	16.303	15.838	16.04	415.42	415.34
05:56:53	15.981	15.621	15.556	16.297	15.837	16.035	415.42	415.34
05:57:54	15.983	15.621	15.559	16.294	15.835	16.036	415.42	415.34
05:58:53	0.0	15.62	15.569	16.309	15.835	16.04	415.42	415.34
05:59:53	15.982	15.619	15.561	16.342	15.833	16.041	415.42	415.34
06:00:53	15.98	15.621	15.559	16.388	15.836	16.039	415.42	415.34
06:01:53	15.98	15.621	15.563	16.45	15.837	16.04	415.42	415.34
06:02:53	15.981	15.619	15.556	16.46	15.838	16.038	415.42	415.34
06:03:53	15.982	15.618	15.556	16.478	15.836	16.037	415.42	415.34
06:04:53	15.981	15.618	15.558	16.458	15.836	16.031	415.42	415.34
06:05:53	15.982	15.616	15.565	16.415	15.836	16.034	415.42	415.34
06:06:53	15.981	15.617	15.567	16.402	15.837	16.036	415.42	415.34
06:07:53	15.981	15.615	15.574	16.432	15.838	16.039	415.42	415.34
06:08:53	15.98	15.614	15.567	16.626	15.84	16.041	415.42	415.34
06:09:53	15.981	15.614	15.563	16.765	15.839	16.039	415.42	415.34
06:10:53	15.981	15.612	15.56	16.802	15.831	16.035	415.42	415.34
06:11:53	15.98	15.613	15.564	16.873	15.833	16.029	415.42	415.34
06:12:53	15.98	15.612	15.565	16.823	15.833	16.03	415.42	415.34
06:13:53	15.978	15.612	15.568	16.905	15.835	16.032	415.42	415.34
06:14:53	15.977	15.613	15.569	16.92	15.834	16.032	415.42	415.34
06:15:53	15.977	15.612	15.571	16.819	15.833	16.029	415.42	415.34
06:16:53	15.977	15.612	15.573	16.999	15.831	16.026	415.42	415.34
06:17:53	15.978	15.612	15.577	17.019	15.835	16.028	415.42	415.34
06:18:53	15.978	15.613	15.579	16.877	15.833	16.029	415.42	415.34
06:19:53	15.977	15.612	15.578	16.744	15.832	16.03	415.42	415.34
06:20:53	15.977	15.609	15.585	16.757	15.83	16.028	415.42	415.34
06:21:53	15.976	15.611	15.583	16.874	15.827	16.037	415.42	415.34
06:22:54	15.978	15.611	15.585	17.031	15.828	16.033	415.42	415.34
06:23:53	0.0	15.609	15.587	17.076	15.83	16.033	415.42	415.34
06:24:53	15.977	15.608	15.589	16.795	15.83	16.036	415.42	415.34
06:25:53	15.977	15.608	15.59	16.625	15.829	16.035	415.42	415.34
06:26:53	15.977	15.611	15.588	16.543	15.829	16.028	415.42	415.34
06:27:53	15.977	15.609	15.585	16.485	15.831	16.03	415.42	415.34
06:28:53	15.976	15.609	15.583	16.525	15.831	16.027	415.42	415.34
06:29:53	15.976	15.61	15.582	16.483	15.831	16.032	415.42	415.34
06:30:53	15.977	15.612	15.579	16.446	15.83	16.03	415.42	415.34
06:31:53	15.977	15.613	15.578	16.466	15.828	16.029	415.42	415.34
06:32:53	15.976	15.611	15.574	16.467	15.829	16.034	415.42	415.34
06:33:53	15.977	15.611	15.573	16.463	15.83	16.033	415.42	415.34
06:34:53	15.976	15.611	15.571	16.446	15.833	16.036	415.42	415.34
06:35:53	15.977	15.611	15.572	16.45	15.829	16.038	415.42	415.34
06:36:53	15.978	15.614	15.571	16.506	15.827	16.035	415.42	415.34
06:37:53	15.977	15.614	15.572	16.567	15.83	16.038	415.42	415.34
06:38:53	15.978	15.614	15.574	16.548	15.829	16.042	415.42	415.34
06:39:53	15.976	15.614	15.575	16.471	15.832	16.039	415.42	415.34
06:40:53	15.979	15.612	15.576	16.427	15.832	16.036	415.42	415.34
06:41:53	15.978	15.615	15.574	16.399	15.829	16.033	415.42	415.34
06:42:53	15.979	15.615	15.571	16.401	15.83	16.039	415.42	415.34
06:43:53	15.977	15.613	15.569	16.425	15.832	16.037	415.42	415.34
06:44:53	15.977	15.613	15.573	16.402	15.83	16.037	415.42	415.34
06:45:53	15.976	15.614	15.573	16.369	15.829	16.038	415.42	415.34
06:46:53	15.978	15.613	15.568	16.403	15.832	16.034	415.42	415.34
06:47:53	15.978	15.614	15.565	16.443	15.834	16.034	415.42	415.34
06:48:53	15.978	15.616	15.566	16.43	15.835	16.039	415.42	415.34
06:49:53	15.98	15.615	15.566	16.418	15.835	16.041	415.42	415.34
06:50:53	15.979	15.614	15.563	16.404	15.837	16.043	415.42	415.34
06:51:53	15.978	15.615	15.558	16.379	15.836	16.041	415.42	415.34
06:52:53	15.98	15.616	15.566	16.367	15.836	16.042	415.42	415.34
06:53:53	15.979	15.616	15.56	16.354	15.834	16.036	415.42	415.34
06:54:53	15.979	15.616	15.57	16.346	15.833	16.035	415.42	415.34
06:55:53	15.979	15.614	15.569	16.342	15.834	16.032	415.42	415.34
06:56:53	15.979	15.616	15.566	16.356	15.836	16.035	415.42	415.34
06:57:53	15.98	15.614	15.56	16.359	15.833	16.037	415.42	415.34
06:58:53	15.98	15.613	15.56	16.364	15.835	16.039	415.42	415.34
06:59:53	15.979	15.613	15.562	16.381	15.835	16.036	415.42	415.34
07:00:53	15.979	15.614	15.568	16.461	15.837	16.037	415.42	415.34
07:01:53	15.98	15.616	15.572	16.573	15.836	16.038	415.42	415.34
07:02:53	15.981	15.616	15.573	16.677	15.836	16.04	415.42	415.34
07:03:53	15.981	15.617	15.572	16.723	15.835	16.041	415.42	415.34
07:04:53	15.98	15.617	15.573	16.723	15.836	16.039	415.42	415.34
07:05:53	15.979	15.618	15.575	16.743	15.836	16.037	415.42	415.34
07:06:53	0.0	15.617	15.578	16.803	15.837	16.039	415.42	415.34
07:07:53	15.979	15.614	15.58	16.936	15.837	16.04	415.42	415.34
07:08:53	15.979	15.615	15.585	17.01	15.836	16.042	415.42	415.34
07:09:53	15.979	15.616	15.594	17.047	15.836	16.043	415.42	415.34
07:10:53	15.98	15.619	15.593	16.919	15.838	16.045	415.42	415.34
07:11:53	15.979	15.617	15.591	16.787	15.835	16.04	415.42	415.34
07:12:53	15.979	15.615	15.592	16.684	15.836	16.036	415.42	415.34
07:13:53	15.978	15.614	15.593	16.58	15.835	16.035	415.42	415.34
07:14:53	15.979	15.614	15.594	16.503	15.832	16.037	415.42	415.34
07:15:53	15.978	15.616	15.59	16.464	15.83	16.036	415.42	415.34
07:16:53	15.978	15.614	15.586	16.437	15.832	16.04	415.42	415.34
07:17:53	15.978	15.614	15.58	16.425	15.832	16.036	415.42	415.34
07:18:53	15.978	15.613	15.581	16.419	15.83	16.038	415.42	415.34
07:19:53	15.978	15.612	15.581	16.418	15.829	16.037	415.42	415.34
07:20:53	15.976	15.613	15.578	16.413	15.832	16.033	415.42	415.34
07:21:53	15.976	15.612	15.576	16.406	15.833	16.037	415.42	415.34
07:22:53	15.976	15.61	15.576	16.396	15.832	16.035	415.42	415.34
07:23:53	15.977	15.61	15.578	16.38	15.833	16.037	415.42	415.34
07:24:53	15.976	15.613	15.575	16.373	15.832	16.033	415.42	415.34
07:25:53	15.976	15.611	15.571	16.362	15.834	16.027	415.42	415.34
07:26:53	15.974	15.61	15.572	16.369	15.833	16.028	415.42	415.34
07:27:53	15.975	15.61	15.574	16.372	15.836	16.03	415.42	415.34
07:28:53	15.975	15.612	15.571	16.371	15.833	16.03	415.42	415.34
07:29:53	15.975	15.613	15.57	16.363	15.832	16.03	415.42	415.34
07:30:53	15.975	15.613	15.565	16.362	15.832	16.036	415.42	415.34
07:31:53	15.974	15.614	15.575	16.35	15.83	16.04	415.42	415.34
07:32:53	15.975	15.615	15.577	16.337	15.83	16.036	415.42	415.34
07:33:54	15.976	15.617	15.578	16.332	15.833	16.031	415.42	415.34
07:34:53	0.0	15.617	15.572	16.337	15.833	16.03	415.42	415.34
07:35:53	15.976	15.614	15.573	16.334	15.834	16.032	415.42	415.34
07:36:53	15.975	15.613	15.574	16.332	15.835	16.032	415.42	415.34
07:37:54	15.974	15.612	15.566	16.333	15.831	16.031	415.42	415.34
07:38:53	15.975	15.612	15.571	16.332	15.831	16.027	415.42	415.34
07:39:53	15.976	15.611	15.57	16.372	15.833	16.029	415.42	415.34
07:40:53	15.977	15.613	15.568	16.45	15.836	16.034	415.42	415.34
07:41:53	15.976	15.61	15.569	16.636	15.835	16.03	415.42	415.34
07:42:53	15.975	15.609	15.569	16.677	15.831	16.031	415.42	415.34
07:43:53	15.976	15.611	15.573	16.715	15.832	16.035	415.42	415.34
07:44:53	15.976	15.612	15.579	16.759	15.831	16.039	415.42	415.34
07:45:53	15.977	15.613	15.581	16.875	15.833	16.036	415.42	415.34
07:46:53	15.975	15.616	15.582	17.027	15.835	16.039	415.42	415.34
07:47:53	15.977	15.617	15.587	17.115	15.835	16.04	415.42	415.34
07:48:53	15.977	15.619	15.59	17.141	15.835	16.04	415.42	415.34
07:49:53	15.977	15.619	15.594	17.239	15.835	16.037	415.42	415.34
07:50:53	15.977	15.62	15.6	17.129	15.834	16.032	415.42	415.34
07:51:53	15.976	15.619	15.604	16.863	15.833	16.035	415.42	415.34
07:52:53	15.976	15.617	15.606	16.693	15.834	16.036	415.42	415.34
07:53:53	15.976	15.617	15.604	16.602	15.834	16.037	415.42	415.34
07:54:53	15.976	15.617	15.6	16.534	15.833	16.036	415.42	415.34
07:55:53	15.976	15.616	15.595	16.562	15.831	16.036	415.42	415.34
07:56:53	15.977	15.615	15.593	16.538	15.833	16.035	415.42	415.34
07:57:53	15.975	15.615	15.593	16.51	15.833	16.035	415.42	415.34
07:58:53	15.976	15.613	15.589	16.486	15.83	16.034	415.42	415.34
07:59:53	15.976	15.611	15.587	16.464	15.83	16.037	415.42	415.34
08:00:53	15.974	15.61	15.587	16.453	15.832	16.036	415.42	415.34
08:01:53	15.975	15.61	15.587	16.43	15.831	16.035	415.42	415.34
08:02:53	15.976	15.613	15.586	16.416	15.833	16.034	415.42	415.34
08:03:54	15.975	15.614	15.583	16.403	15.828	16.035	415.42	415.34
08:04:53	0.0	15.613	15.582	16.393	15.829	16.034	415.42	415.34
08:05:53	15.976	15.611	15.58	16.382	15.83	16.032	415.42	415.34
08:06:54	15.976	15.61	15.583	16.382	15.833	16.034	415.42	415.34
08:07:53	0.0	15.609	15.588	16.37	15.833	16.034	415.42	415.34
08:08:54	15.975	15.61	15.588	16.378	15.835	16.033	415.42	415.34
08:09:53	0.0	15.611	15.585	16.395	15.836	16.03	415.42	415.34
08:10:54	15.977	15.613	15.584	16.406	15.835	16.034	415.42	415.34
08:11:53	15.977	15.616	15.582	16.414	15.836	16.036	415.42	415.34
08:12:53	15.976	15.613	15.58	16.422	15.836	16.034	415.42	415.34
08:13:53	15.977	15.614	15.58	16.418	15.836	16.037	415.42	415.34
08:14:53	15.977	15.614	0.0	16.409	15.835	16.038	415.42	415.34
08:15:53	15.976	15.615	15.579	16.452	15.836	16.041	415.42	415.34
08:16:53	15.977	15.616	15.581	16.593	15.837	16.039	415.42	415.34
08:17:53	15.976	15.615	15.585	16.638	15.836	16.037	415.42	415.34
08:18:53	15.978	15.618	15.586	16.672	15.837	16.038	415.42	415.34
08:19:53	15.977	15.621	15.587	16.669	15.836	16.042	415.42	415.34
08:20:53	15.977	15.62	15.59	16.697	15.838	16.044	415.42	415.34
08:21:53	15.978	15.623	15.596	16.914	15.839	16.045	415.42	415.34
08:22:53	15.978	15.623	15.596	16.932	15.838	16.041	415.42	415.34
08:23:53	15.977	15.622	15.596	16.91	15.838	16.043	415.42	415.34
08:24:53	15.978	15.621	15.603	16.881	15.839	16.043	415.42	415.34
08:25:53	15.978	15.623	15.602	16.692	15.838	16.043	415.42	415.34
08:26:53	15.978	15.625	15.604	16.591	15.838	16.043	415.42	415.34
08:27:53	15.978	15.626	15.602	16.522	15.837	16.045	415.42	415.34
08:28:53	15.978	15.628	15.602	16.489	15.834	16.042	415.42	415.34
08:29:53	15.979	15.63	15.598	16.498	15.837	16.04	415.42	415.34
08:30:53	15.978	15.629	15.593	16.491	15.836	16.038	415.42	415.34
08:31:53	15.978	15.629	15.593	16.474	15.837	16.039	415.42	415.34
08:32:53	15.978	15.627	15.591	16.457	15.84	16.039	415.42	415.34
08:33:53	15.978	15.629	15.59	16.436	15.838	16.04	415.42	415.34
08:34:53	15.978	15.626	15.59	16.423	15.838	16.04	415.42	415.34
08:35:53	15.979	15.626	15.588	16.412	15.838	16.039	415.42	415.34
08:36:53	15.979	15.626	15.588	16.412	15.84	16.04	415.42	415.34
08:37:53	15.977	15.625	15.593	16.408	15.838	16.04	415.42	415.34
08:38:55	15.979	15.627	15.593	16.407	15.837	16.041	415.42	415.34
08:39:53	15.979	15.627	15.59	16.414	15.836	16.04	415.42	415.34
08:40:53	15.979	15.627	15.587	16.429	15.835	16.04	415.42	415.34
08:41:53	15.98	15.628	15.586	16.423	15.834	16.041	415.42	415.34
08:42:53	15.978	15.627	15.586	16.406	15.835	16.041	415.42	415.34
08:43:53	15.978	15.626	15.585	16.404	15.834	16.04	415.42	415.34
08:44:53	15.978	15.625	15.582	16.407	15.829	16.038	415.42	415.34
08:45:53	15.979	15.623	15.58	16.405	15.831	16.037	415.42	415.34
08:46:53	15.978	15.624	15.581	16.4	15.836	16.04	415.42	415.34
08:47:53	15.979	15.624	15.582	16.397	15.837	16.041	415.42	415.34
08:48:53	15.979	15.624	15.586	16.394	15.836	16.04	415.42	415.34
08:49:53	15.979	15.625	15.586	16.405	15.837	16.042	415.42	415.34
08:50:53	15.979	15.627	15.585	16.427	15.84	16.044	415.42	415.34
08:51:53	15.98	15.628	15.58	16.424	15.841	16.042	415.42	415.34
08:52:53	15.98	15.63	15.579	16.411	15.84	16.043	415.42	415.34
08:53:53	15.978	15.628	15.579	16.404	15.838	16.037	415.42	415.34
08:54:53	15.979	15.629	15.58	16.407	15.84	16.037	415.42	415.34
08:55:53	15.979	15.629	15.587	16.413	15.841	16.037	415.42	415.34
08:56:53	15.979	15.63	15.585	16.453	15.84	16.039	415.42	415.34
08:57:53	15.98	15.629	15.585	16.501	15.84	16.04	415.42	415.34
08:58:53	15.98	15.628	15.587	16.537	15.839	16.04	415.42	415.34
08:59:53	15.978	15.627	15.587	16.559	15.838	16.04	415.42	415.34
09:00:53	15.979	15.626	15.589	16.582	15.84	16.041	415.42	415.34
09:01:53	15.979	15.627	15.591	16.629	15.839	16.039	415.42	415.34
09:02:54	15.978	15.626	15.592	16.678	15.838	16.036	415.42	415.34
09:03:53	15.978	15.625	15.593	16.714	15.835	16.033	415.42	415.34
09:04:54	15.978	15.623	15.596	16.81	15.835	16.034	415.42	415.34
09:05:53	15.979	15.624	15.599	16.923	15.835	16.036	415.42	415.34
09:06:53	15.979	15.623	15.604	17.06	15.836	16.04	415.42	415.34
09:07:53	15.979	15.622	15.605	16.86	15.835	16.035	415.42	415.34
09:08:53	15.979	15.624	15.606	16.689	15.835	16.034	415.42	415.34
09:09:53	15.978	15.622	15.609	16.579	15.834	16.032	415.42	415.34
09:10:53	15.976	15.619	15.606	16.52	15.834	16.033	415.42	415.34
09:11:53	15.977	15.622	15.604	16.506	15.836	16.032	415.42	415.34
09:12:53	15.977	15.623	15.6	16.508	15.838	16.031	415.42	415.34
09:13:53	15.977	15.624	15.598	16.488	15.838	16.035	415.42	415.34
09:14:53	15.978	15.624	15.598	16.476	15.837	16.033	415.42	415.34
09:15:53	15.978	15.623	15.596	16.464	15.837	16.033	415.42	415.34
09:16:53	15.978	15.625	15.596	16.451	15.837	16.036	415.42	415.34
09:17:53	15.978	15.625	15.597	16.436	15.84	16.041	415.42	415.34
09:18:53	15.979	15.626	15.597	16.421	15.84	16.042	415.42	415.34
09:19:53	15.979	15.626	15.594	16.414	15.838	16.035	415.42	415.34
09:20:54	15.978	15.627	15.593	16.411	15.837	16.037	415.42	415.34
09:21:53	15.977	15.626	15.59	16.402	15.836	16.037	415.42	415.34
09:22:53	15.977	15.625	15.588	16.398	15.834	16.035	415.42	415.34
09:23:53	15.977	15.625	15.594	16.399	15.834	16.038	415.42	415.34
09:24:53	15.978	15.625	15.598	16.398	15.834	16.039	415.42	415.34
09:25:53	15.978	15.625	15.594	16.457	15.836	16.041	415.42	415.34
09:26:53	15.978	15.627	15.594	16.558	15.836	16.042	415.42	415.34
09:27:53	15.979	15.627	15.594	16.53	15.837	16.044	415.42	415.34
09:28:53	15.981	15.629	15.592	16.498	15.837	16.041	415.42	415.34
09:29:53	15.98	15.629	15.594	16.48	15.838	16.04	415.42	415.34
09:30:53	15.981	15.632	15.594	16.462	15.841	16.041	415.42	415.34
09:31:53	15.98	15.631	15.593	16.448	15.841	16.044	415.42	415.34
09:32:53	15.982	15.631	15.596	16.435	15.843	16.045	415.42	415.34
09:33:53	15.981	15.632	15.597	16.424	15.844	16.046	415.42	415.34
09:34:53	15.98	15.632	15.596	16.414	15.841	0.0	415.42	415.34
09:35:53	15.98	15.632	15.595	16.412	15.841	16.04	415.42	415.34
09:36:53	15.98	15.633	15.592	16.399	15.841	16.039	415.42	415.34
09:37:53	15.979	15.632	15.588	16.386	15.839	16.04	415.42	415.34
09:38:53	15.98	15.631	15.593	16.384	15.84	16.04	415.42	415.34
09:39:53	15.98	15.631	15.595	16.39	15.839	16.039	415.42	415.34
09:40:53	15.979	15.628	15.589	16.39	15.837	16.04	415.42	415.34
09:41:53	15.979	15.625	15.587	16.397	15.837	16.037	415.42	415.34
09:42:53	15.978	15.623	15.586	16.403	15.836	16.033	415.42	415.34
09:43:53	15.977	15.623	15.587	16.41	15.833	16.032	415.42	415.34
09:44:53	15.978	15.622	15.586	16.418	15.834	16.032	415.42	415.34
09:45:53	15.978	15.621	15.584	16.418	15.837	16.034	415.42	415.34
09:46:53	15.979	15.622	15.588	16.497	15.835	16.036	415.42	415.34
09:47:53	15.981	15.63	15.597	16.597	15.845	16.04	415.42	415.34
09:48:54	15.981	15.632	15.597	16.542	15.844	16.038	415.42	415.34
09:49:53	15.98	15.634	15.594	16.483	15.844	16.039	415.42	415.34
09:50:53	15.98	15.635	15.59	16.453	15.841	16.037	415.42	415.34
09:51:53	15.98	15.634	15.592	16.445	15.841	16.037	415.42	415.34
09:52:53	15.979	15.633	15.587	16.452	15.838	16.034	415.42	415.34
09:53:53	15.979	15.631	15.588	16.441	15.839	16.035	415.42	415.34
09:54:53	15.98	15.632	15.588	16.426	15.841	16.039	415.42	415.34
09:55:53	15.979	15.63	15.591	16.426	15.841	16.038	415.42	415.34
09:56:53	15.98	15.63	15.592	16.422	15.84	16.039	415.42	415.34
09:57:53	15.98	15.629	15.591	16.465	15.839	16.038	415.42	415.34
09:58:53	15.98	15.63	15.59	16.499	15.839	16.037	415.42	415.34
09:59:53	15.981	15.632	15.589	16.476	15.84	16.036	415.42	415.34
10:00:53	15.981	15.632	15.586	16.449	15.84	16.035	415.42	415.34
10:01:53	15.981	15.631	15.585	16.429	15.839	16.037	415.42	415.34
10:02:53	15.981	15.63	15.581	16.411	15.838	16.038	415.42	415.34
10:03:53	15.98	15.63	15.59	16.388	15.836	16.037	415.42	415.34
10:04:53	15.98	15.627	15.59	16.387	15.837	16.038	415.42	415.34
10:05:53	15.979	15.625	15.588	16.384	15.831	16.038	415.42	415.34
10:06:53	15.98	15.623	15.587	16.382	15.833	16.032	415.42	415.34
10:07:53	15.979	15.626	15.588	16.372	15.834	16.033	415.42	415.34
10:08:53	15.98	15.625	15.585	16.364	15.837	16.033	415.42	415.34
10:09:53	15.979	15.625	15.585	16.357	15.836	16.03	415.42	415.34
10:10:53	15.978	15.625	15.586	16.359	15.839	16.032	415.42	415.34
10:11:53	15.978	15.627	15.586	16.36	15.84	16.038	415.42	415.34
10:12:53	15.979	15.627	15.581	16.371	15.838	16.037	415.42	415.34
10:13:53	15.98	15.627	15.582	16.382	15.841	16.04	415.42	415.34
10:14:53	15.981	15.63	15.582	16.381	15.844	16.039	415.42	415.34
10:15:53	15.981	15.632	15.582	16.382	15.843	16.039	415.42	415.34
10:16:53	15.982	15.632	15.581	16.389	15.843	16.04	415.42	415.34
10:17:54	15.982	15.634	15.582	16.378	15.845	16.04	415.42	415.34
10:18:53	15.982	15.635	15.585	16.371	15.842	16.04	415.42	415.34
10:19:53	15.983	15.636	15.586	16.366	15.843	16.037	415.42	415.34
10:20:53	15.984	15.636	15.588	16.365	15.843	16.04	415.42	415.34
10:21:53	15.983	15.637	15.585	16.36	15.843	16.04	415.42	415.34
10:22:53	15.983	15.638	15.584	16.355	15.844	16.039	415.42	415.34
10:23:53	15.983	15.637	15.579	16.352	15.842	16.04	415.42	415.34
10:24:53	15.983	15.636	15.578	16.355	15.841	16.04	415.42	415.34
10:25:53	15.983	15.636	15.578	16.355	15.843	16.038	415.42	415.34
10:26:53	15.984	15.637	15.577	16.355	15.842	16.04	415.42	415.34
10:27:55	15.983	15.635	15.576	16.348	15.842	16.038	415.42	415.34
10:28:53	15.983	15.636	15.58	16.345	15.843	16.039	415.42	415.34
10:29:53	15.984	15.636	15.582	16.344	15.846	16.041	415.42	415.34
10:30:53	15.984	15.637	15.58	16.374	15.844	16.039	415.42	415.34
10:31:53	15.984	15.636	15.576	16.529	15.842	16.04	415.42	415.34
10:32:53	15.982	15.635	15.577	16.49	15.838	16.037	415.42	415.34
10:33:53	15.983	15.634	15.58	16.424	15.837	16.037	415.42	415.34
10:34:53	15.984	15.633	15.579	16.38	15.837	16.034	415.42	415.34
10:35:53	15.983	15.633	15.58	16.359	15.838	16.037	415.42	415.34
10:36:53	15.983	15.632	15.579	16.34	15.836	16.038	415.42	415.34
10:37:53	15.983	15.633	15.576	16.332	15.838	16.037	415.42	415.34
10:38:53	15.983	15.633	15.574	16.336	15.838	16.04	415.42	415.34
10:39:53	15.983	15.634	15.573	16.343	15.84	16.04	415.42	415.34
10:40:53	15.982	15.633	15.57	16.34	15.838	16.04	415.42	415.34
10:41:53	15.984	15.632	15.572	16.338	15.837	16.041	415.42	415.34
10:42:53	15.983	15.634	15.569	16.338	15.84	16.042	415.42	415.34
10:43:53	15.984	15.635	15.572	16.338	15.841	16.041	415.42	415.34
10:44:53	15.984	15.634	15.572	16.338	15.839	16.043	415.42	415.34
10:45:53	15.984	15.634	15.572	16.346	15.843	16.042	415.42	415.34
10:46:53	15.984	15.636	15.572	16.343	15.842	16.039	415.42	415.34
10:47:53	15.984	15.637	15.574	16.334	15.843	16.038	415.42	415.34
10:48:53	15.984	15.637	15.573	16.331	15.843	16.039	415.42	415.34
10:49:53	15.984	15.637	15.569	16.367	15.841	16.04	415.42	415.34
10:50:53	15.984	15.635	15.564	16.371	15.841	16.039	415.42	415.34
10:51:53	15.984	15.635	15.567	16.36	15.841	16.038	415.42	415.34
10:52:53	15.983	15.636	15.566	16.349	15.842	16.04	415.42	415.34
10:53:53	15.983	15.635	15.567	16.34	15.839	16.036	415.42	415.34
10:54:53	15.984	15.634	15.572	16.336	15.839	16.037	415.42	415.34
10:55:53	15.985	15.634	15.568	16.336	15.839	16.039	415.42	415.34
10:56:53	15.983	15.633	15.567	16.333	15.84	16.039	415.42	415.34
10:57:53	15.984	15.634	15.566	16.324	15.841	16.037	415.42	415.34
10:58:53	15.983	15.636	15.569	16.326	15.843	16.04	415.42	415.34
10:59:53	15.984	15.636	15.569	16.326	15.843	16.041	415.42	415.34
11:00:53	15.984	15.636	15.567	16.336	15.842	16.041	415.42	415.34
11:01:54	15.984	15.636	15.568	16.394	15.841	16.04	415.42	415.34
11:02:53	15.984	15.637	15.569	16.439	15.843	16.04	415.42	415.34
11:03:54	15.984	15.637	15.568	16.57	15.842	16.04	415.42	415.34
11:04:53	15.985	15.638	15.57	16.605	15.842	16.039	415.42	415.34
11:05:55	15.985	15.638	15.57	16.616	15.841	16.04	415.42	415.34
11:06:53	15.983	15.636	15.571	16.64	15.838	16.039	415.42	415.34
11:07:53	15.984	15.635	15.572	16.647	15.838	16.041	415.42	415.34
11:08:53	15.984	15.635	15.576	16.64	15.841	16.041	415.42	415.34
11:09:53	15.983	15.635	15.577	16.619	15.84	16.038	415.42	415.34
11:10:53	15.984	15.635	15.578	16.804	15.838	16.038	415.42	415.34
11:11:53	15.984	15.635	15.58	16.823	15.839	16.04	415.42	415.34
11:12:53	15.983	15.634	15.582	16.751	15.84	16.041	415.42	415.34
11:13:53	15.985	15.637	15.585	16.857	15.846	16.043	415.42	415.34
11:14:53	15.985	15.64	15.571	16.846	15.843	16.042	415.42	415.34
11:15:53	15.985	15.64	15.58	16.86	15.842	16.038	415.42	415.34
11:16:53	15.984	15.64	15.586	16.909	15.841	16.038	415.42	415.34
11:17:53	15.984	15.64	15.566	16.898	15.843	16.036	415.42	415.34
11:18:53	15.985	15.641	15.56	16.988	15.844	16.038	415.42	415.34
11:19:53	15.985	15.641	15.577	16.779	15.844	16.036	415.42	415.34
11:20:53	15.984	15.64	15.567	16.636	15.843	16.037	415.42	415.34
11:21:53	15.985	15.638	15.553	16.553	15.842	16.035	415.42	415.34
11:22:53	15.985	15.637	15.56	16.499	15.842	16.035	415.42	415.34
11:23:53	15.985	15.637	15.519	16.494	15.844	16.041	415.42	415.34
11:24:53	15.986	15.637	15.489	16.486	15.841	16.038	415.42	415.34
11:25:53	15.985	15.638	15.481	16.465	15.841	16.041	415.42	415.34
11:26:53	15.986	15.637	15.473	16.446	15.84	16.04	415.42	415.34
11:27:53	15.985	15.637	15.456	16.432	15.841	16.042	415.42	415.34
11:28:53	15.985	15.634	15.468	16.412	15.836	16.032	415.42	415.34
11:29:53	15.983	15.631	15.511	16.388	15.835	16.031	415.42	415.34
11:30:53	15.983	15.63	15.53	16.382	15.834	16.036	415.42	415.34
11:31:53	15.982	15.628	15.539	16.368	15.832	16.034	415.42	415.34
11:32:53	15.981	15.626	15.548	16.356	15.832	16.036	415.42	415.34
11:33:53	15.982	15.625	15.55	16.351	15.831	16.039	415.42	415.34
11:34:53	15.981	15.625	15.551	16.412	15.828	16.038	415.42	415.34
11:35:53	15.982	15.624	15.553	16.48	15.832	16.037	415.42	415.34
11:36:55	15.981	15.623	15.554	16.454	15.834	16.038	415.42	415.34
11:37:53	15.981	15.624	15.553	16.433	15.833	16.035	415.42	415.34
11:38:53	15.982	15.625	15.557	16.448	15.832	16.032	415.42	415.34
11:39:53	15.981	15.626	15.561	16.759	15.834	16.032	415.42	415.34
11:40:53	15.982	15.627	15.566	16.931	15.833	16.035	415.42	415.34
11:41:53	15.982	15.63	15.572	16.912	15.836	16.037	415.42	415.34
11:42:53	15.983	15.63	15.578	16.702	15.835	16.038	415.42	415.34
11:43:53	15.983	15.631	15.58	16.583	15.837	16.037	415.42	415.34
11:44:53	15.982	15.631	15.578	16.503	15.837	16.039	415.42	415.34
11:45:53	15.984	15.631	15.576	16.468	15.837	16.041	415.42	415.34
11:46:53	15.983	15.63	15.574	16.478	15.837	16.043	415.42	415.34
11:47:53	15.983	15.63	15.572	16.455	15.837	16.042	415.42	415.34
11:48:53	15.983	15.632	15.572	16.433	15.838	16.043	415.42	415.34
11:49:53	15.983	15.632	15.577	16.419	15.838	16.04	415.42	415.34
11:50:53	15.983	15.633	15.576	16.404	15.839	16.043	415.42	415.34
11:51:53	15.983	15.634	15.575	16.469	15.839	16.044	415.42	415.34
11:52:53	15.983	15.635	15.573	16.528	15.84	16.038	415.42	415.34
11:53:53	15.983	15.635	15.576	16.479	15.841	16.039	415.42	415.34
11:54:53	15.983	15.638	15.58	16.441	15.84	16.039	415.42	415.34
11:55:53	15.984	15.637	15.581	16.426	15.841	16.038	415.42	415.34
11:56:53	15.985	15.637	15.582	16.415	15.841	16.039	415.42	415.34
11:57:53	15.984	15.637	15.579	16.389	15.841	16.04	415.42	415.34
11:58:53	15.985	15.639	15.579	16.385	15.84	16.04	415.42	415.34
11:59:53	15.984	15.638	15.578	16.393	15.841	16.039	415.42	415.34
12:00:53	15.982	15.639	15.575	16.39	15.842	16.04	415.42	415.34
12:01:53	15.984	15.64	15.574	16.386	15.844	16.037	415.42	415.34
12:02:53	15.984	15.639	15.573	16.385	15.843	16.037	415.42	415.34
12:03:53	15.984	15.641	15.574	16.391	15.842	16.036	415.42	415.34
12:04:53	15.983	15.64	15.572	16.384	15.843	16.037	415.42	415.34
12:05:53	15.983	15.64	15.573	16.382	15.843	16.034	415.42	415.34
12:06:53	15.984	15.64	15.572	16.371	15.844	16.036	415.42	415.34
12:07:53	15.985	15.64	15.572	16.366	15.845	16.04	415.42	415.34
12:08:53	15.985	15.64	15.577	16.36	15.845	16.044	415.42	415.34
12:09:53	15.985	15.641	15.576	16.364	15.845	16.045	415.42	415.34
12:10:53	15.985	15.64	15.572	16.376	15.844	16.042	415.42	415.34
12:11:54	15.985	15.639	15.571	16.407	15.844	16.044	415.42	415.34
12:12:53	15.985	15.64	15.575	16.415	15.844	16.043	415.42	415.34
12:13:53	15.984	15.638	15.572	16.409	15.846	16.044	415.42	415.34
12:14:53	15.985	15.64	15.571	16.417	15.845	16.041	415.42	415.34
12:15:53	15.984	15.639	15.575	16.637	15.843	16.04	415.42	415.34
12:16:53	15.986	15.638	15.578	16.839	15.843	16.039	415.42	415.34
12:17:53	15.985	15.638	15.581	16.76	15.841	16.037	415.42	415.34
12:18:55	15.985	15.637	15.588	16.637	15.842	16.039	415.42	415.34
12:19:53	15.985	15.637	15.589	16.533	15.842	16.04	415.42	415.34
12:20:53	15.984	15.637	15.587	16.47	15.843	16.04	415.42	415.34
12:21:53	15.984	15.637	15.586	16.461	15.841	16.042	415.42	415.34
12:22:53	15.986	15.637	15.584	16.481	15.84	16.041	415.42	415.34
12:23:53	15.985	15.637	15.581	16.456	15.84	16.042	415.42	415.34
12:24:53	15.984	15.636	15.579	16.433	15.84	16.042	415.42	415.34
12:25:53	15.984	15.636	15.58	16.411	15.837	16.041	415.42	415.34
12:26:53	15.984	15.636	15.579	16.408	15.839	16.04	415.42	415.34
12:27:53	15.984	15.636	15.579	16.401	15.841	16.04	415.42	415.34
12:28:53	15.984	15.634	15.577	16.384	15.839	16.038	415.42	415.34
12:29:53	15.985	15.634	15.576	16.376	15.839	16.038	415.42	415.34
12:30:53	15.985	15.633	15.574	16.374	15.837	16.04	415.42	415.34
12:31:53	15.983	15.633	15.575	16.369	15.836	16.041	415.42	415.34
12:32:53	15.983	15.632	15.581	16.368	15.838	16.042	415.42	415.34
12:33:53	15.983	15.63	15.583	16.364	15.838	16.04	415.42	415.34
12:34:53	15.983	15.631	15.581	16.391	15.834	16.039	415.42	415.34
12:35:53	15.984	15.631	15.579	16.464	15.834	16.037	415.42	415.34
12:36:53	15.983	15.628	15.576	16.456	15.836	16.039	415.42	415.34
12:37:53	15.984	15.631	15.576	16.426	15.839	16.038	415.42	415.34
12:38:53	15.985	15.63	15.577	16.42	15.837	16.04	415.42	415.34
12:39:53	15.983	15.627	15.578	16.417	15.84	16.042	415.42	415.34
12:40:53	15.983	15.627	15.579	16.406	15.838	16.041	415.42	415.34
12:41:53	15.984	15.629	15.583	16.452	15.839	16.042	415.42	415.34
12:42:53	15.983	15.629	15.581	16.523	15.84	16.044	415.42	415.34
12:43:53	15.984	15.63	15.58	16.547	15.839	16.041	415.42	415.34
12:44:53	15.984	15.631	15.581	16.573	15.839	16.041	415.42	415.34
12:45:53	15.984	15.631	15.585	16.603	15.839	16.042	415.42	415.34
12:46:53	15.983	15.632	15.589	16.73	15.842	16.039	415.42	415.34
12:47:53	15.985	15.632	15.591	16.898	15.842	16.04	415.42	415.34
12:48:53	15.984	15.633	15.592	16.897	15.844	16.039	415.42	415.34
12:49:54	15.985	15.635	15.595	16.81	15.843	16.039	415.42	415.34
12:50:53	0.0	15.636	15.598	16.805	15.845	16.041	415.42	415.34
12:51:53	15.985	15.638	15.599	16.784	15.845	16.041	415.42	415.34
12:52:53	15.985	15.64	15.602	16.764	15.847	16.042	415.42	415.34
12:53:53	15.984	15.641	15.603	16.644	15.848	16.044	415.42	415.34
12:54:53	15.986	15.641	15.604	16.545	15.846	16.04	415.42	415.34
12:55:53	15.984	15.64	15.602	16.474	15.845	16.041	415.42	415.34
12:56:53	15.985	15.641	15.597	16.438	15.844	16.038	415.42	415.34
12:57:53	15.985	15.642	15.597	16.441	15.844	16.038	415.42	415.34
12:58:53	15.985	15.642	15.594	16.447	15.846	16.036	415.42	415.34
12:59:53	15.984	15.641	15.591	16.436	15.844	16.036	415.42	415.34
13:00:53	15.986	15.641	15.591	16.415	15.845	16.038	415.42	415.34
13:01:53	15.985	15.641	15.589	16.4	15.845	16.043	415.42	415.34
13:02:53	15.985	15.639	15.586	16.378	15.846	16.04	415.42	415.34
13:03:53	15.985	15.639	15.585	16.371	15.844	16.04	415.42	415.34
13:04:53	15.986	15.639	15.584	16.362	15.845	16.041	415.42	415.34
13:05:53	15.984	15.638	15.584	16.353	15.844	16.038	415.42	415.34
13:06:53	15.985	15.638	15.586	16.339	15.843	16.038	415.42	415.34
13:07:53	15.986	15.637	15.584	16.332	15.841	16.034	415.42	415.34
13:08:53	15.985	15.634	15.58	16.342	15.839	16.032	415.42	415.34
13:09:53	15.984	15.633	15.579	16.358	15.837	16.037	415.42	415.34
13:10:53	15.983	15.632	15.576	16.36	15.837	16.039	415.42	415.34
13:11:53	15.985	15.631	15.574	16.353	15.839	16.04	415.42	415.34
13:12:53	15.984	15.631	15.575	16.352	15.837	16.042	415.42	415.34
13:13:53	15.984	15.632	15.576	16.347	15.836	16.042	415.42	415.34
13:14:53	15.985	15.633	15.578	16.345	15.837	16.041	415.42	415.34
13:15:53	15.985	15.633	15.582	16.344	15.839	16.041	415.42	415.34
13:16:53	15.985	15.635	15.581	16.338	15.841	16.043	415.42	415.34
13:17:53	15.986	15.636	15.58	16.341	15.84	16.04	415.42	415.34
13:18:53	15.986	15.637	15.575	16.341	15.841	16.042	415.42	415.34
13:19:53	15.986	15.636	15.572	16.342	15.843	16.04	415.42	415.34
13:20:53	15.985	15.638	15.574	16.339	15.844	16.043	415.42	415.34
13:21:53	15.985	15.638	15.579	16.33	15.841	16.04	415.42	415.34
13:22:53	15.985	15.638	15.58	16.396	15.841	16.037	415.42	415.34
13:23:53	15.986	15.638	15.581	16.575	15.841	16.037	415.42	415.34
13:24:53	15.986	15.637	15.579	16.693	15.839	16.037	415.42	415.34
13:25:53	15.986	15.636	15.582	16.68	15.838	16.039	415.42	415.34
13:26:53	15.986	15.635	15.586	16.651	15.84	16.039	415.42	415.34
13:27:53	15.986	15.634	15.586	16.682	15.842	16.038	415.42	415.34
13:28:53	15.986	15.634	15.587	16.682	15.84	16.039	415.42	415.34
13:29:53	15.986	15.635	15.59	16.599	15.84	16.04	415.42	415.34
13:30:53	15.986	15.635	15.59	16.622	15.84	16.04	415.42	415.34
13:31:53	15.987	15.636	15.592	16.684	15.84	16.038	415.42	415.34
13:32:53	15.987	15.636	15.593	16.771	15.841	16.04	415.42	415.34
13:33:53	15.987	15.638	15.596	16.895	15.843	16.041	415.42	415.34
13:34:54	15.987	15.639	15.598	16.842	15.843	16.038	415.42	415.34
13:35:54	15.986	15.639	15.6	16.929	15.84	16.038	415.42	415.34
13:36:54	15.987	15.64	15.601	17.018	15.84	16.039	415.42	415.34
13:37:54	15.987	15.641	15.606	16.915	15.842	16.038	415.42	415.34
13:38:54	15.986	15.642	15.608	16.729	15.844	16.038	415.42	415.34
13:39:54	15.986	15.641	15.607	16.587	15.842	16.039	415.42	415.34
13:40:54	15.987	15.64	15.606	16.506	15.841	16.038	415.42	415.34
13:41:54	15.986	15.638	15.602	16.449	15.841	16.038	415.42	415.34
13:42:54	15.987	15.637	15.597	16.444	15.84	16.04	415.42	415.34
13:43:54	15.987	15.636	15.595	16.437	15.84	16.039	415.42	415.34
13:44:54	15.986	15.636	15.593	16.421	15.839	16.04	415.42	415.34
13:45:54	15.986	15.635	15.59	16.405	15.838	16.038	415.42	415.34
13:46:54	15.986	15.633	15.59	16.386	15.838	16.04	415.42	415.34
13:47:54	15.986	15.634	15.589	16.368	15.839	16.041	415.42	415.34
13:48:54	15.985	15.635	15.594	16.351	15.839	16.04	415.42	415.34
13:49:54	15.986	15.637	15.59	16.345	15.839	16.038	415.42	415.34
13:50:54	15.986	15.637	15.594	16.342	15.84	16.04	415.42	415.34
13:51:54	15.986	15.637	15.592	16.338	15.839	16.039	415.42	415.34
13:52:54	15.986	15.638	15.588	16.337	15.839	16.04	415.42	415.34
13:53:54	15.986	15.638	15.582	16.342	15.841	16.041	415.42	415.34
13:54:54	15.987	15.638	15.581	16.341	15.838	16.04	415.42	415.34
13:55:54	15.986	15.638	15.582	16.338	15.841	16.038	415.42	415.34
13:56:54	15.987	15.639	15.583	16.335	15.842	16.037	415.42	415.34
13:57:54	15.988	15.638	15.583	16.335	15.841	16.039	415.42	415.34
13:58:54	15.987	15.639	15.577	16.329	15.841	16.039	415.42	415.34
13:59:54	15.988	15.638	15.585	16.324	15.842	16.04	415.42	415.34
14:00:54	15.986	15.638	15.582	16.318	15.842	16.04	415.42	415.34
14:01:54	15.986	15.638	15.581	16.317	15.841	16.038	415.42	415.34
14:02:54	15.987	15.638	15.581	16.319	15.841	16.039	415.42	415.34
14:03:54	15.987	15.64	15.578	16.318	15.844	16.04	415.42	415.34
14:04:54	15.986	15.639	15.579	16.315	15.844	16.041	415.42	415.34
14:05:54	15.987	15.639	15.578	16.309	15.845	16.042	415.42	415.34
14:06:54	15.987	15.639	15.579	16.302	15.842	16.04	415.42	415.34
14:07:54	15.986	15.64	15.581	16.299	15.843	16.04	415.42	415.34
14:08:54	15.987	15.64	15.574	16.299	15.842	16.039	415.42	415.34
14:09:54	15.987	15.639	15.574	16.298	15.842	16.038	415.42	415.34
14:10:55	15.986	15.638	15.577	16.302	15.841	16.039	415.42	415.34
14:11:54	15.987	15.639	15.577	16.354	15.84	16.039	415.42	415.34
14:12:55	15.987	15.637	15.577	16.481	15.841	16.039	415.42	415.34
14:13:54	15.987	15.637	15.579	16.589	15.84	16.038	415.42	415.34
14:14:54	15.987	15.636	15.58	16.554	15.84	16.039	415.42	415.34
14:15:54	15.987	15.637	15.585	16.573	15.838	16.039	415.42	415.34
14:16:54	15.988	15.638	15.589	16.558	15.837	16.04	415.42	415.34
14:17:54	15.987	15.637	15.589	16.64	15.841	16.04	415.42	415.34
14:18:54	15.988	15.637	15.588	16.705	15.842	16.041	415.42	415.34
14:19:54	15.987	15.638	15.588	16.765	15.841	16.04	415.42	415.34
14:20:54	15.987	15.638	15.589	16.801	15.84	16.039	415.42	415.34
14:21:54	15.986	15.638	15.592	16.889	15.841	16.039	415.42	415.34
14:22:54	15.987	15.638	15.593	16.849	15.841	16.038	415.42	415.34
14:23:54	15.986	15.638	15.593	16.77	15.839	16.038	415.42	415.34
14:24:54	15.985	15.637	15.596	16.72	15.838	16.037	415.42	415.34
14:25:54	15.986	15.637	15.596	16.671	15.838	16.036	415.42	415.34
14:26:54	15.986	15.636	15.598	16.619	15.836	16.036	415.42	415.34
14:27:54	15.986	15.635	15.6	16.54	15.836	16.034	415.42	415.34
14:28:54	15.986	15.632	15.6	16.465	15.837	16.035	415.42	415.34
14:29:54	15.985	15.633	15.598	16.42	15.837	16.037	415.42	415.34
14:30:54	15.986	15.633	15.596	16.395	15.84	16.038	415.42	415.34
14:31:54	15.986	15.633	15.592	16.393	15.838	16.038	415.42	415.34
14:32:54	15.986	15.635	15.588	16.388	15.84	16.037	415.42	415.34
14:33:54	15.986	15.635	15.588	16.38	15.838	16.037	415.42	415.34
14:34:54	15.987	15.637	15.585	16.367	15.84	16.038	415.42	415.34
14:35:54	15.986	15.638	15.583	16.354	15.84	16.039	415.42	415.34
14:36:54	15.987	15.636	15.583	16.345	15.839	16.038	415.42	415.34
14:37:54	15.986	15.637	15.58	16.336	15.838	16.038	415.42	415.34
14:38:54	15.987	15.635	15.58	16.334	15.84	16.039	415.42	415.34
14:39:54	15.987	15.634	15.586	16.324	15.839	16.037	415.42	415.34
14:40:54	15.987	15.633	15.584	16.31	15.838	16.035	415.42	415.34
14:41:54	15.987	15.634	15.583	16.395	15.837	16.038	415.42	415.34
14:42:54	15.986	15.634	15.578	16.43	15.839	16.037	415.42	415.34
14:43:54	15.987	15.635	15.584	16.397	15.84	16.039	415.42	415.34
14:44:54	15.988	15.635	15.586	16.357	15.838	16.036	415.42	415.34
14:45:54	15.988	15.634	15.584	16.334	15.838	16.037	415.42	415.34
14:46:54	15.986	15.635	15.583	16.323	15.839	16.034	415.42	415.34
14:47:54	15.986	15.634	15.581	16.317	15.838	16.033	415.42	415.34
14:48:54	15.986	15.633	15.579	16.318	15.838	16.035	415.42	415.34
14:49:54	15.986	15.634	15.575	16.32	15.838	16.037	415.42	415.34
14:50:54	15.986	15.634	15.573	16.315	15.838	16.036	415.42	415.34
14:51:54	15.987	15.634	15.574	16.307	15.838	16.037	415.42	415.34
14:52:54	15.988	15.635	15.575	16.305	15.84	16.037	415.42	415.34
14:53:54	15.987	15.635	15.578	16.313	15.838	16.034	415.42	415.34
14:54:54	15.986	15.632	15.577	16.322	15.839	16.037	415.42	415.34
14:55:55	15.987	15.634	15.579	16.361	15.84	16.037	415.42	415.34
14:56:54	15.986	15.635	15.579	16.393	15.84	16.037	415.42	415.34
14:57:54	15.986	15.636	15.578	16.406	15.841	16.037	415.42	415.34
14:58:54	15.986	15.636	15.579	16.415	15.84	16.034	415.42	415.34
14:59:54	15.988	15.637	15.58	16.422	15.839	16.036	415.42	415.34
15:00:54	15.986	15.637	15.582	16.428	15.84	16.035	415.42	415.34
15:01:54	15.986	15.637	15.588	16.426	15.839	16.037	415.42	415.34
15:02:54	15.985	15.635	15.588	16.411	15.839	16.037	415.42	415.34
15:03:54	15.986	15.636	15.591	16.409	15.838	16.037	415.42	415.34
15:04:54	15.987	15.635	15.591	16.416	15.838	16.037	415.42	415.34
15:05:54	15.986	15.635	15.596	16.433	15.84	16.039	415.42	415.34
15:06:54	15.987	15.633	15.597	16.438	15.839	16.039	415.42	415.34
15:07:54	15.987	15.635	15.592	0.0	15.842	16.039	415.42	415.34
15:08:54	15.987	15.636	15.596	16.471	15.841	16.038	415.42	415.34
15:09:54	15.986	15.636	15.599	16.479	15.841	16.036	415.42	415.34
15:10:54	15.987	15.636	15.598	16.489	15.841	16.036	415.42	415.34
15:11:54	15.987	15.638	15.601	16.501	15.841	16.037	415.42	415.34
15:12:54	15.987	15.637	15.604	16.5	15.838	16.037	415.42	415.34
15:13:55	15.985	15.637	15.604	16.507	15.838	16.038	415.42	415.34
15:14:54	15.986	15.637	15.604	16.501	15.839	16.039	415.42	415.34
15:15:54	15.987	15.637	15.605	16.507	15.84	16.038	415.42	415.34
15:16:54	15.986	15.635	15.609	16.511	15.84	16.037	415.42	415.34
15:17:54	15.986	15.636	15.613	16.508	15.84	16.036	415.42	415.34
15:18:54	15.986	15.636	15.613	16.506	15.841	16.036	415.42	415.34
15:19:54	15.986	15.637	15.614	16.514	15.841	16.04	415.42	415.34
15:20:54	15.987	15.636	15.614	16.516	15.843	16.04	415.42	415.34
15:21:54	15.986	15.637	15.617	16.511	15.841	16.04	415.42	415.34
15:22:54	15.986	15.636	15.62	16.496	15.843	16.04	415.42	415.34
15:23:54	15.987	15.637	15.62	16.536	15.842	16.04	415.42	415.34
15:24:54	15.987	15.636	15.621	16.571	15.838	16.04	415.42	415.34
15:25:54	15.986	15.635	15.622	16.573	15.841	16.038	415.42	415.34
15:26:54	15.987	15.635	15.624	16.573	15.84	16.037	415.42	415.34
15:27:54	15.986	15.635	15.624	16.569	15.84	16.039	415.42	415.34
15:28:54	15.985	15.635	15.623	16.562	15.839	16.039	415.42	415.34
15:29:54	15.986	15.636	15.633	16.552	15.842	16.038	415.42	415.34
15:30:54	15.987	15.636	15.634	16.535	15.841	16.039	415.42	415.34
15:31:54	15.987	15.637	15.636	16.525	15.842	16.04	415.42	415.34
15:32:55	15.987	15.638	15.637	16.516	15.839	16.039	415.42	415.34
15:33:54	15.987	15.637	15.638	16.516	15.84	16.039	415.42	415.34
15:34:55	15.986	15.638	15.638	16.519	15.84	16.037	415.42	415.34
15:35:54	15.987	15.638	15.636	16.551	15.839	16.04	415.42	415.34
15:36:54	15.987	15.637	15.636	16.56	15.839	16.039	415.42	415.34
15:37:54	15.987	15.637	15.639	16.551	15.841	16.039	415.42	415.34
15:38:54	15.986	15.636	15.64	16.551	15.84	16.038	415.42	415.34
15:39:54	15.987	15.634	15.644	16.558	15.84	16.039	415.42	415.34
15:40:54	15.987	15.636	15.644	16.572	15.841	16.039	415.42	415.34
15:41:54	15.986	15.636	15.644	16.576	15.842	16.04	415.42	415.34
15:42:54	15.987	15.636	15.644	16.567	15.843	16.041	415.42	415.34
15:43:54	15.987	15.636	15.644	16.564	15.84	16.038	415.42	415.34
15:44:54	15.986	15.636	15.65	16.549	15.84	16.037	415.42	415.34
15:45:54	15.986	15.636	15.649	16.559	15.841	16.037	415.42	415.34
15:46:54	15.987	15.636	15.65	16.582	15.842	16.038	415.42	415.34
15:47:54	15.987	15.637	15.651	16.593	15.843	16.038	415.42	415.34
15:48:54	15.987	15.637	15.652	16.599	15.842	16.04	415.42	415.34
15:49:54	15.987	15.637	15.651	16.593	15.842	16.038	415.42	415.34
15:50:54	15.987	15.637	15.654	16.605	15.842	16.039	415.42	415.34
15:51:54	15.987	15.636	15.654	16.599	15.841	16.037	415.42	415.34
15:52:54	15.987	15.636	15.658	16.58	15.84	16.037	415.42	415.34
15:53:54	15.987	15.637	15.659	16.559	15.84	16.038	415.42	415.34
15:54:54	15.986	15.636	15.659	16.658	15.841	16.041	415.42	415.34
15:55:54	15.987	15.637	15.658	16.741	15.841	16.04	415.42	415.34
15:56:54	15.987	15.636	15.661	16.735	15.839	16.041	415.42	415.34
15:57:54	15.987	15.636	15.665	16.747	15.841	16.039	415.42	415.34
15:58:54	15.987	15.636	15.668	17.046	15.841	16.04	415.42	415.34
15:59:54	15.987	15.636	15.682	17.158	15.841	16.04	415.42	415.34
16:00:54	15.987	15.635	15.713	17.186	15.841	16.038	415.42	415.34
16:01:54	15.988	15.636	15.706	17.063	15.837	16.04	415.42	415.34
16:02:54	15.987	15.636	15.701	16.876	15.837	16.04	415.42	415.34
16:03:54	15.987	15.635	15.698	16.777	15.84	16.039	415.42	415.34
16:04:54	15.988	15.635	15.695	16.707	15.84	16.038	415.42	415.34
16:05:54	15.987	15.635	15.694	16.706	15.842	16.04	415.42	415.34
16:06:54	15.987	15.634	15.693	16.754	15.841	16.039	415.42	415.34
16:07:54	15.988	15.638	15.693	16.757	15.843	16.039	415.42	415.34
16:08:54	15.987	15.636	15.691	16.725	15.841	16.041	415.42	415.34
16:09:54	15.988	15.637	15.691	16.703	15.84	16.038	415.42	415.34
16:10:54	15.986	15.637	15.692	16.685	15.84	16.04	415.42	415.34
16:11:54	15.986	15.635	15.692	16.673	15.841	16.039	415.42	415.34
16:12:54	15.987	15.635	15.693	16.68	15.842	16.041	415.42	415.34
16:13:54	15.987	15.634	15.692	16.664	15.841	16.04	415.42	415.34
16:14:54	15.987	15.635	15.693	16.647	15.841	16.039	415.42	415.34
16:15:55	15.987	15.636	15.698	16.631	15.84	16.04	415.42	415.34
16:16:54	15.988	15.633	15.696	16.626	15.841	16.039	415.42	415.34
16:17:54	15.987	15.633	15.694	16.62	15.84	16.04	415.42	415.34
16:18:54	15.987	15.633	15.693	16.611	15.839	16.038	415.42	415.34
16:19:54	15.986	15.632	15.697	16.603	15.839	16.037	415.42	0.0
16:20:54	15.986	15.632	15.695	16.607	15.837	16.04	415.42	415.34
16:21:54	15.987	15.631	15.698	16.599	15.856	16.045	415.42	415.34
16:22:54	15.987	15.631	15.705	16.587	15.855	16.044	415.42	415.34
16:23:54	15.986	15.632	15.696	16.58	15.859	16.045	415.42	415.34
16:24:54	15.986	15.632	15.687	16.585	15.877	16.043	415.42	415.34
16:25:54	15.986	15.633	15.689	16.595	15.87	16.046	415.42	415.34
16:26:54	15.987	15.635	15.691	16.595	15.872	16.052	415.42	415.34
16:27:54	15.988	15.635	15.692	16.594	15.867	16.051	415.42	415.34
16:28:54	15.987	15.636	15.691	16.587	15.875	16.051	415.42	415.34
16:29:54	15.987	15.636	15.693	16.602	15.879	16.051	415.42	415.34
16:30:54	15.988	15.634	15.693	16.599	15.881	16.053	415.42	415.34
16:31:54	15.987	15.634	15.693	16.594	15.883	16.053	415.42	415.34
16:32:54	15.988	15.635	15.696	16.588	15.882	16.054	415.42	415.34
16:33:54	15.989	15.635	15.698	16.589	15.889	16.053	415.42	415.34
16:34:54	15.989	15.636	15.703	16.598	15.89	16.054	415.42	415.34
16:35:54	15.987	15.636	15.7	16.604	15.899	16.056	415.42	415.34
16:36:54	15.988	15.636	15.699	16.617	15.903	16.058	415.42	415.34
16:37:54	15.988	15.637	15.7	16.634	15.899	16.058	415.42	415.34
16:38:54	15.988	15.637	15.701	16.643	15.905	16.06	415.42	415.34
16:39:54	15.989	15.638	15.703	16.612	15.93	16.059	415.42	415.34
16:40:54	15.988	15.639	15.704	16.596	15.916	16.062	415.42	415.34
16:41:54	15.988	15.638	15.711	16.689	15.911	16.063	415.42	415.34
16:42:54	15.987	15.638	15.712	16.749	16.002	16.096	415.42	415.34
16:43:54	15.989	15.639	15.711	16.742	16.156	16.087	415.42	415.34
16:44:54	15.989	15.637	15.713	16.735	16.134	16.084	415.42	415.34
16:45:54	15.988	15.638	15.714	16.913	16.058	16.08	415.42	415.34
16:46:54	15.989	15.638	15.717	17.144	16.001	16.082	415.42	415.34
16:47:54	15.988	15.638	15.719	17.238	15.97	16.08	415.42	415.34
16:48:54	15.989	15.637	15.727	17.06	16.007	16.087	415.42	415.34
16:49:54	15.989	15.636	15.728	16.862	16.046	16.089	415.42	415.34
16:50:54	15.989	15.638	15.731	16.759	16.106	16.09	415.42	415.34
16:51:55	15.988	15.638	15.733	16.724	16.086	16.093	415.42	415.34
16:52:54	0.0	15.639	15.734	16.739	16.108	16.097	415.42	415.34
16:53:54	15.99	15.64	15.732	16.762	16.097	16.095	415.42	415.34
16:54:54	15.99	15.643	15.733	16.772	16.074	16.099	415.42	415.34
16:55:54	15.989	15.643	15.733	16.749	16.06	16.101	415.42	415.34
16:56:54	15.99	15.643	15.736	16.736	16.04	16.1	415.42	415.34
16:57:54	15.99	15.642	15.734	16.719	16.025	16.097	415.42	415.34
16:58:54	15.991	15.644	15.736	16.704	16.015	16.096	415.42	415.34
16:59:54	15.992	15.644	15.736	16.713	16.016	16.095	415.42	415.34
17:00:54	15.992	15.644	15.734	16.707	16.006	16.094	415.42	415.34
17:01:54	15.99	15.642	15.73	16.689	16.001	16.091	415.42	415.34
17:02:54	15.99	15.642	15.732	16.673	16.008	16.094	415.42	415.34
17:03:54	15.99	15.642	15.733	16.669	16.007	16.093	415.42	415.34
17:04:54	15.99	15.644	15.733	16.663	16.007	16.095	415.42	415.34
17:05:54	15.991	15.645	15.732	16.656	16.009	16.094	415.42	415.34
17:06:54	15.99	15.645	15.733	16.643	16.007	16.094	415.42	415.34
17:07:54	15.992	15.646	15.733	16.643	16.006	16.093	415.42	415.34
17:08:54	15.991	15.644	15.73	16.64	16.004	16.094	415.42	415.34
17:09:54	15.992	15.645	15.73	16.649	16.004	16.093	415.42	415.34
17:10:54	15.992	15.646	15.733	16.644	16.004	16.095	415.42	415.34
17:11:54	15.993	15.649	15.734	16.648	16.002	16.096	415.42	415.34
17:12:54	15.993	15.648	15.734	16.643	16.004	16.096	415.42	415.34
17:13:54	15.994	15.651	15.734	16.644	16.012	16.096	415.42	415.34
17:14:54	15.993	15.652	15.745	16.643	16.007	16.098	415.42	415.34
17:15:54	15.994	15.653	15.744	16.639	16.009	16.095	415.42	415.34
17:16:54	15.994	15.653	15.738	16.642	16.012	16.095	415.42	415.34
17:17:54	15.993	15.651	15.738	16.636	16.008	16.095	415.42	415.34
17:18:54	15.994	15.651	15.737	16.638	16.004	16.094	415.42	415.34
17:19:54	15.994	15.651	15.736	16.649	16.003	16.094	415.42	415.34
17:20:54	15.993	15.651	15.737	16.653	16.006	16.094	415.42	415.34
17:21:54	15.995	15.65	15.735	16.649	16.001	16.094	415.42	415.34
17:22:54	15.995	15.65	15.749	16.645	15.996	16.093	415.42	415.34
17:23:54	15.995	15.648	15.741	16.658	16.02	16.092	415.42	415.34
17:24:54	15.993	15.647	15.736	16.654	16.083	16.092	415.42	415.34
17:25:54	15.993	15.646	15.739	16.654	16.091	16.104	415.42	415.34
17:26:54	15.993	15.644	15.738	16.639	16.089	16.107	415.42	415.34
17:27:54	15.992	15.644	15.732	16.638	16.206	16.123	415.42	415.34
17:28:54	15.99	15.642	15.73	16.64	16.169	16.124	415.42	415.34
17:29:54	15.99	15.641	15.729	16.636	16.214	16.122	415.42	415.34
17:30:54	15.991	15.639	15.727	16.636	16.166	16.129	415.42	415.34
17:31:54	15.993	15.638	15.731	16.612	16.285	16.145	415.42	415.34
17:32:54	15.992	15.641	15.729	16.614	16.319	16.155	415.42	415.34
17:33:54	15.993	15.642	15.728	16.609	16.361	16.167	415.42	415.34
17:34:54	15.993	15.644	15.73	16.597	16.42	16.187	415.42	415.34
17:35:54	15.994	15.645	15.731	16.583	16.512	16.169	415.42	415.34
17:36:54	15.994	15.645	15.731	16.59	16.464	0.0	415.42	415.34
17:37:55	15.994	15.648	15.731	16.653	16.332	16.159	415.42	415.34
17:38:54	15.993	15.647	15.732	16.675	16.287	16.155	415.42	415.34
17:39:55	15.994	15.647	15.732	16.684	16.267	16.144	415.42	415.34
17:40:54	15.995	15.648	15.736	16.683	16.234	16.143	415.42	415.34
17:41:54	15.993	15.648	15.734	16.681	16.208	16.137	415.42	415.34
17:42:54	15.993	15.647	15.736	16.661	16.185	16.134	415.42	415.34
17:43:54	15.993	15.646	15.739	16.641	16.167	16.133	415.42	415.34
17:44:54	15.993	15.648	15.739	16.621	16.151	16.131	415.42	415.34
17:45:54	15.995	15.648	15.736	16.612	16.147	16.128	415.42	415.34
17:46:54	15.994	15.646	15.735	16.622	16.134	16.128	415.42	415.34
17:47:54	15.993	15.647	15.739	16.624	16.133	16.127	415.42	415.34
17:48:54	15.994	15.648	15.736	16.632	16.129	16.126	415.42	415.34
17:49:54	15.994	15.648	15.737	16.652	16.128	16.125	415.42	415.34
17:50:54	15.994	15.647	15.736	16.65	16.119	16.124	415.42	415.34
17:51:54	15.994	15.648	15.738	16.654	16.109	16.124	415.42	415.34
17:52:54	15.994	15.648	15.738	16.657	16.101	16.124	415.42	415.34
17:53:54	15.993	15.648	15.736	16.672	16.091	16.122	415.42	415.34
17:54:54	15.995	15.649	15.738	16.672	16.083	16.123	415.42	415.34
17:55:54	15.994	15.649	15.742	16.671	16.077	16.122	415.42	415.34
17:56:54	15.994	15.65	15.761	16.666	16.072	16.12	415.42	415.34
17:57:54	15.994	15.65	15.766	16.661	16.062	16.12	415.42	415.34
17:58:54	15.995	15.65	15.763	16.647	16.056	16.119	415.42	415.34
17:59:54	15.994	15.648	15.769	16.657	16.052	16.117	415.42	415.34
18:00:54	15.996	15.65	15.774	16.679	16.053	16.118	415.42	415.34
18:01:54	15.996	15.651	15.776	16.703	16.051	16.119	415.42	415.34
18:02:54	15.995	15.651	15.776	16.696	16.041	16.117	415.42	415.34
18:03:54	15.995	15.652	15.78	16.687	16.04	16.118	415.42	415.34
18:04:54	15.996	15.652	15.784	16.689	16.039	16.117	415.42	415.34
18:05:54	15.997	15.654	15.784	16.683	16.036	16.117	415.42	415.34
18:06:54	0.0	15.653	15.788	16.684	16.034	16.117	415.42	415.34
18:07:54	15.996	15.653	15.787	16.679	16.026	16.112	415.42	415.34
18:08:54	15.996	15.653	15.787	16.663	16.018	16.112	415.42	415.34
18:09:54	15.996	15.651	15.79	16.663	16.012	16.112	415.42	415.34
18:10:54	15.996	15.652	15.779	16.652	16.012	16.11	415.42	415.34
18:11:54	15.997	15.652	15.776	16.643	16.01	16.111	415.42	415.34
18:12:54	15.996	15.651	15.773	16.646	16.008	16.11	415.42	415.34
18:13:54	15.995	15.651	15.77	16.649	16.004	16.109	415.42	415.34
18:14:54	15.996	15.652	15.77	16.65	15.999	16.108	415.42	415.34
18:15:55	15.995	15.652	15.768	16.652	16.0	16.109	415.42	415.34
18:16:54	0.0	15.651	15.765	16.646	15.996	16.107	415.42	415.34
18:17:54	15.994	15.649	15.764	16.649	15.99	16.105	415.42	415.34
18:18:54	15.995	15.65	15.768	16.642	15.989	16.105	415.42	415.34
18:19:54	15.996	15.651	15.773	16.641	15.99	16.106	415.42	415.34
18:20:54	15.995	15.652	15.767	16.649	15.988	16.106	415.42	415.34
18:21:54	15.997	15.652	15.764	16.641	15.984	16.106	415.42	415.34
18:22:54	15.995	15.653	15.761	16.623	15.984	16.104	415.42	415.34
18:23:54	15.997	15.654	15.766	16.612	15.984	16.104	415.42	415.34
18:24:57	15.997	15.654	15.761	16.609	15.978	16.101	415.42	415.34
18:25:54	15.995	15.654	15.76	16.616	15.976	16.101	415.42	415.34
18:26:54	15.996	15.654	15.76	16.628	15.976	16.101	415.42	415.34
18:27:54	15.996	15.655	15.757	16.63	15.974	16.1	415.42	415.34
18:28:54	15.997	15.653	15.76	16.644	15.971	16.1	415.42	415.34
18:29:54	15.997	15.655	15.76	16.65	15.969	16.1	415.42	415.34
18:30:55	15.997	15.653	15.757	16.66	15.967	16.099	415.42	415.34
18:31:54	15.996	15.653	15.757	16.659	15.965	16.096	415.42	415.34
18:32:54	15.997	15.653	15.758	16.653	15.962	16.095	415.42	415.34
18:33:54	15.997	15.653	15.759	16.662	15.962	16.096	415.42	415.34
18:34:54	15.997	15.654	15.76	16.668	15.96	16.095	415.42	415.34
18:35:54	15.996	15.653	15.758	16.658	15.959	16.095	415.42	415.34
18:36:54	15.996	15.652	15.758	16.66	15.956	16.094	415.42	415.34
18:37:54	15.995	15.652	15.759	16.663	15.953	16.094	415.42	415.34
18:38:54	15.994	15.652	15.761	16.648	15.953	16.094	415.42	415.34
18:39:54	15.995	15.652	15.76	16.648	15.951	16.092	415.42	415.34
18:40:54	15.997	15.653	15.763	16.651	15.952	16.094	415.42	415.34
18:41:54	15.996	15.655	15.76	16.628	15.95	16.093	415.42	415.34
18:42:54	15.996	15.655	15.76	16.637	15.949	16.092	415.42	415.34
18:43:54	15.999	15.656	15.76	16.714	15.948	16.093	415.42	415.34
18:44:54	15.999	15.656	15.76	16.718	15.947	16.091	415.42	415.34
18:45:54	15.998	15.655	15.758	16.708	15.942	16.089	415.42	415.34
18:46:54	15.998	15.654	15.758	16.694	15.942	16.087	415.42	415.34
18:47:54	15.997	15.653	15.758	16.692	15.943	16.089	415.42	415.34
18:48:54	15.998	15.657	15.769	16.677	15.944	16.09	415.42	415.34
18:49:54	15.998	15.656	15.765	16.653	15.942	16.092	415.42	415.34
18:50:54	16.0	15.657	15.762	16.626	15.94	16.091	415.42	415.34
18:51:54	16.0	15.657	15.76	16.618	15.938	16.09	415.42	415.34
18:52:55	16.0	15.657	15.759	16.625	15.938	16.089	415.42	415.34
18:53:54	16.0	15.658	15.759	16.62	15.938	16.091	415.42	415.34
18:54:54	16.001	15.659	15.761	16.64	15.938	16.09	415.42	415.34
18:55:54	16.0	15.659	15.759	16.668	15.935	16.087	415.42	415.34
18:56:54	16.0	15.658	15.756	16.677	15.934	16.087	415.42	415.34
18:57:55	16.0	15.658	15.759	16.684	15.935	16.089	415.42	415.34
18:58:54	15.999	15.659	15.758	16.704	15.932	16.087	415.42	415.34
18:59:54	15.999	15.659	15.759	16.694	15.932	16.088	415.42	415.34
19:00:54	16.0	15.659	15.756	16.678	15.933	16.087	415.42	415.34
19:01:54	15.999	15.66	15.756	16.673	15.932	16.087	415.42	415.34
19:02:54	16.0	15.66	15.758	16.655	15.931	16.086	415.42	415.34
19:03:54	15.999	15.66	15.762	16.645	15.929	16.086	415.42	415.34
19:04:54	16.0	15.659	15.76	16.654	15.929	16.085	415.42	415.34
19:05:54	16.0	15.66	15.758	16.669	15.927	16.086	415.42	415.34
19:06:54	16.001	15.661	15.759	16.662	15.925	16.086	415.42	415.34
19:07:54	16.0	15.66	15.758	16.666	15.924	16.084	415.42	415.34
19:08:54	16.001	15.659	15.755	16.663	15.922	16.081	415.42	415.34
19:09:54	15.999	15.657	15.755	16.655	15.921	16.08	415.42	415.34
19:10:54	16.001	15.657	15.758	16.648	15.923	16.081	415.42	415.34
19:11:54	16.0	15.658	15.758	16.636	15.922	16.079	415.42	415.34
19:12:54	16.001	15.658	15.758	16.635	15.919	16.079	415.42	415.34
19:13:55	15.999	15.656	15.754	16.64	15.915	16.078	415.42	415.34
19:14:54	15.999	15.657	15.755	16.632	15.915	16.077	415.42	415.34
19:15:55	16.001	15.658	15.756	16.641	15.917	16.079	415.42	415.34
19:16:54	16.001	15.659	15.755	16.641	15.915	16.08	415.42	415.34
19:17:54	16.001	15.659	15.753	16.634	15.914	16.077	415.42	415.34
19:18:54	16.002	15.659	15.755	16.624	15.913	16.078	415.42	415.34
19:19:54	16.0	15.658	15.757	16.618	15.912	16.076	415.42	415.34
19:20:54	16.001	15.659	15.762	16.625	15.913	16.08	415.42	415.34
19:21:54	16.001	15.658	15.755	16.628	15.915	16.08	415.42	415.34
19:22:55	16.001	15.658	15.756	16.623	15.91	16.079	415.42	415.34
19:23:54	15.999	15.66	15.755	16.625	15.909	16.077	415.42	415.34
19:24:55	16.0	15.657	15.753	16.625	15.908	16.073	415.42	415.34
19:25:54	0.0	15.657	15.761	16.606	15.905	16.069	415.42	415.34
19:26:54	16.0	15.655	15.756	16.61	15.907	16.068	415.42	415.34
19:27:54	16.0	15.656	15.758	16.605	15.904	16.069	415.42	415.34
19:28:54	15.999	15.655	15.755	16.61	15.905	16.071	415.42	415.34
19:29:54	15.997	15.655	15.751	16.609	15.898	16.063	415.42	415.34
19:30:54	15.999	15.654	15.755	16.617	15.902	16.067	415.42	415.34
19:31:54	15.997	15.653	15.756	16.633	15.903	16.065	415.42	415.34
19:32:54	15.999	15.656	15.756	16.662	15.904	16.066	415.42	415.34
19:33:54	15.998	15.655	15.756	16.679	15.904	16.07	415.42	415.34
19:34:54	15.998	15.657	15.754	16.667	15.9	16.072	415.42	415.34
19:35:54	15.998	15.656	15.752	16.653	15.903	16.068	415.42	415.34
19:36:54	15.999	15.658	15.751	16.647	15.905	16.071	415.42	415.34
19:37:54	15.999	15.658	15.751	16.646	15.907	16.071	415.42	415.34
19:38:54	16.0	15.659	15.749	16.638	15.902	16.072	415.42	415.34
19:39:54	16.0	15.658	15.748	16.635	15.895	16.07	415.42	415.34
19:40:54	16.0	15.658	15.748	16.644	15.898	16.073	415.42	415.34
19:41:54	15.999	15.658	15.75	16.637	15.902	16.074	415.42	415.34
19:42:54	15.999	15.659	15.747	16.605	15.899	16.071	415.42	415.34
19:43:54	15.998	15.66	15.741	16.576	15.902	16.067	415.42	415.34
19:44:55	15.998	15.659	15.739	16.588	15.898	16.066	415.42	415.34
19:45:54	15.998	15.657	15.733	16.612	15.893	16.062	415.42	415.34
19:46:54	15.999	15.656	15.731	16.617	15.896	16.063	415.42	415.34
19:47:54	16.0	15.659	15.735	16.677	15.9	16.069	415.42	415.34
19:48:54	16.0	15.66	15.737	16.974	15.894	16.068	415.42	415.34
19:49:55	16.0	15.659	15.75	17.218	15.899	16.071	415.42	415.34
19:50:54	0.0	15.66	15.778	17.192	15.896	16.069	415.42	415.34
19:51:55	16.001	15.661	15.768	16.992	15.898	16.07	415.42	415.34
19:52:54	16.002	15.663	15.764	16.837	15.9	16.072	415.42	415.34
19:53:55	16.003	15.665	15.759	16.731	15.903	16.074	415.42	415.34
19:54:54	16.004	15.667	15.754	16.685	15.902	16.076	415.42	415.34
19:55:54	16.004	15.665	15.756	16.729	15.899	16.074	415.42	415.34
19:56:54	16.004	15.665	15.747	16.74	15.898	16.07	415.42	415.34
19:57:54	16.004	15.663	15.742	16.707	15.899	16.07	415.42	415.34
19:58:54	16.006	15.667	15.745	16.701	15.901	16.074	415.42	415.34
19:59:54	16.005	15.666	15.741	16.687	15.899	16.074	415.42	415.34
20:00:54	16.004	15.665	15.737	16.65	15.899	16.076	415.42	415.34
20:01:54	16.005	15.665	15.735	16.634	15.9	16.077	415.42	415.34
20:02:54	16.006	15.667	15.745	16.62	15.899	16.077	415.42	415.34
20:03:54	16.006	15.668	15.739	16.627	15.897	16.077	415.42	415.34
20:04:54	16.006	15.669	15.735	16.624	15.899	16.078	415.42	415.34
20:05:54	16.005	15.667	15.731	16.613	15.892	16.074	415.42	415.34
20:06:54	16.005	15.663	15.728	16.602	15.893	16.068	415.42	415.34
20:07:54	16.006	15.664	15.733	16.585	15.892	16.074	415.42	415.34
20:08:54	16.005	15.665	15.732	16.583	15.894	16.072	415.42	415.34
20:09:54	16.007	15.667	15.735	16.583	15.894	16.074	415.42	415.34
20:10:54	16.006	15.667	15.74	16.581	15.894	16.074	415.42	415.34
20:11:54	16.007	15.668	15.737	16.589	15.896	16.075	415.42	415.34
20:12:54	16.006	15.668	15.731	16.587	15.895	16.075	415.42	415.34
20:13:54	16.008	15.67	15.729	16.581	15.898	16.078	415.42	415.34
20:14:54	16.007	15.67	15.729	16.573	15.896	16.075	415.42	415.34
20:15:54	16.006	15.669	15.727	16.59	15.898	16.073	415.42	415.34
20:16:54	16.006	15.667	15.726	16.575	15.892	16.072	415.42	415.34
20:17:54	16.007	15.668	15.726	16.562	15.895	16.074	415.42	415.34
20:18:54	16.007	15.666	15.726	16.707	15.905	16.08	415.42	415.34
20:19:54	16.004	15.665	15.728	16.738	15.936	16.072	415.42	415.34
20:20:54	16.005	15.664	15.733	16.723	15.926	16.081	415.42	415.34
20:21:54	16.005	15.664	15.732	16.717	15.942	16.083	415.42	415.34
20:22:54	16.005	15.664	15.734	16.808	16.111	16.085	415.42	415.34
20:23:54	16.005	15.664	15.739	16.845	16.139	16.086	415.42	415.34
20:24:54	16.006	15.664	15.751	16.857	16.196	16.094	415.42	415.34
20:25:54	16.006	15.667	15.745	16.783	16.223	16.104	415.42	415.34
20:26:55	16.007	15.668	15.746	16.733	16.206	16.124	415.42	415.34
20:27:54	0.0	15.669	15.741	16.687	16.154	16.13	415.42	415.34
20:28:55	16.009	15.668	15.74	16.644	16.275	16.119	415.42	415.34
20:29:54	16.009	15.67	15.742	16.677	16.278	16.116	415.42	415.34
20:30:55	16.009	15.672	15.742	16.726	16.385	16.122	415.42	415.34
20:31:54	16.009	15.671	15.74	16.732	16.31	16.129	415.42	415.34
20:32:54	16.01	15.672	15.742	16.719	16.23	16.128	415.42	415.34
20:33:56	16.01	15.674	15.741	16.704	16.178	16.127	415.42	415.34
20:34:54	16.01	15.673	15.738	16.69	16.136	16.126	415.42	415.34
20:35:54	16.01	15.673	15.739	16.682	16.117	16.126	415.42	415.34
20:36:54	16.011	15.672	15.741	16.693	16.091	16.121	415.42	415.34
20:37:54	16.01	15.674	15.745	16.693	16.083	16.121	415.42	415.34
20:38:54	16.009	15.673	15.746	16.689	16.072	16.122	415.42	415.34
20:39:54	16.009	15.674	15.745	16.689	16.069	16.122	415.42	415.34
20:40:54	16.01	15.674	15.745	16.67	16.059	16.118	415.42	415.34
20:41:54	16.011	15.673	15.75	16.67	16.067	16.122	415.42	415.34
20:42:54	16.011	15.674	15.747	16.672	16.06	16.122	415.42	415.34
20:43:54	16.011	15.673	15.744	16.662	16.05	16.12	415.42	415.34
20:44:54	16.011	15.675	15.752	16.66	16.065	16.124	415.42	415.34
20:45:54	16.012	15.677	15.755	16.663	16.061	16.124	415.42	415.34
20:46:54	16.013	15.678	15.751	16.684	16.06	16.122	415.42	415.34
20:47:54	16.013	15.678	15.749	16.688	16.06	16.123	415.42	415.34
20:48:54	16.013	15.677	15.746	16.693	16.062	16.122	415.42	415.34
20:49:54	16.013	15.677	15.745	16.676	16.054	16.121	415.42	415.34
20:50:54	16.012	15.676	15.746	16.665	16.058	16.121	415.42	415.34
20:51:54	16.013	15.676	15.744	16.664	16.052	16.122	415.42	415.34
20:52:54	16.013	15.677	15.748	16.668	16.051	16.124	415.42	415.34
20:53:54	16.013	15.676	15.749	16.665	16.054	16.123	415.42	415.34
20:54:54	16.013	15.676	15.749	16.672	16.052	16.122	415.42	415.34
20:55:54	16.013	15.677	15.751	16.678	16.049	16.125	415.42	415.34
20:56:54	16.013	15.677	15.746	16.682	16.048	16.122	415.42	415.34
20:57:54	16.014	15.676	15.749	16.683	16.049	16.123	415.42	415.34
20:58:54	16.014	15.678	15.752	16.685	16.05	16.123	415.42	415.34
20:59:54	16.014	15.678	15.753	16.69	16.045	16.124	415.42	415.34
21:00:54	16.014	15.679	15.755	16.704	16.049	16.126	415.42	415.34
21:01:54	16.016	15.68	15.757	16.712	16.045	16.131	415.42	415.34
21:02:54	16.015	15.681	15.762	16.723	16.09	16.139	415.42	415.34
21:03:54	16.016	15.684	15.762	16.735	16.148	16.146	415.42	415.34
21:04:54	16.016	15.684	15.762	16.723	16.24	16.151	415.42	415.34
21:05:54	16.015	15.682	15.76	16.719	16.281	16.148	415.42	415.34
21:06:54	16.016	15.682	15.765	16.741	16.261	16.15	415.42	415.34
21:07:54	16.016	15.683	15.77	16.767	16.25	16.171	415.42	415.34
21:08:54	16.018	15.686	15.769	16.763	16.232	16.176	415.42	415.34
21:09:54	16.017	15.687	15.77	16.769	16.22	16.185	415.42	415.34
21:10:54	16.019	15.688	15.77	16.782	16.244	16.176	415.42	415.34
21:11:54	16.018	15.689	15.77	16.782	16.336	16.174	415.42	415.34
21:12:55	16.018	15.689	15.771	16.763	16.382	16.163	415.42	415.34
21:13:54	0.0	15.685	15.768	16.755	16.418	16.159	415.42	415.34
21:14:55	16.018	15.685	15.771	16.764	16.435	16.167	415.42	415.34
21:15:54	16.019	15.686	15.774	16.782	16.365	16.179	415.42	415.34
21:16:56	16.019	15.687	15.774	16.768	16.384	16.201	415.42	415.34
21:17:54	16.019	15.689	15.775	16.742	16.444	16.19	415.42	415.34
21:18:56	16.019	15.689	15.777	16.73	16.539	16.176	415.42	415.34
21:19:54	16.02	15.689	15.776	16.722	16.541	16.181	415.42	415.34
21:20:54	16.019	15.689	15.777	16.735	16.52	16.183	415.42	415.34
21:21:54	16.02	15.689	15.779	16.757	16.456	16.185	415.42	415.34
21:22:54	16.02	15.689	15.782	16.756	16.554	16.218	415.42	415.34
21:23:54	16.021	15.69	15.783	16.776	16.609	16.211	415.42	415.34
21:24:54	16.021	15.69	15.783	16.784	16.56	16.217	415.42	415.34
21:25:54	16.022	15.69	15.784	16.779	16.603	16.217	415.42	415.34
21:26:54	16.022	15.692	15.785	16.784	16.517	16.211	415.42	415.34
21:27:54	16.02	15.69	15.781	16.792	16.566	16.217	415.42	415.34
21:28:54	16.021	15.688	15.782	16.782	16.487	16.22	415.42	415.34
21:29:54	16.021	15.687	15.784	16.773	16.449	16.214	415.42	415.34
21:30:54	16.02	15.686	15.782	16.749	16.47	16.239	415.42	415.34
21:31:54	16.02	15.686	15.782	16.753	16.501	16.225	415.42	415.34
21:32:54	16.022	15.685	15.782	16.752	16.523	16.222	415.42	415.34
21:33:54	16.02	15.685	15.782	16.738	16.61	16.24	415.42	415.34
21:34:54	16.019	15.683	15.783	16.74	16.594	16.232	415.42	415.34
21:35:54	16.019	15.683	15.784	16.731	16.676	16.229	415.42	415.34
21:36:54	16.018	15.681	15.785	16.744	16.682	16.233	415.42	415.34
21:37:54	16.019	15.682	15.785	16.747	16.572	16.248	415.42	415.34
21:38:54	16.018	15.681	15.787	16.742	16.53	16.243	415.42	415.34
21:39:54	16.019	15.682	15.787	16.742	16.6	16.241	415.42	415.34
21:40:54	16.018	15.68	15.788	16.74	16.618	16.242	415.42	415.34
21:41:54	16.017	15.68	15.787	16.749	16.645	16.228	415.42	415.34
21:42:54	16.018	15.68	15.789	16.739	16.714	16.243	415.42	415.34
21:43:54	16.018	15.68	15.79	16.766	16.581	16.262	0.0	415.34
21:44:54	16.019	15.681	15.792	16.784	16.402	16.411	415.42	415.34
21:45:54	16.017	15.679	15.791	16.774	16.385	16.326	415.42	415.34
21:46:54	16.019	15.68	15.794	16.744	16.433	16.288	415.42	415.34
21:47:54	16.018	15.681	15.797	16.774	16.42	16.258	415.42	415.34
21:48:54	16.02	15.683	15.798	16.93	16.392	16.259	415.42	415.34
21:49:54	16.02	15.681	15.797	16.931	16.362	16.246	415.42	415.34
21:50:54	16.019	15.683	15.802	16.898	16.35	16.233	415.42	415.34
21:51:54	16.02	15.683	15.801	16.881	16.346	16.23	415.42	415.34
21:52:55	16.02	15.684	15.801	17.043	16.326	16.227	415.42	415.34
21:53:54	16.019	15.684	15.802	17.107	16.299	16.218	415.42	415.34
21:54:54	16.021	15.685	15.809	17.086	16.298	16.215	415.42	415.34
21:55:54	16.019	15.684	15.807	16.963	16.288	16.205	415.42	415.34
21:56:54	16.021	15.685	15.813	16.89	16.281	16.206	415.42	415.34
21:57:54	16.02	15.685	15.814	16.823	16.272	16.208	415.42	415.34
21:58:54	16.021	15.686	15.811	16.777	16.26	16.207	415.42	415.34
21:59:55	16.022	15.687	15.809	16.774	16.248	16.203	415.42	415.34
22:00:54	0.0	15.687	15.807	16.768	16.231	16.2	415.42	415.34
22:01:55	16.022	0.0	15.805	16.751	16.227	16.197	415.42	415.34
22:02:54	0.0	15.687	15.802	16.73	16.222	16.191	415.42	415.34
22:03:56	16.022	15.687	15.8	16.705	16.212	16.194	415.42	415.34
22:04:54	16.022	15.687	15.8	16.679	16.209	16.193	415.42	415.34
22:05:54	16.022	15.687	15.8	16.667	16.205	16.193	415.42	415.34
22:06:54	16.023	15.689	15.801	16.655	16.2	16.191	415.42	415.34
22:07:56	16.023	15.689	15.796	16.638	16.188	16.19	415.42	415.34
22:08:54	16.024	15.691	15.796	16.627	16.185	16.19	415.42	415.34
22:09:54	16.026	15.693	15.796	16.616	16.183	16.189	415.42	415.34
22:10:54	16.025	15.695	15.792	16.6	16.182	16.187	415.42	415.34
22:11:54	16.026	15.694	15.785	16.594	16.169	16.184	415.42	415.34
22:12:54	16.024	15.693	15.791	16.577	16.162	16.182	415.42	415.34
22:13:54	16.025	15.693	15.785	16.568	16.158	16.183	415.42	415.34
22:14:54	16.025	15.696	15.781	16.565	16.16	16.184	415.42	415.34
22:15:54	16.026	15.695	15.78	16.555	16.158	16.18	415.42	415.34
22:16:54	16.027	15.696	15.781	16.546	16.156	16.183	415.42	415.34
22:17:54	16.028	15.697	15.779	16.539	16.147	16.181	415.42	415.34
22:18:54	16.027	15.698	15.774	16.536	16.146	16.18	415.42	415.34
22:19:54	16.027	15.7	15.772	16.532	16.142	16.18	415.42	415.34
22:20:54	16.028	15.7	15.767	16.53	16.139	16.178	415.42	415.34
22:21:54	16.028	15.701	15.766	16.526	16.134	16.175	415.42	415.34
22:22:54	16.028	15.699	15.764	16.521	16.129	16.175	415.42	415.34
22:23:54	16.028	15.7	15.765	16.511	16.123	16.175	415.42	415.34
22:24:54	16.028	15.7	15.763	16.504	16.119	16.174	415.42	415.34
22:25:54	16.029	15.701	15.759	16.499	16.12	16.174	415.42	415.34
22:26:54	16.029	15.702	15.755	16.494	16.115	16.172	415.42	415.34
22:27:54	16.029	15.702	15.754	16.495	16.11	16.169	415.42	415.34
22:28:54	16.029	15.701	15.756	16.496	16.107	16.169	415.42	415.34
22:29:54	16.03	15.701	15.753	16.499	16.104	16.169	0.0	415.34
22:30:54	16.03	15.701	15.753	16.507	16.105	16.17	415.42	415.34
22:31:54	16.031	15.702	15.751	16.528	16.104	16.168	415.42	415.34
22:32:54	16.03	15.703	15.751	16.521	16.1	16.168	415.42	415.34
22:33:54	16.032	15.706	15.749	16.521	16.097	16.168	415.42	415.34
22:34:54	16.032	15.706	15.747	16.519	16.094	16.166	415.42	415.34
22:35:54	16.033	15.708	15.752	16.512	16.095	16.168	415.42	415.34
22:36:54	16.032	15.708	15.744	16.506	16.092	16.164	415.42	415.34
22:37:54	16.033	15.708	15.744	16.496	16.089	16.163	415.42	415.34
22:38:55	16.031	15.705	15.743	16.491	16.083	16.16	415.42	415.34
22:39:54	16.031	15.704	15.742	16.485	16.079	16.16	415.42	415.34
22:40:54	16.033	15.704	15.743	16.491	16.077	16.16	415.42	415.34
22:41:54	16.033	15.703	15.737	16.491	16.075	16.158	415.42	415.34
22:42:54	16.031	15.703	15.734	16.492	16.071	16.157	415.42	415.34
22:43:55	16.032	15.702	15.733	16.487	16.067	16.157	415.42	415.34
22:44:54	0.0	15.703	15.733	16.485	16.069	16.157	0.0	415.34
22:45:54	16.033	15.704	15.732	16.478	16.066	16.157	415.42	415.34
22:46:56	16.031	15.704	15.734	16.479	16.064	16.155	415.42	415.34
22:47:54	16.033	15.705	15.731	16.469	16.061	16.156	415.42	415.34
22:48:54	16.035	15.705	15.732	16.467	16.06	16.155	415.42	415.34
22:49:54	16.034	15.706	15.728	16.462	16.06	16.155	415.42	415.34
22:50:54	16.033	15.707	15.728	16.458	16.059	16.155	415.42	415.34
22:51:54	16.035	15.709	15.726	16.456	16.056	16.155	415.42	415.34
22:52:54	16.035	15.709	15.722	16.448	16.055	16.153	415.42	415.34
22:53:54	16.037	15.71	15.72	16.452	16.055	16.153	415.42	415.34
22:54:54	16.036	15.711	15.719	16.448	16.055	16.154	415.42	415.34
22:55:54	16.036	15.71	15.72	16.437	16.05	16.151	415.42	415.34
22:56:54	16.035	15.71	15.72	16.432	16.047	16.15	415.42	415.34
22:57:54	16.036	15.709	15.718	16.434	16.046	16.15	415.42	415.34
22:58:54	16.036	15.71	15.718	16.435	16.044	16.15	415.42	415.34
22:59:54	16.036	15.71	15.72	16.435	16.043	16.15	415.42	415.34
23:00:54	16.038	15.711	15.718	16.455	16.044	16.15	415.42	415.34
23:01:54	16.037	15.712	15.718	16.524	16.039	16.146	415.42	415.34
23:02:54	16.036	15.711	15.723	16.554	16.037	16.147	415.42	415.34
23:03:54	16.037	15.712	15.723	16.578	16.04	16.149	415.42	415.34
23:04:54	16.038	15.714	15.731	16.652	16.038	16.148	415.42	415.34
23:05:54	16.039	15.713	15.729	16.865	16.037	16.148	415.42	415.34
23:06:54	16.038	15.712	15.729	16.965	16.033	16.146	415.42	415.34
23:07:54	16.038	15.712	15.734	17.017	16.031	16.144	415.42	415.34
23:08:54	16.036	15.71	15.734	16.822	16.025	16.141	415.42	415.34
23:09:54	16.038	15.71	15.737	16.69	16.028	16.144	415.42	415.34
23:10:54	16.039	15.711	15.737	16.622	16.028	16.144	415.42	415.34
23:11:54	16.038	15.712	15.734	16.59	16.025	16.142	415.42	415.34
23:12:54	16.038	15.711	15.728	16.581	16.023	16.14	415.42	415.34
23:13:54	16.039	15.712	15.73	16.575	16.024	16.143	415.42	415.34
23:14:54	16.04	15.714	15.728	16.559	16.024	16.142	415.42	415.34
23:15:55	16.04	15.713	15.731	16.537	16.021	16.142	415.42	415.34
23:16:54	0.0	15.714	15.733	16.536	16.022	16.142	415.42	415.34
23:17:54	16.038	15.715	15.734	16.532	16.022	16.141	415.42	415.34
23:18:54	16.039	15.715	15.735	16.529	16.019	16.141	415.42	415.34
23:19:56	16.04	15.716	15.738	16.528	16.019	16.141	415.42	415.34
23:20:54	16.041	15.716	15.738	16.53	16.02	16.141	415.42	415.34
23:21:54	16.04	15.715	15.732	16.529	16.017	16.139	415.42	415.34
23:22:54	16.039	15.715	15.729	16.526	16.013	16.138	415.42	415.34
23:23:54	16.04	15.714	15.732	16.521	16.011	16.138	415.42	415.34
23:24:54	16.041	15.713	15.736	16.517	16.009	16.137	415.42	415.34
23:25:54	16.04	15.712	15.736	16.512	16.008	16.136	415.42	415.34
23:26:54	16.039	15.712	15.735	16.506	16.005	16.137	415.42	415.34
23:27:54	16.042	15.714	15.737	16.506	16.009	16.137	415.42	415.34
23:28:54	16.042	15.714	15.734	16.507	16.009	16.137	415.42	415.34
23:29:54	16.041	15.715	15.732	16.508	16.01	16.137	415.42	415.34
23:30:54	16.041	15.716	15.734	16.506	16.007	16.136	415.42	415.34
23:31:54	16.042	15.715	15.732	16.502	16.005	16.135	415.42	415.34
23:32:54	16.041	15.715	15.729	16.504	16.005	16.134	415.42	415.34
23:33:55	16.041	15.715	15.731	16.505	16.004	16.135	415.42	415.34
23:34:54	16.042	15.716	15.729	16.501	16.003	16.135	415.42	415.34
23:35:54	16.042	15.714	15.728	16.495	15.998	16.132	415.42	415.34
23:36:54	16.042	15.713	15.725	16.493	15.998	16.132	415.42	415.34
23:37:54	16.041	15.712	15.729	16.489	15.996	16.133	415.42	415.34
23:38:54	16.041	15.713	15.728	16.488	15.995	16.133	415.42	415.34
23:39:54	16.041	15.713	15.729	16.492	15.997	16.134	415.42	415.34
23:40:55	16.041	15.713	15.729	16.49	15.995	16.132	415.42	415.34
23:41:54	0.0	15.714	15.729	16.492	15.997	16.132	415.42	415.34
23:42:54	16.043	15.715	15.726	16.496	15.996	16.134	415.42	415.34
23:43:54	16.042	15.716	15.723	16.495	15.995	16.133	415.42	415.34
23:44:54	16.042	15.716	15.723	16.492	15.993	16.133	415.42	415.34
23:45:54	16.043	15.716	15.725	16.486	15.994	16.132	415.42	415.34
23:46:54	16.042	15.717	15.721	16.48	15.993	16.132	415.42	415.34
23:47:54	16.043	15.717	15.719	16.483	15.993	16.132	415.42	415.34
23:48:54	16.044	15.717	15.711	16.486	15.992	16.131	415.42	415.34
23:49:54	16.043	15.718	15.718	16.487	15.993	16.133	415.42	415.34
23:50:54	16.043	15.717	15.721	16.479	15.991	16.131	415.42	415.34
23:51:54	16.044	15.717	15.722	16.485	15.988	16.13	415.42	415.34
23:52:54	16.043	15.716	15.723	16.571	15.989	16.13	415.42	415.34
23:53:54	16.044	15.717	15.721	16.56	15.987	16.129	415.42	415.34
23:54:54	16.043	15.715	15.719	16.53	15.986	16.129	415.42	415.34
23:55:54	16.044	15.715	15.718	16.525	15.984	16.129	415.42	415.34
23:56:54	16.043	15.713	15.718	16.721	15.981	16.127	415.42	415.34
23:57:54	16.043	15.712	15.723	16.833	15.981	16.128	415.42	415.34
23:58:54	16.044	15.713	15.728	16.84	15.981	16.128	415.42	415.34
23:59:54	16.044	15.712	15.731	16.717	15.981	16.129	415.42	415.34
