00:00:10	16.149	15.813	15.849	16.67	15.898	16.053	415.42	415.34
00:01:10	16.148	15.814	15.849	16.67	15.899	16.054	415.42	415.34
00:02:10	16.149	15.814	15.848	16.667	15.899	16.053	415.42	415.34
00:03:10	16.148	15.814	15.85	16.673	15.9	16.054	415.42	415.34
00:04:10	16.148	15.814	15.847	16.673	15.899	16.055	415.42	415.34
00:05:10	16.15	15.815	15.85	16.674	15.899	16.055	415.42	415.34
00:06:10	16.149	15.816	15.851	16.672	15.898	16.056	415.42	415.34
00:07:10	16.149	15.816	15.851	16.671	15.899	16.055	415.42	415.34
00:08:10	16.15	15.816	15.853	16.676	15.902	16.056	415.42	415.34
00:09:10	16.149	15.818	15.851	16.677	15.902	16.056	415.42	415.34
00:10:10	16.149	15.816	15.852	16.678	15.901	16.056	415.42	415.34
00:11:10	16.149	15.817	15.853	16.677	15.902	16.058	415.42	415.34
00:12:10	16.149	15.817	15.852	16.678	15.902	16.055	415.42	415.34
00:13:10	16.15	15.818	15.853	16.678	15.902	16.056	415.42	415.34
00:14:10	16.149	15.818	15.852	16.68	15.903	16.058	415.42	415.34
00:15:10	16.149	15.818	15.851	16.683	15.901	16.056	415.42	415.34
00:16:10	16.149	15.817	15.851	16.68	15.902	16.057	415.42	415.34
00:17:10	16.15	15.817	15.853	16.683	15.905	16.057	415.42	415.34
00:18:10	16.149	15.818	15.853	16.69	15.902	16.057	415.42	415.34
00:19:10	16.15	15.817	15.854	16.692	15.903	16.058	415.42	415.34
00:20:10	16.149	15.817	15.853	16.692	15.9	16.056	415.42	415.34
00:21:10	16.149	15.817	15.853	16.688	15.904	16.055	415.42	415.34
00:22:10	16.15	15.817	15.855	16.683	15.906	16.056	415.42	415.34
00:23:12	16.151	15.816	15.857	16.684	15.903	16.057	415.42	415.34
00:24:10	16.15	15.817	15.855	16.683	15.904	16.057	415.42	415.34
00:25:10	16.15	15.817	15.855	16.68	15.904	16.056	415.42	415.34
00:26:10	16.149	15.817	15.856	16.679	15.906	16.058	415.42	415.34
00:27:10	16.151	15.817	15.855	16.677	15.905	16.058	415.42	415.34
00:28:10	16.15	15.817	15.856	16.68	15.904	16.057	415.42	415.34
00:29:10	16.151	15.816	15.855	16.687	15.905	16.058	415.42	415.34
00:30:10	16.151	15.818	15.856	16.687	15.907	16.059	415.42	415.34
00:31:10	16.152	15.819	15.857	16.683	15.909	16.059	415.42	415.34
00:32:10	16.151	15.819	15.857	16.685	15.906	16.059	415.42	415.34
00:33:10	16.152	15.819	15.856	16.687	15.906	16.059	415.42	415.34
00:34:10	16.152	15.82	15.858	16.684	15.909	16.061	415.42	415.34
00:35:10	16.152	15.821	15.857	16.685	15.906	16.061	415.42	415.34
00:36:10	16.153	15.823	15.857	16.685	15.906	16.061	415.42	415.34
00:37:10	16.153	15.823	15.856	16.681	15.905	16.059	415.42	415.34
00:38:10	16.152	15.823	15.856	16.674	15.905	16.06	415.42	415.34
00:39:10	16.153	15.823	15.855	16.67	15.91	16.062	415.42	415.34
00:40:10	16.153	15.824	15.856	16.67	15.91	16.061	415.42	415.34
00:41:10	16.153	15.823	15.854	16.671	15.908	16.059	415.42	415.34
00:42:10	16.153	15.824	15.854	16.668	15.91	16.059	415.42	415.34
00:43:10	16.153	15.823	15.857	16.667	15.91	16.06	415.42	415.34
00:44:10	16.154	15.822	15.855	16.67	15.908	16.061	415.42	415.34
00:45:10	16.152	15.823	15.854	16.673	15.907	16.059	415.42	415.34
00:46:10	16.154	15.823	15.854	16.677	15.906	16.06	415.42	415.34
00:47:10	16.153	15.823	15.854	16.675	15.908	16.059	415.42	415.34
00:48:10	16.153	15.822	15.855	16.671	15.911	16.059	415.42	415.34
00:49:10	16.153	15.822	15.854	16.674	15.91	16.06	415.42	415.34
00:50:10	16.153	15.821	15.854	16.677	15.911	16.059	415.42	415.34
00:51:10	16.154	15.823	15.855	16.677	15.909	16.059	415.42	415.34
00:52:10	16.154	15.822	15.857	16.68	15.912	16.06	415.42	415.34
00:53:10	16.154	15.823	15.858	16.687	15.914	16.062	415.42	415.34
00:54:10	16.155	15.826	15.859	16.69	15.916	16.062	415.42	415.34
00:55:10	16.155	15.826	15.857	16.683	15.915	16.062	415.42	415.34
00:56:10	16.155	15.827	15.857	16.682	15.912	16.061	415.42	415.34
00:57:10	16.155	15.828	15.858	16.68	15.915	16.062	415.42	415.34
00:58:10	16.155	15.83	15.858	16.676	15.92	16.064	415.42	415.34
00:59:10	16.156	15.832	15.859	16.673	15.924	16.066	415.42	415.34
01:00:10	16.159	15.835	15.859	16.674	15.925	16.07	415.42	415.34
01:01:10	16.158	15.839	15.859	16.665	15.925	16.07	415.42	415.34
01:02:10	16.157	15.841	15.868	16.649	15.927	16.07	415.42	415.34
01:03:10	16.158	15.84	15.864	16.628	15.922	16.066	415.42	415.34
01:04:10	16.157	15.838	15.864	16.609	15.919	16.063	415.42	415.34
01:05:10	16.157	15.838	15.864	16.581	15.917	16.063	415.42	415.34
01:06:10	16.156	15.835	15.857	16.554	15.917	16.062	415.42	415.34
01:07:10	16.156	15.834	15.851	16.534	15.915	16.063	415.42	415.34
01:08:10	16.157	15.836	15.851	16.525	15.921	16.064	415.42	415.34
01:09:10	16.158	15.837	15.836	16.513	15.927	16.066	415.42	415.34
01:10:10	16.159	15.839	15.829	16.5	15.927	16.067	415.42	415.34
01:11:10	16.16	15.841	15.826	16.493	15.93	16.066	415.42	415.34
01:12:10	16.16	15.841	15.816	16.48	15.926	16.066	415.42	415.34
01:13:10	16.159	15.842	15.809	16.464	15.928	16.066	415.42	415.34
01:14:10	16.16	15.843	15.821	16.456	15.927	16.067	415.42	415.34
01:15:10	16.16	15.844	15.823	16.455	15.927	16.067	415.42	415.34
01:16:10	16.161	15.844	15.817	16.466	15.93	16.067	415.42	415.34
01:17:10	16.159	15.843	15.795	16.448	15.926	16.064	415.42	415.34
01:18:10	16.16	15.842	15.791	16.433	15.92	16.063	415.42	415.34
01:19:10	16.159	15.838	15.785	16.424	15.916	16.064	415.42	415.34
01:20:10	16.159	15.835	15.778	16.408	15.918	16.063	415.42	415.34
01:21:10	16.158	15.834	15.759	16.406	15.918	16.063	415.42	415.34
01:22:10	16.159	15.834	15.743	16.391	15.92	16.063	415.42	415.34
01:23:10	16.159	15.834	15.768	16.396	15.919	16.064	415.42	415.34
01:24:10	16.159	15.834	15.779	16.396	15.92	16.063	415.42	415.34
01:25:10	16.158	15.834	15.784	16.391	15.919	16.064	415.42	415.34
01:26:10	16.16	15.833	15.79	16.384	15.919	16.064	415.42	415.34
01:27:10	16.16	15.833	15.781	16.38	15.917	16.063	415.42	415.34
01:28:10	16.16	15.835	15.767	16.385	15.921	16.064	415.42	415.34
01:29:10	16.159	15.834	15.754	16.378	15.919	16.064	415.42	415.34
01:30:10	16.16	15.834	15.741	16.372	15.919	16.063	415.42	415.34
01:31:10	16.16	15.833	15.729	16.367	15.919	16.064	415.42	415.34
01:32:10	16.16	15.834	15.738	16.371	15.915	16.065	415.42	415.34
01:33:10	16.161	15.835	15.746	16.379	15.918	16.065	415.42	415.34
01:34:10	16.161	15.836	15.739	16.374	15.919	16.066	415.42	415.34
01:35:10	16.161	15.837	15.743	16.373	15.919	16.066	415.42	415.34
01:36:10	16.161	15.836	15.743	16.371	15.918	16.065	415.42	415.34
01:37:10	16.161	15.837	15.735	16.372	15.916	16.065	415.42	415.34
01:38:10	16.16	15.835	15.737	16.368	15.915	16.064	415.42	415.34
01:39:10	16.161	15.836	15.734	16.36	15.915	16.064	415.42	415.34
01:40:10	16.161	15.836	15.73	16.355	15.916	16.065	415.42	415.34
01:41:10	16.16	15.836	15.739	16.354	15.918	16.065	415.42	415.34
01:42:10	16.161	15.835	15.747	16.358	15.921	16.064	415.42	415.34
01:43:10	16.16	15.835	15.745	16.368	15.921	16.066	415.42	415.34
01:44:10	16.16	15.835	15.742	16.387	15.918	16.064	415.42	415.34
01:45:10	16.161	15.835	15.736	16.375	15.917	16.063	415.42	415.34
01:46:10	16.161	15.835	15.724	16.365	15.92	16.065	415.42	415.34
01:47:10	16.162	15.835	15.722	16.364	15.92	16.065	415.42	415.34
01:48:10	16.161	15.835	15.726	16.361	15.92	16.064	415.42	415.34
01:49:10	16.161	15.835	15.713	16.357	15.917	16.063	415.42	415.34
01:50:10	16.16	15.834	15.724	16.357	15.917	16.064	415.42	415.34
01:51:10	16.162	15.834	15.729	16.361	15.917	16.064	415.42	415.34
01:52:10	16.161	15.832	15.734	16.36	15.918	16.065	415.42	415.34
01:53:10	16.163	15.834	15.737	16.356	15.918	16.064	415.42	415.34
01:54:10	16.16	15.833	15.734	16.361	15.92	16.064	415.42	415.34
01:55:10	16.161	15.835	15.732	16.367	15.921	16.065	415.42	415.34
01:56:10	16.161	15.836	15.724	16.365	15.919	16.065	415.42	415.34
01:57:10	16.162	15.835	15.717	16.356	15.919	16.065	415.42	415.34
01:58:10	16.162	15.836	15.7	16.343	15.916	16.066	415.42	415.34
01:59:10	16.161	15.837	15.707	16.349	15.919	16.065	415.42	415.34
02:00:10	16.162	15.837	15.71	16.346	15.919	16.066	415.42	415.34
02:01:10	16.162	15.837	15.706	16.344	15.918	16.065	415.42	415.34
02:02:10	16.163	15.836	15.7	16.342	15.919	16.064	415.42	415.34
02:03:10	16.162	15.838	15.701	16.341	15.919	16.064	415.42	415.34
02:04:10	16.163	15.835	15.696	16.334	15.916	16.065	415.42	415.34
02:05:10	16.161	15.834	15.681	16.318	15.915	16.064	415.42	415.34
02:06:10	16.162	15.833	15.691	16.313	15.912	16.062	415.42	415.34
02:07:10	16.159	15.833	15.699	16.315	15.911	16.061	415.42	415.34
02:08:10	16.162	15.829	15.696	16.324	15.913	16.062	415.42	415.34
02:09:10	16.157	15.828	15.694	16.328	15.912	16.063	415.42	415.34
02:10:10	16.16	15.831	15.696	16.329	15.913	16.065	415.42	415.34
02:11:10	16.162	15.832	15.671	16.322	15.915	16.064	415.42	415.34
02:12:10	16.161	15.83	15.667	16.316	15.915	16.063	415.42	415.34
02:13:10	16.161	15.83	15.667	16.313	15.913	16.064	415.42	415.34
02:14:10	16.162	0.0	15.664	16.31	15.912	16.063	415.42	415.34
02:15:10	16.161	15.831	15.601	16.236	15.909	16.06	415.42	415.34
02:16:10	16.162	15.832	15.556	16.192	15.911	16.064	415.42	415.34
02:17:10	16.161	15.831	15.55	16.19	15.913	16.064	415.42	415.34
02:18:10	16.163	15.834	15.535	16.203	15.917	16.065	415.42	415.34
02:19:10	16.161	15.836	15.526	16.168	15.916	16.065	415.42	415.34
02:20:10	16.16	15.833	15.521	16.144	15.913	16.063	415.42	415.34
02:21:10	16.163	15.835	15.491	16.192	15.915	16.065	415.42	415.34
02:22:10	16.16	15.836	15.489	16.16	15.913	16.065	415.42	415.34
02:23:10	16.16	15.834	15.489	16.194	15.913	16.063	415.42	415.34
02:24:10	16.161	15.833	15.465	16.18	15.913	16.062	415.42	415.34
02:25:10	16.162	15.833	15.487	16.172	15.912	16.064	415.42	415.34
02:26:10	16.162	15.83	15.479	16.121	15.913	16.063	415.42	415.34
02:27:10	16.159	15.832	15.467	16.157	15.912	16.063	415.42	415.34
02:28:10	16.161	15.829	15.467	16.257	15.91	16.062	415.42	415.34
02:29:10	16.161	15.832	15.477	16.29	15.911	16.063	415.42	415.34
02:30:10	16.16	15.832	15.465	16.333	15.911	16.061	415.42	415.34
02:31:10	16.16	15.832	15.463	16.289	15.91	16.061	415.42	415.34
02:32:10	16.16	15.828	15.474	16.298	15.911	16.062	415.42	415.34
02:33:10	16.162	15.831	15.492	16.307	15.91	16.063	415.42	415.34
02:34:10	16.16	15.829	15.501	16.368	15.909	16.061	415.42	415.34
02:35:10	16.16	15.829	15.493	16.372	15.91	16.062	415.42	415.34
02:36:10	16.161	15.83	15.514	16.373	15.91	16.063	415.42	415.34
02:37:10	16.16	15.831	15.476	16.312	15.91	16.063	415.42	415.34
02:38:10	16.161	15.831	15.495	16.318	15.911	16.063	415.42	415.34
02:39:10	16.161	15.83	15.51	16.35	15.91	16.065	415.42	415.34
02:40:10	16.161	15.831	15.524	16.395	15.907	16.063	415.42	415.34
02:41:10	16.161	15.831	15.548	16.494	15.91	16.063	415.42	415.34
02:42:10	16.16	15.833	15.603	16.485	15.909	16.063	415.42	415.34
02:43:10	16.16	15.834	15.63	16.436	15.913	16.062	415.42	415.34
02:44:10	16.16	15.834	15.644	16.408	15.915	16.064	415.42	415.34
02:45:10	16.162	15.836	15.648	16.385	15.91	16.063	415.42	415.34
02:46:10	16.16	15.835	15.656	16.377	15.908	16.062	415.42	415.34
02:47:10	16.16	15.835	15.655	16.373	15.907	16.063	415.42	415.34
02:48:10	16.159	15.834	15.644	16.355	15.909	16.062	415.42	415.34
02:49:10	16.16	15.833	15.643	16.329	15.911	16.063	415.42	415.34
02:50:10	16.159	15.832	15.633	16.323	15.908	16.061	415.42	415.34
02:51:10	16.16	15.829	15.628	16.315	15.907	16.06	415.42	415.34
02:52:10	16.159	15.827	15.623	16.304	15.905	16.06	415.42	415.34
02:53:10	16.157	15.825	15.628	16.296	15.903	16.058	415.42	415.34
02:54:10	16.157	15.824	15.621	16.28	15.902	16.059	415.42	415.34
02:55:10	16.158	15.821	15.625	16.279	15.902	16.058	415.42	415.34
02:56:10	16.156	15.819	15.634	16.276	15.9	16.058	415.42	415.34
02:57:10	16.156	15.815	15.639	16.283	15.899	16.055	415.42	415.34
02:58:10	16.156	15.814	15.636	16.282	15.897	16.055	415.42	415.34
02:59:10	16.156	15.811	15.622	16.274	15.896	16.055	415.42	415.34
03:00:10	16.156	15.808	15.6	16.265	15.896	16.056	415.42	415.34
03:01:10	16.156	15.806	15.593	16.255	15.895	16.055	415.42	415.34
03:02:10	16.154	15.806	15.592	16.249	15.893	16.054	415.42	415.34
03:03:10	16.155	15.804	15.59	16.249	15.893	16.051	415.42	415.34
03:04:10	16.155	15.802	15.575	16.245	15.893	16.053	415.42	415.34
03:05:10	16.156	15.8	15.513	16.22	15.893	16.055	415.42	415.34
03:06:10	16.156	15.803	15.449	16.164	15.894	16.056	415.42	415.34
03:07:10	16.154	15.804	15.423	16.116	15.894	16.056	415.42	415.34
03:08:10	16.156	15.807	15.416	16.129	15.894	16.056	415.42	415.34
03:09:10	16.154	15.807	15.405	16.121	15.894	16.054	415.42	415.34
03:10:10	16.156	15.807	15.379	16.085	15.893	16.054	415.42	415.34
03:11:10	16.154	15.807	15.374	16.106	15.896	16.056	415.42	415.34
03:12:10	16.152	15.807	15.381	16.13	15.894	16.058	415.42	415.34
03:13:10	16.155	15.809	15.349	16.092	15.892	16.056	415.42	415.34
03:14:12	16.154	15.807	15.346	16.109	15.892	16.054	415.42	415.34
03:15:10	16.153	15.806	15.33	16.122	15.891	16.056	415.42	415.34
03:16:10	16.153	15.806	15.315	16.094	15.892	16.055	415.42	415.34
03:17:10	16.153	15.806	15.308	16.039	15.894	16.057	415.42	415.34
03:18:10	16.153	15.805	15.317	16.06	15.895	16.056	415.42	415.34
03:19:10	16.155	15.806	15.323	16.066	15.894	16.057	415.42	415.34
03:20:10	16.154	15.804	15.311	16.056	15.892	16.055	415.42	415.34
03:21:10	16.154	15.806	15.297	16.05	15.89	16.055	415.42	415.34
03:22:10	16.154	15.802	15.293	16.091	15.889	16.054	415.42	415.34
03:23:10	16.15	15.806	15.31	16.084	15.889	16.055	415.42	415.34
03:24:10	16.151	15.806	15.292	16.066	15.894	16.057	415.42	415.34
03:25:10	16.152	15.805	15.309	16.083	15.894	16.057	415.42	415.34
03:26:10	16.153	15.805	15.303	16.105	15.89	16.057	415.42	415.34
03:27:12	16.15	15.807	15.323	16.135	15.892	16.056	415.42	415.34
03:28:10	16.154	15.805	15.313	16.134	15.892	16.056	415.42	415.34
03:29:10	16.149	15.805	15.312	16.148	15.892	16.055	415.42	415.34
03:30:10	16.151	15.806	15.329	16.162	15.89	16.054	415.42	415.34
03:31:10	16.153	15.804	15.353	16.243	15.89	16.055	415.42	415.34
03:32:10	16.149	15.804	15.369	16.28	15.889	16.058	415.42	415.34
03:33:10	16.149	15.804	15.396	16.412	15.889	16.056	415.42	415.34
03:34:10	16.148	15.803	15.415	16.487	15.894	16.057	415.42	415.34
03:35:10	16.151	15.805	15.426	16.478	15.893	16.057	415.42	415.34
03:36:10	16.15	15.807	15.423	16.368	15.892	16.056	415.42	415.34
03:37:10	16.15	15.807	15.436	16.32	15.891	16.057	415.42	415.34
03:38:10	16.149	15.803	15.393	16.259	15.892	16.059	415.42	415.34
03:39:10	16.151	15.808	15.397	16.192	15.896	16.058	415.42	415.34
03:40:10	16.149	15.807	15.394	16.265	15.893	16.058	415.42	415.34
03:41:10	16.148	15.809	15.411	16.36	15.89	16.058	415.42	415.34
03:42:10	16.149	15.81	15.441	16.402	15.892	16.058	415.42	415.34
03:43:10	16.148	15.807	15.454	16.421	15.895	16.058	415.42	415.34
03:44:10	16.149	15.805	15.468	16.524	15.897	16.056	415.42	415.34
03:45:10	16.149	15.808	15.475	16.433	15.895	16.056	415.42	415.34
03:46:10	16.149	15.806	15.491	16.445	15.899	16.056	415.42	415.34
03:47:10	16.148	15.803	15.537	16.431	15.895	16.056	415.42	415.34
03:48:10	16.147	15.801	15.557	16.398	15.893	16.054	415.42	415.34
03:49:10	16.149	15.802	15.566	16.37	15.891	16.054	415.42	415.34
03:50:10	16.146	15.799	15.573	16.351	15.891	16.053	415.42	415.34
03:51:10	16.147	15.8	15.574	16.347	15.892	16.054	415.42	415.34
03:52:10	16.146	15.799	15.581	16.336	15.888	16.053	415.42	415.34
03:53:10	16.146	15.799	15.576	16.324	15.889	16.052	415.42	415.34
03:54:10	16.145	15.795	15.565	16.304	15.886	16.052	415.42	415.34
03:55:10	16.146	15.795	15.561	16.287	15.884	16.052	415.42	415.34
03:56:10	16.144	15.794	15.569	16.281	15.885	16.052	415.42	415.34
03:57:10	16.146	15.791	15.578	16.276	15.886	16.051	415.42	415.34
03:58:10	16.145	15.793	15.576	16.266	15.884	16.052	415.42	415.34
03:59:10	16.141	15.793	15.576	16.27	15.885	16.052	415.42	415.34
04:00:10	16.143	15.79	15.574	16.259	15.888	16.053	415.42	415.34
04:01:10	16.142	15.792	15.567	16.256	15.885	16.053	415.42	415.34
04:02:10	16.142	15.793	15.564	16.249	15.884	16.052	415.42	415.34
04:03:10	16.141	15.789	15.56	16.241	15.884	16.052	415.42	415.34
04:04:10	16.141	15.783	15.526	16.237	15.88	16.05	415.42	415.34
04:05:10	16.14	15.786	15.501	16.222	15.878	16.05	415.42	415.34
04:06:11	16.138	15.783	15.476	16.215	15.877	16.05	415.42	415.34
04:07:10	16.139	15.782	15.492	16.263	15.878	16.049	415.42	415.34
04:08:10	16.139	15.782	15.5	16.39	15.878	16.052	415.42	415.34
04:09:10	16.137	15.781	15.507	16.409	15.88	16.052	415.42	415.34
04:10:10	16.139	15.784	15.533	16.502	0.0	16.052	415.42	415.34
04:11:10	16.136	15.786	15.558	16.545	15.881	16.052	415.42	415.34
04:12:10	16.139	15.781	15.576	16.458	15.88	16.052	415.42	415.34
04:13:10	16.139	15.781	15.584	16.392	15.88	16.054	415.42	415.34
04:14:10	16.137	15.781	15.587	16.343	15.876	16.051	415.42	415.34
04:15:10	16.137	15.781	15.585	16.306	15.878	16.054	415.42	415.34
04:16:10	16.137	15.781	15.588	16.302	15.878	16.053	415.42	415.34
04:17:10	16.137	15.78	15.572	16.279	15.875	16.053	415.42	415.34
04:18:10	16.135	15.78	15.552	16.261	15.88	16.053	415.42	415.34
04:19:10	16.136	15.782	15.556	16.249	15.878	16.052	415.42	0.0
04:20:10	16.135	15.782	15.554	16.243	15.879	16.051	415.42	415.34
04:21:10	16.134	15.778	15.539	16.229	15.88	16.052	415.42	415.34
04:22:10	16.135	15.777	15.524	16.214	15.879	16.05	415.42	415.34
04:23:11	16.133	15.777	15.533	16.207	15.879	16.049	415.42	415.34
04:24:10	0.0	15.776	15.546	16.208	15.881	16.05	415.42	415.34
04:25:10	16.133	15.776	15.552	16.216	15.882	16.05	415.42	415.34
04:26:10	16.133	15.778	15.546	16.215	15.882	16.05	415.42	415.34
04:27:12	16.132	15.779	15.535	16.208	15.884	16.051	415.42	415.34
04:28:10	16.132	15.779	15.539	16.208	15.881	16.052	415.42	415.34
04:29:10	16.132	15.775	15.533	16.199	15.876	16.05	415.42	415.34
04:30:10	16.13	15.773	15.522	16.191	15.876	16.049	415.42	415.34
04:31:10	16.13	15.773	15.509	16.191	15.881	16.051	415.42	415.34
04:32:10	16.13	15.774	15.494	16.157	15.879	16.053	415.42	415.34
04:33:10	16.13	15.776	15.483	16.19	15.879	16.05	415.42	415.34
04:34:10	16.13	15.774	15.509	16.356	15.882	16.051	415.42	415.34
04:35:10	16.13	15.775	15.528	16.411	15.883	16.05	415.42	415.34
04:36:10	16.13	15.772	15.531	16.376	15.882	16.051	415.42	415.34
04:37:10	16.128	15.774	15.538	16.341	15.88	16.05	415.42	415.34
04:38:10	16.128	15.777	15.507	16.299	15.88	16.051	415.42	415.34
04:39:10	16.129	15.773	15.489	16.244	15.878	16.048	415.42	415.34
04:40:10	16.129	15.774	15.483	16.24	15.88	16.05	415.42	415.34
04:41:10	16.128	15.776	15.488	16.248	15.881	16.051	415.42	415.34
04:42:10	16.128	15.772	15.486	16.245	15.879	16.051	415.42	415.34
04:43:12	16.127	15.773	15.501	16.275	15.879	16.051	415.42	415.34
04:44:10	16.126	15.772	15.501	16.272	15.877	16.051	415.42	415.34
04:45:10	16.126	15.773	15.49	16.253	15.879	16.05	415.42	415.34
04:46:10	16.125	15.772	15.502	16.258	15.88	16.05	415.42	415.34
04:47:10	16.126	15.773	15.519	16.311	15.88	16.05	415.42	415.34
04:48:10	16.126	15.773	15.496	16.27	15.878	16.051	415.42	415.34
04:49:10	16.124	15.773	15.495	16.246	15.88	16.049	415.42	415.34
04:50:10	16.124	15.772	15.462	16.192	15.877	16.05	415.42	415.34
04:51:10	16.124	15.772	15.466	16.165	15.876	16.051	415.42	415.34
04:52:10	16.123	15.771	15.436	16.14	15.877	16.05	415.42	415.34
04:53:10	16.123	15.772	15.455	16.212	15.878	16.051	415.42	415.34
04:54:10	16.122	15.771	15.486	16.291	15.878	16.05	415.42	415.34
04:55:10	16.123	15.768	15.51	16.403	15.881	16.05	415.42	415.34
04:56:10	16.122	15.769	15.519	16.393	15.885	16.049	415.42	415.34
04:57:10	16.122	15.769	15.494	16.349	15.885	16.052	415.42	415.34
04:58:10	16.122	15.768	15.496	16.321	15.882	16.052	415.42	415.34
04:59:10	16.121	15.769	15.493	16.302	15.88	16.052	415.42	415.34
05:00:10	16.121	15.767	15.501	16.287	15.883	16.051	415.42	415.34
05:01:10	16.12	15.767	15.486	16.28	15.884	16.05	415.42	415.34
05:02:10	16.12	15.767	15.489	16.302	15.882	16.051	415.42	415.34
05:03:10	16.119	15.764	15.487	16.255	15.881	16.048	415.42	415.34
05:04:10	16.12	15.765	15.457	16.199	15.885	16.049	415.42	415.34
05:05:10	16.12	15.766	15.434	16.188	15.885	16.049	415.42	415.34
05:06:10	16.119	15.767	15.438	16.237	15.886	16.052	415.42	415.34
05:07:10	16.119	15.771	15.49	16.291	15.887	16.05	415.42	415.34
05:08:10	16.118	15.766	15.51	16.31	15.886	16.051	415.42	415.34
05:09:10	16.118	15.767	15.53	16.363	15.881	16.051	415.42	415.34
05:10:12	16.118	15.767	15.551	16.434	15.881	16.052	415.42	415.34
05:11:10	16.118	15.766	15.568	16.576	15.884	16.05	415.42	415.34
05:12:10	16.117	15.765	15.578	16.614	15.883	16.05	415.42	415.34
05:13:10	16.116	15.765	15.568	16.598	15.88	16.05	415.42	415.34
05:14:10	16.117	15.764	15.559	16.593	15.877	16.05	415.42	415.34
05:15:10	16.116	15.764	15.58	16.511	15.877	16.05	415.42	415.34
05:16:10	16.117	15.765	15.588	16.428	15.876	16.05	415.42	415.34
05:17:10	16.116	15.765	15.59	16.365	15.879	16.049	415.42	415.34
05:18:10	16.116	15.765	15.59	16.32	15.88	16.05	415.42	415.34
05:19:10	16.116	15.764	15.572	16.283	15.877	16.049	415.42	415.34
05:20:10	16.115	15.764	15.528	16.241	15.88	16.05	415.42	415.34
05:21:12	16.116	15.765	15.51	16.22	15.885	16.048	415.42	415.34
05:22:10	16.115	15.765	15.498	16.199	15.884	16.05	415.42	415.34
05:23:10	16.114	15.762	15.489	16.182	15.882	16.05	415.42	415.34
05:24:10	16.114	15.762	15.463	16.162	15.883	16.05	415.42	415.34
05:25:10	16.114	15.763	15.449	16.145	15.883	16.05	415.42	415.34
05:26:10	16.112	15.762	15.485	16.145	15.88	16.051	415.42	415.34
05:27:10	16.113	15.761	15.504	16.145	15.884	16.05	415.42	415.34
05:28:10	16.113	15.761	15.502	16.149	15.878	16.048	415.42	415.34
05:29:10	16.113	15.759	15.495	16.145	15.88	16.048	415.42	415.34
05:30:10	16.113	15.76	15.474	16.127	15.88	16.048	415.42	415.34
05:31:10	16.111	15.761	15.45	16.117	15.879	16.049	415.42	415.34
05:32:10	16.111	15.76	15.435	16.107	15.877	16.048	415.42	415.34
05:33:10	16.11	15.758	15.427	16.099	15.881	16.049	415.42	415.34
05:34:10	16.111	15.757	15.415	16.088	15.883	16.048	415.42	415.34
05:35:10	16.11	15.756	15.329	16.017	15.884	16.049	415.42	415.34
05:36:10	16.109	15.756	15.286	15.911	15.879	16.047	415.42	415.34
05:37:10	16.11	15.756	15.263	15.928	15.879	16.046	415.42	415.34
05:38:10	16.109	15.756	15.239	15.868	15.881	16.047	415.42	415.34
05:39:10	16.108	15.753	15.186	15.881	15.882	16.047	415.42	415.34
05:40:10	16.109	15.753	15.188	15.895	15.881	16.048	415.42	415.34
05:41:10	16.108	15.753	15.172	15.851	15.878	16.047	415.42	415.34
05:42:10	16.107	15.751	15.19	15.873	15.876	16.047	415.42	415.34
05:43:10	16.106	15.75	15.262	16.112	15.873	16.046	415.42	415.34
05:44:10	16.107	15.748	15.333	16.421	15.875	16.045	415.42	415.34
05:45:10	16.106	15.746	15.383	16.738	15.87	16.045	415.42	415.34
05:46:11	16.105	15.746	15.431	17.075	15.874	16.045	415.42	415.34
05:47:10	0.0	15.746	15.467	17.1	15.873	16.045	415.42	415.34
05:48:10	16.104	15.743	15.501	16.761	15.87	16.043	415.42	415.34
05:49:10	16.104	15.742	15.518	16.525	15.872	16.043	415.42	415.34
05:50:10	16.103	15.739	0.0	16.38	15.869	16.043	415.42	415.34
05:51:10	16.103	15.74	15.519	16.298	15.869	16.043	415.42	415.34
05:52:10	16.101	15.739	15.51	16.235	15.871	16.041	415.42	415.34
05:53:10	16.102	15.74	15.479	16.205	15.873	16.042	415.42	415.34
05:54:10	16.102	15.741	15.462	16.158	15.872	16.044	415.42	415.34
05:55:10	16.102	15.741	15.457	16.137	15.869	16.044	415.42	415.34
05:56:10	16.101	15.741	15.445	16.112	15.873	16.044	415.42	415.34
05:57:10	16.101	15.741	15.425	16.107	15.875	16.046	415.42	415.34
05:58:10	16.101	15.74	15.449	16.095	15.872	16.044	415.42	415.34
05:59:10	16.098	15.74	15.464	16.082	15.867	16.043	415.42	415.34
06:00:10	16.099	15.738	15.46	16.09	15.868	16.045	415.42	415.34
06:01:10	16.099	15.737	15.449	16.082	15.865	16.043	415.42	415.34
06:02:10	16.098	15.735	15.436	16.071	15.865	16.041	415.42	415.34
06:03:10	16.097	15.734	15.445	16.067	15.864	16.04	415.42	415.34
06:04:10	16.097	15.731	15.455	16.059	15.863	16.04	415.42	415.34
06:05:10	16.097	15.73	15.439	16.07	15.86	16.041	415.42	415.34
06:06:10	16.096	15.731	15.357	16.017	15.862	16.041	415.42	415.34
06:07:10	16.096	15.728	15.258	15.927	15.863	16.04	415.42	415.34
06:08:10	16.095	15.726	15.192	15.927	15.866	16.04	415.42	415.34
06:09:10	16.094	15.726	15.161	15.923	15.866	16.04	415.42	415.34
06:10:14	16.095	15.728	15.104	15.905	15.865	16.038	415.42	415.34
06:11:10	16.095	15.727	15.084	15.94	15.866	16.04	415.42	415.34
06:12:10	16.092	15.726	15.06	15.929	15.865	16.04	415.42	415.34
06:13:10	16.091	15.726	15.033	15.892	15.863	16.039	415.42	415.34
06:14:10	16.091	15.725	15.02	15.853	15.862	16.04	415.42	415.34
06:15:10	16.091	15.728	15.02	15.863	15.86	16.04	415.42	415.34
06:16:10	16.091	15.728	14.989	15.839	15.86	16.038	415.42	415.34
06:17:10	16.09	15.726	15.003	15.906	15.858	16.038	415.42	415.34
06:18:10	16.09	15.725	15.081	16.164	15.859	16.038	0.0	415.34
06:19:10	16.088	15.726	15.139	16.263	15.86	16.038	415.42	415.34
06:20:10	16.087	15.723	15.155	16.267	15.861	16.039	415.42	415.34
06:21:10	16.087	15.722	15.177	16.44	15.861	16.038	415.42	415.34
06:22:10	16.087	15.72	15.155	16.463	15.858	16.038	415.42	415.34
06:23:10	16.087	15.722	15.138	16.522	15.856	16.039	415.42	415.34
06:24:10	16.087	15.723	15.204	16.738	15.857	16.04	415.42	415.34
06:25:10	16.087	15.723	15.22	16.638	15.857	16.04	415.42	415.34
06:26:10	16.085	15.724	15.174	16.426	15.858	16.037	415.42	415.34
06:27:10	16.085	15.722	15.175	16.331	15.857	16.037	415.42	415.34
06:28:10	16.085	15.72	15.174	16.218	15.857	16.038	415.42	415.34
06:29:10	16.084	15.717	15.139	16.354	15.856	16.039	415.42	415.34
06:30:10	16.083	15.715	15.173	16.375	15.853	16.035	415.42	415.34
06:31:10	16.082	15.714	15.168	16.381	15.852	16.035	415.42	415.34
06:32:10	16.083	15.718	15.168	16.297	15.851	16.035	415.42	415.34
06:33:10	16.082	15.716	15.167	16.353	15.857	16.037	415.42	415.34
06:34:10	16.081	15.718	15.153	16.378	15.859	16.037	415.42	415.34
06:35:10	16.083	15.721	15.135	16.31	15.858	16.036	415.42	415.34
06:36:10	16.083	15.717	15.144	16.303	15.86	16.037	415.42	415.34
06:37:10	16.082	15.722	15.113	16.279	15.86	16.038	415.42	415.34
06:38:10	16.081	15.721	15.12	16.203	15.863	16.037	415.42	415.34
06:39:10	16.08	15.721	15.114	16.219	15.861	16.037	415.42	415.34
06:40:10	16.08	15.72	15.072	16.205	15.86	16.037	415.42	415.34
06:41:10	16.079	15.716	15.091	16.212	15.856	16.037	415.42	415.34
06:42:10	16.078	15.714	15.096	16.174	15.854	16.038	415.42	415.34
06:43:10	16.079	15.718	15.106	16.238	15.855	16.036	415.42	415.34
06:44:10	16.078	15.719	15.148	16.36	15.856	16.036	415.42	415.34
06:45:10	16.078	15.719	15.141	16.481	15.859	16.036	415.42	415.34
06:46:10	16.075	15.718	15.149	16.558	15.855	16.035	415.42	415.34
06:47:10	16.075	15.718	15.171	16.614	15.858	16.035	415.42	415.34
06:48:10	16.075	15.711	15.21	16.642	15.856	16.035	415.42	415.34
06:49:10	16.075	15.71	15.345	16.533	15.856	16.034	415.42	415.34
06:50:10	16.074	15.711	15.407	16.428	15.856	16.034	415.42	415.34
06:51:10	16.075	15.711	15.439	16.371	15.854	16.035	415.42	415.34
06:52:10	16.075	15.709	15.456	16.334	15.856	16.036	415.42	415.34
06:53:10	16.075	15.713	15.469	16.316	15.853	16.036	415.42	415.34
06:54:10	16.073	15.712	15.466	16.293	15.853	16.037	415.42	415.34
06:55:10	16.073	15.711	15.472	16.28	15.852	16.035	415.42	415.34
06:56:10	16.072	15.712	15.475	16.268	15.854	16.037	415.42	415.34
06:57:10	16.072	15.706	15.481	16.267	15.855	16.036	415.42	415.34
06:58:10	16.074	15.707	15.49	16.263	15.857	16.037	415.42	415.34
06:59:10	16.074	15.709	15.489	16.253	15.853	16.037	415.42	415.34
07:00:11	16.074	15.708	15.496	16.246	15.849	16.036	415.42	415.34
07:01:10	16.071	15.71	15.492	16.24	15.853	16.036	415.42	415.34
07:02:10	16.071	15.708	15.496	16.24	15.85	16.034	415.42	415.34
07:03:10	16.07	15.709	15.502	16.219	15.849	16.035	415.42	415.34
07:04:10	16.066	15.705	15.505	16.221	15.854	16.037	415.42	415.34
07:05:10	16.069	15.701	15.503	16.218	15.857	16.036	415.42	415.34
07:06:10	16.066	15.698	15.508	16.221	15.855	16.036	415.42	415.34
07:07:11	16.068	15.699	15.509	16.214	15.857	16.035	415.42	415.34
07:08:10	0.0	15.699	15.511	16.207	15.853	16.035	415.42	415.34
07:09:10	16.067	15.698	15.513	16.219	15.854	16.034	415.42	415.34
07:10:10	16.065	15.695	15.518	16.248	15.85	16.034	415.42	415.34
07:11:10	16.065	15.697	15.484	16.341	15.853	16.034	415.42	415.34
07:12:10	16.064	15.698	15.408	16.473	15.852	16.035	415.42	415.34
07:13:10	16.064	15.697	15.476	16.43	15.852	16.036	415.42	415.34
07:14:10	16.063	15.695	15.511	16.36	15.851	16.035	415.42	415.34
07:15:10	16.063	15.693	15.525	16.31	15.85	16.034	415.42	415.34
07:16:10	16.062	15.696	15.531	16.266	15.849	16.034	415.42	415.34
07:17:10	16.063	15.693	15.531	16.238	15.848	16.034	415.42	415.34
07:18:10	16.061	15.691	15.534	16.232	15.845	16.033	415.42	415.34
07:19:10	16.061	15.691	15.529	16.215	15.846	16.033	415.42	415.34
07:20:10	16.061	15.693	15.525	16.205	15.846	16.033	415.42	415.34
07:21:10	16.058	15.689	15.521	16.194	15.846	16.032	415.42	415.34
07:22:10	16.06	15.686	15.524	16.185	15.846	16.03	415.42	415.34
07:23:10	16.061	15.688	15.514	16.173	15.848	16.032	415.42	415.34
07:24:10	16.06	15.691	15.521	16.169	15.85	16.034	415.42	415.34
07:25:10	16.06	15.691	15.521	16.165	15.849	16.033	415.42	415.34
07:26:10	16.059	15.688	15.517	16.157	15.846	16.032	415.42	415.34
07:27:10	16.058	15.688	15.514	16.145	15.846	16.03	415.42	415.34
07:28:10	16.059	15.687	15.498	16.135	15.847	16.032	415.42	415.34
07:29:10	16.059	15.683	15.502	16.138	15.847	16.031	415.42	415.34
07:30:10	16.058	15.68	15.492	16.137	15.845	16.033	415.42	415.34
07:31:10	16.059	15.68	15.483	16.131	15.847	16.03	415.42	415.34
07:32:10	16.06	15.68	15.474	16.123	15.847	16.032	415.42	415.34
07:33:10	16.058	15.683	15.328	16.067	15.844	16.03	415.42	415.34
07:34:11	16.057	15.686	15.239	15.96	15.847	16.033	415.42	415.34
07:35:10	16.058	15.684	15.206	15.94	15.848	16.032	415.42	415.34
07:36:10	16.058	15.684	15.173	15.947	15.846	16.03	415.42	415.34
07:37:10	16.058	15.683	15.151	15.982	15.844	16.03	415.42	415.34
07:38:10	16.056	15.684	15.119	15.899	15.845	16.03	415.42	415.34
07:39:10	16.055	0.0	15.112	15.911	15.845	16.031	415.42	415.34
07:40:10	16.053	15.683	15.164	16.188	15.843	16.031	415.42	415.34
07:41:10	16.053	15.68	15.234	16.392	15.846	16.03	415.42	415.34
07:42:11	16.052	15.679	15.234	16.508	15.842	16.029	415.42	415.34
07:43:10	16.051	15.678	15.27	16.418	15.841	16.029	415.42	415.34
07:44:10	16.051	15.679	15.216	16.226	15.842	16.029	415.42	415.34
07:45:10	16.053	15.68	15.199	16.162	15.843	16.031	415.42	415.34
07:46:10	16.051	15.677	15.178	16.25	15.841	16.029	415.42	415.34
07:47:10	16.051	15.669	15.2	16.295	15.84	16.028	415.42	415.34
07:48:10	16.048	15.671	15.262	16.417	15.84	16.028	415.42	415.34
07:49:10	16.049	15.675	15.249	16.313	15.844	16.032	415.42	415.34
07:50:10	16.049	15.679	15.228	16.323	15.845	16.031	415.42	415.34
07:51:10	16.05	15.681	15.207	16.251	15.847	16.03	415.42	415.34
07:52:10	16.05	15.682	15.205	16.225	15.847	16.03	415.42	415.34
07:53:10	16.051	15.678	15.215	16.297	15.846	16.03	415.42	415.34
07:54:10	16.049	15.677	15.233	16.359	15.843	16.029	415.42	415.34
07:55:10	16.048	15.676	15.279	16.441	15.843	16.029	415.42	415.34
07:56:10	16.046	15.671	15.285	16.382	15.838	16.028	415.42	415.34
07:57:10	16.047	15.668	15.27	16.336	15.84	16.028	415.42	415.34
07:58:10	16.047	15.668	15.252	16.277	15.843	16.03	415.42	415.34
07:59:10	16.045	15.671	15.21	16.157	15.84	16.029	415.42	415.34
08:00:10	16.046	15.672	15.188	16.102	15.838	16.028	415.42	415.34
08:01:10	16.045	15.668	15.244	16.286	15.837	16.028	415.42	415.34
08:02:10	16.045	15.664	15.275	16.37	15.842	16.03	415.42	415.34
08:03:10	16.043	15.664	15.278	16.38	15.849	16.031	415.42	415.34
08:04:10	16.042	15.668	15.278	16.422	15.847	16.031	415.42	415.34
08:05:10	16.042	15.668	15.248	16.344	15.846	16.032	415.42	415.34
08:06:10	16.043	15.67	15.293	16.31	15.851	16.03	415.42	415.34
08:07:10	16.042	15.669	15.285	16.285	15.847	16.029	415.42	415.34
08:08:10	16.042	15.672	15.311	16.303	15.847	16.031	415.42	415.34
08:09:10	16.04	15.666	15.3	16.232	15.846	16.031	415.42	415.34
08:10:11	16.04	15.667	15.301	16.221	15.844	16.03	415.42	415.34
08:11:10	16.039	15.667	15.337	16.25	15.847	16.031	415.42	415.34
08:12:10	16.039	15.671	15.312	16.238	15.849	16.031	415.42	415.34
08:13:10	16.039	15.669	15.32	16.248	15.849	16.03	415.42	415.34
08:14:10	16.04	15.667	15.317	16.249	15.85	16.031	415.42	415.34
08:15:10	16.038	15.667	15.304	16.232	15.847	16.03	415.42	415.34
08:16:10	16.037	15.667	15.292	16.234	15.842	16.03	415.42	415.34
08:17:10	16.037	15.668	15.319	16.236	15.843	16.03	415.42	415.34
08:18:10	16.036	15.664	15.348	16.251	15.846	16.03	415.42	415.34
08:19:10	16.033	15.663	15.279	16.186	15.844	16.03	415.42	415.34
08:20:10	16.033	15.663	15.276	16.149	15.845	16.03	415.42	415.34
08:21:10	16.034	15.663	15.234	16.08	15.842	16.029	415.42	415.34
08:22:10	16.036	15.661	15.266	16.106	15.842	16.029	415.42	415.34
08:23:10	16.037	15.662	15.284	16.13	15.843	16.03	415.42	415.34
08:24:10	16.037	15.662	15.309	16.238	15.842	16.031	415.42	415.34
08:25:10	16.037	15.665	15.326	16.228	15.848	16.032	415.42	415.34
08:26:10	16.036	15.662	15.266	16.157	15.849	16.031	415.42	415.34
08:27:10	16.037	15.663	15.249	16.149	15.846	16.031	415.42	415.34
08:28:10	16.033	15.661	15.296	16.129	15.845	16.031	415.42	415.34
08:29:10	16.033	15.663	15.251	16.184	15.841	16.031	415.42	415.34
08:30:10	16.033	15.661	15.312	16.262	15.841	16.031	415.42	415.34
08:31:10	16.033	15.659	15.331	16.337	15.842	16.032	415.42	415.34
08:32:10	16.033	15.66	15.309	16.342	15.847	16.031	415.42	415.34
08:33:10	16.031	15.663	15.298	16.325	15.846	16.031	415.42	415.34
08:34:10	16.03	15.663	15.339	16.343	15.842	16.03	415.42	415.34
08:35:10	16.032	15.662	15.357	16.362	15.846	16.03	415.42	415.34
08:36:10	16.031	15.661	15.353	16.261	15.847	16.031	415.42	415.34
08:37:10	16.032	15.658	15.317	16.18	15.847	16.031	415.42	415.34
08:38:10	16.033	15.658	15.229	16.116	15.843	16.03	415.42	415.34
08:39:10	16.031	15.659	15.224	16.063	15.845	16.03	415.42	415.34
08:40:10	16.03	15.659	15.198	16.061	15.85	16.031	415.42	415.34
08:41:10	16.03	15.656	15.205	16.121	15.853	16.031	415.42	415.34
08:42:10	16.032	15.659	15.212	16.139	15.853	16.031	415.42	415.34
08:43:10	16.03	15.655	15.253	16.173	15.847	16.03	415.42	415.34
08:44:10	16.029	15.657	0.0	16.187	15.845	16.029	415.42	415.34
08:45:10	16.029	15.658	15.232	16.24	15.847	16.031	415.42	415.34
08:46:10	16.027	15.657	15.251	16.261	15.85	16.032	415.42	415.34
08:47:10	16.026	15.651	15.22	16.158	15.847	16.031	415.42	415.34
08:48:10	16.026	15.654	15.157	16.097	15.847	16.031	415.42	415.34
08:49:10	16.025	15.655	15.128	16.04	15.85	16.032	415.42	415.34
08:50:10	16.025	15.657	15.107	16.024	15.852	16.03	415.42	415.34
08:51:10	16.022	15.653	15.107	16.036	15.844	16.029	415.42	415.34
08:52:10	16.023	15.648	15.216	16.137	15.846	16.031	415.42	415.34
08:53:11	16.023	15.644	15.247	16.398	15.846	16.032	415.42	415.34
08:54:10	16.022	15.648	15.275	16.543	15.849	16.029	415.42	415.34
08:55:11	16.022	15.65	15.227	16.456	15.846	16.029	415.42	415.34
08:56:10	16.022	15.65	15.257	16.363	15.843	16.03	415.42	415.34
08:57:10	16.022	15.648	15.22	16.23	15.847	16.03	415.42	415.34
08:58:10	16.023	15.649	15.209	16.255	15.849	16.03	415.42	415.34
08:59:10	16.024	15.649	15.19	16.205	15.848	16.031	415.42	415.34
09:00:10	16.02	15.647	15.171	16.213	15.851	16.031	415.42	415.34
09:01:10	16.019	15.648	15.215	16.342	15.848	16.03	415.42	415.34
09:02:10	16.019	15.648	15.2	16.264	15.847	16.029	415.42	415.34
09:03:10	16.02	15.646	15.207	16.163	15.846	16.028	415.42	415.34
09:04:10	16.021	15.648	15.148	16.044	15.846	16.029	415.42	415.34
09:05:10	16.02	15.649	15.147	16.158	15.842	16.029	415.42	415.34
09:06:10	16.02	15.649	15.19	16.383	15.846	16.028	415.42	415.34
09:07:10	16.02	15.648	15.229	16.424	15.845	16.028	415.42	415.34
09:08:10	16.019	15.65	15.273	16.574	15.848	16.029	415.42	415.34
09:09:10	16.017	15.651	15.337	16.778	15.844	16.029	415.42	415.34
09:10:10	16.016	15.65	15.364	16.899	15.843	16.027	415.42	415.34
09:11:10	16.015	15.647	15.393	16.762	15.845	16.028	415.42	415.34
09:12:10	16.016	15.644	15.429	16.527	15.848	16.03	415.42	415.34
09:13:10	16.017	15.643	15.445	16.395	15.849	16.03	415.42	415.34
09:14:13	16.017	15.644	15.452	16.309	15.847	16.028	415.42	415.34
09:15:10	16.016	15.644	15.455	16.269	15.848	16.028	415.42	415.34
09:16:10	16.017	15.638	15.464	16.244	15.849	16.029	415.42	415.34
09:17:10	16.016	15.635	15.458	16.214	15.85	16.029	415.42	415.34
09:18:10	16.017	15.632	15.46	16.199	0.0	16.029	415.42	415.34
09:19:10	16.016	15.633	15.462	16.184	15.85	16.029	415.42	415.34
09:20:10	16.014	15.631	15.461	16.162	15.85	16.028	415.42	415.34
09:21:10	16.012	15.634	15.463	16.154	15.847	16.029	415.42	415.34
09:22:10	16.009	15.638	15.459	16.144	15.844	16.028	415.42	415.34
09:23:10	16.009	15.639	15.465	16.163	15.846	16.028	415.42	415.34
09:24:10	16.01	15.636	15.473	16.179	15.846	16.029	415.42	415.34
09:25:10	16.008	15.635	15.472	16.176	15.843	16.028	415.42	415.34
09:26:10	16.008	15.636	15.477	16.173	15.843	16.029	415.42	415.34
09:27:10	16.01	15.634	15.473	16.16	15.84	16.028	415.42	415.34
09:28:10	16.011	15.631	15.47	16.145	15.844	16.028	415.42	415.34
09:29:10	16.007	15.632	15.466	16.138	15.844	16.028	415.42	415.34
09:30:10	16.005	15.634	15.322	15.985	15.843	16.027	415.42	415.34
09:31:10	16.007	15.633	15.216	15.962	15.844	16.027	415.42	415.34
09:32:10	16.008	15.631	15.172	15.952	15.845	16.027	415.42	415.34
09:33:10	16.007	15.63	15.125	15.96	15.847	16.027	415.42	415.34
09:34:10	16.007	15.63	15.087	15.924	15.84	16.027	415.42	415.34
09:35:10	16.006	15.632	15.089	15.94	15.842	16.027	415.42	415.34
09:36:10	16.006	15.634	15.064	15.919	15.846	16.029	415.42	415.34
09:37:10	16.006	15.636	15.04	15.916	15.843	16.027	415.42	415.34
09:38:10	16.008	15.637	15.049	15.95	15.845	16.027	415.42	415.34
09:39:10	16.006	15.636	15.095	16.048	15.847	16.029	415.42	415.34
09:40:10	16.006	15.638	15.093	15.92	15.842	16.028	415.42	415.34
09:41:10	16.006	15.639	15.047	15.962	15.842	16.027	415.42	415.34
09:42:10	16.007	15.637	15.019	15.936	15.846	16.026	415.42	415.34
09:43:10	16.005	15.634	15.049	15.988	15.845	16.024	415.42	415.34
09:44:10	16.004	15.633	15.115	16.244	15.843	16.025	415.42	415.34
09:45:10	16.003	15.633	15.206	16.581	15.844	16.024	415.42	415.34
09:46:10	16.002	15.632	15.269	16.817	15.838	16.025	415.42	415.34
09:47:10	16.001	15.628	15.258	16.798	15.84	16.025	415.42	415.34
09:48:10	16.002	15.627	15.227	16.626	15.84	16.026	415.42	415.34
09:49:10	16.0	15.624	15.226	16.577	15.838	16.025	415.42	415.34
09:50:10	16.002	15.625	15.239	16.617	15.84	16.025	415.42	415.34
09:51:10	16.003	15.625	15.309	16.676	15.843	16.025	415.42	415.34
09:52:10	16.002	15.626	15.389	16.545	15.846	16.026	415.42	415.34
09:53:10	16.002	15.625	15.425	16.425	15.847	16.026	415.42	415.34
09:54:10	16.001	15.623	15.439	16.357	15.843	16.026	415.42	415.34
09:55:10	16.002	15.622	15.448	16.309	15.846	16.025	415.42	415.34
09:56:10	16.001	15.622	15.452	16.285	15.846	16.026	415.42	415.34
09:57:10	16.0	15.622	15.458	16.267	15.845	16.025	415.42	415.34
09:58:10	15.999	15.622	15.461	16.248	15.843	16.026	415.42	415.34
09:59:10	15.997	15.62	15.465	16.225	15.841	16.026	415.42	415.34
10:00:12	15.994	15.619	15.459	16.2	15.842	16.025	415.42	415.34
10:01:10	15.996	15.619	15.462	16.188	15.843	16.024	415.42	415.34
10:02:10	15.996	15.616	15.466	16.185	15.842	16.024	415.42	415.34
10:03:10	15.994	15.614	15.464	16.164	15.84	16.022	415.42	415.34
10:04:10	15.993	15.616	15.46	16.145	15.84	16.023	415.42	415.34
10:05:10	15.995	15.613	15.46	16.144	15.839	16.024	415.42	415.34
10:06:10	15.995	15.613	15.463	16.157	15.839	16.024	415.42	415.34
10:07:11	15.995	15.616	15.463	16.157	15.837	16.023	415.42	415.34
10:08:10	15.994	15.616	15.462	16.158	15.836	16.024	415.42	415.34
10:09:10	15.994	15.613	15.464	16.144	15.84	16.025	415.42	415.34
10:10:12	15.994	15.612	15.465	16.136	15.834	16.022	415.42	415.34
10:11:10	15.993	15.612	15.376	16.066	15.836	16.023	415.42	415.34
10:12:10	15.992	15.611	15.238	15.998	15.836	16.023	415.42	415.34
10:13:10	15.992	15.611	15.183	15.954	15.834	16.021	415.42	415.34
10:14:10	15.992	15.611	15.151	15.965	15.835	16.021	415.42	415.34
10:15:10	15.99	15.609	15.124	15.934	15.835	16.022	415.42	415.34
10:16:10	15.989	15.61	15.115	15.933	15.834	16.022	415.42	415.34
10:17:10	15.99	15.607	15.112	16.088	15.833	16.022	415.42	415.34
10:18:10	15.99	15.607	15.256	16.612	15.837	16.022	415.42	415.34
10:19:10	15.99	15.607	15.336	17.067	15.837	16.022	415.42	415.34
10:20:10	15.991	15.61	15.362	17.079	15.836	16.02	415.42	415.34
10:21:10	15.99	15.608	15.422	16.754	15.837	16.021	415.42	415.34
10:22:10	15.99	15.604	15.451	16.526	15.831	16.02	415.42	415.34
10:23:10	15.99	15.605	15.461	16.377	15.836	16.022	415.42	415.34
10:24:10	15.987	15.606	15.462	16.294	15.834	16.021	415.42	415.34
10:25:10	15.986	15.607	15.463	16.251	15.837	16.021	415.42	415.34
10:26:10	15.986	15.606	15.468	16.232	15.84	16.021	415.42	415.34
10:27:10	15.986	15.602	15.464	16.197	15.838	16.019	415.42	415.34
10:28:10	15.984	15.602	15.459	16.183	15.836	16.021	415.42	415.34
10:29:10	15.985	15.605	15.465	16.182	15.838	16.02	415.42	415.34
10:30:13	15.985	15.607	15.467	16.166	15.842	16.024	415.42	415.34
10:31:10	15.985	15.609	15.469	16.182	15.843	16.024	415.42	415.34
10:32:11	15.987	15.608	15.475	16.209	15.844	16.023	415.42	415.34
10:33:10	15.987	15.609	15.477	16.202	15.841	16.023	415.42	415.34
10:34:10	15.988	15.613	15.479	16.189	15.838	16.027	415.42	415.34
10:35:10	15.987	15.616	15.477	16.176	15.843	16.024	415.42	415.34
10:36:10	15.987	15.616	15.48	16.167	15.841	16.025	415.42	415.34
10:37:10	15.986	15.616	15.477	16.163	15.845	16.024	415.42	415.34
10:38:10	15.987	15.615	15.364	16.073	15.845	16.023	415.42	415.34
10:39:10	15.984	15.614	15.264	16.064	15.843	16.024	415.42	415.34
10:40:10	15.982	15.615	15.258	16.274	15.842	16.024	415.42	415.34
10:41:10	15.983	15.616	15.345	16.536	15.844	16.025	415.42	415.34
10:42:10	15.983	15.613	15.372	16.679	15.846	16.024	415.42	415.34
10:43:10	15.982	15.611	15.358	16.807	15.843	16.022	415.42	415.34
10:44:12	15.981	15.608	15.317	16.623	15.84	16.023	415.42	415.34
10:45:10	15.982	15.606	15.355	16.535	15.838	16.022	415.42	415.34
10:46:10	15.981	15.606	15.439	16.458	15.838	16.022	415.42	415.34
10:47:10	15.981	15.604	15.476	16.375	15.836	16.023	415.42	415.34
10:48:10	15.978	15.6	15.49	16.317	15.836	16.023	415.42	415.34
10:49:10	15.979	15.599	15.493	16.277	15.836	16.021	415.42	415.34
10:50:10	15.978	15.601	15.497	16.256	15.834	16.021	415.42	415.34
10:51:10	15.974	15.601	15.501	16.234	15.834	16.022	415.42	415.34
10:52:10	15.973	15.6	15.498	16.213	15.837	16.022	415.42	415.34
10:53:10	15.976	15.601	15.497	16.197	15.836	16.022	415.42	415.34
10:54:10	15.976	15.601	15.496	16.179	15.836	16.023	415.42	415.34
10:55:10	15.977	15.6	15.492	16.15	15.835	16.023	415.42	415.34
10:56:10	15.976	15.596	15.494	16.138	15.834	16.022	415.42	415.34
10:57:10	15.974	15.598	15.49	16.114	15.834	16.022	415.42	415.34
10:58:10	15.974	15.599	15.488	16.125	15.833	16.02	415.42	415.34
10:59:10	15.975	15.597	15.48	16.135	15.836	16.021	415.42	415.34
11:00:10	15.974	15.595	15.483	16.132	15.833	16.021	415.42	415.34
11:01:10	15.973	15.595	15.483	16.122	15.839	16.021	415.42	415.34
11:02:10	15.973	15.596	15.483	16.113	15.832	16.02	415.42	415.34
11:03:10	15.976	15.597	15.48	16.093	15.835	16.02	415.42	415.34
11:04:10	15.976	15.598	15.477	16.079	15.836	16.022	415.42	415.34
11:05:10	15.975	15.597	15.473	16.096	15.837	16.021	415.42	415.34
11:06:10	15.974	15.597	15.478	16.096	15.839	16.022	415.42	415.34
11:07:10	15.972	15.597	15.465	16.079	15.838	16.02	415.42	415.34
11:08:10	15.975	15.593	15.468	16.061	15.837	16.021	415.42	415.34
11:09:10	15.973	15.59	15.471	16.075	15.832	16.019	415.42	415.34
11:10:10	15.975	15.585	15.465	16.054	15.833	16.019	415.42	415.34
11:11:10	15.973	15.585	15.467	16.049	15.833	16.019	415.42	415.34
11:12:10	15.974	15.585	15.47	16.073	15.833	16.02	415.42	415.34
11:13:10	15.973	15.587	15.465	16.067	15.83	16.02	415.42	415.34
11:14:10	15.971	15.586	15.467	16.065	15.833	16.018	415.42	415.34
11:15:10	15.967	15.588	15.468	16.072	15.834	16.02	415.42	415.34
11:16:10	15.97	15.587	15.466	16.063	15.835	16.019	415.42	415.34
11:17:10	15.971	15.587	15.46	16.056	15.838	16.021	415.42	415.34
11:18:10	15.972	15.582	15.459	16.056	15.835	16.019	415.42	415.34
11:19:10	15.971	15.581	15.456	16.057	15.838	16.02	415.42	415.34
11:20:10	15.97	15.581	15.455	16.064	15.836	16.02	415.42	415.34
11:21:10	15.969	15.585	15.444	16.064	15.837	16.021	0.0	415.34
11:22:10	15.97	15.59	15.453	16.061	15.837	16.021	415.42	415.34
11:23:10	15.971	15.594	15.45	16.048	15.837	16.022	415.42	415.34
11:24:10	15.971	15.595	15.449	16.063	15.834	16.021	415.42	415.34
11:25:10	15.971	15.592	15.447	16.064	15.834	16.021	415.42	415.34
11:26:10	15.97	15.589	15.455	16.072	15.836	16.019	415.42	415.34
11:27:10	15.97	15.586	15.453	16.072	15.837	16.021	415.42	415.34
11:28:10	15.969	15.589	15.457	16.072	15.837	16.021	415.42	415.34
11:29:10	15.968	15.591	15.454	16.066	15.84	16.022	415.42	415.34
11:30:10	15.968	15.587	15.451	16.07	15.841	16.022	415.42	415.34
11:31:10	15.967	15.59	15.305	15.952	15.841	16.021	415.42	415.34
11:32:10	15.965	15.59	15.184	15.866	15.841	16.021	415.42	415.34
11:33:10	15.963	15.589	15.158	15.84	15.836	16.022	415.42	415.34
11:34:10	15.962	15.583	15.134	15.866	15.835	16.02	415.42	415.34
11:35:10	15.962	15.584	15.086	15.813	15.838	16.019	415.42	415.34
11:36:10	15.963	15.584	15.055	15.775	15.84	16.02	415.42	415.34
11:37:10	15.962	15.584	15.032	15.803	15.838	16.021	415.42	415.34
11:38:10	15.963	15.583	14.971	15.794	15.838	16.02	415.42	415.34
11:39:10	15.962	15.582	14.93	15.728	15.834	16.02	415.42	415.34
11:40:10	15.961	15.579	14.963	15.797	15.833	16.019	415.42	415.34
11:41:10	15.961	15.578	14.915	15.789	15.83	16.017	415.42	415.34
11:42:10	15.96	15.578	14.942	15.82	15.828	16.02	415.42	415.34
11:43:10	15.959	15.575	14.895	15.803	15.833	16.019	415.42	415.34
11:44:10	15.961	15.577	14.869	15.812	15.836	16.02	415.42	415.34
11:45:10	15.961	15.58	14.839	15.732	15.836	16.018	415.42	415.34
11:46:10	15.961	15.583	14.867	15.758	15.834	16.019	415.42	415.34
11:47:10	15.962	15.582	14.852	15.756	15.835	16.019	415.42	415.34
11:48:11	15.96	15.581	14.839	15.713	15.836	16.02	415.42	415.34
11:49:10	15.961	15.581	14.851	15.797	15.84	16.019	415.42	415.34
11:50:10	15.96	15.577	14.854	15.804	15.839	16.019	415.42	415.34
11:51:10	15.958	15.58	14.821	15.757	15.839	16.019	415.42	415.34
11:52:10	15.959	15.578	14.811	15.737	15.839	16.02	415.42	415.34
11:53:10	15.959	15.581	14.824	15.727	15.835	16.019	415.42	415.34
11:54:10	15.957	15.58	14.831	15.893	15.833	16.018	415.42	415.34
11:55:10	15.956	15.581	14.903	16.183	15.834	16.02	415.42	415.34
11:56:10	15.954	15.577	15.0	16.546	15.835	16.018	415.42	415.34
11:57:10	15.954	15.576	15.102	17.116	15.836	16.02	415.42	415.34
11:58:10	15.955	15.575	15.153	17.444	15.831	16.017	415.42	415.34
11:59:10	15.955	15.573	15.227	17.438	15.835	16.018	415.42	415.34
12:00:10	15.953	15.577	15.29	16.959	15.838	16.018	415.42	415.34
12:01:10	15.951	15.577	15.318	16.64	15.836	16.017	415.42	415.34
12:02:10	15.95	15.573	15.327	16.428	15.83	16.016	415.42	415.34
12:03:10	15.951	15.571	15.33	16.286	15.828	16.016	415.42	415.34
12:04:10	15.952	15.568	15.327	16.212	15.828	16.017	415.42	415.34
12:05:10	15.95	15.563	15.322	16.149	15.829	16.017	415.42	415.34
12:06:10	15.951	15.564	15.3	16.087	15.831	16.017	415.42	415.34
12:07:10	15.949	15.562	15.289	16.039	15.833	16.015	415.42	415.34
12:08:10	15.946	15.564	15.298	16.023	15.833	16.016	415.42	415.34
12:09:10	15.945	15.567	15.308	16.014	15.835	16.017	415.42	415.34
12:10:10	15.946	15.569	15.301	15.986	15.834	16.016	415.42	415.34
12:11:10	15.944	15.562	15.309	15.979	15.829	16.015	415.42	415.34
12:12:10	15.943	15.562	15.31	15.977	15.827	16.015	415.42	415.34
12:13:10	15.944	15.559	15.285	15.991	15.827	16.015	415.42	415.34
12:14:10	15.945	15.56	15.254	15.97	15.827	16.015	415.42	415.34
12:15:10	15.943	15.561	15.223	15.945	15.833	16.015	415.42	415.34
12:16:10	15.946	15.565	15.229	15.929	15.834	16.016	415.42	415.34
12:17:10	15.948	15.567	15.221	15.93	15.832	16.015	415.42	415.34
12:18:10	15.948	15.567	15.159	15.907	15.833	16.017	415.42	415.34
12:19:10	15.946	15.567	15.119	15.815	15.829	16.016	415.42	415.34
12:20:10	15.946	15.564	15.022	15.721	15.828	16.016	415.42	415.34
12:21:10	15.945	15.562	15.045	15.713	15.832	16.015	415.42	415.34
12:22:10	15.945	15.56	15.059	15.719	15.83	16.016	415.42	415.34
12:23:10	15.944	15.566	15.057	15.73	15.833	16.018	415.42	415.34
12:24:10	15.944	15.566	15.081	15.794	15.834	16.017	415.42	415.34
12:25:10	15.945	15.564	15.061	15.776	15.832	16.017	415.42	415.34
12:26:10	15.947	15.564	15.058	15.794	15.833	16.015	415.42	415.34
12:27:10	15.942	15.563	15.018	15.811	15.834	16.015	415.42	415.34
12:28:10	15.94	15.558	14.964	15.841	15.829	16.015	415.42	415.34
12:29:10	15.94	15.558	15.012	16.011	15.83	16.015	415.42	415.34
12:30:10	15.94	15.561	15.038	16.198	15.828	16.014	415.42	415.34
12:31:10	15.938	15.557	15.023	16.133	15.827	16.013	415.42	415.34
12:32:10	15.938	15.557	14.948	16.075	15.827	16.013	415.42	415.34
12:33:10	15.939	15.557	14.993	16.068	15.828	16.014	415.42	415.34
12:34:10	15.936	15.555	15.036	16.313	15.828	16.015	415.42	415.34
12:35:10	15.935	15.554	15.104	16.696	15.829	16.015	415.42	415.34
12:36:10	15.935	15.558	15.167	16.988	15.828	16.014	415.42	415.34
12:37:10	15.936	15.558	15.182	17.021	15.831	16.013	415.42	415.34
12:38:10	15.935	15.557	15.2	17.022	15.834	16.015	415.42	415.34
12:39:10	15.937	15.557	15.255	16.778	15.835	16.015	415.42	415.34
12:40:10	15.934	15.558	15.289	16.462	15.838	16.013	415.42	415.34
12:41:10	15.937	15.563	15.304	16.262	15.837	16.015	415.42	415.34
12:42:10	0.0	15.565	15.307	16.149	15.835	16.014	415.42	415.34
12:43:12	15.937	15.564	15.299	16.088	15.842	16.015	415.42	415.34
12:44:10	15.936	15.564	15.281	16.048	15.833	16.015	415.42	415.34
12:45:12	15.934	15.561	15.262	15.998	15.834	16.014	415.42	415.34
12:46:10	15.933	0.0	15.269	15.964	15.835	16.015	415.42	415.34
12:47:10	15.932	15.562	15.274	15.922	15.831	16.014	415.42	415.34
12:48:10	15.933	15.561	15.283	15.907	15.829	16.014	415.42	415.34
12:49:10	15.934	15.561	15.281	15.908	15.829	16.012	415.42	415.34
12:50:10	15.934	15.558	15.28	15.899	15.832	16.015	415.42	415.34
12:51:10	15.934	15.556	15.294	15.934	15.83	16.016	415.42	415.34
12:52:10	15.934	15.556	15.298	15.944	15.832	16.012	415.42	415.34
12:53:10	15.93	15.556	15.295	15.929	15.831	16.013	415.42	415.34
12:54:10	15.929	15.554	15.3	15.923	15.828	16.014	415.42	415.34
12:55:10	15.928	15.556	15.299	15.925	15.829	16.015	415.42	415.34
12:56:10	15.929	15.554	15.299	15.917	15.829	16.013	415.42	415.34
12:57:10	15.931	15.548	15.287	15.902	15.829	16.012	415.42	415.34
12:58:10	15.929	15.543	14.999	15.754	15.829	16.013	415.42	415.34
12:59:10	15.928	15.543	14.94	15.79	15.828	16.012	415.42	415.34
13:00:10	15.927	15.545	14.904	15.664	15.829	16.012	415.42	415.34
13:01:10	15.925	15.549	14.833	15.661	15.828	16.014	415.42	415.34
13:02:10	15.927	15.55	14.764	15.688	15.829	16.012	415.42	415.34
13:03:10	15.925	15.551	14.771	15.71	15.832	16.01	415.42	415.34
13:04:10	15.923	15.552	14.756	15.746	15.829	16.009	415.42	415.34
13:05:10	15.923	15.55	14.746	15.753	15.833	16.009	415.42	415.34
13:06:10	15.924	15.544	14.735	15.811	15.832	16.011	415.42	415.34
13:07:10	15.923	15.546	14.773	15.933	15.829	16.01	415.42	415.34
13:08:10	15.922	15.546	14.813	16.112	15.831	16.01	415.42	415.34
13:09:10	15.922	15.542	14.91	16.531	15.825	16.01	415.42	415.34
13:10:10	15.922	15.544	15.028	16.934	15.829	16.01	415.42	415.34
13:11:10	15.922	15.546	15.121	17.247	15.829	16.01	415.42	415.34
13:12:10	15.919	15.546	15.205	17.44	15.826	16.009	415.42	415.34
13:13:10	15.92	15.542	15.255	17.304	15.826	16.009	415.42	415.34
13:14:10	15.921	15.541	15.299	16.851	15.822	16.011	415.42	415.34
13:15:10	15.919	15.539	15.314	16.554	15.823	16.012	415.42	415.34
13:16:10	15.917	15.538	15.316	16.379	15.823	16.011	415.42	415.34
13:17:10	15.917	15.538	15.322	16.28	15.823	16.009	415.42	415.34
13:18:10	15.918	15.538	15.331	16.243	15.825	16.009	415.42	415.34
13:19:10	15.916	15.539	15.329	16.182	15.828	16.009	415.42	415.34
13:20:10	15.914	15.539	15.326	16.14	15.823	16.007	415.42	415.34
13:21:10	15.916	15.537	15.323	16.096	15.822	16.01	415.42	415.34
13:22:10	15.915	15.539	15.321	16.073	15.82	16.009	415.42	415.34
13:23:10	15.912	15.539	15.327	16.057	15.823	16.011	415.42	415.34
13:24:10	15.911	15.538	15.33	16.049	15.823	16.009	415.42	415.34
13:25:10	15.912	15.535	15.328	16.04	15.823	16.009	415.42	415.34
13:26:10	15.913	15.536	15.33	16.075	15.82	16.01	415.42	415.34
13:27:10	15.912	15.536	15.332	16.077	15.826	16.008	415.42	415.34
13:28:10	15.911	15.537	15.339	16.078	15.824	16.009	415.42	415.34
13:29:10	15.91	15.534	15.341	16.069	15.823	16.009	415.42	415.34
13:30:10	15.911	15.529	15.341	16.052	15.824	16.006	415.42	415.34
13:31:10	15.912	15.528	15.343	16.029	15.822	16.009	415.42	415.34
13:32:10	15.908	15.531	15.331	16.01	15.823	16.008	415.42	415.34
13:33:10	15.909	15.526	15.153	15.993	15.823	16.007	415.42	415.34
13:34:10	15.91	15.528	15.067	16.079	15.825	16.006	415.42	415.34
13:35:10	15.907	15.529	15.098	16.219	15.826	16.007	415.42	415.34
13:36:10	15.907	15.53	15.024	16.15	15.817	16.007	415.42	415.34
13:37:10	15.907	15.527	14.993	16.033	15.822	16.005	415.42	415.34
13:38:10	15.908	15.528	15.072	16.061	15.819	16.008	415.42	415.34
13:39:10	15.906	15.525	15.068	16.198	15.821	16.005	415.42	415.34
13:40:10	15.904	15.526	15.086	16.454	15.819	16.004	415.42	415.34
13:41:10	15.904	15.525	15.133	16.69	15.822	16.006	415.42	415.34
13:42:10	15.902	15.525	15.201	16.809	15.819	16.005	415.42	415.34
13:43:10	15.902	15.523	15.246	17.0	15.816	16.006	415.42	415.34
13:44:10	15.901	15.521	15.209	16.785	15.815	16.006	415.42	415.34
13:45:10	15.902	15.517	15.251	16.597	15.813	16.006	415.42	415.34
13:46:10	15.903	15.518	15.321	16.397	15.813	16.004	415.42	415.34
13:47:10	15.9	15.514	15.341	16.26	15.82	16.004	415.42	415.34
13:48:10	15.898	15.518	15.346	16.174	15.819	16.005	415.42	415.34
13:49:10	15.898	15.518	15.351	16.126	15.821	16.005	415.42	415.34
13:50:10	15.9	15.523	15.356	16.093	15.821	16.006	415.42	415.34
13:51:10	15.901	15.525	15.332	16.052	15.827	16.008	415.42	415.34
13:52:10	15.902	15.524	15.311	16.016	15.831	16.007	415.42	415.34
13:53:10	15.9	15.52	15.326	15.997	15.833	16.008	415.42	415.34
13:54:10	15.901	15.522	15.319	15.966	15.832	16.006	415.42	415.34
13:55:10	15.899	15.522	15.317	15.967	15.83	16.006	415.42	415.34
13:56:10	15.896	15.516	15.316	15.978	15.826	16.005	415.42	415.34
13:57:10	15.895	15.515	15.323	15.967	15.823	16.007	415.42	415.34
13:58:10	15.896	15.514	15.319	15.967	15.819	16.005	415.42	415.34
13:59:10	15.897	15.516	15.303	15.936	15.816	16.004	415.42	415.34
14:00:10	15.896	15.517	15.295	15.921	15.813	16.006	415.42	415.34
14:01:10	15.897	15.517	15.292	15.908	15.817	16.003	415.42	415.34
14:02:10	15.898	15.511	15.058	15.805	15.813	16.004	415.42	415.34
14:03:10	15.898	15.512	14.935	15.693	15.816	16.005	415.42	415.34
14:04:10	15.898	15.512	14.896	15.724	15.811	16.005	415.42	415.34
14:05:10	15.895	15.514	14.845	15.732	15.815	16.004	415.42	415.34
14:06:10	15.892	15.514	14.897	15.873	15.816	16.004	415.42	415.34
14:07:10	15.891	15.514	15.014	15.933	15.82	16.006	415.42	415.34
14:08:10	15.893	15.512	14.981	15.996	15.817	16.006	415.42	415.34
14:09:10	15.892	15.513	14.925	15.999	15.824	16.004	415.42	415.34
14:10:10	15.892	15.511	14.919	16.036	15.822	16.005	415.42	415.34
14:11:10	15.89	15.514	15.015	16.203	15.819	16.004	415.42	415.34
14:12:10	15.889	15.515	15.073	16.471	15.823	16.005	415.42	415.34
14:13:10	15.892	15.512	15.138	16.77	15.822	16.004	415.42	415.34
14:14:10	15.893	15.508	15.109	16.747	15.825	16.005	415.42	415.34
14:15:10	15.893	15.507	15.127	16.492	15.825	16.006	415.42	415.34
14:16:10	15.891	15.507	15.077	16.273	15.827	16.004	415.42	415.34
14:17:10	15.89	15.507	15.06	16.14	15.824	16.005	415.42	415.34
14:18:10	15.89	15.51	15.07	16.118	15.829	16.005	415.42	415.34
14:19:10	15.891	15.509	15.047	16.227	15.825	16.002	415.42	415.34
14:20:10	15.889	15.505	15.06	16.385	15.827	16.004	415.42	415.34
14:21:10	15.887	15.506	15.045	16.344	15.825	16.005	415.42	415.34
14:22:10	15.888	15.508	15.017	16.244	15.824	16.005	415.42	415.34
14:23:10	15.889	15.507	14.993	16.153	15.825	16.005	415.42	415.34
14:24:10	15.889	15.509	14.967	16.236	15.825	16.004	415.42	415.34
14:25:10	15.885	0.0	15.029	16.381	15.826	16.005	415.42	415.34
14:26:10	15.884	15.507	15.025	16.398	15.823	16.005	415.42	415.34
14:27:10	15.885	15.504	15.05	16.346	15.821	16.004	415.42	415.34
14:28:10	15.881	15.505	15.027	16.366	15.817	16.002	415.42	415.34
14:29:10	15.88	15.507	15.005	16.342	15.815	16.004	415.42	415.34
14:30:10	15.882	15.507	14.991	16.323	15.813	16.004	415.42	415.34
14:31:10	15.885	15.506	15.006	16.26	15.816	16.004	415.42	415.34
14:32:10	15.884	15.504	15.008	16.249	15.816	16.002	415.42	415.34
14:33:10	15.884	15.505	15.005	16.144	15.823	16.004	415.42	415.34
14:34:10	15.884	15.504	15.014	16.145	15.82	16.001	415.42	415.34
14:35:10	15.881	15.504	14.967	16.073	15.82	16.002	415.42	415.34
14:36:10	15.884	15.505	14.939	16.097	15.821	16.004	415.42	415.34
14:37:10	15.882	15.507	14.95	16.196	15.82	16.004	415.42	415.34
14:38:10	15.881	15.5	14.98	16.228	15.82	16.005	415.42	415.34
14:39:10	15.881	15.502	15.018	16.188	15.815	16.003	415.42	415.34
14:40:10	15.882	15.505	15.052	16.327	15.82	16.004	415.42	415.34
14:41:10	15.882	15.501	15.081	16.55	15.824	16.004	415.42	415.34
14:42:10	15.881	15.502	15.038	16.368	15.824	16.004	415.42	415.34
14:43:10	15.882	15.503	15.038	16.299	15.824	16.005	415.42	415.34
14:44:10	15.882	15.502	15.042	16.309	15.824	16.003	415.42	415.34
14:45:10	15.879	15.501	15.036	16.272	15.824	16.003	415.42	415.34
14:46:10	15.878	15.497	15.012	16.314	15.824	16.002	415.42	415.34
14:47:10	15.879	15.499	15.041	16.281	15.823	16.003	415.42	415.34
14:48:10	15.878	15.501	15.03	16.239	15.82	16.004	415.42	415.34
14:49:10	15.877	15.504	15.021	16.282	15.821	16.004	415.42	415.34
14:50:10	15.878	15.5	15.041	16.379	15.824	16.003	415.42	415.34
14:51:10	15.877	15.5	15.11	16.456	15.823	16.003	415.42	415.34
14:52:10	15.878	15.499	15.145	16.372	15.817	16.0	415.42	415.34
14:53:10	15.877	15.498	15.104	16.273	15.816	16.001	415.42	415.34
14:54:10	15.877	15.492	15.123	16.231	15.812	16.002	415.42	415.34
14:55:10	15.877	15.49	15.109	16.214	15.816	16.002	415.42	415.34
14:56:10	15.875	15.491	15.15	16.165	15.817	15.999	415.42	415.34
14:57:10	15.875	15.488	15.102	16.101	15.816	16.001	415.42	415.34
14:58:10	15.873	15.486	15.05	16.015	15.818	16.003	415.42	415.34
14:59:10	15.873	15.49	14.986	15.966	15.819	16.002	415.42	415.34
15:00:10	15.873	15.489	15.013	16.014	15.817	16.002	415.42	415.34
15:01:10	15.87	15.488	14.991	15.949	15.817	16.003	415.42	415.34
15:02:10	15.871	15.49	15.037	16.032	15.818	16.001	415.42	415.34
15:03:10	15.869	15.482	15.082	16.074	15.816	16.001	415.42	415.34
15:04:10	15.871	15.481	15.053	16.185	15.815	16.001	415.42	415.34
15:05:10	15.871	15.479	15.085	16.244	15.815	16.002	415.42	415.34
15:06:10	15.87	15.475	15.043	16.199	15.818	15.999	415.42	415.34
15:07:10	15.869	15.476	15.037	16.067	15.813	16.002	415.42	415.34
15:08:10	15.867	15.475	14.958	15.963	15.815	16.002	415.42	415.34
15:09:10	15.869	15.482	14.976	15.946	15.817	16.0	415.42	415.34
15:10:10	15.87	15.483	15.025	16.061	15.814	16.001	415.42	415.34
15:11:11	15.872	15.483	15.071	16.243	15.82	16.001	415.42	415.34
15:12:10	15.873	15.483	15.096	16.412	15.817	15.999	415.42	415.34
15:13:10	15.867	15.483	15.146	16.557	15.816	16.0	415.42	415.34
15:14:10	15.866	15.482	15.197	16.61	15.818	16.0	415.42	415.34
15:15:10	15.867	15.48	15.196	16.669	15.817	16.004	415.42	415.34
15:16:10	15.864	15.483	15.225	16.846	15.816	16.001	415.42	415.34
15:17:10	15.861	15.482	15.255	16.833	15.811	15.998	415.42	415.34
15:18:10	15.862	15.48	15.308	16.573	15.811	15.998	415.42	415.34
15:19:10	15.864	15.476	15.326	16.351	15.811	15.999	415.42	415.34
15:20:10	15.861	15.476	15.327	16.199	15.811	16.0	415.42	415.34
15:21:10	15.862	15.48	15.326	16.12	15.813	15.999	415.42	415.34
15:22:10	15.86	15.48	15.325	16.088	15.817	16.001	415.42	415.34
15:23:10	15.864	15.475	15.305	16.057	15.818	16.001	415.42	415.34
15:24:10	15.862	15.474	15.282	16.007	15.813	15.999	415.42	415.34
15:25:14	15.862	15.471	15.3	15.976	15.815	15.998	415.42	415.34
15:26:10	15.86	15.468	15.308	15.95	15.815	16.0	415.42	415.34
15:27:10	15.857	15.466	15.288	15.949	15.82	16.001	415.42	415.34
15:28:10	15.857	15.469	15.279	15.962	15.817	16.001	415.42	415.34
15:29:10	15.858	15.475	15.283	15.964	15.815	15.999	415.42	415.34
15:30:10	15.86	15.477	15.275	15.958	15.817	15.998	415.42	415.34
15:31:10	15.86	15.476	15.243	15.941	15.816	16.001	415.42	415.34
15:32:10	15.86	15.477	15.213	15.911	15.812	16.001	415.42	415.34
15:33:10	15.858	15.477	15.187	15.896	15.811	16.0	415.42	415.34
15:34:10	15.853	15.475	15.066	15.795	15.809	16.0	415.42	415.34
15:35:10	15.854	15.475	15.012	15.753	15.814	16.0	415.42	415.34
15:36:10	15.856	15.473	14.997	15.724	15.811	16.0	415.42	415.34
15:37:10	15.856	15.474	14.954	15.669	15.814	16.0	415.42	415.34
15:38:10	15.858	15.473	14.985	15.738	15.812	15.999	415.42	415.34
15:39:10	15.856	15.474	15.019	15.852	15.816	16.0	415.42	415.34
15:40:10	15.858	15.476	15.07	16.124	15.816	16.001	415.42	415.34
15:41:10	15.858	15.481	15.105	16.224	15.821	16.001	415.42	415.34
15:42:10	15.86	15.481	15.1	16.173	15.823	16.0	415.42	415.34
15:43:10	15.859	15.477	15.086	16.155	15.823	16.001	415.42	415.34
15:44:10	15.859	15.473	15.12	16.341	15.818	16.001	415.42	415.34
15:45:10	15.858	15.476	15.192	16.353	15.823	16.001	415.42	415.34
15:46:13	15.857	15.477	15.229	16.334	15.822	16.003	415.42	415.34
15:47:10	15.857	15.477	15.244	16.38	15.822	16.001	415.42	415.34
15:48:10	15.856	15.474	15.199	16.419	15.828	16.002	415.42	415.34
15:49:10	15.856	15.48	15.17	16.488	15.829	16.0	415.42	415.34
15:50:10	15.854	15.481	15.208	16.478	15.823	16.002	415.42	415.34
15:51:10	15.853	15.476	15.253	16.528	15.817	15.999	415.42	415.34
15:52:10	15.85	15.472	15.265	16.338	15.818	15.998	415.42	415.34
15:53:10	15.853	15.472	15.247	16.177	15.814	15.999	415.42	415.34
15:54:10	15.853	15.467	15.194	16.067	15.817	16.0	415.42	415.34
15:55:10	15.854	15.464	15.173	15.986	15.82	15.998	415.42	415.34
15:56:10	15.854	15.467	15.184	15.963	15.822	15.999	415.42	415.34
15:57:10	15.856	15.468	15.213	16.051	15.822	15.999	415.42	415.34
15:58:10	15.856	15.465	15.221	16.042	15.819	16.0	415.42	415.34
15:59:10	15.857	15.459	15.165	15.967	15.824	16.001	415.42	415.34
16:00:10	15.855	15.465	15.111	15.914	15.822	16.0	415.42	415.34
16:01:10	15.854	15.466	15.161	16.012	15.824	16.001	415.42	415.34
16:02:10	15.854	15.472	15.199	16.053	15.821	16.002	415.42	415.34
16:03:10	15.852	15.472	15.213	16.19	15.826	16.001	415.42	415.34
16:04:10	15.852	15.468	15.228	16.238	15.828	16.001	415.42	415.34
16:05:10	15.85	15.473	15.249	16.201	15.823	16.001	415.42	415.34
16:06:10	15.852	15.474	15.263	16.184	15.821	16.003	415.42	415.34
16:07:10	15.851	15.474	15.248	16.088	15.819	16.003	415.42	415.34
16:08:10	15.849	15.471	15.226	16.014	15.82	16.001	415.42	415.34
16:09:10	15.849	15.468	15.196	15.976	15.815	15.999	415.42	415.34
16:10:10	15.846	15.466	15.209	15.949	15.814	16.0	415.42	415.34
16:11:10	15.849	15.466	15.196	15.954	15.815	16.001	415.42	415.34
16:12:10	15.846	15.468	15.197	15.968	15.818	16.001	415.42	415.34
16:13:10	15.844	15.467	15.226	16.066	15.819	16.0	415.42	415.34
16:14:10	15.844	15.462	15.237	16.109	15.815	16.0	415.42	415.34
16:15:10	15.845	15.46	15.243	16.19	15.821	15.999	415.42	415.34
16:16:10	15.843	15.458	15.234	16.126	15.817	15.998	415.42	415.34
16:17:10	15.841	15.455	15.24	16.112	15.818	15.999	415.42	415.34
16:18:10	15.841	15.456	15.216	16.072	15.815	15.997	415.42	415.34
16:19:10	15.841	15.457	15.179	15.983	15.82	16.0	415.42	415.34
16:20:10	15.842	15.457	15.111	15.933	15.819	15.998	415.42	415.34
16:21:10	15.842	15.458	15.113	15.902	15.815	15.998	415.42	415.34
16:22:10	15.84	15.454	15.071	15.819	15.816	15.997	415.42	415.34
16:23:10	15.838	15.454	15.098	15.866	15.81	15.996	415.42	415.34
16:24:10	15.839	15.455	15.072	15.865	15.809	15.994	415.42	415.34
16:25:10	15.839	15.456	15.125	15.876	15.813	15.997	415.42	415.34
16:26:10	15.841	15.456	15.132	15.88	15.813	15.997	415.42	415.34
16:27:10	15.839	15.455	15.131	15.852	15.81	15.994	415.42	415.34
16:28:10	15.839	15.456	15.118	15.814	15.808	15.992	415.42	415.34
16:29:10	15.838	15.455	15.134	15.832	15.815	15.994	415.42	415.34
16:30:10	15.837	15.452	15.147	15.921	15.809	15.992	415.42	415.34
16:31:10	15.835	15.449	15.171	15.974	15.811	15.995	415.42	415.34
16:32:10	15.834	15.452	15.197	16.016	15.815	15.996	415.42	415.34
16:33:10	15.835	15.455	15.214	16.027	15.816	15.996	415.42	415.34
16:34:12	15.834	15.458	15.206	16.009	15.811	15.991	415.42	415.34
16:35:10	15.834	15.458	15.201	15.996	15.809	15.991	415.42	415.34
16:36:10	15.837	15.456	15.208	16.039	15.814	15.995	415.42	415.34
16:37:10	15.836	15.453	15.212	16.18	15.812	15.994	415.42	415.34
16:38:10	15.838	15.458	15.222	16.148	15.816	15.996	415.42	415.34
16:39:10	15.837	15.462	15.203	16.177	15.816	15.996	415.42	415.34
16:40:10	15.836	15.46	15.201	16.115	15.818	15.996	415.42	415.34
16:41:10	15.835	15.46	15.185	15.999	15.812	15.994	415.42	415.34
16:42:10	15.835	15.454	15.185	15.979	15.811	15.993	415.42	415.34
16:43:12	15.835	15.45	15.174	15.964	15.811	15.994	415.42	415.34
16:44:10	15.832	15.45	15.199	16.015	15.812	15.994	415.42	415.34
16:45:10	15.831	15.452	15.23	16.201	15.814	15.994	415.42	415.34
16:46:10	15.832	15.452	15.25	16.375	15.817	15.993	415.42	415.34
16:47:10	15.83	15.452	15.257	16.289	15.808	15.993	415.42	415.34
16:48:10	15.833	15.448	15.273	16.298	15.812	15.997	415.42	415.34
16:49:10	15.834	15.452	15.252	16.219	15.816	15.996	415.42	415.34
16:50:10	15.833	15.455	15.233	16.174	15.818	15.996	415.42	415.34
16:51:10	15.833	15.452	15.24	16.116	15.814	15.995	415.42	415.34
16:52:10	15.831	15.452	15.24	16.101	15.812	15.994	415.42	415.34
16:53:10	15.832	15.452	15.227	16.024	15.806	15.995	415.42	415.34
16:54:10	15.83	15.451	15.218	15.976	15.807	15.993	415.42	415.34
16:55:10	15.828	15.452	15.218	15.963	15.809	15.992	415.42	415.34
16:56:10	15.829	15.451	15.217	15.967	15.812	15.993	415.42	415.34
16:57:10	15.828	15.45	15.22	15.961	15.814	15.993	415.42	415.34
16:58:10	15.829	15.454	15.219	15.982	15.81	15.994	415.42	415.34
16:59:10	15.829	15.458	15.228	16.114	15.814	15.993	415.42	415.34
17:00:10	15.828	15.458	15.251	16.175	15.812	15.994	415.42	415.34
17:01:10	15.827	15.452	15.254	16.185	15.804	15.99	415.42	415.34
17:02:10	15.826	15.449	15.265	16.139	15.801	15.989	415.42	415.34
17:03:10	15.824	15.446	15.277	16.169	15.803	15.99	415.42	415.34
17:04:10	15.824	15.449	15.298	16.161	15.81	15.99	415.42	415.34
17:05:10	15.827	15.45	15.28	16.26	15.81	15.99	415.42	415.34
17:06:10	15.825	15.448	15.291	16.249	15.81	15.991	415.42	415.34
17:07:10	15.824	15.445	15.282	16.184	15.809	15.99	415.42	415.34
17:08:10	15.825	15.444	15.281	16.128	15.811	15.993	415.42	415.34
17:09:10	15.822	15.439	15.253	16.06	15.807	15.99	415.42	415.34
17:10:10	15.821	15.437	15.252	15.995	15.812	15.991	415.42	415.34
17:11:10	15.819	15.443	15.245	16.005	15.809	15.991	415.42	415.34
17:12:10	15.82	15.445	15.236	16.016	15.807	15.992	415.42	415.34
17:13:10	15.822	15.447	15.262	15.991	15.809	15.993	415.42	415.34
17:14:10	15.824	15.45	15.256	15.971	15.81	15.992	415.42	415.34
17:15:10	15.825	15.45	15.243	15.978	15.814	15.991	415.42	415.34
17:16:10	15.823	15.452	15.233	16.024	15.812	15.992	415.42	415.34
17:17:10	15.821	15.447	15.228	16.107	15.805	15.992	415.42	415.34
17:18:11	15.823	15.443	15.261	16.125	15.803	15.992	415.42	415.34
17:19:10	15.822	15.446	15.261	16.191	15.801	15.991	415.42	415.34
17:20:10	15.821	15.448	15.253	16.195	15.807	15.992	415.42	415.34
17:21:10	15.821	15.452	15.25	16.252	15.805	15.991	415.42	415.34
17:22:10	15.821	15.45	15.266	16.251	15.803	15.989	415.42	415.34
17:23:10	15.821	15.45	15.3	16.239	15.804	15.989	415.42	415.34
17:24:10	15.82	15.444	15.284	16.206	15.801	15.987	415.42	415.34
17:25:10	15.817	15.439	15.288	16.157	15.799	15.986	415.42	415.34
17:26:10	15.816	15.437	15.266	16.151	15.8	15.986	415.42	415.34
17:27:10	15.815	15.44	15.232	16.056	15.801	15.988	415.42	415.34
17:28:10	15.819	15.436	15.235	15.995	15.805	15.989	415.42	415.34
17:29:10	15.82	15.441	15.157	15.877	15.81	15.991	415.42	415.34
17:30:10	15.82	15.446	15.199	15.961	15.811	15.991	415.42	415.34
17:31:10	15.819	15.452	15.242	16.145	15.807	15.988	415.42	415.34
17:32:10	15.817	0.0	15.276	16.137	15.803	15.985	415.42	415.34
17:33:10	15.815	15.44	15.289	16.11	15.794	15.985	415.42	415.34
17:34:10	15.815	15.441	15.298	16.146	15.798	15.989	415.42	415.34
17:35:10	15.816	15.442	15.269	16.077	15.805	15.988	415.42	415.34
17:36:10	15.818	15.446	15.243	16.004	15.807	15.988	415.42	415.34
17:37:10	15.819	15.448	15.141	15.946	15.816	15.99	415.42	415.34
17:38:10	15.819	15.454	15.107	15.962	15.811	15.99	415.42	415.34
17:39:10	15.817	15.455	15.123	16.085	15.809	15.988	415.42	415.34
17:40:10	15.818	15.455	15.204	16.207	15.811	15.989	415.42	415.34
17:41:10	15.819	15.456	15.246	16.15	15.805	15.991	415.42	415.34
17:42:10	15.819	15.455	15.23	16.104	15.807	15.989	415.42	415.34
17:43:10	15.819	15.456	15.157	16.076	15.806	15.989	415.42	415.34
17:44:10	15.818	15.454	15.114	16.061	15.809	15.987	415.42	415.34
17:45:10	15.817	15.452	15.145	16.169	15.807	15.989	415.42	415.34
17:46:10	15.819	15.457	15.198	16.323	15.814	15.991	415.42	415.34
17:47:10	15.819	15.457	15.207	16.36	15.813	15.992	415.42	415.34
17:48:10	15.817	15.457	15.158	16.174	15.815	15.992	415.42	415.34
17:49:10	15.817	15.457	15.091	15.971	15.816	15.992	415.42	415.34
17:50:10	15.818	15.457	15.02	15.875	15.813	15.991	415.42	415.34
17:51:10	15.819	15.457	15.023	15.828	15.814	15.989	415.42	415.34
17:52:10	15.817	15.453	15.051	15.831	15.81	15.987	415.42	415.34
17:53:10	15.817	15.454	15.032	15.812	15.813	15.989	415.42	415.34
17:54:10	15.819	15.455	15.099	15.958	15.82	15.991	415.42	415.34
17:55:10	15.818	15.457	15.138	16.168	15.812	15.99	415.42	415.34
17:56:10	15.817	15.452	15.154	16.144	15.816	15.991	415.42	415.34
17:57:10	15.816	15.454	15.166	16.07	15.819	15.99	415.42	415.34
17:58:10	15.815	15.456	15.112	15.924	15.815	15.992	415.42	415.34
17:59:10	15.817	15.459	15.058	15.834	15.816	15.99	415.42	415.34
18:00:10	15.816	15.458	15.053	15.901	15.816	15.991	415.42	415.34
18:01:10	15.816	15.455	15.051	16.01	15.817	15.99	415.42	415.34
18:02:10	15.816	15.455	15.118	16.082	15.816	15.99	415.42	415.34
18:03:10	15.815	15.455	15.178	16.223	15.814	15.99	415.42	415.34
18:04:10	15.814	15.456	15.194	16.221	15.82	15.989	415.42	415.34
18:05:10	15.816	15.457	15.183	16.405	15.817	15.989	415.42	415.34
18:06:10	15.816	15.455	15.199	16.398	15.812	15.99	415.42	415.34
18:07:10	15.816	15.454	15.164	16.354	15.812	15.989	415.42	415.34
18:08:10	15.815	15.451	15.123	16.423	15.809	15.989	415.42	415.34
18:09:10	15.816	15.451	15.171	16.375	15.807	15.991	415.42	415.34
18:10:10	15.815	15.448	15.11	16.254	15.81	15.989	415.42	415.34
18:11:10	15.815	15.45	15.069	16.101	15.81	15.988	415.42	415.34
18:12:10	15.814	15.448	15.03	16.084	15.805	15.987	415.42	0.0
18:13:10	15.813	15.445	15.098	16.062	15.806	15.988	415.42	415.34
18:14:10	15.814	15.445	15.11	16.186	15.809	15.989	415.42	415.34
18:15:10	15.814	15.446	15.109	16.346	15.808	15.988	415.42	415.34
18:16:10	15.813	15.448	15.174	16.298	15.808	15.988	415.42	415.34
18:17:10	15.813	15.446	15.133	16.092	15.807	15.987	415.42	415.34
18:18:10	15.813	15.442	14.959	15.948	15.805	15.988	415.42	415.34
18:19:10	15.813	15.444	14.879	15.815	15.803	15.988	415.42	415.34
18:20:10	15.813	15.444	14.818	15.752	15.804	15.989	415.42	415.34
18:21:10	15.813	15.441	14.767	15.747	15.799	15.987	415.42	415.34
18:22:10	15.809	15.439	14.815	15.83	15.8	15.986	415.42	415.34
18:23:10	15.81	15.44	14.821	15.855	15.802	15.987	415.42	415.34
18:24:10	15.809	15.44	14.831	15.837	15.804	15.986	415.42	415.34
18:25:10	15.811	15.439	14.828	15.899	15.802	15.985	415.42	415.34
18:26:10	15.811	15.44	14.91	16.052	15.803	15.984	415.42	415.34
18:27:10	15.811	15.442	15.04	16.123	15.802	15.985	415.42	415.34
18:28:10	15.812	15.441	15.09	16.303	15.8	15.985	415.42	415.34
18:29:10	15.811	15.442	15.072	16.323	15.804	15.986	415.42	415.34
18:30:10	15.811	15.443	15.084	16.332	15.804	15.987	415.42	415.34
18:31:10	15.812	15.445	14.955	16.224	15.805	15.983	415.42	415.34
18:32:10	15.811	15.445	14.877	16.014	15.802	15.986	415.42	415.34
18:33:10	15.811	15.441	14.89	15.963	15.798	15.984	415.42	415.34
18:34:10	15.811	15.439	14.91	16.074	15.801	15.983	415.42	415.34
18:35:10	15.808	15.439	14.958	16.234	15.799	15.981	415.42	415.34
18:36:10	15.809	15.438	15.013	16.445	15.802	15.984	415.42	415.34
18:37:10	15.809	15.435	15.01	16.509	15.805	15.985	415.42	415.34
18:38:10	15.808	15.439	15.05	16.528	15.805	15.983	415.42	415.34
18:39:10	15.81	15.437	15.116	16.467	15.802	15.983	415.42	415.34
18:40:10	15.811	15.437	15.022	16.292	15.801	15.984	415.42	415.34
18:41:10	15.809	15.442	15.001	16.177	15.801	15.983	415.42	415.34
18:42:10	15.809	15.441	14.962	16.169	15.799	15.981	415.42	415.34
18:43:10	15.809	15.433	14.957	16.193	15.795	15.982	415.42	415.34
18:44:10	15.81	15.433	14.955	16.202	15.799	15.982	415.42	415.34
18:45:10	15.808	15.433	14.951	16.116	15.796	15.982	415.42	415.34
18:46:10	15.807	15.435	14.927	15.974	15.793	15.98	415.42	415.34
18:47:10	15.806	15.432	14.938	15.929	15.793	15.982	415.42	415.34
18:48:10	15.805	15.435	14.911	15.932	15.795	15.983	415.42	415.34
18:49:10	15.805	15.433	14.828	15.825	15.799	15.982	415.42	415.34
18:50:10	15.803	15.432	14.858	15.915	15.803	15.982	415.42	415.34
18:51:11	15.804	15.435	14.94	16.104	15.803	15.98	415.42	415.34
18:52:10	0.0	15.433	14.974	16.275	15.795	15.982	415.42	415.34
18:53:10	15.804	15.437	14.988	16.256	15.799	15.983	415.42	415.34
18:54:10	15.804	15.438	14.949	16.197	15.795	15.981	415.42	415.34
18:55:10	15.804	15.437	14.95	16.289	15.799	15.98	415.42	415.34
18:56:10	15.805	15.435	14.947	16.192	15.795	15.979	415.42	415.34
18:57:10	15.803	15.429	14.903	16.11	15.797	15.979	415.42	415.34
18:58:10	15.806	15.435	14.912	16.023	15.798	15.981	415.42	415.34
18:59:10	15.805	15.435	14.859	15.931	15.801	15.983	415.42	415.34
19:00:10	15.804	15.435	14.87	15.994	15.8	15.982	415.42	415.34
19:01:11	15.802	15.437	14.902	16.161	15.798	15.981	415.42	415.34
19:02:10	0.0	15.435	15.008	16.257	15.797	15.98	415.42	415.34
19:03:11	15.804	15.431	15.041	16.245	15.798	15.981	415.42	415.34
19:04:10	0.0	15.432	14.953	16.315	15.798	15.98	415.42	415.34
19:05:10	15.803	15.435	14.904	16.278	15.8	15.979	415.42	415.34
19:06:10	15.802	15.432	14.97	16.478	15.798	15.979	415.42	415.34
19:07:10	15.798	15.428	14.961	16.474	15.801	15.98	415.42	415.34
19:08:10	15.802	15.424	14.957	16.382	15.801	15.98	415.42	415.34
19:09:10	15.8	15.42	14.969	16.21	15.8	15.98	415.42	415.34
19:10:10	15.801	15.419	14.945	16.117	15.802	15.981	415.42	415.34
19:11:10	15.799	15.423	14.875	15.989	15.795	15.979	415.42	415.34
19:12:11	15.799	15.425	14.844	15.962	15.798	15.978	415.42	415.34
19:13:10	15.798	15.423	14.89	16.3	15.798	15.977	415.42	415.34
19:14:10	15.8	15.421	15.002	16.662	15.793	15.977	415.42	415.34
19:15:10	15.801	15.421	15.107	16.771	15.789	15.978	415.42	415.34
19:16:10	15.801	15.416	15.142	16.605	15.792	15.979	415.42	415.34
19:17:10	15.799	15.414	15.18	16.649	15.794	15.977	415.42	415.34
19:18:10	15.797	15.414	15.212	16.755	15.793	15.977	415.42	415.34
19:19:10	15.797	15.418	15.24	16.772	15.795	15.976	415.42	415.34
19:20:10	15.798	15.42	15.275	16.854	15.795	15.978	415.42	415.34
19:21:10	15.797	15.423	15.321	16.819	15.795	15.978	415.42	415.34
19:22:10	15.795	15.423	15.31	16.872	15.792	15.978	415.42	415.34
19:23:10	15.794	15.417	15.331	16.824	15.791	15.977	415.42	415.34
19:24:12	15.794	15.419	15.379	16.726	15.79	15.979	415.42	415.34
19:25:10	15.794	15.418	15.403	16.779	15.793	15.979	415.42	415.34
19:26:10	15.794	15.415	15.388	16.865	15.793	15.978	415.42	415.34
19:27:10	15.797	15.413	15.389	16.776	15.791	15.98	415.42	415.34
19:28:10	15.794	15.413	15.389	16.608	15.792	15.979	415.42	415.34
19:29:10	15.795	15.411	15.39	16.513	15.793	15.977	415.42	415.34
19:30:10	15.796	15.415	15.392	16.456	15.795	15.977	415.42	415.34
19:31:10	15.796	15.418	15.396	16.422	15.795	15.977	415.42	415.34
19:32:10	15.795	15.416	15.396	16.412	15.8	15.98	415.42	415.34
19:33:10	15.797	15.417	15.403	16.395	15.797	15.977	415.42	415.34
19:34:10	15.797	15.421	15.407	16.381	15.8	15.979	415.42	415.34
19:35:10	15.798	15.42	15.411	16.362	15.796	15.978	415.42	415.34
19:36:10	15.798	15.418	15.416	16.346	15.799	15.977	415.42	415.34
19:37:10	15.797	15.413	15.414	16.334	15.797	15.975	415.42	415.34
19:38:10	15.797	15.417	15.417	16.329	15.798	15.975	415.42	415.34
19:39:10	15.795	15.422	15.424	16.328	15.796	15.978	415.42	415.34
19:40:10	15.796	15.42	15.427	16.325	15.794	15.978	415.42	415.34
19:41:10	15.794	15.419	15.426	16.322	15.801	15.977	415.42	415.34
19:42:10	15.795	15.42	15.427	16.332	15.803	15.977	415.42	415.34
19:43:10	15.793	15.416	15.43	16.33	15.794	15.977	415.42	415.34
19:44:10	15.794	15.412	15.435	16.33	15.794	15.975	415.42	415.34
19:45:10	15.797	15.413	15.438	16.33	15.795	15.977	415.42	415.34
19:46:10	15.795	15.41	15.443	16.36	15.793	15.977	415.42	415.34
19:47:10	15.795	15.41	15.451	16.413	15.794	15.977	415.42	415.34
19:48:10	15.795	15.41	15.459	16.439	15.796	15.977	415.42	415.34
19:49:10	15.795	15.414	15.468	16.431	15.795	15.978	415.42	415.34
19:50:10	15.793	15.416	15.468	16.405	15.795	15.978	415.42	415.34
19:51:10	15.795	15.416	15.467	16.381	15.795	15.977	415.42	415.34
19:52:10	15.794	15.415	15.467	16.364	15.789	15.977	415.42	415.34
19:53:10	15.792	15.412	15.468	16.357	15.791	15.979	415.42	415.34
19:54:10	15.792	15.413	15.471	16.35	15.789	15.979	415.42	415.34
19:55:10	15.791	15.409	15.468	16.343	15.792	15.979	415.42	415.34
19:56:10	15.793	15.407	15.47	16.339	15.791	15.975	415.42	415.34
19:57:10	15.79	15.407	15.473	16.338	15.797	15.978	415.42	415.34
19:58:10	15.792	15.408	15.471	16.326	15.795	15.977	415.42	415.34
19:59:10	15.792	15.41	15.472	16.323	15.793	15.976	415.42	415.34
20:00:10	15.792	15.409	15.48	16.321	15.794	15.977	415.42	415.34
20:01:10	15.792	15.405	15.482	16.315	15.796	15.978	415.42	415.34
20:02:10	15.791	15.403	15.48	16.312	15.795	15.978	415.42	415.34
20:03:10	15.791	15.406	15.481	16.361	15.793	15.977	415.42	415.34
20:04:10	15.794	15.406	15.488	16.48	15.795	15.977	415.42	415.34
20:05:10	15.797	15.403	15.497	16.543	15.79	15.977	415.42	415.34
20:06:10	15.797	15.401	15.501	16.491	15.794	15.977	415.42	415.34
20:07:10	15.795	15.405	15.502	16.441	15.793	15.977	415.42	415.34
20:08:10	15.795	15.407	15.501	16.398	15.796	15.977	415.42	415.34
20:09:10	15.796	15.412	15.5	16.372	15.796	15.977	415.42	415.34
20:10:10	15.796	0.0	15.499	16.371	15.795	15.977	415.42	415.34
20:11:10	15.796	15.406	15.499	16.366	15.797	15.978	415.42	415.34
20:12:10	15.796	15.408	15.5	16.359	15.798	15.976	415.42	415.34
20:13:10	15.796	15.407	15.501	16.348	15.796	15.977	415.42	415.34
20:14:10	15.794	15.408	15.502	16.333	15.795	15.977	415.42	415.34
20:15:10	15.796	15.405	15.504	16.316	15.795	15.977	415.42	415.34
20:16:10	15.796	15.408	15.501	16.31	15.795	15.978	415.42	415.34
20:17:10	15.793	15.41	15.503	16.309	15.797	15.976	415.42	415.34
20:18:10	15.795	15.408	15.5	16.31	15.798	15.975	415.42	415.34
20:19:10	15.793	15.411	15.499	16.313	15.795	15.977	415.42	415.34
20:20:10	15.793	15.416	15.504	16.314	15.798	15.978	415.42	415.34
20:21:10	15.794	15.416	15.504	16.31	15.798	15.976	415.42	415.34
20:22:10	15.793	15.414	15.505	16.313	15.797	15.975	415.42	415.34
20:23:10	15.794	15.419	15.502	16.316	15.804	15.978	415.42	415.34
20:24:10	15.794	15.419	15.506	16.336	15.803	15.978	415.42	415.34
20:25:10	0.0	15.425	15.513	16.395	15.807	15.981	415.42	415.34
20:26:10	15.794	15.426	15.528	16.601	15.809	15.983	415.42	415.34
20:27:10	15.798	15.426	15.567	16.81	15.806	15.984	415.42	415.34
20:28:10	15.796	15.43	15.586	16.854	15.809	15.981	415.42	415.34
20:29:10	15.792	15.432	15.617	16.799	15.807	15.982	415.42	415.34
20:30:10	15.796	15.432	15.617	16.689	15.805	15.981	415.42	415.34
20:31:10	15.798	15.426	15.627	16.759	15.806	15.983	415.42	415.34
20:32:10	15.796	15.427	15.637	16.813	15.807	15.983	415.42	415.34
20:33:10	15.797	15.428	15.62	16.885	15.806	15.983	415.42	415.34
20:34:10	15.798	15.428	15.617	17.086	15.8	15.983	415.42	415.34
20:35:10	15.797	15.421	15.633	17.07	15.805	15.984	415.42	415.34
20:36:10	15.793	15.421	15.607	16.839	15.804	15.983	415.42	415.34
20:37:10	15.795	15.425	15.59	16.657	15.806	15.983	415.42	415.34
20:38:10	15.795	15.42	15.579	16.556	15.803	15.983	415.42	415.34
20:39:10	15.799	15.422	15.574	16.498	15.805	15.983	415.42	415.34
20:40:10	15.802	15.424	15.568	16.472	15.81	15.983	415.42	415.34
20:41:11	15.801	15.426	15.565	16.449	15.807	15.983	415.42	415.34
20:42:10	15.801	15.426	15.567	16.425	15.805	15.984	415.42	415.34
20:43:10	15.802	15.424	15.562	16.407	15.803	15.983	415.42	415.34
20:44:10	15.802	15.424	15.564	16.399	15.807	15.984	415.42	415.34
20:45:10	15.802	15.427	15.562	16.391	15.809	15.985	415.42	415.34
20:46:10	15.795	15.429	15.561	16.381	15.812	15.984	415.42	415.34
20:47:10	15.797	15.428	15.557	16.37	15.806	15.983	415.42	415.34
20:48:10	15.797	15.427	15.555	16.362	15.804	15.983	415.42	415.34
20:49:10	15.797	15.427	15.559	16.363	15.806	15.983	415.42	415.34
20:50:10	15.799	15.429	15.561	16.368	15.81	15.984	415.42	415.34
20:51:10	15.801	15.43	15.559	16.37	15.814	15.984	415.42	415.34
20:52:10	15.8	15.431	15.56	16.37	15.812	15.984	415.42	415.34
20:53:10	15.802	15.432	15.56	16.371	15.809	15.984	415.42	415.34
20:54:10	15.803	15.436	15.562	16.376	15.811	15.985	415.42	415.34
20:55:10	15.803	15.435	15.563	16.38	15.814	15.986	415.42	415.34
20:56:10	15.802	15.434	15.563	16.386	15.814	15.986	415.42	415.34
20:57:10	15.803	15.435	15.569	16.419	15.814	15.986	415.42	415.34
20:58:10	15.804	15.437	15.577	16.473	15.814	15.987	415.42	415.34
20:59:10	15.802	15.438	15.578	16.454	15.813	15.986	415.42	415.34
21:00:10	15.805	15.438	15.575	16.434	15.815	15.987	415.42	415.34
21:01:10	15.805	15.438	15.576	16.416	15.816	15.987	415.42	415.34
21:02:10	15.807	15.442	15.576	16.411	15.819	15.988	415.42	415.34
21:03:10	15.81	15.44	15.574	16.412	15.814	15.988	415.42	415.34
21:04:10	15.808	15.441	15.576	16.409	15.816	15.987	415.42	415.34
21:05:10	15.808	15.436	15.574	16.398	15.816	15.986	415.42	415.34
21:06:10	15.809	15.438	15.575	16.394	15.816	15.988	415.42	415.34
21:07:10	15.804	15.437	15.573	16.378	15.819	15.988	415.42	415.34
21:08:10	15.808	15.438	15.572	16.369	15.818	15.99	415.42	415.34
21:09:10	15.811	15.441	15.571	16.364	15.819	15.989	415.42	415.34
21:10:10	15.808	15.441	15.566	16.357	15.815	15.987	415.42	415.34
21:11:10	15.809	15.44	15.572	16.358	15.816	15.988	415.42	415.34
21:12:10	15.808	15.441	15.572	16.36	15.817	15.988	415.42	415.34
21:13:10	15.811	15.435	15.568	16.361	15.814	15.988	415.42	415.34
21:14:10	15.809	15.432	15.57	16.382	15.814	15.988	415.42	415.34
21:15:10	15.811	15.433	15.57	16.385	15.812	15.988	415.42	415.34
21:16:10	15.81	15.438	15.568	16.387	15.812	15.987	415.42	415.34
21:17:10	15.813	15.44	15.574	16.382	15.815	15.988	415.42	415.34
21:18:10	15.811	15.437	15.572	16.385	15.815	15.989	415.42	415.34
21:19:10	15.814	15.444	15.576	16.38	15.816	15.99	415.42	415.34
21:20:10	15.811	15.44	15.584	16.46	15.82	15.989	415.42	415.34
21:21:10	15.81	15.44	15.617	16.585	15.818	15.988	415.42	415.34
21:22:10	15.815	15.441	15.639	16.577	15.823	15.989	415.42	415.34
21:23:10	15.811	15.447	15.639	16.776	15.82	15.991	415.42	415.34
21:24:10	15.811	15.448	15.647	16.997	15.822	15.989	415.42	415.34
21:25:10	15.815	15.45	15.627	16.827	15.822	15.992	415.42	415.34
21:26:10	15.816	15.448	15.616	16.671	15.822	15.991	415.42	415.34
21:27:10	15.814	15.446	15.61	16.568	15.823	15.991	415.42	415.34
21:28:10	15.815	15.447	15.605	16.512	15.822	15.991	415.42	415.34
21:29:10	15.816	15.448	15.6	16.479	15.823	15.989	415.42	415.34
21:30:10	15.817	15.447	15.6	16.466	15.822	15.992	415.42	415.34
21:31:10	15.816	15.448	15.599	16.457	15.826	15.992	415.42	415.34
21:32:10	15.816	15.451	15.601	16.44	15.828	15.992	415.42	415.34
21:33:10	15.816	15.452	15.6	16.426	15.825	15.992	415.42	415.34
21:34:10	15.817	15.453	15.597	16.415	15.824	15.993	415.42	415.34
21:35:10	15.817	15.453	15.596	16.409	15.823	15.993	415.42	415.34
21:36:10	15.818	15.45	15.592	16.402	15.827	15.992	415.42	415.34
21:37:10	15.82	15.455	15.592	16.395	15.825	15.994	415.42	415.34
21:38:10	15.82	15.453	15.591	16.387	15.829	15.992	415.42	415.34
21:39:10	15.822	15.457	15.594	16.386	15.831	15.994	415.42	415.34
21:40:10	15.821	15.458	15.592	16.382	15.827	15.994	415.42	415.34
21:41:10	15.821	15.462	15.591	16.382	15.828	15.994	415.42	415.34
21:42:10	15.82	15.46	15.59	16.38	15.828	15.992	415.42	415.34
21:43:10	15.821	15.463	15.59	16.374	15.831	15.995	415.42	415.34
21:44:12	15.821	15.465	15.59	16.369	15.831	15.995	415.42	415.34
21:45:10	15.824	15.463	15.587	16.37	15.828	15.995	415.42	415.34
21:46:10	15.823	15.465	15.584	16.366	15.834	15.996	415.42	415.34
21:47:12	15.824	15.466	15.585	16.373	15.826	15.994	415.42	415.34
21:48:10	15.823	15.466	15.588	16.379	15.833	15.995	415.42	415.34
21:49:10	15.826	15.467	15.585	16.381	15.835	15.996	415.42	415.34
21:50:10	15.828	15.467	15.589	16.426	15.833	15.995	415.42	415.34
21:51:10	15.829	15.471	15.599	16.515	15.833	15.996	415.42	415.34
21:52:10	15.829	15.47	15.607	16.666	15.837	15.997	415.42	415.34
21:53:10	15.827	15.469	15.621	16.7	15.836	15.998	415.42	415.34
21:54:10	15.828	15.47	15.623	16.63	15.831	15.996	415.42	415.34
21:55:10	15.828	15.472	15.619	16.557	15.831	15.997	415.42	415.34
21:56:10	15.828	15.472	15.614	16.5	15.836	15.996	415.42	415.34
21:57:10	15.829	15.471	15.608	16.464	15.833	15.995	415.42	415.34
21:58:10	15.828	15.472	15.604	16.453	15.834	15.996	415.42	415.34
21:59:10	15.83	15.474	15.605	16.44	15.83	15.995	415.42	415.34
22:00:10	15.832	15.473	15.603	16.42	15.832	15.996	415.42	415.34
22:01:10	15.833	15.475	15.605	16.404	15.833	15.997	415.42	415.34
22:02:10	15.833	15.476	15.601	16.392	15.836	15.998	415.42	415.34
22:03:10	15.832	15.476	15.596	16.376	15.833	15.998	415.42	415.34
22:04:10	15.833	15.477	15.593	16.367	15.841	16.0	415.42	415.34
22:05:10	15.833	15.479	15.591	16.365	15.845	16.0	415.42	415.34
22:06:10	15.833	15.481	15.587	16.355	15.84	15.999	415.42	415.34
22:07:10	15.835	15.48	15.577	16.325	15.84	15.998	415.42	415.34
22:08:10	15.835	15.481	15.577	16.323	15.837	15.999	415.42	415.34
22:09:10	15.836	15.482	15.583	16.328	15.845	15.999	415.42	415.34
22:10:10	15.836	15.482	15.579	16.328	15.841	15.997	415.42	415.34
22:11:10	15.836	15.482	15.578	16.343	15.841	15.998	415.42	415.34
22:12:10	15.837	15.481	15.58	16.377	15.839	16.001	415.42	415.34
22:13:10	15.837	15.483	15.583	16.391	15.841	15.999	415.42	415.34
22:14:10	15.839	15.48	15.583	16.378	15.836	15.999	415.42	415.34
22:15:10	15.839	15.482	15.585	16.375	15.839	16.001	415.42	415.34
22:16:10	15.839	15.485	15.584	16.366	15.838	16.001	415.42	415.34
22:17:11	15.84	15.485	15.579	16.362	15.839	15.999	415.42	415.34
22:18:10	15.839	15.485	15.587	16.335	15.84	16.0	415.42	415.34
22:19:10	15.84	15.484	15.582	16.29	15.843	16.0	415.42	415.34
22:20:10	15.84	15.483	15.581	16.27	15.84	15.999	415.42	415.34
22:21:10	15.843	15.483	15.563	16.246	15.84	16.001	415.42	415.34
22:22:10	15.842	15.486	15.573	16.248	15.841	16.001	415.42	415.34
22:23:11	15.841	15.486	15.572	16.253	15.841	15.999	415.42	415.34
22:24:10	15.843	15.486	15.585	16.258	15.843	16.0	415.42	415.34
22:25:10	15.844	15.487	15.571	16.238	15.846	16.001	415.42	415.34
22:26:10	15.843	15.49	15.557	16.228	15.844	15.999	415.42	415.34
22:27:10	15.844	15.49	15.559	16.22	15.851	16.0	415.42	415.34
22:28:10	15.845	15.491	15.564	16.227	15.853	16.001	415.42	415.34
22:29:10	15.845	15.491	15.55	16.224	15.85	16.001	415.42	415.34
22:30:10	15.846	15.492	15.552	16.227	15.844	15.999	415.42	415.34
22:31:10	15.845	15.491	15.564	16.233	15.844	15.999	415.42	415.34
22:32:10	15.847	15.49	15.565	16.224	15.843	16.0	415.42	415.34
22:33:10	15.846	15.491	15.53	16.196	15.843	15.999	415.42	415.34
22:34:10	15.845	15.491	15.511	16.18	15.838	15.996	415.42	415.34
22:35:10	15.846	15.491	15.527	16.201	15.838	15.995	415.42	415.34
22:36:10	15.846	15.489	15.546	16.231	15.837	15.997	415.42	415.34
22:37:10	15.847	15.489	15.558	16.244	15.839	15.999	415.42	415.34
22:38:10	15.847	15.491	15.544	16.24	15.84	15.999	415.42	415.34
22:39:10	15.848	15.491	15.541	16.229	15.836	15.997	415.42	415.34
22:40:10	15.849	15.492	15.542	16.247	15.84	15.999	415.42	415.34
22:41:10	15.847	15.492	15.548	16.242	15.84	15.998	415.42	415.34
22:42:10	15.85	15.491	15.56	16.251	15.84	15.998	415.42	415.34
22:43:10	15.85	15.493	15.563	16.27	15.845	15.999	415.42	415.34
22:44:10	15.851	15.495	15.571	16.378	15.846	15.999	415.42	415.34
22:45:10	15.85	15.494	15.566	16.615	15.843	15.999	415.42	415.34
22:46:10	15.852	15.495	15.574	16.957	15.843	16.002	415.42	415.34
22:47:10	15.852	15.498	15.626	17.152	15.847	16.0	415.42	415.34
22:48:10	15.853	15.499	15.632	17.103	15.844	16.002	415.42	415.34
22:49:10	15.851	15.501	15.641	17.3	15.845	16.001	415.42	415.34
22:50:10	15.853	15.501	15.669	17.328	15.847	16.002	415.42	415.34
22:51:10	15.853	15.502	15.697	17.306	15.847	16.002	415.42	415.34
22:52:12	15.855	15.503	15.674	17.066	15.849	16.001	415.42	415.34
22:53:10	15.854	15.502	15.649	16.823	15.849	16.003	415.42	415.34
22:54:10	15.855	15.502	15.631	16.665	15.849	16.003	415.42	415.34
22:55:10	15.856	15.502	15.619	16.569	15.849	16.001	415.42	415.34
22:56:10	15.855	15.503	15.614	16.507	15.844	16.0	415.42	415.34
22:57:10	15.855	15.503	15.616	16.463	15.841	16.001	415.42	415.34
22:58:10	15.856	15.506	15.61	16.432	15.845	16.002	415.42	415.34
22:59:10	15.858	15.506	15.604	16.409	15.847	16.002	415.42	415.34
23:00:10	15.858	15.506	15.605	16.381	15.847	16.001	415.42	415.34
23:01:10	15.858	15.507	15.604	16.358	15.848	16.003	415.42	415.34
23:02:10	15.857	15.507	15.6	16.341	15.842	16.002	415.42	415.34
23:03:10	15.858	15.508	15.589	16.335	15.842	16.002	415.42	415.34
23:04:10	15.859	15.507	15.588	16.333	15.843	16.002	415.42	415.34
23:05:10	15.858	15.506	15.581	16.317	15.843	15.999	415.42	415.34
23:06:10	15.859	15.506	15.573	16.313	15.848	16.001	415.42	415.34
23:07:10	15.859	15.505	15.574	16.331	15.844	16.001	415.42	415.34
23:08:10	15.86	15.508	15.579	16.327	15.849	16.001	415.42	415.34
23:09:10	15.861	15.51	15.574	16.327	15.849	16.002	415.42	415.34
23:10:10	15.86	15.51	15.573	16.377	15.847	16.001	415.42	415.34
23:11:11	15.861	0.0	15.577	16.427	15.847	16.002	415.42	415.34
23:12:10	15.861	15.509	15.581	16.472	15.843	16.0	415.42	415.34
23:13:10	15.86	15.508	15.592	16.474	15.843	16.001	415.42	415.34
23:14:10	15.861	15.507	15.586	16.428	15.848	16.0	415.42	415.34
23:15:10	15.862	15.51	15.583	16.383	15.85	16.002	415.42	415.34
23:16:10	15.862	15.513	15.579	16.353	15.852	16.004	415.42	415.34
23:17:10	15.862	15.511	15.571	16.333	15.847	16.001	415.42	415.34
23:18:10	15.863	15.511	15.577	16.318	15.847	16.005	415.42	415.34
23:19:10	15.864	15.513	15.583	16.3	15.852	16.004	415.42	415.34
23:20:11	15.864	15.514	15.585	16.286	15.853	16.004	415.42	415.34
23:21:10	0.0	15.515	15.568	16.283	15.849	16.006	415.42	415.34
23:22:10	15.865	15.517	15.563	16.292	15.853	16.005	415.42	415.34
23:23:10	15.865	15.518	15.558	16.292	15.852	16.004	415.42	415.34
23:24:10	15.864	15.516	15.556	16.291	15.849	16.006	415.42	415.34
23:25:10	15.865	15.515	15.554	16.304	15.848	16.004	415.42	415.34
23:26:10	15.866	15.517	15.555	16.309	15.85	16.005	415.42	415.34
23:27:10	15.866	15.516	15.555	16.309	15.85	16.003	415.42	415.34
23:28:10	15.866	15.517	15.553	16.313	15.854	16.004	415.42	415.34
23:29:10	15.867	15.517	15.56	16.336	15.851	16.004	415.42	415.34
23:30:10	15.867	15.517	15.56	16.395	15.849	16.003	415.42	415.34
23:31:10	15.868	15.519	15.564	16.481	15.852	16.003	415.42	415.34
23:32:10	15.868	15.52	15.573	16.504	15.855	16.005	415.42	415.34
23:33:10	15.868	15.519	15.575	16.454	15.859	16.005	415.42	415.34
23:34:10	15.868	15.521	15.575	16.423	15.855	16.003	415.42	415.34
23:35:10	15.869	15.521	15.575	16.403	15.849	16.003	415.42	415.34
23:36:10	15.869	15.521	15.57	16.388	15.849	16.004	415.42	415.34
23:37:10	15.869	15.519	15.57	16.37	15.849	16.002	415.42	415.34
23:38:10	15.868	15.518	15.572	16.35	15.849	16.004	415.42	415.34
23:39:10	15.871	15.52	15.565	16.336	15.848	16.003	415.42	415.34
23:40:10	15.871	15.52	15.565	16.323	15.85	16.003	415.42	415.34
23:41:10	15.87	15.519	15.562	16.307	15.847	16.003	415.42	415.34
23:42:10	15.872	15.517	15.559	16.299	15.853	16.004	415.42	415.34
23:43:10	15.871	15.519	15.549	16.3	15.851	16.003	415.42	415.34
23:44:10	15.871	15.522	15.551	16.308	15.853	16.005	415.42	415.34
23:45:12	15.871	15.522	15.552	16.309	15.855	16.004	415.42	415.34
23:46:10	15.871	15.522	15.553	16.317	15.853	16.004	415.42	415.34
23:47:10	15.873	15.522	15.566	16.384	15.852	16.005	415.42	415.34
23:48:10	15.869	15.524	15.568	16.41	15.848	16.004	415.42	415.34
23:49:10	15.872	15.522	15.582	16.426	15.845	16.001	415.42	415.34
23:50:10	15.872	15.523	15.577	16.428	15.853	16.004	415.42	415.34
23:51:10	15.873	15.522	15.567	16.39	15.85	16.003	415.42	415.34
23:52:10	15.872	15.523	15.567	16.355	15.852	16.005	415.42	415.34
23:53:10	15.872	15.522	15.559	16.328	15.85	16.003	415.42	415.34
23:54:10	15.876	15.526	15.557	16.311	15.854	16.004	415.42	415.34
23:55:10	15.876	15.526	15.558	16.295	15.855	16.003	415.42	415.34
23:56:10	15.873	15.528	15.563	16.277	15.855	16.005	415.42	415.34
23:57:10	15.872	15.526	15.565	16.263	15.853	16.004	415.42	415.34
23:58:10	15.875	15.527	15.554	16.265	15.855	16.006	415.42	415.34
23:59:11	15.875	15.529	15.546	16.266	15.858	16.004	415.42	415.34
