00:00:33	20.476	20.123	20.138	21.009	20.252	20.43	415.42	415.34
00:01:33	20.475	20.123	20.125	20.84	20.252	20.432	415.42	415.34
00:02:58	20.475	20.122	19.968	20.411	20.253	20.431	415.42	415.34
00:04:03	20.474	20.122	19.985	20.501	20.252	20.431	415.42	415.34
00:05:07	20.475	20.123	20.023	20.622	20.25	20.431	415.42	415.34
00:06:07	20.475	20.123	20.065	20.755	20.251	20.43	415.42	415.34
00:07:12	20.475	20.122	20.097	20.866	20.249	20.431	415.42	415.34
00:08:12	20.475	20.122	20.123	20.94	20.249	20.43	415.42	415.34
00:09:36	20.475	20.122	20.153	21.002	20.251	20.43	415.42	415.34
00:10:37	20.475	20.12	20.139	20.812	20.252	20.43	415.42	415.34
00:11:36	20.475	20.122	20.01	20.579	20.249	20.432	415.42	415.34
00:12:41	20.475	20.121	19.951	20.456	20.251	20.43	415.42	415.34
00:13:41	20.474	20.121	20.001	20.584	20.25	20.431	415.42	415.34
00:14:46	20.474	20.12	20.065	20.786	20.25	20.43	415.42	415.34
00:15:50	20.476	20.12	20.113	20.911	20.251	20.431	415.42	415.34
00:16:50	20.475	20.12	20.136	20.97	20.248	20.43	415.42	415.34
00:17:50	20.475	20.12	20.155	21.011	20.246	20.43	415.42	415.34
00:18:50	20.474	20.119	20.17	21.036	20.247	20.429	415.42	415.34
00:20:15	20.475	20.117	20.076	20.691	20.247	20.43	415.42	415.34
00:21:15	20.474	20.117	19.98	20.51	20.249	20.43	415.42	415.34
00:22:15	20.474	20.117	19.924	20.342	20.246	20.428	415.42	415.34
00:23:15	20.474	20.116	19.921	20.326	20.244	20.428	415.42	415.34
00:24:40	20.475	20.115	19.998	20.52	20.246	20.427	415.42	415.34
00:25:45	20.474	20.115	20.028	20.661	20.248	20.427	415.42	415.34
00:26:45	20.474	20.115	20.068	20.775	20.249	20.429	415.42	415.34
00:27:45	20.474	20.114	20.094	20.861	20.248	20.429	415.42	415.34
00:28:45	20.474	20.116	20.124	20.935	20.247	20.429	415.42	415.34
00:29:45	20.474	20.115	20.146	20.93	20.248	20.428	415.42	415.34
00:30:45	20.474	20.116	20.046	20.538	20.247	20.428	415.42	415.34
00:31:45	20.474	20.115	19.966	20.305	20.247	20.428	415.42	415.34
00:32:45	20.473	20.115	19.894	20.22	20.247	20.427	415.42	415.34
00:33:45	20.473	20.115	19.89	20.247	20.246	20.427	415.42	415.34
00:34:49	20.473	20.114	19.961	20.424	20.247	20.427	415.42	415.34
00:35:49	20.473	20.114	19.998	20.571	20.246	20.428	415.42	415.34
00:36:54	20.473	20.115	20.031	20.702	20.248	20.426	415.42	415.34
00:37:54	20.472	20.112	20.065	20.821	20.246	20.427	415.42	415.34
00:38:54	20.471	20.112	20.097	20.907	20.249	20.427	415.42	415.34
00:39:59	20.472	20.113	20.117	20.961	20.246	20.427	415.42	415.34
00:40:59	20.473	20.113	20.033	20.695	20.246	20.427	415.42	415.34
00:42:24	20.472	20.112	19.94	20.473	20.247	20.427	415.42	415.34
00:43:24	20.472	20.113	19.979	20.574	20.245	20.426	415.42	415.34
00:44:28	20.473	20.112	20.026	20.701	20.244	20.426	415.42	415.34
00:45:28	20.472	20.111	20.063	20.811	20.245	20.426	415.42	415.34
00:46:28	20.472	20.11	20.097	20.903	20.247	20.426	415.42	415.34
00:47:28	20.472	20.111	20.126	20.966	20.247	20.426	415.42	415.34
00:48:28	20.472	20.111	20.14	21.006	20.246	20.426	415.42	415.34
00:49:43	20.472	20.11	20.11	20.833	20.247	20.426	415.42	415.34
00:50:43	20.471	20.112	19.997	20.577	20.245	20.426	415.42	415.34
00:51:43	20.472	20.111	19.965	20.546	20.246	20.425	415.42	415.34
00:52:43	20.472	20.111	20.021	20.635	20.246	20.427	415.42	415.34
00:54:08	20.472	20.111	20.077	20.805	20.246	20.427	415.42	415.34
00:55:13	20.472	20.11	20.116	20.914	20.246	20.426	415.42	415.34
00:56:13	20.472	20.111	20.139	20.974	20.246	20.426	415.42	415.34
00:57:13	20.472	20.111	20.158	21.014	20.247	20.427	415.42	415.34
00:58:13	20.472	20.111	20.175	20.978	20.246	20.427	415.42	415.34
00:59:19	20.473	20.112	20.051	20.638	20.248	20.427	415.42	415.34
01:00:19	20.472	20.112	19.949	20.444	20.246	20.426	415.42	415.34
01:01:19	20.472	20.113	19.981	20.5	20.245	20.426	415.42	415.34
01:02:19	20.472	20.112	20.037	20.648	20.246	20.428	415.42	415.34
01:03:19	20.472	20.114	20.086	20.81	20.247	20.428	415.42	415.34
01:04:20	20.471	20.113	20.122	20.912	20.247	20.428	415.42	415.34
01:05:24	20.471	20.114	20.151	20.982	20.249	20.429	415.42	415.34
01:06:24	20.471	20.115	20.168	21.018	20.249	20.428	415.42	415.34
01:07:24	20.472	20.114	20.166	20.908	20.249	20.428	415.42	415.34
01:08:24	20.472	20.115	20.036	20.612	20.247	20.429	415.42	415.34
01:09:24	20.472	20.116	19.948	20.465	20.251	20.43	415.42	415.34
01:10:30	20.473	20.119	19.903	20.252	20.251	20.43	415.42	415.34
01:11:30	20.471	20.12	19.902	20.292	20.25	20.43	415.42	415.34
01:12:30	20.473	20.121	19.973	20.442	20.249	20.43	415.42	415.34
01:13:30	20.473	20.12	20.016	20.586	20.247	20.429	415.42	415.34
01:14:31	20.472	20.121	20.048	20.734	20.249	20.43	415.42	415.34
01:15:56	20.473	20.121	20.093	20.882	20.25	20.43	415.42	415.34
01:16:56	20.472	20.122	20.114	20.946	20.25	20.43	415.42	415.34
01:17:56	20.473	20.12	20.12	20.842	20.251	20.43	415.42	415.34
01:18:56	20.473	20.121	20.01	20.59	20.252	20.43	415.42	415.34
01:19:56	20.473	20.122	19.937	20.386	20.252	20.43	415.42	415.34
01:20:56	20.473	20.122	19.884	20.294	20.251	20.43	415.42	415.34
01:22:00	20.472	20.122	19.902	20.38	20.252	20.431	415.42	415.34
01:23:00	20.473	20.123	19.959	20.521	20.252	20.429	415.42	415.34
01:24:00	20.474	20.124	19.995	20.63	20.253	20.431	415.42	415.34
01:25:00	20.472	20.123	20.031	20.729	20.253	20.431	415.42	415.34
01:26:00	20.474	20.123	20.058	20.81	20.254	20.431	415.42	415.34
01:27:05	20.474	20.123	20.085	20.885	20.253	20.431	415.42	415.34
01:28:05	20.473	20.125	20.106	20.935	20.254	20.431	415.42	415.34
01:29:05	20.473	20.125	20.025	20.615	20.254	20.431	415.42	415.34
01:30:05	20.474	20.126	19.95	20.407	20.253	20.432	415.42	415.34
01:31:05	20.473	20.124	19.908	20.242	20.253	20.431	415.42	415.34
01:32:05	20.474	20.125	19.857	20.231	20.251	20.43	415.42	415.34
01:33:10	20.473	20.126	19.926	20.383	20.249	20.43	415.42	415.34
01:34:10	20.473	20.124	19.974	20.531	20.251	20.431	415.42	415.34
01:35:10	20.474	20.123	20.006	20.652	20.251	20.43	415.42	415.34
01:36:10	20.474	20.123	20.034	20.752	20.251	20.43	415.42	415.34
01:37:10	20.475	20.123	20.062	20.837	20.251	20.429	415.42	415.34
01:38:15	20.473	20.123	20.091	20.903	20.25	20.431	415.42	415.34
01:39:15	20.475	20.123	20.039	20.688	20.252	20.43	415.42	415.34
01:40:15	20.474	20.124	19.91	20.498	20.25	20.428	415.42	415.34
01:41:15	20.474	20.122	19.896	20.466	20.251	20.43	415.42	415.34
01:42:15	20.474	20.122	19.951	20.553	20.252	20.428	415.42	415.34
01:43:15	20.474	20.121	20.007	20.721	20.25	20.428	415.42	415.34
01:44:20	20.473	20.122	20.055	20.846	20.252	20.429	415.42	415.34
01:45:20	20.474	20.122	20.087	20.919	20.253	20.43	415.42	415.34
01:46:20	20.474	20.122	20.106	20.963	20.252	20.43	415.42	415.34
01:47:20	20.475	20.123	20.12	20.995	20.253	20.43	415.42	415.34
01:48:20	0.0	20.123	20.061	20.788	20.251	20.43	415.42	415.34
01:49:37	20.474	20.124	19.932	20.444	20.252	20.431	415.42	415.34
01:50:37	20.475	20.124	19.857	20.314	20.254	20.43	415.42	415.34
01:51:37	20.474	20.124	19.827	20.255	20.255	20.43	415.42	415.34
01:52:37	0.0	20.125	19.885	20.384	20.254	20.43	415.42	415.34
01:53:37	20.474	20.125	19.946	20.521	20.253	20.431	415.42	415.34
01:54:38	20.475	20.128	19.991	20.632	20.254	20.432	415.42	415.34
01:55:42	20.475	20.129	20.019	20.722	20.254	20.431	415.42	415.34
01:56:42	20.475	20.129	20.044	20.814	20.253	20.432	415.42	415.34
01:57:42	20.474	20.129	20.069	20.888	20.254	20.433	415.42	415.34
01:58:42	20.474	20.129	20.089	20.884	20.253	20.432	415.42	415.34
01:59:42	20.475	20.129	19.97	20.588	20.252	20.431	415.42	415.34
02:00:42	20.475	20.128	19.913	20.459	20.252	20.431	415.42	415.34
02:01:47	20.475	20.129	19.969	20.58	20.253	20.432	415.42	415.34
02:02:47	20.474	20.129	20.023	20.74	20.253	20.432	415.42	415.34
02:03:47	20.476	20.129	20.066	20.863	20.252	20.431	415.42	415.34
02:04:47	20.476	20.129	20.092	20.928	20.254	20.431	415.42	415.34
02:05:47	20.476	20.13	20.115	20.975	20.253	20.432	415.42	415.34
02:06:52	20.476	20.13	20.129	21.003	20.252	20.433	415.42	415.34
02:07:51	20.476	20.13	20.075	20.696	20.254	20.432	415.42	415.34
02:08:52	20.476	20.131	19.959	20.417	20.252	20.431	415.42	415.34
02:09:51	20.476	20.131	19.953	20.451	20.255	20.433	415.42	415.34
02:10:51	20.475	20.13	20.006	20.6	20.256	20.431	415.42	415.34
02:11:51	20.475	20.129	20.047	20.743	20.254	20.431	415.42	415.34
02:12:56	20.475	20.129	20.084	20.864	20.253	20.432	415.42	415.34
02:13:56	20.475	20.128	20.117	20.938	20.254	20.433	415.42	415.34
02:14:56	20.475	20.13	20.139	20.981	20.253	20.432	415.42	415.34
02:15:56	20.475	20.13	20.156	21.014	20.254	20.431	415.42	415.34
02:16:56	20.474	20.131	20.071	20.768	20.25	20.431	415.42	415.34
02:18:02	20.475	20.13	19.964	20.527	20.252	20.431	415.42	415.34
02:19:02	20.476	20.128	19.99	20.521	20.249	20.431	415.42	415.34
02:20:02	20.475	20.129	20.03	20.626	20.253	20.432	415.42	415.34
02:21:02	20.476	20.128	20.075	20.785	20.254	20.431	415.42	415.34
02:22:02	20.477	20.129	20.113	20.898	20.255	20.43	415.42	415.34
02:23:02	20.476	20.13	20.133	20.96	20.256	20.432	415.42	415.34
02:24:07	20.474	20.131	20.15	21.008	20.254	20.432	415.42	415.34
02:25:07	20.475	20.13	20.169	21.009	20.254	20.432	415.42	415.34
02:26:07	20.475	20.131	20.07	20.696	20.255	20.432	415.42	415.34
02:27:07	20.475	20.131	19.976	20.454	20.25	20.432	415.42	415.34
02:28:07	20.475	20.131	19.928	20.27	20.25	20.432	415.42	415.34
02:29:11	20.475	20.13	19.914	20.29	20.253	20.431	415.42	415.34
02:30:12	20.476	20.13	19.967	20.435	20.253	20.43	415.42	415.34
02:31:12	20.475	20.131	20.006	20.578	20.253	20.431	415.42	415.34
02:32:12	20.475	20.131	20.029	20.698	20.253	20.431	415.42	415.34
02:33:12	20.476	20.129	20.066	20.78	20.254	20.43	415.42	415.34
02:34:12	20.475	20.13	20.09	20.855	20.254	20.431	415.42	415.34
02:35:16	20.476	20.129	20.113	20.916	20.252	20.43	415.42	415.34
02:36:16	20.475	20.129	20.062	20.711	20.254	20.431	415.42	415.34
02:37:16	20.475	20.128	19.941	0.0	20.254	20.43	415.42	415.34
02:38:16	20.476	20.127	19.913	20.492	20.254	20.431	415.42	415.34
02:39:16	20.477	20.128	19.97	20.57	20.252	20.431	415.42	415.34
02:40:21	20.476	20.129	20.029	20.723	20.253	20.43	415.42	415.34
02:41:21	20.476	20.129	20.067	20.844	20.254	20.43	415.42	415.34
02:42:21	20.476	20.129	20.104	20.92	20.252	20.429	415.42	415.34
02:43:21	20.477	20.129	20.125	20.967	20.255	20.43	415.42	415.34
02:44:22	20.475	20.129	20.141	21.005	20.253	20.43	415.42	415.34
02:45:21	20.476	20.129	20.08	20.699	20.254	20.43	415.42	415.34
02:46:26	20.477	20.129	19.991	20.508	20.253	20.43	415.42	415.34
02:47:26	20.476	20.128	19.92	20.394	20.253	20.43	415.42	415.34
02:48:26	20.477	20.128	19.893	20.269	20.253	20.429	415.42	415.34
02:49:26	20.476	20.127	19.942	20.412	20.252	20.429	415.42	415.34
02:50:26	20.475	20.127	20.0	20.558	20.253	20.429	415.42	415.34
02:51:30	20.476	20.126	20.03	20.69	20.251	20.429	415.42	415.34
02:52:30	20.475	20.126	20.059	20.795	20.254	20.429	415.42	415.34
02:53:30	20.475	20.124	20.091	20.873	20.251	20.428	415.42	415.34
02:54:30	20.476	20.124	20.116	20.937	20.25	20.429	415.42	415.34
02:55:31	20.476	20.123	20.103	20.844	20.249	20.429	415.42	415.34
02:56:56	20.475	20.123	19.986	20.532	20.251	20.427	415.42	415.34
02:57:56	20.475	20.123	19.911	20.347	20.249	20.429	415.42	415.34
02:58:56	20.476	20.122	19.835	20.247	20.25	20.428	415.42	415.34
02:59:56	20.475	20.122	19.91	20.389	20.25	20.427	415.42	415.34
03:00:56	20.475	20.121	19.966	20.529	20.251	20.427	415.42	415.34
03:01:56	20.476	20.121	19.997	20.634	20.249	20.427	415.42	415.34
03:03:04	20.475	20.122	20.026	20.762	20.249	20.428	415.42	415.34
03:04:04	20.475	20.121	20.053	20.841	20.251	20.426	415.42	415.34
03:05:04	20.475	20.12	20.078	20.907	20.249	20.427	415.42	415.34
03:06:04	20.475	20.121	20.072	20.786	20.25	20.427	415.42	415.34
03:07:04	20.476	20.121	19.961	20.547	20.25	20.427	415.42	415.34
03:08:08	20.475	20.122	19.92	20.427	20.251	20.428	415.42	415.34
03:09:08	20.475	20.122	19.958	20.525	20.25	20.427	415.42	415.34
03:10:08	20.476	20.123	20.0	20.669	20.251	20.426	415.42	415.34
03:11:08	20.475	20.122	20.039	20.799	20.25	20.428	415.42	415.34
03:12:08	20.474	20.123	20.073	20.883	20.25	20.428	415.42	415.34
03:13:08	20.475	20.123	20.098	20.942	20.25	20.428	415.42	415.34
03:14:13	0.0	20.123	20.121	20.98	20.252	20.428	415.42	415.34
03:15:13	20.476	20.124	20.094	20.77	20.251	20.428	415.42	415.34
03:16:13	20.476	20.124	19.987	20.503	20.25	20.428	415.42	415.34
03:17:13	20.476	20.124	19.9	20.38	20.251	20.428	415.42	415.34
03:18:13	20.475	20.124	19.829	20.234	20.252	20.428	415.42	415.34
03:19:19	20.475	20.125	19.847	20.226	20.252	20.429	415.42	415.34
03:20:19	20.476	20.125	19.898	20.382	20.253	20.428	415.42	415.34
03:21:19	20.476	20.126	19.94	20.549	20.254	20.43	415.42	415.34
03:22:19	20.476	20.127	19.993	20.696	20.255	20.429	415.42	415.34
03:23:19	20.476	20.127	20.03	20.81	20.254	20.43	415.42	415.34
03:24:19	20.476	20.127	20.06	20.887	20.254	20.429	415.42	415.34
03:25:26	20.475	20.128	20.089	20.948	20.253	20.43	415.42	415.34
03:26:25	0.0	20.128	20.059	20.76	20.252	20.43	415.42	415.34
03:27:26	20.475	20.127	19.924	20.534	20.251	20.428	415.42	415.34
03:28:25	20.475	20.127	19.87	20.356	20.25	20.428	415.42	415.34
03:29:25	20.475	20.126	19.847	20.386	20.25	20.428	415.42	415.34
03:30:35	20.475	20.127	19.915	20.47	20.251	20.428	415.42	415.34
03:31:35	20.475	20.127	19.96	20.602	20.25	20.428	415.42	415.34
03:32:35	20.476	20.126	19.998	20.719	20.252	20.429	415.42	415.34
03:33:35	20.476	20.127	20.041	20.833	20.252	20.43	415.42	415.34
03:34:35	20.475	20.127	20.068	20.905	20.253	20.429	415.42	415.34
03:35:35	20.476	20.128	20.089	20.953	20.251	20.43	415.42	415.34
03:36:42	0.0	20.128	20.096	20.9	20.253	20.43	415.42	415.34
03:37:42	20.475	20.129	19.996	20.537	20.254	20.43	415.42	415.34
03:38:42	20.476	20.128	19.92	20.396	20.253	20.429	415.42	415.34
03:39:42	20.475	20.13	19.865	20.348	20.255	20.43	415.42	415.34
03:40:42	20.476	20.129	19.928	20.453	20.253	20.43	415.42	415.34
03:41:50	0.0	20.13	19.97	20.582	20.254	20.43	415.42	415.34
03:42:50	20.476	20.13	20.004	20.695	20.253	20.43	415.42	415.34
03:43:50	20.475	20.129	20.037	20.813	20.254	20.43	415.42	415.34
03:44:50	20.475	20.13	20.068	20.889	20.25	20.429	415.42	415.34
03:45:50	20.476	20.13	20.093	20.945	20.248	20.43	415.42	415.34
03:46:50	20.476	20.13	20.092	20.847	20.247	20.43	415.42	415.34
03:47:55	20.475	20.13	19.974	20.562	20.252	20.431	415.42	415.34
03:48:54	20.476	20.131	19.943	20.477	20.253	20.429	415.42	415.34
03:49:54	20.476	20.129	19.985	20.571	20.255	20.43	415.42	415.34
03:50:54	20.476	20.13	20.032	20.719	20.255	20.429	415.42	415.34
03:51:54	20.476	20.129	20.073	20.853	20.252	20.43	415.42	415.34
03:53:02	0.0	20.128	20.1	20.936	20.252	20.43	415.42	415.34
03:54:02	20.476	20.128	20.123	20.986	20.252	20.43	415.42	415.34
03:55:02	20.476	20.129	20.142	21.013	20.252	20.43	415.42	415.34
03:56:02	0.0	20.13	20.119	20.823	20.252	20.427	415.42	415.34
03:57:02	20.475	20.129	20.008	20.542	20.253	20.43	415.42	415.34
03:58:02	20.476	20.129	19.926	20.401	20.251	20.429	415.42	415.34
03:59:07	20.476	20.129	19.88	20.347	20.25	20.428	415.42	415.34
04:00:07	20.476	20.128	19.941	20.451	20.251	20.428	415.42	415.34
04:01:07	20.476	20.127	19.993	20.575	20.252	20.428	415.42	415.34
04:02:07	20.476	20.125	20.019	20.689	20.253	20.429	415.42	415.34
04:03:07	20.476	20.126	20.046	20.784	20.252	20.427	415.42	415.34
04:04:11	20.475	20.125	20.076	20.874	20.25	20.428	415.42	415.34
04:05:11	20.476	20.126	20.101	20.931	20.251	20.428	415.42	415.34
04:06:11	20.475	20.127	20.117	20.901	20.252	20.43	415.42	415.34
04:07:11	20.475	20.127	20.018	20.595	20.252	20.428	415.42	415.34
04:08:11	20.476	20.127	19.943	20.36	20.253	20.429	415.42	415.34
04:09:11	20.475	20.127	19.891	20.176	20.252	20.43	415.42	415.34
04:10:16	0.0	20.128	19.893	20.315	20.252	20.43	415.42	415.34
04:11:16	20.475	20.128	19.945	20.485	20.252	20.428	415.42	415.34
04:12:16	20.476	20.128	19.993	20.605	20.253	20.428	415.42	415.34
04:13:16	20.476	20.129	20.024	20.727	20.25	20.43	415.42	415.34
04:14:16	20.475	20.128	20.05	20.814	20.25	20.43	415.42	415.34
04:15:21	20.476	20.129	20.077	20.88	20.251	20.429	415.42	415.34
04:16:21	20.476	20.128	20.1	20.932	20.251	20.428	415.42	415.34
04:17:21	20.476	20.129	20.056	20.683	20.25	20.429	415.42	415.34
04:18:21	20.475	20.129	19.95	20.462	20.253	20.429	415.42	415.34
04:19:21	20.475	20.13	19.877	20.367	20.25	20.429	415.42	415.34
04:20:21	20.476	20.13	19.832	20.266	20.252	20.429	415.42	415.34
04:21:26	20.476	20.131	19.896	20.399	20.251	20.43	415.42	415.34
04:22:26	20.475	20.129	19.948	20.557	20.25	20.428	415.42	415.34
04:23:26	20.477	20.129	19.994	20.693	20.253	20.429	415.42	415.34
04:24:26	20.476	20.13	20.035	20.813	20.254	20.43	415.42	415.34
04:25:26	20.476	20.129	20.066	20.898	20.249	20.427	415.42	415.34
04:26:30	20.475	20.128	20.099	20.958	20.25	20.429	415.42	415.34
04:27:31	20.475	20.128	20.115	20.974	20.252	20.428	415.42	415.34
04:28:30	20.475	20.129	20.009	20.718	20.254	20.427	415.42	415.34
04:29:30	20.476	20.128	19.933	20.511	20.251	20.428	415.42	415.34
04:30:30	20.476	20.129	19.884	20.426	20.25	20.428	415.42	415.34
04:31:31	20.476	20.128	19.906	20.48	20.249	20.429	415.42	415.34
04:32:35	20.476	20.127	19.971	20.627	20.25	20.427	415.42	415.34
04:33:35	20.476	20.128	20.022	20.767	20.251	20.426	415.42	415.34
04:34:35	20.475	20.126	20.06	20.876	20.25	20.427	415.42	415.34
04:35:35	20.475	20.126	20.093	20.951	20.251	20.427	415.42	415.34
04:36:35	20.476	20.127	20.119	20.996	20.251	20.427	415.42	415.34
04:37:35	20.475	20.126	20.131	21.027	20.251	20.428	415.42	415.34
04:38:40	20.476	20.128	20.084	20.84	20.251	20.427	415.42	415.34
04:39:40	20.476	20.127	19.984	20.57	20.252	20.427	415.42	415.34
04:40:41	20.475	20.127	19.912	20.412	20.251	20.428	415.42	415.34
04:41:40	20.475	20.127	19.912	20.439	20.253	20.428	415.42	415.34
04:42:40	20.475	20.127	19.963	20.569	20.252	20.428	415.42	415.34
04:43:45	20.475	20.127	20.01	20.708	20.251	20.428	415.42	415.34
04:44:45	20.476	20.127	20.052	20.832	20.251	20.427	415.42	415.34
04:45:45	20.475	20.126	20.085	20.92	20.251	20.427	415.42	415.34
04:46:45	20.475	20.128	20.117	20.98	20.251	20.428	415.42	415.34
04:47:45	20.476	20.127	20.136	21.02	20.25	20.428	415.42	415.34
04:48:45	20.476	20.127	20.076	20.803	20.25	20.428	415.42	415.34
04:49:50	20.476	20.128	19.968	20.602	20.252	20.428	415.42	415.34
04:50:50	20.475	20.129	19.901	20.44	20.252	20.427	415.42	415.34
04:51:50	20.476	20.129	19.873	20.401	20.25	20.428	415.42	415.34
04:52:50	20.476	20.129	19.939	20.528	20.252	20.428	415.42	415.34
04:53:50	20.476	20.13	19.993	20.638	20.252	20.429	415.42	415.34
04:54:54	20.475	20.13	20.032	20.763	20.253	20.429	415.42	415.34
04:55:54	20.475	20.129	20.069	20.863	20.253	20.428	415.42	415.34
04:56:54	20.476	20.129	20.097	20.941	20.253	20.429	415.42	415.34
04:57:54	20.476	20.13	20.118	21.003	20.251	20.428	415.42	415.34
04:58:54	20.476	20.13	20.097	20.759	20.25	20.428	415.42	415.34
04:59:54	20.476	20.128	19.974	20.507	20.25	20.428	415.42	415.34
05:00:59	20.476	20.129	19.959	20.453	20.251	20.428	415.42	415.34
05:01:59	20.475	20.128	20.002	20.599	20.249	20.426	415.42	415.34
05:02:59	20.476	20.127	20.055	20.79	20.25	20.426	415.42	415.34
05:03:59	20.475	20.127	20.096	20.904	20.25	20.426	415.42	415.34
05:05:00	20.476	20.127	20.122	20.983	20.249	20.426	415.42	415.34
05:06:05	20.475	20.127	20.149	21.028	20.25	20.426	415.42	415.34
05:07:04	20.475	20.127	20.165	21.054	20.251	20.426	415.42	415.34
05:08:04	20.476	20.126	20.094	20.739	20.25	20.426	415.42	415.34
05:09:04	20.475	20.126	20.006	20.545	20.25	20.426	415.42	415.34
05:10:05	20.475	20.126	19.951	20.38	20.248	20.425	415.42	415.34
05:11:29	20.474	20.125	19.916	20.304	20.249	20.425	415.42	415.34
05:12:29	20.476	20.125	19.98	20.476	20.248	20.426	415.42	415.34
05:13:29	20.475	20.124	20.019	20.618	20.248	20.424	415.42	415.34
05:14:29	20.475	20.123	20.05	20.745	20.247	20.424	415.42	415.34
05:15:29	20.473	20.121	20.081	20.836	20.246	20.424	415.42	415.34
05:16:29	20.475	20.122	20.107	20.912	20.246	20.423	415.42	415.34
05:17:34	20.474	20.12	20.134	20.978	20.245	20.424	415.42	415.34
05:18:34	20.474	20.12	20.061	20.704	20.245	20.423	415.42	415.34
05:19:35	20.474	20.12	19.961	20.426	20.245	20.423	415.42	415.34
05:20:34	20.474	20.12	19.951	20.458	20.244	20.422	415.42	415.34
05:21:34	20.474	20.117	20.01	20.584	20.244	20.422	415.42	415.34
05:22:41	20.474	20.118	20.058	20.738	20.244	20.423	415.42	415.34
05:23:41	20.473	20.118	20.091	20.865	20.245	20.423	415.42	415.34
05:24:41	20.474	20.119	20.118	20.941	20.245	20.423	415.42	415.34
05:25:41	20.475	20.119	20.139	20.998	20.245	20.423	415.42	415.34
05:26:41	20.474	20.12	20.156	21.028	20.245	20.424	415.42	415.34
05:27:41	20.474	20.12	20.072	20.758	20.245	20.424	415.42	415.34
05:28:46	20.474	20.121	19.966	20.422	20.245	20.425	415.42	415.34
05:29:46	20.474	20.121	19.881	20.257	20.245	20.423	415.42	415.34
05:30:46	20.473	20.121	19.832	20.191	20.244	20.424	415.42	415.34
05:31:46	20.475	20.123	19.909	20.345	20.245	20.425	415.42	415.34
05:32:46	20.474	20.123	19.956	20.525	20.247	20.424	415.42	415.34
05:33:50	20.474	20.123	20.014	20.72	20.248	20.424	415.42	415.34
05:34:50	20.474	20.125	20.059	20.853	20.247	20.425	415.42	415.34
05:35:50	20.474	20.125	20.091	20.924	20.247	20.425	415.42	415.34
05:36:50	20.474	20.125	20.119	20.973	20.247	20.424	415.42	415.34
05:37:51	20.475	20.127	20.135	20.983	20.247	20.424	415.42	415.34
05:38:51	20.474	20.127	20.036	20.686	20.246	20.425	415.42	415.34
05:39:56	20.475	20.127	19.942	20.452	20.247	20.426	415.42	415.34
05:40:56	20.475	20.127	19.879	20.344	20.248	20.426	415.42	415.34
05:41:56	20.474	20.128	19.929	20.461	20.25	20.426	415.42	415.34
05:42:56	20.476	20.128	19.984	20.59	20.249	20.425	415.42	415.34
05:43:56	20.474	20.129	20.019	20.725	20.249	20.426	415.42	415.34
05:45:00	20.474	20.13	20.061	20.841	20.249	20.426	415.42	415.34
05:46:00	20.475	20.128	20.089	20.921	20.251	20.425	415.42	415.34
05:47:00	20.475	20.128	20.113	20.972	20.249	20.425	415.42	415.34
05:48:00	20.474	20.128	20.132	20.947	20.248	20.425	415.42	415.34
05:49:00	20.474	20.128	19.991	20.608	20.247	20.424	415.42	415.34
05:50:00	20.474	20.127	19.952	20.404	20.246	20.424	415.42	415.34
05:51:05	20.474	20.128	19.979	20.509	20.248	20.426	415.42	415.34
05:52:05	20.475	20.128	20.02	20.657	20.247	20.424	415.42	415.34
05:53:05	20.474	20.128	20.065	20.794	20.247	20.424	415.42	415.34
05:54:05	20.475	20.127	20.097	20.895	20.249	20.425	415.42	415.34
05:55:05	20.475	20.128	20.124	20.964	20.249	20.426	415.42	415.34
05:56:20	20.475	20.129	20.143	21.008	20.25	20.426	415.42	415.34
05:57:20	20.475	20.129	20.114	20.814	20.25	20.426	415.42	415.34
05:58:20	20.475	20.129	19.98	20.54	20.249	20.426	415.42	415.34
05:59:20	20.475	20.13	19.976	20.499	20.248	20.426	415.42	415.34
06:00:20	20.477	20.13	20.021	20.603	20.249	20.426	415.42	415.34
06:01:20	20.476	20.131	20.059	20.75	20.249	20.427	415.42	415.34
06:02:25	20.475	20.13	20.099	20.868	20.248	20.425	415.42	415.34
06:03:25	20.476	20.13	20.124	20.945	20.247	20.424	415.42	415.34
06:04:25	20.475	20.13	20.145	20.992	20.249	20.425	415.42	415.34
06:05:25	20.477	20.128	20.159	21.025	20.248	20.424	415.42	415.34
06:06:25	20.475	20.129	20.104	20.795	20.248	20.425	415.42	415.34
06:07:40	20.476	20.129	19.999	20.466	20.249	20.425	415.42	415.34
06:08:41	20.475	20.129	20.009	20.531	20.248	20.425	415.42	415.34
06:09:40	20.476	20.129	20.051	20.67	20.25	20.425	415.42	415.34
06:10:40	20.476	20.13	20.093	20.81	20.25	20.425	415.42	415.34
06:11:40	20.475	20.131	20.127	20.912	20.251	20.426	415.42	415.34
06:12:40	20.475	20.131	20.152	20.974	20.251	20.426	415.42	415.34
06:13:45	20.476	20.131	20.168	21.011	20.251	20.427	415.42	415.34
06:14:45	20.477	20.132	20.182	20.998	20.246	20.425	415.42	415.34
06:15:45	20.476	20.132	20.073	20.688	20.247	20.426	415.42	415.34
06:16:45	20.476	20.132	19.976	20.444	20.248	20.426	415.42	415.34
06:17:45	20.476	20.132	19.908	20.307	20.247	20.426	415.42	415.34
06:18:50	20.476	20.132	19.899	20.36	20.249	20.425	415.42	415.34
06:19:50	20.477	20.132	19.963	20.508	20.248	20.425	415.42	415.34
06:20:50	20.476	20.131	20.007	20.621	20.25	20.425	415.42	415.34
06:21:51	20.476	20.131	20.04	20.73	20.251	20.425	415.42	415.34
06:22:50	20.476	20.132	20.069	20.823	20.248	20.425	415.42	415.34
06:23:50	20.477	20.131	20.099	20.905	20.248	20.425	415.42	415.34
06:24:55	20.477	20.131	20.125	20.963	20.248	20.425	415.42	415.34
06:25:59	20.476	20.13	20.044	20.701	20.247	20.425	415.42	415.34
06:26:55	20.475	20.132	19.96	20.461	20.246	20.425	415.42	415.34
06:27:55	20.476	20.131	19.942	20.424	20.247	20.425	415.42	415.34
06:28:55	20.475	20.131	19.993	20.561	20.249	20.425	415.42	415.34
06:30:00	20.477	20.131	20.046	20.74	20.246	20.424	415.42	415.34
06:31:00	20.477	20.13	20.086	20.86	20.246	20.422	415.42	415.34
06:32:00	20.476	20.13	20.118	20.943	20.247	20.423	415.42	415.34
06:33:00	20.477	20.128	20.137	20.998	20.247	20.423	415.42	415.34
06:34:00	20.476	20.129	20.157	21.026	20.245	20.423	415.42	415.34
06:35:00	20.476	20.129	20.063	20.801	20.246	20.423	415.42	415.34
06:36:05	20.477	20.129	19.953	20.475	20.244	20.421	415.42	415.34
06:37:05	20.476	20.129	19.974	20.487	20.244	20.422	415.42	415.34
06:38:05	20.476	20.128	20.031	20.655	20.246	20.423	415.42	415.34
06:39:05	20.476	20.128	20.077	20.827	20.244	20.423	415.42	415.34
06:40:05	20.476	20.128	20.115	20.926	20.245	20.423	415.42	415.34
06:41:09	20.476	20.127	20.142	20.989	20.243	20.421	415.42	415.34
06:42:09	20.476	20.127	20.162	21.03	20.244	20.424	415.42	415.34
06:43:09	20.476	20.127	20.174	21.043	20.244	20.421	415.42	415.34
06:44:09	20.475	20.128	20.086	20.787	20.243	20.422	415.42	415.34
06:45:09	20.476	20.127	20.008	20.559	20.243	20.422	415.42	415.34
06:46:09	20.476	20.127	19.973	20.395	20.243	20.422	415.42	415.34
06:47:14	20.476	20.127	19.927	20.35	20.242	20.422	415.42	415.34
06:48:14	20.476	20.125	19.985	20.511	20.244	20.422	415.42	415.34
06:49:14	20.476	20.126	20.039	20.653	20.244	20.42	415.42	415.34
06:50:14	20.476	20.127	20.072	20.775	20.243	20.42	415.42	415.34
06:51:14	20.476	20.125	20.098	20.866	20.243	20.42	415.42	415.34
06:52:20	20.476	20.125	20.128	20.944	20.242	20.42	415.42	415.34
06:53:20	20.475	20.126	20.15	20.997	20.242	20.42	415.42	415.34
06:54:20	20.476	20.125	20.107	20.759	20.243	20.421	415.42	415.34
06:55:20	20.477	20.126	20.017	20.593	20.243	20.42	415.42	415.34
06:56:20	20.476	20.126	19.971	20.472	20.244	20.42	415.42	415.34
06:57:20	20.477	20.126	19.918	20.288	20.243	20.421	415.42	415.34
06:58:25	20.475	20.127	19.951	20.456	20.243	20.421	415.42	415.34
06:59:25	20.476	20.127	20.004	20.6	20.242	20.422	415.42	415.34
07:00:25	20.476	20.127	20.041	20.719	20.243	20.421	415.42	415.34
07:01:25	20.475	20.127	20.072	20.833	20.239	20.421	415.42	415.34
07:02:25	20.476	20.128	20.104	20.912	20.242	20.421	415.42	415.34
07:03:31	20.477	20.129	20.13	20.98	20.243	20.422	415.42	415.34
07:04:31	20.477	20.13	20.139	20.882	20.243	20.421	415.42	415.34
07:05:31	20.477	20.131	20.01	20.566	20.245	20.422	415.42	415.34
07:06:31	20.476	20.129	19.941	20.466	20.241	20.423	415.42	415.34
07:07:31	20.476	20.13	20.0	20.589	20.243	20.423	415.42	415.34
07:08:31	20.477	20.13	20.047	20.739	20.244	20.422	415.42	415.34
07:09:36	20.476	20.129	20.096	20.867	20.243	20.421	415.42	415.34
07:10:36	20.475	20.129	20.126	20.952	20.244	20.422	415.42	415.34
07:11:36	20.477	20.13	20.147	21.006	20.244	20.42	415.42	415.34
07:12:36	20.477	20.128	20.169	21.039	20.241	20.42	415.42	415.34
07:13:36	20.477	20.128	20.157	20.883	20.241	20.421	415.42	415.34
07:14:41	20.476	20.129	20.026	20.588	20.244	20.421	415.42	415.34
07:15:41	20.476	20.127	19.961	20.537	20.242	20.421	415.42	415.34
07:16:41	20.475	20.127	19.892	20.298	20.243	20.421	415.42	415.34
07:17:41	20.476	20.126	19.917	20.415	20.243	20.421	415.42	415.34
07:18:41	20.476	20.127	19.991	20.573	20.243	20.419	415.42	415.34
07:19:41	20.475	20.125	20.028	20.693	20.239	20.419	415.42	415.34
07:20:45	20.476	20.126	20.073	20.815	20.242	20.419	415.42	415.34
07:21:45	20.476	20.125	20.098	20.911	20.241	20.419	415.42	415.34
07:22:45	20.475	20.125	20.124	20.974	20.24	20.42	415.42	415.34
07:23:45	20.475	20.123	20.146	20.989	20.24	20.42	415.42	415.34
07:24:45	20.476	20.124	20.027	20.685	20.24	20.418	415.42	415.34
07:25:50	20.476	20.124	19.94	20.48	20.24	20.417	415.42	415.34
07:26:50	20.477	20.123	19.981	20.532	20.24	20.418	415.42	415.34
07:27:50	20.474	20.122	20.036	20.696	20.24	20.417	415.42	415.34
07:28:50	20.474	20.12	20.083	20.849	20.24	20.419	415.42	415.34
07:29:50	20.475	20.121	20.124	20.945	20.239	20.417	415.42	415.34
07:30:50	20.475	20.122	20.148	21.01	20.24	20.419	415.42	415.34
07:31:55	20.474	20.123	20.169	21.048	20.242	20.418	415.42	415.34
07:32:55	20.475	20.122	20.174	20.957	20.242	20.418	415.42	415.34
07:33:55	20.475	20.124	20.035	20.637	20.243	20.418	415.42	415.34
07:34:55	20.476	20.124	19.951	20.493	20.241	20.418	415.42	415.34
07:35:55	20.475	20.124	19.902	20.312	20.239	20.419	415.42	415.34
07:37:00	20.474	20.124	19.888	20.34	20.24	20.417	415.42	415.34
07:38:00	20.476	20.124	19.958	20.507	20.241	20.417	415.42	415.34
07:38:59	20.475	20.124	19.998	20.634	20.24	20.419	415.42	415.34
07:39:59	20.475	20.124	20.036	20.764	20.238	20.417	415.42	415.34
07:40:59	20.475	20.123	20.076	20.858	20.238	20.417	415.42	415.34
07:42:24	20.475	20.125	20.119	20.97	20.239	20.418	415.42	415.34
07:43:24	20.475	20.126	20.132	20.935	20.24	20.418	415.42	415.34
07:44:24	20.475	20.125	20.04	20.651	20.242	20.418	415.42	415.34
07:45:24	20.476	20.125	19.948	20.401	20.24	20.417	415.42	415.34
07:46:24	20.475	20.125	19.902	20.314	20.239	20.419	415.42	415.34
07:47:24	20.475	20.125	19.914	20.356	20.238	20.418	415.42	415.34
07:48:31	20.475	20.124	19.967	20.505	20.24	20.418	415.42	415.34
07:49:31	20.476	20.125	20.014	20.633	20.241	20.418	415.42	415.34
07:50:31	20.476	20.126	20.048	20.755	20.241	20.418	415.42	415.34
07:51:31	20.476	20.126	20.076	20.856	20.241	20.419	415.42	415.34
07:52:31	20.475	20.126	20.1	20.927	20.24	20.418	415.42	415.34
07:53:36	20.475	20.126	20.125	20.975	20.242	20.418	415.42	415.34
07:54:36	20.477	20.126	20.034	20.681	20.241	20.419	415.42	415.34
07:55:36	20.475	20.126	19.931	20.427	20.24	20.418	415.42	415.34
07:56:36	20.475	20.126	19.824	20.215	20.241	20.418	415.42	415.34
07:57:36	20.475	20.126	19.778	20.172	20.24	20.418	415.42	415.34
07:58:37	20.475	20.128	19.835	20.349	20.242	20.419	415.42	415.34
07:59:41	20.476	20.127	19.887	20.48	20.241	20.418	415.42	415.34
08:00:41	20.475	20.125	19.913	20.623	20.24	20.417	415.42	415.34
08:01:41	20.475	20.125	19.936	20.728	20.239	20.416	415.42	415.34
08:02:41	20.476	20.125	19.974	20.83	20.238	20.417	415.42	415.34
08:03:41	20.477	20.126	19.999	20.907	20.24	20.418	415.42	415.34
08:04:41	20.475	20.125	20.013	20.953	20.24	20.416	415.42	415.34
08:05:46	20.476	20.125	20.036	20.983	20.241	20.416	415.42	415.34
08:06:46	20.475	20.125	20.048	20.996	20.238	20.416	415.42	415.34
08:07:46	20.475	20.125	20.063	20.953	20.238	20.416	415.42	415.34
08:08:46	20.476	20.124	19.95	20.593	20.239	20.416	415.42	415.34
08:09:46	20.476	20.125	19.898	20.511	20.236	20.417	415.42	415.34
08:10:51	20.476	20.123	19.934	20.607	20.237	20.417	415.42	415.34
08:11:51	20.476	20.123	19.954	20.758	20.238	20.418	415.42	415.34
08:12:51	20.475	20.123	19.973	20.87	20.24	20.417	415.42	415.34
08:13:51	20.476	20.125	19.987	20.932	20.241	20.417	415.42	415.34
08:14:51	20.476	20.125	20.01	20.97	20.24	20.419	415.42	415.34
08:15:50	20.476	20.127	20.024	20.99	20.238	20.418	415.42	415.34
08:16:55	20.476	20.127	20.041	21.001	20.24	20.419	415.42	415.34
08:17:55	20.476	20.128	20.042	21.018	20.24	20.418	415.42	415.34
08:18:55	20.476	20.128	19.991	20.771	20.243	20.419	415.42	415.34
08:19:55	20.475	20.128	19.872	20.45	20.242	20.419	415.42	415.34
08:20:55	20.477	20.128	19.897	20.523	20.242	20.418	415.42	415.34
08:22:00	20.475	20.129	19.925	20.68	20.241	20.418	415.42	415.34
08:23:00	20.476	20.13	19.949	20.822	20.239	20.418	415.42	415.34
08:24:00	20.477	20.13	19.965	20.894	20.239	20.42	415.42	415.34
08:25:00	20.477	20.131	19.976	20.941	20.238	20.42	415.42	415.34
08:26:00	20.475	20.131	19.99	20.966	20.24	0.0	415.42	415.34
08:27:00	20.475	20.132	20.027	20.982	20.243	20.42	415.42	415.34
08:28:06	20.477	20.134	20.026	21.003	20.244	20.42	415.42	0.0
08:29:06	20.476	20.136	20.019	20.864	20.244	20.42	415.42	415.34
08:30:06	20.476	20.136	19.919	20.503	20.245	20.421	415.42	415.34
08:31:06	20.476	20.136	19.876	20.509	20.243	20.421	415.42	415.34
08:32:06	20.477	20.136	19.897	20.613	20.245	20.42	415.42	415.34
08:33:11	20.476	20.136	19.926	20.761	20.241	20.421	415.42	415.34
08:34:10	20.477	20.135	19.952	20.868	20.243	20.419	415.42	415.34
08:35:10	20.476	20.135	19.961	20.927	20.242	20.418	415.42	415.34
08:36:10	20.477	20.133	19.982	20.956	20.241	20.418	415.42	415.34
08:37:12	20.476	20.132	20.005	20.98	20.241	20.417	415.42	415.34
08:38:10	20.477	20.131	20.007	20.997	20.238	20.417	415.42	415.34
08:39:17	20.476	20.131	20.033	21.008	20.238	20.418	415.42	415.34
08:40:17	20.477	20.129	20.036	21.025	20.237	20.418	415.42	415.34
08:41:17	20.476	20.13	19.998	20.826	20.236	20.418	415.42	415.34
08:42:17	20.478	20.129	19.873	20.552	20.237	20.418	415.42	415.34
08:43:17	20.476	20.129	19.885	20.548	20.238	20.417	415.42	415.34
08:44:23	20.476	20.129	19.928	20.742	20.239	20.419	415.42	415.34
08:45:22	20.477	20.129	19.974	20.865	20.24	20.419	415.42	415.34
08:46:22	20.478	20.13	20.013	20.931	20.239	20.419	415.42	415.34
08:47:22	20.476	20.128	20.016	20.973	20.24	20.418	415.42	415.34
08:48:22	20.477	20.131	20.023	20.998	20.241	20.417	415.42	415.34
08:49:22	20.478	20.131	20.034	21.007	20.24	20.418	415.42	415.34
08:50:27	20.477	20.131	20.029	21.018	20.241	20.419	415.42	415.34
08:51:27	20.476	20.131	20.052	20.968	20.24	20.419	415.42	415.34
08:52:27	20.477	20.132	19.966	20.667	0.0	20.419	415.42	415.34
08:53:27	20.477	20.133	19.938	20.629	20.242	20.419	415.42	415.34
08:54:29	20.477	20.133	19.952	20.741	20.242	20.419	415.42	415.34
08:55:33	20.477	20.134	19.982	20.862	20.244	20.42	415.42	415.34
08:56:33	20.478	20.135	20.004	20.938	20.242	20.419	415.42	415.34
08:57:33	20.478	20.135	20.016	20.98	20.243	20.42	415.42	415.34
08:58:33	20.477	20.134	20.033	21.006	20.242	20.419	415.42	415.34
08:59:33	20.477	20.135	20.055	21.021	20.243	20.419	415.42	415.34
09:00:34	20.477	20.135	20.048	20.914	20.244	20.419	415.42	415.34
09:01:38	20.477	20.136	19.95	20.665	20.243	20.419	415.42	415.34
09:02:38	20.477	20.136	19.958	20.677	20.243	20.419	415.42	415.34
09:03:38	20.477	20.136	19.997	20.779	20.243	20.419	415.42	415.34
09:04:38	20.479	20.135	20.032	20.897	20.242	20.418	415.42	415.34
09:05:38	20.476	20.134	20.047	20.957	20.241	20.418	415.42	415.34
09:06:44	20.478	20.135	20.058	20.999	20.241	20.417	415.42	415.34
09:07:44	20.477	20.135	20.075	21.024	20.241	20.418	415.42	415.34
09:08:44	20.477	20.133	20.036	21.004	20.241	20.417	415.42	415.34
09:09:44	20.477	20.134	19.951	20.715	20.24	20.418	415.42	415.34
09:10:44	20.477	20.133	19.861	20.558	20.242	20.418	415.42	415.34
09:11:44	20.477	20.132	19.901	20.584	20.241	20.417	415.42	415.34
09:12:49	20.478	20.134	19.943	20.686	20.24	20.417	415.42	415.34
09:13:49	20.477	20.134	19.971	20.793	20.24	20.418	415.42	415.34
09:14:49	20.477	20.134	19.992	20.891	20.242	20.417	415.42	415.34
09:15:49	20.478	20.134	20.009	20.959	20.242	20.419	415.42	415.34
09:16:49	20.477	20.134	20.036	20.994	20.241	20.418	415.42	415.34
09:17:54	20.477	20.135	20.08	21.022	20.241	20.418	415.42	415.34
09:18:54	20.478	20.136	20.102	21.041	20.241	20.419	415.42	415.34
09:19:54	20.478	20.135	20.12	20.988	20.242	20.418	415.42	415.34
09:20:54	20.477	20.135	19.999	20.672	20.241	20.418	415.42	415.34
09:21:54	20.478	20.135	19.921	20.486	20.244	20.419	415.42	415.34
09:23:19	20.478	20.136	19.898	20.43	20.242	20.419	415.42	415.34
09:24:19	20.478	20.138	19.956	20.539	20.242	20.418	415.42	415.34
09:25:19	20.478	20.137	19.987	20.636	20.242	20.419	415.42	415.34
09:26:19	20.476	20.136	19.999	20.757	20.243	20.418	415.42	415.34
09:27:19	20.479	20.137	20.015	20.859	20.244	20.419	415.42	415.34
09:28:19	20.478	20.137	20.023	20.936	20.244	20.419	415.42	415.34
09:29:23	20.477	20.138	20.038	20.979	20.244	20.417	415.42	415.34
09:30:23	20.479	20.138	20.056	21.0	20.245	20.419	415.42	415.34
09:31:23	20.479	20.137	20.057	21.019	20.243	20.418	415.42	415.34
09:32:23	20.478	20.137	19.998	20.793	20.245	20.418	415.42	415.34
09:33:23	20.478	20.137	19.891	20.621	20.242	20.418	415.42	415.34
09:34:28	20.478	20.136	19.909	20.631	20.243	20.418	415.42	415.34
09:35:28	20.477	20.136	19.942	20.753	20.237	20.417	415.42	415.34
09:36:28	20.479	20.136	19.979	20.876	20.238	20.418	415.42	415.34
09:37:28	20.479	20.136	19.989	20.944	20.241	20.417	415.42	415.34
09:38:28	20.478	20.136	20.007	20.984	20.242	20.418	415.42	415.34
09:39:28	20.478	20.138	20.034	21.01	20.242	20.418	415.42	415.34
09:40:33	20.479	20.137	20.053	21.03	20.243	20.418	415.42	415.34
09:41:33	20.479	20.137	20.07	21.041	20.243	20.418	415.42	415.34
09:42:33	20.478	20.138	20.052	20.906	20.245	20.419	415.42	415.34
09:43:33	20.478	20.139	19.922	20.638	20.244	20.42	415.42	415.34
09:44:33	20.478	20.138	19.909	20.588	20.242	20.419	415.42	415.34
09:45:48	20.479	20.139	19.923	20.705	20.241	20.418	415.42	415.34
09:46:48	20.478	20.138	19.951	20.839	20.242	20.417	415.42	415.34
09:47:50	20.479	20.139	19.982	20.927	20.244	20.417	415.42	415.34
09:48:48	20.479	20.137	19.999	20.967	20.243	20.417	415.42	415.34
09:49:48	20.478	20.138	20.012	20.991	20.243	20.418	415.42	415.34
09:50:48	20.479	20.139	20.015	21.01	20.241	20.418	415.42	415.34
09:51:53	20.479	20.138	20.024	21.024	20.242	20.418	415.42	415.34
09:52:52	20.478	20.139	20.024	20.947	20.243	20.417	415.42	415.34
09:53:53	20.48	20.139	19.931	20.632	20.242	20.418	415.42	415.34
09:54:53	20.479	20.139	19.887	20.547	20.241	20.418	415.42	415.34
09:55:52	20.479	20.138	19.915	20.651	20.243	20.417	415.42	415.34
09:56:57	20.478	20.138	19.932	20.804	20.241	20.418	415.42	415.34
09:57:57	20.479	20.137	19.959	20.899	20.241	20.416	415.42	415.34
09:58:57	20.479	20.139	19.97	20.956	20.241	20.417	415.42	415.34
09:59:57	20.479	20.137	19.986	20.982	20.24	20.417	415.42	415.34
10:00:57	20.478	20.138	19.991	21.004	20.241	20.417	415.42	415.34
10:01:57	20.479	20.138	20.003	21.02	20.24	20.416	415.42	415.34
10:03:02	20.479	20.139	20.018	21.033	20.241	20.417	415.42	415.34
10:04:02	20.478	20.139	20.029	21.041	20.242	20.418	415.42	415.34
10:05:02	20.479	20.138	20.034	21.049	20.242	20.417	415.42	415.34
10:06:02	20.479	20.14	20.043	21.048	20.24	20.417	415.42	415.34
10:07:02	20.479	20.138	20.035	21.052	20.239	20.417	415.42	415.34
10:08:07	20.48	20.139	20.021	20.918	20.241	20.417	415.42	415.34
10:09:07	20.479	20.139	19.912	20.587	20.24	20.417	415.42	415.34
10:10:07	20.479	20.139	19.894	20.565	20.241	20.416	415.42	415.34
10:11:07	20.478	20.14	19.933	20.735	20.241	20.417	415.42	415.34
10:12:06	20.479	20.139	19.962	20.859	20.241	20.417	415.42	415.34
10:13:07	20.478	20.14	19.981	20.935	20.242	20.418	415.42	415.34
10:14:11	20.479	20.14	19.989	20.98	20.242	20.417	415.42	415.34
10:15:11	20.48	20.14	20.0	21.004	20.242	20.418	415.42	415.34
10:16:11	20.479	20.141	20.002	21.02	20.241	20.417	415.42	415.34
10:17:11	20.479	20.141	20.031	21.035	20.241	20.417	415.42	415.34
10:18:11	20.48	20.141	20.057	21.052	20.242	20.417	415.42	415.34
10:19:17	20.479	20.141	20.076	21.056	20.241	20.417	415.42	415.34
10:20:17	20.48	20.14	20.095	21.067	20.241	20.416	415.42	415.34
10:21:17	20.479	20.141	20.119	21.022	20.243	20.417	415.42	415.34
10:22:17	20.479	20.141	20.052	20.721	20.242	20.417	415.42	415.34
10:23:17	20.48	20.141	19.961	20.508	20.242	20.417	415.42	415.34
10:24:17	20.48	20.141	19.896	20.395	20.243	20.416	415.42	415.34
10:25:22	0.0	20.141	19.938	20.493	20.243	20.418	415.42	415.34
10:26:22	20.48	20.142	19.985	20.598	20.243	20.417	415.42	415.34
10:27:22	20.48	20.143	20.026	20.736	20.244	20.417	415.42	415.34
10:28:22	20.479	20.143	20.069	20.859	20.244	20.417	415.42	415.34
10:29:22	20.48	20.144	20.097	20.944	20.243	20.417	415.42	415.34
10:30:27	20.48	20.144	20.122	21.008	20.243	20.417	415.42	415.34
10:31:27	20.479	20.143	20.143	21.04	20.243	20.416	415.42	415.34
10:32:27	20.48	20.144	20.099	20.832	20.242	20.418	415.42	415.34
10:33:27	20.48	20.144	19.983	20.557	20.242	20.416	415.42	415.34
10:34:27	20.48	20.145	19.918	20.413	20.245	20.418	415.42	415.34
10:35:27	20.481	20.145	19.933	20.477	20.243	20.416	415.42	415.34
10:36:35	0.0	20.145	19.97	20.598	20.245	20.417	415.42	415.34
10:37:34	20.48	20.144	19.985	20.707	20.243	20.418	415.42	415.34
10:38:35	20.48	20.145	19.985	20.785	20.242	20.417	415.42	415.34
10:39:35	20.481	20.147	19.997	20.857	20.244	20.418	415.42	415.34
10:40:35	20.481	20.148	20.008	20.913	20.244	20.416	415.42	415.34
10:41:41	20.481	20.147	20.017	20.958	20.244	20.417	415.42	415.34
10:42:41	20.48	20.147	20.039	20.989	20.243	20.416	415.42	415.34
10:43:41	20.479	20.148	20.037	21.014	20.243	20.417	415.42	415.34
10:44:41	20.48	20.148	20.03	21.031	20.243	20.418	415.42	415.34
10:45:41	20.48	20.147	20.028	21.033	20.245	20.417	415.42	415.34
10:46:41	20.481	20.147	20.034	21.043	20.245	20.416	415.42	415.34
10:47:46	20.481	20.146	20.022	21.046	20.243	20.416	415.42	415.34
10:48:46	20.48	20.147	20.044	21.047	20.243	20.416	415.42	415.34
10:49:47	20.482	20.146	20.042	21.002	20.243	20.417	415.42	415.34
10:50:46	0.0	20.146	19.962	20.649	20.243	20.417	415.42	415.34
10:51:46	20.481	20.147	19.896	20.547	20.243	20.417	415.42	415.34
10:52:51	20.481	20.147	19.902	20.641	20.243	20.416	415.42	415.34
10:53:51	20.48	20.147	19.933	20.786	20.24	20.417	415.42	415.34
10:54:51	20.481	20.147	19.98	20.887	20.24	20.416	415.42	415.34
10:55:51	20.48	20.147	19.991	20.946	20.241	20.418	415.42	415.34
10:56:51	20.482	20.148	19.979	20.98	20.244	20.417	415.42	415.34
10:58:16	20.481	20.148	19.984	21.006	20.243	20.417	415.42	415.34
10:59:16	20.481	20.149	19.964	21.013	20.245	20.417	415.42	415.34
11:00:16	20.482	20.15	19.988	21.02	20.243	20.416	415.42	415.34
11:01:17	0.0	20.15	19.989	21.022	20.244	20.417	415.42	415.34
11:02:17	20.48	20.151	20.0	21.026	20.242	20.416	415.42	415.34
11:03:17	20.481	20.15	19.99	21.023	20.243	20.415	415.42	415.34
11:04:24	20.481	20.15	19.994	21.025	20.241	20.414	415.42	415.34
11:05:23	20.48	20.149	20.004	21.027	20.241	20.414	415.42	415.34
11:06:25	20.481	20.148	19.993	21.028	20.24	20.415	415.42	415.34
11:07:23	20.481	20.147	20.008	21.035	20.242	20.415	415.42	415.34
11:08:23	20.48	20.146	20.02	21.042	20.241	20.415	415.42	415.34
11:09:31	20.482	20.145	20.026	21.045	20.242	20.416	415.42	415.34
11:10:31	20.481	20.146	20.036	21.048	20.242	20.415	415.42	415.34
11:11:31	20.481	20.146	20.037	21.052	20.242	20.414	415.42	415.34
11:12:31	20.481	20.146	20.046	21.054	20.243	20.415	415.42	415.34
11:13:31	20.481	20.149	20.055	21.065	20.241	20.415	415.42	415.34
11:14:57	0.0	20.149	20.052	21.068	20.242	20.416	415.42	415.34
11:15:57	20.482	20.149	20.052	21.068	20.243	20.416	415.42	415.34
11:16:57	20.482	20.149	20.074	21.071	20.244	20.416	415.42	415.34
11:17:57	20.482	20.15	20.083	21.074	20.244	20.416	415.42	415.34
11:18:57	20.482	20.151	20.011	20.889	20.243	20.415	415.42	415.34
11:19:57	20.482	20.152	19.9	20.636	20.246	20.416	415.42	415.34
11:21:03	20.483	20.152	19.94	20.669	20.243	20.415	415.42	415.34
11:22:03	20.482	20.153	19.986	20.82	20.245	20.417	415.42	415.34
11:23:03	20.481	20.154	19.998	20.928	20.244	20.417	415.42	415.34
11:24:03	20.483	20.153	19.997	20.987	20.246	20.417	415.42	415.34
11:25:03	20.482	20.153	20.025	21.022	20.245	20.417	415.42	415.34
11:26:10	0.0	20.154	20.035	21.039	20.246	20.417	415.42	415.34
11:27:10	20.483	20.155	20.017	21.046	20.245	20.418	415.42	415.34
11:28:10	20.483	20.155	20.032	21.051	20.245	20.417	415.42	415.34
11:29:10	20.483	20.157	20.045	21.062	20.248	20.42	415.42	415.34
11:30:10	20.483	20.157	20.05	21.044	20.247	20.419	415.42	415.34
11:31:10	20.484	20.157	19.944	20.704	20.247	20.418	415.42	415.34
11:32:15	20.484	20.158	19.856	20.591	20.248	20.42	415.42	415.34
11:33:15	0.0	20.157	19.892	20.668	20.247	20.418	415.42	415.34
11:34:16	20.483	20.158	19.927	20.791	20.247	20.418	415.42	415.34
11:35:15	0.0	20.159	19.927	20.891	20.247	20.419	415.42	415.34
11:36:15	20.483	20.156	19.959	20.944	20.247	20.417	415.42	415.34
11:37:23	20.482	20.155	19.95	20.976	20.246	20.418	415.42	415.34
11:38:23	20.483	20.155	19.981	20.991	20.246	20.416	415.42	415.34
11:39:23	20.483	20.155	19.98	21.002	20.245	20.417	415.42	415.34
11:40:23	20.484	20.154	19.983	21.014	20.246	20.417	415.42	415.34
11:41:23	20.483	20.154	19.993	21.025	20.246	20.417	415.42	415.34
11:42:23	20.484	20.156	19.981	21.027	20.246	20.417	415.42	415.34
11:43:29	20.483	20.156	19.986	21.033	20.246	20.417	415.42	415.34
11:44:28	20.484	20.156	19.993	21.036	20.246	20.416	415.42	415.34
11:45:29	20.484	20.155	20.008	21.045	20.247	20.417	415.42	415.34
11:46:28	20.484	20.155	20.014	21.053	20.247	20.418	415.42	415.34
11:47:28	20.484	20.154	20.005	21.051	20.246	20.416	415.42	415.34
11:48:39	20.484	20.154	20.003	21.053	20.246	20.417	415.42	415.34
11:49:39	20.483	20.154	20.008	21.056	20.244	20.417	415.42	415.34
11:50:40	20.483	20.153	20.019	21.056	20.246	20.416	415.42	415.34
11:51:39	20.485	20.151	20.032	21.06	20.246	20.417	415.42	415.34
11:52:39	20.483	20.152	20.042	21.069	20.246	20.416	415.42	415.34
11:53:39	20.485	20.152	20.052	21.075	20.247	20.416	415.42	415.34
11:54:43	20.484	20.151	20.075	21.077	20.248	20.417	415.42	415.34
11:55:43	20.483	20.152	20.084	21.08	20.247	20.417	415.42	415.34
11:56:43	20.483	20.152	20.116	21.082	20.246	20.416	415.42	415.34
11:57:43	20.484	20.153	20.137	21.094	20.248	20.417	415.42	415.34
11:58:44	20.485	20.154	20.154	21.075	20.248	20.417	415.42	415.34
11:59:49	20.485	20.154	20.023	20.733	20.248	20.418	415.42	415.34
12:00:49	20.484	20.153	19.966	20.608	20.247	20.417	415.42	415.34
12:01:49	20.484	20.154	20.001	20.761	20.247	20.418	415.42	415.34
12:02:49	20.485	20.154	20.034	20.901	20.248	20.417	415.42	415.34
12:03:49	20.484	20.155	20.054	20.968	20.246	20.417	415.42	415.34
12:04:49	20.484	20.157	20.055	21.008	20.248	20.418	415.42	415.34
12:05:53	20.486	20.156	20.081	21.028	20.249	20.417	415.42	415.34
12:06:53	20.485	20.157	20.084	21.044	20.249	20.418	415.42	415.34
12:07:53	20.485	20.159	20.078	20.986	20.248	20.417	415.42	415.34
12:08:53	20.485	20.159	19.99	20.698	20.25	20.418	415.42	415.34
12:09:53	20.485	20.159	19.941	20.666	20.248	20.418	415.42	415.34
12:10:58	20.485	20.159	19.981	20.744	20.247	20.417	415.42	415.34
12:11:58	20.485	20.158	20.007	20.844	20.247	20.416	415.42	415.34
12:12:58	20.485	20.158	20.019	20.925	20.247	20.415	415.42	415.34
12:13:58	20.484	20.156	20.037	20.976	20.248	20.416	415.42	415.34
12:14:58	20.486	20.157	20.043	21.008	20.249	20.417	415.42	415.34
12:15:58	20.485	20.158	20.067	21.029	20.249	20.418	415.42	415.34
12:17:03	20.485	20.158	20.076	21.041	20.249	20.417	415.42	415.34
12:18:04	20.486	20.158	20.076	21.047	20.249	20.418	415.42	415.34
12:19:03	20.486	20.158	20.016	20.794	20.249	20.417	415.42	415.34
12:20:03	20.485	20.158	19.95	20.599	20.248	20.417	415.42	415.34
12:21:03	20.486	20.159	19.94	20.683	20.247	20.416	415.42	415.34
12:22:07	20.485	20.158	19.988	20.83	20.247	20.416	415.42	415.34
12:23:07	20.486	20.158	20.017	20.917	20.247	20.417	415.42	415.34
12:24:07	20.486	20.157	20.023	20.967	20.246	20.415	415.42	415.34
12:25:07	20.486	20.156	20.003	20.992	20.248	20.417	415.42	415.34
12:26:07	20.485	20.156	20.016	21.004	20.248	20.416	415.42	415.34
12:27:07	20.486	20.155	20.013	21.012	20.248	20.417	415.42	415.34
12:28:12	20.485	20.156	20.013	21.02	20.248	20.416	415.42	415.34
12:29:12	20.486	20.156	20.022	21.025	20.247	20.417	415.42	415.34
12:30:12	20.486	20.156	20.03	21.026	20.248	20.417	415.42	415.34
12:31:12	20.486	20.156	20.014	21.032	20.248	20.417	415.42	415.34
12:32:12	20.485	20.156	20.02	21.029	20.248	20.416	415.42	415.34
12:33:18	20.487	20.157	20.03	21.033	20.249	20.417	415.42	415.34
12:34:18	20.485	20.158	20.045	21.036	20.249	20.417	415.42	415.34
12:35:18	20.486	20.159	20.027	21.038	20.251	20.417	415.42	415.34
12:36:18	20.486	20.161	20.015	21.038	20.251	20.418	415.42	415.34
12:37:18	20.486	20.161	20.034	21.041	20.25	20.417	415.42	415.34
12:38:19	20.486	20.162	20.035	21.041	20.25	20.417	415.42	415.34
12:39:23	20.486	20.161	20.018	21.039	20.249	20.418	415.42	415.34
12:40:23	20.487	20.162	20.02	21.036	20.251	20.418	415.42	415.34
12:41:23	20.488	20.162	20.021	21.035	20.251	20.417	415.42	415.34
12:42:23	20.488	20.163	20.007	21.039	20.25	20.417	415.42	415.34
12:43:23	20.487	20.163	20.022	21.037	20.251	20.417	415.42	415.34
12:44:28	20.487	20.164	20.021	21.043	20.251	20.417	415.42	415.34
12:45:28	20.488	20.164	20.015	21.04	20.252	20.418	415.42	415.34
12:46:29	20.487	20.164	20.018	21.042	20.251	20.419	415.42	415.34
12:47:28	20.488	20.164	20.001	21.039	20.25	20.416	415.42	415.34
12:48:28	20.487	20.164	20.008	21.037	20.249	20.417	415.42	415.34
12:49:28	20.487	20.164	19.992	21.036	20.251	20.418	415.42	415.34
12:50:33	20.488	20.164	20.016	21.032	20.25	20.417	415.42	415.34
12:51:33	20.488	20.165	20.012	21.031	20.252	20.417	415.42	415.34
12:52:33	20.488	20.165	20.008	21.026	20.253	20.418	415.42	415.34
12:53:33	20.488	20.166	19.993	21.025	20.253	20.418	415.42	415.34
12:54:33	20.488	20.165	19.987	21.022	20.251	20.419	415.42	415.34
12:55:37	20.488	20.167	19.997	21.02	20.254	20.418	415.42	415.34
12:56:37	20.487	20.168	19.994	21.02	20.253	20.417	415.42	415.34
12:57:37	20.489	20.167	19.98	21.019	20.254	20.418	415.42	415.34
12:58:37	20.488	20.168	19.983	21.019	20.252	20.418	415.42	415.34
12:59:37	20.488	20.169	19.982	21.016	20.252	20.418	415.42	415.34
13:00:37	20.489	20.169	19.98	21.012	20.252	20.419	415.42	415.34
13:01:42	20.488	20.169	19.986	21.012	20.253	20.417	415.42	415.34
13:02:42	20.489	20.169	19.976	21.011	20.252	20.419	415.42	415.34
13:03:42	20.491	20.168	19.981	21.013	20.253	20.419	415.42	415.34
13:04:43	20.488	20.168	19.976	21.015	20.253	20.418	415.42	415.34
13:05:43	20.488	20.168	19.997	21.014	20.253	20.417	415.42	415.34
13:06:48	20.488	20.169	19.974	21.015	20.251	20.417	415.42	415.34
13:07:48	20.489	20.168	19.97	21.01	20.254	20.418	415.42	415.34
13:08:48	20.489	20.169	19.985	21.015	20.252	20.418	415.42	415.34
13:09:48	20.489	20.167	19.994	21.017	20.253	20.418	415.42	415.34
13:10:48	20.489	20.168	19.99	21.014	20.252	20.419	415.42	415.34
13:11:48	20.489	20.168	19.979	21.02	20.254	20.418	415.42	415.34
13:12:52	20.489	20.168	19.975	21.016	20.255	20.418	415.42	415.34
13:13:52	20.49	20.168	19.997	21.016	20.254	20.418	415.42	415.34
13:14:52	20.489	20.17	19.988	21.02	20.256	20.419	415.42	415.34
13:15:53	20.49	20.169	19.989	21.018	20.256	20.42	415.42	415.34
13:16:52	20.491	20.17	19.996	21.021	20.256	20.421	415.42	415.34
13:18:09	20.49	20.172	20.006	21.021	20.257	20.421	415.42	415.34
13:19:09	20.49	20.172	20.012	21.024	20.255	20.42	415.42	415.34
13:20:09	20.49	20.173	20.012	21.031	20.256	20.42	415.42	415.34
13:21:09	20.491	20.173	20.009	21.035	20.253	20.421	415.42	415.34
13:22:09	20.491	20.174	20.019	21.033	20.253	20.421	415.42	415.34
13:23:35	0.0	20.175	19.989	21.031	20.252	20.42	415.42	415.34
13:24:35	20.491	20.175	20.003	21.032	20.253	20.419	415.42	415.34
13:25:35	20.49	20.174	19.998	21.029	20.253	20.42	415.42	415.34
13:26:35	20.491	20.174	19.977	21.031	20.254	20.419	415.42	415.34
13:27:35	20.491	20.173	19.995	21.028	20.254	20.419	415.42	415.34
13:28:35	20.492	20.171	20.014	21.033	20.254	20.418	415.42	415.34
13:29:39	20.491	20.171	19.999	21.032	20.253	20.418	415.42	415.34
13:30:39	20.49	20.17	19.998	21.03	20.255	20.419	415.42	415.34
13:31:39	20.489	20.17	20.015	21.03	20.255	20.419	415.42	415.34
13:32:39	20.491	20.168	19.995	21.023	20.255	20.418	415.42	415.34
13:33:39	20.49	20.169	19.997	21.025	20.255	20.419	415.42	415.34
13:34:44	20.49	20.168	19.994	21.024	20.253	20.418	415.42	415.34
13:35:44	20.491	20.169	20.0	21.032	20.254	20.417	415.42	415.34
13:36:44	20.49	20.169	19.989	21.033	20.255	20.417	415.42	415.34
13:37:44	20.49	20.167	20.003	21.032	20.253	20.417	415.42	415.34
13:38:44	20.492	20.166	20.022	21.037	20.255	20.417	415.42	415.34
13:39:44	20.491	20.167	20.03	21.039	20.254	20.417	415.42	415.34
13:40:49	20.49	20.166	20.041	21.037	20.255	20.418	415.42	415.34
13:41:49	20.491	20.166	20.055	21.039	20.255	20.418	415.42	415.34
13:42:49	20.49	20.165	20.055	21.042	20.254	20.417	415.42	415.34
13:43:49	20.49	20.166	20.058	21.045	20.254	20.419	415.42	415.34
13:44:49	20.491	20.168	20.071	21.048	20.254	20.418	415.42	415.34
13:45:54	20.491	20.167	20.045	21.054	20.255	20.419	415.42	415.34
13:46:54	20.491	20.168	20.072	21.054	20.255	20.417	415.42	415.34
13:47:54	20.492	20.169	20.073	21.056	20.256	20.418	415.42	415.34
13:48:54	20.491	20.168	20.069	21.055	20.256	20.419	415.42	415.34
13:49:54	20.492	20.169	20.08	21.056	20.256	20.419	415.42	415.34
13:50:54	20.49	20.169	20.065	21.058	20.257	20.419	415.42	415.34
13:52:01	20.492	20.17	20.077	21.059	20.257	20.418	415.42	415.34
13:53:00	20.491	20.17	20.085	21.059	20.257	20.418	415.42	415.34
13:54:00	20.492	20.171	20.095	21.064	20.256	20.419	415.42	415.34
13:55:00	20.491	20.17	20.094	21.065	20.256	20.419	415.42	415.34
13:56:00	20.491	20.171	20.088	21.066	20.256	20.418	415.42	415.34
13:57:08	0.0	20.17	20.095	21.058	20.256	20.418	415.42	415.34
13:58:08	20.491	20.17	20.015	20.724	20.255	20.418	415.42	415.34
13:59:08	20.491	20.17	19.935	20.555	20.257	20.418	415.42	415.34
14:00:08	20.49	20.17	19.974	20.639	20.255	20.419	415.42	415.34
14:01:08	20.492	20.169	19.996	20.788	20.257	20.418	415.42	415.34
14:02:08	20.491	20.169	20.026	20.899	20.257	20.418	415.42	415.34
14:03:12	20.491	20.169	20.042	20.965	20.257	20.419	415.42	415.34
14:04:12	20.491	20.169	20.043	20.995	20.257	20.417	415.42	415.34
14:05:12	20.491	20.169	20.033	21.017	20.257	20.417	415.42	415.34
14:06:12	20.492	20.169	20.031	21.023	20.256	20.417	415.42	415.34
14:07:12	20.492	20.169	20.052	21.03	20.255	20.419	415.42	415.34
14:08:17	20.492	20.169	20.05	21.039	20.256	20.419	415.42	415.34
14:09:17	20.492	20.17	20.057	21.036	20.257	20.419	415.42	415.34
14:10:17	20.492	20.17	20.06	21.033	20.258	20.418	415.42	415.34
14:11:17	20.492	20.171	20.051	21.036	20.258	20.418	415.42	415.34
14:12:17	20.492	20.171	20.055	21.036	20.258	20.418	415.42	415.34
14:13:17	20.491	20.17	20.049	21.041	20.257	20.419	415.42	415.34
14:14:22	20.492	20.17	20.05	21.044	20.255	20.417	415.42	415.34
14:15:22	20.492	20.17	20.046	21.041	20.257	20.417	415.42	415.34
14:16:22	20.493	20.17	20.042	21.041	20.257	20.418	415.42	415.34
14:17:22	20.492	20.17	20.062	21.044	20.257	20.417	415.42	415.34
14:18:22	20.492	20.169	20.059	21.048	20.257	20.418	415.42	415.34
14:19:27	0.0	20.169	20.062	21.044	20.257	20.417	415.42	415.34
14:20:27	20.492	20.168	20.06	21.046	20.257	20.417	415.42	415.34
14:21:27	20.492	20.168	20.053	21.049	20.257	20.417	415.42	415.34
14:22:27	20.492	20.17	20.055	21.048	20.259	20.418	415.42	415.34
14:23:27	20.492	20.169	20.073	21.053	20.259	20.418	415.42	415.34
14:24:27	20.493	20.17	20.073	21.052	20.257	20.419	415.42	415.34
14:25:31	20.492	20.17	20.07	21.055	20.258	20.418	415.42	415.34
14:26:31	20.492	20.17	20.08	21.057	20.258	20.418	415.42	415.34
14:27:32	20.492	20.171	20.051	21.057	20.258	20.417	415.42	415.34
14:28:31	20.492	20.171	20.078	21.055	20.257	20.418	415.42	415.34
14:29:31	20.493	20.171	20.088	21.055	20.258	20.418	415.42	415.34
14:30:38	20.492	20.17	20.077	20.85	20.257	20.418	415.42	415.34
14:31:38	20.492	20.17	19.951	20.597	20.259	20.418	415.42	415.34
14:32:38	20.493	20.17	19.939	20.58	20.257	20.418	415.42	415.34
14:33:38	20.493	20.169	19.969	20.69	20.257	20.417	415.42	415.34
14:34:38	20.493	20.17	19.988	20.825	20.258	20.418	415.42	415.34
14:35:38	20.492	20.17	19.996	20.914	20.256	20.419	415.42	415.34
14:36:43	20.493	20.169	20.018	20.96	20.257	20.419	415.42	415.34
14:37:43	20.494	20.17	20.015	20.987	20.257	20.419	415.42	415.34
14:38:44	20.493	20.17	20.024	21.0	20.258	20.418	415.42	415.34
14:39:43	20.493	20.17	20.027	21.008	20.258	20.419	415.42	415.34
14:40:43	20.493	20.171	20.024	21.015	20.259	20.419	415.42	415.34
14:41:48	20.493	20.17	20.021	21.019	20.26	20.419	415.42	415.34
14:42:48	20.494	20.171	20.017	21.019	20.26	20.418	415.42	415.34
14:43:48	20.493	20.172	20.029	21.016	20.261	20.419	415.42	415.34
14:44:48	20.492	20.171	20.029	21.013	20.26	20.42	415.42	415.34
14:45:48	20.493	20.172	20.046	21.008	20.261	20.42	415.42	415.34
14:46:48	20.493	20.172	20.03	21.006	20.26	20.419	415.42	415.34
14:47:54	20.494	20.172	20.052	20.998	20.26	20.419	415.42	415.34
14:48:54	20.493	20.173	20.046	20.998	20.259	20.419	415.42	415.34
14:49:54	20.494	20.172	20.037	20.998	20.259	20.419	415.42	415.34
14:50:54	20.493	20.173	20.0	21.002	20.26	20.42	415.42	415.34
14:51:54	20.494	20.174	19.996	21.0	20.26	20.419	415.42	415.34
14:52:59	20.494	20.174	19.995	21.0	20.26	20.419	415.42	415.34
14:53:59	20.494	20.173	20.005	20.997	20.26	20.419	415.42	415.34
14:54:59	20.493	20.173	19.993	20.997	20.259	20.42	415.42	415.34
14:55:59	20.495	20.173	20.024	21.0	20.259	20.418	415.42	415.34
14:56:59	20.494	20.173	20.024	20.995	20.258	20.418	415.42	415.34
14:57:59	20.494	20.173	20.023	20.995	20.256	20.418	415.42	415.34
14:59:04	20.493	20.173	20.037	20.994	20.259	20.419	415.42	415.34
15:00:04	20.494	20.171	20.011	20.992	20.259	20.418	415.42	415.34
15:01:04	20.494	20.171	19.994	20.992	20.259	20.417	415.42	415.34
15:02:04	20.495	20.171	20.014	20.994	20.26	20.419	415.42	415.34
15:03:04	20.494	20.171	20.008	20.992	20.259	20.419	415.42	415.34
15:04:08	20.494	20.171	20.017	20.996	20.259	20.418	415.42	415.34
15:05:08	20.494	20.171	20.014	21.0	20.26	20.418	415.42	415.34
15:06:09	20.494	20.171	19.992	20.998	20.26	20.418	415.42	415.34
15:07:08	20.494	20.171	20.003	20.998	20.26	20.419	415.42	415.34
15:08:08	20.494	20.172	20.014	20.997	20.26	20.419	415.42	415.34
15:09:08	20.494	20.171	20.035	20.997	20.259	20.418	415.42	415.34
15:10:13	20.495	20.171	20.004	20.995	20.259	20.418	415.42	415.34
15:11:13	20.494	20.172	20.004	20.994	20.26	20.419	415.42	415.34
15:12:13	20.495	20.172	20.005	20.997	20.261	20.419	415.42	415.34
15:13:13	20.494	20.172	20.021	20.997	20.261	20.419	415.42	415.34
15:14:13	20.493	20.171	20.024	20.997	20.261	20.419	415.42	415.34
15:15:18	20.493	20.172	20.006	20.996	20.26	20.42	415.42	415.34
15:16:18	20.495	20.172	20.01	20.995	20.261	20.419	415.42	415.34
15:17:18	20.495	20.172	20.002	20.989	20.26	20.419	415.42	415.34
15:18:17	20.494	20.171	19.984	20.988	20.259	20.419	415.42	415.34
15:19:18	20.495	20.17	19.999	20.984	20.259	20.417	415.42	415.34
15:20:18	20.494	20.171	20.013	20.985	20.26	20.418	415.42	415.34
15:21:22	20.494	20.171	19.991	20.983	20.26	20.418	415.42	415.34
15:22:22	20.494	20.17	19.982	20.987	20.259	20.419	415.42	415.34
15:23:22	20.494	20.169	19.998	20.994	20.258	20.418	415.42	415.34
15:24:22	20.494	20.168	20.02	20.993	20.258	20.418	415.42	415.34
15:25:22	20.494	20.167	20.045	21.003	20.259	20.418	415.42	415.34
15:26:27	20.494	20.167	20.01	21.016	20.259	20.417	415.42	415.34
15:27:27	20.494	20.166	20.034	21.015	20.258	20.417	415.42	415.34
15:28:28	20.494	20.166	20.046	21.02	20.257	20.415	415.42	415.34
15:29:27	0.0	20.166	20.048	21.023	20.257	20.417	415.42	415.34
15:30:27	20.494	20.166	20.045	21.029	20.258	20.417	415.42	415.34
15:31:27	20.493	20.165	20.036	21.031	20.257	20.417	415.42	415.34
15:32:32	20.494	20.165	20.042	21.023	20.257	20.417	415.42	415.34
15:33:32	20.494	20.165	20.028	21.023	20.258	20.417	415.42	415.34
15:34:32	20.493	20.164	20.029	21.017	20.258	20.417	415.42	415.34
15:35:32	20.493	20.165	20.032	21.015	20.258	20.417	415.42	415.34
15:36:32	20.493	20.164	20.028	21.014	20.259	20.417	415.42	415.34
15:37:36	20.493	20.165	20.029	21.013	20.258	20.418	415.42	415.34
15:38:36	20.494	20.165	20.042	21.017	20.26	20.418	415.42	415.34
15:39:36	20.494	20.165	20.036	21.02	20.259	20.418	415.42	415.34
15:40:36	20.493	20.165	20.024	21.022	20.26	20.418	415.42	415.34
15:41:36	20.495	20.165	20.019	21.02	20.26	20.417	415.42	415.34
15:42:38	20.494	20.166	20.013	21.018	20.259	20.418	415.42	415.34
15:43:43	20.493	20.165	20.007	21.009	20.258	20.417	415.42	415.34
15:44:43	20.493	20.164	20.008	21.005	20.258	20.418	415.42	415.34
15:45:43	20.493	20.165	20.025	21.004	20.259	20.418	415.42	415.34
15:46:43	20.494	20.165	20.023	21.006	20.259	20.418	415.42	415.34
15:47:43	20.493	20.166	20.013	21.008	20.259	20.418	415.42	415.34
15:48:48	20.493	20.165	20.007	21.008	20.258	20.417	415.42	415.34
15:49:48	20.493	20.165	19.998	21.001	20.258	20.417	415.42	415.34
15:50:48	20.493	20.164	19.988	21.005	20.257	20.417	415.42	415.34
15:51:48	20.492	20.164	20.011	21.008	20.26	20.418	415.42	415.34
15:52:48	20.493	20.166	20.017	21.008	20.258	20.418	415.42	415.34
15:53:48	20.493	20.164	20.013	21.013	20.259	20.418	415.42	415.34
15:54:52	20.492	20.164	20.027	21.008	20.258	20.418	415.42	415.34
15:55:52	20.491	20.164	20.028	21.02	20.259	20.418	415.42	415.34
15:56:52	20.493	20.164	20.013	21.023	20.26	20.418	415.42	415.34
15:57:52	20.493	20.163	20.014	21.019	20.259	20.418	415.42	415.34
15:58:52	20.493	20.163	20.012	21.02	20.259	20.418	415.42	415.34
15:59:52	20.492	20.163	19.981	21.013	20.259	20.417	415.42	415.34
16:00:57	20.493	20.163	19.976	21.008	20.26	20.419	415.42	415.34
16:01:57	20.493	20.163	19.994	21.004	20.26	20.418	415.42	415.34
16:02:57	20.492	20.164	19.982	21.015	20.26	20.418	415.42	415.34
16:03:57	20.493	20.165	20.007	21.013	20.26	20.418	415.42	415.34
16:04:57	20.492	20.164	20.006	21.014	20.259	20.418	415.42	415.34
16:06:02	20.492	20.163	19.998	21.015	20.26	20.418	415.42	415.34
16:07:02	20.493	20.164	19.998	21.014	20.261	20.418	415.42	415.34
16:08:02	20.492	20.163	20.026	21.013	20.26	20.418	415.42	415.34
16:09:02	20.492	20.163	20.022	21.021	20.26	20.419	415.42	415.34
16:10:02	20.493	20.163	20.026	21.024	20.258	20.418	415.42	415.34
16:11:02	20.492	20.164	20.034	21.026	20.26	20.418	415.42	415.34
16:12:07	20.492	20.164	20.042	21.028	20.262	20.418	415.42	415.34
16:13:07	0.0	20.164	20.021	21.035	20.261	20.419	415.42	415.34
16:14:07	20.492	20.164	20.035	21.038	20.262	20.419	415.42	415.34
16:15:07	20.494	20.164	20.06	21.041	20.26	20.418	415.42	415.34
16:16:07	20.492	20.164	20.069	21.042	20.26	20.419	415.42	415.34
16:17:14	0.0	20.164	20.077	21.041	20.259	20.418	415.42	415.34
16:18:14	20.494	20.163	20.084	21.048	20.26	20.42	415.42	415.34
16:19:14	20.493	20.163	20.093	21.052	20.26	20.417	415.42	415.34
16:20:14	20.491	20.162	20.102	21.057	20.259	20.418	415.42	415.34
16:21:14	20.492	20.163	20.096	21.058	20.259	20.417	415.42	415.34
16:22:14	20.492	20.162	20.1	21.058	20.259	20.418	415.42	415.34
16:23:18	20.492	20.162	20.113	21.06	20.26	20.419	415.42	415.34
16:24:19	20.492	20.163	20.13	21.062	20.261	20.418	415.42	415.34
16:25:18	20.492	20.162	20.137	21.068	20.262	20.419	415.42	415.34
16:26:18	20.491	20.162	20.145	21.073	20.26	20.419	415.42	415.34
16:27:18	20.492	20.162	20.152	21.073	20.259	20.418	415.42	415.34
16:28:23	20.492	20.162	20.165	21.073	20.26	20.418	415.42	415.34
16:29:23	20.492	20.162	20.17	21.081	20.26	20.418	415.42	415.34
16:30:23	20.494	20.162	20.173	21.085	20.259	20.418	415.42	415.34
16:31:23	20.492	20.162	20.171	21.088	20.258	20.418	415.42	415.34
16:32:23	20.491	20.163	20.181	21.089	20.261	20.418	415.42	415.34
16:33:23	20.491	20.162	20.109	20.719	20.26	20.421	415.42	415.34
16:34:28	20.492	20.162	20.0	20.522	20.261	20.419	415.42	415.34
16:35:28	20.492	20.161	20.013	20.548	20.262	20.419	415.42	415.34
16:36:28	20.493	20.162	20.055	20.653	20.261	20.418	415.42	415.34
16:37:28	20.492	20.163	20.098	20.792	20.263	20.419	415.42	415.34
16:38:28	20.492	20.163	20.13	20.908	20.262	20.419	415.42	415.34
16:39:32	20.492	20.162	20.155	20.987	20.261	20.418	415.42	415.34
16:40:32	20.491	20.161	20.174	21.019	20.261	20.419	415.42	415.34
16:41:32	20.492	20.162	20.191	21.045	20.261	20.419	415.42	415.34
16:42:33	20.492	20.162	20.173	20.914	20.262	20.419	415.42	415.34
16:43:33	20.492	20.159	20.058	20.562	20.261	20.418	415.42	415.34
16:44:33	20.491	20.159	20.04	20.544	20.261	20.417	415.42	415.34
16:45:37	20.491	20.16	20.088	20.721	20.259	20.417	415.42	415.34
16:46:37	20.491	20.159	20.134	20.874	20.26	20.416	415.42	415.34
16:47:37	20.492	20.158	20.163	20.956	20.261	20.418	415.42	415.34
16:48:37	20.491	20.159	20.187	21.005	20.26	20.418	415.42	415.34
16:49:37	20.492	20.16	20.196	21.039	20.26	20.418	415.42	415.34
16:50:43	20.492	20.16	20.213	20.998	20.261	20.418	415.42	415.34
16:51:43	20.491	20.16	20.098	20.661	20.261	20.419	415.42	415.34
16:52:43	20.492	20.159	19.99	20.468	20.26	20.417	415.42	415.34
16:53:43	20.49	20.158	20.024	20.59	20.259	20.417	415.42	415.34
16:54:43	20.492	20.159	20.092	20.789	20.261	20.417	415.42	415.34
16:55:43	20.492	20.16	20.143	20.912	20.261	20.419	415.42	415.34
16:56:48	0.0	20.159	20.167	20.984	20.259	20.418	415.42	415.34
16:57:49	20.491	20.161	20.186	21.019	20.261	20.419	415.42	415.34
16:58:48	20.492	20.161	20.199	21.044	20.26	20.419	415.42	415.34
16:59:48	20.492	20.161	20.202	20.945	20.261	20.42	415.42	415.34
17:00:48	20.491	20.16	20.082	20.629	20.26	20.418	415.42	415.34
17:01:53	20.492	20.161	20.014	20.523	20.258	20.417	415.42	415.34
17:02:53	20.492	20.162	20.056	20.597	20.262	20.417	415.42	415.34
17:03:53	20.492	20.161	20.092	20.734	20.261	20.417	415.42	415.34
17:04:53	20.491	20.16	20.128	20.862	20.261	20.417	415.42	415.34
17:05:53	20.49	20.16	20.163	20.949	20.259	20.418	415.42	415.34
17:06:53	20.492	20.16	20.184	21.0	20.26	20.416	415.42	415.34
17:07:58	20.492	20.16	20.201	21.037	20.261	20.418	415.42	415.34
17:08:58	20.491	20.159	20.19	20.902	20.26	20.416	415.42	415.34
17:09:58	20.491	20.159	20.056	20.611	20.259	20.416	415.42	415.34
17:10:58	20.49	20.158	19.977	20.442	20.259	20.416	415.42	415.34
17:11:58	20.492	20.157	20.02	20.551	20.259	20.417	415.42	415.34
17:13:02	20.49	20.157	20.092	20.763	20.258	20.417	415.42	415.34
17:14:03	20.491	20.157	20.131	20.889	20.259	20.417	415.42	415.34
17:15:02	20.491	20.157	20.159	20.966	20.259	20.417	415.42	415.34
17:16:03	20.491	20.156	20.181	21.01	20.258	20.418	415.42	415.34
17:17:03	20.491	20.156	20.195	21.036	20.258	20.417	415.42	415.34
17:18:03	20.49	20.157	20.177	20.826	20.259	20.417	415.42	415.34
17:19:07	20.492	20.158	20.043	20.552	20.26	20.418	415.42	415.34
17:20:07	20.492	20.159	20.001	20.503	20.259	20.417	415.42	415.34
17:21:07	20.491	20.157	20.053	20.62	20.258	20.417	415.42	415.34
17:22:07	20.491	20.157	20.095	20.762	20.26	20.418	415.42	415.34
17:23:07	20.492	20.158	20.134	20.877	20.259	20.417	415.42	415.34
17:24:12	20.491	20.157	20.162	20.954	20.26	20.418	415.42	415.34
17:25:12	20.492	20.157	20.181	21.0	20.258	20.417	415.42	415.34
17:26:12	20.491	20.157	20.198	21.028	20.258	20.416	415.42	415.34
17:27:12	20.491	20.156	20.157	20.826	20.257	20.416	415.42	415.34
17:28:12	20.492	20.155	20.023	20.498	20.258	20.416	415.42	415.34
17:29:12	20.491	20.156	19.984	20.5	20.258	20.416	415.42	415.34
17:30:17	20.491	20.154	20.04	20.614	20.257	20.417	415.42	415.34
17:31:17	20.491	20.154	20.091	20.774	20.257	20.416	415.42	415.34
17:32:17	20.491	20.155	20.134	20.892	20.26	20.417	415.42	415.34
17:33:17	20.491	20.156	20.158	20.966	20.26	20.418	415.42	415.34
17:34:17	20.491	20.157	20.177	21.013	20.258	20.418	415.42	415.34
17:35:21	20.491	20.158	20.195	21.041	20.259	20.417	415.42	415.34
17:36:21	20.491	20.158	20.123	20.773	20.26	20.417	415.42	415.34
17:37:21	20.491	20.158	20.02	20.438	20.258	20.417	415.42	415.34
17:38:21	20.492	20.158	19.965	20.397	20.258	20.417	415.42	415.34
17:39:21	20.492	20.158	20.02	20.544	20.256	20.416	415.42	415.34
17:40:21	20.491	20.157	20.064	20.677	20.255	20.415	415.42	415.34
17:41:27	20.492	20.156	20.111	20.828	20.256	20.415	415.42	415.34
17:42:27	20.492	20.155	20.142	20.928	20.255	20.413	415.42	415.34
17:43:27	20.49	20.154	20.161	20.983	20.256	20.415	415.42	415.34
17:44:27	20.491	20.153	20.18	21.023	20.255	20.414	415.42	415.34
17:45:27	20.49	20.152	20.198	21.018	20.255	20.415	415.42	415.34
17:46:32	20.491	20.152	20.07	20.662	20.255	20.415	415.42	415.34
17:47:32	20.491	20.152	19.986	20.49	20.255	20.415	415.42	415.34
17:48:33	20.491	20.151	19.932	20.423	20.255	20.416	415.42	415.34
17:49:32	20.492	20.152	19.976	20.503	20.255	20.415	415.42	415.34
17:50:32	20.491	20.153	20.025	20.65	20.256	20.415	415.42	415.34
17:51:32	20.491	20.154	20.078	20.807	20.256	20.415	415.42	415.34
17:52:37	20.49	20.152	20.119	20.919	20.256	20.415	415.42	415.34
17:53:37	20.491	20.154	20.142	20.975	20.256	20.416	415.42	415.34
17:54:37	20.491	20.152	20.16	21.014	20.255	20.414	415.42	415.34
17:55:37	20.491	20.153	20.176	21.039	20.256	20.415	415.42	415.34
17:56:37	20.491	20.153	20.114	20.793	20.256	20.414	415.42	415.34
17:57:41	20.491	20.153	20.01	20.451	20.256	20.415	415.42	415.34
17:58:41	20.491	20.153	19.945	20.336	20.256	20.415	415.42	415.34
17:59:41	20.491	20.154	19.944	20.365	20.256	20.414	415.42	415.34
18:00:41	20.491	20.153	19.992	20.523	20.255	20.416	415.42	415.34
18:01:41	20.491	20.153	20.043	20.704	20.254	20.414	415.42	415.34
18:02:41	20.492	20.152	20.085	20.841	20.254	20.415	415.42	415.34
18:03:47	20.49	20.152	20.116	20.932	20.255	20.415	415.42	415.34
18:04:47	20.491	20.152	20.138	20.977	20.255	20.416	415.42	415.34
18:05:47	20.49	20.152	20.155	21.008	20.255	20.415	415.42	415.34
18:06:47	20.491	20.151	20.143	20.879	20.253	20.413	415.42	415.34
18:07:47	20.491	20.151	20.047	20.594	20.255	20.416	415.42	415.34
18:08:52	20.49	20.15	19.945	20.393	20.253	20.414	415.42	415.34
18:09:52	20.49	20.15	19.906	20.354	20.253	20.414	415.42	415.34
18:10:52	20.49	20.15	19.961	20.465	20.253	20.414	415.42	415.34
18:11:52	20.489	20.148	20.011	20.626	20.254	20.414	415.42	415.34
18:12:52	20.49	20.148	20.058	20.783	20.253	20.414	415.42	415.34
18:13:52	20.491	20.15	20.096	20.891	20.254	20.415	415.42	415.34
18:14:57	20.491	20.15	20.125	20.964	20.254	20.414	415.42	415.34
18:15:57	20.49	20.15	20.148	21.001	20.254	20.415	415.42	415.34
18:16:57	20.49	20.15	20.162	21.016	20.254	20.415	415.42	415.34
18:17:57	20.49	20.15	20.064	20.651	20.254	20.414	415.42	415.34
18:18:57	20.491	20.151	19.963	20.465	20.253	20.414	415.42	415.34
18:20:01	20.489	20.15	19.887	20.385	20.253	20.414	415.42	415.34
18:21:01	20.49	20.15	19.938	20.47	20.253	20.414	415.42	415.34
18:22:02	20.49	20.151	19.995	20.618	20.254	20.415	415.42	415.34
18:23:01	20.49	20.151	20.046	20.792	20.253	20.414	415.42	415.34
18:24:02	20.491	20.151	20.084	20.896	20.253	20.415	415.42	415.34
18:25:01	20.49	20.151	20.114	20.954	20.253	20.413	415.42	415.34
18:26:06	20.49	20.152	20.137	20.991	20.255	20.415	415.42	415.34
18:27:06	20.49	20.151	20.156	21.02	20.254	20.415	415.42	415.34
18:28:06	20.49	20.153	20.102	20.794	20.253	20.415	415.42	415.34
18:29:06	20.49	20.15	19.988	20.488	20.254	20.415	415.42	415.34
18:30:06	20.49	20.15	19.926	20.391	20.254	20.414	415.42	415.34
18:31:11	20.489	20.15	19.932	20.445	20.253	20.414	415.42	415.34
18:32:11	20.49	20.15	19.986	20.568	20.253	20.414	415.42	415.34
18:33:11	20.489	20.149	20.028	20.703	20.253	20.414	415.42	415.34
18:34:11	20.49	20.149	20.069	20.84	20.253	20.414	415.42	415.34
18:35:12	20.49	20.151	20.104	20.927	20.254	20.416	415.42	415.34
18:36:11	20.49	20.149	20.125	20.975	20.253	20.415	415.42	415.34
18:37:16	20.49	20.15	20.147	21.013	20.253	20.414	415.42	415.34
18:38:16	20.489	20.149	20.145	20.902	20.254	20.414	415.42	415.34
18:39:16	20.489	20.15	20.022	20.578	20.253	20.415	415.42	415.34
18:40:16	20.489	20.149	19.935	20.409	20.252	20.414	415.42	415.34
18:41:16	20.489	20.149	19.891	20.315	20.252	20.415	415.42	415.34
18:42:21	20.489	20.149	19.935	20.444	20.252	20.414	415.42	415.34
18:43:21	20.489	20.149	20.005	20.675	20.251	20.414	415.42	415.34
18:44:21	20.489	20.148	20.058	20.826	20.251	20.414	415.42	415.34
18:45:21	20.489	20.148	20.093	20.918	20.251	20.414	415.42	415.34
18:46:21	20.49	20.149	20.114	20.965	20.251	20.413	415.42	415.34
18:47:21	20.489	20.147	20.132	20.995	20.251	20.413	415.42	415.34
18:48:25	20.489	20.147	20.149	21.0	20.25	20.413	415.42	415.34
18:49:25	20.489	20.147	20.062	20.765	20.251	20.414	415.42	415.34
18:50:25	20.488	20.147	19.99	20.611	20.25	20.414	415.42	415.34
18:51:25	20.489	20.147	19.932	20.469	20.251	20.414	415.42	415.34
18:52:25	20.489	20.148	19.972	20.551	20.252	20.414	415.42	415.34
18:53:30	20.489	20.147	20.03	20.678	20.25	20.413	415.42	415.34
18:54:30	20.49	20.147	20.061	20.795	20.249	20.413	415.42	415.34
18:55:30	20.488	20.146	20.092	20.876	20.249	20.414	415.42	415.34
18:56:30	20.489	20.146	20.113	20.928	20.249	20.413	415.42	415.34
18:57:30	20.488	20.145	20.132	20.974	20.249	20.413	415.42	415.34
18:58:30	20.49	20.144	20.148	20.997	20.249	20.411	415.42	415.34
18:59:38	20.489	20.144	20.092	20.799	20.25	20.412	415.42	415.34
19:00:38	20.489	20.144	20.017	20.582	20.248	20.413	415.42	415.34
19:01:38	20.488	20.142	19.956	20.399	20.247	20.413	415.42	415.34
19:02:38	20.489	20.142	19.958	20.47	20.247	20.411	415.42	415.34
19:03:38	20.488	20.141	20.016	20.589	20.248	20.411	415.42	415.34
19:04:43	20.488	20.143	20.055	20.728	20.248	20.412	415.42	415.34
19:05:42	20.489	20.141	20.087	20.833	20.246	20.412	415.42	415.34
19:06:44	20.489	20.14	20.11	20.906	20.246	20.411	415.42	415.34
19:07:42	0.0	20.142	20.132	20.956	20.247	20.412	415.42	415.34
19:08:44	20.488	20.142	20.153	20.991	20.248	20.412	415.42	415.34
19:09:42	20.488	20.141	20.145	20.897	20.246	20.412	415.42	415.34
19:10:47	20.488	20.141	20.002	20.541	20.246	20.412	415.42	415.34
19:11:47	20.488	20.14	19.943	20.41	20.245	20.411	415.42	415.34
19:12:47	20.487	20.14	19.924	20.373	20.248	20.411	415.42	415.34
19:13:47	20.488	20.14	19.975	20.487	20.245	20.411	415.42	415.34
19:14:47	20.488	20.14	20.014	20.627	20.245	20.411	415.42	415.34
19:15:52	20.487	20.14	20.056	20.777	20.245	20.41	415.42	415.34
19:16:52	20.488	20.14	20.094	20.879	20.247	20.413	415.42	415.34
19:17:52	20.488	20.142	20.12	20.946	20.247	20.414	415.42	415.34
19:18:52	20.487	20.142	20.14	20.984	20.247	20.412	415.42	415.34
19:19:52	20.487	20.142	20.151	21.006	20.245	20.409	415.42	415.34
19:20:52	20.487	20.141	20.067	20.664	20.245	20.411	415.42	415.34
19:21:56	20.487	20.142	19.989	20.538	20.244	20.412	415.42	415.34
19:22:57	20.487	20.139	20.036	20.638	20.244	20.411	415.42	415.34
19:23:56	20.487	20.139	20.084	20.786	20.247	20.412	415.42	415.34
19:24:56	20.488	20.142	20.121	20.9	20.249	20.413	415.42	415.34
19:25:56	20.487	20.142	20.148	20.966	20.248	20.412	415.42	415.34
19:27:01	20.488	20.14	20.165	21.008	20.244	20.409	415.42	415.34
19:28:01	20.486	20.14	20.174	21.036	20.245	20.41	415.42	0.0
19:29:01	20.487	20.139	20.145	20.856	20.247	20.412	415.42	415.34
19:30:01	20.488	20.14	20.015	20.613	20.246	20.413	415.42	415.34
19:31:01	20.487	20.14	19.962	20.525	20.245	20.411	415.42	415.34
19:32:01	20.487	20.14	20.025	20.671	20.245	20.411	415.42	415.34
19:33:07	20.487	20.139	20.093	20.847	20.246	20.412	415.42	415.34
19:34:07	20.486	20.14	20.132	20.934	20.244	20.411	415.42	415.34
19:35:07	20.487	20.139	20.153	20.983	20.246	20.413	415.42	415.34
19:36:07	20.486	20.139	20.167	21.017	20.246	20.411	415.42	415.34
19:37:07	20.486	20.138	20.182	21.039	20.245	20.411	415.42	415.34
19:38:07	20.486	20.137	20.11	20.692	20.244	20.413	415.42	415.34
19:39:11	20.486	20.138	19.99	20.468	20.245	20.412	415.42	415.34
19:40:11	20.486	20.137	19.99	20.468	20.244	20.411	415.42	415.34
19:41:11	20.487	20.137	20.047	20.599	20.244	20.41	415.42	415.34
19:42:11	20.484	20.137	20.087	20.757	20.245	20.411	415.42	415.34
19:43:11	20.485	20.135	20.125	20.871	20.24	20.408	415.42	415.34
19:44:16	20.485	20.134	20.151	20.948	20.24	20.41	415.42	415.34
19:45:16	20.484	20.133	20.165	20.994	20.239	20.408	415.42	415.34
19:46:16	20.485	20.131	20.187	21.029	20.242	20.408	415.42	415.34
19:47:16	20.485	20.133	20.096	20.719	20.241	20.407	415.42	415.34
19:48:16	20.484	20.13	19.992	20.473	20.242	20.41	415.42	415.34
19:49:42	20.485	20.131	20.002	20.489	0.0	20.41	415.42	415.34
19:50:42	20.484	20.133	20.053	20.659	20.241	20.41	415.42	415.34
19:51:42	20.485	20.132	20.101	20.823	20.24	20.409	415.42	415.34
19:52:42	20.484	20.133	20.135	20.919	20.241	20.409	415.42	415.34
19:53:42	20.485	20.131	20.157	20.979	20.24	20.408	415.42	415.34
19:54:42	20.485	20.132	20.177	21.02	20.242	20.408	415.42	415.34
19:55:46	20.484	20.132	20.169	20.938	20.242	20.408	415.42	415.34
19:56:46	20.485	20.132	20.045	20.638	20.242	20.409	415.42	415.34
19:57:46	20.484	20.133	19.908	20.36	20.243	20.41	415.42	415.34
19:58:46	20.485	20.132	19.833	20.255	20.242	20.409	415.42	415.34
19:59:46	20.484	20.133	19.88	20.336	20.241	20.409	415.42	415.34
20:00:51	20.485	20.134	19.975	20.58	20.242	20.412	415.42	415.34
20:01:52	20.484	20.136	20.042	20.77	20.241	20.41	415.42	415.34
20:02:51	20.485	20.137	20.087	20.883	20.241	20.411	415.42	415.34
20:03:51	20.484	20.136	20.114	20.948	20.243	20.411	415.42	415.34
20:04:51	20.483	20.136	20.132	20.988	20.243	20.412	415.42	415.34
20:05:51	20.484	20.137	20.153	21.017	20.239	20.409	415.42	415.34
20:06:56	20.484	20.135	20.121	20.854	20.24	20.409	415.42	415.34
20:07:56	20.484	20.135	19.995	20.638	20.242	20.41	415.42	415.34
20:08:56	20.483	20.135	19.93	20.342	20.242	20.41	415.42	415.34
20:09:56	20.483	20.136	19.921	20.404	20.243	20.41	415.42	415.34
20:10:56	20.484	20.137	19.982	20.516	20.244	20.41	415.42	415.34
20:12:00	20.485	20.138	20.028	20.661	20.244	20.41	415.42	415.34
20:13:00	20.485	20.138	20.059	20.765	20.243	20.41	415.42	415.34
20:14:00	20.484	20.137	20.092	20.861	20.242	20.41	415.42	415.34
20:15:00	20.484	20.136	20.118	20.933	20.241	20.411	415.42	415.34
20:16:00	20.483	20.135	20.132	20.978	20.239	20.408	415.42	415.34
20:17:00	20.484	20.135	20.15	20.979	20.24	20.41	415.42	415.34
20:18:05	20.483	20.135	20.013	20.553	20.241	20.41	415.42	415.34
20:19:05	20.483	20.134	19.909	20.341	0.0	20.409	415.42	415.34
20:20:05	20.484	20.134	19.852	20.242	20.24	20.408	415.42	415.34
20:21:05	20.483	20.134	19.899	20.373	20.239	20.409	415.42	415.34
20:22:05	20.483	20.131	19.961	20.528	20.239	20.408	415.42	415.34
20:23:10	20.483	20.131	20.004	20.67	20.239	20.408	415.42	415.34
20:24:10	20.483	20.129	20.045	20.789	20.238	20.407	415.42	415.34
20:25:10	20.483	20.129	20.076	20.878	20.237	20.407	415.42	415.34
20:26:10	20.482	20.128	20.103	20.943	20.238	20.406	415.42	415.34
20:27:10	20.482	20.127	20.12	20.986	20.238	20.407	415.42	415.34
20:28:10	20.481	20.128	20.069	20.738	20.241	20.407	415.42	415.34
20:29:17	0.0	20.129	19.946	20.435	20.24	20.408	415.42	415.34
20:30:17	20.483	20.129	19.878	20.263	20.238	20.407	415.42	415.34
20:31:18	20.482	20.131	19.895	20.343	20.24	20.407	415.42	415.34
20:32:17	20.482	20.132	19.945	20.498	20.239	20.408	415.42	415.34
20:33:17	20.482	20.132	19.992	20.644	20.241	20.41	415.42	415.34
20:34:24	20.483	20.134	20.038	20.78	20.24	20.411	415.42	415.34
20:35:24	20.482	20.135	20.067	20.872	20.236	20.411	415.42	415.34
20:36:24	20.483	20.134	20.093	20.938	20.237	20.408	415.42	415.34
20:37:24	20.483	20.134	20.111	20.977	20.238	20.408	415.42	415.34
20:38:24	20.482	20.131	20.127	21.007	20.236	20.408	415.42	415.34
20:39:24	20.482	20.13	20.142	21.016	20.235	20.408	415.42	415.34
20:40:28	20.482	20.131	20.025	20.68	20.239	20.41	415.42	415.34
20:41:29	20.482	20.131	19.947	20.393	20.239	20.408	415.42	415.34
20:42:28	20.48	20.13	19.872	20.258	20.239	20.406	415.42	415.34
20:43:28	20.481	20.129	19.922	20.4	20.237	20.406	415.42	415.34
20:44:28	20.482	20.127	19.977	20.555	20.236	20.406	415.42	415.34
20:45:33	20.481	20.128	20.023	20.697	20.237	20.407	415.42	415.34
20:46:33	20.48	20.129	20.06	20.817	20.239	20.409	415.42	415.34
20:47:33	20.481	20.128	20.083	20.901	20.239	20.407	415.42	415.34
20:48:33	20.481	20.126	20.107	20.954	20.236	20.405	415.42	415.34
20:49:33	20.48	20.123	20.122	20.984	20.234	20.404	415.42	415.34
20:50:58	20.479	20.121	20.035	20.624	20.232	20.404	415.42	415.34
20:51:58	20.479	20.121	19.922	20.36	20.234	20.404	415.42	415.34
20:52:58	20.479	20.12	19.866	20.308	20.236	20.405	415.42	415.34
20:53:58	20.48	20.123	19.932	20.434	20.241	20.406	415.42	415.34
20:54:58	20.48	20.124	19.976	20.562	20.242	20.409	415.42	415.34
20:55:59	20.479	20.127	20.023	20.718	20.239	20.407	415.42	415.34
20:57:03	20.48	20.126	20.053	20.837	20.236	20.406	415.42	415.34
20:58:03	20.48	20.126	20.09	20.913	20.235	20.406	415.42	415.34
20:59:03	20.48	20.125	20.113	20.968	20.235	20.406	415.42	415.34
21:00:03	20.48	20.125	20.131	21.007	20.236	20.408	415.42	415.34
21:01:03	20.479	20.127	20.109	20.794	20.236	20.407	415.42	415.34
21:02:03	20.479	20.126	19.985	20.52	20.238	20.406	415.42	415.34
21:03:08	20.479	20.126	19.893	20.302	20.237	20.407	415.42	415.34
21:04:08	20.479	20.126	19.88	20.313	20.235	20.405	415.42	415.34
21:05:08	20.479	20.125	19.935	20.453	20.234	20.405	415.42	415.34
21:06:08	20.479	20.127	19.987	20.64	20.235	20.407	415.42	415.34
21:07:08	20.479	20.126	20.037	20.796	20.237	20.407	415.42	415.34
21:08:13	20.479	20.127	20.077	20.906	20.236	20.408	415.42	415.34
21:09:13	20.48	20.127	20.101	20.966	20.236	20.409	415.42	415.34
21:10:13	20.479	20.13	20.121	20.997	20.238	20.409	415.42	415.34
21:11:13	20.479	20.131	20.127	20.882	20.237	20.408	415.42	415.34
21:12:13	20.479	20.13	19.976	20.58	20.237	20.408	415.42	415.34
21:13:37	20.479	20.132	19.985	20.617	20.235	20.408	415.42	415.34
21:14:37	20.479	20.131	20.04	20.781	20.231	20.407	415.42	415.34
21:15:37	20.478	20.129	20.086	20.888	20.233	20.405	415.42	415.34
21:16:37	20.478	20.128	20.112	20.955	20.235	20.406	415.42	415.34
21:17:37	20.478	20.128	20.134	21.0	20.233	20.406	415.42	415.34
21:18:37	20.477	20.125	20.15	21.023	20.233	20.406	415.42	0.0
21:19:43	20.477	20.124	20.147	20.927	20.233	20.405	415.42	415.34
21:20:42	0.0	20.124	20.053	20.616	20.234	20.407	415.42	415.34
21:21:42	20.478	20.125	19.972	20.41	20.234	20.407	415.42	415.34
21:22:43	20.478	20.125	19.996	20.548	20.236	20.407	415.42	415.34
21:23:44	20.477	20.126	20.06	20.75	20.234	20.407	415.42	415.34
21:24:58	20.477	20.125	20.112	20.902	20.231	20.406	415.42	415.34
21:25:58	20.477	20.124	20.132	20.967	20.233	20.408	415.42	415.34
21:26:59	20.478	20.125	20.155	21.007	20.236	20.406	415.42	415.34
21:27:58	20.478	20.126	20.168	21.029	20.235	20.408	415.42	415.34
21:28:58	20.478	20.126	20.134	20.855	20.234	20.406	415.42	415.34
21:29:58	20.477	20.124	20.013	20.551	20.234	20.407	415.42	415.34
21:31:03	20.477	20.125	19.952	20.48	20.235	20.407	415.42	415.34
21:32:03	20.477	20.124	20.005	20.62	20.234	20.406	415.42	415.34
21:33:03	20.477	20.124	20.065	20.778	20.234	20.406	415.42	415.34
21:34:03	20.477	20.124	20.104	20.89	20.234	20.406	415.42	415.34
21:35:03	20.477	20.125	20.135	20.964	20.235	20.407	415.42	415.34
21:36:07	20.476	20.125	20.155	21.008	20.234	20.406	415.42	415.34
21:37:07	20.477	20.125	20.172	21.03	20.235	20.407	415.42	415.34
21:38:07	20.477	20.123	20.135	20.797	20.234	20.407	415.42	415.34
21:39:09	20.476	20.123	20.026	20.524	20.233	20.405	415.42	415.34
21:40:07	20.476	20.123	20.015	20.55	20.233	20.406	415.42	415.34
21:41:07	20.476	20.123	20.074	20.752	20.234	20.406	415.42	415.34
21:42:15	20.475	20.122	20.123	20.89	20.233	20.405	415.42	415.34
21:43:15	20.475	20.121	20.151	20.956	20.234	20.405	415.42	415.34
21:44:15	20.475	20.122	20.169	20.999	20.233	20.406	415.42	415.34
21:45:15	20.476	20.12	20.186	21.029	20.235	20.407	415.42	415.34
21:46:15	20.476	20.122	20.194	20.994	20.235	20.406	415.42	415.34
21:47:20	20.476	20.123	20.057	20.67	20.235	20.407	415.42	415.34
21:48:20	20.476	20.124	19.966	20.495	20.236	20.407	415.42	415.34
21:49:20	20.476	20.125	20.013	20.58	20.236	20.407	415.42	415.34
21:50:20	20.476	20.124	20.068	20.726	20.234	20.407	415.42	415.34
21:51:20	20.475	20.124	20.113	20.863	20.233	20.407	415.42	415.34
21:52:20	20.475	20.123	20.146	20.943	20.231	20.405	415.42	415.34
21:53:24	20.475	20.124	20.172	21.0	20.231	20.406	415.42	415.34
21:54:25	20.476	20.122	20.184	21.029	20.233	20.406	415.42	415.34
21:55:25	20.474	20.123	20.188	20.885	20.233	20.406	415.42	415.34
21:56:25	20.476	20.123	20.063	20.64	20.235	20.407	415.42	415.34
21:57:25	20.475	20.123	19.978	20.512	20.235	20.406	415.42	415.34
21:58:29	20.476	20.125	20.024	20.611	20.235	20.407	415.42	415.34
21:59:29	20.474	20.124	20.076	20.768	20.233	20.407	415.42	415.34
22:00:29	20.475	20.124	20.12	20.886	20.235	20.406	415.42	415.34
22:01:29	20.475	20.124	20.153	20.949	20.232	20.406	415.42	415.34
22:02:29	20.475	20.124	20.171	20.997	20.23	20.408	415.42	415.34
22:03:29	20.474	20.122	20.184	21.023	20.233	20.406	415.42	415.34
22:04:34	20.475	20.123	20.16	20.806	20.232	20.406	415.42	415.34
22:05:34	20.475	20.123	20.012	20.499	20.233	20.406	415.42	415.34
22:06:34	20.475	20.123	19.944	20.435	20.233	20.407	415.42	415.34
22:07:34	20.474	20.122	20.023	20.655	20.235	20.406	415.42	415.34
22:08:34	20.475	20.124	20.092	0.0	20.235	20.407	415.42	415.34
22:09:40	20.475	20.124	20.13	20.927	20.236	20.408	415.42	415.34
22:10:40	20.475	20.126	20.15	20.974	20.235	20.408	415.42	415.34
22:11:40	20.475	20.126	20.17	21.005	20.235	20.407	415.42	415.34
22:12:40	20.475	20.126	20.184	21.029	20.234	20.406	415.42	415.34
22:13:40	20.475	20.126	20.149	20.908	20.235	20.408	415.42	415.34
22:14:40	20.474	20.127	20.075	20.704	20.235	20.408	415.42	415.34
22:15:45	20.475	20.127	19.992	20.529	20.236	20.407	415.42	415.34
22:16:45	20.475	20.127	19.93	20.329	20.236	20.407	415.42	415.34
22:17:45	20.474	20.128	19.97	20.461	20.236	20.407	415.42	415.34
22:18:45	20.475	20.129	20.033	20.618	20.235	20.408	415.42	415.34
22:19:45	20.474	20.128	20.073	20.753	20.235	20.407	415.42	415.34
22:20:50	20.475	20.127	20.104	20.859	20.235	20.406	415.42	415.34
22:21:49	20.475	20.128	20.125	20.924	20.234	20.408	415.42	415.34
22:22:50	20.475	20.127	20.145	20.966	20.235	20.406	415.42	415.34
22:23:50	20.474	20.128	20.156	20.913	20.236	20.408	415.42	415.34
22:24:49	20.475	20.128	20.071	20.675	20.236	20.408	415.42	415.34
22:25:49	20.475	20.126	19.993	20.48	20.235	20.407	415.42	415.34
22:26:54	20.475	20.128	19.919	20.302	20.235	20.407	415.42	415.34
22:27:54	20.475	20.128	19.898	20.307	20.236	20.408	415.42	415.34
22:28:54	20.474	20.128	19.967	20.479	20.236	20.406	415.42	415.34
22:29:54	20.475	20.128	20.023	20.65	20.236	20.407	415.42	415.34
22:30:54	20.475	20.127	20.06	20.777	20.235	20.407	415.42	415.34
22:31:59	20.475	20.128	20.093	20.877	20.235	20.406	415.42	415.34
22:32:59	20.474	20.127	20.118	20.938	20.233	20.407	415.42	415.34
22:33:59	20.474	20.127	20.133	20.976	20.235	20.407	415.42	415.34
22:35:00	0.0	20.127	20.117	20.853	20.235	20.407	415.42	415.34
22:36:00	20.474	20.126	19.989	20.466	20.234	20.406	415.42	415.34
22:37:00	20.474	20.126	19.947	20.438	20.235	20.406	415.42	415.34
22:38:05	20.474	20.126	20.021	20.679	20.235	20.406	415.42	415.34
22:39:05	20.474	20.125	20.081	20.833	20.233	20.405	415.42	415.34
22:40:05	20.474	20.125	20.112	20.917	20.233	20.405	415.42	415.34
22:41:05	20.474	20.124	20.132	20.964	20.233	20.405	415.42	415.34
22:42:05	20.474	20.124	20.148	20.993	20.233	20.406	415.42	415.34
22:43:09	20.475	20.124	20.165	20.988	20.234	20.406	415.42	415.34
22:44:10	20.474	20.123	20.053	20.665	20.233	20.406	415.42	415.34
22:45:10	20.474	20.123	19.936	20.474	20.233	20.405	415.42	415.34
22:46:10	20.474	20.122	19.968	20.529	20.233	20.405	415.42	415.34
22:47:10	20.474	20.122	20.021	20.633	20.234	20.404	415.42	415.34
22:48:10	20.474	20.122	20.067	20.78	20.233	20.406	415.42	415.34
22:49:14	20.473	20.121	20.107	20.88	20.232	20.405	415.42	415.34
22:50:14	20.473	20.12	20.132	20.948	20.232	20.405	415.42	415.34
22:51:14	20.473	20.12	20.146	20.989	20.232	20.405	415.42	415.34
22:52:14	20.474	20.12	20.161	20.96	20.231	20.405	415.42	415.34
22:53:14	20.474	20.119	20.038	20.665	20.23	20.404	415.42	415.34
22:54:19	20.473	20.119	19.942	20.439	20.231	20.405	415.42	415.34
22:55:19	20.473	20.119	19.993	20.542	20.231	20.404	415.42	415.34
22:56:19	20.473	20.118	20.051	20.736	20.23	20.404	415.42	415.34
22:57:19	20.472	20.117	20.096	20.871	20.23	20.402	415.42	415.34
22:58:19	20.472	20.117	20.121	20.939	20.23	20.404	415.42	415.34
22:59:20	20.472	20.117	20.141	20.985	20.23	20.403	415.42	415.34
23:00:24	20.473	20.117	20.16	21.013	20.231	20.403	415.42	415.34
23:01:24	20.473	20.118	20.164	20.907	20.231	20.403	415.42	415.34
23:02:24	20.474	20.117	20.032	20.556	20.23	20.403	415.42	415.34
23:03:24	20.473	20.116	19.936	20.437	20.228	20.402	415.42	415.34
23:04:24	20.473	20.115	19.992	20.563	20.23	20.402	415.42	415.34
23:05:24	20.472	20.114	20.05	20.716	20.227	20.401	415.42	415.34
23:06:28	20.471	20.113	20.096	20.857	20.228	20.401	415.42	415.34
23:07:28	20.471	20.113	20.131	20.935	20.229	20.402	415.42	415.34
23:08:28	20.472	20.113	20.149	20.98	20.229	20.401	415.42	415.34
23:09:29	20.471	20.114	20.163	21.009	20.23	20.401	415.42	415.34
23:10:29	20.471	20.113	20.156	20.889	20.231	20.401	415.42	415.34
23:11:45	20.472	20.112	20.017	20.535	20.228	20.401	415.42	415.34
23:12:45	20.471	20.112	19.922	20.317	20.225	20.4	415.42	415.34
23:13:45	20.47	20.11	19.866	20.237	20.227	20.399	415.42	415.34
23:14:45	20.47	20.108	19.916	20.385	20.228	20.399	415.42	415.34
23:15:45	20.47	20.108	19.976	20.543	20.227	20.4	415.42	415.34
23:16:46	20.471	20.109	20.025	20.68	20.227	20.398	415.42	415.34
23:17:50	20.471	20.108	20.061	20.801	20.227	20.399	415.42	415.34
23:18:50	20.471	20.108	20.089	20.884	20.228	20.398	415.42	415.34
23:19:50	20.47	20.108	20.113	20.944	20.228	20.399	415.42	415.34
23:20:50	20.471	20.109	20.131	20.981	20.226	20.4	415.42	415.34
23:21:50	20.469	20.109	20.075	20.732	20.224	20.401	415.42	415.34
23:22:50	20.47	20.111	19.973	20.467	20.226	20.401	415.42	415.34
23:23:55	20.47	20.11	20.005	20.611	20.227	20.4	415.42	415.34
23:24:55	20.47	20.111	20.065	20.789	20.227	20.4	415.42	415.34
23:25:55	20.47	20.111	20.107	20.889	20.226	20.402	415.42	415.34
23:26:55	20.47	20.112	20.138	20.954	20.227	20.401	415.42	415.34
23:27:55	20.47	20.113	20.155	20.999	20.226	20.401	415.42	415.34
23:29:00	20.469	20.115	20.17	21.019	20.226	20.404	415.42	415.34
23:30:00	20.469	20.115	20.158	20.849	20.226	20.403	415.42	415.34
23:31:00	20.47	20.117	20.012	20.606	20.229	20.404	415.42	415.34
23:32:00	20.471	20.118	19.955	20.463	20.232	20.405	415.42	415.34
23:33:00	20.47	20.118	19.999	20.57	20.231	20.404	415.42	415.34
23:34:00	20.47	20.12	20.05	20.734	20.228	20.403	415.42	415.34
23:35:05	20.47	20.12	20.1	20.874	20.228	20.404	415.42	415.34
23:36:05	20.47	20.121	20.127	20.946	20.228	20.404	415.42	415.34
23:37:05	20.471	20.121	20.152	20.991	20.226	20.404	415.42	415.34
23:38:05	20.47	20.121	20.17	21.014	20.228	20.403	415.42	415.34
23:39:05	20.471	20.121	20.139	20.837	20.229	20.403	415.42	415.34
23:40:20	20.47	20.118	19.967	20.452	20.228	20.403	415.42	415.34
23:41:20	20.47	20.117	19.942	20.388	20.226	20.402	415.42	415.34
23:42:20	20.47	20.118	20.008	20.613	20.229	20.402	415.42	415.34
23:43:20	20.47	20.12	20.075	20.809	20.232	20.404	415.42	415.34
23:44:20	20.47	20.118	20.113	20.901	20.229	20.403	415.42	415.34
23:45:46	0.0	20.117	20.144	20.975	20.229	20.404	415.42	415.34
23:46:46	20.471	20.117	20.159	21.009	20.226	20.402	415.42	415.34
23:47:46	20.468	20.114	20.163	20.952	20.227	20.402	415.42	415.34
23:48:46	20.469	20.115	20.057	20.57	20.227	20.402	415.42	415.34
23:49:46	20.469	20.115	19.951	20.436	20.228	20.403	415.42	415.34
23:50:46	0.0	20.115	19.985	20.465	20.227	20.402	415.42	415.34
23:51:52	20.469	20.114	20.048	20.673	20.228	20.401	415.42	415.34
23:52:51	20.469	20.114	20.094	20.823	20.228	20.402	415.42	415.34
23:53:53	20.469	20.114	20.126	20.91	20.228	20.402	415.42	415.34
23:54:51	20.468	20.114	20.145	20.971	20.227	20.402	415.42	415.34
23:55:51	20.469	20.115	20.161	21.01	20.226	20.401	415.42	415.34
23:56:59	20.469	20.114	20.162	20.894	20.227	20.403	415.42	415.34
23:57:59	20.469	20.113	20.005	20.477	20.227	20.401	415.42	415.34
23:58:59	20.47	20.113	19.92	20.311	20.228	20.402	415.42	415.34
23:59:59	20.469	20.113	19.966	20.466	20.229	20.402	415.42	415.34
