00:00:30	16.899	16.776	17.367	18.242	16.582	16.685	415.42	415.34
00:01:30	16.9	16.775	17.363	18.244	16.581	16.688	415.42	415.34
00:02:30	16.901	16.777	17.36	18.244	16.582	16.687	415.42	415.34
00:03:30	16.902	16.777	17.358	18.243	16.582	16.688	415.42	415.34
00:04:30	16.902	16.779	17.358	18.251	16.583	16.689	415.42	415.34
00:05:30	16.903	16.779	17.357	18.255	16.582	16.689	415.42	415.34
00:06:30	16.904	16.782	17.365	18.26	16.585	16.689	415.42	415.34
00:07:30	16.905	16.783	17.366	18.259	16.587	16.69	415.42	415.34
00:08:30	16.904	16.784	17.371	18.257	16.587	16.689	415.42	415.34
00:09:30	16.905	16.785	17.376	18.253	16.588	16.691	415.42	415.34
00:10:30	16.906	16.788	17.376	18.261	16.587	16.691	415.42	415.34
00:11:30	16.907	16.788	17.378	18.257	16.59	16.693	415.42	415.34
00:12:30	16.908	16.79	17.377	18.26	16.591	16.692	415.42	415.34
00:13:30	16.908	16.791	17.375	18.261	16.59	16.691	415.42	415.34
00:14:30	16.909	16.792	17.375	18.261	16.589	16.691	415.42	415.34
00:15:30	16.91	16.791	17.375	18.257	16.587	16.691	415.42	415.34
00:16:30	16.91	16.791	17.373	18.259	16.589	16.692	415.42	415.34
00:17:31	16.911	16.79	17.363	18.251	16.586	16.69	415.42	415.34
00:18:30	16.911	16.792	17.365	18.251	16.589	16.692	415.42	415.34
00:19:30	16.913	16.794	17.366	18.255	16.59	16.693	415.42	415.34
00:20:30	16.913	16.796	17.378	18.263	16.594	16.696	415.42	415.34
00:21:30	16.914	16.797	17.39	18.266	16.594	16.695	415.42	415.34
00:22:30	16.915	16.8	17.38	18.263	16.595	16.695	415.42	415.34
00:23:30	16.916	16.8	17.382	18.267	16.595	16.696	415.42	415.34
00:24:31	16.916	16.801	17.368	18.265	16.596	16.694	415.42	415.34
00:25:30	0.0	16.802	17.368	18.26	16.595	16.694	415.42	415.34
00:26:30	16.918	16.804	17.385	18.263	16.595	16.696	415.42	415.34
00:27:30	16.919	16.804	17.387	18.265	16.594	16.696	415.42	415.34
00:28:30	16.919	16.803	17.388	18.265	16.594	16.695	415.42	415.34
00:29:30	16.919	16.804	17.384	18.269	16.596	16.697	415.42	415.34
00:30:30	16.921	16.807	17.391	18.273	16.598	16.698	415.42	415.34
00:31:30	16.921	16.809	17.398	18.271	16.6	16.699	415.42	415.34
00:32:30	16.922	16.811	17.392	18.267	16.603	16.702	415.42	415.34
00:33:30	16.924	16.815	17.383	18.27	16.606	16.702	415.42	415.34
00:34:30	16.924	16.817	17.382	18.275	16.606	16.703	415.42	415.34
00:35:30	16.925	16.819	17.391	18.277	16.607	16.703	415.42	415.34
00:36:30	16.926	16.821	17.392	18.276	16.608	16.704	415.42	415.34
00:37:30	16.926	16.822	17.389	18.28	16.608	16.705	415.42	415.34
00:38:31	16.926	16.823	17.385	18.281	16.607	16.704	415.42	415.34
00:39:31	16.929	16.824	17.383	18.281	16.606	16.704	415.42	415.34
00:40:31	16.929	16.825	17.386	18.281	16.608	16.705	415.42	415.34
00:41:31	16.93	16.826	17.385	18.286	16.609	16.705	415.42	415.34
00:42:31	16.931	16.826	17.395	18.277	16.609	16.705	415.42	415.34
00:43:31	16.931	16.826	17.404	18.277	16.608	16.704	415.42	415.34
00:45:10	16.931	16.825	17.393	18.271	16.606	16.704	415.42	415.34
00:46:10	16.932	16.825	17.397	18.278	16.604	16.702	415.42	415.34
00:47:10	16.933	16.825	17.396	18.275	16.604	16.703	415.42	415.34
00:48:10	16.933	16.825	17.389	18.273	16.604	16.703	415.42	415.34
00:49:10	16.934	16.826	17.386	18.275	16.607	16.704	415.42	415.34
00:50:10	16.937	16.83	17.394	18.284	16.609	16.706	415.42	415.34
00:51:10	16.936	16.833	17.394	18.288	16.611	16.707	415.42	415.34
00:52:10	16.937	16.834	17.388	18.29	16.611	16.709	415.42	415.34
00:53:10	16.938	16.836	17.389	18.287	16.613	16.708	415.42	415.34
00:54:11	16.939	16.838	17.39	18.29	16.614	16.709	415.42	415.34
00:55:10	0.0	16.839	17.392	18.283	16.613	16.709	415.42	415.34
00:56:10	16.941	16.84	17.399	18.282	16.614	16.709	415.42	415.34
00:57:10	16.942	16.842	17.391	18.293	16.616	16.71	415.42	415.34
00:58:10	16.942	16.843	17.399	18.298	16.615	16.709	415.42	415.34
00:59:10	16.943	16.843	17.411	18.3	16.614	16.707	415.42	415.34
01:00:10	16.944	16.842	17.392	18.292	16.614	16.709	415.42	415.34
01:01:10	16.944	16.842	17.402	18.285	16.615	16.709	415.42	415.34
01:02:10	16.946	16.844	17.407	18.281	16.616	16.709	415.42	415.34
01:03:10	16.946	16.846	17.398	18.283	16.617	16.71	415.42	415.34
01:04:10	16.948	16.847	17.393	18.285	16.619	16.712	415.42	415.34
01:05:10	16.947	16.848	17.399	18.284	16.619	16.711	415.42	415.34
01:06:10	16.949	16.85	17.411	18.287	16.618	16.711	415.42	415.34
01:07:10	16.95	16.85	17.4	18.291	16.618	16.711	415.42	415.34
01:08:10	16.95	16.85	17.412	18.285	16.619	16.711	415.42	415.34
01:09:10	16.951	16.85	17.409	18.285	16.618	16.712	415.42	415.34
01:10:10	16.952	16.853	17.405	18.29	16.619	16.713	415.42	415.34
01:11:10	16.952	16.855	17.415	18.289	16.621	16.714	415.42	415.34
01:12:10	16.952	16.856	17.414	18.291	16.621	16.714	415.42	415.34
01:13:10	16.953	16.857	17.411	18.29	16.621	16.714	415.42	415.34
01:14:10	16.954	16.857	17.411	18.289	16.623	16.715	415.42	415.34
01:15:10	16.955	16.859	17.41	18.292	16.623	16.714	415.42	415.34
01:16:10	16.957	16.86	17.41	18.292	16.623	16.715	415.42	415.34
01:17:10	16.957	16.86	17.419	18.296	16.624	16.715	415.42	415.34
01:18:10	16.959	16.861	17.416	18.291	16.622	16.713	415.42	415.34
01:19:10	16.958	16.861	17.404	18.29	16.62	16.711	415.42	415.34
01:20:10	16.959	16.858	17.405	18.295	16.621	16.713	415.42	415.34
01:21:10	16.958	16.859	17.414	18.294	16.621	16.712	415.42	415.34
01:22:10	16.96	16.86	17.413	18.299	16.621	16.712	415.42	415.34
01:23:10	16.961	16.86	17.407	18.306	16.62	16.712	415.42	415.34
01:24:10	16.962	16.86	17.42	18.31	16.621	16.713	415.42	415.34
01:25:10	16.962	16.861	17.415	18.309	16.621	16.713	415.42	415.34
01:26:10	16.962	16.861	17.415	18.31	16.618	16.713	415.42	415.34
01:27:10	16.962	16.861	17.428	18.315	16.619	16.711	415.42	415.34
01:28:10	16.965	16.862	17.438	18.314	16.62	16.713	415.42	415.34
01:29:10	16.966	16.864	17.437	18.312	16.62	16.714	415.42	415.34
01:30:10	16.966	16.866	17.436	18.312	16.623	16.717	415.42	415.34
01:31:10	16.967	16.869	17.417	18.313	16.624	16.719	415.42	415.34
01:32:10	16.967	16.872	17.422	18.314	16.628	16.719	415.42	415.34
01:33:10	16.969	16.875	17.423	18.316	16.63	16.719	415.42	415.34
01:34:10	16.969	16.877	17.422	18.32	16.631	16.721	415.42	415.34
01:35:10	16.971	16.879	17.411	18.32	16.634	16.721	415.42	415.34
01:36:10	16.972	16.882	17.413	18.321	16.634	16.722	415.42	415.34
01:37:10	16.972	16.882	17.407	18.319	16.633	16.721	415.42	415.34
01:38:10	16.973	16.883	17.411	18.317	16.635	16.722	415.42	415.34
01:39:10	16.973	16.884	17.432	18.319	16.635	16.722	415.42	415.34
01:40:10	16.975	16.885	17.43	18.331	16.636	16.721	415.42	415.34
01:41:10	16.976	16.887	17.434	18.33	16.636	16.723	415.42	415.34
01:42:10	16.977	16.887	17.444	18.328	16.637	16.723	415.42	415.34
01:43:10	16.977	16.889	17.429	18.327	16.637	16.722	415.42	415.34
01:44:10	16.978	16.889	17.428	18.322	16.635	16.722	415.42	415.34
01:45:10	16.978	16.889	17.435	18.328	16.634	16.722	415.42	415.34
01:46:10	16.979	16.888	17.443	18.332	16.634	16.723	415.42	415.34
01:47:10	16.98	16.888	17.444	18.331	16.634	16.72	415.42	415.34
01:48:10	16.981	16.888	17.445	18.333	16.631	16.719	415.42	415.34
01:49:10	16.981	16.888	17.436	18.333	16.633	16.721	415.42	415.34
01:50:10	16.982	16.888	17.449	18.337	16.633	16.722	415.42	415.34
01:51:10	16.984	16.889	17.453	18.336	16.634	16.721	415.42	415.34
01:52:10	16.983	16.891	17.438	18.336	16.633	16.721	415.42	415.34
01:53:10	16.984	16.891	17.438	18.338	16.634	16.723	415.42	415.34
01:54:10	16.985	16.892	17.447	18.34	16.633	16.722	415.42	415.34
01:55:10	16.985	16.891	17.441	18.344	16.633	16.721	415.42	415.34
01:56:10	16.987	16.893	17.443	18.342	16.634	16.722	415.42	415.34
01:57:11	16.988	16.894	17.453	18.344	16.634	16.723	415.42	415.34
01:58:10	16.988	16.896	17.452	18.344	16.635	16.725	415.42	415.34
01:59:10	16.99	16.896	17.445	18.344	16.634	16.722	415.42	415.34
02:00:10	16.989	16.897	17.449	18.347	16.635	16.722	415.42	415.34
02:01:10	16.989	16.896	17.443	18.339	16.631	16.721	415.42	415.34
02:02:10	16.991	16.894	17.442	18.333	16.63	16.72	415.42	415.34
02:03:10	16.991	16.893	17.436	18.339	16.628	16.717	415.42	415.34
02:04:10	16.991	16.893	17.447	18.34	16.627	16.718	415.42	415.34
02:05:10	16.991	16.892	17.456	18.344	16.627	16.719	415.42	415.34
02:06:10	16.992	16.892	17.46	18.344	16.63	16.72	415.42	415.34
02:07:10	16.992	16.894	17.457	18.349	16.629	16.72	415.42	415.34
02:08:10	16.994	16.895	17.453	17.964	16.629	16.719	415.42	415.34
02:09:10	16.995	16.897	17.438	17.714	16.63	16.72	415.42	415.34
02:10:10	16.995	16.897	17.431	17.808	16.632	16.721	415.42	415.34
02:11:10	16.996	16.897	17.418	17.921	16.629	16.721	415.42	415.34
02:12:10	16.996	16.898	17.414	18.025	16.63	16.721	415.42	415.34
02:13:10	16.997	16.9	17.418	18.127	16.631	16.722	415.42	415.34
02:14:10	16.999	16.901	17.425	18.207	16.632	16.722	415.42	415.34
02:15:11	16.999	16.902	17.428	18.248	16.634	16.723	415.42	415.34
02:16:10	16.999	16.904	17.428	18.273	16.634	16.723	415.42	415.34
02:17:10	17.0	16.907	17.425	18.291	16.635	16.723	415.42	415.34
02:18:13	17.0	16.907	17.431	18.298	16.636	16.724	415.42	415.34
02:19:10	17.002	16.908	17.426	18.315	16.636	16.725	415.42	415.34
02:20:10	17.003	16.91	17.436	18.321	16.638	16.726	415.42	415.34
02:21:10	17.003	16.911	17.444	18.322	16.639	16.725	415.42	415.34
02:22:10	17.003	16.913	17.449	18.324	16.638	16.725	415.42	415.34
02:23:10	17.006	16.915	17.436	18.326	16.64	16.726	415.42	415.34
02:24:10	17.007	16.917	17.437	18.33	16.639	16.726	415.42	415.34
02:25:10	17.007	16.916	17.44	18.324	16.64	16.727	415.42	415.34
02:26:10	17.007	16.916	17.442	18.333	16.637	16.726	415.42	415.34
02:27:10	17.008	16.914	17.436	18.331	16.636	16.724	415.42	415.34
02:28:10	17.008	16.913	17.454	18.332	16.635	16.724	415.42	415.34
02:29:10	17.008	16.912	17.444	18.331	16.632	16.723	415.42	415.34
02:30:10	17.01	16.911	17.441	18.336	16.63	16.722	415.42	415.34
02:31:10	17.01	16.911	17.446	18.336	16.633	16.723	415.42	415.34
02:32:10	17.01	16.91	17.453	18.342	16.632	16.723	415.42	415.34
02:33:10	17.01	16.91	17.454	18.342	16.633	16.723	415.42	415.34
02:34:10	17.01	16.912	17.453	18.351	16.633	16.724	415.42	415.34
02:35:10	17.012	16.914	17.463	18.346	16.635	16.723	415.42	415.34
02:36:10	17.013	16.915	17.458	18.353	16.634	16.725	415.42	415.34
02:37:10	17.012	16.918	17.45	18.351	16.637	16.726	415.42	415.34
02:38:10	17.015	16.918	17.448	18.35	16.636	16.724	415.42	415.34
02:39:10	17.015	16.917	17.443	18.348	16.634	16.723	415.42	415.34
02:40:10	17.015	16.916	17.45	18.346	16.634	16.724	415.42	415.34
02:41:10	17.016	16.916	17.45	18.345	16.63	16.72	415.42	415.34
02:42:10	17.016	16.916	17.461	18.353	16.629	16.721	415.42	415.34
02:43:10	17.016	16.915	17.461	18.357	16.631	16.723	415.42	415.34
02:44:10	17.017	16.917	17.473	18.36	16.631	16.723	415.42	415.34
02:45:10	17.018	16.916	17.465	18.36	16.631	16.721	415.42	415.34
02:46:10	17.02	16.919	17.464	18.362	16.634	16.723	415.42	415.34
02:47:10	17.018	16.922	17.472	18.365	16.637	16.725	415.42	415.34
02:48:10	17.02	16.925	17.467	18.359	16.637	16.725	415.42	415.34
02:49:10	17.022	16.925	17.465	18.364	16.635	16.725	415.42	415.34
02:50:10	17.022	16.925	17.467	18.36	16.637	16.724	415.42	415.34
02:51:10	17.023	16.927	17.463	18.36	16.638	16.724	415.42	415.34
02:52:10	17.023	16.928	17.469	18.364	16.639	16.728	415.42	415.34
02:53:10	17.023	16.93	17.465	18.357	16.639	16.728	415.42	415.34
02:54:10	17.024	16.929	17.46	18.356	16.639	16.726	415.42	415.34
02:55:10	17.024	16.929	17.465	18.357	16.635	16.725	415.42	415.34
02:56:10	17.025	16.929	17.472	18.058	16.637	16.725	415.42	415.34
02:57:10	17.026	16.929	17.467	17.944	16.635	16.727	415.42	415.34
02:58:10	17.026	16.93	17.459	18.026	16.635	16.725	415.42	415.34
02:59:10	17.027	16.931	17.454	18.119	16.638	16.727	415.42	415.34
03:00:10	17.027	16.933	17.454	18.216	16.64	16.728	415.42	415.34
03:01:10	17.029	16.935	17.451	18.278	16.642	16.729	415.42	415.34
03:02:10	17.03	16.939	17.454	18.312	16.644	16.731	415.42	415.34
03:03:10	17.031	16.942	17.456	18.333	16.648	16.734	415.42	415.34
03:04:10	17.031	16.945	17.46	18.338	16.648	16.734	415.42	415.34
03:05:10	17.032	16.947	17.464	18.34	16.648	16.733	415.42	415.34
03:06:10	17.033	16.947	17.465	18.347	16.649	16.734	415.42	415.34
03:07:10	17.034	16.946	17.457	18.35	16.644	16.732	415.42	415.34
03:08:10	17.033	16.944	17.451	18.353	16.642	16.729	415.42	415.34
03:09:10	17.034	16.943	17.46	18.356	16.642	16.731	415.42	415.34
03:10:10	17.036	16.943	17.464	18.356	16.64	16.731	415.42	415.34
03:11:10	17.037	16.944	17.47	18.351	16.643	16.732	415.42	415.34
03:12:10	17.036	16.947	17.468	18.008	16.646	16.732	415.42	415.34
03:13:10	17.038	16.947	17.461	17.924	16.645	16.732	415.42	415.34
03:14:10	17.039	16.951	17.456	18.027	16.65	16.736	415.42	415.34
03:15:10	17.039	16.955	17.46	18.166	16.654	16.739	415.42	415.34
03:16:10	17.041	16.959	17.455	18.244	16.659	16.74	415.42	415.34
03:17:10	17.041	16.965	17.456	18.289	16.664	16.74	415.42	415.34
03:18:10	17.043	16.969	17.463	18.315	16.666	16.741	415.42	415.34
03:19:10	17.044	16.972	17.458	18.329	16.665	16.739	415.42	415.34
03:20:10	17.044	16.971	17.461	18.335	16.663	16.74	415.42	415.34
03:21:10	17.045	16.97	17.455	18.34	16.66	16.736	415.42	415.34
03:22:10	17.045	16.967	17.465	18.343	16.657	16.736	415.42	415.34
03:23:10	17.046	16.963	17.468	18.345	16.652	16.733	415.42	415.34
03:24:10	17.046	16.962	17.477	18.339	16.652	16.732	415.42	415.34
03:25:10	17.047	16.961	17.471	18.343	16.651	16.733	415.42	415.34
03:26:10	17.048	16.96	17.475	18.356	16.653	16.735	415.42	415.34
03:27:10	17.049	16.962	17.473	18.356	16.653	16.735	415.42	415.34
03:28:10	17.049	16.964	17.485	18.356	16.655	16.736	415.42	415.34
03:29:10	17.049	16.965	17.477	18.359	16.654	16.735	415.42	415.34
03:30:10	17.051	16.966	17.464	18.36	16.654	16.736	415.42	415.34
03:31:10	17.051	16.964	17.471	18.358	16.652	16.735	415.42	415.34
03:32:10	17.052	16.962	17.465	18.354	16.648	16.732	415.42	415.34
03:33:10	17.052	16.961	17.465	18.349	16.646	16.733	415.42	415.34
03:34:10	17.052	16.96	17.468	18.357	16.647	16.733	415.42	415.34
03:35:10	17.052	16.96	17.471	18.361	16.645	16.732	415.42	415.34
03:36:10	17.053	16.961	17.475	18.364	16.646	16.736	415.42	415.34
03:37:10	17.053	16.962	17.47	18.371	16.649	16.735	415.42	415.34
03:38:10	17.055	16.965	17.486	18.377	16.65	16.736	415.42	415.34
03:39:10	17.056	16.968	17.48	18.38	16.652	16.736	415.42	415.34
03:40:10	17.056	16.971	17.493	18.38	16.654	16.738	415.42	415.34
03:41:11	17.057	16.975	17.493	18.378	16.656	16.741	415.42	415.34
03:42:10	0.0	16.976	17.501	18.376	16.657	16.74	415.42	415.34
03:43:10	17.059	16.978	17.492	18.379	16.658	16.741	415.42	415.34
03:44:10	17.06	16.981	17.48	18.382	16.659	16.742	415.42	415.34
03:45:10	17.059	16.981	17.488	18.382	16.66	16.741	415.42	415.34
03:46:10	17.061	16.982	17.493	18.383	16.66	16.742	415.42	415.34
03:47:10	17.062	16.982	17.491	18.388	16.659	16.741	415.42	415.34
03:48:10	17.063	16.982	17.5	18.385	16.661	16.742	415.42	415.34
03:49:10	17.064	16.982	17.497	18.389	16.66	16.741	415.42	415.34
03:50:10	17.063	16.982	17.497	18.234	16.659	16.74	415.42	415.34
03:51:10	17.063	16.98	17.477	17.857	16.657	16.739	415.42	415.34
03:52:10	17.064	16.979	17.47	17.908	16.656	16.738	415.42	415.34
03:53:10	17.065	16.978	17.473	18.03	16.657	16.738	415.42	415.34
03:54:10	17.065	16.979	17.456	18.165	16.656	16.739	415.42	415.34
03:55:10	17.066	16.98	17.457	18.246	16.655	16.74	415.42	415.34
03:56:10	17.067	16.981	17.473	18.293	16.656	16.741	415.42	415.34
03:57:10	17.068	16.981	17.469	18.318	16.657	16.74	415.42	415.34
03:58:10	17.068	16.983	17.465	18.344	16.658	16.74	415.42	415.34
03:59:10	17.069	16.983	17.472	18.356	16.657	16.741	415.42	415.34
04:00:10	17.07	16.985	17.481	18.359	16.657	16.742	415.42	415.34
04:01:10	17.07	16.986	17.48	18.355	16.659	16.742	415.42	415.34
04:02:10	17.071	16.987	17.485	18.356	16.66	16.742	415.42	415.34
04:03:10	17.072	16.988	17.478	18.359	16.661	16.743	415.42	415.34
04:04:10	17.072	16.989	17.483	18.364	16.663	16.744	415.42	415.34
04:05:10	17.073	16.991	17.482	18.368	16.663	16.746	415.42	415.34
04:06:12	17.074	16.994	17.493	18.374	16.666	16.746	415.42	415.34
04:07:10	17.074	16.996	17.484	18.375	16.666	16.748	415.42	415.34
04:08:10	17.075	16.997	17.483	18.381	16.667	16.75	415.42	415.34
04:09:10	17.077	17.0	17.487	18.385	16.667	16.748	415.42	415.34
04:10:10	17.078	17.0	17.485	18.324	16.668	16.748	415.42	415.34
04:11:10	17.077	17.001	17.478	17.862	16.667	16.747	415.42	415.34
04:12:10	17.079	17.0	17.456	17.731	16.666	16.746	415.42	415.34
04:13:10	17.08	17.0	17.458	17.897	16.666	16.748	415.42	415.34
04:14:10	17.079	16.999	17.449	17.988	16.665	16.746	415.42	415.34
04:15:10	17.079	16.999	17.449	18.073	16.663	16.745	415.42	415.34
04:16:10	17.081	16.999	17.45	18.144	16.662	16.746	415.42	415.34
04:17:10	17.082	16.997	17.457	18.212	16.664	16.746	415.42	415.34
04:18:10	17.082	16.998	17.453	18.263	16.662	16.744	415.42	415.34
04:19:10	17.082	16.997	17.455	18.297	16.662	16.745	415.42	415.34
04:20:10	17.083	17.0	17.459	18.32	16.663	16.745	415.42	415.34
04:21:10	17.084	17.0	17.45	18.334	16.662	16.745	415.42	415.34
04:22:10	17.085	17.0	17.463	18.344	16.662	16.745	415.42	415.34
04:23:10	17.085	17.001	17.471	18.346	16.661	16.745	415.42	415.34
04:24:10	17.085	16.997	17.47	18.343	16.66	16.743	415.42	415.34
04:25:10	17.086	16.998	17.466	18.345	16.659	16.742	415.42	415.34
04:26:10	17.087	16.997	17.458	18.35	16.657	16.742	415.42	415.34
04:27:10	17.087	16.995	17.467	18.352	16.656	16.74	415.42	415.34
04:28:10	17.088	16.994	17.466	18.355	16.652	16.741	415.42	415.34
04:29:10	17.087	16.992	17.458	18.355	16.651	16.738	415.42	415.34
04:30:10	17.088	16.99	17.466	18.36	16.65	16.74	415.42	415.34
04:31:10	17.088	16.991	17.47	18.359	16.648	16.739	415.42	415.34
04:32:10	17.089	16.991	17.477	18.364	16.65	16.74	415.42	415.34
04:33:10	17.09	16.993	17.477	18.363	16.65	16.739	415.42	415.34
04:34:10	17.09	16.994	17.477	18.372	16.65	16.74	415.42	415.34
04:35:10	17.091	16.995	17.484	18.376	16.653	16.742	415.42	415.34
04:36:10	17.091	16.997	17.48	18.376	16.655	16.742	415.42	415.34
04:37:10	17.091	17.0	17.481	18.388	16.659	16.744	415.42	415.34
04:38:10	17.093	17.003	17.474	17.952	16.661	16.747	415.42	415.34
04:39:10	17.094	17.006	17.456	17.642	16.663	16.747	415.42	415.34
04:40:10	17.094	17.009	17.439	17.629	16.665	16.747	415.42	415.34
04:41:10	17.095	17.012	17.443	17.813	16.667	16.75	415.42	415.34
04:42:10	17.096	17.013	17.444	17.924	16.665	16.748	415.42	415.34
04:43:11	17.097	17.014	17.438	18.003	16.667	16.749	415.42	415.34
04:44:10	17.097	17.014	17.441	18.078	16.666	16.748	415.42	415.34
04:45:11	17.098	17.015	17.436	18.145	16.666	16.749	415.42	415.34
04:46:10	17.099	17.016	17.433	18.205	16.666	16.749	415.42	415.34
04:47:10	17.099	17.017	17.439	18.256	16.667	16.748	415.42	415.34
04:48:10	17.099	17.017	17.436	18.289	16.665	16.748	415.42	415.34
04:49:10	17.1	17.015	17.437	18.309	16.663	16.747	415.42	415.34
04:50:10	17.099	17.012	17.441	18.319	16.663	16.746	415.42	415.34
04:51:10	17.1	17.013	17.443	18.329	16.661	16.746	415.42	415.34
04:52:10	17.101	17.014	17.454	18.342	16.662	16.747	415.42	415.34
04:53:10	17.102	17.014	17.473	18.346	16.664	16.749	415.42	415.34
04:54:10	17.101	17.014	17.464	18.353	16.664	16.75	415.42	415.34
04:55:10	17.103	17.018	17.468	18.36	16.666	16.75	415.42	415.34
04:56:10	17.105	17.02	17.472	18.337	16.668	16.751	415.42	415.34
04:57:10	17.105	17.022	17.464	17.921	16.669	16.753	415.42	415.34
04:58:10	17.105	17.023	17.443	17.714	16.67	16.751	415.42	415.34
04:59:10	17.106	17.025	17.431	17.84	16.671	16.753	415.42	415.34
05:00:10	17.107	17.026	17.426	17.952	16.67	16.753	415.42	415.34
05:01:10	17.107	17.026	17.431	18.047	16.67	16.751	415.42	415.34
05:02:10	17.107	17.025	17.432	18.143	16.669	16.752	415.42	415.34
05:03:10	17.108	17.026	17.436	18.217	16.669	16.753	415.42	415.34
05:04:10	17.109	17.026	17.438	18.275	16.668	16.752	415.42	415.34
05:05:10	17.109	17.027	17.439	18.301	16.67	16.752	415.42	415.34
05:06:10	17.11	17.025	17.435	18.319	16.669	16.753	415.42	415.34
05:07:10	17.11	17.027	17.441	18.325	16.667	16.752	415.42	415.34
05:08:10	17.11	17.027	17.452	18.336	16.667	16.751	415.42	415.34
05:09:10	17.112	17.026	17.46	18.336	16.667	16.752	415.42	415.34
05:10:12	17.112	17.028	17.467	18.343	16.667	16.753	415.42	415.34
05:11:10	17.112	17.028	17.461	18.35	16.667	16.753	415.42	415.34
05:12:10	17.113	17.029	17.467	18.358	16.667	16.752	415.42	415.34
05:13:10	17.113	17.03	17.464	18.361	16.668	16.753	415.42	415.34
05:14:10	17.115	17.03	17.466	18.359	16.669	16.754	415.42	415.34
05:15:11	17.114	17.03	17.473	18.369	16.669	16.753	415.42	415.34
05:16:10	0.0	17.03	17.473	18.358	16.667	16.751	415.42	415.34
05:17:10	17.116	17.029	17.477	18.354	16.666	16.751	415.42	415.34
05:18:10	17.118	17.03	17.465	18.35	16.664	16.75	415.42	415.34
05:19:10	17.117	17.03	17.464	18.357	16.665	16.751	415.42	415.34
05:20:10	17.118	17.029	17.46	18.356	16.664	16.751	415.42	415.34
05:21:10	17.118	17.028	17.47	18.357	16.662	16.749	415.42	415.34
05:22:10	17.119	17.028	17.471	18.363	16.663	16.751	415.42	415.34
05:23:10	17.119	17.029	17.476	18.36	16.664	16.75	415.42	415.34
05:24:10	17.12	17.03	17.471	18.366	16.665	16.751	415.42	415.34
05:25:10	17.12	17.03	17.471	18.364	16.665	16.752	415.42	415.34
05:26:10	17.119	17.031	17.473	18.366	16.665	16.753	415.42	415.34
05:27:10	17.121	17.034	17.476	18.368	16.668	16.754	415.42	415.34
05:28:10	17.122	17.035	17.477	18.372	16.669	16.755	415.42	415.34
05:29:10	17.122	17.037	17.486	18.374	16.67	16.756	415.42	415.34
05:30:10	17.123	17.038	17.476	18.376	16.67	16.756	415.42	415.34
05:31:10	17.123	17.039	17.474	18.378	16.672	16.756	415.42	415.34
05:32:10	17.124	17.041	17.478	18.377	16.672	16.756	415.42	415.34
05:33:10	17.125	17.041	17.484	18.379	16.673	16.757	415.42	415.34
05:34:10	17.125	17.042	17.481	18.379	16.672	16.757	415.42	415.34
05:35:10	17.126	17.043	17.482	18.374	16.674	16.759	415.42	415.34
05:36:10	17.127	17.044	17.492	18.378	16.674	16.758	415.42	415.34
05:37:10	17.126	17.044	17.491	18.379	16.676	16.757	415.42	415.34
05:38:10	17.128	17.044	17.488	18.38	16.676	16.759	415.42	415.34
05:39:10	17.128	17.046	17.492	18.386	16.675	16.759	415.42	415.34
05:40:10	17.13	17.045	17.506	18.383	16.674	16.758	415.42	415.34
05:41:10	17.13	17.046	17.5	18.385	16.673	16.758	415.42	415.34
05:42:10	17.13	17.047	17.503	18.385	16.673	16.759	415.42	415.34
05:43:10	17.13	17.048	17.508	18.386	16.672	16.757	415.42	415.34
05:44:10	17.131	17.048	17.505	18.388	16.672	16.759	415.42	415.34
05:45:10	17.132	17.046	17.492	18.387	16.671	16.757	415.42	415.34
05:46:10	17.132	17.046	17.491	18.392	16.671	16.755	415.42	415.34
05:47:10	17.132	17.046	17.504	18.389	16.669	16.756	415.42	415.34
05:48:10	17.133	17.044	17.504	18.369	16.669	16.756	415.42	415.34
05:49:10	17.134	17.045	17.498	17.929	16.668	16.757	415.42	415.34
05:50:10	17.134	17.045	17.495	17.918	16.67	16.757	415.42	415.34
05:51:10	17.134	17.047	17.494	18.021	16.67	16.758	415.42	415.34
05:52:10	17.135	17.047	17.487	18.152	16.673	16.758	415.42	415.34
05:53:10	17.136	17.047	17.485	18.241	16.67	16.758	415.42	415.34
05:54:10	17.135	17.047	17.491	18.295	16.67	16.756	415.42	415.34
05:55:10	17.138	17.048	17.498	18.328	16.671	16.759	415.42	415.34
05:56:10	17.137	17.049	17.492	18.346	16.672	16.759	415.42	415.34
05:57:10	17.138	17.05	17.494	18.361	16.671	16.758	415.42	415.34
05:58:10	17.139	17.051	17.491	18.367	16.672	16.757	415.42	415.34
05:59:10	17.139	17.049	17.486	18.369	16.668	16.754	415.42	415.34
06:00:10	17.138	17.048	17.493	18.374	16.668	16.755	415.42	415.34
06:01:10	17.138	17.047	17.495	18.377	16.666	16.753	415.42	415.34
06:02:10	17.14	17.048	17.502	18.382	16.666	16.756	415.42	415.34
06:03:10	17.141	17.048	17.509	18.384	16.666	16.757	415.42	415.34
06:04:10	17.141	17.049	17.514	18.386	16.666	16.755	415.42	415.34
06:05:10	17.142	17.049	17.513	18.391	16.667	16.756	415.42	415.34
06:06:10	17.142	17.049	17.508	18.389	16.667	16.755	415.42	415.34
06:07:10	17.142	17.049	17.507	18.386	16.667	16.756	415.42	415.34
06:08:10	17.144	17.05	17.513	18.093	16.666	16.755	415.42	415.34
06:09:10	17.143	17.049	17.492	17.759	16.665	16.755	415.42	415.34
06:10:10	17.144	17.048	17.473	17.777	16.664	16.754	415.42	415.34
06:11:10	17.145	17.048	17.478	17.913	16.664	16.753	415.42	415.34
06:12:10	17.145	17.048	17.468	18.003	16.664	16.754	415.42	415.34
06:13:10	17.147	17.049	17.473	18.085	16.665	16.755	415.42	415.34
06:14:10	17.146	17.05	17.475	18.164	16.666	16.753	415.42	415.34
06:15:10	17.147	17.051	17.474	18.236	16.666	16.755	415.42	415.34
06:16:10	17.147	17.054	17.474	18.289	16.67	16.758	415.42	415.34
06:17:10	17.148	17.056	17.472	18.32	16.671	16.76	415.42	415.34
06:18:10	17.148	17.057	17.478	18.341	16.671	16.759	415.42	415.34
06:19:10	17.15	17.057	17.471	18.344	16.669	16.756	415.42	415.34
06:20:10	17.149	17.057	17.481	18.355	16.67	16.757	415.42	415.34
06:21:10	17.149	17.058	17.482	18.362	16.671	16.759	415.42	415.34
06:22:10	17.151	17.057	17.488	18.366	16.669	16.756	415.42	415.34
06:23:10	17.151	17.057	17.488	18.376	16.668	16.757	415.42	415.34
06:24:10	17.151	17.057	17.506	18.377	16.667	16.756	415.42	415.34
06:25:10	17.151	17.056	17.501	18.375	16.667	16.756	415.42	415.34
06:26:10	17.153	17.054	17.502	18.383	16.666	16.754	415.42	415.34
06:27:10	17.153	17.055	17.5	18.384	16.665	16.754	415.42	415.34
06:28:10	17.153	17.055	17.496	18.38	16.663	16.754	415.42	415.34
06:29:10	17.153	17.053	17.497	18.376	16.664	16.754	415.42	415.34
06:30:10	17.154	17.054	17.507	18.378	16.662	16.753	415.42	415.34
06:31:10	17.155	17.053	17.514	18.38	16.662	16.753	415.42	415.34
06:32:10	17.155	17.052	17.51	18.33	16.662	16.753	415.42	415.34
06:33:10	17.155	17.052	17.505	18.061	16.66	16.752	415.42	415.34
06:34:12	17.155	17.051	17.499	18.097	16.66	16.753	415.42	415.34
06:35:10	17.155	17.051	17.49	18.174	16.659	16.752	415.42	415.34
06:36:10	17.155	17.051	17.485	18.241	16.657	16.753	415.42	415.34
06:37:10	17.156	17.052	17.495	18.29	16.658	16.753	415.42	415.34
06:38:10	17.157	17.052	17.504	18.315	16.658	16.751	415.42	415.34
06:39:10	17.157	17.051	17.495	18.339	16.658	16.752	415.42	415.34
06:40:10	17.158	17.053	17.496	18.353	16.659	16.753	415.42	415.34
06:41:10	17.158	17.055	17.496	18.365	16.66	16.753	415.42	415.34
06:42:10	17.158	17.056	17.508	18.376	16.664	16.753	415.42	415.34
06:43:10	17.159	17.059	17.497	18.391	16.666	16.757	415.42	415.34
06:44:10	17.161	17.062	17.502	18.398	16.667	16.757	415.42	415.34
06:45:10	17.16	17.064	17.516	18.401	16.67	16.76	415.42	415.34
06:46:10	17.161	17.067	17.513	18.128	16.673	16.76	415.42	415.34
06:47:10	17.162	17.069	17.49	17.77	16.676	16.763	415.42	415.34
06:48:10	17.163	17.073	17.471	17.783	16.677	16.765	415.42	415.34
06:49:13	17.164	17.076	17.472	17.922	16.679	16.764	415.42	415.34
06:50:10	17.165	17.077	17.474	18.015	16.679	16.764	415.42	415.34
06:51:10	17.165	17.079	17.474	18.088	16.681	16.765	415.42	415.34
06:52:10	17.165	17.079	17.479	18.17	16.681	16.766	415.42	415.34
06:53:10	17.165	17.08	17.478	18.239	16.68	16.767	415.42	415.34
06:54:10	17.165	17.08	17.478	18.288	16.68	16.765	415.42	415.34
06:55:10	17.166	17.081	17.48	18.325	16.678	16.766	415.42	415.34
06:56:10	17.167	17.079	17.481	18.345	16.676	16.763	415.42	415.34
06:57:10	17.167	17.076	17.492	18.354	16.674	16.762	415.42	415.34
06:58:10	17.167	17.075	17.492	18.36	16.672	16.762	415.42	415.34
06:59:10	17.168	17.073	17.495	18.362	16.669	16.76	415.42	415.34
07:00:10	17.168	17.072	17.491	18.372	16.67	16.762	415.42	415.34
07:01:10	17.169	17.071	17.487	18.382	16.671	16.762	415.42	415.34
07:02:10	17.169	17.071	17.499	18.386	16.671	16.761	415.42	415.34
07:03:10	17.169	17.072	17.497	18.388	16.67	16.761	415.42	415.34
07:04:10	17.169	17.072	17.501	18.365	16.669	16.761	415.42	415.34
07:05:10	17.169	17.07	17.491	17.99	16.669	16.76	415.42	415.34
07:06:10	17.171	17.07	17.471	17.694	16.667	16.76	415.42	415.34
07:07:10	17.171	17.069	17.453	17.721	16.669	16.762	415.42	415.34
07:08:10	17.17	17.071	17.452	17.871	16.669	16.761	415.42	415.34
07:09:10	17.172	17.07	17.452	17.98	16.667	16.76	415.42	415.34
07:10:10	17.172	17.071	17.453	18.067	16.667	16.76	415.42	415.34
07:11:10	17.173	17.07	17.451	18.13	16.668	16.761	415.42	415.34
07:12:10	17.172	17.071	17.458	18.199	16.668	16.761	415.42	415.34
07:13:10	17.173	17.072	17.467	18.256	16.671	16.761	415.42	415.34
07:14:10	17.172	17.074	17.468	18.298	16.671	16.762	415.42	415.34
07:15:10	17.174	17.075	17.481	18.325	16.672	16.763	415.42	415.34
07:16:10	17.175	17.076	17.477	18.343	16.672	16.763	415.42	415.34
07:17:10	17.175	17.076	17.481	18.351	16.671	16.762	415.42	415.34
07:18:11	17.175	17.075	17.482	18.363	16.67	16.762	415.42	415.34
07:19:10	17.176	17.074	17.486	18.366	16.67	16.761	415.42	415.34
07:20:10	17.176	17.075	17.482	18.367	16.669	16.76	415.42	415.34
07:21:10	17.177	17.075	17.493	18.374	16.669	16.76	415.42	415.34
07:22:10	17.177	17.076	17.502	18.38	16.67	16.761	415.42	415.34
07:23:10	17.177	17.077	17.503	18.38	16.671	16.763	415.42	415.34
07:24:10	17.178	17.078	17.493	18.16	16.672	16.764	415.42	415.34
07:25:10	17.179	17.079	17.471	17.779	16.675	16.765	415.42	415.34
07:26:10	17.179	17.08	17.452	17.626	16.675	16.765	415.42	415.34
07:27:10	17.18	17.082	17.445	17.824	16.674	16.764	415.42	415.34
07:28:10	17.18	17.082	17.439	17.938	16.674	16.766	415.42	415.34
07:29:10	17.18	17.082	17.442	18.026	16.674	16.765	415.42	415.34
07:30:10	17.182	17.083	17.453	18.098	16.674	16.764	415.42	415.34
07:31:10	17.182	17.083	17.456	18.175	16.674	16.764	415.42	415.34
07:32:10	17.182	17.083	17.463	18.24	16.674	16.765	415.42	415.34
07:33:10	17.183	17.082	17.461	18.286	16.674	16.765	415.42	415.34
07:34:11	17.182	17.083	17.467	18.314	16.672	16.764	415.42	415.34
07:35:11	17.184	17.084	17.464	18.339	16.672	16.764	415.42	415.34
07:36:11	17.183	17.083	17.458	18.355	16.673	16.764	415.42	415.34
07:37:11	17.183	17.083	17.464	18.371	16.673	16.765	415.42	415.34
07:38:11	17.183	17.084	17.478	18.374	16.674	16.765	415.42	415.34
07:39:11	17.184	17.085	17.482	18.378	16.674	16.765	415.42	415.34
07:40:11	17.185	17.086	17.477	18.385	16.676	16.765	415.42	415.34
07:41:11	17.186	17.087	17.478	18.391	16.675	16.765	415.42	415.34
07:42:11	17.187	17.087	17.487	18.401	16.677	16.766	415.42	415.34
07:43:11	17.186	17.088	17.493	18.403	16.676	16.767	415.42	415.34
07:44:11	17.187	17.089	17.495	18.404	16.676	16.766	415.42	415.34
07:45:11	17.187	17.088	17.488	18.169	16.675	16.766	415.42	415.34
07:46:11	17.187	17.088	17.466	17.701	16.674	16.766	415.42	415.34
07:47:11	17.188	17.088	17.431	17.487	16.674	16.767	415.42	415.34
07:48:11	17.188	17.087	17.421	17.659	16.673	16.764	415.42	415.34
07:49:11	17.188	17.086	17.431	17.825	16.672	16.765	415.42	415.34
07:50:11	17.189	17.085	17.431	17.967	16.672	16.765	415.42	415.34
07:51:11	17.189	17.085	17.438	18.078	16.67	16.763	415.42	415.34
07:52:11	17.189	17.084	17.442	18.174	16.669	16.764	415.42	415.34
07:53:12	17.19	17.083	17.441	18.252	16.67	16.763	415.42	415.34
07:54:11	17.19	17.083	17.449	18.299	16.668	16.762	415.42	415.34
07:55:11	17.19	17.08	17.444	18.327	16.665	16.761	415.42	415.34
07:56:11	17.19	17.079	17.451	18.345	16.662	16.759	415.42	415.34
07:57:11	17.19	17.075	17.458	18.357	16.658	16.757	415.42	415.34
07:58:11	17.191	17.074	17.461	18.371	16.657	16.757	415.42	415.34
07:59:11	17.192	17.073	17.456	18.117	16.656	16.758	415.42	415.34
08:00:11	17.191	17.073	17.451	17.82	16.655	16.759	415.42	415.34
08:01:11	17.189	17.075	17.432	17.751	16.659	16.76	415.42	415.34
08:02:11	17.192	17.077	17.427	17.937	16.663	16.76	415.42	415.34
08:03:11	17.191	17.079	17.434	18.127	16.668	16.762	415.42	415.34
08:04:11	17.193	17.084	17.441	18.229	16.67	16.765	415.42	415.34
08:05:11	17.194	17.088	17.449	18.289	16.674	16.766	415.42	415.34
08:06:11	17.194	17.089	17.441	18.327	16.674	16.766	415.42	415.34
08:07:11	17.194	17.092	17.451	18.346	16.676	16.767	415.42	415.34
08:08:11	17.195	17.094	17.457	18.361	16.678	16.768	415.42	415.34
08:09:11	17.195	17.096	17.468	18.369	16.679	16.77	415.42	415.34
08:10:11	17.196	17.098	17.473	18.381	16.68	16.77	415.42	415.34
08:11:11	17.197	17.1	17.469	18.385	16.683	16.772	415.42	415.34
08:12:11	17.196	17.101	17.474	18.236	16.682	16.772	415.42	415.34
08:13:11	17.196	17.103	17.462	17.925	16.682	16.772	415.42	415.34
08:14:11	17.197	17.103	17.445	17.743	16.68	16.772	415.42	415.34
08:15:11	17.198	17.102	17.441	17.87	16.68	16.771	415.42	415.34
08:16:11	17.199	17.102	17.438	17.986	16.679	16.769	415.42	415.34
08:17:11	17.2	17.1	17.431	18.062	16.676	16.768	415.42	415.34
08:18:11	17.2	17.097	17.443	18.137	16.673	16.768	415.42	415.34
08:19:11	17.2	17.095	17.44	18.202	16.67	16.766	415.42	415.34
08:20:11	17.2	17.093	17.448	18.259	16.669	16.766	415.42	415.34
08:21:11	17.2	17.092	17.451	18.301	16.668	16.767	415.42	415.34
08:22:11	17.2	17.091	17.468	18.328	16.667	16.767	415.42	415.34
08:23:11	17.201	17.091	17.468	18.343	16.669	16.766	415.42	415.34
08:24:11	17.201	17.093	17.472	18.362	16.671	16.768	415.42	415.34
08:25:11	17.201	17.093	17.474	18.37	16.673	16.77	415.42	415.34
08:26:11	17.202	17.095	17.467	18.378	16.675	16.77	415.42	415.34
08:27:11	17.202	17.095	17.47	18.38	16.675	16.77	415.42	415.34
08:28:11	17.203	17.098	17.48	18.383	16.676	16.769	415.42	415.34
08:29:11	17.202	17.097	17.481	18.389	16.675	16.769	415.42	415.34
08:30:11	17.202	17.097	17.482	18.387	16.674	16.769	415.42	415.34
08:31:11	17.203	17.097	17.482	18.345	16.672	16.767	415.42	415.34
08:32:13	17.203	17.094	17.473	17.941	16.671	16.767	415.42	415.34
08:33:11	17.204	17.093	17.454	17.694	16.67	16.767	415.42	415.34
08:34:11	17.204	17.095	17.44	17.798	16.671	16.767	415.42	415.34
08:35:11	17.205	17.095	17.443	17.908	16.673	16.768	415.42	415.34
08:36:11	17.205	17.096	17.437	17.999	16.674	16.77	415.42	415.34
08:37:11	17.205	17.096	17.442	18.087	16.674	16.769	415.42	415.34
08:38:11	17.206	17.096	17.447	18.18	16.672	16.769	415.42	415.34
08:39:11	17.206	17.096	17.45	18.246	16.671	16.767	415.42	415.34
08:40:11	17.207	17.095	17.455	18.287	16.669	16.767	415.42	415.34
08:41:11	17.207	17.095	17.457	18.319	16.67	16.766	415.42	415.34
08:42:11	17.207	17.093	17.46	18.338	16.669	16.766	415.42	415.34
08:43:11	17.207	17.093	17.476	18.349	16.668	16.768	415.42	415.34
08:44:11	17.207	17.093	17.469	18.361	16.667	16.767	415.42	415.34
08:45:11	17.208	17.093	17.472	18.371	16.669	16.768	415.42	415.34
08:46:11	17.207	17.094	17.475	18.375	16.668	16.767	415.42	415.34
08:47:11	17.208	17.094	17.474	18.38	16.669	16.768	415.42	415.34
08:48:11	17.209	17.095	17.479	18.382	16.671	16.767	415.42	415.34
08:49:11	17.209	17.097	17.482	18.383	16.67	16.769	415.42	415.34
08:50:11	17.209	17.097	17.478	18.388	16.67	16.769	415.42	415.34
08:51:11	17.209	17.097	17.475	18.392	16.67	16.768	415.42	415.34
08:52:11	17.21	17.097	17.477	18.113	16.672	16.768	415.42	415.34
08:53:11	17.21	17.098	17.458	17.768	16.67	16.769	415.42	415.34
08:54:11	17.211	17.098	17.443	17.672	16.67	16.769	415.42	415.34
08:55:11	17.211	17.099	17.444	17.834	16.671	16.769	415.42	415.34
08:56:11	17.21	17.099	17.441	17.946	16.672	16.769	415.42	415.34
08:57:11	17.212	17.1	17.443	18.032	16.674	16.771	415.42	415.34
08:58:11	17.213	17.1	17.438	18.103	16.673	16.771	415.42	415.34
08:59:11	17.213	17.101	17.441	18.172	16.674	16.769	415.42	415.34
09:00:11	17.213	17.103	17.446	18.238	16.674	16.772	415.42	415.34
09:01:11	17.213	17.104	17.455	18.278	16.674	16.772	415.42	415.34
09:02:11	17.213	17.104	17.462	18.314	16.674	16.771	415.42	415.34
09:03:11	17.215	17.103	17.461	18.337	16.673	16.771	415.42	415.34
09:04:11	17.213	17.102	17.459	18.343	16.673	16.771	415.42	415.34
09:05:11	17.214	17.102	17.467	18.355	16.671	16.771	415.42	415.34
09:06:11	17.214	17.103	17.465	18.365	16.672	16.769	415.42	415.34
09:07:11	17.215	17.101	17.465	18.375	16.671	16.769	415.42	415.34
09:08:11	17.215	17.101	17.477	18.38	16.671	16.771	415.42	415.34
09:09:11	17.217	17.101	17.489	18.381	16.67	16.769	415.42	415.34
09:10:11	17.216	17.101	17.489	18.23	16.669	16.77	415.42	415.34
09:11:11	17.217	17.101	17.469	17.844	16.67	16.771	415.42	415.34
09:12:11	17.217	17.101	17.444	17.683	16.669	16.772	415.42	415.34
09:13:11	17.217	17.101	17.434	17.838	16.669	16.77	415.42	415.34
09:14:11	17.217	17.1	17.433	17.954	16.671	16.77	415.42	415.34
09:15:11	17.219	17.102	17.433	18.054	16.671	16.77	415.42	415.34
09:16:11	17.219	17.103	17.437	18.129	16.673	16.774	415.42	415.34
09:17:11	17.22	17.104	17.451	18.197	16.675	16.774	415.42	415.34
09:18:11	17.219	17.105	17.451	18.248	16.675	16.773	415.42	415.34
09:19:11	17.22	17.107	17.45	18.289	16.678	16.774	415.42	415.34
09:20:11	17.22	17.109	17.454	18.32	16.678	16.775	415.42	415.34
09:21:11	17.22	17.11	17.459	18.343	16.678	16.775	415.42	415.34
09:22:11	17.22	17.11	17.462	18.354	16.677	16.776	415.42	415.34
09:23:11	17.22	17.11	17.465	18.365	16.678	16.775	415.42	415.34
09:24:11	17.221	17.11	17.469	18.368	16.675	16.774	415.42	415.34
09:25:11	17.222	17.11	17.479	18.374	16.676	16.774	415.42	415.34
09:26:11	17.222	17.109	17.48	18.381	16.676	16.775	415.42	415.34
09:27:11	17.222	17.109	17.473	18.383	16.676	16.775	415.42	415.34
09:28:11	17.222	17.109	17.476	18.389	16.674	16.773	415.42	415.34
09:29:11	17.223	17.11	17.486	18.387	16.675	16.774	415.42	415.34
09:30:11	17.223	17.109	17.49	18.393	16.676	16.774	415.42	415.34
09:31:11	17.224	17.109	17.487	18.234	16.675	16.773	415.42	415.34
09:32:11	17.222	17.108	17.464	17.854	16.674	16.776	415.42	415.34
09:33:11	17.223	17.108	17.435	17.641	16.675	16.775	415.42	415.34
09:34:11	17.225	17.109	17.423	17.743	16.676	16.775	415.42	415.34
09:35:11	17.224	17.11	17.43	17.872	16.676	16.775	415.42	415.34
09:36:11	17.225	17.11	17.43	17.957	16.677	16.776	415.42	415.34
09:37:11	17.226	17.111	17.435	18.059	16.675	16.776	415.42	415.34
09:38:11	17.226	17.111	17.432	18.159	16.675	16.775	415.42	415.34
09:39:11	17.226	17.111	17.438	18.235	16.676	16.775	415.42	415.34
09:40:11	17.227	17.111	17.443	18.289	16.676	16.776	415.42	415.34
09:41:11	17.227	17.112	17.449	18.327	16.676	16.775	415.42	415.34
09:42:11	17.228	17.112	17.452	18.349	16.676	16.777	415.42	415.34
09:43:11	17.227	17.113	17.463	18.359	16.677	16.776	415.42	415.34
09:44:11	17.227	17.114	17.472	18.369	16.677	16.778	415.42	415.34
09:45:11	17.229	17.114	17.46	18.373	16.678	16.778	415.42	415.34
09:46:11	17.228	17.115	17.463	18.381	16.679	16.777	415.42	415.34
09:47:11	17.228	17.115	17.475	18.384	16.677	16.777	415.42	415.34
09:48:11	17.229	17.115	17.474	18.39	16.68	16.778	415.42	415.34
09:49:11	17.229	17.116	17.487	18.395	16.679	16.779	415.42	415.34
09:50:11	17.229	17.117	17.479	18.397	16.68	16.779	415.42	415.34
09:51:11	17.23	17.118	17.484	18.398	16.681	16.779	415.42	415.34
09:52:11	17.231	17.118	17.485	18.396	16.68	16.78	415.42	415.34
09:53:11	17.23	17.119	17.483	18.399	16.681	16.779	415.42	415.34
09:54:11	17.232	17.12	17.486	18.403	16.681	16.78	415.42	415.34
09:55:11	17.233	17.121	17.484	18.402	16.683	16.781	0.0	415.34
09:56:11	17.233	17.121	17.491	18.412	16.682	16.781	415.42	415.34
09:57:11	17.233	17.12	17.496	18.026	16.683	16.78	415.42	415.34
09:58:11	17.233	17.121	17.471	17.719	16.68	16.779	415.42	415.34
09:59:11	17.234	17.121	17.444	17.633	16.682	16.78	415.42	415.34
10:00:11	17.234	17.122	17.443	17.812	16.681	16.78	415.42	415.34
10:01:11	17.233	17.121	17.438	17.925	16.681	16.78	415.42	415.34
10:02:11	17.234	17.12	17.436	18.015	16.682	16.78	415.42	415.34
10:03:11	17.235	17.12	17.438	18.103	16.68	16.78	415.42	415.34
10:04:11	17.235	17.121	17.446	18.182	16.68	16.78	415.42	415.34
10:05:11	17.235	17.12	17.452	18.246	16.681	16.78	415.42	415.34
10:06:11	17.236	17.121	17.456	18.287	16.682	16.782	415.42	415.34
10:07:11	17.237	17.122	17.463	18.32	16.683	16.782	415.42	415.34
10:08:11	17.237	17.123	17.464	18.344	16.683	16.782	415.42	415.34
10:09:11	17.237	17.124	17.465	18.356	16.685	16.783	415.42	415.34
10:10:11	17.237	17.125	17.465	18.368	16.684	16.781	415.42	415.34
10:11:11	17.239	17.127	17.468	18.378	16.686	16.784	415.42	415.34
10:12:11	17.238	17.127	17.471	18.384	16.687	16.784	415.42	415.34
10:13:11	17.238	17.13	17.478	18.39	16.688	16.785	415.42	415.34
10:14:11	17.24	17.131	17.485	18.391	16.688	16.786	415.42	415.34
10:15:11	17.239	17.131	17.483	18.395	16.689	16.786	415.42	415.34
10:16:11	17.24	17.131	17.49	18.399	16.688	16.786	415.42	415.34
10:17:11	17.241	17.131	17.494	18.081	16.688	16.785	415.42	415.34
10:18:11	17.241	17.13	17.466	17.72	16.689	16.784	415.42	415.34
10:19:11	17.242	17.131	17.443	17.591	16.688	16.785	415.42	415.34
10:20:13	17.242	17.131	17.438	17.759	16.686	16.784	415.42	415.34
10:21:11	17.242	17.129	17.433	17.901	16.684	16.783	415.42	415.34
10:22:11	17.242	17.129	17.433	18.012	16.683	16.782	415.42	415.34
10:23:11	17.243	17.128	17.434	18.077	16.684	16.783	415.42	415.34
10:24:11	17.243	17.127	17.434	18.15	16.684	16.783	415.42	415.34
10:25:11	17.243	17.126	17.439	18.215	16.684	16.783	415.42	415.34
10:26:11	17.243	17.127	17.447	18.268	16.685	16.782	415.42	415.34
10:27:11	17.243	17.128	17.447	18.311	16.685	16.781	415.42	415.34
10:28:11	17.245	17.127	17.452	18.338	16.685	16.782	415.42	415.34
10:29:11	17.243	17.127	17.455	18.362	16.682	16.781	415.42	415.34
10:30:11	17.243	17.127	17.461	18.362	16.684	16.78	415.42	415.34
10:31:11	17.245	17.127	17.465	18.366	16.683	16.781	415.42	415.34
10:32:11	17.244	17.126	17.472	18.37	16.682	16.781	415.42	415.34
10:33:11	17.244	17.125	17.475	18.118	16.681	16.78	415.42	415.34
10:34:11	17.245	17.125	17.462	17.863	16.682	16.78	0.0	415.34
10:35:11	17.246	17.127	17.451	17.958	16.681	16.781	415.42	415.34
10:36:11	17.246	17.125	17.451	18.079	16.682	16.781	415.42	415.34
10:37:11	17.246	17.127	17.447	18.158	16.681	16.781	415.42	415.34
10:38:11	17.245	17.129	17.455	18.223	16.683	16.782	415.42	415.34
10:39:11	17.247	17.129	17.455	18.262	16.682	16.781	415.42	415.34
10:40:11	17.246	17.128	17.457	18.296	16.682	16.782	415.42	415.34
10:41:11	17.247	17.13	17.454	18.318	16.681	16.781	415.42	415.34
10:42:11	17.248	17.128	17.465	18.335	16.682	16.782	415.42	415.34
10:43:11	17.249	17.13	17.465	18.35	16.683	16.781	415.42	415.34
10:44:11	17.248	17.129	17.478	18.366	16.682	16.781	415.42	415.34
10:45:11	17.249	17.13	17.475	18.376	16.681	16.782	415.42	415.34
10:46:11	17.25	17.132	17.482	18.38	16.682	16.783	415.42	415.34
10:47:11	17.25	17.131	17.49	18.385	16.682	16.781	415.42	415.34
10:48:11	17.249	17.132	17.49	18.4	16.681	16.783	415.42	415.34
10:49:11	17.25	17.131	17.487	18.403	16.681	16.784	415.42	415.34
10:50:11	17.25	17.131	17.496	18.377	16.681	16.782	415.42	415.34
10:51:11	17.25	17.13	17.49	18.031	16.683	16.784	415.42	415.34
10:52:11	17.25	17.13	17.47	17.706	16.682	16.782	415.42	415.34
10:53:11	17.251	17.131	17.451	17.741	16.683	16.784	415.42	415.34
10:54:11	17.252	17.132	17.448	17.908	16.681	16.782	415.42	415.34
10:55:11	17.252	17.132	17.446	18.018	16.681	16.782	415.42	415.34
10:56:11	17.251	17.132	17.453	18.098	16.682	16.785	415.42	415.34
10:57:11	17.251	17.132	17.458	18.174	16.683	16.783	415.42	415.34
10:58:11	17.252	17.132	17.471	18.237	16.682	16.784	415.42	415.34
10:59:11	17.252	17.133	17.473	18.286	16.683	16.783	415.42	415.34
11:00:11	17.252	17.133	17.47	18.327	16.681	16.784	415.42	415.34
11:01:11	17.253	17.134	17.469	18.352	16.681	16.785	415.42	415.34
11:02:11	17.254	17.132	17.476	18.369	16.681	16.784	415.42	415.34
11:03:11	17.253	17.133	17.481	18.377	16.682	16.785	415.42	415.34
11:04:11	17.253	17.134	17.5	18.383	16.683	16.786	415.42	415.34
11:05:11	17.254	17.135	17.502	18.391	16.684	16.786	415.42	415.34
11:06:11	17.255	17.137	17.498	18.399	16.687	16.788	415.42	415.34
11:07:11	17.255	17.139	17.508	18.335	16.689	16.788	415.42	415.34
11:08:11	17.255	17.141	17.496	17.911	16.689	16.79	415.42	415.34
11:09:11	17.256	17.144	17.472	17.653	16.691	16.79	415.42	415.34
11:10:11	17.257	17.144	17.457	17.677	16.689	16.79	415.42	415.34
11:11:11	17.257	17.145	17.453	17.851	16.69	16.79	415.42	415.34
11:12:11	17.256	17.143	17.447	17.953	16.689	16.789	415.42	415.34
11:13:11	17.258	17.143	17.443	18.035	16.691	16.79	415.42	415.34
11:14:11	17.258	17.143	17.44	18.118	16.689	16.79	415.42	415.34
11:15:11	17.258	17.144	17.451	18.192	16.69	16.791	415.42	415.34
11:16:11	17.258	17.143	17.456	18.246	16.689	16.79	415.42	415.34
11:17:11	17.259	17.144	17.465	18.293	16.69	16.793	415.42	415.34
11:18:11	17.259	17.142	17.46	18.326	16.69	16.79	415.42	415.34
11:19:11	17.259	17.144	17.464	18.354	16.69	16.789	415.42	415.34
11:20:11	17.259	17.142	17.468	18.358	16.689	16.79	415.42	415.34
11:21:11	17.26	17.144	17.478	18.373	16.69	16.791	415.42	415.34
11:22:11	17.26	17.144	17.486	18.383	16.691	16.791	415.42	415.34
11:23:11	17.261	17.146	17.484	18.388	16.692	16.791	415.42	415.34
11:24:11	17.262	17.146	17.495	18.394	16.691	16.792	415.42	415.34
11:25:11	17.261	17.147	17.49	18.394	16.693	16.793	415.42	415.34
11:26:11	17.261	17.147	17.498	18.4	16.694	16.794	415.42	415.34
11:27:11	17.263	17.15	17.497	18.406	16.697	16.795	415.42	415.34
11:28:11	17.262	17.151	17.491	18.411	16.698	16.795	415.42	415.34
11:29:11	17.263	17.152	17.501	18.413	16.697	16.794	415.42	415.34
11:30:11	17.264	17.152	17.499	18.08	16.699	16.795	415.42	415.34
11:31:11	17.264	17.153	17.471	17.721	16.699	16.795	415.42	415.34
11:32:11	17.264	17.154	17.446	17.568	16.698	16.796	415.42	415.34
11:33:11	17.265	17.153	17.435	17.728	16.699	16.796	415.42	415.34
11:34:11	17.264	17.153	17.436	17.878	16.697	16.795	415.42	415.34
11:35:11	17.265	17.152	17.439	17.98	16.697	16.796	415.42	415.34
11:36:11	17.266	17.151	17.442	18.049	16.696	16.794	415.42	415.34
11:37:11	17.266	17.151	17.449	18.12	16.697	16.795	415.42	415.34
11:38:12	17.266	17.151	17.449	18.189	16.696	16.795	415.42	415.34
11:39:11	0.0	17.151	17.449	18.247	16.697	16.796	415.42	415.34
11:40:11	17.266	17.152	17.456	18.293	16.697	16.797	415.42	415.34
11:41:11	17.267	17.152	17.457	18.322	16.699	16.796	415.42	415.34
11:42:11	17.267	17.153	17.467	18.346	16.699	16.797	415.42	415.34
11:43:11	17.268	17.153	17.472	18.366	16.699	16.798	415.42	415.34
11:44:11	17.268	17.154	17.484	18.377	16.7	16.797	415.42	415.34
11:45:11	17.268	17.154	17.486	18.391	16.699	16.796	415.42	415.34
11:46:11	17.268	17.154	17.479	18.396	16.697	16.797	415.42	415.34
11:47:11	17.268	17.154	17.479	18.384	16.696	16.796	415.42	415.34
11:48:11	17.269	17.154	17.476	17.997	16.696	16.797	415.42	415.34
11:49:11	17.269	17.153	17.459	17.722	16.697	16.797	415.42	415.34
11:50:11	17.269	17.153	17.454	17.836	16.696	16.797	415.42	415.34
11:51:11	17.27	17.153	17.451	17.938	16.697	16.794	415.42	415.34
11:52:11	17.27	17.154	17.449	18.047	16.697	16.797	415.42	415.34
11:53:11	17.27	17.154	17.452	18.156	16.697	16.797	415.42	415.34
11:54:11	17.271	17.153	17.457	18.238	16.697	16.797	415.42	415.34
11:55:11	17.272	17.155	17.457	18.292	16.699	16.798	415.42	415.34
11:56:11	17.272	17.155	17.469	18.332	16.698	16.798	415.42	415.34
11:57:11	17.272	17.157	17.476	18.352	16.698	16.799	415.42	415.34
11:58:11	17.272	17.157	17.473	18.372	16.7	16.797	415.42	415.34
11:59:11	17.273	17.158	17.473	18.374	16.7	16.799	415.42	415.34
12:00:11	17.273	17.158	17.475	18.385	16.699	16.798	415.42	415.34
12:01:11	17.273	17.159	17.494	18.395	16.701	16.799	415.42	415.34
12:02:11	17.273	17.16	17.493	18.399	16.701	16.798	415.42	415.34
12:03:11	17.273	17.159	17.501	18.397	16.701	16.799	415.42	415.34
12:04:11	17.275	17.159	17.494	17.994	16.702	16.798	415.42	415.34
12:05:11	17.273	17.16	17.466	17.701	16.701	16.798	415.42	415.34
12:06:11	17.275	17.159	17.458	17.837	16.701	16.799	415.42	415.34
12:07:11	17.275	17.161	17.456	17.955	16.701	16.801	415.42	415.34
12:08:11	17.275	17.162	17.458	18.053	16.702	16.8	415.42	415.34
12:09:11	17.277	17.163	17.461	18.153	16.703	16.802	415.42	415.34
12:10:11	17.276	17.164	17.466	18.238	16.704	16.801	415.42	415.34
12:11:11	17.276	17.164	17.469	18.294	16.702	16.8	415.42	415.34
12:12:11	17.277	17.165	17.475	18.334	16.704	16.802	415.42	415.34
12:13:12	17.277	17.165	17.482	18.359	16.703	16.801	415.42	415.34
12:14:11	17.278	17.166	17.484	18.371	16.705	16.802	415.42	415.34
12:15:11	17.279	17.166	17.478	18.381	16.705	16.803	415.42	415.34
12:16:11	17.279	17.165	17.486	18.385	16.704	16.802	415.42	415.34
12:17:11	17.279	17.165	17.496	18.385	16.702	16.801	415.42	415.34
12:18:11	17.279	17.165	17.488	18.39	16.703	16.802	415.42	415.34
12:19:11	17.28	17.165	17.496	18.392	16.702	16.802	415.42	415.34
12:20:11	17.279	17.165	17.499	18.401	16.703	16.802	415.42	415.34
12:21:11	17.279	17.164	17.507	18.407	16.703	16.802	415.42	415.34
12:22:11	17.28	17.165	17.505	18.107	16.703	16.8	415.42	415.34
12:23:11	17.281	17.165	17.488	17.945	16.703	16.802	415.42	415.34
12:24:11	17.281	17.165	17.489	18.032	16.702	16.802	415.42	415.34
12:25:11	17.281	17.164	17.489	18.118	16.701	16.801	415.42	415.34
12:26:11	17.281	17.165	17.479	18.195	16.701	16.801	415.42	415.34
12:27:11	17.282	17.165	17.486	18.26	16.702	16.801	415.42	415.34
12:28:11	17.282	17.165	17.483	18.307	16.701	16.802	415.42	415.34
12:29:11	17.283	17.166	17.495	18.342	16.702	16.802	415.42	415.34
12:30:11	17.283	17.164	17.493	18.368	16.701	16.802	415.42	415.34
12:31:11	17.284	17.166	17.492	18.38	16.702	16.801	415.42	415.34
12:32:11	17.282	17.166	17.5	18.393	16.701	16.802	415.42	415.34
12:33:11	17.284	17.165	17.498	18.398	16.702	16.801	415.42	415.34
12:34:11	17.284	17.166	17.5	18.405	16.701	16.803	415.42	415.34
12:35:11	17.284	17.166	17.513	18.402	16.703	16.802	415.42	415.34
12:36:11	17.284	17.167	17.516	18.405	16.702	16.803	415.42	415.34
12:37:11	17.285	17.168	17.506	17.97	16.703	16.803	415.42	415.34
12:38:11	17.285	17.169	17.479	17.67	16.704	16.803	415.42	415.34
12:39:11	17.286	17.17	17.455	17.621	16.701	16.802	415.42	415.34
12:40:11	17.286	17.168	17.458	17.808	16.703	16.801	415.42	415.34
12:41:11	17.286	17.169	17.465	17.936	16.702	16.802	415.42	415.34
12:42:11	17.286	17.168	17.46	18.017	16.703	16.803	415.42	415.34
12:43:11	17.286	17.168	17.458	18.107	16.702	16.802	0.0	415.34
12:44:11	17.286	17.167	17.461	18.188	16.702	16.804	415.42	415.34
12:45:12	17.287	17.168	17.461	18.249	16.705	16.802	415.42	415.34
12:46:11	0.0	17.17	17.471	18.297	16.704	16.803	415.42	415.34
12:47:11	17.288	17.17	17.476	18.333	16.704	16.804	415.42	415.34
12:48:11	17.288	17.17	17.478	18.355	16.703	16.803	415.42	415.34
12:49:11	17.288	17.17	17.483	18.369	16.705	16.803	415.42	415.34
12:50:11	17.289	17.17	17.485	18.375	16.704	16.804	415.42	415.34
12:51:11	17.289	17.171	17.484	18.379	16.704	16.802	415.42	415.34
12:52:11	17.289	17.17	17.496	18.392	16.703	16.803	415.42	415.34
12:53:11	17.289	17.169	17.499	18.398	16.702	16.801	415.42	415.34
12:54:11	17.29	17.169	17.505	18.404	16.703	16.802	415.42	415.34
12:55:11	17.29	17.169	17.508	18.405	16.703	16.802	415.42	415.34
12:56:11	17.291	17.168	17.508	18.41	16.703	16.8	415.42	415.34
12:57:11	17.29	17.168	17.508	18.422	16.702	16.801	415.42	415.34
12:58:11	17.291	17.169	17.511	18.422	16.702	16.802	415.42	415.34
12:59:11	17.292	17.171	17.512	18.42	16.704	16.803	415.42	415.34
13:00:13	17.292	17.172	17.514	18.423	16.706	16.803	415.42	415.34
13:01:11	17.292	17.173	17.522	18.418	16.705	16.805	415.42	415.34
13:02:11	17.293	17.174	17.517	18.427	16.707	16.806	415.42	415.34
13:03:11	17.292	17.175	17.52	18.424	16.708	16.806	415.42	415.34
13:04:11	17.294	17.175	17.518	18.046	16.708	16.806	415.42	415.34
13:05:11	17.293	17.175	17.485	17.692	16.706	16.806	415.42	415.34
13:06:11	17.293	17.175	17.465	17.514	16.705	16.804	415.42	415.34
13:07:11	17.294	17.175	17.456	17.716	16.705	16.804	415.42	415.34
13:08:11	17.294	17.175	17.46	17.886	16.706	16.806	415.42	415.34
13:09:11	17.294	17.175	17.459	18.0	16.706	16.805	415.42	415.34
13:10:11	17.295	17.176	17.466	18.104	16.706	16.805	415.42	415.34
13:11:11	17.295	17.177	17.466	18.182	16.707	16.806	415.42	415.34
13:12:11	17.296	17.177	17.477	18.26	16.707	16.806	415.42	415.34
13:13:11	17.297	17.177	17.479	18.312	16.707	16.807	415.42	415.34
13:14:11	17.296	17.178	17.491	18.339	16.707	16.805	415.42	415.34
13:15:11	17.296	17.179	17.495	18.357	16.707	16.806	415.42	415.34
13:16:11	17.297	17.178	17.494	18.371	16.707	16.808	415.42	415.34
13:17:11	17.297	17.178	17.492	18.387	16.708	16.806	415.42	415.34
13:18:11	17.297	17.177	17.498	18.395	16.706	16.806	415.42	415.34
13:19:11	17.297	17.178	17.492	18.396	16.706	16.806	415.42	415.34
13:20:11	17.297	17.177	17.5	18.403	16.706	16.806	415.42	415.34
13:21:11	17.298	17.178	17.508	18.409	16.706	16.806	415.42	415.34
13:22:11	17.299	17.179	17.504	18.058	16.707	16.806	415.42	415.34
13:23:11	17.299	17.178	17.478	17.734	16.706	16.808	415.42	415.34
13:24:11	17.299	17.18	17.463	17.786	16.706	16.806	415.42	415.34
13:25:11	17.301	17.179	17.465	17.908	16.707	16.807	415.42	415.34
13:26:11	17.3	17.179	17.467	18.028	16.706	16.805	415.42	415.34
13:27:11	17.301	17.178	17.463	18.133	16.707	16.805	415.42	415.34
13:28:11	17.301	17.179	17.466	18.229	16.705	16.805	415.42	415.34
13:29:11	17.301	17.18	17.469	18.293	16.707	16.806	415.42	415.34
13:30:11	17.301	17.181	17.478	18.336	16.707	16.805	415.42	415.34
13:31:11	17.302	17.181	17.483	18.365	16.71	16.805	415.42	415.34
13:32:11	17.302	17.184	17.498	18.384	16.709	16.806	415.42	415.34
13:33:11	17.302	17.185	17.504	18.389	16.711	16.806	415.42	415.34
13:34:11	17.304	17.186	17.514	18.398	16.712	16.806	415.42	415.34
13:35:11	17.303	17.186	17.516	18.401	16.712	16.805	415.42	415.34
13:36:11	17.304	17.187	17.509	18.411	16.711	16.807	415.42	415.34
13:37:11	17.304	17.187	17.51	18.37	16.712	16.805	415.42	415.34
13:38:11	17.304	17.187	17.505	18.03	16.71	16.805	415.42	415.34
13:39:11	17.305	17.186	17.489	17.838	16.71	16.805	415.42	415.34
13:40:11	17.306	17.186	17.485	17.909	16.709	16.805	415.42	415.34
13:41:11	17.305	17.185	17.478	18.027	16.71	16.805	415.42	415.34
13:42:11	17.305	17.185	17.478	18.133	16.709	16.806	415.42	415.34
13:43:11	0.0	17.184	17.477	18.221	16.709	16.806	415.42	415.34
13:44:11	17.306	17.185	17.482	18.298	16.71	16.805	415.42	415.34
13:45:11	17.307	17.186	17.489	18.343	16.71	16.806	415.42	415.34
13:46:13	17.306	17.186	17.497	18.372	16.71	16.806	415.42	415.34
13:47:11	17.308	17.186	17.497	18.389	16.709	16.806	415.42	415.34
13:48:11	17.306	17.187	17.5	18.404	16.71	16.807	415.42	415.34
13:49:11	17.308	17.188	17.512	18.406	16.709	16.806	415.42	415.34
13:50:11	17.307	17.188	17.505	18.41	16.71	16.806	415.42	415.34
13:51:11	17.307	17.188	17.513	18.411	16.71	16.807	415.42	415.34
13:52:11	17.308	17.189	17.51	18.42	16.711	16.808	415.42	415.34
13:53:11	17.308	17.188	17.509	18.418	16.711	16.808	415.42	415.34
13:54:11	17.309	17.19	17.51	18.306	16.71	16.808	415.42	415.34
13:55:11	17.309	17.191	17.498	17.824	16.711	16.809	415.42	415.34
13:56:11	17.309	17.191	17.461	17.573	16.709	16.808	415.42	415.34
13:57:11	17.311	17.191	17.453	17.694	16.71	16.81	415.42	415.34
13:58:11	17.31	17.19	17.459	17.866	16.711	16.809	415.42	415.34
13:59:11	17.311	17.191	17.463	17.977	16.71	16.808	415.42	415.34
14:00:11	17.31	17.191	17.463	18.054	16.711	16.809	415.42	415.34
14:01:11	17.311	17.191	17.47	18.137	16.711	16.81	415.42	415.34
14:02:11	17.31	17.19	17.473	18.215	16.709	16.809	415.42	415.34
14:03:11	17.311	17.191	17.478	18.275	16.71	16.809	415.42	415.34
14:04:11	17.312	17.192	17.483	18.322	16.71	16.81	415.42	415.34
14:05:11	17.312	17.192	17.492	18.35	16.711	16.811	415.42	415.34
14:06:11	17.312	17.193	17.499	18.376	16.71	16.811	415.42	415.34
14:07:11	17.313	17.194	17.505	18.39	16.712	16.811	415.42	415.34
14:08:11	17.313	17.194	17.505	18.399	16.712	16.812	415.42	415.34
14:09:11	17.312	17.195	17.513	18.41	16.712	16.812	415.42	415.34
14:10:11	17.314	17.195	17.511	18.411	16.713	16.813	415.42	415.34
14:11:11	17.314	17.196	17.502	18.023	16.712	16.812	415.42	415.34
14:12:11	17.314	17.197	17.474	17.738	16.714	16.813	415.42	415.34
14:13:12	17.315	17.196	17.456	17.733	16.713	16.812	415.42	415.34
14:14:11	17.315	17.196	17.459	17.849	16.713	16.813	415.42	415.34
14:15:11	17.315	17.196	17.458	17.954	16.714	16.811	415.42	415.34
14:16:11	17.316	17.196	17.462	18.056	16.713	16.812	415.42	415.34
14:17:11	17.316	17.196	17.467	18.163	16.715	16.813	415.42	415.34
14:18:11	17.317	17.196	17.474	18.252	16.713	16.813	415.42	415.34
14:19:11	17.316	17.196	17.471	18.307	16.712	16.811	415.42	415.34
14:20:11	17.317	17.195	17.476	18.341	16.712	16.811	415.42	415.34
14:21:11	17.317	17.195	17.479	18.365	16.713	16.81	415.42	415.34
14:22:11	17.317	17.195	17.484	18.375	16.712	16.81	415.42	415.34
14:23:11	17.317	17.196	17.494	18.386	16.712	16.81	415.42	415.34
14:24:11	17.318	17.196	17.503	18.397	16.712	16.81	415.42	415.34
14:25:11	17.319	17.196	17.498	18.406	16.712	16.811	415.42	415.34
14:26:11	17.318	17.196	17.503	18.413	16.712	16.811	415.42	415.34
14:27:11	17.318	17.196	17.509	18.419	16.711	16.811	415.42	415.34
14:28:11	17.319	17.196	17.507	18.42	16.713	16.812	415.42	415.34
14:29:11	17.32	17.198	17.509	18.423	16.713	16.813	415.42	415.34
14:30:11	17.32	17.199	17.509	18.057	16.712	16.812	415.42	415.34
14:31:11	17.319	17.199	17.493	17.716	16.713	16.813	415.42	415.34
14:32:11	17.321	17.199	17.468	17.668	16.713	16.812	415.42	415.34
14:33:11	17.32	17.199	17.47	17.838	16.714	16.812	415.42	415.34
14:34:11	17.321	17.199	17.463	17.947	16.713	16.813	415.42	415.34
14:35:11	17.321	17.199	17.47	18.047	16.713	16.813	415.42	415.34
14:36:11	17.321	17.2	17.469	18.127	16.713	16.812	415.42	415.34
14:37:11	17.32	17.199	17.469	18.21	16.714	16.811	415.42	415.34
14:38:11	17.322	17.2	17.476	18.272	16.713	16.813	415.42	415.34
14:39:11	17.322	17.2	17.478	18.32	16.713	16.811	415.42	415.34
14:40:11	17.323	17.198	17.48	18.358	16.714	16.813	415.42	415.34
14:41:11	17.324	17.2	17.492	18.389	16.713	16.812	415.42	415.34
14:42:11	17.322	17.201	17.503	18.407	16.713	16.813	415.42	415.34
14:43:11	17.323	17.201	17.51	18.418	16.714	16.813	415.42	415.34
14:44:11	17.324	17.201	17.506	18.433	16.714	16.813	415.42	415.34
14:45:11	17.324	17.202	17.514	18.295	16.716	16.815	415.42	415.34
14:46:11	17.324	17.203	17.505	17.909	16.715	16.816	415.42	415.34
14:47:11	17.325	17.203	0.0	17.729	16.716	16.816	415.42	415.34
14:48:11	17.324	17.203	17.455	17.609	16.715	16.816	415.42	415.34
14:49:11	17.325	17.204	17.463	17.825	16.715	16.815	415.42	415.34
14:50:11	17.325	17.204	17.463	17.954	16.716	16.815	415.42	415.34
14:51:11	17.326	17.203	17.468	18.06	16.716	16.814	415.42	415.34
14:52:11	17.325	17.203	17.475	18.134	16.716	16.816	415.42	415.34
14:53:11	17.326	17.204	17.483	18.208	16.715	16.815	415.42	415.34
14:54:11	17.325	17.204	17.483	18.271	16.717	16.815	415.42	415.34
14:55:12	17.327	17.204	17.489	18.325	16.717	16.815	415.42	415.34
14:56:11	17.326	17.205	17.489	18.359	16.716	16.816	415.42	415.34
14:57:11	17.327	17.205	17.497	18.388	16.715	16.815	415.42	415.34
14:58:11	17.327	17.205	17.502	18.405	16.715	16.816	415.42	415.34
14:59:11	17.328	17.204	17.498	18.138	16.716	16.816	415.42	415.34
15:00:11	17.329	17.204	17.483	17.796	16.716	16.816	415.42	415.34
15:01:11	17.328	17.205	17.467	17.776	16.715	16.816	415.42	415.34
15:02:11	17.329	17.205	17.464	17.912	16.715	16.815	415.42	415.34
15:03:11	17.329	17.203	17.465	18.069	16.715	16.816	415.42	415.34
15:04:11	17.329	17.204	17.467	18.205	16.714	16.815	415.42	415.34
15:05:11	17.33	17.204	17.473	18.297	16.715	16.814	415.42	415.34
15:06:12	17.329	17.203	17.481	18.343	16.713	16.816	415.42	415.34
15:07:11	17.329	17.203	17.483	18.37	16.714	16.815	415.42	415.34
15:08:11	17.33	17.204	17.493	18.393	16.714	16.817	415.42	415.34
15:09:11	17.33	17.204	17.497	18.405	16.714	16.816	415.42	415.34
15:10:11	17.33	17.204	17.499	18.415	16.714	16.815	415.42	415.34
15:11:11	17.331	17.204	17.503	18.422	16.713	16.815	415.42	415.34
15:12:11	17.331	17.205	17.509	18.377	16.713	16.815	415.42	415.34
15:13:11	17.33	17.204	17.505	18.002	16.712	16.815	415.42	415.34
15:14:11	17.332	17.205	17.497	17.966	16.713	16.816	415.42	415.34
15:15:11	17.331	17.206	17.496	18.055	16.715	16.816	415.42	415.34
15:16:11	17.333	17.206	17.5	18.15	16.716	16.816	415.42	415.34
15:17:11	17.332	17.207	17.495	18.252	16.715	16.815	415.42	415.34
15:18:13	17.333	17.206	17.497	18.315	16.714	16.816	415.42	415.34
15:19:11	17.333	17.206	17.508	18.36	16.715	16.816	415.42	415.34
15:20:11	17.333	17.206	17.51	18.387	16.714	16.814	415.42	415.34
15:21:11	17.333	17.207	17.505	18.139	16.716	16.816	415.42	415.34
15:22:11	17.332	17.206	17.492	17.806	16.714	16.816	415.42	415.34
15:23:11	17.334	17.206	17.472	17.569	16.713	16.816	415.42	415.34
15:24:11	17.333	17.206	17.455	17.73	16.714	16.817	415.42	415.34
15:25:14	17.334	17.206	17.46	17.9	16.714	16.816	415.42	415.34
15:26:11	17.334	17.208	17.463	17.988	16.713	16.816	415.42	415.34
15:27:11	17.332	17.206	17.47	18.089	16.712	16.816	415.42	415.34
15:28:11	17.335	17.206	17.47	18.172	16.713	16.816	415.42	415.34
15:29:11	17.334	17.206	17.466	18.241	16.712	16.816	415.42	415.34
15:30:11	17.334	17.205	17.473	18.295	16.711	16.816	415.42	415.34
15:31:11	17.335	17.206	17.477	18.337	16.712	16.817	415.42	415.34
15:32:11	17.335	17.206	17.484	18.364	16.712	16.817	415.42	415.34
15:33:11	17.336	17.206	17.487	18.382	16.713	16.817	415.42	415.34
15:34:11	17.335	17.207	17.492	18.392	16.711	16.817	415.42	415.34
15:35:11	17.336	17.207	17.507	18.402	16.712	16.817	415.42	415.34
15:36:11	17.336	17.208	17.506	18.416	16.713	16.816	415.42	415.34
15:37:11	17.337	17.208	17.515	18.423	16.713	16.817	415.42	415.34
15:38:11	17.337	17.208	17.514	18.43	16.714	16.817	415.42	415.34
15:39:11	17.337	17.209	17.513	18.443	16.713	16.817	415.42	415.34
15:40:11	17.337	17.209	17.508	18.094	16.714	16.819	415.42	415.34
15:41:11	17.338	17.209	17.497	17.802	16.713	16.818	415.42	415.34
15:42:11	17.338	17.209	17.475	17.64	16.715	16.816	415.42	415.34
15:43:11	17.339	17.21	17.465	17.787	16.714	16.817	415.42	415.34
15:44:11	17.338	17.21	17.465	17.927	16.715	16.818	415.42	415.34
15:45:12	17.339	17.211	17.474	18.033	16.714	16.818	415.42	415.34
15:46:11	17.339	17.21	17.478	18.132	16.714	16.817	415.42	415.34
15:47:11	17.339	17.21	17.48	18.23	16.715	16.817	415.42	415.34
15:48:11	17.34	17.21	17.484	18.308	16.714	16.819	415.42	415.34
15:49:11	17.34	17.211	17.493	18.368	16.716	16.818	415.42	415.34
15:50:11	17.34	17.211	17.499	18.333	16.715	16.82	415.42	415.34
15:51:11	17.34	17.211	17.492	17.925	16.715	16.819	415.42	415.34
15:52:11	17.34	17.212	17.482	17.891	16.714	16.819	415.42	415.34
15:53:11	17.339	17.211	17.479	18.011	16.715	16.819	415.42	415.34
15:54:11	17.34	17.21	17.474	18.117	16.715	16.818	415.42	415.34
15:55:11	17.341	17.21	17.475	18.223	16.714	16.819	415.42	415.34
15:56:11	17.341	17.211	17.489	18.309	16.714	16.819	415.42	415.34
15:57:11	17.341	17.211	17.499	18.374	16.714	16.818	415.42	415.34
15:58:11	17.341	17.211	17.507	18.411	16.712	16.818	415.42	415.34
15:59:11	17.342	17.211	17.513	18.431	16.712	16.817	415.42	415.34
16:00:11	17.342	17.211	17.52	18.442	16.712	16.819	415.42	415.34
16:01:11	17.341	17.21	17.519	18.362	16.711	16.819	415.42	415.34
16:02:11	17.343	17.211	17.514	17.942	16.712	16.817	415.42	415.34
16:03:11	17.343	17.21	17.493	17.718	16.712	16.819	415.42	415.34
16:04:11	17.343	17.211	17.463	17.577	16.713	16.818	415.42	415.34
16:05:11	17.343	17.21	17.452	17.675	16.712	16.819	415.42	415.34
16:06:11	17.344	17.21	17.459	17.83	16.711	16.82	415.42	415.34
16:07:11	17.344	17.211	17.46	17.967	16.712	16.818	415.42	415.34
16:08:11	17.344	17.211	17.466	18.129	16.712	16.82	415.42	415.34
16:09:13	17.345	17.211	17.469	18.248	16.712	16.821	415.42	415.34
16:10:11	0.0	17.212	17.471	18.319	16.714	16.82	415.42	415.34
16:11:11	17.344	17.212	17.473	18.353	16.712	16.82	415.42	415.34
16:12:11	17.344	17.211	17.482	18.381	16.712	16.818	415.42	415.34
16:13:11	17.345	17.211	17.485	18.399	16.712	16.819	415.42	415.34
16:14:11	17.345	17.211	17.501	18.406	16.712	16.82	415.42	415.34
16:15:11	17.346	17.212	17.509	18.419	16.713	16.819	415.42	415.34
16:16:11	17.346	17.212	17.514	18.418	16.714	16.821	415.42	415.34
16:17:11	17.346	17.213	17.517	18.426	16.714	16.82	415.42	415.34
16:18:11	17.346	17.214	17.525	18.43	16.715	16.821	415.42	415.34
16:19:11	17.346	17.214	17.52	18.43	16.715	16.821	415.42	415.34
16:20:11	17.346	17.214	17.53	18.438	16.716	16.821	415.42	415.34
16:21:11	17.348	17.215	17.521	18.444	16.714	16.82	415.42	415.34
16:22:11	17.347	17.214	17.524	18.453	16.714	16.82	415.42	415.34
16:23:11	17.348	17.215	17.527	18.253	16.715	16.821	415.42	415.34
16:24:11	17.347	17.214	17.516	17.95	16.716	16.822	415.42	415.34
16:25:11	17.348	17.213	17.499	17.855	16.714	16.821	415.42	415.34
16:26:11	17.348	17.214	17.497	17.982	16.714	16.821	415.42	415.34
16:27:11	17.348	17.216	17.494	18.073	16.717	16.821	415.42	415.34
16:28:11	17.348	17.215	17.504	18.174	16.714	16.821	415.42	415.34
16:29:11	17.348	17.216	17.514	18.256	16.715	16.822	415.42	415.34
16:30:11	17.349	17.215	17.512	18.323	16.717	16.824	415.42	415.34
16:31:11	17.348	17.215	17.51	18.367	16.717	16.822	415.42	415.34
16:32:11	17.348	17.215	17.521	18.395	16.716	16.822	415.42	415.34
16:33:11	17.349	17.216	17.53	18.38	16.715	16.824	415.42	415.34
16:34:11	17.35	17.216	17.522	18.024	16.717	16.821	415.42	415.34
16:35:11	17.35	17.217	17.502	17.807	16.718	16.822	415.42	415.34
16:36:11	17.349	17.217	17.49	17.791	16.717	16.823	415.42	415.34
16:37:11	17.35	17.219	17.493	17.946	16.718	16.824	415.42	415.34
16:38:11	17.351	17.219	17.485	18.069	16.718	16.824	415.42	415.34
16:39:11	17.352	17.219	17.483	18.157	16.716	16.823	415.42	415.34
16:40:14	17.351	17.219	17.49	18.236	16.716	16.822	415.42	415.34
16:41:11	17.351	17.218	17.496	18.296	16.717	16.822	415.42	415.34
16:42:11	17.351	17.219	17.5	18.342	16.718	16.824	415.42	415.34
16:43:11	17.351	17.218	17.505	18.371	16.718	16.824	415.42	415.34
16:44:11	17.351	17.219	17.513	18.394	16.717	16.822	415.42	415.34
16:45:11	17.352	17.218	17.526	18.412	16.715	16.822	415.42	415.34
16:46:11	17.352	17.217	17.531	18.423	16.718	16.822	415.42	415.34
16:47:11	17.352	17.217	17.527	18.211	16.718	16.822	415.42	415.34
16:48:11	17.353	17.217	17.518	17.992	16.717	16.823	415.42	415.34
16:49:11	17.351	17.217	17.494	17.821	16.718	16.823	415.42	415.34
16:50:11	17.352	17.218	17.489	17.852	16.716	16.822	415.42	415.34
16:51:11	17.353	17.217	17.491	17.991	16.717	16.822	415.42	415.34
16:52:11	17.352	17.217	17.483	18.092	16.718	16.822	415.42	415.34
16:53:11	17.352	17.218	17.491	18.18	16.716	16.822	415.42	415.34
16:54:11	17.353	17.218	17.492	18.247	16.716	16.822	415.42	415.34
16:55:11	17.353	17.216	17.499	18.303	16.715	16.824	415.42	415.34
16:56:11	17.353	17.218	17.503	18.345	16.716	16.822	415.42	415.34
16:57:11	17.354	17.217	17.508	18.372	16.715	16.822	415.42	415.34
16:58:11	17.354	17.217	17.511	18.393	16.714	16.822	415.42	415.34
16:59:11	17.353	17.216	17.509	18.41	16.715	16.824	415.42	415.34
17:00:11	17.354	17.217	17.514	18.417	16.716	16.825	415.42	415.34
17:01:11	17.355	17.219	17.518	18.429	16.717	16.825	415.42	415.34
17:02:11	17.355	17.218	17.525	18.438	16.716	16.825	415.42	415.34
17:03:12	17.355	17.22	17.525	18.444	16.717	16.826	415.42	415.34
17:04:11	17.354	17.219	17.532	18.447	16.718	16.826	415.42	415.34
17:05:11	17.355	17.221	17.533	18.451	16.719	16.825	415.42	415.34
17:06:11	17.356	17.221	17.543	18.456	16.718	16.825	415.42	415.34
17:07:11	17.356	17.222	17.547	18.461	16.719	16.828	415.42	415.34
17:08:11	17.356	17.222	17.551	18.466	16.719	16.825	415.42	415.34
17:09:11	17.356	17.221	17.551	18.466	16.72	16.827	415.42	415.34
17:10:11	17.355	17.221	17.549	18.468	16.719	16.827	415.42	415.34
17:11:11	17.357	17.222	17.552	18.363	16.718	16.826	415.42	415.34
17:12:11	17.357	17.222	17.546	17.998	16.719	16.826	415.42	415.34
17:13:12	17.358	17.221	17.529	17.809	16.719	16.828	415.42	415.34
17:14:11	17.358	17.221	17.513	17.689	16.72	16.828	415.42	415.34
17:15:11	17.357	17.223	17.484	17.655	16.722	16.828	415.42	415.34
17:16:11	17.358	17.223	17.487	17.844	16.719	16.825	415.42	415.34
17:17:11	17.359	17.223	17.488	17.97	16.719	16.825	415.42	415.34
17:18:11	17.359	17.222	17.485	18.074	16.72	16.825	415.42	415.34
17:19:13	17.358	17.222	17.498	18.154	16.72	16.826	415.42	415.34
17:20:11	17.359	17.223	17.505	18.217	16.72	16.826	415.42	415.34
17:21:11	17.359	17.222	17.51	18.264	16.719	16.825	415.42	415.34
17:22:12	17.359	17.223	17.515	18.305	16.721	16.825	415.42	415.34
17:23:11	17.359	17.224	17.518	18.34	16.719	16.825	415.42	415.34
17:24:12	17.359	17.224	17.519	18.367	16.719	16.825	415.42	415.34
17:25:11	17.359	17.223	17.515	18.384	16.718	16.825	415.42	415.34
17:26:11	17.36	17.223	17.525	18.395	16.718	16.825	415.42	415.34
17:27:12	17.36	17.223	17.524	18.409	16.719	16.825	415.42	415.34
17:28:11	17.36	17.223	17.525	18.42	16.718	16.824	415.42	415.34
17:29:11	17.361	17.222	17.53	18.163	16.719	16.825	415.42	415.34
17:30:11	17.361	17.223	17.513	17.834	16.719	16.827	415.42	415.34
17:31:11	17.361	17.223	17.498	17.678	16.718	16.826	415.42	415.34
17:32:11	17.361	17.223	17.482	17.768	16.72	16.826	415.42	415.34
17:33:11	17.362	17.224	17.484	17.938	16.72	16.828	415.42	415.34
17:34:12	17.361	17.225	17.49	18.037	16.72	16.829	415.42	415.34
17:35:11	17.362	17.226	17.49	18.123	16.721	16.828	415.42	415.34
17:36:11	17.363	17.226	17.497	18.203	16.723	16.827	415.42	415.34
17:37:11	17.363	17.226	17.499	18.265	16.723	16.828	415.42	415.34
17:38:11	17.362	17.226	17.504	18.315	16.722	16.829	415.42	415.34
17:39:11	17.362	17.227	17.512	18.352	16.722	16.828	415.42	415.34
17:40:12	17.363	17.228	17.509	18.374	16.721	16.827	415.42	415.34
17:41:11	17.363	17.226	17.514	18.39	16.721	16.828	415.42	415.34
17:42:11	17.363	17.226	17.517	18.13	16.722	16.828	415.42	415.34
17:43:11	17.364	17.226	17.503	17.906	16.721	16.829	415.42	415.34
17:44:11	17.364	17.228	17.48	17.714	16.72	16.828	415.42	415.34
17:45:11	17.364	17.227	17.479	17.87	16.721	16.83	415.42	415.34
17:46:11	17.365	17.227	17.477	17.989	16.722	16.829	415.42	415.34
17:47:12	17.365	17.227	17.482	18.072	16.721	16.828	415.42	415.34
17:48:12	17.364	17.227	17.485	18.151	16.721	16.829	415.42	415.34
17:49:11	17.364	17.227	17.486	18.226	16.722	16.829	415.42	415.34
17:50:11	17.365	17.227	17.487	18.283	16.721	16.828	415.42	415.34
17:51:11	17.366	17.228	17.488	18.326	16.721	16.828	415.42	415.34
17:52:12	17.366	17.228	17.501	18.36	16.722	16.83	415.42	415.34
17:53:11	17.366	17.229	17.517	18.385	16.722	16.83	415.42	415.34
17:54:11	17.366	17.23	17.523	18.408	16.722	16.83	415.42	415.34
17:55:11	17.366	17.23	17.523	18.419	16.723	16.829	415.42	415.34
17:56:11	17.366	17.231	17.525	18.429	16.723	16.83	415.42	415.34
17:57:11	17.367	17.23	17.524	18.433	16.724	16.83	415.42	415.34
17:58:11	17.368	17.23	17.529	18.162	16.723	16.83	415.42	415.34
17:59:12	17.368	17.23	17.52	17.9	16.723	16.829	415.42	415.34
18:00:11	17.368	17.23	17.504	17.739	16.723	16.83	415.42	415.34
18:01:11	17.369	17.23	17.491	17.806	16.724	16.83	415.42	415.34
18:02:11	17.369	17.23	17.49	17.967	16.721	16.829	415.42	415.34
18:03:12	17.369	17.23	17.483	18.073	16.72	16.829	415.42	415.34
18:04:12	17.368	17.229	17.488	18.147	16.72	16.829	415.42	415.34
18:05:11	17.369	17.229	17.491	18.226	16.722	16.83	415.42	415.34
18:06:11	17.369	17.23	17.494	18.298	16.723	16.831	415.42	415.34
18:07:11	17.369	17.23	17.506	18.352	16.723	16.83	415.42	415.34
18:08:11	17.369	17.231	17.506	18.383	16.723	16.83	415.42	415.34
18:09:11	17.37	17.231	17.514	18.401	16.724	16.831	415.42	415.34
18:10:11	17.37	17.231	17.52	18.416	16.723	16.831	415.42	415.34
18:11:12	17.369	17.231	17.518	18.035	16.724	16.83	415.42	415.34
18:12:11	17.37	17.231	17.494	17.719	16.723	16.83	415.42	415.34
18:13:12	17.371	17.233	17.469	17.636	16.723	16.831	415.42	415.34
18:14:12	17.37	17.232	17.462	17.813	16.723	16.832	415.42	415.34
18:15:11	17.371	17.232	17.467	17.942	16.723	16.832	415.42	415.34
18:16:11	17.371	17.232	17.469	18.045	16.723	16.833	415.42	415.34
18:17:11	17.371	17.232	17.472	18.132	16.722	16.831	415.42	415.34
18:18:11	17.37	17.232	17.486	18.22	16.723	16.831	415.42	415.34
18:19:11	17.37	17.231	17.484	18.289	16.723	16.831	415.42	415.34
18:20:11	17.371	17.232	17.486	18.341	16.722	16.83	415.42	415.34
18:21:11	17.371	17.232	17.495	18.377	16.724	16.832	415.42	415.34
18:22:11	17.371	17.233	17.505	18.397	16.725	16.833	415.42	415.34
18:23:12	17.372	17.234	17.505	18.41	16.726	16.833	415.42	415.34
18:24:12	17.372	17.235	17.505	18.308	16.724	16.834	415.42	415.34
18:25:11	17.371	17.235	17.499	17.9	16.726	16.833	415.42	415.34
18:26:11	17.373	17.235	17.471	17.628	16.725	16.833	415.42	415.34
18:27:11	17.373	17.235	17.433	17.646	16.725	16.833	415.42	415.34
18:28:12	17.372	17.235	17.444	17.841	16.725	16.834	415.42	415.34
18:29:11	17.373	17.234	17.457	17.968	16.726	16.834	415.42	415.34
18:30:11	17.373	17.235	17.464	18.063	16.725	16.834	415.42	415.34
18:31:12	17.374	17.236	17.47	18.133	16.726	16.832	415.42	415.34
18:32:11	17.374	17.234	17.47	18.19	16.724	16.833	415.42	415.34
18:33:11	17.374	17.234	17.471	18.242	16.726	16.835	415.42	415.34
18:34:11	17.374	17.233	17.476	18.29	16.725	16.832	415.42	415.34
18:35:12	17.374	17.234	17.48	18.33	16.726	16.835	415.42	415.34
18:36:12	17.374	17.234	17.488	18.359	16.723	16.833	415.42	415.34
18:37:12	17.373	17.233	17.497	18.379	16.724	16.834	415.42	415.34
18:38:12	17.374	17.234	17.506	18.396	16.724	16.835	415.42	415.34
18:39:12	17.375	17.234	17.508	18.414	16.724	16.833	415.42	415.34
18:40:12	17.374	17.234	17.507	18.09	16.722	16.832	415.42	415.34
18:41:12	17.375	17.233	17.486	17.725	16.724	16.834	415.42	415.34
18:42:12	17.375	17.232	17.46	17.603	16.723	16.833	415.42	415.34
18:43:11	17.376	17.233	17.449	17.727	16.724	16.832	415.42	415.34
18:44:12	17.376	17.233	17.454	17.859	16.724	16.833	415.42	415.34
18:45:11	17.376	17.234	17.457	17.988	16.723	16.833	415.42	415.34
18:46:11	17.377	17.235	17.458	18.089	16.724	16.833	415.42	415.34
18:47:12	17.375	17.235	17.466	18.185	16.726	16.834	415.42	415.34
18:48:11	17.377	17.237	17.47	18.265	16.727	16.835	415.42	415.34
18:49:11	17.378	17.237	17.479	18.323	16.727	16.835	415.42	415.34
18:50:11	17.377	17.237	17.483	18.365	16.728	16.835	415.42	415.34
18:51:12	17.378	17.237	17.487	18.39	16.729	16.836	415.42	415.34
18:52:11	17.377	17.238	17.492	18.408	16.728	16.837	415.42	415.34
18:53:11	17.379	17.238	17.504	18.415	16.728	16.835	415.42	415.34
18:54:12	17.379	17.238	17.512	18.169	16.728	16.833	415.42	415.34
18:55:11	17.378	17.238	17.498	17.841	16.726	16.835	415.42	415.34
18:56:12	17.379	17.236	17.478	17.669	16.727	16.834	415.42	415.34
18:57:11	17.378	17.237	17.456	17.682	16.727	16.836	415.42	415.34
18:58:11	17.379	17.237	17.457	17.822	16.725	16.836	415.42	415.34
18:59:12	17.379	17.236	17.46	17.945	16.725	16.835	415.42	415.34
19:00:11	17.379	17.238	17.457	18.051	16.726	16.835	415.42	415.34
19:01:11	17.379	17.237	17.465	18.162	16.727	16.836	415.42	415.34
19:02:12	17.38	17.238	17.468	18.249	16.727	16.836	415.42	415.34
19:03:11	17.379	17.238	17.47	18.316	16.727	16.836	415.42	415.34
19:04:12	17.38	17.239	17.474	18.35	16.727	16.837	415.42	415.34
19:05:12	17.381	17.239	17.481	18.381	16.728	16.837	415.42	415.34
19:06:11	17.381	17.239	17.48	18.4	16.726	16.837	415.42	415.34
19:07:11	17.381	17.239	17.49	18.389	16.726	16.837	415.42	415.34
19:08:11	17.38	17.238	17.49	17.994	16.725	16.835	415.42	415.34
19:09:12	17.38	17.237	17.461	17.665	16.725	16.836	415.42	415.34
19:10:11	17.381	17.236	17.443	17.6	16.723	16.835	415.42	415.34
19:11:13	17.381	17.236	17.441	17.787	16.724	16.836	415.42	415.34
19:12:12	17.381	17.235	17.441	17.918	16.723	16.836	415.42	415.34
19:13:12	17.382	17.236	17.444	18.022	16.724	16.836	415.42	415.34
19:14:11	17.381	17.237	17.451	18.11	16.725	16.838	415.42	415.34
19:15:11	17.381	17.237	17.456	18.199	16.726	16.837	415.42	415.34
19:16:12	17.382	17.238	0.0	18.269	16.724	16.836	415.42	415.34
19:17:11	17.381	17.237	17.465	18.325	16.725	16.837	415.42	415.34
19:18:11	17.382	17.238	17.484	18.369	16.726	16.837	415.42	415.34
19:19:11	17.382	17.237	17.491	18.39	16.724	16.835	415.42	415.34
19:20:11	17.382	17.236	17.495	18.414	16.725	16.836	415.42	415.34
19:21:12	17.382	17.237	17.496	18.411	16.725	16.837	415.42	415.34
19:22:12	17.383	17.237	17.498	18.035	16.726	16.836	415.42	415.34
19:23:12	17.383	17.237	17.471	17.752	16.724	16.836	415.42	415.34
19:24:11	17.383	17.237	17.448	17.602	16.726	16.837	415.42	415.34
19:25:12	17.383	17.237	17.421	17.509	16.725	16.836	415.42	415.34
19:26:11	17.384	17.237	17.415	17.659	16.725	16.836	415.42	415.34
19:27:11	17.383	17.238	17.419	17.812	16.725	16.836	415.42	415.34
19:28:12	17.384	17.237	17.426	17.949	16.725	16.837	415.42	415.34
19:29:12	17.384	17.237	17.432	18.074	16.725	16.836	415.42	415.34
19:30:11	17.384	17.237	17.438	18.177	16.724	16.836	415.42	415.34
19:31:11	17.383	17.236	17.444	18.26	16.723	16.835	415.42	415.34
19:32:12	17.384	17.236	17.452	18.314	16.723	16.835	415.42	415.34
19:33:11	17.384	17.236	17.465	18.356	16.722	16.836	415.42	415.34
19:34:11	17.384	17.236	17.47	18.386	16.724	16.836	415.42	415.34
19:35:11	17.384	17.237	17.485	18.406	16.723	16.836	415.42	415.34
19:36:11	17.385	17.236	17.496	18.418	16.724	16.836	415.42	415.34
19:37:12	17.385	17.236	17.494	18.1	16.725	16.836	415.42	415.34
19:38:12	17.385	17.238	17.47	17.762	16.725	16.838	415.42	415.34
19:39:12	17.384	17.238	17.448	17.597	16.725	16.836	415.42	415.34
19:40:12	17.385	17.238	17.42	17.72	16.725	16.836	415.42	415.34
19:41:11	17.385	17.237	17.428	17.895	16.725	16.836	415.42	415.34
19:42:12	17.385	17.238	17.436	18.015	16.724	16.836	415.42	415.34
19:43:11	17.386	17.236	17.44	18.095	16.723	16.836	415.42	415.34
19:44:11	17.385	17.235	17.438	18.161	16.721	16.835	415.42	415.34
19:45:11	17.386	17.235	17.445	18.211	16.722	16.835	415.42	415.34
19:46:11	17.386	17.235	17.449	18.261	16.721	16.835	415.42	415.34
19:47:12	17.384	17.235	17.457	18.302	16.719	16.836	415.42	415.34
19:48:12	17.385	17.235	17.465	18.339	16.721	16.836	415.42	415.34
19:49:13	17.386	17.236	17.477	18.366	16.722	16.836	415.42	415.34
19:50:11	17.386	17.237	17.484	18.389	16.723	16.838	415.42	415.34
19:51:12	17.387	17.239	17.485	18.404	16.726	16.838	415.42	415.34
19:52:11	17.386	17.239	17.491	18.415	16.726	16.839	415.42	415.34
19:53:11	17.386	17.239	17.5	18.421	16.726	16.839	415.42	415.34
19:54:11	17.387	17.239	17.502	17.981	16.726	16.838	415.42	415.34
19:55:12	17.386	17.24	17.476	17.653	16.726	16.839	415.42	415.34
19:56:12	17.387	17.241	17.452	17.552	16.725	16.838	415.42	415.34
19:57:12	17.388	17.239	17.424	17.548	16.725	16.839	415.42	415.34
19:58:12	17.388	17.239	17.424	17.74	16.726	16.838	415.42	415.34
19:59:12	17.387	17.238	17.426	17.856	16.724	16.838	415.42	415.34
20:00:12	17.388	17.237	17.438	17.975	16.727	16.837	415.42	415.34
20:01:12	17.388	17.238	17.438	18.07	16.726	16.841	415.42	415.34
20:02:12	17.387	17.24	17.448	18.169	16.726	16.839	415.42	415.34
20:03:12	17.387	17.24	17.452	18.258	16.726	16.839	415.42	415.34
20:04:12	17.389	17.24	17.464	18.319	16.725	16.84	415.42	415.34
20:05:11	17.388	17.24	17.471	18.358	16.726	16.84	415.42	415.34
20:06:11	17.389	17.24	17.477	18.383	16.726	16.842	415.42	415.34
20:07:12	17.389	17.24	17.484	18.396	16.725	16.84	415.42	415.34
20:08:12	17.389	17.239	17.483	18.411	16.726	16.841	415.42	415.34
20:09:11	17.389	17.241	17.485	18.424	16.725	16.841	415.42	415.34
20:10:11	17.39	17.239	17.498	18.43	16.726	16.841	415.42	415.34
20:11:12	17.39	17.239	17.498	18.144	16.726	16.841	415.42	415.34
20:12:11	17.39	17.239	17.481	17.751	16.725	16.84	415.42	415.34
20:13:11	17.388	17.239	17.459	17.6	16.725	16.841	415.42	415.34
20:14:12	17.389	17.239	17.446	17.662	16.724	16.84	415.42	415.34
20:15:12	17.39	17.239	17.452	17.829	16.724	16.84	415.42	415.34
20:16:12	17.39	17.238	17.452	17.959	16.724	16.841	415.42	415.34
20:17:12	17.39	17.237	17.457	18.096	16.725	16.841	415.42	415.34
20:18:12	17.389	17.238	17.458	18.214	16.725	16.841	415.42	415.34
20:19:12	17.39	17.239	17.462	18.298	16.725	16.84	415.42	415.34
20:20:12	17.391	17.239	17.468	18.348	16.726	16.841	415.42	415.34
20:21:12	17.391	17.239	17.478	18.381	16.727	16.841	415.42	415.34
20:22:12	17.39	17.241	17.483	18.404	16.728	16.842	415.42	415.34
20:23:12	17.39	17.24	17.487	18.413	16.727	16.842	415.42	415.34
20:24:11	17.391	17.24	17.487	18.375	16.725	16.841	415.42	415.34
20:25:12	17.391	17.24	17.484	17.998	16.726	16.841	415.42	415.34
20:26:12	17.392	17.24	17.468	17.729	16.727	16.841	415.42	415.34
20:27:12	17.392	17.239	17.454	17.57	16.726	16.844	415.42	415.34
20:28:12	17.391	17.24	17.423	17.514	16.725	16.841	415.42	415.34
20:29:11	17.392	17.239	17.42	17.706	16.726	16.842	415.42	415.34
20:30:12	17.391	17.24	17.428	17.846	16.727	16.842	415.42	415.34
20:31:12	17.392	17.24	17.434	17.966	16.727	16.842	415.42	415.34
20:32:12	17.392	17.242	17.444	18.094	16.727	16.844	415.42	415.34
20:33:12	17.392	17.241	17.451	18.204	16.726	16.842	415.42	415.34
20:34:12	17.393	17.24	17.449	18.28	16.727	16.842	415.42	415.34
20:35:12	17.393	17.24	17.454	18.332	16.726	16.841	415.42	415.34
20:36:12	17.392	17.238	17.46	18.363	16.724	16.842	415.42	415.34
20:37:12	17.392	17.238	17.465	18.39	16.724	16.841	415.42	415.34
20:38:12	17.394	17.237	17.471	18.405	16.723	16.841	415.42	415.34
20:39:12	17.393	17.237	17.491	18.424	16.725	16.843	415.42	415.34
20:40:12	17.394	17.237	17.487	18.435	16.725	16.843	415.42	415.34
20:41:11	17.394	17.238	17.488	18.444	16.726	16.841	415.42	415.34
20:42:12	17.393	17.239	17.491	18.452	16.726	16.842	415.42	415.34
20:43:12	17.394	17.241	17.499	18.455	16.727	16.843	415.42	415.34
20:44:12	17.394	17.241	17.512	18.459	16.727	16.844	415.42	415.34
20:45:11	17.393	17.241	17.513	18.459	16.727	16.845	415.42	415.34
20:46:12	17.394	17.241	17.519	18.467	16.728	16.843	415.42	415.34
20:47:12	17.394	17.241	17.524	18.104	16.729	16.845	415.42	415.34
20:48:12	17.394	17.241	17.512	17.829	16.73	16.847	415.42	415.34
20:49:12	17.394	17.244	17.498	17.687	16.73	16.845	415.42	415.34
20:50:11	17.394	17.243	17.44	17.484	16.732	16.847	415.42	415.34
20:51:12	17.395	17.244	17.401	17.396	16.732	16.845	415.42	415.34
20:52:12	17.395	17.245	17.404	17.622	16.73	16.844	415.42	415.34
20:53:12	17.396	17.243	17.419	17.773	16.73	16.845	415.42	415.34
20:54:12	17.396	17.242	17.419	17.885	16.728	16.844	415.42	415.34
20:55:12	17.395	17.243	17.42	17.977	16.727	16.844	415.42	415.34
20:56:11	17.395	17.242	17.434	18.071	16.728	16.843	415.42	415.34
20:57:12	17.395	17.241	17.437	18.16	16.727	16.844	415.42	415.34
20:58:12	17.395	17.241	17.443	18.229	16.728	16.845	415.42	415.34
20:59:12	17.396	17.242	17.46	18.288	16.729	16.844	415.42	415.34
21:00:12	17.396	17.242	17.461	18.331	16.729	16.845	415.42	415.34
21:01:12	17.397	17.242	17.471	18.365	16.729	16.845	415.42	415.34
21:02:12	17.395	17.241	17.485	18.386	16.729	16.844	415.42	415.34
21:03:12	17.397	17.242	17.487	18.405	16.726	16.844	415.42	415.34
21:04:12	17.396	17.24	17.493	18.419	16.726	16.844	415.42	415.34
21:05:12	17.397	17.24	17.494	18.434	16.727	16.843	415.42	415.34
21:06:12	17.396	17.24	17.498	18.442	16.726	16.844	415.42	415.34
21:07:12	17.397	17.242	17.511	18.452	16.728	16.845	415.42	415.34
21:08:12	17.397	17.243	17.513	18.178	16.728	16.845	415.42	415.34
21:09:12	17.397	17.242	17.497	17.876	16.727	16.844	415.42	415.34
21:10:12	17.396	17.243	17.481	17.654	16.729	16.844	415.42	415.34
21:11:12	17.397	17.243	17.455	17.478	16.728	16.845	415.42	415.34
21:12:12	17.399	17.243	17.437	17.667	16.728	16.846	415.42	415.34
21:13:12	17.397	17.241	17.447	17.844	16.726	16.843	415.42	415.34
21:14:12	17.397	17.241	17.449	17.964	16.725	16.843	415.42	415.34
21:15:12	17.398	17.239	17.457	18.053	16.726	16.843	415.42	415.34
21:16:12	17.398	17.24	17.46	18.14	16.726	16.841	415.42	415.34
21:17:12	17.397	17.241	17.467	18.221	16.725	16.842	415.42	415.34
21:18:12	17.398	17.24	17.47	18.287	16.727	16.842	415.42	415.34
21:19:12	0.0	17.24	17.471	18.335	16.726	16.843	415.42	415.34
21:20:12	17.398	17.242	17.486	18.374	16.726	16.843	415.42	415.34
21:21:12	17.399	17.241	17.491	18.397	16.725	16.843	415.42	415.34
21:22:12	17.399	17.242	17.507	18.414	16.726	16.843	415.42	415.34
21:23:12	17.399	17.241	17.511	18.426	16.724	16.844	415.42	415.34
21:24:12	17.399	17.241	17.513	18.344	16.726	16.844	415.42	415.34
21:25:12	17.399	17.241	17.51	17.955	16.727	16.844	415.42	415.34
21:26:12	17.399	17.242	17.472	17.654	16.725	16.842	415.42	415.34
21:27:13	17.399	17.241	17.46	17.744	16.725	16.843	415.42	415.34
21:28:12	17.399	17.241	17.466	17.897	16.725	16.842	415.42	415.34
21:29:12	17.398	17.241	17.466	18.004	16.725	16.843	415.42	415.34
21:30:12	17.399	17.24	17.463	18.105	16.724	16.844	415.42	415.34
21:31:12	17.399	17.241	17.47	18.203	16.724	16.844	415.42	415.34
21:32:12	17.399	17.241	17.473	18.288	16.726	16.843	415.42	415.34
21:33:12	17.4	17.243	17.481	18.347	16.727	16.844	415.42	415.34
21:34:12	17.4	17.242	17.491	18.38	16.725	16.844	415.42	415.34
21:35:12	17.401	17.241	17.491	18.405	16.725	16.843	415.42	415.34
21:36:12	17.4	17.241	17.505	18.345	16.724	16.843	415.42	415.34
21:37:12	17.401	17.239	17.494	17.907	16.721	16.842	415.42	415.34
21:38:12	17.401	17.239	17.471	17.719	16.721	16.842	415.42	415.34
21:39:12	17.401	17.238	17.445	17.522	16.721	16.843	415.42	415.34
21:40:12	17.4	17.239	17.431	17.682	16.721	16.843	415.42	415.34
21:41:12	17.401	17.238	17.436	17.843	16.721	16.844	415.42	415.34
21:42:12	17.4	17.238	17.449	17.962	16.722	16.843	415.42	415.34
21:43:12	17.4	17.24	17.45	18.055	16.724	16.845	415.42	415.34
21:44:12	17.401	17.24	17.45	18.141	16.725	16.845	415.42	415.34
21:45:12	17.4	17.24	17.459	18.221	16.725	16.845	415.42	415.34
21:46:12	17.402	17.241	17.473	18.292	16.725	16.844	415.42	415.34
21:47:12	17.401	17.244	17.479	18.341	16.725	16.845	415.42	415.34
21:48:12	17.402	17.243	17.486	18.376	16.727	16.846	415.42	415.34
21:49:12	17.402	17.243	17.496	18.395	16.727	16.846	415.42	415.34
21:50:12	17.401	17.244	17.5	18.411	16.727	16.848	415.42	415.34
21:51:12	17.402	17.245	17.508	18.429	16.727	16.847	415.42	415.34
21:52:12	17.403	17.245	17.504	18.441	16.728	16.847	415.42	415.34
21:53:12	17.403	17.244	17.518	18.447	16.728	16.846	415.42	415.34
21:54:12	17.402	17.245	17.531	18.455	16.729	16.848	415.42	415.34
21:55:12	17.403	17.245	17.522	18.098	16.729	16.848	415.42	415.34
21:56:12	17.402	17.244	17.503	17.789	16.729	16.848	415.42	415.34
21:57:12	17.402	17.243	17.476	17.604	16.727	16.848	415.42	415.34
21:58:12	17.403	17.243	17.445	17.419	16.728	16.847	415.42	415.34
21:59:12	17.403	17.244	17.422	17.496	16.728	16.847	415.42	415.34
22:00:12	17.403	17.243	17.425	17.675	16.726	16.847	415.42	415.34
22:01:12	17.403	17.243	17.427	17.825	16.726	16.847	415.42	415.34
22:02:12	17.404	17.242	17.429	17.956	16.725	16.847	415.42	415.34
22:03:12	17.403	17.244	17.44	18.072	16.727	16.848	415.42	415.34
22:04:13	17.403	17.244	17.445	18.168	16.729	16.849	415.42	415.34
22:05:11	17.403	17.245	17.458	18.247	16.729	16.849	415.42	415.34
22:06:12	17.404	17.246	17.467	18.302	16.733	16.851	415.42	415.34
22:07:12	17.404	17.249	17.472	18.344	16.731	16.85	415.42	415.34
22:08:12	17.404	17.249	17.479	18.381	16.732	16.851	415.42	415.34
22:09:12	17.405	17.248	17.492	18.405	16.733	16.851	415.42	415.34
22:10:12	17.404	17.25	17.494	18.428	16.734	16.85	415.42	415.34
22:11:13	17.405	17.249	17.498	18.436	16.732	16.849	415.42	415.34
22:12:12	17.406	17.249	17.501	18.439	16.732	16.85	415.42	415.34
22:13:12	17.407	17.249	17.513	18.449	16.732	16.849	415.42	415.34
22:14:12	17.406	17.247	17.516	18.457	16.731	16.849	415.42	415.34
22:15:11	17.406	17.247	17.525	18.457	16.73	16.849	415.42	415.34
22:16:12	17.406	17.246	17.527	18.471	16.73	16.849	415.42	415.34
22:17:12	17.405	17.246	17.532	18.475	16.732	16.849	415.42	415.34
22:18:12	17.407	17.246	17.528	18.479	16.732	16.85	415.42	415.34
22:19:12	17.406	17.246	17.535	18.454	16.731	16.851	415.42	415.34
22:20:12	17.406	17.247	17.529	18.024	16.732	16.851	415.42	415.34
22:21:12	17.406	17.248	17.504	17.792	16.733	16.851	415.42	415.34
22:22:12	17.406	17.248	17.483	17.622	16.732	16.851	415.42	415.34
22:23:12	17.406	17.248	17.449	17.431	16.732	16.85	415.42	415.34
22:24:12	17.406	17.248	17.415	17.296	16.732	16.851	415.42	415.34
22:25:12	17.407	17.245	17.414	17.569	16.729	16.849	415.42	415.34
22:26:12	17.408	17.246	17.422	17.746	16.731	16.849	415.42	415.34
22:27:12	17.407	17.246	17.427	17.855	16.73	16.851	415.42	415.34
22:28:12	17.407	17.246	17.442	17.962	16.731	16.851	415.42	415.34
22:29:12	17.407	17.247	17.448	18.051	16.732	16.851	415.42	415.34
22:30:13	17.406	17.248	17.456	18.138	16.733	16.852	415.42	415.34
22:31:12	17.407	17.249	17.459	18.202	16.734	16.853	415.42	415.34
22:32:12	17.407	17.252	17.465	18.259	16.737	16.853	415.42	415.34
22:33:12	17.409	17.252	17.472	18.307	16.738	16.855	415.42	415.34
22:34:12	17.408	17.254	17.479	18.349	16.737	16.854	415.42	415.34
22:35:12	17.408	17.255	17.487	18.383	16.738	16.855	415.42	415.34
22:36:12	17.407	17.254	17.491	18.401	16.738	16.853	415.42	415.34
22:37:12	17.408	17.253	17.497	18.053	16.737	16.852	415.42	415.34
22:38:12	17.41	17.252	17.486	17.768	16.734	16.853	415.42	415.34
22:39:12	17.409	17.252	17.457	17.591	16.733	16.852	415.42	415.34
22:40:12	17.41	17.25	17.435	17.614	16.733	16.851	415.42	415.34
22:41:12	17.409	17.249	17.439	17.812	16.732	16.851	415.42	415.34
22:42:12	17.409	17.248	17.439	17.961	16.733	16.852	415.42	415.34
22:43:12	17.408	17.249	17.443	18.059	16.733	16.853	415.42	415.34
22:44:12	17.41	17.248	17.442	18.132	16.733	16.852	415.42	415.34
22:45:12	17.41	17.249	17.457	18.192	16.733	16.853	415.42	415.34
22:46:12	17.409	17.25	17.476	18.248	16.734	16.854	415.42	415.34
22:47:12	17.409	17.251	17.478	18.289	16.734	16.852	415.42	415.34
22:48:12	17.41	17.25	17.48	18.325	16.735	16.854	415.42	415.34
22:49:12	17.41	17.25	17.486	18.186	16.734	16.854	415.42	415.34
22:50:12	17.41	17.251	17.474	17.823	16.735	16.854	415.42	415.34
22:51:12	17.41	17.25	17.433	17.626	16.735	16.853	415.42	415.34
22:52:12	17.411	17.251	17.422	17.65	16.737	16.855	415.42	415.34
22:53:12	17.411	17.252	17.423	17.841	16.738	16.854	415.42	415.34
22:54:12	17.41	17.254	17.436	17.972	16.737	16.854	415.42	415.34
22:55:12	17.411	17.255	17.447	18.059	16.738	16.855	415.42	415.34
22:56:12	17.411	17.255	17.447	18.128	16.738	16.854	415.42	415.34
22:57:12	17.411	17.255	17.461	18.2	16.738	16.854	415.42	415.34
22:58:12	17.412	17.255	17.461	18.255	16.738	16.854	415.42	415.34
22:59:12	17.411	17.253	17.467	18.304	16.735	16.853	415.42	415.34
23:00:12	17.411	17.252	17.471	18.339	16.735	16.854	415.42	415.34
23:01:12	17.412	17.252	17.481	18.366	16.734	16.852	415.42	415.34
23:02:12	17.411	17.25	17.485	18.39	16.734	16.853	415.42	415.34
23:03:12	17.412	17.25	17.491	18.407	16.734	16.851	415.42	415.34
23:04:14	17.412	17.248	17.494	18.416	16.732	16.85	415.42	415.34
23:05:12	17.412	17.248	17.5	18.43	16.731	16.851	415.42	415.34
23:06:12	17.412	17.248	17.504	18.435	16.731	16.851	415.42	415.34
23:07:12	17.413	17.249	17.505	18.413	16.731	16.851	415.42	415.34
23:08:12	17.412	17.248	17.501	17.965	16.731	16.851	415.42	415.34
23:09:12	17.412	17.249	17.486	17.683	16.731	16.851	415.42	415.34
23:10:12	17.412	17.249	17.455	17.57	16.731	16.852	415.42	415.34
23:11:12	17.413	17.25	17.419	17.489	16.733	16.852	415.42	415.34
23:12:12	17.413	17.25	17.419	17.689	16.733	16.854	415.42	415.34
23:13:12	17.411	17.253	17.432	17.856	16.735	16.853	415.42	415.34
23:14:13	17.413	17.252	17.439	17.974	16.735	16.854	415.42	415.34
23:15:12	17.413	17.254	17.447	18.056	16.736	16.856	415.42	415.34
23:16:12	17.414	17.255	17.449	18.125	16.736	16.855	415.42	415.34
23:17:12	17.414	17.255	17.454	18.182	16.738	16.855	415.42	415.34
23:18:12	17.412	17.255	17.462	18.235	16.736	16.854	415.42	415.34
23:19:12	17.414	17.254	17.47	18.274	16.737	16.856	415.42	415.34
23:20:12	17.414	17.254	17.487	18.315	16.736	16.855	415.42	415.34
23:21:12	17.413	17.254	17.492	18.349	16.736	16.855	415.42	415.34
23:22:12	17.414	17.253	17.494	18.375	16.736	16.854	415.42	415.34
23:23:12	17.414	17.254	17.497	18.394	16.736	16.856	415.42	415.34
23:24:12	17.415	17.255	17.499	18.412	16.737	16.856	415.42	415.34
23:25:12	17.414	17.256	17.495	18.426	16.738	16.857	415.42	415.34
23:26:12	17.415	17.257	17.5	18.438	16.739	16.857	415.42	415.34
23:27:12	17.415	17.258	17.516	18.202	0.0	16.858	415.42	415.34
23:28:12	17.415	17.26	17.498	17.84	16.738	16.858	415.42	415.34
23:29:12	17.416	17.258	17.481	17.661	16.739	16.858	415.42	415.34
23:30:12	17.414	17.259	17.453	17.514	16.738	16.858	415.42	415.34
23:31:12	17.416	17.258	17.427	17.543	16.739	16.856	415.42	415.34
23:32:12	17.416	17.258	17.429	17.749	16.738	16.857	415.42	415.34
23:33:12	17.417	17.257	17.436	17.875	16.737	16.856	415.42	415.34
23:34:12	17.416	17.256	17.439	17.973	16.736	16.854	415.42	415.34
23:35:12	17.417	17.255	17.445	18.056	16.737	16.855	415.42	415.34
23:36:12	17.418	17.255	17.453	18.138	16.735	16.854	415.42	415.34
23:37:12	17.417	17.253	17.456	18.215	16.735	16.855	415.42	415.34
23:38:12	17.416	17.253	17.462	18.276	16.735	16.855	415.42	415.34
23:39:14	17.416	17.253	17.473	18.328	16.736	16.855	415.42	415.34
23:40:12	17.416	17.253	17.476	18.366	16.734	16.854	415.42	415.34
23:41:12	17.417	17.254	17.479	18.394	16.736	16.855	415.42	415.34
23:42:12	17.418	17.255	17.491	18.415	16.735	16.855	415.42	415.34
23:43:12	17.417	17.255	17.505	18.43	16.736	16.856	415.42	415.34
23:44:12	17.418	17.254	17.504	18.437	16.735	16.855	415.42	415.34
23:45:12	17.418	17.254	17.509	18.45	16.735	16.855	415.42	415.34
23:46:12	17.417	17.254	17.512	18.456	16.735	16.855	415.42	415.34
23:47:12	17.418	17.254	17.508	18.464	16.734	16.855	415.42	415.34
23:48:12	17.418	17.254	17.517	18.475	16.735	16.856	415.42	415.34
23:49:12	17.418	17.252	17.519	18.48	16.735	16.855	415.42	415.34
23:50:12	17.418	17.253	17.531	18.484	16.734	16.855	415.42	415.34
23:51:12	17.418	17.253	17.537	18.484	16.734	16.855	415.42	415.34
23:52:13	17.418	17.252	17.547	18.489	16.734	16.855	415.42	415.34
23:53:12	17.419	17.253	17.555	18.493	16.733	16.855	415.42	415.34
23:54:12	17.417	17.253	17.559	18.497	16.735	16.856	415.42	415.34
23:55:12	17.418	17.253	17.554	18.499	16.734	16.853	415.42	415.34
23:56:12	17.419	17.254	17.553	18.501	16.734	16.856	415.42	415.34
23:57:12	17.42	17.256	17.558	18.506	16.735	16.856	415.42	415.34
23:58:12	17.419	17.257	17.565	18.513	16.736	16.857	415.42	415.34
23:59:12	17.419	17.255	17.566	18.342	16.737	16.858	415.42	415.34
