00:00:31	16.595	16.181	15.968	17.054	16.819	17.01	415.42	415.34
00:01:31	16.596	16.18	15.947	16.973	16.82	17.017	415.42	415.34
00:02:31	16.596	16.181	15.937	16.956	16.818	17.016	415.42	415.34
00:03:31	16.596	16.18	15.945	16.931	16.823	17.024	415.42	415.34
00:04:31	16.595	16.179	16.009	16.941	16.819	17.015	415.42	415.34
00:05:31	16.597	16.179	16.069	17.012	16.819	17.016	415.42	415.34
00:06:31	16.596	16.181	16.115	17.086	16.822	17.021	415.42	415.34
00:07:31	16.596	16.182	16.157	17.154	16.821	17.013	415.42	415.34
00:08:31	16.597	16.181	16.188	17.202	16.816	17.019	415.42	415.34
00:09:31	16.596	16.182	16.19	17.227	16.821	17.021	415.42	415.34
00:10:31	16.594	16.183	16.04	17.167	16.821	17.016	415.42	415.34
00:11:31	16.596	16.183	15.973	17.06	16.812	17.019	415.42	415.34
00:12:31	16.597	16.183	15.979	17.006	16.817	17.018	415.42	415.34
00:13:31	16.596	16.184	15.992	16.99	16.824	17.02	415.42	415.34
00:14:31	16.596	16.182	15.922	16.959	16.824	17.019	415.42	415.34
00:15:31	16.596	16.182	15.913	16.911	16.82	17.028	415.42	415.34
00:16:31	16.596	16.183	15.989	16.915	16.821	17.019	415.42	415.34
00:17:31	16.595	16.181	16.056	16.994	16.821	17.016	415.42	415.34
00:18:31	16.595	16.182	16.109	17.078	16.822	17.016	415.42	415.34
00:19:31	16.595	16.182	16.146	17.143	16.82	17.013	415.42	415.34
00:20:31	16.593	16.181	16.177	17.19	16.823	17.02	415.42	415.34
00:21:31	16.594	16.181	16.176	17.221	16.823	17.009	415.42	415.34
00:22:31	16.594	16.18	16.042	17.17	16.82	17.021	415.42	415.34
00:23:31	16.593	16.18	15.888	17.065	16.822	17.016	415.42	415.34
00:24:31	16.594	16.179	15.837	16.946	16.82	17.017	415.42	415.34
00:25:31	16.594	16.18	15.88	16.891	16.822	17.013	415.42	415.34
00:26:31	16.595	16.18	15.987	16.927	16.821	17.021	415.42	415.34
00:27:31	16.595	16.179	16.064	17.017	16.821	17.022	415.42	415.34
00:28:31	16.594	16.179	16.109	17.089	16.823	17.018	415.42	415.34
00:29:31	16.593	16.179	16.148	17.148	16.822	17.013	415.42	415.34
00:30:31	16.593	16.178	16.181	17.196	16.821	17.017	415.42	415.34
00:31:31	16.593	16.178	16.186	17.222	16.823	17.017	415.42	415.34
00:32:31	16.594	16.179	16.051	17.163	16.821	17.017	415.42	415.34
00:33:31	16.593	16.179	15.95	17.05	16.818	17.012	415.42	415.34
00:34:31	16.594	16.179	15.846	16.931	16.814	17.016	415.42	415.34
00:35:31	16.595	16.18	15.879	16.865	16.819	17.015	415.42	415.34
00:36:31	16.593	16.18	15.981	16.915	16.819	17.023	415.42	415.34
00:37:31	16.594	16.179	16.056	17.014	16.82	17.013	415.42	415.34
00:38:31	16.594	16.181	16.106	17.093	16.822	17.017	415.42	415.34
00:39:31	16.594	16.181	16.142	17.154	16.822	17.016	415.42	415.34
00:40:31	16.594	16.181	16.179	17.198	16.823	17.016	415.42	415.34
00:41:31	16.594	16.181	16.177	17.221	16.826	17.016	415.42	415.34
00:42:31	16.593	16.18	16.058	17.167	16.825	17.015	415.42	415.34
00:43:31	16.593	16.183	15.942	17.053	16.822	17.015	415.42	415.34
00:44:31	16.593	16.182	15.85	16.927	16.825	17.016	415.42	415.34
00:45:31	16.592	16.181	15.892	16.874	16.818	17.018	415.42	415.34
00:46:31	16.593	16.181	15.987	16.928	16.821	17.017	415.42	415.34
00:47:31	16.592	16.181	16.071	17.02	16.823	17.011	415.42	415.34
00:48:31	16.594	16.182	16.122	17.098	16.823	17.017	415.42	415.34
00:49:31	16.593	16.181	16.159	17.155	16.82	17.018	415.42	415.34
00:50:31	16.592	16.181	16.192	17.2	16.82	17.017	415.42	415.34
00:51:31	16.593	16.181	16.203	17.224	16.82	17.024	415.42	415.34
00:52:31	16.594	16.18	16.07	17.163	16.824	17.02	415.42	415.34
00:53:31	16.594	16.178	15.966	17.069	16.826	17.018	415.42	415.34
00:54:31	16.593	16.178	15.868	16.948	16.824	17.025	415.42	415.34
00:55:31	16.593	16.177	15.897	16.897	16.825	17.016	415.42	415.34
00:56:31	16.592	16.178	16.003	16.951	16.823	17.019	415.42	415.34
00:57:31	16.593	16.179	16.078	17.04	16.822	17.015	415.42	415.34
00:58:31	16.593	16.18	16.126	17.118	16.824	17.019	415.42	415.34
00:59:31	16.594	16.18	16.165	17.176	16.824	17.022	415.42	415.34
01:00:31	16.594	16.181	16.197	17.221	16.826	17.018	415.42	415.34
01:01:31	16.594	16.183	16.187	17.241	16.828	0.0	415.42	415.34
01:02:31	16.593	16.183	16.077	17.187	16.828	17.023	415.42	415.34
01:03:31	16.594	16.184	15.959	17.062	16.825	17.018	415.42	415.34
01:04:31	16.594	16.183	15.873	16.964	16.821	17.025	415.42	415.34
01:05:31	16.594	16.185	15.896	16.901	16.825	17.019	415.42	415.34
01:06:31	16.592	16.184	16.001	16.947	16.826	17.017	415.42	415.34
01:07:31	16.592	16.184	16.073	17.042	16.821	17.011	415.42	415.34
01:08:31	16.592	16.184	16.131	17.118	16.821	17.008	415.42	415.34
01:09:31	16.592	16.183	16.173	17.179	16.824	17.015	415.42	415.34
01:10:31	16.592	16.184	16.205	17.223	16.821	17.013	415.42	415.34
01:11:31	16.593	16.184	16.196	17.249	16.818	17.012	415.42	415.34
01:12:31	16.593	16.183	16.088	17.204	16.818	17.017	415.42	415.34
01:13:31	16.592	16.182	15.967	17.09	16.821	17.021	415.42	415.34
01:14:31	16.592	16.183	15.877	16.973	16.821	17.02	415.42	415.34
01:15:31	16.592	16.182	15.88	16.926	16.821	17.013	415.42	415.34
01:16:31	16.593	16.185	15.929	16.92	16.82	17.015	415.42	415.34
01:17:31	16.593	16.183	16.001	16.95	16.819	17.012	415.42	415.34
01:18:31	16.592	16.184	16.059	17.026	16.823	17.015	415.42	415.34
01:19:31	16.593	16.183	16.111	17.101	16.821	17.019	415.42	415.34
01:20:31	16.593	16.183	16.15	17.165	16.822	17.018	415.42	415.34
01:21:31	16.594	16.183	16.183	17.213	16.823	17.021	415.42	415.34
01:22:31	16.593	16.184	16.187	17.24	16.824	17.02	415.42	415.34
01:23:31	16.594	16.183	16.031	17.174	16.828	17.018	415.42	415.34
01:24:31	16.593	16.182	15.919	17.065	16.824	17.019	415.42	415.34
01:25:31	16.592	16.183	15.867	16.939	16.824	17.014	415.42	415.34
01:26:31	16.592	16.184	15.967	16.93	16.821	17.022	415.42	415.34
01:27:31	16.593	16.182	16.055	17.022	16.824	17.02	415.42	415.34
01:28:31	16.592	16.182	16.115	17.106	16.823	17.017	415.42	415.34
01:29:33	16.593	16.181	16.157	17.181	16.824	17.017	415.42	415.34
01:30:31	16.592	16.181	16.191	17.222	16.826	17.024	415.42	415.34
01:31:31	16.592	16.18	16.229	17.247	16.826	17.018	415.42	415.34
01:32:31	16.592	16.18	16.218	17.267	16.828	17.016	415.42	415.34
01:33:31	16.593	16.181	16.006	16.885	16.823	17.014	415.42	415.34
01:34:31	16.592	16.179	15.837	16.447	16.825	17.023	415.42	415.34
01:35:31	16.593	16.18	15.876	16.647	16.821	17.014	415.42	415.34
01:36:31	16.592	16.178	15.982	16.82	16.827	17.027	415.42	415.34
01:37:31	16.592	16.179	16.057	16.955	16.826	17.02	415.42	415.34
01:38:31	16.593	16.179	16.114	17.065	16.83	17.017	415.42	415.34
01:39:31	16.593	16.179	16.155	17.147	16.828	17.02	415.42	415.34
01:40:31	16.592	16.179	16.188	17.203	16.823	17.016	415.42	415.34
01:41:31	16.592	16.179	16.185	17.235	16.825	17.023	415.42	415.34
01:42:31	16.593	16.179	16.044	17.178	16.826	17.02	415.42	415.34
01:43:31	16.593	16.18	15.961	17.085	16.827	17.014	415.42	415.34
01:44:31	16.592	16.18	15.875	16.955	16.825	17.019	415.42	415.34
01:45:31	16.593	16.179	15.895	16.904	16.828	17.024	415.42	415.34
01:46:31	16.591	16.18	15.993	16.944	16.831	17.021	415.42	415.34
01:47:31	16.591	16.179	16.071	17.029	16.829	17.021	415.42	415.34
01:48:31	16.591	16.179	16.125	17.108	16.825	17.014	415.42	415.34
01:49:31	16.592	16.178	16.163	17.173	16.825	17.016	415.42	415.34
01:50:31	16.593	16.178	16.188	17.213	16.825	17.021	415.42	415.34
01:51:31	16.592	16.177	16.204	17.24	16.826	17.026	415.42	415.34
01:52:31	16.591	16.178	16.075	17.19	16.824	17.021	415.42	415.34
01:53:31	16.592	16.178	15.955	17.083	16.826	17.026	415.42	415.34
01:54:31	16.592	16.177	15.876	16.956	16.825	17.017	415.42	415.34
01:55:31	16.591	16.176	15.891	16.912	16.827	17.014	415.42	415.34
01:56:31	16.589	16.176	15.999	16.957	16.826	17.017	415.42	415.34
01:57:31	16.589	16.175	16.077	17.048	16.827	17.023	415.42	415.34
01:58:31	16.59	16.175	16.129	17.129	16.819	17.013	415.42	415.34
01:59:31	16.591	16.175	16.167	17.191	16.824	17.023	415.42	415.34
02:00:31	16.591	16.175	16.203	17.234	16.825	17.012	415.42	415.34
02:01:31	16.591	16.175	16.192	17.258	16.828	17.02	415.42	415.34
02:02:31	16.591	16.174	16.051	17.216	16.823	17.025	415.42	415.34
02:03:31	16.591	16.175	15.949	17.106	16.827	17.015	415.42	415.34
02:04:31	16.59	16.175	15.808	16.963	16.825	17.012	415.42	415.34
02:05:31	16.589	16.175	15.89	16.911	16.825	17.015	415.42	415.34
02:06:31	16.591	16.176	15.997	16.96	16.826	17.014	415.42	415.34
02:07:31	16.591	16.175	16.075	17.056	16.825	17.016	415.42	415.34
02:08:31	16.591	16.177	16.124	17.141	16.826	17.024	415.42	415.34
02:09:31	16.591	16.176	16.17	17.199	16.826	17.021	415.42	415.34
02:10:31	16.589	16.175	16.212	17.241	16.827	17.027	415.42	415.34
02:11:31	16.589	16.177	16.191	17.263	16.822	17.02	415.42	415.34
02:12:31	16.588	16.177	16.045	16.983	16.825	17.025	415.42	415.34
02:13:31	16.589	16.177	15.824	16.581	16.829	17.023	415.42	415.34
02:14:31	16.589	16.177	15.752	16.673	16.828	17.013	415.42	415.34
02:15:31	16.588	16.175	15.899	16.78	16.827	17.021	415.42	415.34
02:16:31	16.589	16.176	16.017	16.94	16.828	17.021	415.42	415.34
02:17:31	16.588	16.175	16.085	17.065	16.826	17.017	415.42	415.34
02:18:31	16.588	16.176	16.132	17.146	16.828	17.023	415.42	415.34
02:19:31	16.587	16.175	16.164	17.205	16.829	17.023	415.42	415.34
02:20:32	16.588	16.175	16.203	17.24	16.828	17.023	415.42	415.34
02:21:31	16.589	16.173	16.187	17.257	16.827	17.023	415.42	415.34
02:22:31	16.59	16.174	16.023	16.985	16.826	17.017	415.42	415.34
02:23:31	16.589	16.174	15.841	16.553	16.825	17.012	415.42	415.34
02:24:31	16.59	16.175	15.862	16.684	16.826	17.02	415.42	415.34
02:25:31	16.59	16.173	15.983	16.847	16.826	17.017	415.42	415.34
02:26:31	16.59	16.174	16.065	17.001	16.83	17.024	415.42	415.34
02:27:31	16.589	16.174	16.125	17.11	16.826	17.023	415.42	415.34
02:28:32	16.59	16.173	16.165	17.184	16.826	17.023	415.42	415.34
02:29:31	16.589	16.174	16.201	17.233	16.827	17.022	415.42	415.34
02:30:31	16.589	16.174	16.196	17.263	16.827	17.016	415.42	415.34
02:31:31	16.588	16.174	16.085	17.225	16.824	17.016	415.42	415.34
02:32:31	16.589	16.174	15.97	17.024	16.825	17.018	415.42	415.34
02:33:31	16.59	16.175	15.865	16.951	16.824	17.016	415.42	415.34
02:34:31	16.59	16.176	15.886	16.923	16.825	17.018	415.42	415.34
02:35:31	16.589	16.175	15.926	16.922	16.824	17.026	415.42	415.34
02:36:31	16.59	16.175	16.015	16.971	16.828	17.021	415.42	415.34
02:37:31	0.0	16.176	16.084	17.065	16.826	17.019	415.42	415.34
02:38:31	16.588	16.178	16.131	17.141	16.827	17.012	415.42	415.34
02:39:31	16.589	16.178	16.164	17.203	16.827	17.023	415.42	415.34
02:40:31	16.589	16.178	16.186	17.232	16.828	17.019	415.42	415.34
02:41:31	16.589	16.177	16.057	17.19	16.825	17.025	415.42	415.34
02:42:31	16.589	16.176	15.966	17.131	16.825	17.018	415.42	415.34
02:43:31	16.588	16.177	15.902	17.034	16.826	17.018	415.42	415.34
02:44:31	16.59	16.178	15.918	16.985	16.824	17.02	415.42	415.34
02:45:31	16.59	16.178	15.956	16.984	16.826	17.011	415.42	415.34
02:46:31	16.59	16.176	15.922	16.959	16.827	17.018	415.42	415.34
02:47:31	16.589	16.178	15.996	16.967	16.823	17.013	415.42	415.34
02:48:31	16.59	16.177	16.05	17.028	16.824	17.013	415.42	415.34
02:49:31	16.589	16.176	16.104	17.101	16.828	17.016	415.42	415.34
02:50:31	16.588	16.177	16.148	17.17	16.829	17.027	415.42	415.34
02:51:31	16.589	16.178	16.18	17.227	16.832	17.028	415.42	415.34
02:52:31	16.589	16.177	16.137	17.247	16.829	17.018	415.42	415.34
02:53:31	16.589	16.177	16.018	17.19	16.828	17.024	415.42	415.34
02:54:31	16.589	16.178	15.929	17.071	16.831	17.019	415.42	415.34
02:55:31	16.59	16.177	15.911	16.983	16.83	17.02	415.42	415.34
02:56:31	16.59	16.179	15.934	16.97	16.83	17.011	415.42	415.34
02:57:31	16.589	16.178	15.898	16.96	16.829	17.023	415.42	415.34
02:58:34	16.59	16.179	15.918	16.933	16.831	17.027	415.42	415.34
02:59:31	16.59	16.178	15.987	16.953	16.824	17.021	415.42	415.34
03:00:31	16.589	16.178	16.061	17.03	16.826	17.017	415.42	415.34
03:01:31	16.589	16.177	16.113	17.111	16.825	17.016	415.42	415.34
03:02:31	16.587	16.177	16.148	17.171	16.826	17.024	415.42	415.34
03:03:31	16.588	16.178	16.172	17.218	16.829	17.019	415.42	415.34
03:04:31	16.589	16.178	16.136	17.24	16.829	17.018	415.42	415.34
03:05:31	16.589	16.177	16.022	17.18	16.828	17.023	415.42	415.34
03:06:31	16.59	16.178	15.952	17.08	16.829	17.018	415.42	415.34
03:07:31	16.589	16.177	15.94	17.021	16.825	17.022	415.42	415.34
03:08:31	16.588	16.178	15.924	17.002	16.828	17.027	415.42	415.34
03:09:31	16.589	16.178	15.94	16.986	16.825	17.018	415.42	415.34
03:10:31	16.59	16.177	16.01	17.003	16.829	17.018	415.42	415.34
03:11:31	16.59	16.177	16.069	17.069	16.824	17.014	415.42	415.34
03:12:31	16.59	16.178	16.115	17.135	16.828	17.022	415.42	415.34
03:13:31	16.588	16.178	16.157	17.193	16.828	17.019	415.42	415.34
03:14:31	16.59	16.176	16.194	17.237	16.826	17.027	415.42	415.34
03:15:31	16.589	16.176	16.198	17.263	16.827	17.015	415.42	415.34
03:16:31	16.588	16.177	16.069	17.214	16.826	17.012	415.42	415.34
03:17:31	16.589	16.175	15.96	17.085	16.826	17.011	415.42	415.34
03:18:31	16.589	16.176	15.868	16.946	16.828	17.019	415.42	415.34
03:19:31	16.589	16.176	15.896	16.914	16.828	17.02	415.42	415.34
03:20:32	16.588	16.176	15.997	16.948	16.828	17.022	415.42	415.34
03:21:31	16.587	16.176	16.065	17.041	16.832	17.027	415.42	415.34
03:22:31	16.588	16.175	16.121	17.126	16.831	17.024	415.42	415.34
03:23:31	16.588	16.177	16.164	17.186	16.829	17.018	415.42	415.34
03:24:31	16.589	16.177	16.188	17.232	16.83	17.02	415.42	415.34
03:25:31	16.589	16.176	16.169	17.251	16.826	17.021	415.42	415.34
03:26:31	16.588	16.175	16.053	17.202	16.822	17.025	415.42	415.34
03:27:31	16.589	16.175	15.94	16.996	16.826	17.025	415.42	415.34
03:28:31	16.589	16.174	15.829	16.911	16.825	17.021	415.42	415.34
03:29:31	16.589	16.174	15.859	16.876	16.825	17.018	415.42	415.34
03:30:31	16.588	16.174	15.966	16.929	16.824	17.014	415.42	415.34
03:31:31	16.587	16.175	16.053	17.036	16.826	17.022	415.42	415.34
03:32:31	16.586	16.175	16.114	17.128	16.829	17.013	415.42	415.34
03:33:31	16.587	16.175	16.157	17.193	16.828	17.023	415.42	415.34
03:34:31	0.0	16.175	16.186	17.233	16.828	17.021	415.42	415.34
03:35:31	16.585	16.174	16.175	17.26	16.828	17.016	415.42	415.34
03:36:31	16.586	16.174	16.052	17.218	16.824	17.014	415.42	415.34
03:37:31	16.587	16.175	15.939	17.12	16.827	17.025	415.42	415.34
03:38:31	16.586	16.174	15.878	17.008	16.828	17.022	415.42	415.34
03:39:31	16.586	16.175	15.913	16.963	16.828	17.02	415.42	415.34
03:40:31	16.585	16.173	15.901	16.956	16.828	17.016	415.42	415.34
03:41:31	16.585	16.174	15.888	16.917	16.829	17.021	415.42	415.34
03:42:31	16.585	16.175	15.972	16.94	16.827	17.017	415.42	415.34
03:43:31	16.585	16.174	16.047	17.018	16.825	17.015	415.42	415.34
03:44:31	16.586	16.175	16.103	17.106	16.827	17.015	415.42	415.34
03:45:32	16.586	16.175	16.141	17.169	16.824	17.024	415.42	415.34
03:46:31	0.0	16.174	16.164	17.221	16.827	17.019	415.42	415.34
03:47:31	16.586	16.174	16.167	17.25	16.827	17.021	415.42	415.34
03:48:31	16.585	16.174	16.017	17.213	16.827	17.021	415.42	415.34
03:49:31	16.586	16.172	15.944	17.098	16.826	17.012	415.42	415.34
03:50:31	16.586	16.172	15.919	17.037	16.823	17.017	415.42	415.34
03:51:31	16.586	16.171	15.94	17.007	16.821	17.015	415.42	415.34
03:52:31	16.587	16.172	15.916	16.971	16.825	17.023	415.42	415.34
03:53:31	16.586	16.173	15.884	16.936	16.828	17.014	415.42	415.34
03:54:31	16.586	16.173	15.972	16.951	16.828	17.012	415.42	415.34
03:55:31	16.587	16.174	16.046	17.024	16.826	17.019	415.42	415.34
03:56:31	16.587	16.175	16.1	17.106	16.827	17.012	415.42	415.34
03:57:31	16.587	16.174	16.143	17.169	16.829	17.015	415.42	415.34
03:58:31	16.587	16.175	16.174	17.225	16.83	17.022	415.42	415.34
03:59:31	16.587	16.176	16.149	17.244	16.828	17.02	415.42	415.34
04:00:31	16.587	16.175	15.995	17.184	16.825	17.026	415.42	415.34
04:01:31	16.587	16.176	15.871	17.074	16.824	17.016	415.42	415.34
04:02:31	16.587	16.175	15.773	16.945	16.827	17.018	415.42	415.34
04:03:31	16.587	16.175	15.896	16.937	16.825	17.018	415.42	415.34
04:04:31	16.587	16.176	16.014	17.033	16.826	17.023	415.42	415.34
04:05:33	16.587	16.177	16.083	17.123	16.829	17.015	415.42	415.34
04:06:31	16.586	16.176	16.129	17.187	16.83	17.023	415.42	415.34
04:07:31	16.586	16.176	16.168	17.234	16.829	17.02	415.42	415.34
04:08:31	16.587	16.177	16.199	17.269	16.829	17.022	415.42	415.34
04:09:31	16.586	16.176	16.21	17.292	16.829	17.016	415.42	415.34
04:10:31	16.586	16.177	16.012	16.926	16.828	17.02	415.42	415.34
04:11:32	16.586	16.176	15.846	16.528	16.831	17.02	415.42	415.34
04:12:32	16.586	16.176	15.891	16.687	16.827	17.023	415.42	415.34
04:13:32	16.586	16.175	15.992	16.853	16.829	17.022	415.42	415.34
04:14:33	16.586	16.177	16.071	16.999	16.825	17.017	415.42	415.34
04:15:32	16.585	16.176	16.13	17.107	16.83	17.015	415.42	415.34
04:16:32	16.586	16.175	16.169	17.182	16.825	17.023	415.42	415.34
04:17:32	16.586	16.176	16.2	17.236	16.824	17.018	415.42	415.34
04:18:32	16.584	16.176	16.199	17.248	16.825	17.012	415.42	415.34
04:19:32	16.585	16.175	16.057	17.179	16.827	17.025	415.42	415.34
04:20:32	16.587	16.175	15.944	17.105	16.826	17.021	415.42	415.34
04:21:32	16.586	16.175	15.865	16.977	16.828	17.017	415.42	415.34
04:22:32	16.587	16.177	15.905	16.942	16.831	17.018	415.42	415.34
04:23:32	16.587	16.175	16.018	17.0	16.828	17.017	415.42	415.34
04:24:33	16.585	16.176	16.097	17.099	16.83	17.021	415.42	415.34
04:25:32	0.0	16.177	16.143	17.172	16.828	17.025	415.42	415.34
04:26:32	16.587	16.176	16.184	17.228	16.827	17.021	415.42	415.34
04:27:32	16.587	16.176	16.213	17.265	16.825	17.017	415.42	415.34
04:28:32	16.587	16.175	16.187	17.275	16.826	17.018	415.42	415.34
04:29:33	16.585	16.176	16.045	16.986	16.827	17.02	415.42	415.34
04:30:32	16.586	16.177	15.826	16.675	16.827	17.014	415.42	415.34
04:31:33	16.587	16.176	15.756	16.728	16.825	17.021	415.42	415.34
04:32:32	16.585	16.176	15.921	16.839	16.824	17.018	415.42	415.34
04:33:32	16.584	16.176	16.036	16.992	16.827	0.0	415.42	415.34
04:34:32	16.584	16.174	16.104	17.099	16.828	17.016	415.42	415.34
04:35:32	16.586	16.174	16.149	17.181	16.829	17.015	415.42	415.34
04:36:32	16.586	16.175	16.181	17.233	16.826	17.018	415.42	415.34
04:37:32	16.585	16.175	16.213	17.271	16.829	17.014	415.42	415.34
04:38:32	16.587	16.175	16.186	17.288	16.828	17.017	415.42	415.34
04:39:32	16.587	16.176	15.988	17.184	16.828	17.023	415.42	415.34
04:40:32	16.585	16.174	15.884	17.03	16.826	17.018	415.42	415.34
04:41:32	16.587	16.174	15.909	16.997	16.824	17.013	415.42	415.34
04:42:32	16.586	16.175	15.944	16.979	16.827	17.018	415.42	415.34
04:43:32	16.586	16.174	16.032	16.999	16.827	17.014	415.42	415.34
04:44:32	16.586	16.175	16.096	17.085	16.829	17.018	415.42	415.34
04:45:32	16.587	16.174	16.146	17.163	16.827	17.023	415.42	415.34
04:46:32	16.587	16.174	16.185	17.217	16.828	17.019	415.42	415.34
04:47:32	16.587	16.175	16.203	17.251	16.826	17.018	415.42	415.34
04:48:32	16.586	16.174	16.092	17.214	16.825	17.021	415.42	415.34
04:49:32	16.587	16.175	15.994	17.164	16.828	17.023	415.42	415.34
04:50:32	16.587	16.176	15.836	17.053	16.826	17.015	415.42	415.34
04:51:32	16.588	16.177	15.779	16.892	16.826	17.018	415.42	415.34
04:52:32	16.586	16.176	15.904	16.876	16.829	17.017	415.42	415.34
04:53:32	16.586	16.176	16.009	16.982	16.828	17.015	415.42	415.34
04:54:32	16.585	16.177	16.081	17.087	16.826	17.022	415.42	415.34
04:55:32	16.587	16.176	16.131	17.162	16.826	17.016	415.42	415.34
04:56:32	16.586	16.176	16.175	17.212	16.826	17.016	415.42	415.34
04:57:32	16.587	16.176	16.212	17.247	16.825	17.014	415.42	415.34
04:58:32	16.587	16.176	16.205	17.268	16.827	17.018	415.42	415.34
04:59:32	16.587	16.176	15.989	17.177	16.827	17.017	415.42	415.34
05:00:32	16.587	16.176	15.879	17.017	16.826	17.01	415.42	415.34
05:01:32	16.587	16.176	15.909	16.97	16.825	17.017	415.42	415.34
05:02:32	16.587	16.177	15.93	16.946	16.826	17.017	415.42	415.34
05:03:32	16.587	16.177	16.017	16.983	16.826	17.018	415.42	415.34
05:04:32	16.587	16.177	16.089	17.068	16.825	17.016	415.42	415.34
05:05:32	16.588	16.177	16.139	17.149	16.824	17.018	415.42	415.34
05:06:33	16.589	16.178	16.177	17.208	16.827	17.012	415.42	415.34
05:07:32	16.588	16.176	16.163	17.227	16.827	17.016	415.42	415.34
05:08:32	16.587	16.176	16.063	17.168	16.828	17.017	415.42	415.34
05:09:33	16.587	16.177	15.937	17.104	16.828	17.016	415.42	415.34
05:10:32	16.588	16.177	15.846	17.006	16.827	17.018	415.42	415.34
05:11:32	16.587	16.177	15.898	16.965	16.827	17.017	415.42	415.34
05:12:32	16.587	16.178	15.909	16.972	16.829	17.018	415.42	415.34
05:13:32	16.588	16.178	15.909	16.959	16.827	17.018	415.42	415.34
05:14:32	16.588	16.178	15.909	16.921	16.827	17.018	415.42	415.34
05:15:32	16.588	16.177	15.993	16.951	16.826	17.015	415.42	415.34
05:16:32	16.588	16.178	16.061	17.04	16.827	17.018	415.42	415.34
05:17:32	16.588	16.177	16.105	17.121	16.826	17.018	415.42	415.34
05:18:32	16.587	16.176	16.143	17.18	16.824	17.016	415.42	415.34
05:19:32	16.586	16.175	16.174	17.227	16.823	17.02	415.42	415.34
05:20:32	16.586	16.175	16.117	17.231	16.823	17.016	415.42	415.34
05:21:32	16.587	16.176	16.014	17.172	16.823	17.015	415.42	415.34
05:22:32	16.585	16.176	15.961	17.054	16.828	17.02	415.42	415.34
05:23:32	16.587	16.175	15.952	17.003	16.826	17.016	415.42	415.34
05:24:32	16.587	16.176	15.945	16.984	16.827	17.022	415.42	415.34
05:25:32	16.586	16.176	15.923	16.969	16.823	17.016	415.42	415.34
05:26:32	16.586	16.176	16.005	16.982	16.824	17.018	415.42	415.34
05:27:32	16.586	16.177	16.073	17.043	16.827	17.019	415.42	415.34
05:28:32	16.586	16.176	16.119	17.119	16.829	17.013	415.42	415.34
05:29:32	16.587	16.179	16.156	17.181	16.829	17.018	415.42	415.34
05:30:32	16.587	16.179	16.192	17.229	16.826	17.021	415.42	415.34
05:31:32	16.588	16.179	16.185	17.252	16.828	17.019	415.42	415.34
05:32:32	16.587	16.179	16.049	17.198	16.827	17.018	415.42	415.34
05:33:32	16.588	16.18	15.99	17.089	16.825	17.02	415.42	415.34
05:34:32	16.587	16.179	15.96	17.027	16.827	17.018	415.42	415.34
05:35:32	16.587	16.179	15.93	16.998	16.827	17.018	415.42	415.34
05:36:32	16.586	16.179	15.945	16.968	16.833	17.018	415.42	415.34
05:37:32	16.587	16.18	16.023	16.987	16.831	17.019	415.42	415.34
05:38:32	16.588	16.178	16.09	17.064	16.829	17.02	415.42	415.34
05:39:32	16.587	16.179	16.14	17.136	16.827	17.021	415.42	415.34
05:40:34	16.587	16.178	16.178	17.194	16.83	17.018	415.42	415.34
05:41:32	16.587	16.178	16.204	17.241	16.827	17.018	415.42	415.34
05:42:32	16.585	16.177	16.197	17.261	16.827	17.019	415.42	415.34
05:43:32	16.586	16.177	16.065	17.192	16.828	17.019	415.42	415.34
05:44:32	16.587	16.178	15.945	17.07	16.829	17.02	415.42	415.34
05:45:32	16.587	16.178	15.862	16.975	16.827	17.018	415.42	415.34
05:46:32	16.587	16.179	15.918	16.948	16.827	17.02	415.42	415.34
05:47:32	16.587	16.177	15.877	16.936	16.825	17.018	415.42	415.34
05:48:32	16.587	16.176	15.929	16.908	16.823	17.018	415.42	415.34
05:49:32	16.587	16.174	15.998	16.942	16.824	17.018	415.42	415.34
05:50:32	16.587	16.174	16.072	17.034	16.824	17.016	415.42	415.34
05:51:32	16.587	16.176	16.122	17.123	16.825	17.016	415.42	415.34
05:52:32	16.587	16.176	16.157	17.187	16.827	17.016	415.42	415.34
05:53:32	16.586	16.175	16.19	17.231	16.824	17.022	415.42	415.34
05:54:32	16.587	16.174	16.149	17.234	16.821	17.018	415.42	415.34
05:55:32	16.586	16.173	16.054	17.191	16.824	17.018	415.42	415.34
05:56:32	16.586	16.175	15.942	17.09	16.826	17.018	415.42	415.34
05:57:32	16.587	16.176	15.849	16.953	16.827	17.018	415.42	415.34
05:58:32	16.587	16.176	15.896	16.927	16.826	17.018	415.42	415.34
05:59:32	16.585	16.176	15.997	16.973	16.828	17.019	415.42	415.34
06:00:34	16.586	16.176	16.077	17.063	16.827	17.018	415.42	415.34
06:01:32	16.587	16.176	16.131	17.144	16.822	17.017	415.42	415.34
06:02:32	16.585	16.175	16.164	17.201	16.826	17.017	415.42	415.34
06:03:32	16.586	16.174	16.193	17.247	16.826	17.016	415.42	415.34
06:04:32	16.586	16.174	16.167	17.266	16.825	17.02	415.42	415.34
06:05:32	16.586	16.175	16.05	17.199	16.826	17.015	415.42	415.34
06:06:32	16.585	16.175	15.947	17.1	16.826	17.016	415.42	415.34
06:07:32	16.586	16.175	15.858	16.957	16.828	17.018	415.42	415.34
06:08:34	16.587	16.177	15.922	16.936	16.828	17.02	415.42	415.34
06:09:32	16.587	16.178	16.029	16.996	16.826	17.019	415.42	415.34
06:10:32	16.587	16.177	16.099	17.097	16.827	17.019	415.42	415.34
06:11:32	16.586	16.177	16.144	17.174	16.828	17.019	415.42	415.34
06:12:32	16.586	16.176	16.18	17.227	16.828	17.02	415.42	415.34
06:13:32	16.587	16.179	16.206	17.265	16.83	17.025	415.42	415.34
06:14:32	16.587	16.178	16.181	17.272	16.829	17.02	415.42	415.34
06:15:32	16.587	16.179	16.044	17.209	16.83	17.018	415.42	415.34
06:16:32	16.587	16.179	15.947	17.089	16.83	17.018	415.42	415.34
06:17:32	16.586	16.178	15.956	17.036	16.827	17.017	415.42	415.34
06:18:32	16.586	16.178	15.962	17.027	16.829	17.02	415.42	415.34
06:19:32	16.585	16.179	15.956	16.983	16.829	17.022	415.42	415.34
06:20:32	16.587	16.179	16.021	16.996	16.826	17.02	415.42	415.34
06:21:32	16.586	16.179	16.082	17.06	16.825	17.02	415.42	415.34
06:22:32	16.587	16.18	16.14	17.135	16.827	17.017	415.42	415.34
06:23:32	16.587	16.178	16.178	17.196	16.826	17.018	415.42	415.34
06:24:32	16.588	16.179	16.205	17.235	16.826	17.018	415.42	415.34
06:25:34	16.588	16.18	16.185	17.253	16.83	17.018	415.42	415.34
06:26:32	16.587	16.179	16.062	17.195	16.83	17.018	415.42	415.34
06:27:32	16.588	16.178	15.967	17.106	16.83	17.019	415.42	415.34
06:28:32	16.588	16.179	15.965	17.039	16.829	17.02	415.42	415.34
06:29:32	16.587	16.178	15.951	17.015	16.827	17.019	415.42	415.34
06:30:32	16.587	16.177	15.948	16.974	16.827	17.021	415.42	415.34
06:31:32	16.588	16.178	16.023	16.99	16.827	17.018	415.42	415.34
06:32:32	16.588	16.179	16.085	17.061	16.828	17.019	415.42	415.34
06:33:32	16.588	16.182	16.132	17.142	16.832	17.019	415.42	415.34
06:34:32	16.588	16.181	16.172	17.196	16.829	17.02	415.42	415.34
06:35:32	16.587	16.18	16.201	17.237	16.828	17.018	415.42	415.34
06:36:33	16.587	16.177	16.194	17.26	16.824	17.017	415.42	415.34
06:37:32	16.587	16.176	16.069	17.209	16.825	17.015	415.42	415.34
06:38:33	16.586	16.176	15.908	17.091	16.824	17.016	415.42	415.34
06:39:32	16.587	16.176	15.841	16.96	16.825	17.018	415.42	415.34
06:40:33	16.587	16.177	15.912	16.926	16.826	17.018	415.42	415.34
06:41:33	16.587	16.177	16.02	16.977	16.826	17.019	415.42	415.34
06:42:32	16.587	16.177	16.094	17.077	16.828	17.018	415.42	415.34
06:43:33	16.588	16.176	16.143	17.152	16.829	17.017	415.42	415.34
06:44:32	0.0	16.178	16.178	17.21	16.825	17.017	415.42	415.34
06:45:32	16.586	16.176	16.206	17.252	16.827	17.019	415.42	415.34
06:46:32	16.587	16.176	16.202	17.275	16.824	17.018	415.42	415.34
06:47:32	16.587	16.176	16.045	17.21	16.825	17.016	415.42	415.34
06:48:32	16.587	16.175	15.917	17.09	16.823	17.017	415.42	415.34
06:49:33	16.586	16.176	15.892	16.98	16.825	17.017	415.42	415.34
06:50:32	16.585	16.176	15.931	16.961	16.827	17.016	415.42	415.34
06:51:32	16.586	16.176	15.902	16.936	16.826	17.018	415.42	415.34
06:52:32	16.587	16.177	15.867	16.921	16.83	17.018	415.42	415.34
06:53:32	16.585	16.176	15.974	16.943	16.829	17.016	415.42	415.34
06:54:32	16.587	16.177	16.036	17.013	16.828	17.018	415.42	415.34
06:55:32	16.586	16.177	16.083	17.095	16.829	17.017	415.42	415.34
06:56:32	16.588	16.179	16.135	17.162	16.827	17.018	415.42	415.34
06:57:32	16.587	16.178	16.168	17.215	16.825	17.016	415.42	415.34
06:58:32	16.587	16.177	16.165	17.238	16.826	17.016	415.42	415.34
06:59:32	16.587	16.177	16.029	17.192	16.825	17.022	415.42	415.34
07:00:32	16.587	16.176	15.935	17.084	16.824	17.018	415.42	415.34
07:01:32	16.586	16.177	15.966	17.042	16.824	17.018	415.42	415.34
07:02:32	16.587	16.176	15.954	17.026	16.824	17.017	415.42	415.34
07:03:32	16.587	16.177	15.923	16.998	16.825	17.017	415.42	415.34
07:04:32	16.586	16.178	15.932	16.954	16.826	17.018	415.42	415.34
07:05:32	16.587	16.178	15.993	16.969	16.828	17.021	415.42	415.34
07:06:32	16.587	16.18	16.052	17.028	16.828	17.019	415.42	415.34
07:07:32	16.587	16.179	16.102	17.108	16.828	17.022	415.42	415.34
07:08:32	16.587	16.18	16.143	17.174	16.83	17.018	415.42	415.34
07:09:32	16.588	16.179	16.181	17.223	16.827	17.02	415.42	415.34
07:10:32	16.588	16.179	16.145	17.239	16.826	17.017	415.42	415.34
07:11:32	16.588	16.179	15.988	17.195	16.824	17.018	415.42	415.34
07:12:32	16.588	16.178	15.871	17.079	16.826	17.019	415.42	415.34
07:13:32	16.587	16.178	15.858	16.936	16.826	17.018	415.42	415.34
07:14:32	16.587	16.178	15.975	16.967	16.827	17.016	415.42	415.34
07:15:32	16.587	16.178	16.06	17.065	16.828	17.016	415.42	415.34
07:16:32	16.587	16.18	16.122	17.146	16.826	17.015	415.42	415.34
07:17:32	16.588	16.18	16.166	17.208	16.828	17.02	415.42	415.34
07:18:32	16.588	16.18	16.192	17.254	16.828	17.017	415.42	415.34
07:19:32	16.588	16.181	16.229	17.279	16.83	17.021	415.42	415.34
07:20:32	16.587	16.181	16.174	17.293	16.828	17.016	415.42	415.34
07:21:32	16.587	16.18	15.991	17.182	16.824	17.021	415.42	415.34
07:22:32	16.587	16.18	15.903	17.041	16.827	17.018	415.42	415.34
07:23:32	16.587	16.18	15.926	16.99	16.827	17.016	415.42	415.34
07:24:34	16.585	16.178	15.9	16.961	16.828	17.018	415.42	415.34
07:25:32	16.585	16.179	15.902	16.93	16.826	17.02	415.42	415.34
07:26:32	16.585	16.178	15.977	16.952	16.825	17.016	415.42	415.34
07:27:32	16.587	16.178	16.047	17.008	16.826	17.016	415.42	415.34
07:28:34	16.587	16.179	16.103	17.094	16.825	17.018	415.42	415.34
07:29:32	16.586	16.179	16.145	17.159	16.825	17.016	415.42	415.34
07:30:32	16.587	16.178	16.18	17.217	16.829	17.016	415.42	415.34
07:31:32	16.587	16.179	16.158	17.243	16.828	17.019	415.42	415.34
07:32:32	16.587	16.178	16.025	17.196	16.829	17.016	415.42	415.34
07:33:32	16.587	16.179	15.932	17.079	16.829	17.017	415.42	415.34
07:34:32	16.587	16.18	15.923	17.014	16.827	17.017	415.42	415.34
07:35:32	16.588	16.179	15.927	16.999	16.827	17.021	415.42	415.34
07:36:32	16.588	16.18	15.936	16.966	16.828	17.019	415.42	415.34
07:37:32	16.587	16.18	16.018	17.0	16.828	17.021	415.42	415.34
07:38:32	16.587	16.179	16.085	17.086	16.826	17.02	415.42	415.34
07:39:32	16.588	16.18	16.132	17.156	16.825	17.018	415.42	415.34
07:40:32	16.587	16.178	16.169	17.211	16.826	17.02	415.42	415.34
07:41:33	16.588	16.179	16.2	17.253	16.828	17.014	415.42	415.34
07:42:33	16.588	16.179	16.179	17.267	16.826	17.018	415.42	415.34
07:43:33	16.588	16.179	16.053	17.216	16.826	17.017	415.42	415.34
07:44:33	16.589	16.18	15.978	17.113	16.826	17.015	415.42	415.34
07:45:33	16.587	16.179	15.986	17.057	16.826	17.021	415.42	415.34
07:46:33	16.588	16.179	15.978	17.034	16.828	17.019	415.42	415.34
07:47:33	16.589	16.179	15.937	17.011	16.831	17.019	415.42	415.34
07:48:33	16.588	16.179	15.947	16.965	16.831	17.018	415.42	415.34
07:49:33	16.588	16.18	16.029	16.991	16.826	17.016	415.42	415.34
07:50:33	16.587	16.18	16.092	17.076	16.828	17.013	415.42	415.34
07:51:33	16.588	16.179	16.139	17.152	16.828	17.018	415.42	415.34
07:52:33	16.588	16.179	16.181	17.207	16.825	17.017	415.42	415.34
07:53:33	16.587	16.177	16.207	17.253	16.826	17.018	415.42	415.34
07:54:33	16.587	16.18	16.195	17.277	16.826	17.021	415.42	415.34
07:55:33	16.588	16.179	16.036	17.214	16.83	17.02	415.42	415.34
07:56:33	16.587	16.179	15.957	17.093	16.83	17.017	415.42	415.34
07:57:33	16.588	16.179	15.95	17.028	16.829	17.017	415.42	415.34
07:58:33	16.588	16.18	15.93	17.001	16.826	17.021	415.42	415.34
07:59:33	16.588	16.179	15.896	16.971	16.825	17.022	415.42	415.34
08:00:33	16.587	16.18	16.006	16.998	16.826	17.015	415.42	415.34
08:01:33	16.587	16.179	16.087	17.079	16.828	17.012	415.42	415.34
08:02:33	16.587	16.179	16.133	17.156	16.828	17.015	415.42	415.34
08:03:33	16.587	16.178	16.172	17.212	16.829	17.013	415.42	415.34
08:04:33	16.588	16.178	16.211	17.25	16.826	17.019	415.42	415.34
08:05:33	16.586	16.178	16.185	17.272	16.824	17.019	415.42	415.34
08:06:33	16.586	16.178	16.097	17.23	16.826	17.02	415.42	415.34
08:07:33	16.587	16.178	15.949	17.118	16.827	17.015	415.42	415.34
08:08:33	16.586	16.178	15.866	16.991	16.824	17.016	415.42	415.34
08:09:33	16.586	16.177	15.925	16.964	16.826	17.018	415.42	415.34
08:10:33	16.587	16.177	16.024	17.013	16.826	17.017	415.42	415.34
08:11:33	16.587	16.177	16.099	17.1	16.826	17.018	415.42	415.34
08:12:33	16.587	16.177	16.148	17.177	16.828	17.017	415.42	415.34
08:13:34	16.586	16.177	16.185	17.234	16.827	17.017	415.42	415.34
08:14:33	0.0	16.176	16.214	17.269	16.827	17.018	415.42	415.34
08:15:33	16.587	16.177	16.176	17.279	16.825	17.018	415.42	415.34
08:16:33	16.586	16.177	16.042	17.214	16.821	17.017	415.42	415.34
08:17:33	16.586	16.177	15.926	17.112	16.824	17.016	415.42	415.34
08:18:33	16.587	16.177	15.853	16.964	16.822	17.016	415.42	415.34
08:19:33	16.588	16.177	15.906	16.946	16.824	17.017	415.42	415.34
08:20:33	16.587	16.178	16.029	16.998	16.825	17.017	415.42	415.34
08:21:33	16.587	16.177	16.1	17.092	16.828	17.017	415.42	415.34
08:22:33	16.586	16.177	16.15	17.167	16.826	17.014	415.42	415.34
08:23:33	16.588	16.178	16.188	17.221	16.825	17.015	415.42	415.34
08:24:33	16.588	16.178	16.221	17.26	16.826	17.014	415.42	415.34
08:25:33	16.588	16.177	16.203	17.276	16.825	17.02	415.42	415.34
08:26:33	16.587	16.176	16.005	16.826	16.826	17.015	415.42	415.34
08:27:33	16.588	16.177	15.835	16.538	16.823	17.015	415.42	415.34
08:28:33	16.588	16.178	15.907	16.719	16.827	17.016	415.42	415.34
08:29:33	16.588	16.177	16.019	16.875	16.83	17.017	415.42	415.34
08:30:33	16.588	16.181	16.099	17.027	16.83	17.016	415.42	415.34
08:31:33	16.588	16.182	16.149	17.138	16.83	17.016	415.42	415.34
08:32:33	16.588	16.183	16.189	17.212	16.83	17.018	415.42	415.34
08:33:33	16.587	16.184	16.226	17.258	16.831	17.019	415.42	415.34
08:34:33	16.588	16.184	16.21	17.287	16.83	17.021	415.42	415.34
08:35:33	16.587	16.184	16.044	16.927	16.831	17.017	415.42	415.34
08:36:33	16.587	16.182	15.871	16.68	16.825	17.019	415.42	415.34
08:37:33	16.587	16.182	15.906	16.825	16.826	17.018	415.42	415.34
08:38:33	16.586	16.182	15.973	16.897	16.826	17.019	415.42	415.34
08:39:33	16.587	16.183	16.057	16.988	16.829	17.023	415.42	415.34
08:40:33	16.588	16.181	16.121	17.102	16.828	17.019	415.42	415.34
08:41:33	16.587	16.181	16.171	17.19	16.828	17.019	415.42	415.34
08:42:33	16.588	16.181	16.215	17.252	16.823	17.019	415.42	415.34
08:43:33	16.588	16.181	16.193	17.279	16.825	17.019	415.42	415.34
08:44:33	16.587	16.181	16.045	17.21	16.825	17.017	415.42	415.34
08:45:34	16.588	16.179	15.971	17.131	16.826	17.018	415.42	415.34
08:46:33	16.585	16.179	15.911	17.033	16.828	17.02	415.42	415.34
08:47:33	16.587	16.179	15.921	17.008	16.827	17.016	415.42	415.34
08:48:33	16.588	16.178	15.904	17.015	16.827	17.017	415.42	415.34
08:49:33	16.587	16.178	15.95	17.011	16.828	17.016	415.42	415.34
08:50:33	16.588	16.178	16.025	17.031	16.825	17.034	415.42	415.34
08:51:33	16.588	16.178	16.08	17.1	16.825	17.027	415.42	415.34
08:52:33	16.589	16.179	16.135	17.169	16.824	17.024	415.42	415.34
08:53:34	16.589	16.18	16.177	17.231	16.827	17.024	415.42	415.34
08:54:33	16.588	16.179	16.214	17.273	16.826	17.021	415.42	415.34
08:55:33	16.588	16.18	16.196	17.293	16.824	17.024	415.42	415.34
08:56:33	16.588	16.179	16.059	17.225	16.828	17.015	415.42	415.34
08:57:33	16.588	16.179	15.935	17.125	16.825	17.013	415.42	415.34
08:58:33	16.588	16.18	15.877	17.024	16.825	17.014	415.42	415.34
08:59:33	16.588	16.179	15.918	16.999	16.827	17.017	415.42	415.34
09:00:33	16.588	16.179	15.874	16.98	16.825	17.015	415.42	415.34
09:01:33	16.587	16.179	15.892	16.961	16.827	17.016	415.42	415.34
09:02:33	16.588	16.179	15.993	16.991	16.827	17.024	415.42	415.34
09:03:33	16.589	16.18	16.066	17.077	16.826	17.018	415.42	415.34
09:04:33	16.588	16.179	16.121	17.159	16.826	17.013	415.42	415.34
09:05:33	16.588	16.178	16.17	17.222	16.823	17.017	415.42	415.34
09:06:33	16.589	16.178	16.202	17.271	16.822	17.018	415.42	415.34
09:07:33	16.588	16.179	16.199	17.257	16.823	17.023	415.42	415.34
09:08:33	16.588	16.177	16.058	17.185	16.824	17.013	415.42	415.34
09:09:33	16.588	16.177	16.057	17.119	16.826	17.019	415.42	415.34
09:10:33	16.588	16.177	16.147	17.157	16.825	17.022	415.42	415.34
09:11:33	16.588	16.178	16.207	17.225	16.827	17.022	415.42	415.34
09:12:33	16.587	16.178	16.246	17.266	16.827	17.012	415.42	415.34
09:13:33	16.588	16.177	16.205	17.285	16.83	17.02	415.42	415.34
09:14:33	16.587	16.178	16.052	17.188	16.829	17.023	415.42	415.34
09:15:33	16.588	16.179	15.963	17.064	16.83	17.013	415.42	415.34
09:16:33	16.587	16.18	15.942	17.014	16.83	17.013	415.42	415.34
09:17:33	16.587	16.18	15.941	17.012	16.826	17.015	415.42	415.34
09:18:33	16.587	16.18	15.954	16.982	16.825	17.023	415.42	415.34
09:19:33	16.587	16.181	16.054	17.027	16.825	17.021	415.42	415.34
09:20:33	16.588	16.181	16.123	17.123	16.825	17.017	415.42	415.34
09:21:33	16.587	16.181	16.167	17.197	16.825	17.013	415.42	415.34
09:22:33	16.588	16.18	16.209	17.254	16.823	17.022	415.42	415.34
09:23:33	16.587	16.18	16.203	17.287	16.826	17.022	415.42	415.34
09:24:33	16.589	16.18	16.096	17.245	16.826	17.021	415.42	415.34
09:25:33	16.589	16.178	16.0	17.193	16.826	17.009	415.42	415.34
09:26:33	16.588	16.179	15.839	17.072	16.828	17.021	415.42	415.34
09:27:33	16.588	16.18	15.778	16.933	16.826	17.018	415.42	415.34
09:28:33	16.588	16.18	15.94	16.948	16.823	17.015	415.42	415.34
09:29:33	16.589	16.179	16.05	17.061	16.821	17.022	415.42	415.34
09:30:33	16.588	16.176	16.111	17.149	16.821	17.009	415.42	415.34
09:31:33	16.588	16.175	16.152	17.214	16.821	17.016	415.42	415.34
09:32:33	16.587	16.175	16.196	17.252	16.822	17.018	415.42	415.34
09:33:33	16.588	16.175	16.228	17.282	16.823	17.021	415.42	415.34
09:34:34	16.587	16.175	16.192	17.289	16.825	17.012	415.42	415.34
09:35:33	0.0	16.174	16.012	17.19	16.822	17.018	415.42	415.34
09:36:33	16.587	16.173	15.876	17.035	16.822	17.017	415.42	415.34
09:37:33	16.587	16.173	15.88	16.997	16.825	17.018	415.42	415.34
09:38:33	16.587	16.174	15.826	16.974	16.827	17.011	415.42	415.34
09:39:33	16.587	16.174	15.836	16.934	16.828	17.015	415.42	415.34
09:40:33	16.587	16.173	15.936	16.947	16.826	17.014	415.42	415.34
09:41:33	16.587	16.175	16.023	17.019	16.825	17.018	415.42	415.34
09:42:33	16.588	16.174	16.08	17.102	16.828	17.014	415.42	415.34
09:43:33	16.587	16.174	16.127	17.171	16.825	17.01	415.42	415.34
09:44:33	16.587	16.174	16.155	17.227	16.824	17.013	415.42	415.34
09:45:33	16.587	16.174	16.133	17.246	16.824	17.016	415.42	415.34
09:46:33	16.587	16.175	16.011	17.192	16.822	17.011	415.42	415.34
09:47:33	16.587	16.175	15.92	17.078	16.823	17.016	415.42	415.34
09:48:33	16.587	16.174	15.887	17.019	16.822	17.019	415.42	415.34
09:49:33	16.586	16.175	15.919	16.999	16.822	17.017	415.42	415.34
09:50:33	16.585	16.175	15.928	16.971	16.826	17.013	415.42	415.34
09:51:33	16.587	16.175	15.942	16.958	16.826	17.02	415.42	415.34
09:52:33	16.587	16.174	16.001	16.998	16.824	17.018	415.42	415.34
09:53:33	16.587	16.173	16.07	17.083	16.824	17.019	415.42	415.34
09:54:33	16.587	16.175	16.126	17.156	16.825	17.016	415.42	415.34
09:55:33	16.587	16.174	16.156	17.216	16.825	17.015	415.42	415.34
09:56:33	16.587	16.175	16.186	17.252	16.826	17.019	415.42	415.34
09:57:33	16.588	16.176	16.163	17.269	16.819	17.016	415.42	415.34
09:58:33	16.587	16.175	16.039	17.211	16.825	17.009	415.42	415.34
09:59:33	16.586	16.176	15.962	17.103	16.822	17.014	415.42	415.34
10:00:34	16.584	16.177	15.938	17.048	16.824	17.014	415.42	415.34
10:01:33	0.0	16.176	15.97	17.034	16.824	17.013	415.42	415.34
10:02:33	16.585	16.175	15.936	16.993	16.825	17.009	415.42	415.34
10:03:33	16.585	16.177	15.906	16.961	16.823	17.016	415.42	415.34
10:04:33	16.585	16.175	15.998	16.994	16.823	17.016	415.42	415.34
10:05:34	16.586	16.174	16.075	17.077	16.822	17.01	415.42	415.34
10:06:33	16.586	16.176	16.122	17.151	16.824	17.012	415.42	415.34
10:07:33	16.586	16.177	16.166	17.21	16.822	17.01	415.42	415.34
10:08:33	16.585	16.177	16.191	17.254	16.822	17.018	415.42	415.34
10:09:33	16.585	16.178	16.181	17.267	16.823	17.016	415.42	415.34
10:10:36	16.586	16.178	16.047	17.206	16.824	17.014	415.42	415.34
10:11:33	0.0	16.177	15.976	17.107	16.825	17.013	415.42	415.34
10:12:34	16.585	16.177	15.956	17.04	16.827	17.01	415.42	415.34
10:13:33	16.585	16.176	15.952	17.028	16.826	17.017	415.42	415.34
10:14:34	16.585	16.176	15.965	16.985	16.823	17.009	415.42	415.34
10:15:33	0.0	16.176	16.029	16.996	16.826	17.008	415.42	415.34
10:16:33	16.585	16.175	16.098	17.083	16.824	17.011	415.42	415.34
10:17:33	16.586	16.175	16.145	17.155	16.824	17.017	415.42	415.34
10:18:33	16.587	16.174	16.183	17.215	16.825	17.012	415.42	415.34
10:19:33	16.586	16.176	16.21	17.26	16.826	17.02	415.42	415.34
10:20:33	16.584	16.177	16.205	17.272	16.822	17.018	415.42	415.34
10:21:33	16.585	16.176	16.063	17.22	16.824	17.018	415.42	415.34
10:22:33	16.585	16.177	15.94	17.098	16.826	17.015	415.42	415.34
10:23:33	16.586	16.177	15.827	16.974	16.826	17.015	415.42	415.34
10:24:33	16.586	16.177	15.867	16.931	16.823	17.017	415.42	415.34
10:25:33	16.587	16.178	15.994	16.987	16.825	17.01	415.42	415.34
10:26:33	16.587	16.179	16.079	17.08	16.825	17.017	415.42	415.34
10:27:33	16.587	16.179	16.129	17.16	16.823	17.021	415.42	415.34
10:28:33	16.587	16.181	16.166	17.217	16.822	17.018	415.42	415.34
10:29:33	16.587	16.182	16.203	17.26	16.829	17.021	415.42	415.34
10:30:33	16.586	16.183	16.184	17.286	16.828	17.016	415.42	415.34
10:31:33	16.587	16.183	16.064	17.232	16.827	17.014	415.42	415.34
10:32:33	16.587	16.184	15.931	17.103	16.827	17.014	415.42	415.34
10:33:33	16.586	16.184	15.872	16.988	16.828	17.026	415.42	415.34
10:34:33	16.587	16.184	15.999	17.001	16.824	17.018	415.42	415.34
10:35:33	16.587	16.184	16.091	17.105	16.827	17.025	415.42	415.34
10:36:33	16.586	16.182	16.151	17.181	16.826	17.016	415.42	415.34
10:37:33	16.586	16.182	16.199	17.243	16.827	17.016	415.42	415.34
10:38:33	16.586	16.182	16.235	17.285	16.829	17.011	415.42	415.34
10:39:33	16.585	16.181	16.267	17.315	16.832	17.026	415.42	415.34
10:40:33	16.586	16.183	16.2	17.039	16.83	17.019	415.42	415.34
10:41:34	16.585	16.184	15.904	16.748	16.828	17.022	415.42	415.34
10:42:33	16.586	16.183	15.858	16.802	16.828	17.021	415.42	415.34
10:43:33	16.587	16.183	15.927	16.875	16.826	17.023	415.42	415.34
10:44:33	16.586	16.183	16.048	16.98	16.829	17.022	415.42	415.34
10:45:34	16.586	16.183	16.118	17.111	16.828	17.028	415.42	415.34
10:46:33	0.0	16.183	16.17	17.199	16.829	17.018	415.42	415.34
10:47:33	16.587	16.184	16.212	17.257	16.829	17.025	415.42	415.34
10:48:33	16.588	16.185	16.246	17.297	16.83	17.017	415.42	415.34
10:49:33	16.588	16.183	16.224	17.321	16.827	17.012	415.42	415.34
10:50:35	16.586	16.184	16.045	16.942	16.826	17.014	415.42	415.34
10:51:33	16.586	16.182	15.832	16.618	16.825	17.015	415.42	415.34
10:52:33	16.587	16.181	15.826	16.686	16.821	17.016	415.42	415.34
10:53:33	16.588	16.182	15.969	16.847	16.826	17.019	415.42	415.34
10:54:33	16.586	16.182	16.077	17.018	16.829	17.019	415.42	415.34
10:55:33	16.586	16.182	16.144	17.143	16.828	17.021	415.42	415.34
10:56:33	16.588	16.182	16.191	17.224	16.83	17.018	415.42	415.34
10:57:33	16.589	16.183	16.224	17.277	16.828	17.02	415.42	415.34
10:58:33	16.588	16.182	16.262	17.307	16.829	17.018	415.42	415.34
10:59:33	16.588	16.182	16.23	17.324	16.826	17.015	415.42	415.34
11:00:33	16.588	16.182	16.0	16.846	16.828	17.018	415.42	415.34
11:01:33	16.589	16.18	15.819	16.512	16.828	17.014	415.42	415.34
11:02:33	16.588	16.181	15.899	16.71	16.824	17.016	415.42	415.34
11:03:33	16.588	16.184	16.02	16.891	16.825	17.012	415.42	415.34
11:04:33	16.588	16.181	16.109	17.056	16.827	17.021	415.42	415.34
11:05:33	16.589	16.182	16.166	17.166	16.83	17.018	415.42	415.34
11:06:34	16.587	16.181	16.213	17.243	16.829	17.026	415.42	415.34
11:07:33	16.587	16.181	16.25	17.288	16.826	17.021	415.42	415.34
11:08:34	16.586	16.181	16.222	17.311	16.829	17.019	415.42	415.34
11:09:33	16.588	16.182	16.03	16.957	16.825	17.022	415.42	415.34
11:10:33	16.588	16.183	15.842	16.63	16.83	17.021	415.42	415.34
11:11:34	16.588	16.182	15.791	16.728	16.829	17.019	415.42	415.34
11:12:33	16.587	16.183	15.882	16.824	16.827	17.018	415.42	415.34
11:13:35	16.589	16.182	16.003	16.939	16.829	17.017	415.42	415.34
11:14:33	16.588	16.183	16.075	17.07	16.83	17.02	415.42	415.34
11:15:33	16.588	16.183	16.145	17.164	16.83	17.018	415.42	415.34
11:16:33	16.587	16.184	16.196	17.234	16.83	17.018	415.42	415.34
11:17:33	16.588	16.184	16.238	17.278	16.828	17.018	415.42	415.34
11:18:33	16.587	16.184	16.21	17.309	16.826	17.02	415.42	415.34
11:19:33	16.586	16.183	16.047	16.981	16.823	17.014	415.42	415.34
11:20:33	16.588	16.181	15.828	16.615	16.824	17.014	415.42	415.34
11:21:33	16.587	16.181	15.825	16.718	16.824	17.021	415.42	415.34
11:22:33	16.587	16.182	15.967	16.851	16.824	17.02	415.42	415.34
11:23:33	16.588	16.181	16.062	17.009	16.823	17.02	415.42	415.34
11:24:33	16.588	16.182	16.126	17.12	16.826	17.014	415.42	415.34
11:25:33	16.588	16.18	16.179	17.195	16.828	17.016	415.42	415.34
11:26:34	16.589	16.18	16.216	17.243	16.829	17.018	415.42	415.34
11:27:33	16.588	16.181	16.243	17.277	16.828	17.018	415.42	415.34
11:28:33	16.588	16.18	16.203	16.968	16.828	17.013	415.42	415.34
11:29:33	16.589	16.179	15.932	16.709	16.829	17.018	415.42	415.34
11:30:33	16.588	16.18	15.838	16.757	16.829	17.02	415.42	415.34
11:31:34	16.587	16.18	15.878	16.838	16.829	17.015	415.42	415.34
11:32:33	16.589	16.179	15.915	16.867	16.829	17.018	415.42	415.34
11:33:33	16.589	16.18	16.015	16.937	16.833	17.017	415.42	415.34
11:34:33	16.59	16.18	16.087	17.054	16.833	17.021	415.42	415.34
11:35:33	16.59	16.179	16.138	17.138	16.825	17.016	415.42	415.34
11:36:33	16.589	16.18	16.172	17.203	16.826	17.018	415.42	415.34
11:37:33	16.589	16.181	16.14	17.235	16.826	17.023	415.42	415.34
11:38:33	16.589	16.181	16.009	17.171	16.827	17.016	415.42	415.34
11:39:33	16.589	16.182	15.963	17.12	16.823	17.011	415.42	415.34
11:40:36	16.588	16.182	15.898	17.051	16.822	17.018	415.42	415.34
11:41:33	0.0	16.183	15.941	16.996	16.824	17.019	415.42	415.34
11:42:35	16.588	16.183	15.943	16.974	16.826	17.018	415.42	415.34
11:43:33	16.589	16.182	15.957	16.955	16.825	17.021	415.42	415.34
11:44:33	16.588	16.182	16.035	16.994	16.827	17.022	415.42	415.34
11:45:33	16.589	16.182	16.098	17.083	16.824	17.02	415.42	415.34
11:46:33	16.589	16.183	16.142	17.156	16.829	17.017	415.42	415.34
11:47:33	16.589	16.183	16.169	17.213	16.829	17.019	415.42	415.34
11:48:33	16.589	16.182	16.137	17.232	16.83	17.012	415.42	415.34
11:49:33	16.59	16.182	16.051	17.184	16.83	17.019	415.42	415.34
11:50:33	16.59	16.183	15.968	17.119	16.83	17.022	415.42	415.34
11:51:33	16.59	16.183	15.792	17.005	16.825	17.018	415.42	415.34
11:52:33	16.59	16.183	15.76	16.852	16.827	17.022	415.42	415.34
11:53:33	16.589	16.185	15.893	16.86	16.829	17.018	415.42	415.34
11:54:33	16.59	16.184	15.999	16.983	16.829	17.023	415.42	415.34
11:55:33	16.589	16.186	16.076	17.078	16.829	17.018	415.42	415.34
11:56:33	16.591	16.186	16.121	17.154	16.832	17.019	415.42	415.34
11:57:33	16.59	16.185	16.157	17.203	16.828	17.021	415.42	415.34
11:58:33	16.591	16.185	16.189	17.237	16.83	17.025	415.42	415.34
11:59:33	16.589	16.184	16.161	17.257	16.828	17.023	415.42	415.34
12:00:33	16.59	16.184	15.973	17.122	16.828	17.024	415.42	415.34
12:01:33	16.589	16.183	15.861	16.976	16.824	17.019	415.42	415.34
12:02:33	16.591	16.183	15.884	16.933	16.821	17.019	415.42	415.34
12:03:33	16.59	16.184	15.885	16.91	16.825	17.018	415.42	415.34
12:04:33	16.588	16.184	15.858	16.896	16.827	17.016	415.42	415.34
12:05:33	16.59	16.184	15.943	16.915	16.831	17.021	415.42	415.34
12:06:34	16.591	16.184	16.028	16.999	16.83	17.02	415.42	415.34
12:07:33	16.591	16.183	16.088	17.081	16.826	17.017	415.42	415.34
12:08:33	16.591	16.183	16.127	17.147	16.828	17.016	415.42	415.34
12:09:33	16.591	16.184	16.16	17.199	16.83	17.025	415.42	415.34
12:10:33	16.59	16.182	16.115	17.22	16.827	17.021	415.42	415.34
12:11:33	16.589	16.182	16.003	17.144	16.826	17.021	415.42	415.34
12:12:33	16.589	16.182	15.924	17.032	16.826	17.018	415.42	415.34
12:13:34	16.59	16.181	15.921	16.984	16.828	17.016	415.42	415.34
12:14:33	16.59	16.181	15.935	16.957	16.831	17.014	415.42	415.34
12:15:33	16.591	16.182	15.957	16.918	16.829	17.017	415.42	415.34
12:16:33	16.589	16.184	16.027	16.946	16.83	17.018	415.42	415.34
12:17:33	16.59	16.184	16.08	17.042	16.832	17.022	415.42	415.34
12:18:33	16.589	16.182	16.124	17.119	16.83	17.015	415.42	415.34
12:19:33	16.59	16.182	16.153	17.173	16.828	17.022	415.42	415.34
12:20:35	16.589	16.183	16.19	17.221	16.827	17.018	415.42	415.34
12:21:33	16.589	16.183	16.137	17.238	16.828	17.023	415.42	415.34
12:22:33	16.589	16.182	15.992	17.152	16.827	17.02	415.42	415.34
12:23:33	16.591	16.183	15.938	17.049	16.829	17.017	415.42	415.34
12:24:33	16.589	16.182	15.945	16.987	16.831	17.024	415.42	415.34
12:25:33	16.59	16.184	15.962	16.975	16.83	17.024	415.42	415.34
12:26:33	16.591	16.183	15.891	16.934	16.831	17.016	415.42	415.34
12:27:33	16.59	16.182	15.878	16.896	16.826	17.02	415.42	415.34
12:28:33	16.589	16.182	15.974	16.912	16.829	17.022	415.42	415.34
12:29:33	16.589	16.182	16.047	17.001	16.83	17.022	415.42	415.34
12:30:33	16.591	16.182	16.097	17.085	16.83	17.016	415.42	415.34
12:31:33	16.59	16.181	16.136	17.153	16.826	17.015	415.42	415.34
12:32:33	16.589	16.182	16.173	17.201	16.831	17.022	415.42	415.34
12:33:33	16.59	16.181	16.149	17.227	16.832	17.021	415.42	415.34
12:34:33	16.59	16.182	16.029	17.149	16.826	17.022	415.42	415.34
12:35:33	16.591	16.181	15.938	17.023	16.828	17.02	415.42	415.34
12:36:33	16.59	16.183	15.931	16.969	16.831	17.016	415.42	415.34
12:37:33	16.589	16.182	15.91	16.946	16.83	17.015	415.42	415.34
12:38:33	16.589	16.184	15.902	16.925	16.83	17.019	415.42	415.34
12:39:33	16.589	16.183	15.996	16.946	16.831	17.021	415.42	415.34
12:40:33	16.588	16.184	16.063	17.03	16.83	17.023	415.42	415.34
12:41:33	16.589	16.184	16.113	17.108	16.833	17.02	415.42	415.34
12:42:33	16.591	16.184	16.151	17.158	16.832	17.021	415.42	415.34
12:43:33	16.59	16.184	16.185	17.197	16.829	17.025	415.42	415.34
12:44:33	16.59	16.183	16.21	17.228	16.829	17.016	415.42	415.34
12:45:33	16.589	16.183	16.226	17.259	16.827	17.021	415.42	415.34
12:46:33	16.588	16.182	16.243	17.28	16.826	17.023	415.42	415.34
12:47:33	16.588	16.182	16.083	17.196	16.827	17.021	415.42	415.34
12:48:33	16.588	16.182	15.903	17.023	16.826	17.026	415.42	415.34
12:49:33	16.589	16.18	15.956	16.932	16.829	17.021	415.42	415.34
12:50:33	16.589	16.18	16.07	17.013	16.828	17.023	415.42	415.34
12:51:33	16.588	16.179	16.136	17.1	16.826	17.016	415.42	415.34
12:52:33	16.589	16.18	16.18	17.167	16.826	17.013	415.42	415.34
12:53:34	16.589	16.18	16.212	17.219	16.83	17.017	415.42	415.34
12:54:34	16.589	16.18	16.229	17.255	16.828	17.015	415.42	415.34
12:55:34	16.589	16.18	16.248	17.284	16.825	17.018	415.42	415.34
12:56:34	16.588	16.18	16.222	17.286	16.826	17.018	415.42	415.34
12:57:34	0.0	16.181	16.166	17.212	16.828	17.018	415.42	415.34
12:58:34	16.589	16.181	16.152	17.138	16.829	17.02	415.42	415.34
12:59:34	16.589	16.182	16.079	17.08	16.826	17.014	415.42	415.34
13:00:34	16.589	16.182	16.106	17.036	16.827	17.02	415.42	415.34
13:01:34	16.59	16.183	16.172	17.086	16.825	17.017	415.42	415.34
13:02:34	16.588	16.182	16.215	17.153	16.828	17.016	415.42	415.34
13:03:35	16.589	16.183	16.244	17.214	16.831	17.018	415.42	415.34
13:04:34	16.587	16.182	16.271	17.257	16.831	17.022	415.42	415.34
13:05:34	16.588	16.183	16.293	17.285	16.83	17.019	415.42	415.34
13:06:34	16.588	16.183	16.31	17.306	16.829	17.017	415.42	415.34
13:07:34	16.588	16.181	16.264	17.302	16.825	17.019	415.42	415.34
13:08:34	16.588	16.18	16.164	17.228	16.826	17.021	415.42	415.34
13:09:34	16.588	16.18	16.145	17.167	16.826	17.025	415.42	415.34
13:10:34	16.589	16.179	16.061	17.112	16.83	17.021	415.42	415.34
13:11:34	16.589	16.181	16.1	17.055	16.828	17.022	415.42	415.34
13:12:34	16.588	16.179	16.164	17.078	16.827	17.021	415.42	415.34
13:13:34	16.588	16.18	16.221	17.144	16.824	17.018	415.42	415.34
13:14:34	16.589	16.18	16.264	17.207	16.828	17.018	415.42	415.34
13:15:34	16.589	16.181	16.288	17.255	16.829	17.021	415.42	415.34
13:16:34	16.588	16.18	16.306	17.286	16.826	17.021	415.42	415.34
13:17:34	16.588	16.179	16.326	17.312	16.83	17.019	415.42	415.34
13:18:34	16.588	16.179	16.283	17.314	16.826	17.021	415.42	415.34
13:19:34	16.588	16.18	16.225	17.247	16.828	17.019	415.42	415.34
13:20:34	16.588	16.179	16.193	17.169	16.828	17.017	415.42	415.34
13:21:34	16.588	16.178	16.092	17.106	16.828	17.016	415.42	415.34
13:22:34	16.587	16.179	16.094	17.047	16.825	17.018	415.42	415.34
13:23:34	16.588	16.179	16.186	17.085	16.828	17.02	415.42	415.34
13:24:34	16.587	16.178	16.24	17.152	16.827	17.019	415.42	415.34
13:25:34	16.586	16.177	16.278	17.21	16.825	17.02	415.42	415.34
13:26:34	16.587	16.176	16.301	17.257	16.825	17.018	415.42	415.34
13:27:34	16.587	16.177	16.327	17.291	16.826	17.018	415.42	415.34
13:28:35	16.587	16.177	16.342	17.315	16.83	17.016	415.42	415.34
13:29:34	16.588	16.175	16.308	17.321	16.828	17.017	415.42	415.34
13:30:33	16.588	16.174	16.269	17.254	16.826	17.018	415.42	415.34
13:31:34	16.588	16.174	16.208	17.187	16.828	17.017	415.42	415.34
13:32:34	16.588	16.175	16.118	17.14	16.829	17.018	415.42	415.34
13:33:34	16.588	16.176	16.048	17.079	16.827	17.017	415.42	415.34
13:34:34	16.587	16.176	16.068	17.016	16.831	17.019	415.42	415.34
13:35:34	16.588	16.177	16.143	17.039	16.831	17.02	415.42	415.34
13:36:34	16.588	16.177	16.21	17.107	16.829	17.021	415.42	415.34
13:37:34	16.588	16.178	16.257	17.176	16.83	17.019	415.42	415.34
13:38:34	16.587	16.179	16.287	17.226	16.83	17.018	415.42	415.34
13:39:34	16.588	16.18	16.309	17.267	16.832	17.017	415.42	415.34
13:40:34	16.588	16.181	16.328	17.295	16.831	17.015	415.42	415.34
13:41:34	16.587	16.181	16.296	17.308	16.831	17.017	415.42	415.34
13:42:33	16.588	16.181	16.192	17.244	16.826	17.017	415.42	415.34
13:43:34	16.588	16.181	16.17	17.165	16.827	17.021	415.42	415.34
13:44:34	16.588	16.18	16.133	17.104	16.83	17.019	415.42	415.34
13:45:34	16.588	16.181	16.068	17.046	16.83	17.023	415.42	415.34
13:46:34	16.588	16.181	16.097	17.014	16.834	17.021	415.42	415.34
13:47:34	16.588	16.18	16.171	17.055	16.831	17.018	415.42	415.34
13:48:34	16.589	16.181	16.227	17.137	16.832	17.022	415.42	415.34
13:49:34	16.587	16.18	16.268	17.201	16.829	17.019	415.42	415.34
13:50:34	16.588	16.179	16.296	17.248	16.827	17.018	415.42	415.34
13:51:34	16.588	16.181	16.314	17.283	16.83	17.019	415.42	415.34
13:52:34	16.588	16.181	16.335	17.307	16.831	17.019	415.42	415.34
13:53:34	16.589	16.181	16.322	17.317	16.828	17.022	415.42	415.34
13:54:34	16.588	16.181	16.231	17.244	16.829	17.021	415.42	415.34
13:55:34	16.589	16.18	16.172	17.165	16.831	17.02	415.42	415.34
13:56:36	16.588	16.179	16.119	17.096	16.831	17.02	415.42	415.34
13:57:34	16.589	16.179	15.99	17.028	16.831	17.019	415.42	415.34
13:58:34	16.589	16.18	16.032	16.965	16.833	17.019	415.42	415.34
13:59:34	16.588	16.182	16.133	17.007	16.833	17.02	415.42	415.34
14:00:34	16.589	16.183	16.201	17.091	16.836	17.022	415.42	415.34
14:01:34	16.589	16.183	16.248	17.158	16.835	17.021	415.42	415.34
14:02:34	16.589	16.185	16.275	17.211	16.836	17.02	415.42	415.34
14:03:34	16.59	16.185	16.295	17.25	16.837	17.023	415.42	415.34
14:04:34	16.589	16.185	16.309	17.275	16.833	17.028	415.42	415.34
14:05:34	16.59	16.185	16.294	17.287	16.831	17.021	415.42	415.34
14:06:34	16.59	16.185	16.209	17.217	16.83	17.026	415.42	415.34
14:07:34	16.589	16.186	16.168	17.14	16.829	17.026	415.42	415.34
14:08:34	16.591	16.185	16.103	17.087	16.83	17.023	415.42	415.34
14:09:34	16.59	16.184	15.972	17.023	16.83	17.019	415.42	415.34
14:10:34	16.59	16.186	16.003	16.962	16.831	17.02	415.42	415.34
14:11:34	16.59	16.187	16.092	16.979	16.831	17.02	415.42	415.34
14:12:35	16.591	16.188	16.165	17.055	16.835	17.021	415.42	415.34
14:13:34	16.591	16.187	16.219	17.128	16.837	17.026	415.42	415.34
14:14:34	16.591	16.189	16.252	17.189	16.833	17.026	415.42	415.34
14:15:34	16.591	16.19	16.274	17.23	16.835	17.026	415.42	415.34
14:16:34	16.592	16.189	16.297	17.265	16.834	17.024	415.42	415.34
14:17:35	16.59	16.191	16.265	17.284	16.834	17.021	415.42	415.34
14:18:34	16.591	16.19	16.186	17.22	16.832	17.018	415.42	415.34
14:19:34	16.591	16.191	16.154	17.147	16.83	17.018	415.42	415.34
14:20:34	16.591	16.19	16.087	17.085	16.831	17.022	415.42	415.34
14:21:34	16.592	16.191	16.106	17.028	16.828	17.022	415.42	415.34
14:22:34	16.591	16.191	16.176	17.067	16.832	17.025	415.42	415.34
14:23:34	16.592	16.191	16.233	17.149	16.837	17.021	415.42	415.34
14:24:34	16.592	16.191	16.279	17.213	16.833	17.023	415.42	415.34
14:25:34	16.593	16.192	16.304	17.258	16.835	17.022	415.42	415.34
14:26:34	16.592	16.193	16.319	17.294	16.834	17.022	415.42	415.34
14:27:34	16.592	16.193	16.337	17.32	16.835	17.021	415.42	415.34
14:28:34	16.594	16.194	0.0	17.324	16.836	17.023	415.42	415.34
14:29:34	16.594	16.195	16.213	17.26	16.836	17.024	415.42	415.34
14:30:34	16.594	16.194	16.187	17.185	16.832	17.023	415.42	415.34
14:31:34	16.594	16.195	16.132	17.125	16.833	17.022	415.42	415.34
14:32:34	16.593	16.196	16.015	17.073	16.832	17.02	415.42	415.34
14:33:34	16.593	16.196	16.059	17.022	16.834	17.023	415.42	415.34
14:34:34	16.595	16.197	16.15	17.064	16.832	17.02	415.42	415.34
14:35:34	16.594	16.195	16.22	17.144	16.833	17.021	415.42	415.34
14:36:34	16.595	16.197	16.263	17.207	16.832	17.023	415.42	415.34
14:37:34	16.595	16.195	16.296	17.258	16.839	17.025	415.42	415.34
14:38:34	16.595	16.197	16.322	17.289	16.835	17.023	415.42	415.34
14:39:34	16.595	16.196	16.332	17.313	16.835	17.022	415.42	415.34
14:40:34	16.595	16.197	16.298	17.321	16.836	17.022	415.42	415.34
14:41:34	16.595	16.196	16.242	17.248	16.836	17.02	415.42	415.34
14:42:34	16.595	16.196	16.2	17.176	16.833	17.022	415.42	415.34
14:43:34	16.595	16.196	16.149	17.123	16.836	17.024	415.42	415.34
14:44:34	16.596	16.195	16.07	17.057	16.835	17.028	415.42	415.34
14:45:34	16.595	16.195	16.133	17.032	16.836	17.025	415.42	415.34
14:46:34	16.596	16.197	16.208	17.102	16.836	17.025	415.42	415.34
14:47:34	16.597	16.198	16.261	17.176	16.833	17.023	415.42	415.34
14:48:34	16.596	16.197	16.299	17.229	16.839	17.023	415.42	415.34
14:49:34	16.595	16.198	16.323	17.271	16.836	17.026	415.42	415.34
14:50:34	16.596	16.198	16.337	17.302	16.833	17.023	415.42	415.34
14:51:34	16.595	16.198	16.353	17.324	16.832	17.025	415.42	415.34
14:52:35	16.595	16.197	16.279	17.3	16.835	17.025	415.42	415.34
14:53:34	0.0	16.198	16.221	17.221	16.834	17.024	415.42	415.34
14:54:34	16.596	16.198	16.194	17.164	16.835	17.026	415.42	415.34
14:55:34	16.596	16.198	16.159	17.099	16.836	17.024	415.42	415.34
14:56:34	16.594	16.197	16.089	17.048	16.835	17.025	415.42	415.34
14:57:34	16.595	16.198	16.09	17.007	16.834	17.026	415.42	415.34
14:58:34	16.595	16.196	16.049	16.979	16.839	17.026	415.42	415.34
14:59:34	16.596	16.196	16.03	16.959	16.838	17.024	415.42	415.34
15:00:34	16.597	16.198	16.013	16.941	16.836	17.025	415.42	415.34
15:01:34	16.597	16.197	15.961	16.921	16.836	17.023	415.42	415.34
15:02:36	16.597	16.197	15.919	16.904	16.839	17.024	415.42	415.34
15:03:34	16.597	16.197	15.904	16.881	16.837	17.024	415.42	415.34
15:04:34	16.598	16.2	15.849	16.864	16.841	17.024	415.42	415.34
15:05:34	16.598	16.201	15.848	16.846	16.839	17.024	415.42	415.34
15:06:34	16.597	16.2	15.838	16.829	16.84	17.023	415.42	415.34
15:07:34	16.599	16.202	15.787	16.805	16.836	17.024	415.42	415.34
15:08:34	16.6	16.201	15.762	16.795	16.838	17.029	415.42	415.34
15:09:34	16.598	16.201	15.768	16.773	16.836	17.03	415.42	415.34
15:10:34	16.6	16.202	15.769	16.755	16.839	17.026	415.42	415.34
15:11:34	16.599	16.201	15.781	16.755	16.84	17.024	415.42	415.34
15:12:34	16.598	16.203	15.814	16.754	16.841	17.024	415.42	415.34
15:13:34	16.598	16.202	15.802	16.752	16.835	17.025	415.42	415.34
15:14:34	16.599	16.203	15.821	16.753	16.835	17.023	415.42	415.34
15:15:34	16.599	16.202	15.944	16.851	16.838	17.023	415.42	415.34
15:16:34	16.601	16.202	16.027	16.954	16.836	17.029	415.42	415.34
15:17:34	16.6	16.201	16.082	17.037	16.842	17.023	415.42	415.34
15:18:34	16.601	16.202	16.123	17.094	16.837	17.023	415.42	415.34
15:19:34	16.601	16.201	16.151	17.139	16.84	17.023	415.42	415.34
15:20:34	16.602	16.201	16.184	17.174	16.838	17.02	415.42	415.34
15:21:34	16.602	16.2	16.212	17.203	16.838	17.026	415.42	415.34
15:22:35	16.601	16.201	16.23	17.23	16.838	17.025	415.42	415.34
15:23:34	0.0	16.199	16.25	17.243	16.84	17.026	415.42	415.34
15:24:34	16.601	16.2	16.267	17.26	16.841	17.027	415.42	415.34
15:25:34	16.601	16.199	16.28	17.277	16.838	17.026	415.42	415.34
15:26:34	16.601	16.2	16.297	17.293	16.834	17.023	415.42	415.34
15:27:34	16.601	16.201	16.303	17.3	16.836	17.021	415.42	415.34
15:28:34	16.601	16.2	16.308	17.311	16.84	17.027	415.42	415.34
15:29:35	16.6	16.2	16.316	17.322	16.842	17.03	415.42	415.34
15:30:34	16.601	16.201	16.327	17.329	16.837	17.027	415.42	415.34
15:31:34	16.6	16.202	16.34	17.343	16.842	17.029	415.42	415.34
15:32:34	16.6	16.202	16.351	17.346	16.837	17.02	415.42	415.34
15:33:34	16.6	16.203	16.361	17.356	16.84	17.024	415.42	415.34
15:34:36	16.601	16.202	16.371	17.368	16.843	17.025	415.42	415.34
15:35:34	16.601	16.201	16.384	17.379	16.841	17.031	415.42	415.34
15:36:34	16.601	16.202	16.393	17.381	16.842	17.03	415.42	415.34
15:37:34	16.602	16.201	16.409	17.389	16.843	17.03	415.42	415.34
15:38:34	16.601	16.201	16.422	17.397	16.846	17.026	415.42	415.34
15:39:34	16.602	16.2	16.428	17.401	16.847	17.034	415.42	415.34
15:40:34	16.602	16.202	16.447	17.411	16.839	17.02	415.42	415.34
15:41:34	16.602	16.203	16.456	17.42	16.84	17.027	415.42	415.34
15:42:34	16.601	16.204	16.47	17.433	16.841	17.029	415.42	415.34
15:43:34	16.601	16.204	16.484	17.44	16.837	17.022	415.42	415.34
15:44:34	16.602	16.203	16.494	17.448	16.838	17.024	415.42	415.34
15:45:34	16.602	16.203	16.502	17.455	16.838	17.027	415.42	415.34
15:46:34	16.602	16.202	16.511	17.465	16.836	17.022	415.42	415.34
15:47:34	16.601	16.202	16.522	17.478	16.835	17.029	415.42	415.34
15:48:34	16.601	16.2	16.539	17.492	16.831	17.02	415.42	415.34
15:49:34	16.599	16.2	16.553	17.508	16.837	17.021	415.42	415.34
15:50:34	16.6	16.2	16.556	17.52	16.84	17.021	415.42	415.34
15:51:34	16.6	16.2	16.566	17.532	16.838	17.031	415.42	415.34
15:52:34	16.601	16.2	16.577	17.533	16.841	17.022	415.42	415.34
15:53:34	16.601	16.2	16.587	17.533	16.841	17.023	415.42	415.34
15:54:34	16.6	16.201	16.598	17.539	16.841	17.027	415.42	415.34
15:55:34	16.602	16.2	16.618	17.552	16.844	17.029	415.42	415.34
15:56:35	16.6	16.201	16.628	17.561	16.843	17.027	415.42	415.34
15:57:34	16.602	16.202	16.641	17.576	16.845	17.028	415.42	415.34
15:58:34	16.602	16.201	16.644	17.579	16.843	17.023	415.42	415.34
15:59:34	16.601	16.202	16.645	17.574	16.843	17.025	415.42	415.34
16:00:34	16.602	16.202	16.65	17.569	16.844	17.024	415.42	415.34
16:01:34	16.602	16.202	16.647	17.563	16.837	17.022	415.42	415.34
16:02:34	16.601	16.201	16.651	17.557	16.839	17.025	415.42	415.34
16:03:34	16.603	16.202	16.653	17.551	16.839	17.025	415.42	415.34
16:04:35	16.602	16.201	16.657	17.548	16.841	17.025	415.42	415.34
16:05:34	16.602	16.201	16.659	17.546	16.841	17.023	415.42	415.34
16:06:34	16.602	16.202	16.665	17.552	16.838	17.021	415.42	415.34
16:07:34	16.602	16.201	16.669	17.557	16.841	17.022	415.42	415.34
16:08:34	16.602	16.201	16.679	17.558	16.843	17.024	415.42	415.34
16:09:34	16.602	16.202	16.686	17.566	16.844	17.025	415.42	415.34
16:10:34	16.602	16.203	16.693	17.573	16.843	17.025	415.42	415.34
16:11:34	16.603	16.204	16.698	17.572	16.84	17.027	415.42	415.34
16:12:34	16.604	16.203	16.705	17.57	16.843	17.027	415.42	415.34
16:13:36	16.604	16.203	16.694	17.56	16.844	17.022	415.42	415.34
16:14:34	16.604	16.203	16.694	17.557	16.842	17.024	415.42	415.34
16:15:34	16.605	16.203	16.68	17.562	16.842	17.023	415.42	415.34
16:16:34	16.604	16.201	16.668	17.542	16.842	17.025	415.42	415.34
16:17:34	16.605	16.202	16.656	17.525	16.841	17.025	415.42	415.34
16:18:34	16.605	16.203	16.655	17.73	16.846	17.025	415.42	415.34
16:19:34	16.605	16.203	16.667	17.848	16.843	17.025	415.42	415.34
16:20:34	16.605	16.203	16.672	17.75	16.845	17.025	415.42	415.34
16:21:34	16.605	16.202	16.672	17.661	16.843	17.026	415.42	415.34
16:22:34	16.605	16.202	16.666	17.597	16.842	17.023	415.42	415.34
16:23:34	16.606	16.203	16.663	17.561	16.846	17.026	415.42	415.34
16:24:34	16.606	16.203	16.664	17.55	16.846	17.025	415.42	415.34
16:25:34	16.605	16.202	16.666	17.524	16.844	17.025	415.42	415.34
16:26:34	16.605	16.203	16.69	17.436	16.843	17.024	415.42	415.34
16:27:34	16.605	16.202	16.662	17.354	16.843	17.024	415.42	415.34
16:28:34	16.605	16.203	16.624	17.427	16.843	17.024	415.42	415.34
16:29:34	16.606	16.204	16.448	17.411	16.844	17.023	415.42	415.34
16:30:34	16.607	16.204	16.266	17.256	16.842	17.024	415.42	415.34
16:31:34	16.607	16.204	16.257	17.122	16.844	17.025	415.42	415.34
16:32:34	16.608	16.204	16.284	17.124	16.843	17.024	415.42	415.34
16:33:34	16.607	16.205	16.21	17.107	16.846	17.023	415.42	415.34
16:34:34	16.609	16.205	16.096	17.055	16.846	17.024	415.42	415.34
16:35:34	16.608	16.206	16.08	17.021	16.842	17.024	415.42	415.34
16:36:34	16.607	16.205	16.173	17.024	16.841	17.022	415.42	415.34
16:37:34	16.609	16.204	16.263	17.081	16.84	17.022	415.42	415.34
16:38:34	16.609	16.206	16.329	17.166	16.84	17.024	415.42	415.34
16:39:35	16.608	16.207	16.375	0.0	16.841	17.023	415.42	415.34
16:40:34	16.61	16.205	16.409	17.294	16.843	17.024	415.42	415.34
16:41:34	16.609	16.206	16.434	17.339	16.845	17.024	415.42	415.34
16:42:34	16.61	16.208	16.454	17.369	16.844	17.023	415.42	415.34
16:43:34	16.61	16.208	16.368	17.347	16.844	17.024	415.42	415.34
16:44:34	16.611	16.208	16.305	17.288	16.847	17.025	415.42	415.34
16:45:34	16.609	16.209	16.277	17.215	16.847	17.027	415.42	415.34
16:46:34	16.61	16.21	16.135	17.149	16.847	17.024	415.42	415.34
16:47:34	16.611	16.21	16.121	17.084	16.845	17.027	415.42	415.34
16:48:35	16.611	16.211	16.228	17.106	16.845	17.025	415.42	415.34
16:49:34	16.612	16.211	16.304	17.183	16.848	17.026	415.42	415.34
16:50:35	16.612	16.211	16.353	17.25	16.848	17.026	415.42	415.34
16:51:35	16.612	16.213	16.386	0.0	16.847	17.027	415.42	415.34
16:52:34	16.613	16.214	16.41	17.343	16.844	17.026	415.42	415.34
16:53:34	16.613	16.216	16.432	17.369	16.847	17.027	415.42	415.34
16:54:35	16.613	16.216	16.408	17.386	16.849	17.028	415.42	415.34
16:55:35	16.614	16.216	16.193	17.271	16.851	17.027	415.42	415.34
16:56:34	16.614	16.217	16.172	17.17	16.849	17.027	415.42	415.34
16:57:34	16.613	16.219	16.096	17.133	16.851	17.027	415.42	0.0
16:58:34	16.614	16.219	16.0	17.081	16.845	17.027	415.42	415.34
16:59:34	16.614	16.22	15.978	17.017	16.848	17.028	415.42	415.34
17:00:34	16.614	16.219	16.059	17.011	16.848	17.027	415.42	415.34
17:01:35	16.616	16.22	16.151	17.056	16.852	17.029	415.42	415.34
17:02:34	16.615	16.222	16.226	17.131	16.85	17.029	415.42	415.34
17:03:34	16.616	16.223	16.278	17.201	16.85	17.028	415.42	415.34
17:04:34	16.616	16.222	16.315	17.257	16.848	17.027	415.42	415.34
17:05:34	16.616	16.221	16.337	17.3	16.843	17.026	415.42	415.34
17:06:34	16.616	16.222	16.356	17.329	16.847	17.028	415.42	415.34
17:07:35	16.617	16.221	16.288	17.314	16.848	17.028	415.42	415.34
17:08:34	16.617	16.221	16.243	17.235	16.852	17.028	415.42	415.34
17:09:34	16.616	16.224	16.209	17.169	16.852	17.027	415.42	415.34
17:10:34	16.617	16.225	16.169	17.125	16.852	17.028	415.42	415.34
17:11:34	16.617	16.226	16.112	17.091	16.853	17.027	0.0	415.34
17:12:34	16.617	16.226	16.102	17.046	16.854	17.029	415.42	415.34
17:13:34	16.619	16.227	16.19	17.082	16.852	17.029	415.42	415.34
17:14:34	16.619	16.226	16.253	17.168	16.85	17.028	415.42	415.34
17:15:34	16.619	16.226	16.298	17.232	16.852	17.029	415.42	415.34
17:16:34	16.619	16.227	16.332	17.281	16.852	17.029	415.42	415.34
17:17:34	16.619	16.228	16.357	17.318	16.855	17.03	415.42	415.34
17:18:34	16.619	16.228	16.374	17.344	16.854	17.031	415.42	415.34
17:19:34	16.619	16.228	16.35	17.362	16.853	17.032	415.42	415.34
17:20:34	16.62	16.228	16.283	17.305	16.85	17.029	415.42	415.34
17:21:34	16.62	16.23	16.237	17.237	16.85	17.031	415.42	415.34
17:22:34	16.62	16.229	16.204	17.195	16.851	17.03	415.42	415.34
17:23:34	16.621	16.228	16.106	17.137	16.851	17.028	415.42	415.34
17:24:34	16.621	16.229	16.055	17.066	16.851	17.028	415.42	415.34
17:25:34	16.621	16.23	16.091	17.017	16.85	17.029	415.42	415.34
17:26:34	16.622	16.23	16.184	17.064	16.851	17.028	415.42	415.34
17:27:34	16.623	16.23	16.253	17.152	16.848	17.028	415.42	415.34
17:28:34	16.622	16.228	16.292	17.219	16.846	17.028	415.42	415.34
17:29:35	16.623	16.231	16.324	17.273	16.85	17.029	415.42	415.34
17:30:34	16.623	16.23	16.345	17.312	16.852	17.03	415.42	415.34
17:31:34	16.624	16.233	16.37	17.342	16.854	17.029	415.42	415.34
17:32:35	16.622	16.232	16.337	17.353	16.855	17.031	415.42	415.34
17:33:34	0.0	16.234	16.298	17.294	16.858	17.031	415.42	415.34
17:34:34	16.623	16.234	16.228	17.226	16.858	17.031	415.42	415.34
17:35:34	16.623	16.234	16.198	17.168	16.856	17.032	415.42	415.34
17:36:34	16.625	16.234	16.026	17.088	16.855	17.031	415.42	415.34
17:37:34	16.624	16.234	16.073	17.032	16.853	17.03	415.42	415.34
17:38:35	16.624	16.233	16.17	17.071	16.852	17.03	415.42	415.34
17:39:36	16.624	16.234	16.241	17.161	16.852	17.03	415.42	415.34
17:40:35	16.624	16.234	16.289	17.224	16.851	17.029	415.42	415.34
17:41:34	16.624	16.233	16.315	17.271	16.85	17.029	415.42	415.34
17:42:34	16.624	16.231	16.341	17.31	16.85	17.028	415.42	415.34
17:43:34	16.625	16.232	16.357	17.34	16.851	17.03	415.42	415.34
17:44:35	16.623	16.231	16.334	17.353	16.854	17.028	415.42	415.34
17:45:34	16.625	16.232	16.277	17.289	16.852	17.03	415.42	415.34
17:46:34	16.625	16.231	16.208	17.214	16.853	17.03	415.42	415.34
17:47:34	16.626	16.234	16.154	17.152	16.853	17.03	415.42	415.34
17:48:35	16.626	16.234	16.078	17.079	16.851	17.029	415.42	415.34
17:49:34	16.625	16.234	16.038	17.027	16.854	17.031	415.42	415.34
17:50:35	16.626	16.234	16.122	17.021	16.856	17.029	415.42	415.34
17:51:35	16.628	16.234	16.214	17.092	16.854	17.03	415.42	415.34
17:52:35	16.627	16.234	16.269	17.176	16.852	17.029	415.42	415.34
17:53:35	16.626	16.235	16.294	17.234	16.854	17.03	415.42	415.34
17:54:35	16.626	16.234	16.324	17.282	16.852	17.031	415.42	415.34
17:55:35	16.628	16.237	16.341	17.313	16.854	17.03	415.42	415.34
17:56:35	16.626	16.237	16.359	17.335	16.856	17.03	415.42	415.34
17:57:35	16.627	16.237	16.324	17.327	16.854	17.031	415.42	415.34
17:58:35	16.627	16.236	16.237	17.252	16.853	17.028	415.42	415.34
17:59:35	16.627	16.234	16.182	17.182	16.853	17.028	415.42	415.34
18:00:35	16.627	16.234	16.096	17.135	16.853	17.031	415.42	415.34
18:01:35	16.629	16.235	16.041	17.075	16.854	17.03	415.42	415.34
18:02:35	16.629	16.236	16.021	17.034	16.851	17.03	415.42	415.34
18:03:35	16.629	16.235	16.112	17.042	16.854	17.029	415.42	415.34
18:04:35	16.63	16.237	16.198	17.113	16.852	17.029	415.42	415.34
18:05:35	16.629	16.237	16.249	17.186	16.853	17.029	415.42	415.34
18:06:35	16.63	16.237	16.278	17.241	16.85	17.029	415.42	415.34
18:07:35	16.63	16.237	16.302	17.281	16.849	17.028	415.42	415.34
18:08:35	16.63	16.237	16.332	17.316	16.85	17.029	415.42	415.34
18:09:35	16.628	16.236	16.346	17.341	16.851	17.028	415.42	415.34
18:10:35	16.629	16.234	16.29	17.313	16.852	17.027	415.42	415.34
18:11:35	16.63	16.233	16.231	17.242	16.852	17.028	415.42	415.34
18:12:35	16.63	16.236	16.178	17.18	16.851	17.028	415.42	415.34
18:13:35	16.63	16.236	16.106	17.128	16.852	17.031	415.42	415.34
18:14:35	16.63	16.236	16.061	17.076	16.854	17.028	415.42	415.34
18:15:36	16.629	16.236	16.078	17.022	16.852	17.028	415.42	415.34
18:16:35	16.631	16.236	16.162	17.064	16.853	17.028	415.42	415.34
18:17:35	16.631	16.236	16.231	17.15	16.851	17.028	415.42	415.34
18:18:35	16.629	16.235	16.272	17.218	16.852	17.03	415.42	415.34
18:19:35	16.63	16.236	16.301	17.27	16.85	17.029	415.42	415.34
18:20:35	16.631	16.235	16.332	17.306	16.848	17.028	415.42	415.34
18:21:35	16.63	16.234	16.347	17.331	16.851	17.029	415.42	415.34
18:22:35	16.63	16.235	16.352	17.348	16.854	17.029	415.42	415.34
18:23:35	16.63	16.235	16.285	17.294	16.855	17.031	415.42	415.34
18:24:35	16.631	16.234	16.225	17.227	16.85	17.028	415.42	415.34
18:25:35	16.631	16.233	16.191	17.169	16.85	17.029	415.42	415.34
18:26:35	16.631	16.233	16.154	17.107	16.848	17.028	415.42	415.34
18:27:35	16.63	16.234	16.101	17.051	16.851	17.028	415.42	415.34
18:28:35	16.63	16.232	16.081	17.007	16.852	17.028	415.42	415.34
18:29:35	16.631	16.233	16.042	16.984	16.852	17.028	415.42	415.34
18:30:35	16.631	16.234	16.126	16.997	16.85	17.028	415.42	415.34
18:31:35	16.63	16.234	16.197	17.089	16.85	17.028	415.42	415.34
18:32:35	16.631	16.232	16.245	17.17	16.848	17.028	415.42	415.34
18:33:35	16.631	16.232	16.281	17.231	16.851	17.029	415.42	415.34
18:34:35	16.63	16.233	16.309	17.272	16.85	17.028	415.42	415.34
18:35:35	16.631	16.231	16.342	17.306	16.848	17.028	415.42	415.34
18:36:35	16.63	16.232	16.354	17.332	16.846	17.027	415.42	415.34
18:37:35	16.63	16.23	16.283	17.307	16.846	17.026	415.42	415.34
18:38:35	16.63	16.229	16.223	17.238	16.849	17.028	415.42	415.34
18:39:35	16.631	16.23	16.208	17.188	16.852	17.028	415.42	415.34
18:40:35	16.631	16.231	16.114	17.131	16.851	17.028	415.42	415.34
18:41:35	16.631	16.231	16.114	17.068	16.851	17.028	415.42	415.34
18:42:35	16.631	16.233	16.082	17.014	16.85	17.029	415.42	415.34
18:43:35	16.632	16.232	16.084	16.98	16.851	17.026	415.42	415.34
18:44:35	16.632	16.231	16.176	17.048	16.849	17.028	415.42	415.34
18:45:35	16.631	16.232	16.241	17.136	16.849	17.027	415.42	415.34
18:46:35	16.631	16.232	16.279	17.205	16.849	17.027	415.42	415.34
18:47:35	16.631	16.23	16.302	17.253	16.847	17.026	415.42	415.34
18:48:35	16.632	16.229	16.319	17.29	16.848	17.026	415.42	415.34
18:49:36	16.63	16.228	16.339	17.317	16.846	17.026	415.42	415.34
18:50:35	0.0	16.228	16.338	17.332	16.848	17.026	415.42	415.34
18:51:35	0.0	16.228	16.277	17.272	16.848	17.026	415.42	415.34
18:52:35	16.63	16.229	16.2	17.198	16.847	17.026	415.42	415.34
18:53:36	16.63	16.226	16.142	17.141	16.846	17.026	415.42	415.34
18:54:35	16.63	16.227	16.072	17.073	16.847	17.026	415.42	415.34
18:55:35	16.63	16.228	16.006	17.021	16.849	17.025	415.42	415.34
18:56:37	16.63	16.23	16.053	17.001	16.852	17.028	415.42	415.34
18:57:35	16.631	16.231	16.148	17.043	16.85	17.028	415.42	415.34
18:58:35	16.631	16.233	16.214	17.132	16.847	17.026	415.42	415.34
18:59:35	16.631	16.231	16.256	17.197	16.849	17.027	415.42	415.34
19:00:35	16.63	16.229	16.299	17.247	16.844	17.026	415.42	415.34
19:01:35	16.63	16.229	16.318	17.285	16.848	17.026	415.42	415.34
19:02:35	16.63	16.23	16.334	17.315	16.85	17.027	415.42	415.34
19:03:35	16.63	16.229	16.354	17.334	16.85	17.028	415.42	415.34
19:04:35	16.63	16.229	16.373	17.345	16.847	17.028	415.42	415.34
19:05:35	16.631	16.228	16.391	17.36	16.848	17.026	415.42	415.34
19:06:35	16.631	16.229	16.314	17.346	16.851	17.029	415.42	415.34
19:07:35	16.631	16.231	16.221	17.258	16.85	17.028	415.42	415.34
19:08:35	16.632	16.231	16.149	17.184	16.85	17.028	415.42	415.34
19:09:35	16.63	16.231	16.056	17.116	16.847	17.025	415.42	415.34
19:10:35	16.631	16.231	15.951	16.988	16.847	17.025	415.42	415.34
19:11:35	16.63	16.23	15.85	16.915	16.847	17.026	415.42	415.34
19:12:35	16.631	16.23	15.778	16.816	16.846	17.025	415.42	415.34
19:13:35	16.631	16.23	15.822	16.812	16.848	17.026	415.42	415.34
19:14:35	16.631	16.231	16.005	16.926	16.85	17.025	415.42	415.34
19:15:35	16.631	16.231	16.119	17.062	16.851	17.025	415.42	415.34
19:16:35	16.63	16.229	16.178	17.147	16.846	0.0	415.42	415.34
19:17:35	16.63	16.229	16.228	17.238	16.849	17.027	415.42	415.34
19:18:35	16.63	16.229	16.275	17.301	16.848	17.026	415.42	415.34
19:19:35	16.631	16.229	16.348	17.348	16.849	17.025	415.42	415.34
19:20:35	16.631	16.229	16.286	17.369	16.846	17.026	415.42	415.34
19:21:35	16.631	16.229	16.178	17.313	16.846	17.025	415.42	415.34
19:22:35	16.63	16.231	16.104	17.251	16.847	17.025	415.42	415.34
19:23:35	16.63	16.232	16.021	17.18	16.845	17.026	415.42	415.34
19:24:35	16.629	16.232	15.888	17.083	16.846	17.026	415.42	415.34
19:25:35	16.629	16.231	15.791	16.979	16.845	17.024	415.42	415.34
19:26:35	16.631	16.232	15.616	16.897	16.846	17.024	415.42	415.34
19:27:35	16.629	16.231	15.533	16.849	16.845	17.025	415.42	415.34
19:28:36	16.63	16.231	15.586	16.809	16.846	17.025	415.42	415.34
19:29:35	0.0	16.23	15.782	16.86	16.845	17.025	415.42	415.34
19:30:35	16.629	16.23	15.957	16.99	16.844	17.025	415.42	415.34
19:31:35	16.631	16.228	16.044	17.102	16.846	17.023	415.42	415.34
19:32:35	16.63	16.228	16.109	17.177	16.844	17.024	415.42	415.34
19:33:35	16.629	16.228	16.153	17.231	16.843	17.023	415.42	415.34
19:34:35	16.629	16.226	16.197	17.268	16.843	17.024	415.42	415.34
19:35:36	16.631	16.225	16.217	17.297	16.845	17.024	415.42	415.34
19:36:35	0.0	16.224	16.079	17.246	16.843	17.023	415.42	415.34
19:37:35	16.63	16.224	15.964	17.134	16.845	17.024	415.42	415.34
19:38:35	16.63	16.226	15.851	17.065	16.843	17.025	415.42	415.34
19:39:35	16.629	16.227	15.73	16.969	16.845	17.024	415.42	415.34
19:40:35	16.63	16.226	15.603	16.857	16.844	17.024	415.42	415.34
19:41:35	16.63	16.225	15.594	16.834	16.845	17.025	415.42	415.34
19:42:35	16.63	16.225	15.5	16.799	16.844	17.024	415.42	415.34
19:43:35	16.63	16.225	15.616	16.786	16.844	17.023	415.42	415.34
19:44:35	16.63	16.226	15.826	16.908	16.846	17.024	415.42	415.34
19:45:35	16.63	16.226	15.96	17.028	16.848	17.024	415.42	415.34
19:46:35	16.63	16.227	16.026	17.122	16.849	17.024	415.42	415.34
19:47:35	16.63	16.229	16.07	17.181	16.849	17.026	415.42	415.34
19:48:35	16.63	16.229	16.124	17.23	16.846	17.025	415.42	415.34
19:49:35	16.63	16.228	16.162	17.264	16.845	17.026	415.42	415.34
19:50:35	16.631	16.229	16.108	17.269	16.846	17.026	415.42	415.34
19:51:35	16.63	16.228	16.003	17.197	16.846	17.025	415.42	415.34
19:52:35	16.63	16.229	15.974	17.112	16.845	17.024	415.42	415.34
19:53:35	16.63	16.228	15.86	17.055	16.846	17.024	415.42	415.34
19:54:35	16.63	16.227	15.79	16.971	16.845	17.024	415.42	415.34
19:55:35	16.628	16.226	15.738	16.901	16.841	17.024	415.42	415.34
19:56:35	16.629	16.226	15.664	16.86	16.843	17.023	415.42	415.34
19:57:35	16.629	16.226	15.621	16.826	16.842	17.024	415.42	415.34
19:58:35	16.63	16.225	15.695	16.827	16.843	17.022	415.42	415.34
19:59:35	16.627	16.224	15.863	16.932	16.842	17.024	415.42	415.34
20:00:35	16.627	16.223	15.965	17.043	16.839	17.023	415.42	415.34
20:01:35	16.628	16.221	16.038	17.137	16.842	17.023	0.0	415.34
20:02:35	16.627	16.221	16.08	17.188	16.844	17.023	415.42	415.34
20:03:35	16.628	16.221	16.117	17.234	16.844	17.024	415.42	415.34
20:04:35	16.627	16.221	16.151	17.266	16.843	17.024	415.42	415.34
20:05:35	16.627	16.222	16.087	17.267	16.843	17.024	415.42	415.34
20:06:35	16.627	16.219	15.975	17.192	16.841	17.024	415.42	415.34
20:07:35	16.626	16.219	15.919	17.107	16.84	17.023	415.42	415.34
20:08:35	16.627	16.218	15.852	17.036	16.84	17.023	415.42	415.34
20:09:35	16.626	16.218	15.782	16.963	16.84	17.023	415.42	415.34
20:10:35	16.626	16.217	15.638	16.886	16.837	17.023	415.42	415.34
20:11:35	16.625	16.215	15.523	16.812	16.838	17.022	415.42	415.34
20:12:36	16.625	16.215	15.588	16.799	16.84	17.022	415.42	415.34
20:13:35	0.0	16.215	15.762	16.855	16.84	17.023	415.42	415.34
20:14:35	16.625	16.215	15.916	16.977	16.841	17.022	415.42	415.34
20:15:35	16.626	16.215	15.997	17.074	16.837	17.021	415.42	415.34
20:16:35	16.624	16.213	16.05	17.152	16.837	17.021	415.42	415.34
20:17:35	16.624	16.213	16.098	17.206	16.839	17.021	415.42	415.34
20:18:35	16.624	16.214	16.126	17.243	16.837	17.022	415.42	415.34
20:19:35	16.625	16.213	16.147	17.267	16.837	17.02	415.42	415.34
20:20:35	16.623	16.211	16.017	17.215	16.836	17.021	415.42	415.34
20:21:35	16.623	16.211	15.965	17.145	16.836	17.023	415.42	415.34
20:22:35	16.623	16.21	15.861	17.071	16.839	17.022	415.42	415.34
20:23:35	16.622	16.21	15.689	17.0	16.838	17.023	415.42	415.34
20:24:35	16.623	16.21	15.515	16.913	16.838	17.022	415.42	415.34
20:25:35	16.622	16.211	15.421	16.818	16.838	17.022	415.42	415.34
20:26:35	16.622	16.212	15.601	16.798	16.84	17.023	415.42	415.34
20:27:35	16.621	16.212	15.815	16.907	16.836	17.023	415.42	415.34
20:28:35	16.621	16.211	15.936	17.02	16.836	17.021	415.42	415.34
20:29:35	16.621	16.212	16.017	17.108	16.838	17.022	415.42	415.34
20:30:35	16.62	16.211	16.067	17.171	16.838	17.023	415.42	415.34
20:31:35	16.62	16.21	16.101	17.218	16.836	17.023	415.42	415.34
20:32:35	16.621	16.209	16.129	17.253	16.838	17.023	415.42	415.34
20:33:35	16.619	16.21	16.066	17.266	16.838	17.023	415.42	415.34
20:34:35	16.621	16.209	15.944	17.188	16.838	17.022	415.42	415.34
20:35:35	16.62	16.208	15.894	17.109	16.837	17.023	415.42	415.34
20:36:35	16.619	16.207	15.765	17.041	16.839	17.022	415.42	415.34
20:37:35	16.618	16.205	15.639	16.946	16.837	17.021	415.42	415.34
20:38:35	16.618	16.205	15.608	16.864	16.836	17.022	415.42	415.34
20:39:35	16.62	16.206	15.511	16.821	16.839	17.023	415.42	415.34
20:40:35	16.621	16.207	15.494	16.792	16.838	17.021	415.42	415.34
20:41:35	16.62	16.207	15.576	16.766	16.837	17.02	415.42	415.34
20:42:35	16.618	16.205	15.776	16.891	16.836	17.021	415.42	415.34
20:43:35	16.619	16.204	15.903	17.008	16.836	17.021	415.42	415.34
20:44:35	16.618	16.204	15.981	17.094	16.837	17.022	415.42	415.34
20:45:35	16.617	16.203	16.037	17.152	16.833	17.02	415.42	415.34
20:46:35	16.617	16.202	16.074	17.203	16.835	17.021	415.42	415.34
20:47:35	16.617	16.2	16.11	17.242	16.837	17.021	415.42	415.34
20:48:35	16.616	16.201	16.046	17.245	16.836	17.02	415.42	415.34
20:49:35	16.616	16.199	15.962	17.163	16.835	17.022	415.42	415.34
20:50:35	16.615	16.199	15.875	17.096	16.837	17.021	415.42	415.34
20:51:35	16.617	16.199	15.825	17.034	16.837	17.021	415.42	415.34
20:52:35	16.617	16.2	15.737	16.977	16.836	17.022	415.42	415.34
20:53:35	16.615	16.201	15.695	16.917	16.834	17.02	415.42	415.34
20:54:35	16.616	16.201	15.636	16.857	16.838	17.023	415.42	415.34
20:55:35	16.615	16.199	15.564	16.811	16.836	17.02	415.42	415.34
20:56:35	16.614	16.202	15.53	16.768	16.839	17.024	415.42	415.34
20:57:35	16.615	16.2	15.722	16.843	16.837	17.023	415.42	415.34
20:58:35	16.614	16.201	15.865	16.98	16.836	17.021	415.42	415.34
20:59:35	16.614	16.199	15.955	17.07	16.836	17.023	415.42	415.34
21:00:35	16.613	16.197	16.01	17.146	16.832	17.021	415.42	415.34
21:01:35	16.613	16.198	16.063	17.192	16.834	17.017	415.42	415.34
21:02:35	16.614	16.196	16.098	17.229	16.833	17.02	415.42	415.34
21:03:35	16.613	16.196	16.099	17.251	16.833	17.021	415.42	415.34
21:04:35	16.611	16.195	15.947	17.201	16.83	17.022	415.42	415.34
21:05:35	16.612	16.193	15.876	17.119	16.834	17.02	415.42	415.34
21:06:35	16.611	16.192	15.823	17.064	16.832	17.016	415.42	415.34
21:07:35	16.612	16.191	15.762	16.992	16.831	17.018	415.42	415.34
21:08:35	16.611	16.19	15.658	16.919	16.833	17.02	415.42	415.34
21:09:35	16.61	16.191	15.486	16.841	16.835	17.02	415.42	415.34
21:10:35	16.611	16.194	15.497	16.794	16.837	17.021	415.42	415.34
21:11:35	16.609	16.192	15.73	16.857	16.837	17.018	415.42	415.34
21:12:35	16.609	16.19	15.872	16.995	16.833	17.02	415.42	415.34
21:13:35	16.609	16.188	15.968	17.083	16.828	17.021	415.42	415.34
21:14:35	16.609	16.187	16.028	17.155	16.831	17.013	415.42	415.34
21:15:35	16.608	16.187	16.059	17.206	16.83	17.018	415.42	415.34
21:16:35	16.608	16.187	16.091	17.24	16.834	17.019	415.42	415.34
21:17:35	16.606	16.187	16.081	17.261	16.834	17.025	415.42	415.34
21:18:35	16.607	16.188	15.98	17.2	16.832	17.02	415.42	415.34
21:19:35	16.607	16.187	15.915	17.122	16.833	17.018	415.42	415.34
21:20:35	16.607	16.186	15.862	17.05	16.832	17.018	415.42	415.34
21:21:35	16.606	16.187	15.748	16.983	16.835	17.022	415.42	415.34
21:22:35	16.607	16.186	15.651	16.902	16.835	17.022	415.42	415.34
21:23:35	16.606	16.187	15.565	16.832	16.835	17.026	415.42	415.34
21:24:35	16.606	16.186	15.665	16.827	16.834	17.022	415.42	415.34
21:25:35	16.606	16.184	15.834	16.934	16.83	17.02	415.42	415.34
21:26:35	16.605	16.184	15.956	17.043	16.828	17.024	415.42	415.34
21:27:35	16.604	16.182	16.019	17.119	16.832	17.019	415.42	415.34
21:28:35	16.606	16.183	16.062	17.182	16.831	17.015	415.42	415.34
21:29:35	16.604	16.182	16.093	17.23	16.833	17.018	415.42	415.34
21:30:35	16.603	16.183	16.129	17.26	16.835	17.021	415.42	415.34
21:31:35	16.604	16.184	16.021	17.238	16.837	17.023	415.42	415.34
21:32:35	16.602	16.184	15.942	17.152	16.834	17.025	415.42	415.34
21:33:35	16.601	16.185	15.916	17.084	16.831	17.021	415.42	415.34
21:34:35	16.601	16.183	15.816	17.031	16.831	17.02	415.42	415.34
21:35:35	16.602	16.181	15.573	16.928	16.827	17.023	415.42	415.34
21:36:35	16.599	16.18	15.381	16.802	16.831	17.019	415.42	415.34
21:37:35	16.602	16.179	15.588	16.803	16.83	17.02	415.42	415.34
21:38:35	16.601	16.177	15.807	16.926	16.829	17.019	415.42	415.34
21:39:35	16.6	16.177	15.933	17.035	16.83	17.019	415.42	415.34
21:40:35	16.599	16.176	16.013	17.12	16.829	17.022	415.42	415.34
21:41:35	16.598	16.176	16.069	17.179	16.83	17.023	415.42	415.34
21:42:35	16.598	16.176	16.103	17.222	16.831	17.019	415.42	415.34
21:43:35	16.597	16.176	16.135	17.255	16.831	17.022	415.42	415.34
21:44:35	16.596	16.177	16.027	17.243	16.83	17.021	415.42	415.34
21:45:36	16.596	16.178	15.976	17.167	16.833	17.018	415.42	415.34
21:46:35	16.596	16.177	15.89	17.112	16.833	17.025	415.42	415.34
21:47:35	16.596	16.177	15.68	17.029	16.832	17.021	415.42	415.34
21:48:35	16.595	16.176	15.52	16.917	16.831	17.019	415.42	415.34
21:49:35	16.595	16.175	15.266	16.805	16.832	17.021	415.42	415.34
21:50:35	16.595	16.176	15.298	16.728	16.831	17.019	415.42	415.34
21:51:35	16.593	16.174	15.535	16.76	16.829	17.023	415.42	415.34
21:52:35	16.593	16.173	15.718	16.878	16.83	17.021	415.42	415.34
21:53:35	16.593	16.173	15.842	16.995	16.828	17.019	415.42	415.34
21:54:35	16.593	16.171	15.932	17.091	16.83	17.021	415.42	415.34
21:55:35	16.592	16.171	15.987	17.156	16.832	17.021	415.42	415.34
21:56:35	16.593	16.172	16.043	17.202	16.832	17.02	415.42	415.34
21:57:35	16.592	16.172	16.075	17.241	16.832	17.022	415.42	415.34
21:58:35	16.591	16.17	15.943	17.19	16.83	17.021	415.42	415.34
21:59:35	16.592	16.17	15.85	17.112	16.831	17.018	415.42	415.34
22:00:35	16.591	16.169	15.763	17.034	16.831	17.022	415.42	415.34
22:01:35	16.59	16.169	15.613	16.925	16.833	17.023	415.42	415.34
22:02:35	16.591	16.169	15.523	16.864	16.832	17.022	415.42	415.34
22:03:35	16.589	16.17	15.318	16.764	16.831	17.023	415.42	415.34
22:04:35	16.591	16.169	15.495	16.758	16.831	17.022	415.42	415.34
22:05:35	16.59	16.171	15.708	16.885	16.829	17.02	415.42	415.34
22:06:35	16.59	16.169	15.838	17.007	16.829	17.02	415.42	415.34
22:07:35	16.59	16.168	15.931	17.098	16.829	17.021	415.42	415.34
22:08:35	16.589	16.168	15.999	17.164	16.833	17.02	415.42	415.34
22:09:35	16.588	16.168	16.043	17.207	16.833	17.02	415.42	415.34
22:10:35	16.588	16.17	16.07	17.239	16.83	17.023	415.42	415.34
22:11:35	16.588	16.167	15.982	17.223	16.83	17.021	415.42	415.34
22:12:35	16.588	16.167	15.911	17.149	16.831	17.019	415.42	415.34
22:13:35	16.587	16.165	15.876	17.08	16.829	17.017	415.42	415.34
22:14:35	16.587	16.163	15.748	17.012	16.829	17.018	415.42	415.34
22:15:35	16.586	16.163	15.557	16.925	16.83	17.02	415.42	415.34
22:16:35	16.586	16.164	15.351	16.786	16.83	17.018	415.42	415.34
22:17:35	16.585	16.162	15.187	16.491	16.831	17.017	415.42	415.34
22:18:35	16.586	16.16	15.362	16.563	16.828	17.015	415.42	415.34
22:19:35	16.585	16.159	15.616	16.748	16.828	17.017	415.42	415.34
22:20:35	16.585	16.16	15.79	16.919	16.826	17.02	415.42	415.34
22:21:35	16.585	16.16	15.881	17.033	16.825	17.018	415.42	415.34
22:22:35	16.584	16.16	15.95	17.103	16.83	17.019	415.42	415.34
22:23:35	16.585	16.16	16.007	17.163	16.829	17.021	415.42	415.34
22:24:35	16.584	16.159	16.045	17.202	16.831	17.023	415.42	415.34
22:25:35	16.583	16.159	15.953	17.214	16.83	17.021	415.42	415.34
22:26:35	16.582	16.158	15.852	17.135	16.828	17.021	415.42	415.34
22:27:35	16.581	16.159	15.799	17.065	16.828	17.023	415.42	415.34
22:28:35	16.58	16.158	15.693	16.999	16.829	17.02	415.42	415.34
22:29:35	16.581	16.157	15.418	16.914	16.829	17.022	415.42	415.34
22:30:35	16.58	16.156	15.415	16.759	16.828	17.022	415.42	415.34
22:31:35	16.58	16.156	15.646	16.828	16.829	17.021	415.42	415.34
22:32:35	16.578	16.155	15.805	16.944	16.826	17.021	415.42	415.34
22:33:35	16.578	16.155	15.912	17.046	16.828	17.016	415.42	415.34
22:34:35	16.578	16.156	15.981	17.122	16.831	17.02	415.42	415.34
22:35:35	16.578	16.157	16.027	17.174	16.83	17.019	415.42	415.34
22:36:35	16.578	16.156	16.065	17.211	16.831	17.023	415.42	415.34
22:37:35	16.576	16.154	15.963	17.205	16.828	17.02	415.42	415.34
22:38:35	16.577	16.153	15.904	17.132	16.826	17.022	415.42	415.34
22:39:35	16.575	16.153	15.837	17.054	16.827	17.018	415.42	415.34
22:40:35	16.576	16.153	15.728	16.984	16.827	17.021	415.42	415.34
22:41:35	16.575	16.151	15.543	16.902	16.828	17.019	415.42	415.34
22:42:35	16.575	16.153	15.462	16.839	16.828	17.018	415.42	415.34
22:43:35	16.575	16.153	15.445	16.788	16.828	17.021	415.42	415.34
22:44:36	16.576	16.152	15.686	16.861	16.829	17.022	415.42	415.34
22:45:35	16.575	16.152	15.85	16.984	16.828	17.017	415.42	415.34
22:46:35	16.575	16.15	15.944	17.085	16.828	17.021	415.42	415.34
22:47:35	16.574	16.15	16.0	17.154	16.827	17.019	415.42	415.34
22:48:35	16.575	16.149	16.051	17.201	16.827	17.021	415.42	415.34
22:49:35	16.574	16.149	16.089	17.236	16.829	17.018	415.42	415.34
22:50:35	16.573	16.149	16.061	17.256	16.829	17.022	415.42	415.34
22:51:35	16.574	16.147	15.951	17.188	16.828	17.026	415.42	415.34
22:52:35	16.574	16.146	15.86	17.122	16.826	17.019	415.42	415.34
22:53:35	16.573	16.146	15.751	17.06	16.826	17.019	415.42	415.34
22:54:35	16.571	16.146	15.582	16.95	16.825	17.015	415.42	415.34
22:55:35	16.571	16.147	15.558	16.872	16.826	17.017	415.42	415.34
22:56:35	16.57	16.145	15.458	16.83	16.825	17.016	415.42	415.34
22:57:35	16.57	16.146	15.377	16.716	16.826	17.017	415.42	415.34
22:58:35	16.57	16.145	15.51	16.749	16.829	17.017	415.42	415.34
22:59:35	16.569	16.145	15.72	16.883	16.825	17.018	415.42	415.34
23:00:35	16.569	16.142	15.856	17.005	16.819	17.018	415.42	415.34
23:01:35	16.569	16.142	15.94	17.091	16.824	17.017	415.42	415.34
23:02:35	16.569	16.141	15.991	17.148	16.824	17.018	415.42	415.34
23:03:35	16.568	16.141	16.036	17.193	16.825	17.018	415.42	415.34
23:04:35	16.566	16.138	16.07	17.233	16.827	17.02	415.42	415.34
23:05:35	16.567	16.139	15.961	17.22	16.825	17.016	415.42	415.34
23:06:35	16.566	16.139	15.865	17.119	16.826	17.016	415.42	415.34
23:07:35	16.565	16.137	15.83	17.054	16.825	17.014	415.42	415.34
23:08:35	16.565	16.137	15.718	16.984	16.825	17.02	415.42	415.34
23:09:35	16.565	16.136	15.496	16.885	16.824	17.022	415.42	415.34
23:10:35	16.564	16.135	15.387	16.735	16.823	17.018	415.42	415.34
23:11:35	16.565	16.133	15.517	16.751	16.821	17.018	415.42	415.34
23:12:35	16.565	16.134	15.748	16.869	16.826	17.017	415.42	415.34
23:13:35	16.563	16.133	15.873	16.999	16.826	17.015	415.42	415.34
23:14:35	16.563	16.133	15.942	17.092	16.824	17.015	415.42	415.34
23:15:35	16.564	16.131	15.991	17.152	16.824	17.019	415.42	415.34
23:16:35	16.562	16.13	16.023	17.206	16.825	17.016	415.42	415.34
23:17:35	16.561	16.13	16.07	17.237	16.825	17.015	415.42	415.34
23:18:35	16.56	16.13	15.984	17.24	16.826	17.017	415.42	415.34
23:19:35	16.56	16.129	15.87	17.164	16.826	17.016	415.42	415.34
23:20:35	16.56	16.129	15.817	17.086	16.825	17.016	415.42	415.34
23:21:35	16.561	16.13	15.701	17.035	16.822	17.017	415.42	415.34
23:22:35	16.56	16.128	15.499	16.94	16.823	17.014	415.42	415.34
23:23:35	16.56	16.127	15.426	16.822	16.821	17.016	415.42	415.34
23:24:35	16.559	16.127	15.679	16.863	16.821	17.019	415.42	415.34
23:25:35	16.559	16.126	15.855	16.985	16.824	17.017	415.42	415.34
23:26:35	16.56	16.126	15.939	17.085	16.823	17.016	415.42	415.34
23:27:35	16.558	16.129	16.009	17.152	16.824	17.017	415.42	415.34
23:28:35	16.559	16.127	16.047	17.204	16.821	17.016	415.42	415.34
23:29:35	16.557	16.126	16.082	17.24	16.821	17.018	415.42	415.34
23:30:35	16.558	16.126	16.073	17.261	16.824	17.018	415.42	415.34
23:31:35	16.558	16.125	15.946	17.208	16.823	17.016	415.42	415.34
23:32:35	16.558	16.123	15.84	17.131	16.823	17.015	415.42	415.34
23:33:35	16.558	16.122	15.828	17.086	16.824	17.016	415.42	415.34
23:34:35	16.556	16.122	15.581	17.03	16.825	17.015	415.42	415.34
23:35:35	16.555	16.123	15.432	16.875	16.825	17.015	415.42	415.34
23:36:35	16.555	16.123	15.459	16.821	16.825	17.016	415.42	415.34
23:37:35	16.554	16.123	15.683	16.855	16.822	17.017	415.42	415.34
23:38:37	16.553	16.122	15.858	16.989	16.823	17.018	415.42	415.34
23:39:35	16.553	16.122	15.962	17.086	16.824	17.016	415.42	415.34
23:40:36	16.555	16.122	16.018	17.166	16.825	17.02	415.42	415.34
23:41:35	16.554	16.121	16.047	17.223	16.822	17.017	415.42	415.34
23:42:35	16.553	16.121	16.094	17.258	16.824	17.018	415.42	415.34
23:43:35	16.552	16.123	16.087	17.277	16.826	17.018	415.42	415.34
23:44:35	16.552	16.121	15.972	17.209	16.826	17.019	415.42	415.34
23:45:35	16.551	16.12	15.931	17.12	16.825	17.016	415.42	415.34
23:46:35	16.551	16.12	15.835	17.048	16.824	17.016	415.42	415.34
23:47:35	16.55	16.122	15.728	16.962	16.825	17.015	415.42	415.34
23:48:35	16.551	16.122	15.615	16.861	16.824	17.017	415.42	415.34
23:49:35	16.55	16.12	15.534	16.809	16.824	17.016	415.42	415.34
23:50:35	16.55	16.12	15.388	16.727	16.825	17.017	415.42	415.34
23:51:35	16.55	16.12	15.569	16.737	16.822	17.014	415.42	415.34
23:52:35	16.548	16.12	15.786	16.871	16.824	17.015	415.42	415.34
23:53:35	16.547	16.119	15.912	17.002	16.824	17.016	415.42	415.34
23:54:35	16.547	16.119	15.983	17.094	16.823	17.018	415.42	415.34
23:55:35	16.547	16.119	16.018	17.159	16.821	17.016	415.42	415.34
23:56:35	16.546	16.119	16.062	17.208	16.824	17.018	415.42	415.34
23:57:35	16.546	16.117	16.097	17.245	16.823	17.017	415.42	415.34
23:58:35	16.546	16.117	15.982	17.22	16.823	17.017	415.42	415.34
23:59:35	16.546	16.116	15.913	17.146	16.824	17.012	415.42	415.34
