00:00:11	15.95	15.613	15.619	16.397	15.846	16.004	415.42	415.34
00:01:11	15.952	15.614	15.618	16.402	15.848	16.005	415.42	415.34
00:02:11	15.952	15.614	15.612	16.419	15.846	16.003	415.42	415.34
00:03:11	15.952	15.614	15.613	16.427	15.85	16.004	415.42	415.34
00:04:11	15.952	15.616	15.614	16.424	15.848	16.004	415.42	415.34
00:05:11	15.952	15.616	15.613	16.418	15.845	16.005	415.42	415.34
00:06:11	15.951	15.614	15.612	16.414	15.845	16.005	415.42	415.34
00:07:11	15.952	15.614	15.61	16.421	15.847	16.004	415.42	415.34
00:08:11	15.952	15.615	15.613	16.43	15.846	16.004	415.42	415.34
00:09:12	15.951	15.614	15.614	16.427	15.845	16.003	415.42	415.34
00:10:11	15.952	15.615	15.614	16.416	15.845	16.004	415.42	415.34
00:11:11	15.951	15.613	15.612	16.404	15.845	16.005	415.42	415.34
00:12:11	15.952	15.615	15.607	16.399	15.843	16.004	415.42	415.34
00:13:11	15.952	15.615	15.604	16.397	15.845	16.003	415.42	415.34
00:14:11	15.952	15.614	15.602	16.393	15.845	16.004	415.42	415.34
00:15:11	15.951	15.614	15.604	16.391	15.845	16.004	415.42	415.34
00:16:11	15.951	15.614	15.601	16.386	15.846	16.005	415.42	415.34
00:17:11	15.951	15.613	15.601	16.383	15.846	16.004	415.42	415.34
00:18:11	15.951	15.614	15.6	16.38	15.846	16.004	415.42	415.34
00:19:11	15.952	15.615	15.599	16.377	15.847	16.005	415.42	415.34
00:20:11	15.952	15.613	15.603	16.372	15.846	16.004	415.42	415.34
00:21:11	15.951	15.614	15.602	16.372	15.846	16.004	415.42	415.34
00:22:11	15.951	15.615	15.597	16.372	15.844	16.005	415.42	415.34
00:23:11	15.951	15.614	15.596	16.396	15.844	16.004	415.42	415.34
00:24:11	15.952	15.615	15.598	16.4	15.845	16.006	415.42	415.34
00:25:11	15.953	15.615	15.6	16.399	15.847	16.005	415.42	415.34
00:26:11	15.953	15.615	15.599	16.398	15.847	16.006	415.42	415.34
00:27:11	15.952	15.616	15.603	16.462	15.846	16.007	415.42	415.34
00:28:11	15.953	15.616	15.611	16.617	15.844	16.005	415.42	415.34
00:29:11	15.953	15.617	15.624	16.687	15.847	16.005	415.42	415.34
00:30:11	15.954	15.617	15.627	16.618	15.846	16.005	415.42	415.34
00:31:11	15.952	15.617	15.625	16.551	15.848	16.005	415.42	415.34
00:32:11	15.954	15.617	15.623	16.5	15.846	16.006	415.42	415.34
00:33:11	15.952	15.617	15.617	16.472	15.846	16.006	415.42	415.34
00:34:12	15.952	15.616	15.614	16.462	15.847	16.005	415.42	415.34
00:35:11	15.953	15.617	15.615	16.454	15.849	16.004	415.42	415.34
00:36:11	15.954	15.618	15.614	16.449	15.848	16.006	415.42	415.34
00:37:11	15.954	15.617	15.613	16.439	15.847	16.006	415.42	415.34
00:38:11	15.954	15.618	15.61	16.417	15.846	16.005	415.42	415.34
00:39:11	15.953	15.619	15.612	16.404	15.847	16.005	415.42	415.34
00:40:11	15.953	15.617	15.608	16.401	15.848	16.005	415.42	415.34
00:41:11	15.954	15.617	15.606	16.396	15.847	16.005	415.42	415.34
00:42:11	15.954	15.618	15.605	16.389	15.847	16.005	415.42	415.34
00:43:11	15.953	15.617	15.609	16.382	15.848	16.006	415.42	415.34
00:44:11	15.953	15.617	15.61	16.385	15.847	16.005	415.42	415.34
00:45:11	15.954	15.617	15.606	16.385	15.848	16.005	415.42	415.34
00:46:11	15.954	15.617	15.603	16.39	15.847	16.005	415.42	415.34
00:47:11	15.954	15.617	15.6	16.389	15.847	16.006	415.42	415.34
00:48:11	15.954	15.617	15.605	16.384	15.846	16.006	415.42	415.34
00:49:11	15.953	15.619	15.605	16.386	15.849	16.006	415.42	415.34
00:50:11	15.954	15.617	15.6	16.386	15.851	16.006	415.42	415.34
00:51:11	15.954	15.617	15.603	16.388	15.85	16.006	415.42	415.34
00:52:11	15.954	15.618	15.609	16.393	15.848	16.006	415.42	415.34
00:53:11	15.954	15.618	15.607	16.392	15.849	16.006	415.42	415.34
00:54:11	15.954	15.62	15.605	16.391	15.85	16.007	415.42	415.34
00:55:11	15.954	15.618	15.605	16.387	15.851	16.006	415.42	415.34
00:56:11	15.954	15.619	15.602	16.382	15.85	16.006	415.42	415.34
00:57:11	15.955	15.619	15.6	16.382	15.85	16.007	415.42	415.34
00:58:11	15.955	15.618	15.604	16.381	15.85	16.007	415.42	415.34
00:59:11	15.955	15.619	15.601	16.376	15.85	16.006	415.42	415.34
01:00:11	15.954	15.619	15.598	16.378	15.848	16.005	415.42	415.34
01:01:11	15.954	15.619	15.596	16.373	15.847	16.006	415.42	415.34
01:02:11	15.955	15.619	15.595	16.376	15.849	16.005	415.42	415.34
01:03:11	15.955	15.619	15.596	16.383	15.85	16.006	415.42	415.34
01:04:11	15.955	15.618	15.596	16.391	15.851	16.006	415.42	415.34
01:05:11	15.955	15.619	15.596	16.429	15.849	16.005	415.42	415.34
01:06:11	15.954	15.619	15.603	16.529	15.849	16.006	415.42	415.34
01:07:11	15.955	15.618	15.611	16.519	15.847	16.005	415.42	415.34
01:08:11	15.954	15.617	15.611	16.475	15.847	16.004	415.42	415.34
01:09:11	15.955	15.617	15.609	16.446	15.846	16.005	415.42	415.34
01:10:11	15.955	15.618	15.607	16.427	15.847	16.006	415.42	415.34
01:11:11	15.955	15.618	15.603	16.427	15.847	16.004	415.42	415.34
01:12:12	15.955	15.619	15.606	16.421	15.847	16.006	415.42	415.34
01:13:11	15.955	15.618	15.606	16.415	15.846	16.005	415.42	415.34
01:14:11	15.955	15.619	15.602	16.41	15.849	16.005	415.42	415.34
01:15:11	15.957	15.619	15.6	16.398	15.849	16.007	415.42	415.34
01:16:11	15.955	15.619	15.598	16.394	15.849	16.006	415.42	415.34
01:17:11	15.955	15.62	15.597	16.387	15.851	16.007	415.42	415.34
01:18:11	15.956	15.619	15.596	16.384	15.851	16.006	415.42	415.34
01:19:11	15.955	15.62	15.595	16.376	15.848	16.006	415.42	415.34
01:20:11	15.955	15.619	15.597	16.376	15.849	16.007	415.42	415.34
01:21:11	15.956	15.621	15.598	16.375	15.847	16.005	415.42	415.34
01:22:11	15.956	15.621	15.597	16.374	15.847	16.006	415.42	415.34
01:23:11	15.955	15.62	15.595	16.396	15.847	16.007	415.42	415.34
01:24:11	15.956	15.62	15.595	16.394	15.851	16.007	415.42	415.34
01:25:11	15.955	15.62	15.597	16.39	15.851	16.007	415.42	415.34
01:26:11	15.956	15.62	15.598	16.387	15.85	16.007	415.42	415.34
01:27:11	15.956	15.621	15.596	16.391	15.85	16.006	415.42	415.34
01:28:13	15.956	15.622	15.595	16.389	15.851	16.007	415.42	415.34
01:29:11	15.955	15.62	15.6	16.381	15.851	16.008	415.42	415.34
01:30:11	15.956	15.621	15.63	16.378	15.848	16.007	415.42	415.34
01:31:11	15.956	15.622	15.656	16.402	15.85	16.007	415.42	415.34
01:32:11	15.955	15.621	15.673	16.421	15.848	16.006	415.42	415.34
01:33:11	15.956	15.621	15.691	16.463	15.85	16.007	415.42	415.34
01:34:11	15.956	15.621	15.702	16.514	15.85	16.007	415.42	415.34
01:35:11	15.957	15.621	15.707	16.597	15.849	16.007	415.42	415.34
01:36:11	15.957	15.621	15.691	16.676	15.847	16.006	415.42	415.34
01:37:11	15.957	15.621	15.687	16.717	15.847	16.006	415.42	415.34
01:38:11	15.957	15.62	15.735	16.745	15.849	16.007	415.42	415.34
01:39:11	15.957	15.621	15.73	16.685	15.847	16.007	415.42	415.34
01:40:11	15.956	15.621	15.719	16.667	15.847	16.006	415.42	415.34
01:41:11	15.958	15.62	15.739	16.646	15.849	16.007	415.42	415.34
01:42:11	15.956	15.62	15.737	16.705	15.847	16.007	415.42	415.34
01:43:11	15.957	15.621	15.751	16.858	15.848	16.007	415.42	415.34
01:44:11	15.957	15.621	15.726	16.918	15.846	16.006	415.42	415.34
01:45:11	15.957	15.622	15.745	16.856	15.845	16.006	415.42	415.34
01:46:11	15.957	15.621	15.758	16.754	15.846	16.007	415.42	415.34
01:47:11	15.957	15.621	15.768	16.717	15.849	16.007	415.42	415.34
01:48:11	15.956	15.622	15.772	16.732	15.848	16.007	415.42	415.34
01:49:11	15.957	15.622	15.803	16.682	15.851	16.007	415.42	415.34
01:50:11	15.956	15.621	15.803	16.691	15.851	16.007	415.42	415.34
01:51:11	15.957	15.622	15.799	16.706	15.851	16.007	415.42	415.34
01:52:11	15.957	15.623	15.79	16.703	15.85	16.006	415.42	415.34
01:53:11	15.957	15.623	15.802	16.745	15.851	16.006	415.42	415.34
01:54:11	15.956	15.622	15.775	16.843	15.85	16.007	415.42	415.34
01:55:11	15.957	15.623	15.776	16.959	15.848	16.008	415.42	415.34
01:56:11	15.958	15.624	15.778	16.98	15.85	16.006	415.42	415.34
01:57:11	15.957	15.624	15.797	16.951	15.852	16.007	415.42	415.34
01:58:11	15.956	15.624	15.744	16.78	15.852	16.008	415.42	415.34
01:59:11	15.957	15.624	15.713	16.665	15.85	16.007	415.42	415.34
02:00:11	15.958	15.624	15.696	16.606	15.851	16.007	415.42	415.34
02:01:11	15.958	15.624	15.686	16.558	15.85	16.006	415.42	415.34
02:02:11	15.958	15.625	15.676	16.529	15.85	16.007	415.42	415.34
02:03:11	15.958	15.625	15.673	16.512	15.85	16.007	415.42	415.34
02:04:11	15.959	15.625	15.668	16.499	15.849	16.007	415.42	415.34
02:05:11	15.959	15.625	15.668	16.484	15.849	16.006	415.42	415.34
02:06:12	15.958	15.625	15.663	16.472	15.848	16.007	415.42	415.34
02:07:11	15.957	15.624	15.663	16.462	15.849	16.007	415.42	415.34
02:08:11	15.958	15.625	15.658	16.454	15.849	16.008	415.42	415.34
02:09:11	15.958	15.624	15.658	16.446	15.849	16.008	415.42	415.34
02:10:11	15.958	15.625	15.663	16.441	15.85	16.008	415.42	415.34
02:11:11	15.958	15.625	15.659	16.437	15.851	16.007	415.42	415.34
02:12:11	15.957	15.624	15.652	16.452	15.849	16.007	415.42	415.34
02:13:11	15.959	15.625	15.649	16.457	15.849	16.007	415.42	415.34
02:14:11	15.958	15.625	15.649	16.456	15.851	16.007	415.42	415.34
02:15:11	15.958	15.626	15.65	16.448	15.851	16.008	415.42	415.34
02:16:11	15.959	15.625	15.65	16.47	15.851	16.006	415.42	415.34
02:17:12	15.959	15.625	15.654	16.541	15.85	16.007	415.42	0.0
02:18:11	15.959	15.625	15.661	16.625	15.851	16.007	415.42	415.34
02:19:11	15.959	15.625	15.668	16.611	15.85	16.007	415.42	415.34
02:20:11	15.959	15.625	15.664	16.553	15.851	16.008	415.42	415.34
02:21:11	15.959	15.624	15.661	16.51	15.849	16.007	415.42	415.34
02:22:11	15.96	15.624	15.659	16.482	15.851	16.008	415.42	415.34
02:23:11	15.96	15.625	15.652	16.47	15.853	16.007	415.42	415.34
02:24:11	15.959	15.624	15.648	16.464	15.852	16.007	415.42	415.34
02:25:11	15.96	15.624	15.647	16.454	15.852	16.008	415.42	415.34
02:26:11	15.96	15.626	15.647	16.443	15.852	16.01	415.42	415.34
02:27:11	15.959	15.627	15.646	16.432	15.854	16.008	415.42	415.34
02:28:11	15.96	15.627	15.644	16.425	15.855	16.009	415.42	415.34
02:29:11	15.961	15.627	15.64	16.416	15.852	16.009	415.42	415.34
02:30:11	15.96	15.627	15.638	16.413	15.854	16.009	415.42	415.34
02:31:11	15.96	15.629	15.637	16.408	15.854	16.009	415.42	415.34
02:32:11	15.961	15.628	15.635	16.401	15.855	16.009	415.42	415.34
02:33:11	15.961	15.628	15.64	16.393	15.854	16.009	415.42	415.34
02:34:11	15.961	15.628	15.636	16.398	15.852	16.008	415.42	415.34
02:35:11	15.959	15.628	15.629	16.402	15.852	16.008	415.42	415.34
02:36:11	15.959	15.629	15.629	16.411	15.853	16.009	415.42	415.34
02:37:11	15.961	15.63	15.63	16.414	15.853	16.008	415.42	415.34
02:38:11	15.961	15.63	15.629	16.414	15.852	16.009	415.42	415.34
02:39:11	15.961	15.631	15.63	16.411	15.854	16.008	415.42	415.34
02:40:11	15.961	15.631	15.629	16.41	15.855	16.008	415.42	415.34
02:41:11	15.962	15.632	15.628	16.401	15.857	16.01	415.42	415.34
02:42:11	15.961	15.63	15.66	16.414	15.859	16.01	415.42	415.34
02:43:11	15.962	15.632	15.694	16.475	15.857	16.009	415.42	415.34
02:44:11	15.962	15.632	15.684	16.578	15.855	16.009	415.42	415.34
02:45:11	15.962	15.632	15.695	16.653	15.856	16.01	415.42	415.34
02:46:11	15.963	15.632	15.71	16.781	15.855	16.01	415.42	415.34
02:47:11	15.961	15.63	15.707	16.875	15.855	16.01	415.42	415.34
02:48:11	15.962	15.631	15.743	16.797	15.856	16.009	415.42	415.34
02:49:11	15.962	15.631	15.763	16.651	15.855	16.009	415.42	415.34
02:50:11	15.963	15.631	15.761	16.612	15.855	16.008	415.42	415.34
02:51:11	15.962	15.631	15.788	16.619	15.856	16.008	415.42	415.34
02:52:12	15.961	15.63	15.779	16.691	15.855	16.008	415.42	0.0
02:53:11	15.963	15.631	15.769	16.854	15.855	16.009	415.42	415.34
02:54:11	15.962	15.63	15.797	16.775	15.855	16.009	415.42	415.34
02:55:11	15.961	15.63	15.837	16.734	15.851	16.008	415.42	415.34
02:56:11	15.962	15.631	15.825	16.709	15.85	16.008	415.42	415.34
02:57:11	15.962	15.63	15.819	16.619	15.851	16.01	415.42	415.34
02:58:11	15.962	15.629	15.804	16.704	15.853	16.007	415.42	415.34
02:59:11	15.962	15.629	15.793	16.802	15.853	16.008	415.42	415.34
03:00:11	15.963	15.629	15.772	16.909	15.853	16.009	415.42	415.34
03:01:11	15.963	15.63	15.779	17.032	15.851	16.008	415.42	415.34
03:02:11	15.962	15.63	15.786	17.181	15.853	16.007	415.42	415.34
03:03:11	15.963	15.629	15.78	17.203	15.854	16.008	415.42	415.34
03:04:11	15.963	15.631	15.84	17.289	15.855	16.01	415.42	415.34
03:05:11	15.963	15.631	15.813	17.178	15.856	16.01	415.42	415.34
03:06:11	15.964	15.631	15.765	16.928	15.853	16.008	415.42	415.34
03:07:11	15.962	15.63	15.737	16.767	15.853	16.008	415.42	415.34
03:08:11	15.963	15.633	15.722	16.669	15.854	16.009	415.42	415.34
03:09:11	15.964	15.631	15.711	16.606	15.852	16.008	415.42	415.34
03:10:11	15.963	15.631	15.7	16.58	15.855	16.009	415.42	415.34
03:11:11	15.963	15.632	15.694	16.563	15.853	16.009	415.42	415.34
03:12:11	15.963	15.63	15.692	16.537	15.856	16.009	415.42	415.34
03:13:11	15.962	15.631	15.69	16.519	15.855	16.008	415.42	415.34
03:14:11	15.963	15.632	15.688	16.506	15.856	16.01	415.42	415.34
03:15:11	15.964	15.632	15.685	16.49	15.859	16.009	415.42	415.34
03:16:11	15.965	15.633	15.681	16.477	15.856	16.009	415.42	415.34
03:17:11	15.965	15.632	15.677	16.468	15.855	16.01	415.42	415.34
03:18:11	15.964	15.635	15.676	16.46	15.854	16.009	415.42	415.34
03:19:11	15.964	15.634	15.673	16.455	15.854	16.01	415.42	415.34
03:20:11	15.963	15.634	15.67	16.448	15.856	16.009	415.42	415.34
03:21:11	15.964	15.634	15.665	16.441	15.855	16.01	415.42	415.34
03:22:11	15.964	15.635	15.667	16.436	15.854	16.01	415.42	415.34
03:23:11	15.964	15.635	15.664	16.434	15.855	16.011	415.42	415.34
03:24:11	15.964	15.635	15.659	16.423	15.855	16.01	415.42	415.34
03:25:11	15.964	15.636	15.659	16.419	15.857	16.009	415.42	415.34
03:26:11	15.964	15.636	15.656	16.413	15.859	16.008	415.42	415.34
03:27:11	15.965	15.636	15.659	16.411	15.857	16.01	415.42	415.34
03:28:11	15.966	15.636	15.658	16.411	15.859	16.009	415.42	415.34
03:29:11	15.966	15.635	15.651	16.428	15.861	16.01	415.42	415.34
03:30:11	15.966	15.636	15.65	16.434	15.863	16.009	415.42	415.34
03:31:11	15.965	15.636	15.649	16.431	15.862	16.01	415.42	415.34
03:32:11	15.965	15.636	15.65	16.429	15.86	16.011	415.42	415.34
03:33:11	15.965	15.636	15.648	16.428	15.859	16.011	415.42	415.34
03:34:11	15.966	15.636	15.648	16.472	15.858	16.01	415.42	415.34
03:35:11	15.966	15.635	15.651	16.534	15.856	16.013	415.42	415.34
03:36:11	15.966	15.636	15.677	16.725	15.857	16.011	415.42	415.34
03:37:11	15.967	15.636	15.677	16.664	15.858	16.011	415.42	415.34
03:38:11	15.967	15.635	15.668	16.579	15.855	16.009	415.42	415.34
03:39:11	15.967	15.637	15.663	16.526	15.855	16.011	415.42	415.34
03:40:11	15.967	15.637	15.66	16.495	15.857	16.01	415.42	415.34
03:41:11	15.967	15.638	15.654	16.482	15.858	16.011	415.42	415.34
03:42:11	15.968	15.639	15.653	16.474	15.858	16.01	415.42	415.34
03:43:11	15.967	15.638	15.651	16.457	15.859	16.011	415.42	415.34
03:44:11	15.968	15.639	15.648	16.439	15.858	16.011	415.42	415.34
03:45:11	15.968	15.638	15.644	16.429	15.859	16.011	415.42	415.34
03:46:12	15.968	15.638	15.643	16.427	15.86	16.011	415.42	415.34
03:47:11	15.969	15.638	15.643	16.421	15.861	16.011	415.42	415.34
03:48:11	15.968	15.638	15.641	16.413	15.858	16.011	415.42	415.34
03:49:11	15.968	15.639	15.639	16.406	15.86	16.011	415.42	415.34
03:50:11	15.968	15.638	15.637	16.402	15.859	16.01	415.42	415.34
03:51:11	15.968	15.639	15.632	16.396	15.859	16.012	415.42	415.34
03:52:11	15.969	15.64	15.631	16.389	15.858	16.011	415.42	415.34
03:53:11	15.968	15.638	15.632	16.387	15.861	16.012	415.42	415.34
03:54:11	15.968	15.639	15.631	16.381	15.86	16.011	415.42	415.34
03:55:13	15.969	15.64	15.635	16.386	15.86	16.012	415.42	415.34
03:56:11	15.969	15.64	15.63	16.386	15.859	16.012	415.42	415.34
03:57:11	15.969	15.64	15.625	16.386	15.86	16.011	415.42	415.34
03:58:11	15.968	15.64	15.625	16.392	15.861	16.011	415.42	415.34
03:59:11	15.968	15.639	15.624	16.393	15.863	16.012	415.42	415.34
04:00:11	15.969	15.64	15.623	16.395	15.864	16.013	415.42	415.34
04:01:11	15.969	15.641	15.623	16.402	15.861	16.012	415.42	415.34
04:02:11	15.968	15.642	15.636	16.441	15.863	16.013	415.42	415.34
04:03:11	15.97	15.641	15.642	16.476	15.864	16.012	415.42	415.34
04:04:11	15.969	15.64	15.67	16.579	15.862	16.012	415.42	415.34
04:05:11	15.97	15.642	15.687	16.603	15.862	16.012	415.42	415.34
04:06:12	15.969	15.641	15.706	16.64	15.862	16.012	415.42	415.34
04:07:12	15.969	15.642	15.675	16.589	15.863	16.012	415.42	415.34
04:08:11	15.97	15.642	15.659	16.527	15.863	16.012	415.42	415.34
04:09:11	15.97	15.643	15.649	16.483	15.863	16.013	415.42	415.34
04:10:11	15.969	15.642	15.643	16.458	15.863	16.013	415.42	415.34
04:11:11	15.97	15.643	15.632	16.44	15.863	16.013	415.42	415.34
04:12:11	15.969	15.644	15.629	16.43	15.861	16.014	415.42	415.34
04:13:11	15.971	15.644	15.627	16.419	15.863	16.012	415.42	415.34
04:14:11	15.97	15.644	15.626	16.407	15.863	16.012	415.42	415.34
04:15:11	15.97	15.643	15.622	16.394	15.863	16.014	415.42	415.34
04:16:11	15.971	15.644	15.622	16.386	15.862	16.013	415.42	415.34
04:17:11	15.971	15.644	15.623	16.376	15.863	16.014	415.42	415.34
04:18:12	15.971	15.645	15.618	16.367	15.862	16.012	415.42	415.34
04:19:12	15.971	15.643	15.618	16.362	15.863	16.012	415.42	415.34
04:20:11	0.0	15.644	15.614	16.354	15.863	16.013	415.42	415.34
04:21:11	15.971	15.644	15.614	16.347	15.863	16.011	415.42	415.34
04:22:11	15.972	15.645	15.609	16.341	15.863	16.013	415.42	415.34
04:23:11	15.971	15.644	15.611	16.338	15.864	16.013	415.42	415.34
04:24:11	15.972	15.644	15.612	16.337	15.863	16.011	415.42	415.34
04:25:11	15.972	15.645	15.608	16.338	15.861	16.012	415.42	415.34
04:26:11	15.971	15.645	15.603	16.348	15.863	16.013	415.42	415.34
04:27:11	15.971	15.645	15.603	16.357	15.862	16.014	415.42	415.34
04:28:11	15.971	15.644	15.603	16.35	15.862	16.013	415.42	415.34
04:29:11	15.972	15.645	15.602	16.345	15.863	16.012	415.42	415.34
04:30:11	15.971	15.645	15.602	16.344	15.862	16.013	415.42	415.34
04:31:11	15.971	15.645	15.6	16.388	15.862	16.013	415.42	415.34
04:32:11	15.972	15.644	15.602	16.409	15.86	16.014	415.42	415.34
04:33:11	15.973	15.644	15.648	16.506	15.86	16.012	415.42	415.34
04:34:11	15.971	15.643	15.671	16.56	15.859	16.012	415.42	415.34
04:35:11	15.971	15.643	15.676	16.621	15.862	16.013	415.42	415.34
04:36:11	15.972	15.642	15.714	16.792	15.862	16.012	415.42	415.34
04:37:11	15.971	15.642	15.735	16.841	15.86	16.013	415.42	415.34
04:38:11	15.971	15.642	15.742	16.835	15.86	16.014	415.42	415.34
04:39:11	15.972	15.642	15.751	16.797	15.859	16.012	415.42	415.34
04:40:11	15.971	15.641	15.745	16.779	15.861	16.012	415.42	415.34
04:41:14	15.973	15.643	15.743	16.818	15.859	16.012	415.42	415.34
04:42:11	15.972	15.643	15.739	16.907	15.86	16.012	415.42	415.34
04:43:11	15.973	15.643	15.721	16.931	15.86	16.012	415.42	415.34
04:44:11	15.972	15.642	15.754	16.916	15.861	16.012	415.42	415.34
04:45:11	15.972	15.642	15.746	16.817	15.861	16.013	415.42	415.34
04:46:11	15.973	15.642	15.696	16.671	15.859	16.013	415.42	415.34
04:47:11	15.973	15.643	15.672	16.571	15.86	16.012	415.42	415.34
04:48:11	15.973	15.643	15.657	16.511	15.859	16.012	415.42	415.34
04:49:11	15.972	15.644	15.646	16.475	15.861	16.013	415.42	415.34
04:50:11	15.973	15.643	15.638	16.453	15.86	16.012	415.42	415.34
04:51:11	15.973	15.643	15.636	16.436	15.86	16.013	415.42	415.34
04:52:11	15.972	15.643	15.631	16.419	15.859	16.013	415.42	415.34
04:53:11	15.973	15.644	15.628	16.403	15.86	16.012	415.42	415.34
04:54:11	15.972	15.643	15.625	16.386	15.86	16.012	415.42	415.34
04:55:11	15.973	15.643	15.623	16.378	15.86	16.011	415.42	415.34
04:56:11	15.973	15.643	15.619	16.373	15.859	16.012	415.42	415.34
04:57:11	15.972	15.642	15.621	16.36	15.859	16.012	415.42	415.34
04:58:11	15.974	15.642	15.615	16.354	15.86	16.012	415.42	415.34
04:59:11	15.972	15.643	15.614	16.349	15.859	16.012	415.42	415.34
05:00:12	15.973	15.643	15.613	16.343	15.859	16.013	415.42	415.34
05:01:11	15.973	15.642	15.614	16.339	15.858	16.012	415.42	415.34
05:02:11	15.972	15.642	15.608	16.335	15.857	16.012	415.42	415.34
05:03:11	15.973	15.642	15.603	16.348	15.858	16.011	415.42	415.34
05:04:11	15.973	15.642	15.604	16.352	15.861	16.011	415.42	415.34
05:05:11	15.972	15.641	15.604	16.347	15.863	16.01	415.42	415.34
05:06:11	15.973	15.641	15.6	16.345	15.861	16.01	415.42	415.34
05:07:12	15.972	15.64	15.599	16.342	15.861	16.011	415.42	415.34
05:08:11	15.972	15.639	15.599	16.398	15.861	16.011	415.42	415.34
05:09:11	15.972	15.638	15.603	16.496	15.861	16.011	415.42	415.34
05:10:11	15.971	15.64	15.632	16.685	15.859	16.011	415.42	415.34
05:11:11	15.973	15.639	15.695	16.76	15.858	16.011	415.42	415.34
05:12:11	15.972	15.639	15.703	16.812	15.857	16.01	415.42	415.34
05:13:12	15.973	15.64	15.711	16.868	15.857	16.01	415.42	415.34
05:14:11	15.972	15.639	15.691	16.885	15.857	16.012	415.42	415.34
05:15:11	15.974	15.642	15.665	16.714	15.859	16.011	415.42	415.34
05:16:11	15.973	15.641	15.644	16.586	15.86	16.013	415.42	415.34
05:17:12	15.972	15.642	15.635	16.513	15.86	16.012	415.42	415.34
05:18:11	15.973	15.641	15.628	16.467	15.859	16.012	415.42	415.34
05:19:11	15.973	15.641	15.623	16.441	15.858	16.012	415.42	415.34
05:20:11	15.973	15.641	15.62	16.429	15.857	16.012	415.42	415.34
05:21:11	15.972	15.642	15.624	16.417	15.856	16.01	415.42	415.34
05:22:11	15.972	15.641	15.617	16.404	15.86	16.011	415.42	415.34
05:23:11	15.973	15.642	15.612	16.399	15.859	16.01	415.42	415.34
05:24:12	15.973	15.641	15.611	16.391	15.858	16.011	415.42	415.34
05:25:11	15.973	15.641	15.612	16.385	15.858	16.011	415.42	415.34
05:26:12	15.972	15.641	15.609	16.378	15.856	16.011	415.42	415.34
05:27:11	15.972	15.642	15.612	16.395	15.858	16.011	415.42	415.34
05:28:11	15.973	15.641	15.61	16.474	15.858	16.011	415.42	415.34
05:29:11	15.973	15.641	15.619	16.552	15.858	16.011	415.42	415.34
05:30:12	15.972	15.641	15.625	16.537	15.857	16.01	415.42	415.34
05:31:11	15.974	15.64	15.622	16.493	15.857	16.012	415.42	415.34
05:32:11	15.972	15.64	15.621	16.456	15.858	16.011	415.42	415.34
05:33:12	15.973	15.641	15.619	16.425	15.857	16.012	415.42	415.34
05:34:11	0.0	15.64	15.612	16.414	15.856	0.0	415.42	415.34
05:35:11	15.971	15.639	15.611	16.407	15.855	16.009	415.42	415.34
05:36:11	15.973	15.639	15.61	16.402	15.855	16.011	415.42	415.34
05:37:11	15.973	15.638	15.609	16.393	15.856	16.011	415.42	415.34
05:38:12	15.973	15.638	15.606	16.383	15.856	16.009	415.42	415.34
05:39:12	15.972	15.637	15.604	16.376	15.857	16.01	415.42	415.34
05:40:11	15.972	15.638	15.603	16.369	15.855	16.01	415.42	415.34
05:41:11	15.972	15.638	15.6	16.369	15.854	16.009	415.42	415.34
05:42:11	15.972	15.637	15.598	16.364	15.852	16.009	415.42	415.34
05:43:11	15.972	15.637	15.597	16.357	15.854	16.01	415.42	415.34
05:44:12	15.972	15.636	15.596	16.344	15.856	16.008	415.42	415.34
05:45:11	15.972	15.635	15.596	16.335	15.859	16.008	415.42	415.34
05:46:11	15.973	15.637	15.592	16.333	15.858	16.008	415.42	415.34
05:47:11	15.972	15.637	15.592	16.331	15.857	16.01	415.42	415.34
05:48:11	15.973	15.637	15.593	16.329	15.858	16.01	415.42	415.34
05:49:11	15.972	15.637	15.596	16.33	15.854	16.011	415.42	415.34
05:50:11	15.973	15.637	15.59	16.337	15.855	16.01	415.42	415.34
05:51:11	15.972	15.638	15.588	16.361	15.857	16.01	415.42	415.34
05:52:11	15.973	15.639	15.589	16.377	15.858	16.011	415.42	415.34
05:53:12	15.974	15.639	15.589	16.374	15.856	16.01	415.42	415.34
05:54:11	15.973	15.638	15.592	16.414	15.86	16.011	415.42	415.34
05:55:11	15.972	15.639	15.6	16.492	15.858	16.009	415.42	415.34
05:56:11	15.973	15.639	15.608	16.582	15.857	16.011	415.42	415.34
05:57:12	15.973	15.639	15.614	16.593	15.854	16.009	415.42	415.34
05:58:12	15.974	15.64	15.617	16.549	15.852	16.01	415.42	415.34
05:59:11	15.973	15.639	15.612	16.5	15.854	16.01	415.42	415.34
06:00:11	15.973	15.638	15.611	16.466	15.853	16.009	415.42	415.34
06:01:11	15.973	15.639	15.608	16.438	15.854	16.009	415.42	415.34
06:02:11	15.972	15.64	15.603	16.429	15.855	16.009	415.42	415.34
06:03:12	0.0	15.638	15.601	16.421	15.851	16.008	415.42	415.34
06:04:11	15.971	15.637	15.6	16.41	15.851	16.008	415.42	415.34
06:05:11	15.973	15.637	15.599	16.396	15.852	16.009	415.42	415.34
06:06:12	15.972	15.636	15.596	16.377	15.851	16.007	415.42	415.34
06:07:12	15.972	15.635	15.594	16.365	15.851	16.009	415.42	415.34
06:08:12	15.972	15.635	15.592	16.359	15.85	16.009	415.42	415.34
06:09:12	15.972	15.635	15.59	16.352	0.0	16.007	415.42	415.34
06:10:11	15.972	15.634	15.587	16.351	15.851	16.008	415.42	415.34
06:11:11	15.972	15.635	15.588	16.349	15.851	16.009	415.42	415.34
06:12:11	15.972	15.635	15.595	16.346	15.85	16.007	415.42	415.34
06:13:11	15.973	15.634	15.587	16.347	15.853	16.008	415.42	415.34
06:14:11	15.971	15.635	15.586	16.367	15.851	16.007	415.42	415.34
06:15:11	15.972	15.635	15.588	16.373	15.851	16.008	415.42	415.34
06:16:11	15.973	15.635	15.588	16.375	15.851	16.008	415.42	415.34
06:17:11	15.971	15.636	15.586	16.371	15.853	16.008	415.42	415.34
06:18:11	15.972	15.634	15.587	16.376	15.855	16.008	415.42	415.34
06:19:11	15.972	15.635	15.589	16.443	15.854	16.009	415.42	415.34
06:20:11	15.973	15.635	15.599	16.499	15.853	16.008	415.42	415.34
06:21:12	15.972	15.636	15.605	16.489	15.854	16.007	415.42	415.34
06:22:12	15.972	0.0	15.603	16.46	15.855	16.008	415.42	415.34
06:23:11	15.972	15.636	15.602	16.438	15.853	16.007	415.42	415.34
06:24:11	15.973	15.636	15.599	16.428	15.853	16.007	415.42	415.34
06:25:12	15.972	15.634	15.596	16.431	15.853	16.007	415.42	415.34
06:26:11	15.972	15.635	15.597	16.429	15.852	16.008	415.42	415.34
06:27:11	15.973	15.635	15.599	16.421	15.851	16.009	415.42	415.34
06:28:11	15.971	15.636	15.597	16.413	15.849	16.008	415.42	415.34
06:29:11	15.971	15.635	15.595	16.409	15.852	16.008	415.42	415.34
06:30:11	15.972	15.635	15.594	16.403	15.85	16.008	415.42	415.34
06:31:11	15.973	15.636	15.593	16.401	15.852	16.008	415.42	415.34
06:32:11	15.972	15.636	15.59	16.396	15.851	16.008	415.42	415.34
06:33:11	15.972	15.637	15.591	16.392	15.852	16.009	415.42	415.34
06:34:11	15.973	15.635	15.59	16.388	15.851	16.009	415.42	415.34
06:35:11	15.972	15.635	15.594	16.38	15.85	16.008	415.42	415.34
06:36:11	15.973	15.636	15.593	16.378	15.853	16.01	415.42	415.34
06:37:11	15.972	15.636	15.591	16.382	15.853	16.008	415.42	415.34
06:38:11	15.973	15.637	15.591	16.387	15.85	16.009	415.42	415.34
06:39:11	15.973	15.636	15.594	16.387	15.85	16.009	415.42	415.34
06:40:12	15.973	15.635	15.592	16.383	15.849	16.009	415.42	415.34
06:41:11	15.971	15.636	15.591	16.384	15.85	16.01	415.42	415.34
06:42:12	15.971	15.636	15.589	16.382	15.85	16.009	415.42	415.34
06:43:11	15.972	15.635	15.59	16.397	15.85	16.009	415.42	415.34
06:44:11	15.973	15.635	15.614	16.615	15.852	16.009	415.42	415.34
06:45:12	15.972	15.635	15.631	16.869	15.849	16.009	415.42	415.34
06:46:11	15.972	15.635	15.668	16.908	15.849	16.01	415.42	415.34
06:47:12	15.972	15.636	15.67	16.926	15.852	16.01	415.42	415.34
06:48:11	15.972	15.637	15.649	16.742	15.851	16.009	415.42	415.34
06:49:11	15.971	15.636	15.633	16.612	15.851	16.009	415.42	415.34
06:50:12	15.972	15.637	15.625	16.534	15.849	16.009	415.42	415.34
06:51:11	15.971	15.638	15.62	16.483	15.853	16.009	415.42	415.34
06:52:12	15.973	15.637	15.613	16.461	15.853	16.01	415.42	415.34
06:53:12	15.972	15.638	15.61	16.451	15.853	16.009	415.42	415.34
06:54:11	15.972	15.637	15.609	16.435	15.854	16.011	415.42	415.34
06:55:11	15.972	15.638	15.607	16.426	15.853	16.01	415.42	415.34
06:56:11	15.973	15.639	15.605	16.412	15.854	16.009	415.42	415.34
06:57:11	15.972	15.639	15.603	16.405	15.854	16.01	415.42	415.34
06:58:11	15.973	15.638	15.6	16.4	15.853	16.009	415.42	415.34
06:59:12	15.973	15.639	15.599	16.388	15.851	16.01	415.42	415.34
07:00:12	15.973	15.638	15.597	16.377	15.853	16.01	415.42	415.34
07:01:14	15.972	15.638	15.596	16.376	15.852	16.011	415.42	415.34
07:02:11	15.972	15.638	15.595	16.372	15.849	16.01	415.42	415.34
07:03:12	15.973	15.639	15.595	16.367	15.851	16.009	415.42	415.34
07:04:11	15.974	15.638	15.593	16.366	15.851	16.009	415.42	415.34
07:05:11	15.973	15.638	15.596	16.365	15.855	16.01	415.42	415.34
07:06:12	15.973	15.638	15.6	16.365	15.855	16.009	415.42	415.34
07:07:11	15.972	15.638	15.593	16.369	15.857	16.01	415.42	415.34
07:08:11	15.973	15.637	15.593	16.401	15.856	16.009	415.42	415.34
07:09:11	15.973	15.638	15.598	16.406	15.853	16.009	415.42	415.34
07:10:11	15.973	15.638	15.598	16.401	15.852	16.01	415.42	415.34
07:11:12	15.973	15.637	15.595	16.399	15.853	16.009	415.42	415.34
07:12:12	15.973	15.638	15.597	16.393	15.853	16.01	415.42	415.34
07:13:11	15.973	15.637	15.597	16.387	15.851	16.011	415.42	415.34
07:14:11	15.973	15.637	15.592	16.381	15.851	16.009	415.42	415.34
07:15:12	15.973	15.637	15.588	16.38	15.849	16.007	415.42	415.34
07:16:12	15.972	15.637	15.588	16.386	15.85	16.01	415.42	415.34
07:17:11	15.972	15.637	15.588	16.386	15.848	16.009	415.42	415.34
07:18:11	15.972	15.637	15.589	16.384	15.849	16.01	415.42	415.34
07:19:11	15.972	15.636	15.587	16.382	15.847	16.007	415.42	415.34
07:20:11	15.972	15.635	15.586	16.381	15.847	16.008	415.42	415.34
07:21:11	15.972	15.635	15.584	16.381	15.849	16.009	415.42	415.34
07:22:12	15.971	15.635	15.587	16.378	15.848	16.008	415.42	415.34
07:23:11	15.972	15.634	15.584	16.369	15.848	16.009	415.42	415.34
07:24:12	15.971	15.634	15.584	16.361	15.847	16.007	415.42	415.34
07:25:12	15.971	15.633	15.581	16.354	15.847	16.008	415.42	415.34
07:26:11	15.97	15.634	15.587	16.348	15.847	16.008	415.42	415.34
07:27:11	15.974	15.633	15.584	16.341	15.848	16.009	415.42	415.34
07:28:12	15.971	15.633	15.578	16.335	15.849	16.008	415.42	415.34
07:29:11	15.971	15.634	15.575	16.338	15.848	16.009	415.42	415.34
07:30:12	15.972	15.634	15.574	16.338	15.851	16.009	415.42	415.34
07:31:12	15.971	15.635	15.575	16.338	15.85	16.01	415.42	415.34
07:32:11	15.972	15.634	15.575	16.336	15.849	16.009	415.42	415.34
07:33:11	15.972	15.636	15.575	16.336	15.848	16.009	415.42	415.34
07:34:11	15.972	15.635	15.574	16.366	15.849	16.009	415.42	415.34
07:35:11	15.972	15.636	15.581	16.439	15.85	16.009	415.42	415.34
07:36:11	15.972	15.637	15.614	16.583	15.85	16.009	415.42	415.34
07:37:11	15.97	15.636	15.641	16.744	15.85	16.01	415.42	415.34
07:38:11	15.971	15.636	15.673	16.842	15.849	16.01	415.42	415.34
07:39:11	15.972	15.636	15.729	16.939	15.849	16.009	415.42	415.34
07:40:11	15.972	15.637	15.717	16.943	15.852	16.008	415.42	415.34
07:41:11	15.971	15.635	15.751	16.852	15.852	16.008	415.42	415.34
07:42:11	15.972	15.636	15.732	16.721	15.849	16.009	415.42	415.34
07:43:11	15.973	15.636	15.723	16.725	15.847	16.01	415.42	415.34
07:44:11	15.972	15.636	15.7	16.778	15.848	16.008	415.42	415.34
07:45:11	15.972	15.636	15.685	16.866	15.848	16.01	415.42	415.34
07:46:12	15.972	15.636	15.716	16.895	15.846	16.009	415.42	415.34
07:47:12	15.973	15.636	0.0	16.882	15.849	16.008	415.42	415.34
07:48:11	15.972	15.635	15.669	16.707	15.848	16.007	415.42	415.34
07:49:13	15.971	15.636	15.648	16.582	15.848	16.008	415.42	415.34
07:50:12	15.973	15.636	15.636	16.51	15.848	16.008	415.42	415.34
07:51:11	15.972	15.636	15.626	16.462	15.846	16.009	415.42	415.34
07:52:11	15.971	15.635	15.62	16.432	15.848	16.009	415.42	415.34
07:53:12	15.973	15.635	15.616	16.421	15.847	16.007	415.42	415.34
07:54:12	15.972	15.635	15.614	16.404	15.848	16.008	415.42	415.34
07:55:11	15.972	15.634	15.612	16.392	15.846	16.007	415.42	415.34
07:56:11	15.972	15.634	15.608	16.384	15.847	16.008	415.42	415.34
07:57:12	15.973	15.636	15.609	16.369	15.847	16.008	415.42	415.34
07:58:12	15.973	15.635	15.605	16.363	15.847	16.008	415.42	415.34
07:59:11	15.973	15.636	15.6	16.355	15.845	16.008	415.42	415.34
08:00:11	15.972	15.635	15.6	16.347	15.85	16.006	415.42	415.34
08:01:11	15.972	15.633	15.596	16.342	15.848	16.009	415.42	415.34
08:02:11	15.971	15.635	15.595	16.334	15.847	16.008	415.42	415.34
08:03:12	15.972	15.635	15.591	16.326	15.849	16.008	0.0	415.34
08:04:12	15.972	15.636	15.595	16.324	15.848	16.01	415.42	415.34
08:05:11	15.972	15.634	15.594	16.324	15.847	16.008	415.42	415.34
08:06:11	15.971	15.635	15.586	16.33	15.849	16.008	415.42	415.34
08:07:11	15.972	15.635	15.584	16.353	15.848	16.007	415.42	415.34
08:08:12	15.973	15.635	15.586	16.356	15.848	16.008	415.42	415.34
08:09:12	15.973	15.635	15.585	16.355	15.847	16.007	415.42	415.34
08:10:12	15.972	15.635	15.585	16.363	15.848	16.009	415.42	415.34
08:11:11	15.972	15.636	15.59	16.453	15.848	16.008	415.42	415.34
08:12:11	15.971	15.634	15.6	16.607	15.847	16.007	415.42	415.34
08:13:12	15.972	15.634	15.609	16.583	15.846	16.008	415.42	415.34
08:14:12	15.972	15.634	15.61	16.516	15.848	16.007	415.42	415.34
08:15:11	15.972	15.633	15.606	16.458	15.849	16.007	415.42	415.34
08:16:11	15.971	15.634	15.602	16.421	15.848	16.007	415.42	415.34
08:17:11	15.971	15.633	15.597	16.394	15.847	16.007	415.42	415.34
08:18:12	15.972	15.632	15.594	16.39	15.848	16.006	415.42	415.34
08:19:12	15.972	15.633	15.591	16.378	15.846	16.006	415.42	415.34
08:20:11	15.972	15.632	15.592	16.358	15.846	16.007	415.42	415.34
08:21:11	15.971	15.631	15.588	16.347	15.846	16.006	415.42	415.34
08:22:12	15.971	15.631	15.584	16.341	15.845	16.006	415.42	415.34
08:23:12	15.971	15.631	15.582	16.331	15.844	16.007	415.42	415.34
08:24:11	15.972	15.631	15.58	16.324	15.845	16.006	415.42	415.34
08:25:11	15.971	15.631	15.577	16.315	15.843	16.006	415.42	415.34
08:26:12	15.972	15.63	15.578	16.309	15.844	16.007	415.42	415.34
08:27:11	15.971	15.63	15.58	16.306	15.846	16.007	415.42	415.34
08:28:12	15.972	15.631	15.577	16.305	15.847	16.006	415.42	415.34
08:29:12	15.971	15.63	15.572	16.314	15.845	16.006	415.42	415.34
08:30:11	15.971	15.629	15.571	16.324	15.846	16.007	415.42	415.34
08:31:12	15.97	15.63	15.571	16.323	15.845	16.005	415.42	415.34
08:32:11	15.97	15.63	15.568	16.324	15.843	16.005	415.42	415.34
08:33:11	15.971	15.63	15.574	16.353	15.843	16.005	415.42	415.34
08:34:11	15.97	15.63	15.579	16.492	15.843	16.005	415.42	415.34
08:35:11	15.971	15.63	15.587	16.514	15.845	16.005	415.42	415.34
08:36:12	15.971	15.63	15.59	16.48	15.843	16.006	415.42	415.34
08:37:12	15.969	15.632	15.589	16.428	15.848	16.006	415.42	415.34
08:38:11	15.971	15.63	15.585	16.395	15.847	16.006	415.42	415.34
08:39:12	15.972	15.632	15.584	16.369	15.845	16.006	415.42	415.34
08:40:12	15.971	15.632	15.577	16.367	15.845	16.006	415.42	415.34
08:41:12	15.971	15.631	15.577	16.357	15.845	16.008	415.42	415.34
08:42:11	15.969	15.631	15.575	16.346	15.845	16.007	415.42	415.34
08:43:12	15.97	15.632	15.574	16.338	15.844	16.007	415.42	415.34
08:44:11	15.971	15.632	15.571	16.332	15.845	16.005	415.42	415.34
08:45:12	15.973	15.631	15.569	16.325	15.845	16.006	415.42	415.34
08:46:11	15.971	15.631	15.567	16.319	15.843	16.006	415.42	415.34
08:47:11	15.97	15.632	15.564	16.313	15.845	16.006	415.42	415.34
08:48:13	15.972	15.632	15.565	16.309	15.845	16.006	415.42	415.34
08:49:12	15.971	15.632	15.566	16.304	15.846	16.006	415.42	415.34
08:50:12	15.97	15.631	0.0	16.305	15.845	16.006	415.42	415.34
08:51:11	15.97	15.631	15.563	16.297	15.844	16.007	415.42	415.34
08:52:11	15.969	15.629	15.561	16.32	15.843	16.007	415.42	415.34
08:53:11	15.97	15.631	15.559	16.328	15.842	16.006	415.42	415.34
08:54:12	15.972	15.629	15.562	16.328	15.846	16.007	415.42	415.34
08:55:12	15.971	15.629	15.561	16.32	15.847	16.005	415.42	415.34
08:56:12	15.969	15.631	15.558	16.324	15.845	16.006	415.42	415.34
08:57:12	15.969	0.0	15.564	16.375	15.845	16.005	415.42	415.34
08:58:12	15.97	15.63	15.568	16.488	15.847	16.006	415.42	415.34
08:59:12	15.969	15.628	15.619	16.705	15.847	16.006	415.42	415.34
09:00:12	15.969	15.627	15.652	16.813	15.844	16.006	415.42	415.34
09:01:12	15.972	15.628	15.627	16.672	15.843	16.005	415.42	415.34
09:02:12	15.968	15.629	15.604	16.541	15.842	16.006	415.42	415.34
09:03:12	15.97	15.629	15.59	16.468	15.842	16.004	415.42	415.34
09:04:12	0.0	15.629	15.588	16.424	15.841	16.004	415.42	415.34
09:05:12	15.967	15.628	15.581	16.4	15.84	16.005	415.42	415.34
09:06:12	15.969	15.628	15.58	16.391	15.841	16.004	415.42	415.34
09:07:11	15.97	15.628	15.582	16.377	15.843	16.004	415.42	415.34
09:08:12	15.969	15.628	15.577	16.364	15.844	16.004	415.42	415.34
09:09:12	15.969	15.628	15.577	16.367	15.842	16.004	415.42	415.34
09:10:11	15.968	15.627	15.575	16.369	15.842	16.004	415.42	415.34
09:11:12	15.968	15.627	15.576	16.361	15.842	16.004	415.42	415.34
09:12:12	15.969	15.626	15.573	16.359	15.841	16.003	415.42	415.34
09:13:11	15.968	15.626	15.574	16.36	15.841	16.003	415.42	415.34
09:14:11	15.969	15.626	15.575	16.399	15.841	16.003	415.42	415.34
09:15:12	15.967	15.627	15.582	16.432	15.842	16.001	415.42	415.34
09:16:12	15.968	15.627	15.586	16.423	15.842	16.003	415.42	415.34
09:17:12	15.968	15.626	15.584	16.404	15.842	16.002	415.42	415.34
09:18:11	15.966	15.625	15.58	16.383	15.841	16.003	415.42	415.34
09:19:11	15.968	15.626	15.576	16.369	15.84	16.004	415.42	415.34
09:20:12	15.969	15.626	15.572	16.366	15.839	16.005	415.42	415.34
09:21:11	15.969	15.627	15.574	16.363	15.839	16.003	415.42	415.34
09:22:11	15.968	15.627	15.571	16.357	15.839	16.004	415.42	415.34
09:23:13	15.969	15.626	15.57	16.349	15.839	16.005	415.42	415.34
09:24:12	15.968	15.627	15.569	16.342	15.839	16.004	415.42	415.34
09:25:12	15.968	15.626	15.565	16.33	15.839	16.004	415.42	415.34
09:26:11	15.968	15.627	15.567	16.322	15.841	16.004	415.42	415.34
09:27:12	15.969	15.627	15.567	16.322	15.84	16.005	415.42	415.34
09:28:11	15.971	15.625	15.562	16.317	15.84	16.005	415.42	415.34
09:29:12	15.969	15.627	15.56	16.313	15.841	16.005	415.42	415.34
09:30:12	15.969	15.625	15.557	16.309	15.84	16.004	415.42	415.34
09:31:12	15.969	15.627	15.557	16.309	15.839	16.004	415.42	415.34
09:32:12	15.969	15.626	15.56	16.301	15.842	16.006	415.42	415.34
09:33:12	15.967	15.627	15.559	16.299	15.842	16.005	415.42	415.34
09:34:12	15.968	15.626	15.559	16.3	15.842	16.004	415.42	415.34
09:35:12	15.969	15.627	15.555	16.319	15.843	16.005	415.42	415.34
09:36:12	15.967	15.625	15.556	16.323	15.844	16.003	415.42	415.34
09:37:12	15.967	15.625	15.554	16.322	15.844	16.003	415.42	415.34
09:38:12	15.969	15.628	15.554	16.321	15.843	16.004	415.42	415.34
09:39:11	15.965	15.625	15.554	16.323	15.842	16.004	415.42	415.34
09:40:12	15.967	15.625	15.557	16.366	15.843	16.002	415.42	415.34
09:41:12	15.971	15.623	15.566	16.576	15.84	16.002	415.42	415.34
09:42:11	15.967	15.623	15.597	16.837	15.841	16.003	415.42	415.34
09:43:12	15.965	15.624	15.629	16.931	15.841	16.003	415.42	415.34
09:44:12	15.969	15.624	15.637	16.905	15.84	16.002	415.42	415.34
09:45:11	15.965	15.623	15.651	16.727	15.841	16.003	415.42	415.34
09:46:12	15.967	15.625	15.645	16.652	15.842	16.003	415.42	415.34
09:47:12	15.967	15.623	15.639	16.656	15.841	16.003	415.42	415.34
09:48:12	15.966	15.625	15.629	16.905	15.839	16.002	415.42	415.34
09:49:11	15.967	15.624	15.659	16.97	15.839	16.003	415.42	415.34
09:50:12	15.967	15.624	15.7	16.922	15.838	16.003	415.42	415.34
09:51:11	15.967	15.624	15.666	16.882	15.838	16.003	415.42	415.34
09:52:12	15.965	15.624	15.732	16.78	15.839	16.002	415.42	415.34
09:53:12	15.966	15.623	15.76	16.662	15.839	16.003	415.42	415.34
09:54:11	15.966	15.623	15.73	16.594	15.838	16.003	415.42	415.34
09:55:11	15.966	15.624	15.672	16.527	15.841	16.002	415.42	415.34
09:56:12	15.967	15.624	15.633	16.48	15.842	16.003	415.42	415.34
09:57:12	15.966	15.623	15.617	16.449	15.841	16.003	415.42	415.34
09:58:12	15.966	15.624	15.611	16.429	15.841	16.003	415.42	415.34
09:59:11	15.966	15.624	15.603	16.412	15.838	16.005	415.42	415.34
10:00:12	15.966	15.624	15.598	16.403	15.836	16.003	415.42	415.34
10:01:12	15.966	15.624	15.596	16.39	15.84	16.002	415.42	415.34
10:02:12	15.966	15.624	15.593	16.385	15.838	16.004	415.42	415.34
10:03:12	15.965	15.624	15.592	16.381	15.839	16.002	415.42	415.34
10:04:12	15.966	15.624	15.587	16.373	15.838	16.003	415.42	415.34
10:05:12	15.966	15.623	15.587	16.361	15.841	16.002	415.42	415.34
10:06:11	15.967	15.623	15.584	16.359	15.842	16.003	415.42	415.34
10:07:12	15.966	15.624	15.59	16.351	15.841	16.003	415.42	415.34
10:08:12	15.966	15.624	15.585	16.349	15.84	16.004	415.42	415.34
10:09:12	15.966	15.624	15.579	16.35	15.838	16.004	415.42	415.34
10:10:12	15.968	15.624	15.58	16.362	15.837	16.002	415.42	415.34
10:11:12	15.967	15.624	15.579	16.369	15.839	16.004	415.42	415.34
10:12:11	15.967	15.625	15.578	16.366	15.837	16.002	415.42	415.34
10:13:12	15.966	15.626	15.582	16.391	15.84	16.004	415.42	415.34
10:14:13	15.967	15.625	15.587	16.501	15.84	16.003	415.42	415.34
10:15:12	15.967	15.624	15.594	16.596	15.84	16.004	415.42	415.34
10:16:12	15.966	15.624	15.604	16.595	15.84	16.002	415.42	415.34
10:17:12	15.967	15.625	15.606	16.536	15.838	16.003	415.42	415.34
10:18:12	15.966	15.624	15.604	16.48	15.84	16.004	415.42	415.34
10:19:12	15.966	15.624	15.599	16.446	15.838	16.004	415.42	415.34
10:20:12	15.966	15.624	15.594	16.422	15.84	16.003	415.42	415.34
10:21:12	15.966	15.623	15.594	16.418	15.84	16.002	415.42	415.34
10:22:12	15.965	15.623	15.592	16.412	15.837	16.003	415.42	415.34
10:23:12	15.966	15.623	15.594	16.405	15.839	16.002	415.42	415.34
10:24:12	15.966	15.623	15.591	16.394	15.839	16.002	415.42	415.34
10:25:14	15.967	15.623	15.589	16.376	15.84	16.002	415.42	415.34
10:26:12	15.965	15.623	15.587	16.364	15.842	16.004	415.42	415.34
10:27:11	15.966	15.623	15.586	16.359	15.839	16.004	415.42	415.34
10:28:12	15.967	15.623	15.58	16.351	15.841	16.003	415.42	415.34
10:29:12	15.966	15.623	15.578	16.345	15.842	16.004	415.42	415.34
10:30:12	15.966	15.624	15.582	16.336	15.841	16.004	415.42	415.34
10:31:12	15.966	15.623	15.581	16.333	15.841	16.004	415.42	415.34
10:32:11	15.966	15.624	15.574	16.33	15.842	16.003	415.42	415.34
10:33:12	15.967	15.625	15.574	16.342	15.84	16.003	415.42	415.34
10:34:12	15.966	15.624	15.573	16.343	15.839	16.002	415.42	415.34
10:35:11	15.966	15.623	15.573	16.344	15.837	16.002	415.42	415.34
10:36:12	15.966	15.624	15.573	0.0	15.838	16.003	415.42	415.34
10:37:12	15.966	15.624	15.572	16.342	15.841	16.003	415.42	415.34
10:38:12	15.966	15.624	15.576	16.381	15.841	16.003	415.42	415.34
10:39:12	15.967	15.624	15.581	16.4	15.842	16.004	415.42	415.34
10:40:12	15.966	15.624	15.584	16.395	15.841	16.004	415.42	415.34
10:41:12	15.966	15.624	15.582	16.379	15.841	16.002	415.42	415.34
10:42:12	15.967	15.623	15.577	16.363	15.84	16.004	415.42	415.34
10:43:12	15.965	15.624	15.575	16.355	15.842	16.004	415.42	415.34
10:44:12	15.966	15.624	15.573	16.361	15.84	16.002	415.42	415.34
10:45:12	15.966	15.624	15.573	16.36	15.84	16.002	415.42	415.34
10:46:12	15.966	15.624	15.57	16.346	15.84	16.003	415.42	415.34
10:47:12	15.966	15.624	15.57	16.342	15.84	16.004	415.42	415.34
10:48:12	15.966	15.626	15.57	16.337	15.84	16.005	415.42	415.34
10:49:12	15.967	15.624	15.567	16.328	15.839	16.004	415.42	415.34
10:50:12	15.966	15.626	15.565	16.323	15.841	16.001	415.42	415.34
10:51:12	15.966	15.625	15.568	16.318	15.838	16.002	415.42	415.34
10:52:11	15.967	15.625	15.568	16.313	15.838	16.002	415.42	415.34
10:53:11	15.966	15.625	15.563	16.322	15.837	16.004	415.42	415.34
10:54:11	15.965	15.624	15.563	16.338	15.839	16.003	415.42	415.34
10:55:12	15.966	15.624	15.564	16.342	15.841	16.004	415.42	415.34
10:56:12	15.966	15.625	15.564	16.335	15.839	16.003	415.42	415.34
10:57:12	15.967	15.626	15.562	16.329	15.841	16.004	415.42	415.34
10:58:12	15.966	15.625	15.563	16.331	15.841	16.004	415.42	415.34
10:59:12	15.967	15.628	15.566	16.388	15.844	16.003	415.42	415.34
11:00:12	15.966	15.626	15.574	16.414	15.844	16.004	415.42	415.34
11:01:12	15.967	15.628	15.574	16.39	15.845	16.004	415.42	415.34
11:02:11	15.966	15.628	15.572	16.369	15.844	16.004	415.42	415.34
11:03:12	15.966	15.626	15.572	16.35	15.842	16.005	415.42	415.34
11:04:12	15.967	15.627	15.568	16.34	15.843	16.005	415.42	415.34
11:05:12	15.966	15.627	15.564	16.342	15.841	16.005	415.42	415.34
11:06:12	15.965	15.627	15.563	16.331	15.843	16.004	415.42	415.34
11:07:12	15.966	15.627	15.562	16.322	15.842	16.004	415.42	415.34
11:08:12	15.965	15.627	15.559	16.314	15.841	16.005	415.42	415.34
11:09:12	15.965	0.0	15.558	16.307	15.842	16.004	415.42	415.34
11:10:12	15.967	15.627	15.558	16.299	15.842	16.004	415.42	415.34
11:11:12	15.966	15.628	15.56	16.292	15.841	16.005	415.42	415.34
11:12:12	15.965	15.627	15.554	16.287	15.843	16.004	415.42	415.34
11:13:12	15.966	15.629	15.554	16.281	15.843	16.004	415.42	415.34
11:14:12	15.967	15.627	15.556	16.279	15.841	16.003	415.42	415.34
11:15:12	15.966	15.629	15.553	16.284	15.842	16.004	415.42	415.34
11:16:12	15.967	15.628	15.548	16.295	15.841	16.005	415.42	415.34
11:17:12	15.967	15.628	15.549	16.305	15.839	16.005	415.42	415.34
11:18:12	15.966	15.627	15.549	16.301	15.841	16.005	415.42	415.34
11:19:12	15.964	15.628	15.55	16.292	15.842	16.005	415.42	415.34
11:20:12	15.966	15.627	15.547	16.3	15.842	16.005	415.42	415.34
11:21:12	15.967	15.629	15.553	16.357	15.842	16.005	415.42	415.34
11:22:12	15.968	15.626	15.56	16.429	15.841	16.005	415.42	415.34
11:23:12	15.967	15.627	15.585	16.676	15.84	16.004	415.42	415.34
11:24:12	15.967	15.627	15.63	16.934	15.843	16.004	415.42	415.34
11:25:12	15.966	15.628	15.614	16.756	15.841	16.004	415.42	415.34
11:26:12	15.964	15.624	15.597	16.59	15.842	16.004	415.42	415.34
11:27:12	15.966	15.628	15.587	16.485	15.841	16.005	415.42	415.34
11:28:12	15.967	15.626	15.582	16.419	15.838	16.004	415.42	415.34
11:29:12	15.969	15.628	15.572	16.388	15.84	16.004	415.42	415.34
11:30:12	15.966	15.627	15.571	16.371	15.84	16.004	415.42	415.34
11:31:12	15.968	15.625	15.571	16.352	15.838	16.004	415.42	415.34
11:32:12	15.968	15.627	15.569	16.335	15.839	16.005	415.42	415.34
11:33:12	15.966	15.627	15.565	16.323	0.0	16.004	415.42	415.34
11:34:12	15.969	15.628	15.562	16.308	15.839	16.004	415.42	415.34
11:35:12	15.965	15.627	15.561	16.298	15.839	16.004	415.42	415.34
11:36:12	15.966	15.627	15.554	16.293	15.838	16.002	415.42	415.34
11:37:12	15.965	15.628	15.554	16.292	15.839	16.004	415.42	415.34
11:38:12	15.967	15.626	15.562	16.282	15.837	16.004	415.42	415.34
11:39:12	15.966	15.626	15.56	16.275	15.838	16.003	415.42	415.34
11:40:12	15.97	15.627	15.549	16.286	15.838	16.005	415.42	415.34
11:41:12	15.966	15.625	15.548	16.297	15.839	16.005	415.42	415.34
11:42:12	15.966	15.626	15.55	16.297	15.837	16.003	415.42	415.34
11:43:12	15.966	15.627	15.548	16.291	15.838	16.005	415.42	415.34
11:44:12	15.967	15.627	15.547	16.292	15.838	16.006	415.42	415.34
11:45:12	15.964	15.624	15.547	16.322	15.838	16.004	415.42	415.34
11:46:12	15.966	15.627	15.551	16.394	15.839	16.004	415.42	415.34
11:47:12	15.965	15.629	15.577	16.467	15.839	16.004	415.42	415.34
11:48:12	15.966	15.627	15.608	16.456	15.839	16.003	415.42	415.34
11:49:12	15.967	15.626	15.632	16.518	15.838	16.004	415.42	415.34
11:50:12	15.967	15.625	15.644	16.482	15.84	16.005	415.42	415.34
11:51:12	15.965	15.626	15.645	16.429	15.84	16.004	415.42	415.34
11:52:12	15.966	15.627	15.658	16.461	15.839	16.004	415.42	415.34
11:53:12	15.966	15.626	15.67	16.428	15.84	16.004	415.42	415.34
11:54:12	15.966	15.626	15.671	16.508	15.838	16.004	415.42	415.34
11:55:12	15.966	15.627	15.687	16.603	15.837	16.005	415.42	415.34
11:56:12	15.966	15.627	15.656	16.62	15.838	16.006	415.42	415.34
11:57:12	15.966	15.628	15.664	16.967	15.838	16.004	415.42	415.34
11:58:12	15.966	15.627	15.704	17.142	15.837	16.004	415.42	415.34
11:59:12	15.967	15.628	15.748	17.169	15.837	16.004	415.42	415.34
12:00:12	15.966	15.627	15.751	17.111	15.838	16.003	415.42	415.34
12:01:12	15.965	0.0	15.756	17.166	15.842	16.004	415.42	415.34
12:02:12	15.966	15.628	15.71	16.922	15.841	16.003	415.42	415.34
12:03:12	15.966	15.627	15.661	16.708	15.838	16.004	415.42	415.34
12:04:12	15.966	15.627	15.635	16.577	15.839	16.004	415.42	415.34
12:05:12	15.965	15.626	15.621	16.494	15.837	16.004	415.42	415.34
12:06:12	15.965	15.626	15.61	16.444	15.839	16.004	415.42	415.34
12:07:11	15.964	15.627	15.606	16.421	15.837	16.004	415.42	415.34
12:08:12	15.966	15.627	15.601	16.405	15.837	16.003	415.42	415.34
12:09:12	15.966	15.627	15.598	16.383	15.836	16.003	415.42	415.34
12:10:12	15.965	15.626	15.595	16.374	15.84	16.004	415.42	415.34
12:11:12	15.966	15.628	15.591	16.36	15.84	16.004	415.42	415.34
12:12:12	15.965	15.628	15.589	16.342	15.84	16.004	415.42	415.34
12:13:11	15.966	15.627	15.584	16.326	15.839	16.005	415.42	415.34
12:14:12	15.966	15.628	15.581	16.319	15.841	16.006	415.42	415.34
12:15:12	15.965	15.628	15.579	16.313	15.84	16.005	415.42	415.34
12:16:12	15.966	15.629	15.583	16.314	15.838	16.006	415.42	415.34
12:17:12	15.965	15.629	15.58	16.31	15.84	16.005	415.42	415.34
12:18:12	15.965	15.627	15.573	16.311	15.839	16.005	415.42	415.34
12:19:12	15.966	15.627	15.57	16.313	15.838	16.005	415.42	415.34
12:20:12	15.965	15.628	15.569	16.312	15.839	16.005	415.42	415.34
12:21:12	15.965	15.628	15.572	16.318	15.84	16.006	415.42	415.34
12:22:12	15.964	15.628	15.575	16.421	15.84	16.004	415.42	415.34
12:23:12	15.965	15.627	15.582	16.59	15.837	16.004	415.42	415.34
12:24:12	15.965	15.628	15.593	16.606	15.84	16.005	415.42	415.34
12:25:12	15.965	15.627	15.6	16.554	15.84	16.006	415.42	415.34
12:26:12	15.966	15.628	15.599	16.479	15.84	16.005	415.42	415.34
12:27:12	15.964	15.627	15.597	16.428	15.842	16.004	415.42	415.34
12:28:12	15.965	15.626	15.59	16.392	15.841	16.005	415.42	415.34
12:29:12	15.966	15.626	15.583	16.381	15.84	16.004	415.42	415.34
12:30:12	15.966	15.627	15.579	16.374	15.84	16.004	415.42	415.34
12:31:12	15.965	15.627	15.577	16.357	15.841	16.004	415.42	415.34
12:32:12	15.964	15.626	15.574	16.341	15.841	16.004	415.42	415.34
12:33:12	15.965	15.625	15.576	16.328	15.841	16.004	415.42	415.34
12:34:12	15.965	15.625	15.569	16.315	15.841	16.004	415.42	415.34
12:35:12	15.965	15.625	15.567	16.304	15.838	16.004	415.42	415.34
12:36:12	15.965	15.626	15.566	16.298	15.84	16.004	415.42	415.34
12:37:12	15.965	15.625	15.561	16.287	15.841	16.004	415.42	415.34
12:38:12	15.965	15.626	15.563	16.281	15.84	16.004	415.42	415.34
12:39:13	15.964	15.626	15.563	16.278	15.838	16.003	415.42	415.34
12:40:12	15.965	15.625	15.559	16.278	15.838	16.004	415.42	415.34
12:41:12	15.965	15.624	15.557	16.294	15.836	16.005	415.42	415.34
12:42:12	15.966	15.625	15.555	16.296	15.841	16.003	415.42	415.34
12:43:12	15.966	15.624	15.554	16.294	15.842	16.002	415.42	415.34
12:44:13	15.965	15.625	15.556	16.302	15.841	16.001	415.42	415.34
12:45:12	15.965	15.624	15.557	16.356	15.838	16.003	415.42	415.34
12:46:12	15.965	15.624	15.561	16.4	15.84	16.004	415.42	415.34
12:47:12	15.964	15.624	15.567	16.452	15.841	16.004	415.42	415.34
12:48:12	15.964	15.624	15.571	16.432	15.841	16.003	415.42	415.34
12:49:12	15.965	15.625	15.57	16.391	15.84	16.003	415.42	415.34
12:50:12	15.965	15.625	15.57	16.362	15.838	16.003	415.42	415.34
12:51:12	15.965	15.625	15.565	16.34	15.838	16.003	415.42	415.34
12:52:12	15.963	15.624	15.559	16.336	15.838	16.002	415.42	415.34
12:53:11	15.966	15.626	15.556	16.326	15.841	16.003	415.42	415.34
12:54:12	15.967	15.625	15.558	16.312	15.839	16.004	415.42	415.34
12:55:12	15.965	15.626	15.558	16.297	15.84	16.003	415.42	415.34
12:56:11	15.965	15.625	15.553	16.284	15.84	16.003	415.42	415.34
12:57:12	15.965	15.625	15.551	16.276	15.84	16.003	415.42	415.34
12:58:12	15.966	15.625	0.0	16.266	15.841	16.004	415.42	415.34
12:59:12	15.965	15.626	15.554	16.266	15.841	16.005	415.42	415.34
13:00:12	15.965	15.626	15.559	16.263	15.841	16.004	415.42	415.34
13:01:11	15.965	15.625	15.549	16.261	15.841	16.005	415.42	415.34
13:02:12	15.965	15.625	15.545	16.282	15.841	16.004	415.42	415.34
13:03:12	15.966	15.625	15.544	16.285	15.84	16.003	415.42	415.34
13:04:12	15.966	15.625	15.546	16.283	15.841	16.005	415.42	415.34
13:05:12	15.963	15.625	15.546	16.313	15.84	16.005	415.42	415.34
13:06:12	15.966	15.626	15.554	16.394	15.841	16.004	415.42	415.34
13:07:12	15.966	15.627	15.558	16.437	15.841	16.005	415.42	415.34
13:08:12	15.965	15.625	15.562	16.447	15.841	16.005	415.42	415.34
13:09:12	15.965	15.625	15.565	16.419	15.842	16.005	415.42	415.34
13:10:12	15.966	15.623	15.564	16.392	15.841	16.004	415.42	415.34
13:11:12	15.966	15.625	15.562	16.363	15.841	16.005	415.42	415.34
13:12:12	15.964	15.626	15.556	16.342	15.84	16.005	415.42	415.34
13:13:12	15.965	15.625	15.554	16.338	15.84	16.004	415.42	415.34
13:14:12	15.966	15.623	15.554	16.324	15.84	16.005	415.42	415.34
13:15:12	15.964	15.625	15.554	16.305	15.84	16.004	415.42	415.34
13:16:12	15.965	15.623	15.548	16.296	15.838	16.003	415.42	415.34
13:17:12	15.964	15.624	15.547	16.289	15.839	16.004	415.42	415.34
13:18:12	15.965	15.626	15.546	16.279	15.839	16.004	415.42	415.34
13:19:12	15.964	15.624	15.542	16.27	15.838	16.003	415.42	415.34
13:20:12	15.965	15.623	15.549	16.268	15.838	16.004	415.42	415.34
13:21:12	15.966	15.623	15.546	16.265	15.839	16.004	415.42	415.34
13:22:12	15.966	15.622	15.539	16.269	15.841	16.004	415.42	415.34
13:23:12	15.965	15.624	15.537	16.279	15.841	16.005	415.42	415.34
13:24:12	15.967	15.625	15.537	16.277	15.84	16.005	415.42	415.34
13:25:12	15.964	15.624	15.538	16.274	15.84	16.003	415.42	415.34
13:26:12	15.964	15.625	15.538	16.272	15.839	16.004	415.42	415.34
13:27:12	15.964	15.625	15.539	16.313	15.839	16.004	415.42	415.34
13:28:12	15.965	15.624	15.543	16.364	15.841	16.004	415.42	415.34
13:29:12	15.966	15.625	15.551	16.471	15.841	16.004	415.42	415.34
13:30:12	15.964	15.622	15.568	16.62	15.84	16.004	415.42	415.34
13:31:13	15.964	15.624	15.62	16.803	15.843	16.005	415.42	415.34
13:32:12	0.0	15.624	15.645	16.947	15.842	16.003	415.42	415.34
13:33:12	15.964	15.623	15.613	16.987	15.841	16.003	415.42	415.34
13:34:12	15.962	15.624	15.655	16.963	15.839	16.004	415.42	415.34
13:35:12	15.965	15.623	15.681	16.842	15.836	16.003	415.42	415.34
13:36:12	15.963	15.624	15.635	16.668	15.836	16.003	415.42	415.34
13:37:12	15.965	15.623	15.607	16.54	15.839	16.003	415.42	415.34
13:38:12	15.964	15.624	15.592	16.458	15.84	16.003	415.42	415.34
13:39:12	15.963	15.624	15.581	16.407	15.839	16.004	415.42	415.34
13:40:12	15.965	15.624	15.572	16.376	15.84	16.002	415.42	415.34
13:41:12	15.964	15.624	15.57	16.355	15.84	16.004	415.42	415.34
13:42:12	15.964	0.0	15.566	16.339	15.842	16.005	415.42	415.34
13:43:13	15.964	15.624	15.564	16.325	15.84	16.004	415.42	415.34
13:44:12	15.964	15.623	15.558	16.311	15.839	16.004	415.42	415.34
13:45:12	15.962	15.624	15.555	16.305	15.838	16.004	415.42	415.34
13:46:12	15.963	15.624	15.557	16.294	15.842	16.004	415.42	415.34
13:47:12	15.964	15.623	15.555	16.279	15.841	16.005	415.42	415.34
13:48:12	15.964	15.623	15.555	16.274	15.839	16.003	415.42	415.34
13:49:12	15.964	15.624	15.559	16.273	15.839	16.005	415.42	415.34
13:50:12	15.964	15.624	15.552	16.269	15.84	16.004	415.42	415.34
13:51:12	15.963	15.622	15.545	16.285	15.84	16.004	415.42	415.34
13:52:12	15.964	15.623	15.545	16.291	15.841	16.004	415.42	415.34
13:53:12	15.963	15.623	15.546	16.292	15.838	16.004	415.42	415.34
13:54:12	15.964	15.624	15.548	16.301	15.839	16.005	415.42	415.34
13:55:12	15.963	15.623	15.554	16.421	15.841	16.005	415.42	415.34
13:56:12	15.964	15.624	15.561	16.498	15.843	16.004	415.42	415.34
13:57:12	15.963	15.624	15.567	16.489	15.843	16.004	415.42	415.34
13:58:12	15.964	15.625	15.569	16.436	15.843	16.005	415.42	415.34
13:59:12	15.964	15.624	15.565	16.392	15.841	16.004	415.42	415.34
14:00:12	15.965	15.624	15.563	16.357	15.843	16.004	415.42	415.34
14:01:12	15.961	15.625	15.555	16.334	15.843	16.006	415.42	415.34
14:02:12	15.962	15.624	15.554	16.321	15.844	16.006	415.42	415.34
14:03:12	15.962	15.624	15.553	16.311	15.842	16.006	415.42	415.34
14:04:12	15.964	15.624	15.55	16.3	15.843	16.005	415.42	415.34
14:05:12	15.963	15.623	15.547	16.289	15.843	16.005	415.42	415.34
14:06:12	15.962	15.624	15.543	16.279	15.844	16.006	415.42	415.34
14:07:12	15.962	15.625	15.543	16.269	15.845	16.006	415.42	415.34
14:08:12	15.964	15.623	15.543	16.267	15.845	16.005	415.42	415.34
14:09:12	15.963	15.625	15.547	16.26	15.844	16.005	415.42	415.34
14:10:12	15.961	15.626	15.543	16.256	15.845	16.007	415.42	415.34
14:11:12	15.963	15.625	15.537	16.267	15.845	16.006	415.42	415.34
14:12:12	15.964	15.625	15.542	16.275	15.844	16.006	415.42	415.34
14:13:12	15.961	15.628	15.538	16.269	15.845	16.007	415.42	415.34
14:14:12	15.962	15.624	15.537	16.28	15.844	16.006	415.42	415.34
14:15:12	15.963	15.625	15.538	16.32	15.845	16.006	415.42	415.34
14:16:12	15.961	15.627	15.544	16.37	15.845	16.005	415.42	415.34
14:17:12	15.964	15.622	15.549	16.407	15.844	16.006	415.42	415.34
14:18:12	15.962	15.624	15.56	16.536	15.841	16.005	415.42	415.34
14:19:12	15.966	15.622	15.572	16.905	15.841	16.006	415.42	415.34
14:20:12	15.962	15.623	15.596	17.16	15.842	16.005	415.42	415.34
14:21:12	15.963	15.623	15.609	17.179	15.845	16.004	415.42	415.34
14:22:12	15.962	15.623	15.597	16.856	15.842	16.005	415.42	415.34
14:23:12	15.961	15.62	15.589	16.64	15.84	16.004	415.42	415.34
14:24:12	15.961	15.624	15.582	16.513	15.844	16.005	415.42	415.34
14:25:12	15.962	15.622	15.574	16.436	15.846	16.006	415.42	415.34
14:26:12	15.962	15.623	15.568	16.397	15.843	16.005	415.42	415.34
14:27:12	15.963	15.622	15.564	16.378	15.84	16.005	415.42	415.34
14:28:12	15.962	15.623	15.562	16.348	15.84	16.005	415.42	415.34
14:29:12	15.962	15.622	15.558	16.33	15.84	16.004	415.42	415.34
14:30:12	15.962	15.623	15.558	16.314	15.842	16.004	415.42	415.34
14:31:12	15.962	15.622	15.555	16.301	15.845	16.007	415.42	415.34
14:32:12	15.963	15.623	15.551	16.292	15.846	16.004	415.42	415.34
14:33:12	15.961	15.623	15.55	16.282	15.843	16.004	415.42	415.34
14:34:12	15.961	15.62	15.554	16.275	15.844	16.005	415.42	415.34
14:35:12	15.961	15.621	15.556	16.271	15.842	16.003	415.42	415.34
14:36:12	15.961	15.621	15.55	16.269	15.839	16.004	415.42	415.34
14:37:12	15.961	15.62	15.545	16.296	15.84	16.004	415.42	415.34
14:38:12	15.962	15.619	15.544	16.302	15.838	16.004	415.42	415.34
14:39:12	15.962	15.619	15.544	16.293	15.84	16.004	415.42	415.34
14:40:12	15.962	15.619	15.544	16.287	15.84	16.003	415.42	415.34
14:41:12	15.961	15.619	15.541	16.298	15.841	16.003	415.42	415.34
14:42:12	15.961	15.619	15.545	16.339	15.841	16.003	415.42	415.34
14:43:13	15.962	15.619	15.55	16.432	15.839	16.004	415.42	415.34
14:44:12	15.963	15.619	15.559	16.634	15.84	16.004	415.42	415.34
14:45:12	15.962	15.619	15.623	16.709	15.841	16.004	415.42	415.34
14:46:12	15.962	15.618	15.633	16.802	15.842	16.004	415.42	415.34
14:47:12	15.96	15.618	15.636	16.693	15.841	16.002	415.42	415.34
14:48:12	15.961	15.618	15.653	16.584	15.841	16.004	415.42	415.34
14:49:12	15.96	15.62	15.647	16.621	15.843	16.004	415.42	415.34
14:50:12	15.962	15.619	15.624	16.65	15.841	16.005	415.42	415.34
14:51:12	15.961	15.62	15.637	16.804	15.845	16.004	415.42	415.34
14:52:12	15.961	15.619	15.684	16.921	15.845	16.004	415.42	415.34
14:53:12	15.961	15.619	15.714	16.895	15.843	16.004	415.42	415.34
14:54:12	15.961	15.619	15.731	16.849	15.839	16.004	415.42	415.34
14:55:12	15.96	15.618	15.727	16.848	15.84	16.005	415.42	415.34
14:56:12	15.96	15.618	15.727	16.865	15.84	16.003	415.42	415.34
14:57:12	15.96	15.617	15.708	16.863	15.839	16.004	415.42	415.34
14:58:12	15.961	15.619	15.681	17.038	15.839	16.004	415.42	415.34
14:59:12	15.961	15.618	15.683	16.872	15.839	16.005	415.42	415.34
15:00:12	15.96	15.616	15.65	16.689	15.841	16.004	415.42	415.34
15:01:12	15.96	15.618	15.63	16.571	15.838	16.003	415.42	415.34
15:02:12	15.96	15.618	15.618	16.495	15.84	16.004	415.42	415.34
15:03:12	15.96	15.617	15.609	16.444	15.842	16.003	415.42	415.34
15:04:12	15.96	15.617	15.6	16.42	15.842	16.003	415.42	415.34
15:05:12	15.96	15.616	15.597	16.399	15.841	16.005	415.42	415.34
15:06:12	15.96	15.617	15.595	16.382	15.842	16.004	415.42	415.34
15:07:12	15.96	15.617	15.59	16.366	15.842	16.003	415.42	415.34
15:08:12	15.96	15.616	15.587	16.349	15.838	16.004	415.42	415.34
15:09:12	15.96	15.617	15.582	16.335	15.838	16.005	415.42	415.34
15:10:12	15.959	15.617	15.58	16.324	15.84	16.003	415.42	415.34
15:11:12	15.96	15.616	15.576	16.315	15.842	16.003	415.42	415.34
15:12:12	15.96	15.616	15.573	16.304	15.839	16.005	415.42	415.34
15:13:12	15.959	15.615	15.574	16.301	15.843	16.002	415.42	415.34
15:14:12	15.959	15.615	15.572	16.297	15.842	16.004	415.42	415.34
15:15:12	15.959	15.616	15.571	16.291	15.84	16.003	415.42	415.34
15:16:12	15.96	15.615	15.565	16.301	15.837	16.004	415.42	415.34
15:17:12	15.959	15.614	15.564	16.298	15.838	16.004	415.42	415.34
15:18:12	15.959	15.614	15.561	16.296	15.839	16.003	415.42	415.34
15:19:12	15.96	15.614	15.561	16.301	15.84	16.004	415.42	415.34
15:20:12	15.959	15.614	15.563	16.369	15.839	16.004	415.42	415.34
15:21:12	15.959	15.615	15.567	16.536	15.842	16.003	415.42	415.34
15:22:12	15.959	15.616	15.579	16.602	15.841	16.002	415.42	415.34
15:23:12	15.96	15.615	15.585	16.531	15.839	16.005	415.42	415.34
15:24:12	15.96	15.615	15.583	16.453	15.842	16.003	415.42	415.34
15:25:12	15.96	15.615	15.581	16.402	15.841	16.003	415.42	415.34
15:26:12	15.959	15.615	15.582	16.365	15.839	16.004	415.42	415.34
15:27:12	15.958	15.615	15.575	16.356	15.84	16.004	415.42	415.34
15:28:12	15.959	15.614	15.569	16.348	15.839	16.004	415.42	415.34
15:29:12	15.96	15.615	15.566	16.329	15.838	16.003	415.42	415.34
15:30:12	15.958	15.614	15.563	16.314	15.842	16.004	415.42	415.34
15:31:12	15.959	15.614	15.561	16.3	15.845	16.003	415.42	415.34
15:32:12	15.959	15.615	15.556	16.29	15.841	16.004	415.42	415.34
15:33:12	15.958	15.615	15.553	16.274	15.841	16.004	415.42	415.34
15:34:12	15.959	15.616	15.557	16.269	15.843	16.004	415.42	415.34
15:35:12	15.959	15.615	15.559	16.264	15.841	16.004	415.42	415.34
15:36:12	15.958	15.616	15.561	16.263	15.84	16.004	415.42	415.34
15:37:12	15.959	15.616	15.549	16.262	15.84	16.004	415.42	415.34
15:38:13	15.959	15.616	15.55	16.278	15.842	16.003	415.42	415.34
15:39:12	15.959	15.616	15.548	16.279	15.842	16.003	415.42	415.34
15:40:12	15.958	15.614	15.548	16.28	15.841	16.004	415.42	415.34
15:41:12	15.959	15.616	15.547	16.276	15.842	16.004	415.42	415.34
15:42:12	15.959	15.615	15.543	16.274	15.842	16.002	415.42	415.34
15:43:13	15.959	15.614	15.545	16.315	15.841	16.002	415.42	415.34
15:44:12	15.958	15.614	15.549	16.341	15.841	16.002	415.42	415.34
15:45:12	15.958	15.613	15.582	16.4	15.84	16.002	415.42	415.34
15:46:12	15.961	15.614	15.606	16.413	15.839	16.002	415.42	415.34
15:47:12	15.957	15.613	15.633	16.433	15.84	16.002	415.42	415.34
15:48:12	15.958	15.611	15.628	16.477	15.839	16.002	415.42	415.34
15:49:12	15.959	15.612	15.605	16.74	15.84	16.002	415.42	415.34
15:50:12	15.959	15.613	15.619	16.726	15.843	16.002	415.42	415.34
15:51:12	15.958	15.613	15.643	16.641	15.842	16.002	415.42	415.34
15:52:12	15.958	15.611	15.676	16.62	15.844	16.003	415.42	415.34
15:53:12	15.958	15.613	15.685	16.563	15.844	16.004	415.42	415.34
15:54:12	15.959	15.613	15.692	16.585	15.84	16.003	415.42	415.34
15:55:12	15.959	15.613	15.7	16.588	15.841	16.003	415.42	415.34
15:56:12	15.958	15.613	15.707	16.668	15.841	16.004	415.42	415.34
15:57:12	15.959	15.614	15.72	16.718	15.839	16.003	415.42	415.34
15:58:12	15.958	15.613	15.682	16.788	15.842	16.003	415.42	415.34
15:59:12	15.958	15.614	15.696	16.76	15.841	16.002	415.42	415.34
16:00:12	15.958	15.612	15.736	16.756	15.84	16.002	415.42	415.34
16:01:12	15.958	15.613	15.718	16.789	15.838	16.002	415.42	415.34
16:02:12	15.957	15.612	15.735	16.67	15.837	16.002	415.42	415.34
16:03:12	15.958	15.612	15.744	16.623	15.839	16.003	415.42	415.34
16:04:12	15.958	15.612	15.727	16.665	15.84	16.003	415.42	415.34
16:05:12	15.958	15.612	15.739	16.717	15.84	16.003	415.42	415.34
16:06:12	15.958	15.613	15.762	16.742	15.838	16.002	415.42	415.34
16:07:12	15.957	15.613	15.695	16.79	15.838	16.003	415.42	415.34
16:08:12	15.958	15.612	15.724	16.893	15.838	16.002	415.42	415.34
16:09:12	15.958	15.611	15.689	16.891	15.837	16.002	415.42	415.34
16:10:12	15.956	15.611	15.695	16.918	15.837	16.002	415.42	415.34
16:11:12	15.958	15.61	15.697	16.985	15.837	16.001	415.42	415.34
16:12:12	15.957	15.611	15.752	16.862	15.836	16.001	415.42	415.34
16:13:12	15.957	15.61	15.716	16.8	15.836	16.002	415.42	415.34
16:14:12	15.957	15.61	15.712	16.732	15.837	16.001	415.42	415.34
16:15:12	15.957	15.611	15.67	16.603	15.837	16.002	415.42	415.34
16:16:12	15.956	15.61	15.648	16.518	15.839	16.003	415.42	415.34
16:17:12	15.957	15.611	15.631	16.465	15.838	16.002	415.42	415.34
16:18:12	15.956	15.611	15.62	16.426	15.838	16.001	415.42	415.34
16:19:12	15.956	15.61	15.609	16.402	15.837	16.001	415.42	415.34
16:20:12	15.957	15.609	15.604	16.384	15.837	16.002	415.42	415.34
16:21:12	15.957	15.609	15.602	16.369	15.837	16.002	415.42	415.34
16:22:12	15.957	15.609	15.598	16.357	15.837	16.001	415.42	415.34
16:23:12	15.956	15.609	15.596	16.351	15.838	16.001	415.42	415.34
16:24:12	15.956	15.61	15.592	16.342	15.837	16.002	415.42	415.34
16:25:12	15.955	15.61	15.59	16.328	15.838	16.001	415.42	415.34
16:26:12	15.956	15.61	15.586	16.316	15.836	16.001	415.42	415.34
16:27:12	15.957	15.61	15.584	16.306	15.836	16.001	415.42	415.34
16:28:12	15.957	15.61	15.584	16.304	15.835	16.001	415.42	415.34
16:29:12	15.956	15.61	15.59	16.304	15.834	16.001	415.42	415.34
16:30:12	15.955	15.61	15.58	16.298	15.838	16.001	415.42	415.34
16:31:12	15.956	15.61	15.575	16.308	15.841	16.002	415.42	415.34
16:32:12	15.957	15.609	15.571	16.309	15.838	16.002	415.42	415.34
16:33:12	15.956	15.61	15.572	16.305	15.84	16.002	415.42	415.34
16:34:12	15.957	15.61	15.572	16.298	15.84	16.001	415.42	415.34
16:35:12	15.956	15.609	15.571	16.302	15.839	16.001	415.42	415.34
16:36:12	15.956	15.609	15.572	16.396	15.839	16.002	415.42	415.34
16:37:12	15.956	15.61	15.578	16.566	15.837	16.0	415.42	415.34
16:38:12	15.956	15.61	15.596	16.736	15.837	16.001	415.42	415.34
16:39:12	15.956	15.609	15.596	16.59	15.837	16.002	415.42	415.34
16:40:12	15.956	15.609	15.591	16.49	15.838	16.001	415.42	415.34
16:41:12	15.956	15.609	15.59	16.422	15.836	16.001	415.42	415.34
16:42:12	15.956	15.609	15.584	16.378	15.836	16.0	415.42	415.34
16:43:12	15.957	15.608	15.575	16.366	15.836	16.001	415.42	415.34
16:44:12	15.956	15.609	15.574	16.355	15.835	16.002	415.42	415.34
16:45:12	15.957	15.607	15.571	16.337	15.835	16.002	415.42	415.34
16:46:12	15.955	15.609	15.569	16.32	15.836	16.002	415.42	415.34
16:47:12	15.957	15.61	15.568	16.303	15.841	16.002	415.42	415.34
16:48:12	15.955	15.61	15.563	16.292	15.84	15.999	415.42	415.34
16:49:12	15.956	15.61	15.561	16.282	15.84	16.001	415.42	415.34
16:50:12	15.957	15.611	15.56	16.28	15.839	16.001	415.42	415.34
16:51:12	15.955	15.61	15.558	16.273	15.839	16.001	415.42	415.34
16:52:12	15.955	15.61	15.554	16.268	15.837	16.001	415.42	415.34
16:53:12	15.956	15.61	15.564	16.271	15.837	16.001	415.42	415.34
16:54:12	15.957	15.609	15.563	16.266	15.837	16.001	415.42	415.34
16:55:12	15.957	15.61	15.553	16.269	15.836	16.0	415.42	415.34
16:56:12	15.957	15.609	15.547	16.281	15.839	16.0	415.42	415.34
16:57:12	15.956	15.609	15.546	16.275	15.838	16.001	415.42	415.34
16:58:12	15.956	0.0	15.547	16.272	15.836	16.001	415.42	415.34
16:59:12	15.956	15.608	15.547	16.27	15.836	16.001	415.42	415.34
17:00:12	15.956	15.609	15.545	16.263	15.838	16.001	415.42	415.34
17:01:12	15.956	15.608	15.542	16.262	15.836	15.999	415.42	415.34
17:02:12	15.956	15.608	15.563	16.284	15.837	16.001	415.42	415.34
17:03:12	15.956	15.607	15.593	16.359	15.838	16.001	415.42	415.34
17:04:12	15.955	15.606	15.615	16.532	15.835	15.998	415.42	415.34
17:05:12	15.956	15.606	15.644	16.763	15.836	16.0	415.42	415.34
17:06:12	15.955	15.607	15.672	16.843	15.836	15.999	415.42	415.34
17:07:12	15.955	15.607	15.668	16.962	15.836	16.0	415.42	415.34
17:08:12	15.955	15.607	15.686	16.889	15.835	15.999	415.42	415.34
17:09:12	15.955	15.606	15.656	16.935	15.833	15.999	415.42	415.34
17:10:12	15.955	15.606	15.691	16.921	15.836	16.001	415.42	415.34
17:11:12	15.955	15.606	15.718	16.838	15.835	15.999	415.42	415.34
17:12:12	15.954	15.606	15.722	16.903	15.835	15.999	415.42	415.34
17:13:12	15.954	15.607	15.727	16.936	15.836	16.0	415.42	415.34
17:14:12	15.954	15.606	15.67	17.044	15.834	15.999	415.42	415.34
17:15:13	15.953	15.607	15.655	17.316	15.835	15.998	415.42	415.34
17:16:12	15.954	15.605	15.675	17.355	15.835	15.999	415.42	415.34
17:17:12	15.954	15.605	15.714	17.071	15.834	15.999	415.42	415.34
17:18:12	15.955	15.605	15.701	16.869	15.835	15.998	415.42	415.34
17:19:12	15.955	15.605	15.66	16.685	15.835	16.0	415.42	415.34
17:20:12	15.954	15.605	15.637	16.568	15.836	15.999	415.42	415.34
17:21:12	15.953	15.605	15.625	16.496	15.833	15.998	415.42	415.34
17:22:12	15.953	15.604	15.61	16.447	15.833	15.997	415.42	415.34
17:23:12	15.954	15.605	15.605	16.419	15.834	15.998	415.42	415.34
17:24:12	15.954	15.603	15.603	16.401	15.834	15.998	415.42	415.34
17:25:12	15.954	15.605	15.6	16.383	15.835	15.998	415.42	415.34
17:26:12	15.954	15.605	15.598	16.369	15.834	15.997	415.42	415.34
17:27:12	15.953	15.605	15.594	16.356	15.833	16.0	415.42	415.34
17:28:12	15.953	15.606	15.592	16.349	15.834	15.999	415.42	415.34
17:29:12	15.953	15.605	15.585	16.338	15.833	15.999	415.42	415.34
17:30:12	15.953	15.604	15.582	16.322	15.833	16.0	415.42	415.34
17:31:12	15.954	15.604	15.578	16.316	15.836	15.998	415.42	415.34
17:32:12	15.952	15.604	15.581	16.309	15.835	15.998	415.42	415.34
17:33:12	15.952	15.603	15.581	16.306	15.836	15.999	415.42	415.34
17:34:12	15.953	15.603	15.576	16.309	15.836	15.998	415.42	415.34
17:35:12	15.953	15.605	15.574	16.332	15.836	15.998	415.42	415.34
17:36:12	15.954	15.605	15.572	16.327	15.835	15.999	415.42	415.34
17:37:12	15.952	15.604	15.571	16.324	15.833	15.998	415.42	415.34
17:38:12	15.952	15.604	15.569	16.317	15.834	15.999	415.42	415.34
17:39:12	15.951	15.603	15.572	16.347	15.834	15.999	415.42	415.34
17:40:12	15.952	15.605	15.575	16.397	15.836	16.0	415.42	415.34
17:41:12	15.952	15.605	15.583	16.415	15.838	16.0	415.42	415.34
17:42:12	15.953	15.604	15.581	16.395	15.837	15.999	415.42	415.34
17:43:12	15.953	15.606	15.578	16.37	15.838	15.999	415.42	415.34
17:44:12	15.953	15.606	15.578	16.349	15.84	16.0	415.42	415.34
17:45:12	15.953	15.606	15.573	16.332	15.841	16.0	415.42	415.34
17:46:12	15.953	15.605	15.567	16.324	15.84	16.0	415.42	415.34
17:47:12	15.953	15.607	15.563	16.316	15.837	16.001	415.42	415.34
17:48:12	15.952	15.607	15.56	16.306	15.837	15.999	415.42	415.34
17:49:12	15.953	15.605	15.559	16.297	15.834	15.999	415.42	415.34
17:50:12	15.953	15.606	15.556	16.289	15.835	15.999	415.42	415.34
17:51:12	15.953	15.604	15.555	16.28	15.833	15.997	415.42	415.34
17:52:12	15.952	15.604	15.562	16.279	15.832	15.998	415.42	415.34
17:53:12	15.952	15.604	15.56	16.276	15.833	15.997	415.42	415.34
17:54:12	15.953	15.603	15.553	16.29	15.835	15.998	415.42	415.34
17:55:12	15.952	15.603	15.55	16.297	15.834	15.998	415.42	415.34
17:56:12	15.952	15.602	15.554	16.292	15.834	15.999	415.42	415.34
17:57:12	15.953	15.602	15.551	16.3	15.833	15.998	415.42	415.34
17:58:12	15.953	15.603	15.554	16.365	15.835	15.999	415.42	415.34
17:59:12	15.952	15.602	15.559	16.429	15.835	15.998	415.42	415.34
18:00:12	15.952	15.603	15.566	16.472	15.834	16.0	415.42	415.34
18:01:12	15.952	15.602	15.575	16.466	15.833	15.997	415.42	415.34
18:02:12	15.952	15.603	15.572	16.419	15.833	15.998	415.42	415.34
18:03:12	15.951	15.603	15.568	16.38	15.836	15.998	415.42	415.34
18:04:12	15.953	15.604	15.565	16.351	15.835	15.999	415.42	415.34
18:05:12	15.952	15.604	15.56	16.335	15.835	16.0	415.42	415.34
18:06:12	15.952	15.604	15.559	16.328	15.834	15.998	415.42	415.34
18:07:12	15.952	15.604	15.556	16.32	15.835	15.999	415.42	415.34
18:08:12	15.952	15.603	15.554	16.309	15.835	15.999	415.42	415.34
18:09:12	15.951	15.603	15.553	16.291	0.0	15.999	415.42	415.34
18:10:12	15.951	15.603	15.551	16.281	15.834	15.998	415.42	415.34
18:11:12	15.951	15.603	15.549	16.275	15.836	15.997	415.42	415.34
18:12:12	15.951	15.602	15.553	16.272	15.837	15.998	415.42	415.34
18:13:12	15.951	15.601	15.548	16.27	15.837	15.998	415.42	415.34
18:14:12	15.952	15.603	15.543	16.27	15.836	15.998	415.42	415.34
18:15:12	15.951	15.601	15.544	16.291	15.836	15.998	415.42	415.34
18:16:12	15.951	15.601	15.542	16.295	15.838	15.999	415.42	415.34
18:17:12	15.951	15.601	15.54	16.288	15.836	15.999	415.42	415.34
18:18:12	15.95	15.601	15.544	16.313	15.838	15.998	415.42	415.34
18:19:12	15.949	15.6	15.548	16.398	15.837	15.996	415.42	415.34
18:20:12	15.951	15.601	15.552	16.438	15.835	15.997	415.42	415.34
18:21:12	15.95	15.601	15.561	16.437	15.835	15.998	415.42	415.34
18:22:12	15.95	15.6	15.561	16.4	15.835	15.998	415.42	415.34
18:23:12	15.951	15.599	15.559	16.364	15.836	15.998	415.42	415.34
18:24:12	15.95	15.6	15.556	16.337	15.834	15.998	415.42	415.34
18:25:12	15.95	15.6	15.55	16.317	15.834	15.996	415.42	415.34
18:26:12	15.951	15.598	15.545	16.314	15.833	15.995	415.42	415.34
18:27:12	15.949	15.597	15.545	16.304	15.835	15.996	415.42	415.34
18:28:12	15.95	15.6	15.541	16.291	15.835	15.999	415.42	415.34
18:29:12	15.95	15.602	15.543	16.285	15.834	15.998	415.42	415.34
18:30:12	15.95	15.599	15.541	16.283	15.835	15.998	415.42	415.34
18:31:12	15.95	15.602	15.546	16.279	15.836	15.999	415.42	415.34
18:32:12	15.947	15.601	15.546	16.275	15.835	15.999	415.42	415.34
18:33:12	15.95	15.601	15.539	16.275	15.834	15.999	415.42	415.34
18:34:12	15.949	15.6	15.538	16.292	15.835	15.999	415.42	415.34
18:35:12	15.949	15.601	15.538	16.288	15.833	15.997	415.42	415.34
18:36:12	15.949	15.601	15.537	16.282	15.837	15.998	415.42	415.34
18:37:12	15.949	15.599	15.533	16.285	15.834	15.995	415.42	415.34
18:38:12	0.0	15.597	15.537	16.307	15.833	15.993	415.42	415.34
18:39:12	15.948	15.596	15.538	16.323	15.832	15.994	415.42	415.34
18:40:12	15.947	15.596	15.547	16.337	15.832	15.993	415.42	415.34
18:41:12	15.948	15.594	15.542	16.322	15.832	15.994	415.42	415.34
18:42:12	15.946	15.595	15.545	16.308	15.832	15.994	415.42	415.34
18:43:12	15.948	15.595	15.543	16.293	15.832	15.996	415.42	415.34
18:44:12	15.946	15.593	15.539	16.285	15.833	15.995	415.42	415.34
18:45:12	15.95	15.594	15.536	16.286	15.832	15.994	415.42	415.34
18:46:12	15.946	15.595	15.532	16.278	15.832	15.994	415.42	415.34
18:47:12	15.945	15.595	15.531	16.274	15.833	15.996	415.42	415.34
18:48:12	15.948	15.597	15.528	16.266	15.831	15.995	415.42	415.34
18:49:12	15.947	15.594	15.526	16.262	15.83	15.994	415.42	415.34
18:50:12	15.949	15.596	15.526	16.254	15.831	15.996	415.42	415.34
18:51:12	15.95	15.597	15.528	16.248	15.831	15.996	415.42	415.34
18:52:12	15.945	15.595	15.531	16.245	15.831	15.995	415.42	415.34
18:53:12	15.948	15.593	15.533	16.244	15.831	15.995	415.42	415.34
18:54:12	15.949	15.595	15.522	16.246	15.83	15.994	415.42	415.34
18:55:12	15.947	15.591	15.523	16.246	15.831	15.994	415.42	415.34
18:56:12	15.948	15.597	15.52	16.251	15.83	15.997	415.42	415.34
18:57:12	15.946	15.594	15.519	16.251	15.832	15.994	415.42	415.34
18:58:12	15.945	15.593	15.516	16.26	15.83	15.995	415.42	415.34
18:59:12	15.943	15.593	15.523	16.305	15.832	15.996	415.42	415.34
19:00:12	15.944	15.595	15.523	16.336	15.835	15.996	415.42	415.34
19:01:12	15.942	15.595	15.58	16.356	15.835	15.996	415.42	415.34
19:02:12	15.946	15.593	15.581	16.437	15.831	15.995	415.42	415.34
19:03:12	15.945	15.593	15.625	16.615	15.83	15.992	415.42	415.34
19:04:12	15.945	15.589	15.603	16.794	15.827	15.992	415.42	415.34
19:05:12	15.943	15.592	15.605	16.827	15.83	15.995	415.42	415.34
19:06:12	15.944	15.591	15.613	16.743	15.829	15.994	415.42	415.34
19:07:12	15.944	15.591	15.647	16.677	15.828	15.994	415.42	415.34
19:08:13	15.944	15.589	15.661	16.604	15.825	15.992	415.42	415.34
19:09:12	0.0	15.588	15.652	16.551	15.827	15.991	415.42	415.34
19:10:12	15.942	15.584	15.663	16.515	15.824	15.99	415.42	415.34
19:11:12	15.94	15.587	15.652	16.51	15.823	15.988	415.42	415.34
19:12:12	15.942	15.582	15.66	16.564	15.824	15.99	415.42	415.34
19:13:12	15.943	15.585	15.679	16.753	15.826	15.991	415.42	415.34
19:14:12	15.94	15.585	15.69	16.759	15.827	15.991	415.42	415.34
19:15:12	15.942	15.586	15.677	16.702	15.826	15.992	415.42	415.34
19:16:12	15.943	15.588	15.706	16.811	15.828	15.992	415.42	415.34
19:17:12	15.942	15.586	15.722	16.928	15.828	15.993	415.42	415.34
19:18:12	15.941	15.587	15.727	17.003	15.827	15.994	415.42	415.34
19:19:12	15.942	15.587	15.724	16.869	15.826	15.992	415.42	415.34
19:20:12	15.942	15.586	15.683	16.773	15.829	15.995	415.42	415.34
19:21:12	15.942	15.588	15.637	16.611	15.829	15.993	415.42	415.34
19:22:12	15.941	15.588	15.615	16.511	15.83	15.995	415.42	415.34
19:23:12	15.942	15.587	15.605	16.444	15.828	15.994	415.42	415.34
19:24:12	15.942	15.586	15.594	16.404	15.826	15.994	415.42	415.34
19:25:12	15.942	15.586	15.583	16.38	15.826	15.993	415.42	415.34
19:26:12	15.942	15.586	15.579	16.36	15.825	15.993	415.42	415.34
19:27:12	15.942	15.587	15.578	16.349	15.825	15.993	415.42	415.34
19:28:12	15.942	15.587	15.572	16.331	15.827	15.993	415.42	415.34
19:29:12	15.942	15.586	15.568	16.322	15.824	15.992	415.42	415.34
19:30:12	15.94	15.583	15.567	16.309	15.827	15.991	415.42	415.34
19:31:12	15.938	15.584	15.561	16.296	15.828	15.993	415.42	415.34
19:32:12	15.941	15.583	15.565	16.29	15.826	15.993	415.42	415.34
19:33:12	0.0	15.583	15.57	16.291	15.827	15.994	415.42	415.34
19:34:12	15.941	15.584	15.562	16.293	15.825	15.992	415.42	415.34
19:35:12	15.94	15.583	15.557	16.307	15.825	15.991	415.42	415.34
19:36:12	15.94	15.583	15.555	16.307	15.823	15.991	415.42	415.34
19:37:12	15.94	15.58	15.555	16.302	15.822	15.989	415.42	415.34
19:38:12	15.939	15.581	15.555	16.317	15.822	15.991	415.42	415.34
19:39:12	15.94	15.582	15.56	16.365	15.826	15.991	415.42	415.34
19:40:12	15.939	15.582	15.558	16.39	15.826	15.991	415.42	415.34
19:41:12	15.938	15.58	15.567	16.4	15.824	15.991	415.42	415.34
19:42:12	15.938	15.581	15.567	16.386	15.823	15.989	415.42	415.34
19:43:12	15.939	15.58	15.567	16.36	15.823	15.99	415.42	415.34
19:44:12	15.937	15.58	15.561	16.341	0.0	15.99	415.42	415.34
19:45:12	15.939	15.579	15.559	16.324	15.824	15.989	415.42	415.34
19:46:12	15.937	15.58	15.554	16.323	15.826	15.99	415.42	415.34
19:47:12	15.937	15.579	15.552	16.319	15.826	15.992	415.42	415.34
19:48:12	15.94	15.583	15.552	16.304	15.825	15.991	415.42	415.34
19:49:12	15.937	15.584	15.547	16.296	15.824	15.991	415.42	415.34
19:50:12	15.937	15.58	15.551	16.288	15.824	15.992	415.42	415.34
19:51:12	15.937	15.582	15.547	16.274	15.823	15.991	415.42	415.34
19:52:12	15.938	15.581	15.545	16.272	15.823	15.991	415.42	415.34
19:53:12	15.938	15.581	15.544	16.267	15.823	15.992	415.42	415.34
19:54:12	15.936	15.582	15.543	16.265	15.823	15.992	415.42	415.34
19:55:12	15.938	15.583	15.538	16.281	15.827	15.991	415.42	415.34
19:56:12	15.938	15.582	15.539	16.292	15.827	15.993	415.42	415.34
19:57:12	15.938	15.583	15.569	16.274	15.826	15.993	415.42	415.34
19:58:12	15.938	15.584	15.588	16.268	15.827	15.995	415.42	415.34
19:59:14	15.938	15.582	15.593	16.256	15.825	15.993	415.42	415.34
20:00:12	15.938	15.583	15.594	16.245	15.823	15.993	415.42	415.34
20:01:12	15.937	15.586	15.598	16.254	15.824	15.991	415.42	415.34
20:02:12	15.937	15.582	15.607	16.352	15.821	15.99	415.42	415.34
20:03:12	15.938	15.58	15.616	16.47	15.821	15.99	415.42	415.34
20:04:12	15.938	15.58	15.643	16.607	15.822	15.991	415.42	415.34
20:05:12	15.937	15.574	15.655	16.628	15.824	15.991	415.42	415.34
20:06:14	15.936	15.576	15.668	16.614	15.825	15.994	415.42	415.34
20:07:12	15.936	15.579	15.669	16.522	15.824	15.993	415.42	415.34
20:08:12	15.935	15.579	15.697	16.582	15.824	15.992	415.42	415.34
20:09:12	15.936	15.579	15.702	16.532	15.825	15.989	415.42	415.34
20:10:12	15.936	15.578	15.671	16.504	15.825	15.991	415.42	415.34
20:11:12	15.935	15.579	15.681	16.476	15.825	15.991	415.42	415.34
20:12:12	15.935	15.579	15.682	16.452	15.823	15.99	415.42	415.34
20:13:12	15.936	15.575	15.672	16.436	15.823	15.989	415.42	415.34
20:14:12	15.936	15.575	15.675	16.444	15.821	15.989	415.42	415.34
20:15:12	15.936	15.574	15.697	16.483	15.82	15.989	415.42	415.34
20:16:12	15.935	15.573	15.679	16.448	15.822	15.99	415.42	415.34
20:17:12	15.935	15.574	15.704	16.462	15.822	15.989	415.42	415.34
20:18:12	15.935	15.576	15.681	16.562	15.823	15.991	415.42	415.34
20:19:12	15.935	15.577	15.704	16.736	15.825	15.992	415.42	415.34
20:20:12	15.935	15.577	15.668	16.805	15.826	15.993	415.42	415.34
20:21:12	15.935	15.578	15.7	16.954	15.824	15.993	415.42	415.34
20:22:12	15.935	15.578	15.687	17.058	15.823	15.991	415.42	415.34
20:23:12	15.936	15.579	15.722	17.033	15.824	15.992	415.42	415.34
20:24:12	15.935	15.579	15.749	16.967	15.824	15.992	415.42	415.34
20:25:12	15.934	15.579	15.736	16.904	15.823	15.989	415.42	415.34
20:26:12	15.935	15.578	15.724	16.911	15.822	15.988	415.42	415.34
20:27:13	15.934	15.577	15.733	16.976	15.822	15.989	415.42	415.34
20:28:12	15.934	15.578	15.723	17.033	15.823	15.988	415.42	415.34
20:29:12	15.934	15.578	15.749	16.898	15.822	15.99	415.42	415.34
20:30:12	15.934	15.578	15.7	16.72	15.823	15.991	415.42	415.34
20:31:12	15.935	15.578	15.656	16.586	15.822	15.991	415.42	415.34
20:32:12	15.933	15.577	15.633	16.503	15.82	15.991	415.42	415.34
20:33:12	15.933	15.574	15.626	16.452	15.82	15.991	415.42	415.34
20:34:12	15.934	15.575	15.614	16.419	15.821	15.989	415.42	415.34
20:35:12	15.934	15.575	15.605	16.397	15.82	15.99	415.42	415.34
20:36:12	15.935	15.575	15.605	16.38	15.821	15.988	415.42	415.34
20:37:12	15.934	15.576	15.603	16.366	15.823	15.989	415.42	415.34
20:38:12	15.934	15.575	15.595	16.354	15.822	15.991	415.42	415.34
20:39:12	15.933	15.574	15.589	16.352	15.822	15.992	415.42	415.34
20:40:12	15.933	15.575	15.588	16.341	15.82	15.991	415.42	415.34
20:41:12	15.933	15.575	15.587	16.336	15.823	15.992	415.42	415.34
20:42:12	15.934	15.575	15.585	16.328	15.823	15.991	415.42	415.34
20:43:12	15.935	15.578	15.581	16.322	15.823	15.991	415.42	415.34
20:44:12	15.935	15.58	15.579	16.316	15.823	15.992	415.42	415.34
20:45:12	15.935	15.579	15.585	16.311	15.823	15.99	415.42	415.34
20:46:12	15.935	15.579	15.583	16.302	15.822	15.99	415.42	415.34
20:47:12	15.935	15.579	15.577	16.3	15.824	15.991	415.42	415.34
20:48:12	15.935	15.58	15.579	16.297	15.825	15.992	415.42	415.34
20:49:12	15.935	15.579	15.571	16.291	15.824	15.991	415.42	415.34
20:50:12	15.935	15.579	15.566	16.286	15.823	15.99	415.42	415.34
20:51:12	15.934	15.579	15.563	16.281	15.823	15.991	415.42	415.34
20:52:12	15.934	15.58	15.565	16.278	15.822	15.991	415.42	415.34
20:53:13	15.935	15.579	15.563	16.276	15.82	15.992	415.42	415.34
20:54:12	15.935	15.579	15.555	16.28	15.821	15.993	415.42	415.34
20:55:12	15.935	15.579	15.551	16.284	15.822	15.994	415.42	415.34
20:56:12	15.934	15.58	15.549	16.282	15.822	15.993	415.42	415.34
20:57:12	15.934	15.579	15.552	16.276	15.823	15.993	415.42	415.34
20:58:12	15.935	15.58	15.551	16.27	15.821	15.993	415.42	415.34
20:59:12	15.934	15.581	15.55	16.264	15.822	15.992	415.42	415.34
21:00:12	15.934	15.58	15.549	16.257	15.823	15.992	415.42	415.34
21:01:12	15.933	15.579	15.579	16.24	15.824	15.992	415.42	415.34
21:02:12	15.933	15.578	15.592	16.233	15.825	15.992	0.0	415.34
21:03:12	15.933	15.579	15.595	16.232	15.826	15.991	415.42	415.34
21:04:12	15.934	15.579	15.597	16.229	15.825	15.991	415.42	415.34
21:05:12	15.934	15.577	15.6	16.228	15.824	15.991	415.42	415.34
21:06:12	15.933	15.577	15.602	16.23	15.828	15.992	415.42	415.34
21:07:12	15.932	15.577	15.597	16.229	15.828	15.991	415.42	415.34
21:08:12	15.932	15.577	15.593	16.224	15.826	15.989	415.42	415.34
21:09:12	15.934	15.577	15.597	16.224	15.827	15.989	415.42	415.34
21:10:12	15.933	15.577	15.6	16.231	15.827	15.991	415.42	415.34
21:11:12	15.933	15.577	15.605	16.239	15.823	15.991	415.42	415.34
21:12:12	15.932	15.577	15.607	16.253	15.823	15.99	415.42	415.34
21:13:12	15.933	15.579	15.601	16.281	15.824	15.991	415.42	415.34
21:14:12	15.932	15.579	15.612	16.3	15.826	15.991	415.42	415.34
21:15:12	15.932	15.578	15.606	16.311	15.825	15.991	415.42	415.34
21:16:12	15.932	15.578	15.613	16.33	15.822	15.99	415.42	415.34
21:17:12	15.933	15.578	15.62	16.365	15.824	15.991	415.42	415.34
21:18:12	15.931	15.579	15.638	16.365	15.825	15.992	415.42	415.34
21:19:12	15.932	15.579	15.627	16.402	15.827	15.992	415.42	415.34
21:20:12	15.933	15.581	15.649	16.429	15.828	15.994	415.42	415.34
21:21:13	15.933	15.581	15.656	16.458	15.828	15.993	415.42	415.34
21:22:12	15.933	15.581	15.65	16.666	15.827	15.993	415.42	415.34
21:23:12	15.933	15.581	15.64	16.863	15.828	15.994	415.42	415.34
21:24:12	15.933	15.581	15.625	16.81	15.829	15.994	415.42	415.34
21:25:12	15.933	15.582	15.657	16.775	15.827	15.995	415.42	415.34
21:26:12	15.933	15.58	15.652	16.734	15.827	15.993	415.42	415.34
21:27:12	15.932	15.58	15.677	16.711	15.824	15.991	415.42	415.34
21:28:12	15.933	15.581	15.727	16.7	15.827	15.993	415.42	415.34
21:29:12	15.933	15.579	15.735	16.61	15.828	15.993	415.42	415.34
21:30:12	15.933	15.58	15.689	16.619	15.827	15.992	415.42	415.34
21:31:12	15.934	15.579	15.687	16.625	15.825	15.992	415.42	415.34
21:32:12	15.935	15.58	15.72	16.679	15.825	15.994	415.42	415.34
21:33:12	15.934	15.58	15.716	16.659	15.826	15.994	415.42	415.34
21:34:12	15.933	15.58	15.734	16.656	15.829	15.995	415.42	415.34
21:35:12	15.934	15.582	15.722	16.589	15.829	15.994	415.42	415.34
21:36:12	15.934	15.583	15.738	16.584	15.83	15.996	415.42	415.34
21:37:13	15.934	15.584	15.697	16.746	15.831	15.995	415.42	415.34
21:38:12	0.0	15.585	15.728	16.903	15.835	15.995	415.42	415.34
21:39:12	15.934	15.584	15.715	16.85	15.833	15.994	415.42	415.34
21:40:12	15.933	15.583	15.7	16.785	15.831	15.993	415.42	415.34
21:41:12	15.933	15.581	15.654	16.629	15.827	15.992	415.42	415.34
21:42:12	15.933	15.58	15.627	16.519	15.827	15.993	415.42	415.34
21:43:12	15.933	15.58	15.614	16.453	15.825	15.99	415.42	415.34
21:44:12	15.933	15.578	15.606	16.416	15.827	15.992	415.42	415.34
21:45:12	15.933	15.578	15.6	16.393	15.827	15.991	415.42	415.34
21:46:12	15.933	15.578	15.594	16.383	15.825	15.991	415.42	415.34
21:47:12	15.933	15.578	15.591	16.365	15.824	15.992	415.42	415.34
21:48:12	15.932	15.577	15.588	16.347	15.829	15.993	415.42	415.34
21:49:12	15.932	15.578	15.583	16.339	15.829	15.992	415.42	415.34
21:50:12	15.933	15.579	15.58	16.333	15.828	15.993	415.42	415.34
21:51:12	15.932	15.579	15.576	16.32	15.828	15.993	415.42	415.34
21:52:12	15.933	15.58	15.575	16.315	15.829	15.993	415.42	415.34
21:53:12	15.932	15.579	15.576	16.307	15.83	15.993	415.42	415.34
21:54:12	15.932	15.579	15.578	16.297	15.829	15.995	415.42	415.34
21:55:12	15.934	15.58	15.573	16.296	15.828	15.994	415.42	415.34
21:56:12	15.933	15.581	15.57	16.324	15.828	15.995	415.42	415.34
21:57:12	15.933	15.582	15.569	16.338	15.826	15.994	415.42	415.34
21:58:12	15.933	15.582	15.569	16.325	15.827	15.994	415.42	415.34
21:59:12	15.934	15.581	15.567	16.313	15.829	15.996	415.42	415.34
22:00:12	15.934	15.582	15.565	16.302	15.83	15.996	415.42	415.34
22:01:12	15.934	15.582	15.563	16.294	15.831	15.994	415.42	415.34
22:02:12	15.934	15.581	15.564	16.285	15.829	15.995	415.42	415.34
22:03:12	15.934	15.582	15.593	16.27	15.827	15.995	415.42	415.34
22:04:12	15.935	15.582	15.616	16.262	15.827	15.994	415.42	415.34
22:05:12	15.933	15.58	15.619	16.252	15.825	15.993	415.42	415.34
22:06:12	15.934	15.58	15.621	16.244	15.827	15.993	415.42	415.34
22:07:12	15.933	15.58	15.623	16.242	15.825	15.994	415.42	415.34
22:08:12	15.932	15.579	15.625	16.256	15.828	15.993	415.42	415.34
22:09:12	15.933	15.58	15.623	16.251	15.828	15.994	415.42	415.34
22:10:12	15.933	15.58	15.634	16.287	15.831	15.995	415.42	415.34
22:11:12	15.933	15.58	15.643	16.429	15.833	15.994	415.42	415.34
22:12:12	15.933	15.581	15.682	16.527	15.832	15.995	415.42	415.34
22:13:12	15.934	15.582	15.686	16.573	15.83	15.996	415.42	415.34
22:14:12	15.933	15.582	15.677	16.521	15.829	15.995	415.42	415.34
22:15:12	15.933	15.58	15.685	16.47	15.829	15.995	415.42	415.34
22:16:12	15.933	15.581	15.696	16.485	15.83	15.994	415.42	415.34
22:17:12	15.933	15.582	15.714	16.495	15.829	15.995	415.42	415.34
22:18:12	15.933	15.582	15.698	16.498	15.83	15.996	415.42	415.34
22:19:12	15.933	15.582	15.704	16.504	15.829	15.995	415.42	415.34
22:20:12	15.933	15.582	15.691	16.538	15.828	15.995	415.42	415.34
22:21:12	15.933	15.581	15.702	16.537	15.829	15.994	415.42	415.34
22:22:12	15.933	15.582	15.702	16.528	15.83	15.995	415.42	415.34
22:23:12	15.933	15.582	15.711	16.612	15.829	15.994	415.42	415.34
22:24:12	15.933	15.582	15.726	16.685	15.827	15.994	415.42	415.34
22:25:12	15.932	15.582	15.727	16.825	15.828	15.994	415.42	415.34
22:26:12	15.933	15.581	15.774	16.834	15.83	15.995	415.42	415.34
22:27:12	15.934	15.58	15.767	16.742	15.829	15.994	415.42	415.34
22:28:12	15.933	15.582	15.774	16.688	15.829	15.996	415.42	415.34
22:29:12	15.933	15.582	15.747	16.603	15.83	15.996	415.42	415.34
22:30:12	15.933	15.583	15.764	16.578	15.829	15.995	415.42	415.34
22:31:12	15.933	15.581	15.775	16.573	15.829	15.995	415.42	415.34
22:32:12	15.933	15.581	15.75	16.64	15.827	15.993	415.42	415.34
22:33:12	15.933	15.581	15.75	16.709	15.832	15.995	415.42	415.34
22:34:12	15.933	15.582	15.759	16.822	15.831	15.996	415.42	415.34
22:35:12	15.934	15.583	15.757	16.731	15.83	15.994	415.42	415.34
22:36:12	15.934	15.582	15.755	16.656	15.831	15.995	415.42	415.34
22:37:12	15.932	15.581	15.74	16.592	15.83	15.996	415.42	415.34
22:38:12	15.933	15.582	15.742	16.574	15.83	15.994	415.42	415.34
22:39:12	15.932	15.582	15.749	16.603	15.828	15.995	415.42	415.34
22:40:12	15.933	15.582	15.733	16.582	15.829	15.994	415.42	415.34
22:41:12	15.934	15.582	15.733	16.583	15.832	15.995	415.42	415.34
22:42:12	15.933	15.583	15.757	16.59	15.834	15.995	415.42	415.34
22:43:12	15.932	15.582	15.754	16.557	15.832	15.995	415.42	415.34
22:44:12	15.934	15.582	15.776	16.504	15.83	15.994	415.42	415.34
22:45:12	15.932	15.581	15.786	16.66	15.829	15.995	415.42	415.34
22:46:12	15.934	15.583	15.806	16.767	15.83	15.995	415.42	415.34
22:47:12	15.933	15.583	15.786	16.726	15.828	15.994	415.42	415.34
22:48:12	15.933	15.582	15.714	16.612	15.828	15.995	415.42	415.34
22:49:12	15.933	15.583	15.669	16.516	15.832	15.997	415.42	415.34
22:50:12	15.934	15.583	15.649	16.453	15.833	15.996	415.42	415.34
22:51:12	15.933	15.583	15.635	16.411	15.831	15.996	415.42	415.34
22:52:12	15.934	15.583	15.62	16.388	15.83	15.996	415.42	415.34
22:53:12	15.934	15.584	15.615	16.377	15.829	15.996	415.42	415.34
22:54:12	15.933	15.583	15.614	16.362	15.829	15.995	415.42	415.34
22:55:12	15.935	15.583	15.608	16.353	15.827	15.996	415.42	415.34
22:56:12	15.934	15.584	15.603	16.341	15.829	15.996	415.42	415.34
22:57:12	15.935	15.584	15.6	16.333	15.827	15.995	415.42	415.34
22:58:12	15.935	15.583	15.594	16.321	15.828	15.995	415.42	415.34
22:59:12	15.933	15.583	15.589	16.317	15.827	15.994	415.42	415.34
23:00:12	15.935	15.584	15.588	16.307	15.829	15.994	415.42	415.34
23:01:12	15.934	15.584	15.591	16.3	15.831	15.996	415.42	415.34
23:02:12	15.934	15.584	15.592	16.297	15.83	15.995	415.42	415.34
23:03:12	15.934	15.583	15.585	16.303	15.829	15.995	415.42	415.34
23:04:12	15.935	15.583	15.579	16.316	15.827	15.994	415.42	415.34
23:05:12	15.934	15.582	15.577	16.317	15.827	15.993	415.42	415.34
23:06:12	15.934	15.582	15.574	16.31	15.828	15.995	415.42	415.34
23:07:12	15.934	15.583	15.573	16.302	15.827	15.995	415.42	415.34
23:08:12	15.935	15.583	15.571	16.292	15.829	15.996	415.42	415.34
23:09:12	15.935	15.583	15.569	16.29	15.828	15.996	415.42	415.34
23:10:12	15.935	15.583	15.574	16.279	15.828	15.996	415.42	415.34
23:11:12	15.935	15.583	15.609	16.265	15.827	15.995	415.42	415.34
23:12:12	15.935	15.585	15.626	16.253	15.828	15.995	415.42	415.34
23:13:12	15.934	15.582	15.63	16.246	15.83	15.994	415.42	415.34
23:14:12	15.934	15.584	15.633	16.247	15.829	15.996	415.42	415.34
23:15:12	15.935	15.584	15.628	16.248	15.83	15.994	415.42	415.34
23:16:12	15.935	15.584	15.624	16.246	15.832	15.994	415.42	415.34
23:17:12	15.935	15.583	15.631	16.248	15.831	15.996	415.42	415.34
23:18:12	15.935	15.583	15.632	16.249	15.829	15.996	415.42	415.34
23:19:12	15.935	15.585	15.631	16.251	15.832	15.996	415.42	415.34
23:20:12	15.936	15.584	15.634	16.264	15.834	15.996	415.42	415.34
23:21:12	15.935	15.584	15.639	16.311	15.833	15.998	415.42	415.34
23:22:12	15.935	15.586	15.642	16.513	15.831	15.997	415.42	415.34
23:23:12	15.933	15.586	15.647	16.772	15.83	15.996	415.42	415.34
23:24:12	15.936	15.587	15.655	16.921	15.832	15.997	415.42	415.34
23:25:12	15.935	15.586	15.697	17.07	15.83	15.996	415.42	415.34
23:26:12	15.935	15.588	15.736	17.045	15.829	15.996	415.42	415.34
23:27:12	15.936	15.587	15.76	17.041	15.832	15.997	415.42	415.34
23:28:12	15.935	15.587	15.702	16.857	15.833	15.997	415.42	415.34
23:29:12	15.936	15.588	15.657	16.666	15.835	15.996	415.42	415.34
23:30:12	15.935	15.588	15.636	16.548	15.837	15.997	415.42	415.34
23:31:12	15.935	15.588	15.624	16.477	15.833	15.997	415.42	415.34
23:32:12	15.935	15.587	15.614	16.431	15.834	15.997	415.42	415.34
23:33:12	15.936	15.589	15.608	16.415	15.833	15.995	415.42	415.34
23:34:12	15.936	15.588	15.605	16.394	15.832	15.997	415.42	415.34
23:35:12	15.936	15.588	15.602	16.378	15.833	15.995	415.42	415.34
23:36:12	15.935	15.589	15.596	16.36	15.834	15.996	415.42	415.34
23:37:12	15.935	15.588	15.598	16.35	15.832	15.997	415.42	415.34
23:38:12	15.936	15.589	15.593	16.338	15.832	15.999	415.42	415.34
23:39:12	15.935	15.588	15.59	16.325	15.832	15.997	415.42	415.34
23:40:12	15.935	15.588	15.588	16.319	15.831	15.996	415.42	415.34
23:41:12	15.936	15.589	15.582	16.308	15.831	15.997	415.42	415.34
23:42:12	15.936	15.588	15.579	16.301	15.832	15.997	415.42	415.34
23:43:12	15.936	15.587	15.574	16.294	15.831	15.997	415.42	415.34
23:44:12	15.935	15.587	15.575	16.293	15.83	15.996	415.42	415.34
23:45:12	15.937	15.587	15.576	16.29	15.833	15.997	415.42	415.34
23:46:12	15.936	15.588	15.568	16.289	15.833	15.996	415.42	415.34
23:47:12	15.936	15.588	15.57	16.322	15.833	15.997	415.42	415.34
23:48:12	15.936	15.589	15.582	16.314	15.833	15.998	415.42	415.34
23:49:12	15.937	15.588	15.617	16.306	15.832	15.997	415.42	415.34
23:50:12	15.937	15.589	15.638	16.303	15.834	15.997	415.42	415.34
23:51:12	15.937	15.588	15.647	16.298	15.835	15.997	415.42	415.34
23:52:12	15.937	15.589	15.651	16.295	15.835	15.996	415.42	415.34
23:53:12	15.937	15.59	15.647	16.284	15.834	15.997	415.42	415.34
23:54:12	15.937	15.59	15.641	16.283	15.836	15.997	415.42	415.34
23:55:12	15.937	15.59	15.635	16.285	15.834	15.998	415.42	415.34
23:56:12	15.937	15.59	15.634	16.284	15.833	15.998	415.42	415.34
23:57:12	15.937	15.591	15.64	16.275	15.832	15.998	415.42	415.34
23:58:12	15.937	15.59	15.636	16.276	15.833	15.996	415.42	415.34
23:59:12	15.937	15.591	15.633	16.272	15.832	15.998	415.42	415.34
