00:00:13	0.0	20.084	19.962	20.507	20.2	20.373	415.42	415.34
00:01:13	20.436	20.083	20.037	20.729	20.2	20.373	415.42	415.34
00:03:18	0.0	20.082	20.102	20.909	20.198	20.373	415.42	415.34
00:04:18	20.436	20.082	20.119	20.938	20.199	20.372	415.42	415.34
00:05:43	20.435	20.082	20.134	20.968	20.2	20.371	415.42	415.34
00:06:47	20.436	20.083	20.12	20.829	0.0	20.373	415.42	415.34
00:07:47	20.436	20.083	19.992	20.471	20.199	20.372	415.42	415.34
00:08:47	20.435	20.083	19.967	20.533	20.198	20.372	415.42	415.34
00:09:52	20.435	20.082	20.045	20.74	20.198	20.373	415.42	415.34
00:10:52	20.435	20.082	20.086	20.846	20.198	20.372	415.42	415.34
00:12:16	20.436	20.082	20.122	20.924	20.198	20.371	415.42	415.34
00:13:16	20.437	20.083	20.141	20.953	20.199	20.372	415.42	415.34
00:14:17	20.435	20.083	20.149	20.973	20.198	20.373	415.42	415.34
00:15:16	20.436	20.083	20.151	20.875	20.199	20.372	415.42	415.34
00:17:02	20.436	20.083	19.911	20.362	20.198	20.372	415.42	415.34
00:18:02	20.434	20.083	19.952	20.48	20.198	20.372	415.42	415.34
00:19:02	20.435	20.081	20.026	20.697	20.198	20.372	415.42	415.34
00:20:07	20.434	20.082	20.07	20.836	20.198	20.372	415.42	415.34
00:21:07	20.435	20.082	20.099	20.906	20.199	20.37	415.42	415.34
00:22:07	20.435	20.081	20.116	20.944	20.198	20.37	415.42	415.34
00:23:07	20.435	20.082	20.135	20.962	20.199	20.372	415.42	415.34
00:24:22	20.434	20.081	20.149	20.982	20.199	20.373	415.42	415.34
00:25:22	20.435	20.083	20.069	20.725	20.199	20.371	415.42	415.34
00:26:22	20.435	20.084	19.965	20.396	20.199	20.372	415.42	415.34
00:27:22	20.435	20.083	19.889	20.217	20.198	20.372	415.42	415.34
00:28:47	20.434	20.083	19.96	20.46	20.198	20.371	415.42	415.34
00:29:47	20.433	20.083	20.021	20.666	20.197	20.372	415.42	415.34
00:30:47	20.434	20.083	20.063	20.805	20.197	20.371	415.42	415.34
00:31:47	20.433	20.082	20.089	20.889	20.197	20.371	415.42	415.34
00:32:47	20.434	20.082	20.105	20.927	20.198	20.371	415.42	415.34
00:34:11	20.434	20.082	20.126	20.959	20.198	20.371	415.42	415.34
00:35:11	20.433	20.081	20.134	20.877	20.198	20.372	415.42	415.34
00:36:11	20.433	20.081	19.985	20.613	20.197	20.371	415.42	415.34
00:37:11	20.432	20.081	19.981	20.576	20.196	20.37	415.42	415.34
00:38:11	20.434	20.081	20.047	20.764	20.198	20.37	415.42	415.34
00:39:36	20.434	20.081	20.11	20.912	20.198	20.371	415.42	415.34
00:40:38	20.434	20.08	20.138	20.98	20.198	20.371	415.42	415.34
00:41:36	20.432	20.08	20.16	21.031	20.197	20.372	415.42	415.34
00:42:36	20.433	20.082	20.182	21.066	20.197	20.372	415.42	415.34
00:43:37	20.432	20.083	20.197	21.041	20.198	20.372	415.42	415.34
00:45:01	20.432	20.08	20.038	20.471	20.198	20.372	415.42	415.34
00:46:01	20.433	20.08	19.95	20.327	20.197	20.37	415.42	415.34
00:47:01	20.432	20.081	19.865	20.201	20.198	20.371	415.42	415.34
00:48:01	20.433	20.081	19.925	20.39	20.198	20.372	415.42	415.34
00:49:06	20.433	20.081	20.016	20.658	20.198	20.37	415.42	415.34
00:50:07	20.432	20.082	20.071	20.832	20.198	20.371	415.42	415.34
00:51:07	20.433	20.082	20.107	20.93	20.198	20.37	415.42	415.34
00:52:07	20.433	20.081	20.136	20.981	20.198	20.37	415.42	415.34
00:53:07	20.432	20.082	20.156	21.011	20.197	20.37	415.42	415.34
00:54:11	20.432	20.081	20.166	21.028	20.199	20.371	415.42	415.34
00:55:11	20.433	20.082	20.068	20.675	20.196	20.37	415.42	415.34
00:56:16	20.433	20.082	19.935	20.433	20.198	20.371	415.42	415.34
00:57:16	20.432	20.081	20.004	20.641	20.198	20.371	415.42	415.34
00:58:16	20.432	20.082	20.072	20.816	20.198	20.372	415.42	415.34
00:59:16	20.432	20.083	20.116	20.917	20.198	20.37	415.42	415.34
01:00:16	20.432	20.083	20.14	20.962	20.197	20.371	415.42	415.34
01:01:16	20.432	20.083	20.154	20.99	20.198	20.373	415.42	415.34
01:02:21	20.432	20.083	20.17	21.012	20.197	20.37	415.42	415.34
01:03:21	20.433	20.083	20.132	20.776	20.198	20.371	415.42	415.34
01:04:21	20.431	20.083	19.982	20.431	20.197	20.372	415.42	415.34
01:05:21	20.431	20.083	19.94	20.401	20.198	20.372	415.42	415.34
01:06:21	20.433	20.084	20.026	20.654	20.198	20.372	415.42	415.34
01:07:29	20.432	20.084	20.087	20.837	20.198	20.373	415.42	415.34
01:08:29	20.433	20.084	20.12	20.913	20.198	20.372	415.42	415.34
01:09:29	20.432	20.085	20.144	20.955	20.198	20.372	415.42	415.34
01:10:29	20.432	20.087	20.158	20.984	20.198	20.372	415.42	415.34
01:11:29	20.432	20.086	20.174	21.007	20.2	20.372	415.42	415.34
01:12:29	20.433	20.086	20.107	20.733	20.199	20.37	415.42	415.34
01:13:33	20.432	20.085	19.905	20.354	20.197	20.37	415.42	415.34
01:14:33	20.433	20.085	19.888	20.425	20.197	20.371	415.42	415.34
01:15:33	20.433	20.086	20.002	20.665	20.198	20.372	415.42	415.34
01:16:33	20.432	20.086	20.068	20.808	20.199	20.372	415.42	415.34
01:17:33	20.432	20.087	20.098	20.895	20.199	20.372	415.42	415.34
01:18:38	20.433	20.085	20.124	20.945	20.2	20.373	415.42	415.34
01:19:38	20.433	20.087	20.143	20.974	20.198	20.372	415.42	415.34
01:20:38	20.432	20.087	20.154	20.992	20.2	20.372	415.42	415.34
01:21:38	20.433	20.088	20.156	20.834	20.2	20.373	415.42	415.34
01:22:38	20.433	20.087	20.008	20.528	20.2	20.373	415.42	415.34
01:23:38	20.432	20.088	19.993	20.554	20.201	20.373	415.42	415.34
01:24:43	20.432	20.088	20.068	20.767	20.201	20.373	415.42	415.34
01:25:43	20.433	20.087	20.105	20.871	20.2	20.373	415.42	415.34
01:26:43	20.433	20.089	20.132	20.925	20.201	20.372	415.42	415.34
01:27:43	20.432	20.089	20.149	20.96	20.202	20.374	415.42	415.34
01:28:43	20.433	20.089	20.16	20.982	20.201	20.374	415.42	415.34
01:29:48	20.432	20.089	20.17	20.971	20.203	20.374	415.42	415.34
01:30:48	20.432	20.088	20.05	20.602	20.202	20.374	415.42	415.34
01:31:48	20.433	20.088	19.938	20.427	20.201	20.374	415.42	415.34
01:32:48	20.433	20.088	19.989	20.555	20.202	20.373	415.42	415.34
01:33:49	20.431	20.088	20.056	20.748	20.201	20.372	415.42	415.34
01:34:48	20.432	20.089	20.096	20.862	20.202	20.373	415.42	415.34
01:35:53	20.433	20.089	20.124	20.922	20.203	20.374	415.42	415.34
01:36:53	20.433	20.09	20.138	20.955	20.202	20.374	415.42	415.34
01:37:53	20.432	20.09	20.153	20.976	20.2	20.374	415.42	415.34
01:38:53	20.432	20.089	20.168	20.963	20.202	20.372	415.42	415.34
01:39:53	20.433	20.089	20.067	20.758	20.201	20.372	415.42	415.34
01:40:58	20.433	20.089	19.991	20.516	20.202	20.372	415.42	415.34
01:41:58	20.433	20.089	20.041	20.649	20.203	20.371	415.42	415.34
01:42:58	20.432	20.089	20.094	20.812	20.202	20.373	415.42	415.34
01:43:58	20.432	20.089	20.126	20.894	20.201	20.372	415.42	415.34
01:44:59	20.433	20.089	20.144	20.938	20.202	20.372	415.42	415.34
01:45:58	20.433	20.088	20.158	20.963	20.202	20.372	415.42	415.34
01:47:02	20.433	20.088	20.167	20.985	20.199	20.372	415.42	415.34
01:48:02	20.433	20.087	20.166	20.896	20.201	20.372	415.42	415.34
01:49:02	20.433	20.088	20.05	20.567	20.2	20.372	415.42	415.34
01:50:02	20.433	20.087	19.962	20.409	20.2	20.372	415.42	415.34
01:51:03	20.432	20.088	20.018	20.602	20.199	20.372	415.42	415.34
01:52:07	20.433	20.088	20.087	20.789	20.199	20.372	415.42	415.34
01:53:07	20.433	20.087	20.12	20.883	20.2	20.373	415.42	415.34
01:54:07	20.433	20.089	20.14	20.925	20.2	20.373	415.42	415.34
01:55:07	20.433	20.088	20.157	20.953	20.2	20.374	415.42	415.34
01:56:08	20.432	20.088	20.165	20.975	20.199	20.372	415.42	415.34
01:57:07	20.433	20.088	20.154	20.902	20.2	20.372	415.42	415.34
01:58:12	20.434	20.088	20.03	20.601	20.198	20.373	415.42	415.34
01:59:12	20.432	20.088	19.986	20.455	20.199	20.372	415.42	415.34
02:00:12	20.433	20.088	20.039	20.609	20.2	20.373	415.42	415.34
02:01:12	20.432	20.089	20.088	20.776	20.199	20.372	415.42	415.34
02:02:12	20.433	20.089	20.115	20.867	20.202	20.373	415.42	415.34
02:03:20	20.432	20.089	20.141	20.924	20.201	20.374	415.42	415.34
02:04:20	20.432	20.09	20.153	20.953	20.201	20.373	415.42	415.34
02:05:20	20.433	20.09	20.166	20.974	20.202	20.374	415.42	415.34
02:06:20	20.432	20.091	20.128	20.774	20.203	20.374	415.42	415.34
02:07:20	20.432	20.091	19.963	20.404	20.201	20.373	415.42	415.34
02:08:20	20.433	20.091	19.86	20.325	20.202	20.372	415.42	415.34
02:09:24	20.433	20.092	19.974	20.57	20.203	20.373	415.42	415.34
02:10:24	20.433	20.092	20.045	20.756	20.204	20.373	415.42	415.34
02:11:24	20.433	20.092	20.085	20.847	20.204	20.373	415.42	415.34
02:12:25	20.433	20.092	20.108	20.907	20.202	20.373	415.42	415.34
02:13:25	20.434	20.092	20.124	20.938	20.203	20.374	415.42	415.34
02:14:30	20.434	20.091	20.137	20.959	20.203	20.373	415.42	415.34
02:15:30	20.433	20.091	20.129	20.838	20.205	20.374	415.42	415.34
02:16:30	20.433	20.091	19.974	20.412	20.203	20.374	415.42	415.34
02:17:31	20.433	20.091	19.931	20.432	20.201	20.372	415.42	415.34
02:18:30	0.0	20.09	20.022	20.669	20.202	20.373	415.42	415.34
02:19:30	20.433	20.091	20.069	20.826	20.201	20.372	415.42	415.34
02:20:40	20.433	20.091	20.106	20.896	20.2	20.372	415.42	415.34
02:21:40	20.434	20.091	20.126	20.939	20.2	20.371	415.42	415.34
02:22:40	20.433	20.091	20.143	20.97	20.2	20.373	415.42	415.34
02:23:40	20.433	20.089	20.155	20.976	20.2	20.372	415.42	415.34
02:24:41	20.432	20.09	20.046	20.553	20.199	20.373	415.42	415.34
02:25:45	20.433	20.09	19.905	20.278	20.2	20.371	415.42	415.34
02:26:45	20.433	20.089	19.948	20.474	20.199	20.372	415.42	415.34
02:27:45	20.433	20.091	20.029	20.704	20.199	20.371	415.42	415.34
02:28:45	20.433	20.09	20.074	20.829	20.199	20.372	415.42	415.34
02:29:45	20.432	20.09	20.106	20.907	20.199	20.372	415.42	415.34
02:30:45	20.433	20.088	20.123	20.941	20.199	20.371	415.42	415.34
02:31:50	20.433	20.09	20.135	20.973	20.199	20.372	415.42	415.34
02:32:50	20.432	20.09	20.153	20.991	20.199	20.372	415.42	415.34
02:33:50	20.432	20.09	20.103	20.649	20.2	20.373	415.42	415.34
02:34:50	20.433	20.09	19.95	20.403	20.199	20.371	415.42	415.34
02:35:50	20.433	20.09	19.993	20.623	20.199	20.372	415.42	415.34
02:36:55	20.433	20.09	20.068	20.795	20.198	20.372	415.42	415.34
02:37:55	20.432	20.09	20.106	20.893	20.199	20.372	415.42	415.34
02:38:55	20.432	20.09	20.129	20.937	20.2	20.372	415.42	415.34
02:39:55	20.433	20.089	20.144	20.972	20.199	20.373	415.42	415.34
02:40:55	20.433	20.09	20.158	20.999	20.2	20.372	415.42	415.34
02:41:55	20.432	20.09	20.162	20.9	20.2	20.372	415.42	415.34
02:42:59	20.432	20.09	20.023	20.497	20.199	20.373	415.42	415.34
02:43:59	20.432	20.09	19.927	20.307	20.199	20.371	415.42	415.34
02:44:59	20.433	20.09	20.005	20.592	20.198	20.37	415.42	415.34
02:45:59	20.433	20.088	20.072	20.777	20.199	20.372	415.42	415.34
02:46:59	20.433	20.09	20.106	20.881	20.199	20.372	415.42	415.34
02:48:04	20.433	20.088	20.133	20.934	20.2	20.372	415.42	415.34
02:49:04	20.433	20.09	20.147	20.974	20.201	20.371	415.42	415.34
02:50:04	20.433	20.089	20.163	20.994	20.201	20.371	415.42	415.34
02:51:04	20.433	20.089	20.139	20.803	20.2	20.373	415.42	415.34
02:52:04	20.433	20.088	19.958	20.437	20.199	20.371	415.42	415.34
02:53:04	20.432	20.089	19.866	20.226	20.198	20.372	415.42	415.34
02:54:09	20.433	20.09	19.949	20.486	20.198	20.371	415.42	415.34
02:55:09	20.432	20.089	20.025	20.717	20.2	20.371	415.42	415.34
02:56:09	20.432	20.09	20.075	20.831	20.199	20.373	415.42	415.34
02:57:09	20.433	20.089	20.102	20.904	20.199	20.372	415.42	415.34
02:58:09	20.432	20.09	20.118	20.943	20.199	20.371	415.42	415.34
02:59:13	20.432	20.089	20.137	20.971	20.199	20.371	415.42	415.34
03:00:14	20.433	20.089	20.148	20.984	20.201	20.371	415.42	415.34
03:01:14	20.432	20.09	20.06	20.697	20.2	20.372	415.42	415.34
03:02:14	20.432	20.091	19.988	20.591	20.2	20.372	415.42	415.34
03:03:14	20.432	20.091	20.051	20.75	20.199	20.372	415.42	415.34
03:04:14	20.433	20.092	20.099	20.866	20.2	20.372	415.42	415.34
03:05:19	20.432	20.091	20.128	20.934	20.2	20.372	415.42	415.34
03:06:19	20.433	20.091	20.144	20.97	20.2	20.373	415.42	415.34
03:07:19	20.433	20.092	20.16	20.99	20.201	20.371	415.42	415.34
03:08:19	20.432	20.092	20.172	21.008	20.201	20.372	415.42	415.34
03:09:19	20.433	20.091	20.129	20.799	20.203	20.372	415.42	415.34
03:10:19	20.433	20.094	20.032	20.565	20.204	20.373	415.42	415.34
03:11:25	20.432	20.093	20.0	20.571	20.201	20.372	415.42	415.34
03:12:25	20.434	20.094	20.064	20.741	20.203	20.372	415.42	415.34
03:13:25	20.433	20.093	20.108	20.858	20.203	20.372	415.42	415.34
03:14:25	20.433	20.094	20.137	20.93	20.203	20.374	415.42	415.34
03:15:25	20.433	20.095	20.156	20.964	20.203	20.373	415.42	415.34
03:16:30	20.434	20.095	20.168	20.988	20.203	20.374	415.42	415.34
03:17:30	20.434	20.096	20.179	21.005	20.203	20.374	415.42	415.34
03:18:29	20.434	20.095	20.102	20.724	20.202	20.373	415.42	415.34
03:19:30	20.434	20.096	19.982	20.467	20.204	20.373	415.42	415.34
03:20:30	20.434	20.095	19.988	20.524	20.203	20.373	415.42	415.34
03:21:30	20.433	20.094	20.064	20.72	20.202	20.372	415.42	415.34
03:22:35	20.433	20.094	20.112	20.862	20.201	20.372	415.42	415.34
03:23:34	0.0	20.094	20.139	20.921	20.202	20.372	415.42	415.34
03:24:35	20.434	20.093	20.156	20.961	20.201	20.371	415.42	415.34
03:25:34	20.434	20.093	20.171	20.985	20.2	20.37	415.42	415.34
03:26:34	20.434	20.094	20.18	20.994	20.2	20.372	415.42	415.34
03:27:42	20.433	20.093	20.058	20.582	20.2	20.372	415.42	415.34
03:28:42	20.434	20.094	19.93	20.339	20.2	20.371	415.42	415.34
03:29:42	20.433	20.093	19.942	20.399	20.201	20.372	415.42	415.34
03:30:42	20.434	20.094	20.03	20.656	20.2	20.371	415.42	415.34
03:31:42	20.433	20.094	20.08	20.809	20.2	20.372	415.42	415.34
03:33:07	20.434	20.094	20.119	20.908	20.203	20.372	415.42	415.34
03:34:07	20.435	20.096	20.142	20.952	20.203	20.373	415.42	415.34
03:35:07	20.433	20.095	20.155	20.978	20.203	20.372	415.42	415.34
03:36:07	20.434	20.095	20.127	20.792	20.204	20.372	415.42	415.34
03:37:07	20.434	20.096	19.971	20.525	20.204	20.371	415.42	415.34
03:38:07	20.434	20.096	19.914	20.467	20.202	20.372	415.42	415.34
03:39:12	20.433	20.096	19.999	20.631	20.202	20.372	415.42	415.34
03:40:12	20.433	20.095	20.061	20.779	20.203	20.371	415.42	415.34
03:41:12	20.433	20.095	20.096	20.878	20.201	20.372	415.42	415.34
03:42:12	20.434	20.095	20.122	20.93	20.2	20.371	415.42	415.34
03:43:12	20.433	20.094	20.138	20.955	20.2	20.371	415.42	415.34
03:44:16	20.433	20.095	20.154	20.977	20.198	20.371	415.42	415.34
03:45:16	20.435	20.094	20.16	20.95	20.201	20.371	415.42	415.34
03:46:16	20.434	20.095	20.033	20.539	20.201	20.371	415.42	415.34
03:47:16	20.435	20.094	19.964	20.388	20.201	20.37	415.42	415.34
03:48:16	20.436	20.094	20.042	20.654	20.2	20.371	415.42	415.34
03:49:16	20.433	20.095	20.092	20.818	20.2	20.371	415.42	415.34
03:50:23	20.434	20.095	20.124	20.914	20.2	20.37	415.42	415.34
03:51:23	20.434	20.096	20.147	20.955	20.201	20.372	415.42	415.34
03:52:23	20.434	20.094	20.157	20.979	20.2	20.371	415.42	415.34
03:53:23	20.434	20.095	20.166	21.0	20.202	20.371	415.42	415.34
03:54:23	20.434	20.096	20.085	20.644	20.202	20.372	415.42	415.34
03:55:30	20.434	20.095	0.0	20.255	20.201	20.372	415.42	415.34
03:56:30	20.435	20.095	19.916	20.37	20.202	20.372	415.42	415.34
03:57:30	20.434	20.095	20.01	20.628	20.201	20.371	415.42	415.34
03:58:30	20.435	20.096	20.066	20.801	20.201	20.37	415.42	415.34
03:59:30	20.434	20.096	20.101	20.901	20.2	20.371	415.42	415.34
04:00:30	20.434	20.096	20.121	20.938	20.2	20.37	415.42	415.34
04:01:35	20.434	20.095	20.138	20.96	20.2	20.37	415.42	415.34
04:02:34	20.433	20.094	20.15	20.98	20.199	20.373	415.42	415.34
04:03:34	20.432	20.093	20.126	20.831	20.201	20.37	415.42	415.34
04:04:34	20.433	20.093	19.969	20.478	20.199	20.37	415.42	415.34
04:05:34	20.434	20.094	19.976	20.604	20.199	20.37	415.42	415.34
04:06:39	0.0	20.093	20.058	20.772	20.199	20.37	415.42	415.34
04:07:39	20.435	20.092	20.098	20.885	20.2	20.372	415.42	415.34
04:08:39	20.433	20.092	20.126	20.935	20.2	20.371	415.42	415.34
04:09:39	20.433	20.092	20.144	20.96	20.199	20.371	415.42	415.34
04:10:39	20.434	20.091	20.155	20.992	20.199	20.371	415.42	415.34
04:11:39	20.433	20.092	20.165	20.981	20.2	20.371	415.42	415.34
04:12:44	20.434	20.093	20.029	20.602	20.199	20.371	415.42	415.34
04:13:44	20.433	20.093	19.918	20.437	20.2	20.369	415.42	415.34
04:14:44	20.434	20.094	19.977	20.575	20.2	20.369	415.42	415.34
04:15:44	20.434	20.094	20.053	20.76	20.199	20.37	415.42	415.34
04:16:44	20.434	20.093	20.095	20.876	20.201	20.37	415.42	415.34
04:17:49	20.434	20.094	20.123	20.937	20.2	20.371	415.42	415.34
04:18:49	20.435	20.094	20.144	20.969	20.199	20.371	415.42	415.34
04:19:49	20.434	20.094	20.156	20.996	20.199	20.371	415.42	415.34
04:20:49	20.434	20.096	20.164	20.952	20.198	20.37	415.42	415.34
04:21:49	20.434	20.095	20.041	20.533	20.198	20.37	415.42	415.34
04:22:49	20.434	20.094	19.917	20.318	20.198	20.369	415.42	415.34
04:23:53	20.433	20.093	19.984	20.549	20.199	20.369	415.42	415.34
04:24:53	20.434	20.094	20.056	20.755	20.199	20.37	415.42	415.34
04:25:53	20.434	0.0	20.098	20.876	20.2	20.37	415.42	415.34
04:26:53	20.433	20.095	20.126	20.933	20.201	20.37	415.42	415.34
04:27:54	20.434	20.094	20.141	20.971	20.2	20.371	415.42	415.34
04:28:59	0.0	20.096	20.158	21.001	20.201	20.372	415.42	415.34
04:29:59	20.435	20.095	20.157	20.837	20.2	20.371	415.42	415.34
04:30:59	20.434	20.095	20.052	20.486	20.201	20.372	415.42	415.34
04:31:59	20.434	20.094	19.953	20.37	20.2	20.371	415.42	415.34
04:32:59	20.434	20.095	20.007	20.572	20.199	20.369	415.42	415.34
04:33:59	20.434	20.094	20.071	20.766	20.199	20.37	415.42	415.34
04:35:03	20.435	20.094	20.109	20.887	20.199	20.369	415.42	415.34
04:36:04	20.434	20.093	20.136	20.94	20.198	20.369	415.42	415.34
04:37:03	20.434	20.094	20.153	20.977	20.199	20.369	415.42	415.34
04:38:04	20.433	20.093	20.165	21.002	20.199	20.369	415.42	415.34
04:39:05	20.434	20.093	20.151	20.865	20.199	20.37	415.42	415.34
04:40:10	20.433	20.093	19.982	20.443	20.199	20.37	415.42	415.34
04:41:10	20.433	20.093	19.926	20.429	20.198	20.37	415.42	415.34
04:42:10	20.433	20.092	20.023	20.676	20.199	20.369	415.42	415.34
04:43:10	20.434	20.092	20.085	20.836	20.199	20.37	415.42	415.34
04:44:10	20.435	20.092	20.115	20.917	20.198	20.369	415.42	415.34
04:45:34	20.434	20.091	20.145	20.978	20.2	20.369	415.42	415.34
04:46:34	20.433	20.091	20.159	21.002	20.199	20.369	415.42	415.34
04:47:34	20.432	20.091	20.168	21.021	20.198	20.368	415.42	415.34
04:48:34	20.433	20.091	20.079	20.689	20.199	20.368	415.42	415.34
04:49:34	20.434	20.091	0.0	20.457	20.199	20.368	415.42	415.34
04:50:34	20.434	20.091	19.999	20.593	20.199	20.369	415.42	415.34
04:51:39	20.434	20.091	20.073	20.796	20.199	20.369	415.42	415.34
04:52:39	20.434	20.09	20.112	20.905	20.198	20.367	415.42	415.34
04:53:39	20.433	20.09	20.142	20.96	20.199	20.367	415.42	415.34
04:54:40	20.433	20.091	20.159	20.998	20.198	20.368	415.42	415.34
04:55:39	20.433	20.091	20.174	21.023	20.199	20.368	415.42	415.34
04:56:55	20.433	20.091	20.185	20.935	20.198	20.368	415.42	415.34
04:57:55	20.433	20.091	20.064	20.654	20.198	20.368	415.42	415.34
04:58:55	20.433	20.091	19.969	20.495	20.198	20.367	415.42	415.34
04:59:55	20.433	20.09	20.044	20.69	20.199	20.368	415.42	415.34
05:00:55	20.433	20.089	20.1	20.851	20.198	20.369	415.42	415.34
05:01:55	20.433	20.09	20.136	20.932	20.198	20.367	415.42	415.34
05:03:00	20.433	20.09	20.155	20.98	20.198	20.369	415.42	415.34
05:04:00	20.433	20.089	20.172	21.009	20.199	20.366	415.42	415.34
05:05:00	20.433	20.089	20.188	21.027	20.198	20.367	415.42	415.34
05:06:00	20.433	20.09	20.174	20.87	20.198	20.368	415.42	415.34
05:07:00	20.433	20.09	20.042	20.572	20.198	20.369	415.42	415.34
05:08:04	20.433	20.09	19.975	20.483	20.197	20.369	415.42	415.34
05:09:04	20.433	20.09	20.045	20.666	20.197	20.369	415.42	415.34
05:10:04	20.432	20.09	20.103	20.828	20.198	20.368	415.42	415.34
05:11:04	20.432	20.09	20.137	20.931	20.198	20.368	415.42	415.34
05:12:04	20.433	20.091	20.16	20.981	20.197	20.368	415.42	415.34
05:13:06	20.433	20.089	20.179	21.008	20.198	20.369	415.42	415.34
05:14:11	20.432	20.089	20.191	21.029	20.198	20.368	415.42	415.34
05:15:11	20.433	20.089	20.161	20.866	20.199	20.368	415.42	415.34
05:16:11	20.433	20.09	20.051	20.635	20.198	20.369	415.42	415.34
05:17:11	20.433	20.091	19.97	20.522	20.199	20.367	415.42	415.34
05:18:11	20.434	20.091	20.05	20.714	20.199	20.368	415.42	415.34
05:19:15	20.433	20.092	20.112	20.874	20.199	20.369	415.42	415.34
05:20:15	20.433	20.091	20.144	20.947	20.199	20.368	415.42	415.34
05:21:15	20.434	20.092	20.166	20.987	20.198	20.368	415.42	415.34
05:22:15	20.433	20.092	20.177	21.008	20.197	20.369	415.42	415.34
05:23:15	20.434	20.093	20.19	21.031	20.197	20.368	415.42	415.34
05:24:15	20.433	20.092	20.15	20.812	20.198	20.368	415.42	415.34
05:25:20	20.433	20.093	20.024	20.434	20.196	20.368	415.42	415.34
05:26:20	20.432	20.092	20.0	20.458	20.197	20.369	415.42	415.34
05:27:20	20.433	20.092	20.076	20.706	20.197	20.368	415.42	415.34
05:28:20	20.433	20.092	20.122	20.859	20.199	20.369	415.42	415.34
05:29:20	20.433	20.092	20.154	20.937	20.197	20.368	415.42	415.34
05:30:27	0.0	20.092	20.17	20.981	20.198	20.368	415.42	415.34
05:31:27	20.434	20.093	20.184	21.004	20.198	20.368	415.42	415.34
05:32:27	20.434	20.093	20.195	21.024	20.198	20.368	415.42	415.34
05:33:27	20.434	20.092	20.119	20.699	20.2	20.369	415.42	415.34
05:34:27	20.433	20.094	20.01	20.402	20.198	20.367	415.42	415.34
05:35:27	20.434	20.094	20.006	20.427	20.198	20.367	415.42	415.34
05:36:33	20.433	20.093	20.072	20.686	20.197	20.367	415.42	415.34
05:37:33	20.433	20.093	20.12	20.842	20.197	20.368	415.42	415.34
05:38:33	20.434	20.093	20.145	20.921	20.198	20.367	415.42	415.34
05:39:33	20.434	20.091	20.164	20.969	20.197	20.367	415.42	415.34
05:40:33	20.433	20.094	20.179	20.998	20.196	20.367	415.42	415.34
05:41:49	20.434	20.092	20.19	20.947	20.197	20.369	415.42	415.34
05:42:49	20.433	20.092	20.096	20.516	20.198	20.367	415.42	415.34
05:43:49	20.433	20.092	20.01	20.377	20.197	20.367	415.42	415.34
05:44:49	20.434	20.093	19.95	20.237	20.196	20.368	415.42	415.34
05:45:49	20.433	20.092	19.91	20.255	20.198	20.367	415.42	415.34
05:46:49	20.433	20.091	19.992	20.499	20.197	20.367	415.42	415.34
05:47:54	20.433	20.092	20.05	20.724	20.197	20.367	415.42	415.34
05:48:54	20.432	20.091	20.087	20.847	20.196	20.365	415.42	415.34
05:49:54	20.433	20.091	20.114	20.909	20.197	20.366	415.42	415.34
05:50:54	20.433	20.091	20.132	20.941	20.196	20.368	415.42	415.34
05:51:54	20.434	20.09	20.148	20.963	20.197	20.366	415.42	415.34
05:52:58	20.433	20.092	20.142	20.838	20.197	20.366	415.42	415.34
05:53:58	20.433	20.091	19.98	20.28	20.196	20.366	415.42	415.34
05:54:59	20.433	20.091	19.954	20.378	20.197	20.366	415.42	415.34
05:55:59	20.433	20.092	20.038	20.656	20.197	20.367	415.42	415.34
05:57:01	20.434	20.091	20.084	20.825	20.197	20.366	415.42	415.34
05:57:59	20.433	20.093	20.115	20.891	20.197	20.365	415.42	415.34
05:59:03	20.433	20.093	20.135	20.932	20.197	20.366	415.42	415.34
06:00:03	20.434	20.091	20.145	20.965	20.197	20.366	415.42	415.34
06:01:03	20.434	20.092	20.163	20.975	20.196	20.366	415.42	415.34
06:02:03	20.434	20.091	20.056	20.54	20.195	20.365	415.42	415.34
06:03:05	20.433	20.09	19.928	20.325	20.195	20.366	415.42	415.34
06:04:09	20.434	20.09	19.952	20.398	20.195	20.366	415.42	415.34
06:05:09	20.434	20.091	20.024	20.636	20.195	20.365	415.42	415.34
06:06:09	20.434	20.09	20.074	20.802	20.195	20.366	415.42	415.34
06:07:09	20.434	20.09	20.1	20.874	20.195	20.365	415.42	415.34
06:08:09	20.434	20.089	20.117	20.916	20.194	20.366	415.42	415.34
06:09:09	20.433	20.09	20.132	20.947	20.193	20.365	415.42	415.34
06:10:14	20.433	20.091	20.144	20.93	20.195	20.365	415.42	415.34
06:11:14	20.433	20.091	20.018	20.509	20.195	20.365	415.42	415.34
06:12:14	20.433	20.091	19.865	20.234	20.196	20.364	415.42	415.34
06:13:14	20.434	20.09	19.916	20.41	20.196	20.364	415.42	415.34
06:14:14	20.434	20.091	20.004	20.653	20.195	20.364	415.42	415.34
06:15:18	20.433	20.091	20.052	20.798	20.194	20.365	415.42	415.34
06:16:18	20.434	20.089	20.084	20.883	20.193	20.364	415.42	415.34
06:17:18	20.433	20.089	20.104	20.922	20.193	20.364	415.42	415.34
06:18:18	20.433	20.088	20.119	20.944	20.192	20.365	415.42	415.34
06:19:18	20.433	20.089	20.13	20.959	20.194	20.362	415.42	415.34
06:20:18	20.433	20.089	20.065	20.687	20.193	20.365	415.42	415.34
06:21:23	20.433	20.089	19.934	20.435	20.194	20.363	415.42	415.34
06:22:24	20.433	20.089	19.992	20.569	20.191	20.363	415.42	415.34
06:23:23	20.433	20.09	20.055	20.76	20.192	20.364	415.42	415.34
06:24:23	20.433	20.089	20.093	20.865	20.191	20.363	415.42	415.34
06:25:23	20.432	20.09	20.114	20.914	20.191	20.364	415.42	415.34
06:26:28	20.433	20.09	20.128	20.946	20.191	20.363	415.42	415.34
06:27:28	20.433	20.089	20.139	20.968	20.19	20.362	415.42	415.34
06:28:29	20.434	20.089	20.139	20.81	20.19	20.364	415.42	415.34
06:29:28	0.0	20.089	19.976	20.44	20.191	20.365	415.42	415.34
06:30:28	20.433	20.091	19.875	20.316	20.192	20.363	415.42	415.34
06:31:28	20.433	20.089	19.944	20.481	20.192	20.364	415.42	415.34
06:32:32	20.433	20.09	20.02	20.695	20.191	20.364	415.42	415.34
06:33:32	20.434	20.089	20.063	20.821	20.191	20.363	415.42	415.34
06:34:32	20.433	20.091	20.093	20.883	20.191	20.364	415.42	415.34
06:35:32	20.433	20.089	20.109	20.917	20.191	20.365	415.42	415.34
06:36:32	20.433	20.09	20.121	20.942	20.191	20.363	415.42	415.34
06:37:37	20.433	20.091	20.133	20.957	20.191	20.364	415.42	415.34
06:38:37	20.432	20.088	20.038	20.579	20.191	20.363	415.42	415.34
06:39:37	20.432	20.089	19.994	20.477	20.192	20.363	415.42	415.34
06:40:37	20.434	20.089	20.038	20.661	20.192	20.364	415.42	415.34
06:41:37	20.432	20.089	20.083	20.804	20.192	20.363	415.42	415.34
06:42:37	20.432	20.089	20.109	20.895	20.194	20.363	415.42	415.34
06:43:42	20.433	20.089	20.131	20.936	20.192	20.363	415.42	415.34
06:44:42	20.433	20.089	20.143	20.959	20.192	20.363	415.42	415.34
06:45:42	20.433	20.089	20.155	20.979	20.191	20.363	415.42	415.34
06:46:42	20.432	20.089	20.123	20.838	20.192	20.364	415.42	415.34
06:47:42	20.433	20.089	20.004	20.53	20.192	20.364	415.42	415.34
06:48:47	20.433	20.089	19.98	20.515	20.193	20.363	415.42	415.34
06:49:47	20.433	20.089	20.052	20.702	20.191	20.363	415.42	415.34
06:50:47	20.433	20.09	20.097	20.841	20.192	20.362	415.42	415.34
06:51:47	20.434	20.088	20.12	20.911	20.192	20.362	415.42	415.34
06:52:47	20.432	20.089	20.137	20.951	20.191	20.363	415.42	415.34
06:53:47	20.432	20.089	20.152	20.973	20.19	20.363	415.42	415.34
06:54:51	20.432	20.089	20.162	20.995	20.19	20.363	415.42	415.34
06:55:51	20.433	20.088	20.103	20.692	20.189	20.363	415.42	415.34
06:56:51	20.432	20.088	19.98	20.379	20.19	20.362	415.42	415.34
06:57:51	20.433	20.088	19.956	20.425	20.189	20.363	415.42	415.34
06:58:51	20.432	20.087	20.03	20.654	20.189	20.362	415.42	415.34
06:59:56	20.432	20.088	20.086	20.815	20.189	20.362	415.42	415.34
07:00:56	20.432	20.086	20.115	20.907	20.19	20.362	415.42	415.34
07:01:56	20.433	20.087	20.136	20.946	20.19	20.362	415.42	415.34
07:02:56	20.432	20.086	20.146	20.974	20.19	20.362	415.42	415.34
07:03:56	20.432	20.085	20.159	20.988	20.19	20.362	415.42	415.34
07:04:56	20.432	20.086	20.162	20.924	20.19	20.364	415.42	415.34
07:06:01	0.0	20.086	20.036	20.583	20.192	20.362	415.42	415.34
07:07:01	20.432	20.086	20.021	20.628	20.19	20.361	415.42	415.34
07:08:01	20.431	20.086	20.086	20.802	20.189	20.362	415.42	415.34
07:09:01	20.432	20.086	20.124	20.895	20.188	20.362	415.42	415.34
07:10:01	20.432	20.086	20.146	20.945	20.188	20.361	415.42	415.34
07:11:06	20.432	20.087	20.161	20.98	20.189	20.362	415.42	415.34
07:12:06	20.432	20.087	20.176	21.0	20.19	20.363	415.42	415.34
07:13:06	20.431	20.088	20.186	21.014	20.189	20.362	415.42	415.34
07:14:06	20.432	20.087	20.088	20.601	20.189	20.362	415.42	415.34
07:15:06	20.432	20.087	19.946	20.384	20.189	20.362	415.42	415.34
07:16:31	20.432	20.088	19.992	20.597	20.188	20.362	415.42	415.34
07:17:31	20.431	20.087	20.069	20.783	20.189	20.362	415.42	415.34
07:18:31	20.431	20.088	20.109	20.882	20.188	20.362	415.42	415.34
07:19:31	20.432	20.088	20.129	20.936	20.189	20.362	415.42	415.34
07:20:31	20.432	20.088	20.148	20.964	20.189	20.362	415.42	415.34
07:21:31	20.431	20.086	20.162	20.994	20.188	20.361	415.42	415.34
07:22:36	20.432	20.087	20.173	21.006	20.189	20.362	415.42	415.34
07:23:36	20.433	20.089	20.058	20.652	20.19	20.363	415.42	415.34
07:24:36	20.431	20.088	19.96	20.495	20.19	20.363	415.42	415.34
07:25:36	20.432	20.089	20.037	20.696	20.19	20.363	415.42	415.34
07:26:36	20.432	20.09	20.096	20.84	20.19	20.363	415.42	415.34
07:27:40	20.431	20.09	20.128	20.921	20.19	20.363	415.42	415.34
07:28:40	20.432	20.09	20.149	20.967	20.191	20.363	415.42	415.34
07:29:40	20.432	20.09	20.16	20.994	20.19	20.362	415.42	415.34
07:30:40	20.433	20.089	20.178	21.012	20.191	20.363	415.42	415.34
07:31:40	20.432	20.089	20.144	20.736	20.19	20.362	415.42	415.34
07:32:40	20.431	20.088	19.982	20.427	20.19	20.362	415.42	415.34
07:33:47	20.432	20.089	19.929	20.332	20.188	20.362	415.42	415.34
07:34:47	20.432	20.088	20.017	20.61	20.189	20.361	415.42	415.34
07:35:47	20.431	20.088	20.079	20.794	20.188	20.361	415.42	415.34
07:36:47	20.431	20.087	20.113	20.891	20.189	20.361	415.42	415.34
07:37:47	20.431	20.087	20.133	20.949	20.189	20.362	415.42	415.34
07:38:53	20.431	20.088	20.156	20.984	20.189	20.362	415.42	415.34
07:39:53	20.432	20.087	20.166	21.005	20.19	20.362	415.42	415.34
07:40:53	20.433	20.088	20.172	20.93	20.191	20.361	415.42	415.34
07:41:53	20.431	20.087	20.02	20.547	20.19	20.362	415.42	415.34
07:42:53	20.431	20.087	19.967	20.554	20.189	20.362	415.42	415.34
07:43:53	20.431	20.088	20.057	20.759	20.187	20.36	415.42	415.34
07:44:59	20.431	20.088	20.111	20.879	20.19	20.36	415.42	415.34
07:45:59	20.431	20.088	20.136	20.947	20.189	20.361	415.42	415.34
07:46:59	20.431	20.088	20.155	20.988	20.189	20.362	415.42	415.34
07:47:59	20.432	20.088	20.17	21.008	20.189	20.362	415.42	415.34
07:48:59	20.431	20.088	20.18	21.022	20.188	20.361	415.42	415.34
07:49:59	20.431	20.088	20.099	20.688	20.19	20.362	415.42	415.34
07:51:03	20.432	20.089	19.967	20.369	20.189	20.36	415.42	415.34
07:52:04	20.431	20.089	19.983	20.451	20.188	20.362	415.42	415.34
07:53:04	20.432	20.088	20.057	20.69	20.188	20.362	415.42	415.34
07:54:04	20.432	20.088	20.103	20.843	20.187	20.36	415.42	415.34
07:55:04	20.432	20.088	20.134	20.918	20.189	20.361	415.42	415.34
07:56:08	20.432	20.087	20.155	20.966	20.189	20.361	415.42	415.34
07:57:08	20.432	20.088	20.169	20.995	20.19	20.362	415.42	415.34
07:58:08	20.432	20.089	20.181	21.002	20.19	20.361	415.42	415.34
07:59:08	20.432	20.089	20.062	20.618	20.191	20.363	415.42	0.0
08:00:08	20.432	20.09	19.956	20.316	20.188	20.361	415.42	415.34
08:01:08	20.431	20.089	19.982	20.463	20.189	20.361	415.42	415.34
08:02:13	20.432	20.09	20.056	20.707	20.189	20.362	415.42	415.34
08:03:13	20.431	20.09	20.102	20.848	20.191	20.362	415.42	415.34
08:04:13	20.431	20.089	20.131	20.918	20.191	20.361	415.42	415.34
08:05:13	20.432	20.09	20.153	20.963	20.19	20.361	415.42	415.34
08:06:13	20.431	20.091	20.164	20.993	20.19	20.363	415.42	415.34
08:07:18	20.431	20.09	20.176	20.937	20.189	20.362	415.42	415.34
08:08:18	20.431	20.091	20.033	20.489	20.19	20.36	415.42	415.34
08:09:18	20.432	20.091	19.923	20.277	20.19	20.362	415.42	415.34
08:10:18	20.432	20.091	19.964	20.463	20.19	20.361	415.42	415.34
08:11:18	20.432	20.091	20.045	20.704	20.191	20.362	415.42	415.34
08:12:17	20.433	20.091	20.094	20.843	20.191	20.363	415.42	415.34
08:13:22	20.433	20.091	20.121	20.913	20.191	20.362	415.42	415.34
08:14:22	20.432	20.092	20.138	20.96	20.189	20.362	415.42	415.34
08:15:22	20.432	20.091	20.156	20.991	20.19	20.362	415.42	415.34
08:16:22	20.432	20.091	20.16	20.909	20.189	20.362	415.42	415.34
08:17:22	20.431	20.091	20.023	20.539	20.189	20.361	415.42	415.34
08:18:28	0.0	20.091	19.91	20.342	20.188	20.362	415.42	415.34
08:19:27	20.432	20.09	19.978	20.526	20.188	20.36	415.42	415.34
08:20:27	20.432	20.09	20.05	20.74	20.187	20.36	415.42	415.34
08:21:27	20.432	20.09	20.091	20.854	20.189	20.361	415.42	415.34
08:22:27	20.432	20.09	20.115	20.928	20.187	20.36	415.42	415.34
08:23:27	20.431	20.088	20.132	20.96	20.188	20.361	415.42	415.34
08:24:32	20.431	20.09	20.148	20.985	20.188	20.36	415.42	415.34
08:25:32	20.431	20.089	20.162	21.002	20.19	20.361	415.42	415.34
08:26:32	20.432	20.09	20.078	20.675	20.189	20.362	415.42	415.34
08:27:32	20.432	20.09	19.958	20.535	20.188	20.361	415.42	415.34
08:28:32	20.432	20.091	20.028	20.683	20.189	20.361	415.42	415.34
08:29:47	20.432	20.09	20.095	20.867	20.189	20.36	415.42	415.34
08:30:47	20.432	20.089	20.124	20.925	20.188	20.36	415.42	415.34
08:31:47	20.431	20.09	20.143	20.962	20.189	20.361	415.42	415.34
08:32:47	20.432	20.09	20.155	20.989	20.188	20.361	415.42	415.34
08:33:47	20.431	20.09	20.166	21.005	20.188	20.361	415.42	415.34
08:34:47	20.433	20.09	20.106	20.678	20.189	20.361	415.42	415.34
08:35:52	20.432	20.091	19.976	20.433	20.189	20.36	415.42	415.34
08:36:52	20.432	20.09	19.955	20.456	20.188	20.362	415.42	415.34
08:37:52	20.432	20.09	20.012	20.615	20.188	20.36	415.42	415.34
08:38:52	20.432	20.091	20.068	20.77	20.188	20.36	415.42	415.34
08:39:52	20.433	20.09	20.111	20.875	20.187	20.361	415.42	415.34
08:40:56	20.433	20.091	20.137	20.936	20.188	20.359	415.42	415.34
08:41:57	20.432	20.091	20.15	20.976	20.187	20.361	415.42	415.34
08:42:57	20.433	20.091	20.161	21.002	20.187	20.361	415.42	415.34
08:43:57	20.432	20.091	20.101	20.758	20.187	20.361	415.42	415.34
08:44:57	20.433	20.091	20.009	20.483	20.186	20.358	415.42	415.34
08:45:57	20.432	20.091	20.008	20.545	20.188	20.359	415.42	415.34
08:47:02	20.433	20.089	20.073	20.764	20.188	20.359	415.42	415.34
08:48:02	20.431	20.091	20.106	20.878	20.188	20.359	415.42	415.34
08:49:02	20.432	20.091	20.131	20.938	20.187	20.36	415.42	415.34
08:50:02	20.432	20.091	20.15	20.974	20.186	20.36	415.42	415.34
08:51:02	20.433	20.09	20.166	20.999	20.186	20.361	415.42	415.34
08:52:06	20.433	20.091	20.176	21.012	20.187	20.359	415.42	415.34
08:53:07	20.432	20.091	20.084	20.685	20.187	20.36	415.42	415.34
08:54:07	20.432	20.091	19.987	20.471	20.188	20.36	415.42	415.34
08:55:07	20.432	20.093	20.011	20.578	20.189	20.36	415.42	415.34
08:56:07	20.433	20.091	20.073	20.775	20.189	20.36	415.42	415.34
08:57:07	20.432	20.091	20.109	20.885	20.188	20.359	415.42	415.34
08:58:13	20.432	20.092	20.14	20.946	20.188	20.36	415.42	415.34
08:59:13	20.433	20.092	20.155	20.979	20.186	20.36	415.42	415.34
09:00:13	20.432	20.092	20.167	21.0	20.187	20.359	415.42	415.34
09:01:13	20.432	20.091	20.18	20.993	20.187	20.36	415.42	415.34
09:02:13	20.433	20.092	20.072	20.65	20.187	20.36	415.42	415.34
09:03:18	20.434	20.092	19.995	20.466	20.187	20.359	415.42	415.34
09:04:18	20.432	20.093	20.043	20.576	20.187	20.361	415.42	415.34
09:05:18	20.433	20.094	20.091	20.776	20.188	20.361	415.42	415.34
09:06:18	20.432	20.093	20.126	20.887	20.188	20.36	415.42	415.34
09:07:19	20.433	20.094	20.148	20.94	20.189	20.36	415.42	415.34
09:08:18	20.433	20.095	20.162	20.979	20.19	20.362	415.42	415.34
09:09:22	20.434	20.096	20.178	21.006	20.189	20.362	415.42	415.34
09:10:22	20.432	20.095	20.187	20.959	20.189	20.362	415.42	415.34
09:11:22	20.433	20.096	20.07	20.596	20.189	20.361	415.42	415.34
09:12:22	20.433	20.096	20.008	20.394	20.189	20.361	415.42	415.34
09:13:23	20.433	20.097	20.047	20.588	20.19	20.362	415.42	415.34
09:14:28	20.433	20.096	20.101	20.79	20.189	20.362	415.42	415.34
09:15:28	20.433	20.097	20.133	20.895	20.189	20.361	415.42	415.34
09:16:28	20.434	20.097	20.151	20.947	20.189	20.36	415.42	415.34
09:17:28	20.434	20.098	20.166	20.979	20.188	20.36	415.42	415.34
09:18:29	20.433	20.096	20.176	21.005	20.188	20.36	415.42	415.34
09:19:27	20.433	20.095	20.176	20.888	20.189	20.36	415.42	415.34
09:20:32	20.433	20.096	20.023	20.523	20.188	20.36	415.42	415.34
09:21:32	20.433	20.096	19.912	20.368	20.187	20.359	415.42	415.34
09:22:32	20.433	20.095	19.987	20.581	20.187	20.361	415.42	415.34
09:23:32	20.433	20.097	20.063	20.777	20.188	20.36	415.42	415.34
09:24:32	20.434	20.095	20.103	20.88	20.189	20.361	415.42	415.34
09:25:37	20.434	20.097	20.128	20.931	20.189	20.36	415.42	415.34
09:26:37	20.435	20.097	20.147	20.966	20.186	20.359	415.42	415.34
09:27:39	20.432	20.096	20.162	20.993	20.186	20.359	415.42	415.34
09:28:37	20.434	20.096	20.137	20.794	20.187	20.359	415.42	415.34
09:29:38	20.433	20.095	19.981	20.451	20.187	20.36	415.42	415.34
09:30:37	0.0	20.095	19.919	20.339	20.187	20.359	415.42	415.34
09:31:42	20.433	20.094	20.003	20.594	20.187	20.36	415.42	415.34
09:32:42	20.433	20.095	20.064	20.788	20.187	20.358	415.42	415.34
09:33:42	20.433	20.095	20.096	20.889	20.186	20.358	415.42	415.34
09:34:42	20.434	20.095	20.122	20.942	20.187	20.359	415.42	415.34
09:35:42	20.433	20.094	20.137	20.969	20.187	20.36	415.42	415.34
09:36:47	20.432	20.096	20.153	20.995	20.187	20.36	415.42	415.34
09:37:47	20.434	20.097	20.169	20.97	20.188	20.359	415.42	415.34
09:38:47	20.434	20.098	19.998	20.515	20.184	20.359	415.42	415.34
09:39:47	20.434	20.099	19.951	20.468	20.185	20.358	415.42	415.34
09:40:47	20.435	20.099	20.036	20.712	20.186	20.36	415.42	415.34
09:41:47	20.434	20.098	20.091	20.85	20.186	20.359	415.42	415.34
09:42:51	20.434	20.098	20.124	20.926	20.186	20.36	415.42	415.34
09:43:51	20.435	20.097	20.145	20.965	20.188	20.359	415.42	415.34
09:44:51	20.434	20.098	20.158	20.994	20.187	20.359	415.42	415.34
09:45:51	20.434	20.098	20.169	21.011	20.187	20.359	415.42	415.34
09:46:51	20.434	20.097	20.127	20.699	20.186	20.359	415.42	415.34
09:47:56	20.434	20.098	19.967	20.467	20.186	20.359	415.42	415.34
09:48:56	20.435	20.099	19.956	20.405	20.185	20.359	415.42	415.34
09:49:56	20.434	20.098	20.035	20.667	20.185	20.359	415.42	415.34
09:50:56	20.434	20.098	20.086	20.824	20.185	20.359	415.42	415.34
09:51:56	20.435	20.1	20.113	20.91	20.187	20.359	415.42	415.34
09:52:56	20.435	20.099	20.134	20.954	20.187	20.36	415.42	415.34
09:54:03	20.434	20.1	20.153	20.986	20.188	20.361	415.42	415.34
09:55:02	0.0	20.099	20.165	21.01	20.189	20.361	415.42	415.34
09:56:03	20.435	20.101	20.071	20.699	20.188	20.359	415.42	415.34
09:57:03	20.435	20.102	19.942	20.424	20.188	20.36	415.42	415.34
09:58:03	20.434	20.1	19.962	20.546	20.188	20.36	415.42	415.34
09:59:10	20.435	20.102	20.049	20.758	20.188	20.359	415.42	415.34
10:00:10	20.435	20.102	20.093	20.856	20.188	20.36	415.42	415.34
10:01:10	20.434	20.102	20.119	20.915	20.187	20.36	415.42	415.34
10:02:10	20.435	20.101	20.136	20.961	20.187	20.359	415.42	415.34
10:03:10	20.435	20.102	20.15	20.99	20.188	20.36	415.42	415.34
10:04:10	20.434	20.101	20.162	20.996	20.187	20.36	415.42	415.34
10:05:14	20.435	20.103	20.079	20.572	20.186	20.358	415.42	415.34
10:06:14	20.435	20.103	19.948	20.332	20.187	20.359	415.42	415.34
10:07:14	20.435	20.104	19.976	20.443	20.188	20.36	415.42	415.34
10:08:14	20.434	20.104	20.042	20.665	20.187	20.36	415.42	415.34
10:09:14	20.435	20.103	20.085	20.815	20.188	20.36	415.42	415.34
10:10:19	20.435	20.103	20.116	20.894	20.187	20.36	415.42	415.34
10:11:19	20.435	20.104	20.132	20.94	20.189	20.359	415.42	415.34
10:12:19	20.435	20.104	20.143	20.969	20.189	20.36	415.42	415.34
10:13:19	20.435	20.104	20.155	20.977	20.189	20.36	415.42	415.34
10:14:19	20.435	20.105	20.074	20.658	20.188	20.361	415.42	415.34
10:15:19	20.435	20.105	19.979	20.301	20.186	20.359	415.42	415.34
10:16:24	20.435	20.104	20.0	20.508	20.186	20.359	415.42	415.34
10:17:24	20.435	20.102	20.057	20.736	20.185	20.358	415.42	415.34
10:18:24	20.434	20.102	20.098	20.842	20.186	20.358	415.42	415.34
10:19:24	20.436	20.101	20.123	20.906	20.187	20.359	415.42	415.34
10:20:24	20.435	20.102	20.14	20.943	20.184	20.358	415.42	415.34
10:21:28	20.435	20.102	20.152	20.974	20.186	20.358	415.42	415.34
10:22:28	20.435	20.102	20.163	20.945	20.186	20.359	415.42	415.34
10:23:28	20.435	20.103	20.036	20.576	20.186	20.359	415.42	415.34
10:24:28	20.435	20.103	19.973	20.388	20.188	20.358	415.42	415.34
10:25:28	20.436	20.104	20.025	20.576	20.187	20.358	415.42	415.34
10:26:28	20.436	20.104	20.073	20.76	20.186	20.36	415.42	415.34
10:27:35	20.436	20.104	20.105	20.865	20.187	20.359	415.42	415.34
10:28:34	0.0	20.105	20.126	20.92	20.186	20.36	415.42	415.34
10:29:34	20.435	20.106	20.139	20.955	20.188	20.36	415.42	415.34
10:30:34	20.436	20.103	20.15	20.97	20.186	20.359	415.42	415.34
10:31:35	20.435	20.103	20.133	20.823	20.186	20.358	415.42	415.34
10:32:51	20.436	20.102	19.966	20.442	20.185	20.359	415.42	415.34
10:33:51	20.436	20.103	19.956	20.444	20.188	20.36	415.42	415.34
10:34:51	20.435	20.103	20.025	20.666	20.186	20.36	415.42	415.34
10:35:51	20.437	20.103	20.074	20.808	0.0	20.359	415.42	415.34
10:36:51	20.435	20.102	20.097	20.885	20.185	20.358	415.42	415.34
10:37:51	20.436	20.104	20.116	20.931	20.185	20.358	415.42	415.34
10:38:56	20.436	20.103	20.132	20.953	20.185	20.36	415.42	415.34
10:39:56	20.436	20.104	20.144	20.971	20.185	20.358	415.42	415.34
10:40:56	20.436	20.104	20.149	20.887	20.185	20.359	415.42	415.34
10:41:56	20.436	20.103	20.017	20.515	20.186	20.36	415.42	415.34
10:42:56	20.437	20.103	19.994	20.541	20.186	20.359	415.42	415.34
10:44:00	20.436	20.104	20.057	20.737	20.188	20.359	415.42	415.34
10:45:00	20.436	20.104	20.092	20.85	20.188	20.36	415.42	415.34
10:46:00	20.436	20.105	20.12	20.907	20.187	20.36	415.42	415.34
10:47:00	20.437	20.106	20.133	20.947	20.188	20.361	415.42	415.34
10:48:02	20.436	20.105	20.146	20.965	20.188	20.36	415.42	415.34
10:49:25	20.436	20.106	20.154	20.866	20.187	20.361	415.42	415.34
10:50:26	20.437	20.108	20.004	20.475	20.187	20.36	415.42	415.34
10:51:26	20.437	20.107	19.891	20.263	20.188	20.36	415.42	415.34
10:52:26	20.438	20.109	19.966	20.472	20.189	20.36	415.42	415.34
10:53:26	20.437	20.109	20.033	20.693	20.188	20.359	415.42	415.34
10:54:26	20.437	20.109	20.074	20.822	20.187	20.36	415.42	415.34
10:55:30	20.437	20.108	20.098	20.895	20.187	20.359	415.42	415.34
10:56:30	20.436	20.108	20.114	20.927	20.187	20.36	415.42	415.34
10:57:30	20.437	20.107	20.127	20.945	20.188	20.359	415.42	415.34
10:58:30	20.438	20.107	20.138	20.967	20.187	20.358	415.42	415.34
10:59:30	20.436	20.107	20.067	20.685	20.188	20.359	415.42	415.34
11:00:35	20.437	20.106	19.943	20.498	20.186	20.359	415.42	415.34
11:01:35	20.437	20.107	20.012	20.632	20.188	20.359	415.42	415.34
11:02:35	20.438	20.108	20.063	20.777	20.187	20.358	415.42	415.34
11:03:35	20.437	20.107	20.091	20.874	20.187	20.359	415.42	415.34
11:04:36	20.438	20.107	20.11	20.923	20.188	20.358	415.42	415.34
11:05:35	20.438	20.107	20.126	20.944	20.188	20.36	415.42	415.34
11:06:40	20.438	20.107	20.139	20.958	20.188	20.359	415.42	415.34
11:07:40	20.437	20.108	20.145	20.958	20.188	20.359	415.42	415.34
11:08:40	20.438	20.108	20.017	20.576	20.188	20.36	415.42	415.34
11:09:40	20.438	20.108	19.923	20.358	20.188	20.359	415.42	415.34
11:10:40	20.438	20.109	19.996	20.605	20.188	20.359	415.42	415.34
11:11:46	20.438	20.108	20.06	20.791	20.187	20.36	415.42	415.34
11:12:46	20.439	20.108	20.089	20.878	20.188	20.359	415.42	415.34
11:13:46	20.438	20.108	20.109	20.92	20.187	20.36	415.42	415.34
11:14:46	20.438	20.109	20.127	20.939	20.187	20.358	415.42	415.34
11:15:46	20.439	20.109	20.137	20.953	20.188	20.358	415.42	415.34
11:16:46	20.439	20.11	20.144	20.934	20.188	20.359	415.42	415.34
11:17:52	20.439	20.11	20.005	20.504	20.188	20.359	415.42	415.34
11:18:52	20.439	20.11	19.953	20.456	20.187	20.359	415.42	415.34
11:19:52	20.439	20.111	20.023	20.665	20.187	20.359	415.42	415.34
11:20:52	20.438	20.111	20.07	20.808	20.188	20.359	415.42	415.34
11:21:52	20.439	20.109	20.097	20.878	20.187	20.359	415.42	415.34
11:22:57	20.439	20.11	20.116	20.92	20.188	20.359	415.42	415.34
11:23:57	20.438	20.11	20.133	20.944	20.188	20.359	415.42	415.34
11:24:57	20.438	20.111	20.139	20.964	20.189	20.36	415.42	415.34
11:25:57	20.439	20.11	20.145	20.873	20.188	20.359	415.42	415.34
11:26:57	20.438	20.111	20.006	20.521	20.188	20.36	415.42	415.34
11:27:57	20.439	20.111	19.982	20.498	20.188	20.359	415.42	415.34
11:29:02	20.438	20.111	20.051	20.716	20.186	20.358	415.42	415.34
11:30:02	20.439	20.11	20.087	20.84	20.187	20.359	415.42	415.34
11:31:02	20.439	20.11	20.109	20.9	20.187	20.359	415.42	415.34
11:32:02	20.439	20.11	20.122	20.936	20.187	20.359	415.42	415.34
11:33:02	20.439	20.11	20.134	20.947	20.188	20.359	415.42	415.34
11:34:07	20.439	20.109	20.144	20.964	20.188	20.359	415.42	415.34
11:35:07	20.439	20.11	20.126	20.751	20.188	20.359	415.42	415.34
11:36:07	20.44	20.111	19.974	20.456	20.189	20.359	415.42	415.34
11:37:07	20.44	20.111	19.987	20.493	20.188	20.358	415.42	415.34
11:38:07	20.44	20.111	20.043	20.676	20.188	20.359	415.42	415.34
11:39:07	20.44	20.112	20.08	20.813	20.186	20.359	415.42	415.34
11:40:11	20.44	20.113	20.108	20.894	20.186	20.358	415.42	415.34
11:41:11	20.438	20.111	20.119	20.924	20.186	20.359	415.42	415.34
11:42:11	20.439	20.111	20.135	20.942	20.187	20.358	415.42	415.34
11:43:11	20.44	20.112	20.148	20.958	20.186	20.359	415.42	415.34
11:44:11	20.44	20.111	20.098	20.664	20.187	20.358	415.42	415.34
11:45:28	20.44	20.111	19.944	20.393	20.186	20.359	415.42	415.34
11:46:28	20.439	20.112	20.013	20.577	20.187	20.357	415.42	415.34
11:47:28	20.439	20.112	20.065	20.751	20.186	20.357	415.42	415.34
11:48:28	20.439	20.112	20.096	20.855	20.187	20.358	415.42	415.34
11:49:28	20.439	0.0	20.115	20.912	20.186	20.359	415.42	415.34
11:50:28	20.439	20.111	20.129	20.938	20.186	20.358	415.42	415.34
11:51:33	20.439	20.112	20.144	20.953	20.186	20.357	415.42	415.34
11:52:33	20.439	20.111	20.151	20.966	20.186	20.358	415.42	415.34
11:53:33	20.439	20.11	20.076	20.666	20.186	20.358	415.42	415.34
11:54:33	20.44	20.109	19.991	20.532	20.186	20.358	415.42	415.34
11:55:33	20.439	20.11	20.047	20.683	20.188	20.357	415.42	415.34
11:56:59	0.0	20.11	20.105	20.854	20.187	20.358	415.42	415.34
11:57:59	20.441	20.11	20.123	20.904	20.187	20.357	415.42	415.34
11:58:59	20.44	20.109	20.141	20.937	20.188	20.358	415.42	415.34
11:59:59	20.439	20.109	20.15	20.951	20.187	20.357	415.42	415.34
12:00:59	20.44	20.108	20.156	20.968	20.187	20.359	415.42	415.34
12:01:59	20.441	20.109	20.124	20.732	20.187	20.357	415.42	415.34
12:03:05	20.44	20.107	19.959	20.328	20.185	20.356	415.42	415.34
12:04:05	0.0	20.107	19.985	20.483	20.187	20.358	415.42	415.34
12:05:05	20.439	20.107	20.056	20.692	20.186	20.357	415.42	415.34
12:06:05	20.439	20.108	20.095	20.817	20.187	20.357	415.42	415.34
12:07:05	20.44	20.109	20.117	20.887	20.187	20.357	415.42	415.34
12:08:11	20.441	20.108	20.135	20.926	20.186	20.358	415.42	415.34
12:09:11	20.441	20.108	20.145	20.947	20.186	20.358	415.42	415.34
12:10:11	20.44	20.108	20.156	20.962	20.187	20.358	415.42	415.34
12:11:11	20.44	20.107	20.1	20.672	20.186	20.358	415.42	415.34
12:12:11	20.439	20.107	19.969	20.453	20.187	20.358	415.42	415.34
12:13:11	20.44	20.107	20.002	20.57	20.186	20.357	415.42	415.34
12:14:16	20.439	20.109	20.068	20.768	20.187	20.357	415.42	415.34
12:15:16	20.439	20.109	20.104	20.857	20.187	20.358	415.42	415.34
12:16:16	20.44	20.11	20.121	20.907	20.187	20.359	415.42	415.34
12:17:16	20.441	20.111	20.138	20.933	20.186	20.358	415.42	415.34
12:18:16	20.44	20.111	20.144	20.956	20.186	20.358	415.42	415.34
12:19:21	20.44	20.11	20.157	20.968	20.187	20.357	415.42	415.34
12:20:21	20.439	20.11	20.061	20.571	20.187	20.357	415.42	415.34
12:21:21	20.441	20.11	19.919	20.39	20.186	20.357	415.42	415.34
12:22:21	20.441	20.111	19.949	20.425	20.186	20.356	415.42	415.34
12:23:21	20.441	20.111	20.024	20.642	20.185	20.357	415.42	415.34
12:24:21	20.441	20.111	20.069	20.782	20.186	20.357	415.42	415.34
12:25:26	20.441	20.111	20.099	20.866	20.186	20.357	415.42	415.34
12:26:27	20.441	20.109	20.115	20.905	20.186	20.358	415.42	415.34
12:27:27	20.439	20.109	20.124	20.934	20.188	20.357	415.42	415.34
12:28:26	20.441	20.11	20.137	20.953	20.186	20.357	415.42	415.34
12:29:27	20.441	20.11	20.147	20.964	20.186	20.357	415.42	415.34
12:30:27	0.0	20.11	20.161	20.97	20.186	20.357	415.42	415.34
12:31:31	20.44	20.111	20.166	20.98	20.185	20.356	415.42	415.34
12:32:31	20.44	20.111	20.109	20.692	20.186	20.357	415.42	415.34
12:33:31	20.441	20.11	19.953	20.362	20.186	20.358	415.42	415.34
12:34:31	20.44	20.11	19.985	20.527	20.185	20.356	415.42	415.34
12:35:32	20.44	20.109	20.057	20.741	20.185	20.357	415.42	415.34
12:36:37	20.44	20.108	20.097	20.85	20.186	20.356	415.42	415.34
12:37:37	20.441	20.108	20.12	20.901	20.186	20.357	415.42	415.34
12:38:37	20.44	20.107	20.136	20.938	20.186	20.356	415.42	415.34
12:39:37	20.44	20.108	20.148	20.953	20.185	20.357	415.42	415.34
12:40:37	20.44	20.107	20.158	20.966	20.185	20.357	415.42	415.34
12:41:37	20.44	20.106	20.166	20.974	20.186	20.357	415.42	415.34
12:42:41	20.44	20.107	20.164	20.865	20.187	20.357	415.42	415.34
12:43:41	20.441	20.107	20.044	20.423	20.186	20.357	415.42	415.34
12:44:41	20.44	20.108	20.01	20.474	20.187	20.356	415.42	415.34
12:45:42	20.441	20.108	20.072	20.705	20.186	20.357	415.42	415.34
12:46:42	20.439	20.107	20.107	20.829	20.187	20.358	415.42	415.34
12:47:57	20.44	20.108	20.135	20.906	20.187	20.357	415.42	415.34
12:48:57	20.441	20.107	20.146	20.938	20.186	20.357	415.42	415.34
12:49:57	20.44	20.109	20.159	20.954	20.187	20.358	415.42	415.34
12:50:57	20.44	20.109	20.168	20.967	20.188	20.358	415.42	415.34
12:51:57	20.44	20.11	20.126	20.712	20.187	20.358	415.42	415.34
12:52:57	20.44	20.108	19.975	20.329	20.187	20.358	415.42	415.34
12:54:01	20.441	20.109	19.996	20.508	20.188	20.358	415.42	415.34
12:55:01	20.441	20.109	20.065	20.714	20.187	20.358	415.42	415.34
12:56:01	20.441	20.11	20.103	20.838	20.187	20.357	415.42	415.34
12:57:01	20.441	20.11	20.123	20.898	20.187	20.357	415.42	415.34
12:58:01	20.441	20.111	20.138	20.933	20.188	20.357	415.42	415.34
12:59:06	20.441	20.11	20.152	20.959	20.185	20.356	415.42	415.34
13:00:06	20.44	20.11	20.161	20.967	20.186	20.358	415.42	415.34
13:01:06	20.44	20.11	20.169	20.972	20.186	20.357	415.42	415.34
13:02:06	20.44	20.11	20.175	20.901	20.186	20.357	415.42	415.34
13:03:06	20.44	20.11	20.029	20.499	20.185	20.356	415.42	415.34
13:04:06	20.44	20.11	19.989	20.495	20.185	20.357	415.42	415.34
13:05:11	20.439	20.108	20.067	20.714	20.187	20.358	415.42	415.34
13:06:11	20.441	20.108	20.104	20.828	20.187	20.357	415.42	415.34
13:07:11	20.44	20.108	20.129	20.894	20.186	20.357	415.42	415.34
13:08:11	20.441	20.108	20.144	20.933	20.188	20.357	415.42	415.34
13:09:11	20.441	20.108	20.157	20.954	20.186	20.356	415.42	415.34
13:10:17	20.441	20.107	20.165	20.968	20.186	20.356	415.42	415.34
13:11:17	20.441	20.108	20.144	20.749	20.187	20.357	415.42	415.34
13:12:17	20.441	20.107	19.982	20.318	20.187	20.357	415.42	415.34
13:13:17	20.44	20.109	19.974	20.395	20.188	20.356	415.42	415.34
13:14:18	20.441	20.108	20.042	20.623	20.186	20.357	415.42	415.34
13:15:17	20.441	20.108	20.088	20.794	20.187	20.357	415.42	415.34
13:16:22	20.44	20.108	20.114	20.879	20.186	20.356	415.42	415.34
13:17:22	20.442	20.108	20.13	20.919	20.187	20.357	415.42	415.34
13:18:22	20.44	20.108	20.143	20.947	20.187	20.356	415.42	415.34
13:19:21	20.44	20.108	20.157	20.959	20.186	20.356	415.42	415.34
13:20:22	20.441	20.109	20.165	20.971	20.186	20.358	415.42	415.34
13:21:26	20.441	20.108	20.174	20.942	20.186	20.356	415.42	415.34
13:22:27	20.441	20.109	20.04	20.52	20.187	20.357	415.42	415.34
13:23:27	20.442	20.109	19.967	20.369	20.188	20.358	415.42	415.34
13:24:27	20.44	20.108	20.032	20.59	20.186	20.357	415.42	415.34
13:25:27	20.44	20.109	20.086	20.763	20.185	20.357	415.42	415.34
13:26:27	20.44	20.109	20.118	20.859	20.186	20.358	415.42	415.34
13:27:32	20.44	20.109	20.135	20.917	20.184	20.356	415.42	415.34
13:28:32	20.44	20.108	20.149	20.938	20.185	20.356	415.42	415.34
13:29:32	20.44	20.108	20.159	20.96	20.185	20.355	415.42	415.34
13:30:32	20.439	20.107	20.161	20.885	20.185	20.357	415.42	415.34
13:31:32	20.44	20.107	20.033	20.512	20.186	20.356	415.42	415.34
13:32:58	0.0	20.107	19.999	20.486	20.187	20.356	415.42	415.34
13:33:58	20.44	20.107	20.061	20.706	20.186	20.357	415.42	415.34
13:34:58	20.441	20.108	20.101	20.823	20.188	20.356	415.42	415.34
13:35:58	20.441	20.107	20.123	20.89	20.187	20.357	415.42	415.34
13:36:58	20.441	20.108	20.135	20.93	20.187	20.356	415.42	415.34
13:37:58	20.441	20.107	20.148	20.944	20.186	20.356	415.42	415.34
13:39:05	20.441	20.109	20.156	20.959	20.188	20.357	415.42	415.34
13:40:05	20.441	20.107	20.164	20.967	20.187	20.356	415.42	415.34
13:41:05	20.44	20.107	20.165	20.89	20.187	20.355	415.42	415.34
13:42:05	20.441	20.107	20.017	20.558	20.187	20.356	415.42	415.34
13:43:05	20.44	20.106	19.978	20.439	20.187	20.356	415.42	415.34
13:44:10	20.44	20.107	20.054	20.674	20.186	20.357	415.42	415.34
13:45:10	20.441	20.107	20.099	20.807	20.189	20.357	415.42	415.34
13:46:10	20.441	20.107	20.122	20.891	20.186	20.357	415.42	415.34
13:47:10	20.442	20.106	20.14	20.926	20.186	20.356	415.42	415.34
13:48:10	20.441	20.107	20.155	20.951	20.187	20.357	415.42	415.34
13:49:10	20.441	20.107	20.164	20.968	20.187	20.356	415.42	415.34
13:50:14	20.441	20.107	20.156	20.784	20.186	20.356	415.42	415.34
13:51:14	20.441	20.107	19.988	20.516	20.185	20.355	415.42	415.34
13:52:14	20.442	20.108	19.974	20.495	20.185	20.356	415.42	415.34
13:53:14	20.442	20.107	20.051	20.702	20.187	20.355	415.42	415.34
13:54:14	20.441	20.107	20.095	20.824	20.187	20.357	415.42	415.34
13:55:19	20.441	20.108	20.124	20.895	20.188	20.356	415.42	415.34
13:56:19	20.441	20.108	20.144	20.934	20.188	20.358	415.42	415.34
13:57:19	20.441	20.108	20.155	20.956	20.188	20.356	415.42	415.34
13:58:19	20.441	20.109	20.164	20.971	20.186	20.356	415.42	415.34
13:59:19	20.442	20.11	20.142	20.754	20.188	20.358	415.42	415.34
14:00:44	20.441	20.109	19.973	20.435	20.187	20.357	415.42	415.34
14:01:44	20.442	20.11	20.039	20.631	20.186	20.357	415.42	415.34
14:02:45	20.443	20.109	20.092	20.789	20.185	20.356	415.42	415.34
14:03:44	20.442	20.109	20.121	20.877	20.186	20.358	415.42	415.34
14:04:44	20.442	20.11	20.137	20.93	20.187	20.357	415.42	415.34
14:05:44	20.443	20.111	20.156	20.958	20.186	20.357	415.42	415.34
14:06:49	20.442	20.109	20.173	20.986	20.187	20.356	415.42	415.34
14:07:49	20.443	20.11	20.182	20.992	20.186	20.357	415.42	415.34
14:08:49	20.441	20.11	20.103	20.668	20.186	20.357	415.42	415.34
14:09:50	20.441	20.109	20.025	20.573	20.186	20.357	415.42	415.34
14:10:50	20.442	20.109	20.086	20.739	20.186	20.356	415.42	415.34
14:11:54	20.441	20.11	20.13	20.868	20.186	20.356	415.42	415.34
14:12:54	20.442	20.109	20.155	20.932	20.187	20.357	415.42	415.34
14:13:54	20.441	20.108	20.168	20.962	20.186	20.356	415.42	415.34
14:14:54	20.442	20.107	20.179	20.981	20.185	20.356	415.42	415.34
14:15:54	20.441	20.108	20.188	20.992	20.187	20.356	415.42	415.34
14:16:54	20.442	20.107	20.155	20.756	20.186	20.356	415.42	415.34
14:17:59	20.441	20.107	20.041	20.412	20.186	20.356	415.42	415.34
14:18:59	20.441	20.108	19.988	20.386	20.187	20.357	415.42	415.34
14:19:59	20.442	20.108	20.06	20.634	20.187	20.356	415.42	415.34
14:20:59	20.442	20.108	20.106	20.792	20.186	20.356	415.42	415.34
14:21:59	20.441	20.107	20.133	20.878	20.186	20.356	415.42	415.34
14:23:04	20.441	20.106	20.153	20.929	20.187	20.356	415.42	415.34
14:24:04	20.441	20.107	20.166	20.957	20.187	20.356	415.42	415.34
14:25:04	20.442	20.107	20.175	20.976	20.187	20.356	415.42	415.34
14:26:04	20.442	20.107	20.179	20.928	20.187	20.356	415.42	415.34
14:27:04	20.44	20.106	20.056	20.559	20.186	20.356	415.42	415.34
14:28:04	20.44	20.107	20.012	20.51	20.186	20.355	415.42	415.34
14:29:09	20.442	20.107	20.086	20.727	20.186	20.356	415.42	415.34
14:30:09	20.441	20.107	20.125	20.841	20.187	20.357	415.42	415.34
14:31:09	20.441	20.107	20.147	20.917	20.186	20.356	415.42	415.34
14:32:09	20.442	20.107	20.162	20.948	20.187	20.355	415.42	415.34
14:33:09	20.442	20.109	20.17	20.968	20.187	20.356	415.42	415.34
14:34:13	20.443	20.11	20.182	20.986	20.189	20.357	415.42	415.34
14:35:13	20.442	20.11	20.178	20.881	20.189	20.357	415.42	415.34
14:36:13	20.443	20.11	20.065	20.527	20.188	20.356	415.42	415.34
14:37:13	20.442	20.109	20.046	20.594	20.188	20.356	415.42	415.34
14:38:13	20.442	20.109	20.1	20.767	20.187	20.356	415.42	415.34
14:39:14	20.442	20.109	20.135	20.869	20.187	20.356	415.42	415.34
14:40:19	20.442	20.11	20.158	20.925	20.187	20.357	415.42	415.34
14:41:19	20.442	20.108	20.168	20.956	20.186	20.356	415.42	415.34
14:42:19	20.442	20.108	20.18	20.973	20.186	20.355	415.42	415.34
14:43:19	20.441	20.108	20.19	20.98	20.187	20.354	415.42	415.34
14:44:19	20.442	20.107	20.09	20.641	20.187	20.355	415.42	415.34
14:45:19	20.442	20.107	20.004	20.473	20.186	20.356	415.42	415.34
14:46:23	20.442	20.107	20.028	20.523	20.187	20.356	415.42	415.34
14:47:23	20.442	20.108	20.084	20.713	20.187	20.356	415.42	415.34
14:48:23	20.441	20.108	20.122	20.836	20.188	20.356	415.42	415.34
14:49:23	20.442	20.108	20.14	20.901	20.187	20.354	415.42	415.34
14:50:23	20.442	20.107	20.158	20.942	20.186	20.356	415.42	415.34
14:51:29	20.442	20.106	20.169	20.961	20.187	20.356	415.42	415.34
14:52:30	20.442	20.106	20.178	20.974	20.186	20.355	415.42	415.34
14:53:29	20.442	20.107	20.14	20.639	20.183	20.355	415.42	415.34
14:54:29	20.44	20.106	20.03	20.436	20.183	20.353	415.42	415.34
14:55:29	20.441	20.104	20.055	20.571	20.183	20.354	415.42	415.34
14:56:31	20.442	20.103	20.104	20.757	20.183	20.353	415.42	415.34
14:57:34	20.441	20.103	20.135	20.857	20.184	20.354	415.42	415.34
14:58:34	20.441	20.103	20.155	20.912	20.184	20.353	415.42	415.34
14:59:34	20.44	20.103	20.168	20.948	20.182	20.353	415.42	415.34
15:00:34	20.442	20.102	20.178	20.973	20.184	20.354	415.42	415.34
15:01:34	20.44	20.103	20.185	20.9	20.184	20.355	415.42	415.34
15:02:34	20.442	20.103	20.076	20.596	20.184	20.355	415.42	415.34
15:03:41	20.442	20.105	19.999	20.427	20.183	20.354	415.42	415.34
15:04:41	20.442	20.106	20.053	20.607	20.183	20.355	415.42	415.34
15:05:41	20.441	20.104	20.102	20.773	20.183	20.355	415.42	415.34
15:06:41	20.441	20.104	20.131	20.871	20.183	20.354	415.42	415.34
15:07:41	20.441	20.102	20.146	20.931	20.184	20.354	415.42	415.34
15:08:56	20.441	20.103	20.165	20.957	20.185	20.355	415.42	415.34
15:09:56	20.441	20.103	20.178	20.976	20.186	20.355	415.42	415.34
15:10:56	20.441	20.103	20.184	20.97	20.186	20.355	415.42	415.34
15:11:57	20.441	20.103	20.087	20.568	20.185	20.354	415.42	415.34
15:12:57	20.441	20.104	20.005	20.436	20.183	20.353	415.42	415.34
15:13:57	20.442	20.104	20.068	20.654	20.183	20.355	415.42	415.34
15:15:02	20.441	20.103	20.115	20.814	20.182	20.354	415.42	415.34
15:16:01	20.44	20.102	20.143	20.9	20.183	20.353	415.42	415.34
15:17:02	20.44	20.102	20.16	20.941	20.182	20.355	415.42	415.34
15:18:01	20.441	20.103	20.172	20.963	20.182	20.354	415.42	415.34
15:19:01	20.441	20.103	20.184	20.98	20.182	20.354	415.42	415.34
15:20:08	20.442	20.106	20.189	20.913	20.185	20.357	415.42	415.34
15:21:08	20.442	20.107	20.055	20.575	20.184	20.357	415.42	415.34
15:22:08	20.442	20.107	20.001	20.561	20.185	20.354	415.42	415.34
15:23:08	20.442	20.106	20.079	20.733	20.184	20.354	415.42	415.34
15:24:08	20.442	20.107	20.121	20.843	20.184	20.356	415.42	415.34
15:25:08	20.442	20.106	20.142	20.91	20.186	20.354	415.42	415.34
15:26:13	20.442	20.105	20.161	20.95	20.185	20.355	415.42	415.34
15:27:13	20.441	20.105	20.175	20.971	20.185	20.354	415.42	415.34
15:28:13	20.441	20.103	20.183	20.982	20.183	20.353	415.42	415.34
15:29:13	20.441	20.103	20.187	20.868	20.184	20.353	415.42	415.34
15:30:15	20.441	20.102	20.072	20.552	20.183	20.354	415.42	415.34
15:31:20	20.441	20.101	20.038	20.62	20.183	20.354	415.42	415.34
15:32:20	20.441	20.103	20.104	20.794	20.184	20.355	415.42	415.34
15:33:20	20.441	20.104	20.14	20.891	20.187	20.355	415.42	415.34
15:34:20	20.442	20.104	20.16	20.937	20.187	20.355	415.42	415.34
15:35:20	20.442	20.107	20.174	20.964	20.188	20.356	415.42	415.34
15:36:45	20.442	20.106	20.19	20.989	20.186	20.356	415.42	415.34
15:37:45	20.441	20.106	20.178	20.868	20.184	20.355	415.42	415.34
15:38:46	20.442	20.107	20.069	20.604	20.185	20.356	415.42	415.34
15:39:45	20.442	20.106	20.001	20.441	20.185	20.355	415.42	415.34
15:40:46	20.441	20.107	20.053	20.599	20.187	20.354	415.42	415.34
15:41:45	0.0	20.106	20.102	20.781	20.186	20.354	415.42	415.34
15:42:49	20.442	20.105	20.138	20.88	20.187	20.355	415.42	415.34
15:43:49	20.442	20.107	20.159	20.928	20.188	20.356	415.42	415.34
15:44:49	20.441	20.106	20.171	20.955	20.188	20.356	415.42	415.34
15:45:49	20.443	20.107	20.178	20.977	20.189	20.356	415.42	415.34
15:46:49	20.442	20.107	20.161	20.818	20.187	20.354	415.42	415.34
15:47:54	20.441	20.106	20.037	20.552	20.185	20.354	415.42	415.34
15:48:54	20.441	20.105	19.983	20.488	20.185	20.354	415.42	415.34
15:49:54	20.441	20.106	20.047	20.633	20.184	20.355	415.42	415.34
15:50:54	20.442	20.105	20.097	20.782	20.184	20.353	415.42	415.34
15:51:54	20.441	20.103	20.125	20.871	20.183	20.353	415.42	415.34
15:52:54	20.441	20.102	20.145	20.921	20.182	20.352	415.42	415.34
15:53:59	20.441	20.102	20.16	20.951	20.185	20.356	415.42	415.34
15:54:59	20.441	20.103	20.17	20.975	20.185	20.355	415.42	415.34
15:55:59	20.441	20.105	20.179	20.957	20.183	20.355	415.42	415.34
15:56:59	20.441	20.105	20.086	20.625	20.181	20.355	415.42	415.34
15:57:59	20.442	20.104	20.033	20.547	20.182	20.355	415.42	415.34
15:59:03	20.441	20.104	20.092	20.725	20.179	20.354	415.42	415.34
16:00:03	20.441	20.102	20.131	20.844	20.181	20.352	415.42	415.34
16:01:03	20.442	20.102	20.153	20.909	20.182	20.354	415.42	415.34
16:02:03	20.441	20.102	20.168	20.948	20.183	20.353	415.42	415.34
16:03:03	20.441	20.103	20.18	20.975	20.184	20.354	415.42	415.34
16:04:05	20.442	20.103	20.188	20.989	20.184	20.354	415.42	415.34
16:05:09	20.442	20.103	20.129	20.689	20.184	20.353	415.42	415.34
16:06:09	20.44	20.103	20.013	20.434	20.183	20.354	415.42	415.34
16:07:09	20.44	20.102	20.0	20.496	20.181	20.352	415.42	415.34
16:08:09	20.441	20.102	20.064	20.679	20.183	20.354	415.42	415.34
16:09:09	20.44	20.104	20.106	20.811	20.183	20.354	415.42	415.34
16:10:09	20.443	20.103	20.137	20.89	20.183	20.354	415.42	415.34
16:11:14	0.0	20.103	20.154	20.937	20.182	20.355	415.42	415.34
16:12:14	20.441	20.104	20.168	20.966	20.182	20.353	415.42	415.34
16:13:14	20.442	20.104	20.178	20.979	20.181	20.355	415.42	415.34
16:14:14	20.442	20.104	20.175	20.89	20.182	20.355	415.42	415.34
16:15:14	20.441	20.105	20.038	20.579	20.182	20.354	415.42	415.34
16:16:19	20.443	20.106	19.929	20.35	20.185	20.355	415.42	415.34
16:17:19	20.442	20.106	19.908	20.336	20.187	20.355	415.42	415.34
16:18:19	20.441	20.107	19.988	20.498	20.187	20.356	415.42	415.34
16:19:19	20.441	20.106	20.044	20.687	20.185	20.355	415.42	415.34
16:20:19	20.441	20.105	20.087	20.815	20.184	20.352	415.42	415.34
16:21:19	20.441	20.103	20.114	20.886	20.183	20.354	415.42	415.34
16:22:23	20.441	20.102	20.127	20.934	20.182	20.351	415.42	415.34
16:23:23	20.441	20.102	20.144	20.958	20.183	20.353	415.42	415.34
16:24:23	20.441	20.101	20.158	20.974	20.182	20.353	415.42	415.34
16:25:23	20.442	20.102	20.168	20.985	20.183	20.353	415.42	415.34
16:26:23	20.441	20.102	20.151	20.839	20.183	20.353	415.42	415.34
16:27:28	20.441	20.1	20.003	20.537	20.178	20.352	415.42	415.34
16:28:28	20.441	20.1	20.03	20.636	20.181	20.351	415.42	415.34
16:29:28	20.441	20.101	20.089	20.8	20.183	20.354	415.42	415.34
16:30:28	20.441	20.1	20.124	20.89	20.183	20.354	415.42	415.34
16:31:28	20.44	20.102	20.145	20.931	20.183	20.352	415.42	415.34
16:32:28	20.442	20.102	20.164	20.964	20.183	20.353	415.42	415.34
16:33:33	20.44	20.101	20.174	20.985	20.181	20.353	415.42	415.34
16:34:33	20.44	20.1	20.183	20.953	20.183	20.354	415.42	415.34
16:35:33	20.44	20.101	20.078	20.607	20.183	20.354	415.42	415.34
16:36:33	20.44	20.101	19.982	20.457	20.183	20.353	415.42	415.34
16:37:33	20.441	20.101	20.033	20.574	20.183	20.354	415.42	415.34
16:38:37	20.442	20.103	20.094	20.767	20.181	20.354	415.42	415.34
16:39:37	20.441	20.102	20.126	20.871	20.182	20.354	415.42	415.34
16:40:37	20.442	20.102	20.145	20.923	20.183	20.355	415.42	415.34
16:41:37	20.441	20.102	20.162	20.958	20.183	20.354	415.42	415.34
16:42:37	20.441	20.101	20.17	20.981	20.181	20.352	415.42	415.34
16:43:37	20.441	20.102	20.175	20.935	20.182	20.352	415.42	415.34
16:44:42	20.44	20.102	20.036	20.558	20.182	20.354	415.42	415.34
16:45:42	20.44	20.102	19.928	20.441	20.183	20.352	415.42	415.34
16:46:42	20.44	20.103	20.004	20.594	20.183	20.353	415.42	415.34
16:47:42	20.44	20.101	20.072	20.756	20.181	20.352	415.42	415.34
16:48:42	20.441	20.102	20.108	20.868	20.182	20.354	415.42	415.34
16:49:47	20.441	20.101	20.133	20.932	20.181	20.353	415.42	415.34
16:50:47	20.44	20.102	20.152	20.963	20.183	20.352	415.42	415.34
16:51:47	20.441	20.103	20.164	20.981	20.184	20.354	415.42	415.34
16:52:47	20.441	20.102	20.175	20.999	20.184	20.354	415.42	415.34
16:53:47	20.441	20.102	19.927	20.63	20.184	20.355	415.42	415.34
16:54:47	20.441	20.103	19.588	19.979	20.183	20.355	415.42	415.34
16:55:52	20.441	20.103	19.355	19.532	20.182	20.352	415.42	415.34
16:56:52	20.441	20.103	19.158	19.206	20.183	20.351	415.42	415.34
16:57:52	20.44	20.103	19.013	18.975	20.182	20.352	415.42	415.34
16:58:52	20.44	20.102	18.94	18.788	20.181	20.352	415.42	415.34
16:59:52	20.439	20.101	18.81	18.726	20.18	20.35	415.42	415.34
17:00:56	20.439	20.1	18.712	18.656	20.178	20.349	415.42	415.34
17:01:56	20.44	20.098	18.609	18.629	20.179	20.347	415.42	415.34
17:02:56	20.439	20.097	18.548	18.595	20.179	20.348	415.42	415.34
17:03:56	20.44	20.098	18.457	18.515	20.179	20.348	415.42	415.34
17:04:56	20.439	20.097	18.372	18.407	20.18	20.347	415.42	415.34
17:05:56	20.44	20.096	18.232	18.233	20.179	20.346	415.42	415.34
17:07:01	0.0	20.096	18.104	18.073	20.177	20.348	415.42	415.34
17:08:02	20.439	20.095	17.914	17.944	20.178	20.347	415.42	415.34
17:09:01	0.0	20.097	17.807	17.643	20.179	20.347	415.42	415.34
17:10:01	20.439	20.097	17.733	17.438	20.176	20.347	415.42	415.34
17:11:02	20.44	20.098	17.621	17.261	20.176	20.347	415.42	415.34
17:12:03	20.439	20.098	17.522	17.109	20.176	20.347	415.42	415.34
17:13:07	20.439	20.099	17.33	16.918	20.178	20.346	415.42	415.34
17:14:07	20.438	20.1	17.346	16.834	20.177	20.347	415.42	415.34
17:15:07	20.439	20.098	17.214	16.674	20.176	20.346	415.42	415.34
17:16:07	20.437	20.097	17.098	16.586	20.176	20.345	415.42	415.34
17:17:07	20.437	20.096	16.993	16.594	20.174	20.344	415.42	415.34
17:18:07	20.437	20.095	16.872	16.652	20.174	20.344	415.42	415.34
17:19:12	20.437	20.094	16.718	16.604	20.176	20.345	415.42	415.34
17:20:12	20.436	20.095	16.697	16.535	20.176	20.345	415.42	415.34
17:21:12	20.436	20.094	16.712	16.548	20.177	20.344	415.42	415.34
17:22:12	20.435	20.094	16.624	16.563	20.174	20.344	415.42	415.34
17:23:14	20.435	20.093	16.553	16.433	20.172	20.343	415.42	415.34
17:24:19	20.434	20.09	16.441	16.332	20.172	20.344	415.42	415.34
17:25:19	20.433	20.089	16.312	16.276	20.172	20.344	415.42	415.34
17:26:19	20.433	20.088	16.261	16.227	20.17	20.342	415.42	415.34
17:27:19	20.432	20.086	16.214	16.196	20.17	20.341	415.42	415.34
17:28:19	20.43	20.084	16.069	16.222	20.17	20.344	415.42	415.34
17:29:19	20.43	20.084	16.099	16.181	20.17	20.343	415.42	415.34
17:30:23	20.429	20.083	15.993	16.174	20.169	20.341	415.42	415.34
17:31:23	20.429	20.081	16.029	16.247	20.168	20.34	415.42	415.34
17:32:23	20.428	20.08	15.905	16.229	20.166	20.34	415.42	415.34
17:33:23	20.427	20.079	15.82	16.139	20.164	20.34	415.42	415.34
17:34:23	20.425	20.075	15.915	16.121	20.162	20.34	415.42	415.34
17:35:28	20.423	20.075	15.847	16.055	20.162	20.34	415.42	415.34
17:36:29	20.424	20.073	15.837	16.044	20.164	20.339	415.42	415.34
17:37:28	0.0	20.072	15.746	16.122	20.164	20.34	415.42	415.34
17:38:28	20.422	20.071	15.73	16.105	20.162	20.34	415.42	415.34
17:39:28	20.42	20.07	15.724	16.214	20.163	20.34	415.42	415.34
17:40:29	20.419	20.07	15.776	16.335	20.161	20.341	415.42	415.34
17:41:33	20.418	20.068	15.647	16.287	20.16	20.34	415.42	415.34
17:42:33	20.415	20.064	15.659	16.298	20.157	20.339	415.42	415.34
17:43:33	20.413	20.061	15.585	16.126	20.155	20.338	415.42	415.34
17:44:33	20.412	20.056	15.542	16.001	20.152	20.338	415.42	415.34
17:45:33	20.41	20.053	15.366	15.847	20.153	20.338	415.42	415.34
17:46:33	20.409	20.054	15.34	15.764	20.154	20.338	415.42	415.34
17:47:38	20.407	20.053	15.31	15.738	20.15	20.337	415.42	415.34
17:48:38	20.405	20.05	15.326	15.827	20.147	20.338	415.42	415.34
17:49:38	20.402	20.046	15.324	15.946	20.144	20.334	415.42	415.34
17:50:38	20.4	20.04	15.326	16.011	20.142	20.334	415.42	415.34
17:51:38	20.398	20.036	15.337	15.989	20.141	20.335	415.42	415.34
17:52:42	20.396	20.033	15.301	15.941	20.141	20.336	415.42	415.34
17:53:42	20.393	20.03	15.263	15.838	20.139	20.334	415.42	415.34
17:54:42	20.391	20.027	15.227	15.785	20.138	20.334	415.42	415.34
17:55:42	20.388	20.025	15.15	15.65	20.134	20.332	415.42	415.34
17:56:42	20.387	20.021	15.158	15.614	20.137	20.333	415.42	415.34
17:57:42	20.384	20.017	15.146	15.579	20.133	20.331	415.42	415.34
17:58:50	0.0	20.013	15.053	15.61	20.13	20.331	415.42	415.34
17:59:50	20.378	20.006	15.029	15.716	20.127	20.33	415.42	415.34
18:00:50	20.375	20.004	15.006	15.732	20.125	20.329	415.42	415.34
18:01:50	20.372	20.001	14.999	15.795	20.125	20.33	415.42	415.34
18:02:50	20.371	19.997	15.024	15.881	20.123	20.328	415.42	415.34
18:03:54	20.366	19.992	14.984	15.912	20.122	20.329	415.42	415.34
18:04:54	20.363	19.987	15.014	15.879	20.12	20.327	415.42	415.34
18:05:54	20.361	19.981	14.991	15.78	20.119	20.327	415.42	415.34
18:06:54	20.357	19.98	14.943	15.668	20.115	20.325	415.42	415.34
18:07:54	20.356	19.974	14.898	15.553	20.112	20.324	415.42	415.34
18:08:54	20.353	19.968	14.875	15.6	20.111	20.323	415.42	415.34
18:10:01	20.349	19.959	14.886	15.716	20.11	20.323	415.42	415.34
18:11:01	20.348	19.957	14.86	15.782	20.107	20.321	415.42	415.34
18:12:01	20.342	19.953	14.866	15.714	20.105	20.321	415.42	415.34
18:13:01	20.34	19.949	14.966	15.926	20.104	20.32	415.42	415.34
18:14:01	20.337	19.945	14.953	16.181	20.102	20.319	415.42	415.34
18:15:05	20.332	19.94	14.919	16.072	20.099	20.317	415.42	415.34
18:16:06	20.329	19.933	14.923	16.023	20.093	20.315	415.42	415.34
18:17:05	20.323	19.926	14.846	15.871	20.093	20.316	415.42	415.34
18:18:06	20.322	19.921	14.791	15.698	20.089	20.313	415.42	415.34
18:19:06	20.316	19.909	14.745	15.549	20.089	20.313	415.42	415.34
18:20:06	20.315	19.907	14.655	15.456	20.088	20.313	415.42	415.34
18:21:10	20.312	19.904	14.672	15.435	20.084	20.312	415.42	415.34
18:22:10	20.308	19.898	14.645	15.419	20.081	20.311	415.42	415.34
18:23:10	20.304	19.894	14.593	15.451	20.079	20.31	415.42	415.34
18:24:10	20.301	19.889	14.616	15.553	20.079	20.31	415.42	415.34
18:25:10	20.295	19.886	14.626	15.564	20.076	20.308	415.42	415.34
18:26:15	20.293	19.88	14.612	15.529	20.073	20.305	415.42	415.34
18:27:15	20.289	19.874	14.627	15.45	20.07	20.303	415.42	415.34
18:28:15	20.282	19.866	14.585	15.34	20.066	20.302	415.42	415.34
18:29:15	20.277	19.858	14.552	15.331	20.062	20.302	415.42	415.34
18:30:17	20.275	19.852	14.532	15.388	20.061	20.299	415.42	415.34
18:31:15	20.272	19.848	14.488	15.34	20.061	20.294	415.42	415.34
18:32:20	20.266	19.842	14.484	15.372	20.057	20.281	415.42	415.34
18:33:20	20.26	19.835	14.533	15.369	20.057	20.277	415.42	415.34
18:34:20	20.256	19.83	14.568	15.489	20.052	20.273	415.42	415.34
18:35:20	20.254	19.821	14.579	15.59	20.05	20.272	415.42	415.34
18:36:20	20.248	19.815	14.562	15.586	20.046	20.271	415.42	415.34
18:37:26	20.244	19.806	14.591	15.546	20.043	20.271	415.42	415.34
18:38:26	20.239	19.8	14.5	15.502	20.039	20.265	415.42	415.34
18:39:26	20.232	19.792	14.49	15.425	20.037	20.262	415.42	415.34
18:40:26	20.229	19.783	14.485	15.371	20.034	20.257	415.42	415.34
18:41:26	20.224	19.775	14.497	15.387	20.03	20.253	415.42	415.34
18:42:26	20.215	19.77	14.463	15.42	20.029	20.249	415.42	415.34
18:43:30	20.207	19.765	14.514	15.487	20.026	20.245	415.42	415.34
18:44:30	20.204	19.757	14.534	15.576	20.025	20.248	415.42	415.34
18:45:30	20.2	19.755	14.535	15.606	20.024	20.253	415.42	415.34
18:46:30	20.195	19.75	14.515	15.46	20.02	20.254	415.42	415.34
18:47:30	20.19	19.745	14.456	15.354	20.017	20.253	415.42	415.34
18:48:35	20.187	19.736	14.445	15.4	20.016	20.252	415.42	415.34
18:49:35	20.184	19.732	14.396	15.313	20.012	20.246	415.42	415.34
18:50:36	20.18	19.723	14.349	15.283	20.008	20.246	415.42	415.34
18:51:35	0.0	19.719	14.361	15.322	20.006	20.237	415.42	415.34
18:52:35	20.17	19.71	14.379	15.369	20.005	20.232	415.42	415.34
18:53:35	20.164	19.7	14.413	15.448	20.002	20.231	415.42	415.34
18:54:40	20.16	19.693	14.419	15.45	20.0	20.227	415.42	415.34
18:55:40	20.155	19.688	14.401	15.349	19.995	20.221	415.42	415.34
18:56:40	20.148	19.684	14.374	15.3	19.994	20.229	415.42	415.34
18:57:40	20.144	19.672	14.379	15.343	19.991	20.219	415.42	415.34
18:58:40	20.138	19.665	14.363	15.339	19.989	20.222	415.42	415.34
18:59:47	20.132	19.656	14.366	15.325	19.985	20.216	415.42	415.34
19:00:47	20.127	19.647	14.336	15.344	19.98	20.218	415.42	415.34
19:01:47	20.123	19.64	14.313	15.315	19.979	20.211	415.42	415.34
19:02:47	20.12	19.632	14.29	15.265	19.975	20.21	415.42	415.34
19:03:47	20.113	19.625	14.319	15.289	19.972	20.21	415.42	415.34
19:04:47	20.107	19.618	14.248	15.195	19.969	20.199	415.42	415.34
19:05:53	20.1	19.612	14.3	15.255	19.966	20.208	415.42	415.34
19:06:53	20.096	19.603	14.339	15.33	19.965	20.21	415.42	415.34
19:07:53	20.089	19.599	14.357	15.434	19.964	20.207	415.42	415.34
19:08:53	20.082	19.596	14.321	15.467	19.961	20.204	415.42	415.34
19:09:53	20.076	19.588	14.286	15.378	19.959	20.199	415.42	415.34
19:11:00	20.069	19.582	14.33	15.346	19.956	20.203	415.42	415.34
19:12:00	20.063	19.567	14.316	15.244	19.953	20.202	415.42	415.34
19:13:00	20.053	19.558	14.26	15.16	19.951	20.207	415.42	415.34
19:14:00	20.049	19.554	14.213	15.097	19.949	20.203	415.42	415.34
19:15:00	20.043	19.55	14.218	15.143	19.94	20.188	415.42	415.34
19:16:00	20.039	19.546	14.211	15.279	19.941	20.188	415.42	415.34
19:17:05	20.034	19.537	14.268	15.385	19.937	20.184	415.42	415.34
19:18:05	20.027	19.529	14.279	15.453	19.933	20.18	415.42	415.34
19:19:05	20.025	19.522	14.296	15.387	19.931	20.179	415.42	415.34
19:20:05	20.019	19.517	14.285	15.342	19.928	20.178	415.42	415.34
19:21:05	20.015	19.508	14.245	15.235	19.924	20.169	415.42	415.34
19:22:10	20.008	19.494	14.251	15.196	19.922	20.182	415.42	415.34
19:23:10	20.003	19.488	14.247	15.253	19.921	20.169	415.42	415.34
19:24:09	19.996	19.486	14.22	15.164	19.923	20.168	415.42	415.34
19:25:09	19.99	19.481	14.221	15.186	19.92	20.166	415.42	415.34
19:26:10	19.986	19.472	14.215	15.211	19.919	20.166	415.42	415.34
19:27:10	19.98	19.461	14.255	15.239	19.913	20.165	415.42	415.34
19:28:14	19.973	19.454	14.253	15.274	19.903	20.148	415.42	415.34
19:29:14	19.968	19.446	14.22	15.231	19.901	20.156	415.42	415.34
19:30:14	19.961	19.441	14.194	15.195	19.903	20.149	415.42	415.34
19:31:14	19.957	19.434	14.222	15.155	19.895	20.16	415.42	415.34
19:32:14	19.95	19.426	14.214	15.154	19.896	20.154	415.42	415.34
19:33:19	19.941	19.421	14.231	15.234	19.889	20.152	415.42	415.34
19:34:19	19.937	19.415	14.261	15.249	19.889	20.139	415.42	415.34
19:35:19	19.932	19.406	14.25	15.284	19.888	20.154	415.42	415.34
19:36:19	19.925	19.397	14.269	15.403	19.88	20.144	415.42	415.34
19:37:19	19.918	19.391	14.285	15.426	19.876	20.149	415.42	415.34
19:38:19	19.911	19.387	14.305	15.471	19.87	20.127	415.42	415.34
19:39:26	19.905	19.379	14.317	15.454	19.868	20.137	415.42	415.34
19:40:26	19.897	19.369	14.238	15.282	19.87	20.135	415.42	415.34
19:41:26	19.889	19.357	14.219	15.244	19.869	20.136	415.42	415.34
19:42:26	19.883	19.352	14.243	15.234	19.872	20.125	415.42	415.34
19:43:26	19.877	19.348	14.189	15.232	19.865	20.13	415.42	415.34
19:44:41	19.87	19.336	14.214	15.19	19.867	20.127	415.42	415.34
19:45:41	19.864	19.332	14.245	15.284	19.862	20.137	415.42	415.34
19:46:41	19.86	19.326	14.409	15.444	19.863	20.137	415.42	415.34
19:47:41	19.855	19.323	14.507	15.526	19.858	20.141	415.42	415.34
19:48:41	19.847	19.316	14.58	15.561	19.858	20.117	415.42	415.34
19:49:41	19.843	19.31	14.632	15.604	19.858	20.125	415.42	415.34
19:50:45	19.834	19.296	14.657	15.607	19.854	20.11	415.42	415.34
19:51:45	19.826	19.287	14.717	15.634	19.845	20.114	415.42	415.34
19:52:45	19.82	19.282	14.769	15.662	19.848	20.126	415.42	415.34
19:53:45	19.816	19.273	14.695	15.573	19.836	20.109	415.42	415.34
19:54:45	19.809	19.269	14.659	15.547	19.838	20.109	415.42	415.34
19:56:01	19.803	19.242	14.617	15.568	19.841	20.097	415.42	415.34
19:57:01	19.793	19.24	14.586	15.588	19.822	20.105	415.42	415.34
19:58:01	19.788	19.234	14.53	15.506	19.823	20.091	415.42	415.34
19:59:01	19.783	19.229	14.504	15.482	19.826	20.094	415.42	415.34
20:00:01	19.775	19.225	14.665	15.713	19.821	20.116	415.42	415.34
20:01:02	19.768	19.221	14.769	15.89	19.819	20.1	415.42	415.34
20:02:06	19.761	19.218	14.859	15.915	19.811	20.101	415.42	415.34
20:03:06	19.758	19.209	14.893	15.93	19.82	20.084	415.42	415.34
20:04:06	19.748	19.205	14.944	15.95	19.82	20.082	415.42	415.34
20:05:06	19.743	19.202	14.976	15.95	19.818	20.091	415.42	415.34
20:06:06	19.739	19.197	14.982	15.895	19.816	20.084	415.42	415.34
20:07:11	19.73	19.188	14.905	15.737	19.808	20.072	415.42	415.34
20:08:11	19.722	19.179	14.891	15.697	19.808	20.075	415.42	415.34
20:09:11	19.714	19.171	14.879	15.755	19.806	20.087	415.42	415.34
20:10:11	19.709	19.167	14.76	15.599	19.806	20.097	415.42	415.34
20:11:11	19.705	19.16	14.702	15.474	19.789	20.067	415.42	415.34
20:12:11	19.701	19.151	14.608	15.384	19.789	20.063	415.42	415.34
20:13:17	19.693	19.142	14.678	15.496	19.792	20.069	415.42	415.34
20:14:17	19.687	19.135	14.797	15.751	19.791	20.076	415.42	415.34
20:15:17	19.682	19.128	14.863	15.902	19.787	20.068	415.42	415.34
20:16:17	19.675	19.125	14.928	15.914	19.786	20.051	415.42	415.34
20:17:17	19.665	19.119	14.991	15.834	19.786	20.05	415.42	415.34
20:18:22	19.658	19.11	15.06	16.06	19.784	20.062	415.42	415.34
20:19:22	19.654	19.1	15.107	16.019	19.778	20.045	415.42	415.34
20:20:22	19.65	19.094	15.065	15.864	19.775	20.045	415.42	415.34
20:21:22	19.645	19.089	14.991	15.767	19.778	20.057	415.42	415.34
20:22:22	19.64	19.085	14.966	15.734	19.773	20.051	415.42	415.34
20:23:22	19.63	19.079	14.872	15.514	19.764	20.064	415.42	415.34
20:24:26	19.623	19.072	14.78	15.337	19.766	20.069	415.42	415.34
20:25:26	19.618	19.066	14.709	15.375	19.768	20.057	415.42	415.34
20:26:26	19.611	19.058	14.734	15.411	19.767	20.038	415.42	415.34
20:27:27	19.606	19.052	14.889	15.694	19.763	20.054	415.42	415.34
20:28:26	19.6	19.046	15.003	15.768	19.764	20.055	415.42	415.34
20:29:42	0.0	19.039	15.054	15.857	19.752	20.036	415.42	415.34
20:30:42	19.587	19.033	15.075	15.796	19.744	20.047	415.42	415.34
20:31:42	19.582	19.028	15.11	15.852	19.739	20.03	415.42	415.34
20:32:42	19.575	19.022	15.088	15.939	19.75	20.035	415.42	415.34
20:33:42	19.57	19.019	15.083	15.828	19.754	20.044	415.42	415.34
20:34:42	19.563	19.007	15.026	15.706	19.751	20.027	415.42	415.34
20:35:46	19.558	19.003	14.995	15.68	19.745	20.009	415.42	415.34
20:36:46	19.553	18.999	14.946	15.678	19.743	20.024	415.42	415.34
20:37:46	19.548	18.994	14.895	15.584	19.744	20.031	415.42	415.34
20:38:46	19.541	18.988	14.823	15.448	19.74	20.025	415.42	415.34
20:39:46	19.535	18.98	14.797	15.456	19.744	20.017	415.42	415.34
20:40:51	19.527	18.975	14.904	15.727	19.724	20.017	415.42	415.34
20:41:51	19.521	18.97	14.995	15.801	19.732	20.02	415.42	415.34
20:42:51	19.511	18.967	15.057	15.854	19.735	20.035	415.42	415.34
20:43:51	19.505	18.96	15.095	15.789	19.727	20.02	415.42	415.34
20:44:51	19.501	18.953	15.106	15.862	19.728	20.012	415.42	415.34
20:45:51	19.498	18.949	15.105	15.906	19.723	20.015	415.42	415.34
20:46:56	19.49	18.941	15.123	15.911	19.723	20.0	415.42	415.34
20:47:56	19.485	18.936	15.051	15.736	19.713	20.002	415.42	415.34
20:48:56	19.481	18.932	15.017	15.731	19.716	19.995	415.42	415.34
20:49:56	19.475	18.929	14.986	15.651	19.722	20.008	415.42	415.34
20:50:56	19.47	18.925	15.016	15.846	19.71	20.014	415.42	415.34
20:52:00	19.465	18.919	15.102	15.937	19.712	19.995	415.42	415.34
20:53:00	19.46	18.912	15.149	15.889	19.705	20.007	415.42	415.34
20:54:00	19.451	18.902	15.186	15.855	19.7	19.992	415.42	415.34
20:55:00	19.447	18.896	15.204	15.997	19.702	20.008	415.42	415.34
20:56:00	19.445	18.889	15.246	16.017	19.693	19.994	415.42	415.34
20:57:00	19.44	18.886	15.288	16.007	19.702	19.981	415.42	415.34
20:58:05	19.434	18.878	15.213	15.866	19.697	19.971	415.42	415.34
20:59:06	19.431	18.871	15.179	15.852	19.698	19.972	415.42	415.34
21:00:06	19.421	18.865	15.15	15.861	19.702	20.004	415.42	415.34
21:01:06	19.417	18.863	15.115	15.817	19.699	20.004	415.42	415.34
21:02:06	19.411	18.858	15.032	15.655	19.686	20.008	415.42	415.34
21:03:10	19.403	18.855	14.946	15.511	19.687	19.997	415.42	415.34
21:04:10	19.397	18.851	14.908	15.438	19.681	19.979	415.42	415.34
21:05:10	19.393	18.847	14.879	15.403	19.682	19.989	415.42	415.34
21:06:10	19.393	18.845	14.969	15.62	19.682	19.985	415.42	415.34
21:07:11	19.386	18.841	15.06	15.657	19.691	19.985	415.42	415.34
21:08:11	19.381	18.838	15.1	15.703	19.693	20.002	415.42	415.34
21:09:15	19.378	18.832	15.126	15.785	19.691	19.972	415.42	415.34
21:10:15	19.368	18.825	15.142	15.71	19.688	19.969	415.42	415.34
21:11:15	19.363	18.82	15.15	15.714	19.684	19.974	415.42	415.34
21:12:15	19.357	18.815	15.147	15.717	19.679	19.98	415.42	415.34
21:13:15	19.346	18.806	15.173	15.855	19.673	19.97	415.42	415.34
21:14:20	19.343	18.805	15.19	15.817	19.667	19.975	415.42	415.34
21:15:20	19.342	18.798	15.228	15.886	19.654	19.969	415.42	415.34
21:16:20	19.338	18.795	15.228	15.946	19.663	19.981	415.42	415.34
21:17:20	19.333	18.79	15.259	15.985	19.657	19.966	415.42	415.34
21:18:20	19.328	18.788	15.283	15.92	19.651	19.965	415.42	415.34
21:19:20	19.325	18.781	15.185	15.8	19.658	19.968	415.42	415.34
21:20:25	19.32	18.778	15.149	15.686	19.667	19.962	415.42	415.34
21:21:25	19.315	18.777	15.116	15.609	19.656	19.968	415.42	415.34
21:22:25	19.312	18.774	15.058	15.583	19.658	19.963	415.42	415.34
21:23:25	19.308	18.767	15.039	15.716	19.661	19.959	415.42	415.34
21:24:25	19.3	18.764	15.152	15.977	19.661	19.965	415.42	415.34
21:25:31	19.29	18.759	15.22	15.991	19.648	19.947	415.42	415.34
21:26:31	19.287	18.754	15.278	16.014	19.641	19.953	415.42	415.34
21:27:31	19.282	18.746	15.308	16.06	19.645	19.962	415.42	415.34
21:28:31	19.281	18.739	15.329	15.983	19.638	19.948	415.42	415.34
21:29:31	19.274	18.738	15.335	15.954	19.648	19.948	415.42	415.34
21:30:31	19.273	18.734	15.312	15.885	19.648	19.935	415.42	415.34
21:31:35	19.269	18.729	15.22	15.711	19.659	19.938	415.42	415.34
21:32:37	19.261	18.728	15.168	15.616	19.651	19.934	415.42	415.34
21:33:35	19.259	18.723	15.116	15.588	19.642	19.935	415.42	415.34
21:34:35	19.256	18.717	15.168	15.836	19.636	19.945	415.42	415.34
21:35:35	19.248	18.713	15.267	15.92	19.625	19.938	415.42	415.34
21:36:40	19.246	18.71	15.32	15.939	19.625	19.945	415.42	415.34
21:37:40	19.237	18.701	15.34	15.93	19.626	19.947	415.42	415.34
21:38:40	19.234	18.696	15.348	15.855	19.627	19.937	415.42	415.34
21:39:40	19.231	18.694	15.382	15.897	19.634	19.936	415.42	415.34
21:40:40	19.226	18.692	15.394	15.844	19.629	19.936	415.42	415.34
21:41:40	19.223	18.689	15.26	15.744	19.637	19.948	415.42	415.34
21:42:45	19.21	18.683	15.191	15.592	19.634	19.922	415.42	415.34
21:43:45	19.211	18.68	15.142	15.485	19.632	19.922	415.42	415.34
21:44:45	19.209	18.676	15.137	15.598	19.616	19.912	415.42	415.34
21:45:45	19.204	18.671	15.172	15.84	19.624	19.918	415.42	415.34
21:46:44	19.2	18.663	15.245	15.992	19.614	19.921	415.42	415.34
21:47:49	19.187	18.659	15.325	15.996	19.591	19.929	415.42	415.34
21:48:49	19.191	18.653	15.349	15.943	19.6	19.936	415.42	415.34
21:49:50	19.192	18.648	15.383	15.932	19.603	19.938	415.42	415.34
21:50:49	19.19	18.646	15.384	15.989	19.606	19.935	415.42	415.34
21:51:49	19.186	18.648	15.343	15.916	19.613	19.919	415.42	415.34
21:52:49	19.18	18.646	15.253	15.753	19.605	19.921	415.42	415.34
21:53:54	19.175	18.642	15.211	15.699	19.619	19.923	415.42	415.34
21:54:54	19.168	18.639	15.147	15.524	19.614	19.922	415.42	415.34
21:55:54	19.164	18.636	15.024	15.356	19.609	19.924	415.42	415.34
21:56:54	19.159	18.631	15.037	15.556	19.593	19.941	415.42	415.34
21:57:54	19.159	18.626	15.16	15.795	19.599	19.92	415.42	415.34
21:58:59	19.152	18.619	15.191	15.776	19.588	19.92	415.42	415.34
21:59:59	19.15	18.615	15.218	15.859	19.601	19.927	415.42	415.34
22:00:59	19.15	18.61	15.26	15.946	19.6	19.929	415.42	415.34
22:01:59	19.145	18.61	15.331	15.91	19.604	19.917	415.42	415.34
22:02:59	19.141	18.605	15.336	15.948	19.599	19.914	415.42	415.34
22:03:59	19.14	18.6	15.383	15.915	19.597	19.911	415.42	415.34
22:05:05	19.131	18.596	15.31	15.81	19.59	19.91	415.42	415.34
22:06:05	0.0	18.596	15.181	15.663	19.574	19.915	415.42	415.34
22:07:05	19.118	18.591	15.139	15.555	19.587	19.915	415.42	415.34
22:08:05	19.117	18.585	15.132	15.619	19.582	19.923	415.42	415.34
22:09:05	19.116	18.58	15.149	15.883	19.584	19.911	415.42	415.34
22:10:11	19.114	18.576	15.207	16.012	19.604	19.906	415.42	415.34
22:11:11	19.101	18.575	15.253	15.875	19.586	19.898	415.42	415.34
22:12:11	19.095	18.575	15.285	15.863	19.597	19.906	415.42	415.34
22:13:11	19.086	18.573	15.323	15.848	19.598	19.888	415.42	415.34
22:14:11	19.089	18.57	15.315	15.793	19.582	19.886	415.42	415.34
22:15:11	19.086	18.568	15.305	15.749	19.587	19.893	415.42	415.34
22:16:16	19.085	18.564	15.275	15.672	19.592	19.909	415.42	415.34
22:17:16	19.08	18.556	15.163	15.601	19.58	19.891	415.42	415.34
22:18:16	19.069	18.554	15.214	15.767	19.591	19.88	415.42	415.34
22:19:16	19.071	18.548	15.229	15.719	19.58	19.878	415.42	415.34
22:20:16	19.066	18.545	15.231	15.782	19.576	19.888	415.42	415.34
22:21:20	19.067	18.541	15.292	15.858	19.593	19.899	415.42	415.34
22:22:20	19.069	18.535	15.322	15.898	19.578	19.887	415.42	415.34
22:23:20	19.06	18.531	15.32	15.891	19.565	19.884	415.42	415.34
22:24:20	19.059	18.525	15.328	15.879	19.569	19.896	415.42	415.34
22:25:22	19.056	18.523	15.351	15.806	19.572	19.88	415.42	415.34
22:26:20	19.052	18.523	15.357	15.706	19.564	19.884	415.42	415.34
22:27:25	19.05	18.519	15.234	15.621	19.554	19.88	415.42	415.34
22:28:25	19.046	18.514	15.226	15.739	19.556	19.903	415.42	415.34
22:29:25	19.04	18.515	15.237	15.748	19.562	19.91	415.42	415.34
22:30:25	19.039	18.511	15.257	15.82	19.564	19.883	415.42	415.34
22:31:25	19.035	18.509	15.254	15.891	19.56	19.88	415.42	415.34
22:32:30	19.031	18.504	15.31	15.929	19.569	19.884	415.42	415.34
22:33:30	19.014	18.501	15.334	15.901	19.549	19.89	415.42	415.34
22:34:30	19.014	18.497	15.375	15.854	19.55	19.905	415.42	415.34
22:35:30	19.014	18.495	15.359	15.77	19.56	19.901	415.42	415.34
22:36:30	19.014	18.495	15.335	15.749	19.551	19.875	415.42	415.34
22:37:30	19.012	18.491	15.257	15.684	19.567	19.897	415.42	415.34
22:38:34	19.009	18.486	15.217	15.792	19.568	19.878	415.42	415.34
22:39:34	19.004	18.484	15.267	15.851	19.546	19.88	415.42	415.34
22:40:34	18.995	18.48	15.271	15.791	19.559	19.879	415.42	415.34
22:41:34	18.992	18.478	15.317	15.857	19.532	19.88	415.42	415.34
22:42:34	18.991	18.475	15.328	15.938	19.535	19.892	415.42	415.34
22:43:39	18.983	18.473	15.331	16.003	19.553	19.896	415.42	415.34
22:44:39	18.981	18.47	15.317	15.895	19.532	19.863	415.42	415.34
22:45:39	18.979	18.469	15.308	15.821	19.552	19.875	415.42	415.34
22:46:39	18.976	18.464	15.292	15.779	19.538	19.862	415.42	415.34
22:47:39	18.977	18.46	15.273	15.871	19.532	19.871	415.42	415.34
22:48:39	18.967	18.455	15.308	15.878	19.548	19.866	415.42	415.34
22:49:47	18.969	18.45	15.306	15.92	19.539	19.867	415.42	415.34
22:50:47	18.964	18.448	15.305	15.84	19.537	19.868	415.42	415.34
22:51:47	18.959	18.444	15.285	15.914	19.536	19.881	415.42	415.34
22:52:47	18.953	18.443	15.255	15.961	19.545	19.876	415.42	415.34
22:53:47	18.955	18.436	15.298	15.864	19.544	19.865	415.42	415.34
22:54:52	18.957	18.434	15.31	15.803	19.528	19.852	415.42	415.34
22:55:52	18.955	18.433	15.318	15.807	19.544	19.852	415.42	415.34
22:56:52	18.954	18.431	15.27	15.875	19.541	19.872	415.42	415.34
22:57:52	18.945	18.429	15.278	15.719	19.536	19.847	415.42	415.34
22:58:52	18.938	18.427	15.272	15.673	19.545	19.842	415.42	415.34
22:59:52	18.94	18.421	15.266	15.788	19.549	19.854	415.42	415.34
23:00:56	18.938	18.417	15.359	15.845	19.537	19.865	415.42	415.34
23:01:56	18.936	18.415	15.315	15.824	19.521	19.864	415.42	415.34
23:02:56	18.93	18.415	15.334	15.783	19.534	19.862	415.42	415.34
23:03:56	18.927	18.411	15.344	15.763	19.549	19.853	415.42	415.34
23:04:56	18.921	18.41	15.327	15.817	19.542	19.851	415.42	415.34
23:06:02	0.0	18.407	15.337	15.901	19.549	19.873	415.42	415.34
23:07:02	18.92	18.406	15.316	15.9	19.519	19.838	415.42	415.34
23:08:02	18.917	18.402	15.298	15.765	19.506	19.867	415.42	415.34
23:09:02	18.916	18.398	15.336	15.825	19.521	19.845	415.42	415.34
23:10:02	18.908	18.397	15.393	15.837	19.525	19.844	415.42	415.34
23:11:02	18.904	18.397	15.394	15.793	19.531	19.843	415.42	415.34
23:12:07	18.897	18.392	15.353	15.835	19.529	19.849	415.42	415.34
23:13:07	18.9	18.391	15.369	15.85	19.53	19.855	415.42	415.34
23:14:07	18.891	18.39	15.33	15.8	19.537	19.851	415.42	415.34
23:15:07	18.891	18.388	15.339	15.761	19.539	19.86	415.42	415.34
23:16:07	18.877	18.382	15.301	15.644	19.522	19.85	415.42	415.34
23:17:33	18.877	18.377	15.282	15.707	19.505	19.853	415.42	415.34
23:18:33	18.879	18.375	15.305	15.798	19.498	19.845	415.42	415.34
23:19:33	18.879	18.373	15.347	15.761	19.516	19.843	415.42	415.34
23:20:33	18.874	18.367	15.305	15.707	19.528	19.841	415.42	415.34
23:21:33	18.874	18.363	15.288	15.696	19.53	19.84	415.42	415.34
23:22:33	18.87	18.363	15.245	15.582	19.522	19.838	415.42	415.34
23:23:38	18.872	18.36	15.26	15.653	19.522	19.826	415.42	415.34
23:24:38	18.867	18.356	15.264	15.652	19.517	19.829	415.42	415.34
23:25:38	18.86	18.352	15.215	15.598	19.512	19.842	415.42	415.34
23:26:38	18.859	18.348	15.255	15.693	19.509	19.83	415.42	415.34
23:27:38	18.862	18.342	15.236	15.72	19.505	19.835	415.42	415.34
23:28:42	18.86	18.341	15.23	15.759	19.513	19.833	415.42	415.34
23:29:42	18.861	18.338	15.225	15.795	19.501	19.851	415.42	415.34
23:30:42	18.857	18.336	15.22	15.689	19.501	19.859	415.42	415.34
23:31:42	18.852	18.333	15.221	15.596	19.507	19.834	415.42	415.34
23:32:42	18.85	18.333	15.203	15.617	19.508	19.851	415.42	415.34
23:33:42	18.848	18.328	15.225	15.625	19.488	19.856	415.42	415.34
23:34:47	18.848	18.327	15.281	15.833	19.502	19.857	415.42	415.34
23:35:47	18.847	18.324	15.352	15.826	19.488	19.831	415.42	415.34
23:36:47	18.842	18.322	15.422	15.938	19.489	19.81	415.42	415.34
23:37:47	18.84	18.322	15.423	16.109	19.483	19.822	415.42	415.34
23:38:47	18.838	18.317	15.433	16.061	19.486	19.818	415.42	415.34
23:39:53	18.836	18.314	15.515	16.112	19.485	19.819	415.42	415.34
23:40:53	18.83	18.312	15.515	16.137	19.501	19.833	415.42	415.34
23:41:53	18.826	18.308	15.462	15.955	19.492	19.844	415.42	415.34
23:42:53	18.82	18.308	15.392	15.88	19.5	19.837	415.42	415.34
23:43:53	18.821	18.305	15.346	15.821	19.479	19.827	415.42	415.34
23:45:18	18.82	18.299	15.245	15.759	19.479	19.8	415.42	415.34
23:46:18	18.815	18.295	15.289	15.863	19.487	19.815	415.42	415.34
23:47:19	18.808	18.293	15.369	15.929	19.491	19.809	415.42	415.34
23:48:18	18.801	18.29	15.375	15.908	19.5	19.812	415.42	415.34
23:49:19	18.801	18.291	15.384	15.872	19.492	19.832	415.42	415.34
23:50:18	18.804	18.29	15.433	15.927	19.476	19.833	415.42	415.34
23:51:23	18.794	18.289	15.425	15.911	19.488	19.855	415.42	415.34
23:52:23	18.796	18.287	15.424	15.835	19.486	19.842	415.42	415.34
23:53:23	18.784	18.285	15.351	15.769	19.478	19.831	415.42	415.34
23:54:23	18.783	18.282	15.284	15.723	19.48	19.808	415.42	415.34
23:55:23	18.781	18.275	15.315	15.885	19.472	19.806	415.42	415.34
23:56:27	18.782	18.274	15.432	16.109	19.482	19.821	415.42	415.34
23:57:27	18.78	18.274	15.462	16.057	19.483	19.813	415.42	415.34
23:58:27	18.776	18.273	15.436	15.921	19.482	19.825	415.42	415.34
23:59:27	18.768	18.269	15.454	15.907	19.481	19.827	415.42	415.34
