00:00:57	21.597	21.166	16.691	18.29	21.665	21.748	415.42	415.34
00:01:57	21.593	21.162	16.754	18.255	21.658	21.764	415.42	415.34
00:02:57	21.58	21.152	16.663	18.325	21.645	21.754	415.42	415.34
00:03:57	21.575	21.147	16.682	18.319	21.629	21.751	415.42	415.34
00:04:57	21.576	21.142	16.723	18.443	21.638	21.756	415.42	415.34
00:05:57	21.578	21.142	16.668	18.498	21.621	21.768	415.42	415.34
00:06:57	21.561	21.135	16.655	18.478	21.619	21.769	415.42	415.34
00:07:57	21.56	21.129	16.654	18.279	21.612	21.76	415.42	415.34
00:08:57	21.56	21.125	16.669	17.937	21.615	21.756	415.42	415.34
00:09:58	21.56	21.119	16.758	17.912	21.61	21.77	415.42	415.34
00:10:57	21.552	21.112	16.739	17.756	21.598	21.761	415.42	415.34
00:11:57	21.537	21.109	16.8	17.608	21.592	21.763	415.42	415.34
00:12:57	21.531	21.106	16.808	17.444	21.595	21.776	415.42	415.34
00:13:57	21.526	21.1	16.705	17.259	21.59	21.762	415.42	415.34
00:14:57	21.521	21.095	16.657	17.423	21.592	21.763	415.42	415.34
00:15:57	21.521	21.088	16.628	17.83	21.583	21.76	415.42	415.34
00:16:59	21.517	21.088	16.65	17.975	21.585	21.764	415.42	415.34
00:17:57	21.503	21.082	16.592	18.084	21.582	21.764	415.42	415.34
00:18:57	21.505	21.078	16.574	18.109	21.575	21.758	415.42	415.34
00:19:57	21.496	21.073	16.609	18.161	21.583	21.751	415.42	415.34
00:20:57	21.488	21.066	16.628	18.353	21.572	21.748	415.42	415.34
00:21:57	21.482	21.062	16.66	18.313	21.559	21.75	415.42	415.34
00:22:57	21.487	21.056	16.587	18.269	21.567	21.755	415.42	415.34
00:23:57	21.485	21.055	16.575	18.429	21.559	21.757	415.42	415.34
00:24:57	21.477	21.049	16.544	18.318	21.559	21.748	415.42	415.34
00:25:57	21.481	21.041	16.611	18.265	21.551	21.755	415.42	415.34
00:26:57	21.479	21.036	16.558	18.324	21.551	21.755	415.42	415.34
00:27:57	21.466	21.034	16.573	18.525	21.542	21.743	415.42	415.34
00:28:57	21.455	21.033	16.613	18.585	21.553	21.744	415.42	415.34
00:29:57	21.444	21.028	16.603	18.505	21.543	21.741	415.42	415.34
00:30:57	21.447	21.022	16.67	18.167	21.53	21.741	415.42	415.34
00:31:57	21.448	21.02	16.588	17.918	21.537	21.739	415.42	415.34
00:32:57	21.449	21.01	16.646	17.808	21.533	21.74	415.42	415.34
00:33:57	21.447	21.006	16.627	17.67	21.53	21.741	415.42	415.34
00:34:57	21.446	21.004	16.674	17.692	21.532	21.741	415.42	415.34
00:35:57	21.436	20.997	16.656	17.496	21.516	21.73	415.42	415.34
00:36:57	21.424	20.987	16.629	17.373	21.519	21.734	415.42	415.34
00:37:57	21.421	20.986	16.566	17.803	21.516	21.731	415.42	415.34
00:38:57	21.411	20.983	16.568	18.106	21.512	21.738	415.42	415.34
00:39:57	21.411	20.98	16.532	18.326	21.519	21.728	415.42	415.34
00:40:57	21.412	20.977	16.455	18.349	21.519	21.732	415.42	415.34
00:41:57	21.396	20.977	16.452	18.299	21.501	21.728	415.42	415.34
00:42:57	21.388	20.969	16.474	18.362	21.501	21.728	415.42	415.34
00:43:57	21.388	20.962	16.503	18.458	21.504	21.73	415.42	415.34
00:44:57	21.367	20.956	16.439	18.199	21.496	21.723	415.42	415.34
00:45:57	21.372	20.951	16.5	18.259	21.497	21.725	415.42	415.34
00:46:57	21.376	20.948	16.485	18.271	21.493	21.727	415.42	415.34
00:47:57	21.365	20.941	16.473	18.087	21.502	21.727	415.42	415.34
00:48:57	21.356	20.934	16.441	18.195	21.485	21.717	415.42	415.34
00:49:57	21.351	20.928	16.44	18.272	21.484	21.714	415.42	415.34
00:50:57	21.351	20.924	16.417	18.234	21.484	21.71	415.42	415.34
00:51:57	21.348	20.919	16.445	18.23	21.482	21.715	415.42	415.34
00:52:57	21.346	20.917	16.561	18.077	21.48	21.705	415.42	415.34
00:53:57	21.347	20.913	16.495	18.277	21.473	21.708	415.42	415.34
00:54:57	21.333	20.908	16.499	18.17	21.484	21.71	415.42	415.34
00:55:57	21.333	20.902	16.473	18.078	21.486	21.702	415.42	415.34
00:56:57	21.328	20.899	16.466	18.304	21.476	21.704	415.42	415.34
00:57:57	21.325	20.896	16.474	18.347	21.462	21.708	415.42	415.34
00:58:57	21.323	20.889	16.483	18.423	21.47	21.706	415.42	415.34
00:59:57	21.325	20.881	16.505	18.425	21.457	21.703	415.42	415.34
01:00:57	21.324	20.876	16.45	18.356	21.462	21.703	415.42	0.0
01:01:57	21.298	20.87	16.465	18.189	21.471	21.694	415.42	415.34
01:02:57	21.292	20.866	16.401	18.26	21.458	21.695	415.42	415.34
01:03:57	21.29	20.865	16.51	18.057	21.449	21.7	415.42	415.34
01:04:57	21.295	20.86	16.43	18.06	21.455	21.698	415.42	415.34
01:05:57	21.286	20.854	16.364	18.081	21.454	21.696	415.42	415.34
01:06:57	21.281	20.848	16.41	18.317	21.437	21.69	415.42	415.34
01:07:57	21.279	20.845	16.43	18.213	21.431	21.687	415.42	415.34
01:08:57	21.271	20.839	16.455	18.577	21.441	21.688	415.42	415.34
01:09:57	21.262	20.835	16.473	18.569	21.444	21.683	415.42	415.34
01:10:57	21.261	20.83	16.411	18.143	21.443	21.683	415.42	415.34
01:11:57	21.251	20.825	16.422	17.897	21.446	21.678	415.42	415.34
01:12:57	21.248	20.82	16.511	17.733	21.444	21.688	415.42	415.34
01:13:57	21.245	20.814	16.502	17.459	21.435	21.673	415.42	415.34
01:14:57	0.0	20.81	16.534	17.465	21.449	21.678	415.42	415.34
01:15:57	21.242	20.805	16.5	17.59	21.44	21.679	415.42	415.34
01:16:57	21.245	20.802	16.426	17.935	21.44	21.677	415.42	415.34
01:17:57	21.24	20.797	16.409	18.08	21.433	21.669	415.42	415.34
01:18:58	21.233	20.795	16.393	18.03	21.43	21.679	415.42	415.34
01:19:57	21.215	20.789	16.389	18.176	21.421	21.67	415.42	415.34
01:20:57	21.219	20.781	16.437	18.231	21.415	21.668	415.42	415.34
01:21:57	21.204	20.775	16.497	18.409	21.426	21.675	415.42	415.34
01:22:57	21.197	20.772	16.49	18.541	21.428	21.666	415.42	415.34
01:23:57	21.199	20.772	16.512	18.503	21.423	21.667	415.42	415.34
01:24:57	21.198	20.769	16.489	18.314	21.409	21.675	415.42	415.34
01:25:57	21.191	20.765	16.448	18.233	21.413	21.667	415.42	415.34
01:26:57	21.181	20.759	16.435	18.143	21.415	21.663	415.42	415.34
01:27:57	21.179	20.757	16.422	18.171	21.411	21.659	415.42	415.34
01:28:57	21.176	20.754	16.401	18.124	21.401	21.661	415.42	415.34
01:29:57	21.163	20.748	16.328	18.251	21.408	21.658	415.42	415.34
01:30:57	21.158	20.741	16.391	18.105	21.41	21.66	415.42	415.34
01:31:57	21.158	20.735	16.353	17.998	21.401	21.651	415.42	415.34
01:32:57	21.159	20.731	16.337	18.132	21.402	21.645	415.42	415.34
01:33:57	21.143	20.729	16.427	18.295	21.397	21.648	415.42	415.34
01:34:57	21.137	20.722	16.528	18.286	21.404	21.662	415.42	415.34
01:35:57	21.138	20.716	16.489	18.322	21.397	21.664	415.42	415.34
01:36:57	21.13	20.71	16.47	18.243	21.392	21.656	415.42	415.34
01:37:57	21.135	20.706	16.42	18.267	21.39	21.647	415.42	415.34
01:38:57	21.133	20.702	16.482	18.209	21.391	21.646	415.42	415.34
01:39:57	21.118	20.702	16.447	18.189	21.395	21.662	415.42	415.34
01:40:57	21.11	20.698	16.437	18.119	21.398	21.645	415.42	415.34
01:41:57	21.108	20.694	16.438	18.189	21.377	21.645	415.42	415.34
01:42:57	21.112	20.688	16.408	18.238	21.388	21.647	415.42	415.34
01:43:57	21.109	20.681	16.369	18.119	21.388	21.632	415.42	415.34
01:44:57	21.105	20.675	16.348	18.064	21.379	21.636	415.42	415.34
01:45:57	21.109	20.671	16.418	18.314	21.371	21.633	415.42	415.34
01:46:57	21.106	20.664	16.417	18.164	21.375	21.635	415.42	415.34
01:47:57	21.09	20.66	16.457	17.934	21.376	21.627	415.42	415.34
01:48:57	21.08	20.658	16.371	18.036	21.366	21.629	415.42	415.34
01:49:57	21.081	20.652	16.415	18.118	21.362	21.627	415.42	415.34
01:50:57	21.074	20.648	16.366	18.0	21.356	21.627	415.42	415.34
01:51:57	21.075	20.646	16.403	18.146	21.378	21.632	415.42	415.34
01:52:57	21.067	20.642	16.413	18.074	21.367	21.639	415.42	415.34
01:53:57	21.055	20.64	16.462	18.21	21.363	21.626	415.42	415.34
01:54:57	21.058	20.638	16.497	18.206	21.372	21.639	415.42	415.34
01:55:57	21.057	20.631	16.482	18.203	21.37	21.63	415.42	415.34
01:56:57	21.058	20.629	16.473	18.333	21.374	21.627	415.42	415.34
01:57:57	21.052	20.624	16.48	18.167	21.367	21.627	415.42	415.34
01:58:57	21.051	20.616	16.42	18.135	21.37	21.63	415.42	415.34
01:59:57	21.04	20.612	16.39	18.163	21.363	21.629	415.42	415.34
02:00:58	21.042	20.609	16.383	18.064	21.353	21.632	415.42	415.34
02:01:57	21.043	20.606	16.384	18.183	21.357	21.625	415.42	415.34
02:02:57	21.042	20.602	16.398	18.088	21.354	21.61	415.42	415.34
02:03:57	21.029	20.597	16.379	18.166	21.356	21.624	415.42	415.34
02:04:57	21.025	20.595	16.391	18.114	21.37	21.618	415.42	415.34
02:05:57	21.019	20.59	16.324	18.154	21.351	21.614	415.42	415.34
02:06:57	21.011	20.587	16.382	17.959	21.349	21.608	415.42	415.34
02:07:57	21.003	20.584	16.325	18.166	21.349	21.618	415.42	415.34
02:08:57	21.006	20.582	16.319	17.98	21.343	21.615	415.42	415.34
02:09:57	20.999	20.583	16.299	18.067	21.35	21.608	415.42	415.34
02:10:57	20.992	20.575	16.248	18.068	21.348	21.617	415.42	415.34
02:11:57	20.988	20.567	16.346	18.051	21.339	21.613	415.42	415.34
02:12:57	20.997	20.561	16.388	18.084	21.332	21.607	415.42	415.34
02:13:57	21.0	20.555	16.338	17.956	21.339	21.604	415.42	415.34
02:14:57	20.994	20.553	16.343	18.011	21.332	21.608	415.42	415.34
02:15:57	20.987	20.555	16.397	18.162	21.327	21.61	415.42	415.34
02:16:57	20.969	20.553	16.347	18.019	21.327	21.601	415.42	415.34
02:17:57	20.965	20.547	16.355	18.129	21.334	21.601	415.42	415.34
02:18:57	20.966	20.542	16.365	18.19	21.325	21.604	415.42	415.34
02:19:57	20.961	20.537	16.37	18.231	21.336	21.605	415.42	415.34
02:20:57	20.952	20.53	16.407	18.147	21.332	21.597	415.42	415.34
02:21:57	20.938	20.528	16.432	18.298	21.338	21.6	415.42	415.34
02:22:58	20.937	20.523	16.378	18.218	21.326	21.597	415.42	415.34
02:23:57	0.0	20.519	16.375	18.331	21.323	21.602	415.42	415.34
02:24:58	20.935	20.514	16.349	18.201	21.33	21.608	415.42	415.34
02:25:57	0.0	20.511	16.385	18.128	21.304	21.602	415.42	415.34
02:26:57	20.92	20.508	16.377	18.045	21.315	21.594	415.42	415.34
02:27:57	20.919	20.506	16.381	18.053	21.324	21.598	415.42	415.34
02:28:57	20.93	20.5	16.415	18.03	21.326	21.603	415.42	415.34
02:29:57	20.92	20.499	16.373	18.197	21.316	21.588	415.42	415.34
02:30:57	20.912	20.492	16.363	18.255	21.321	21.589	415.42	415.34
02:31:57	20.911	20.489	16.317	18.167	21.323	21.598	415.42	415.34
02:32:57	20.899	20.484	16.348	18.148	21.329	21.591	415.42	415.34
02:33:57	20.904	20.476	16.321	18.106	21.322	21.592	415.42	415.34
02:34:57	20.9	20.477	16.347	18.025	21.319	21.599	415.42	415.34
02:35:57	20.901	20.474	16.308	18.096	21.315	21.599	415.42	415.34
02:36:57	20.895	20.472	16.318	17.801	21.324	21.593	415.42	415.34
02:37:57	20.886	20.471	16.31	17.846	21.32	21.591	415.42	415.34
02:38:57	20.869	20.462	16.304	17.958	21.302	21.582	415.42	415.34
02:39:57	20.872	20.457	16.365	18.037	21.31	21.587	415.42	415.34
02:40:57	20.872	20.455	16.371	18.115	21.3	21.581	415.42	415.34
02:41:57	20.864	20.453	16.275	17.961	21.31	21.583	415.42	415.34
02:42:57	20.869	20.45	16.227	18.017	21.309	21.579	415.42	415.34
02:43:57	20.867	20.446	16.278	18.044	21.309	21.574	415.42	415.34
02:44:57	20.862	20.44	16.311	17.976	21.318	21.58	415.42	415.34
02:45:57	20.856	20.434	16.346	17.839	21.306	21.578	415.42	415.34
02:46:57	20.855	20.429	16.276	17.945	21.307	21.578	415.42	415.34
02:47:57	20.854	20.425	16.318	18.059	21.308	21.575	415.42	415.34
02:48:57	20.841	20.42	16.323	18.192	21.31	21.568	415.42	415.34
02:49:58	20.83	20.415	16.304	18.078	21.305	21.573	415.42	415.34
02:50:57	20.839	20.41	16.375	18.033	21.303	21.576	415.42	415.34
02:51:57	20.826	20.41	16.313	18.096	21.303	21.564	415.42	415.34
02:52:57	20.826	20.41	16.29	18.048	21.304	21.572	415.42	415.34
02:53:57	20.817	20.408	16.275	17.963	21.295	21.568	415.42	415.34
02:54:57	20.808	20.407	16.231	17.987	21.289	21.567	415.42	415.34
02:55:57	20.816	20.4	16.308	18.004	21.283	21.556	415.42	415.34
02:56:57	20.811	20.396	16.299	18.109	21.276	21.563	415.42	415.34
02:57:57	20.799	20.389	16.338	18.05	21.278	21.564	415.42	415.34
02:58:57	20.792	20.387	16.319	17.923	21.284	21.549	415.42	415.34
02:59:57	20.799	20.383	16.325	18.157	21.291	21.567	415.42	415.34
03:00:57	20.793	20.38	16.316	18.002	21.289	21.56	415.42	415.34
03:01:57	20.797	20.375	16.346	17.882	21.286	21.562	415.42	415.34
03:02:57	20.791	20.372	16.308	17.878	21.281	21.557	415.42	415.34
03:03:57	20.782	20.367	16.392	18.021	21.291	21.561	415.42	415.34
03:04:57	20.766	20.362	16.334	18.099	21.282	21.555	415.42	415.34
03:05:57	20.774	20.359	16.303	17.998	21.297	21.554	415.42	415.34
03:06:57	20.771	20.357	16.317	17.979	21.277	21.552	415.42	415.34
03:07:57	20.77	20.355	16.292	18.014	21.276	21.547	415.42	415.34
03:08:57	20.766	20.351	16.272	17.839	21.287	21.55	415.42	415.34
03:09:57	20.764	20.348	16.212	17.709	21.288	21.558	415.42	415.34
03:10:57	20.756	20.346	16.217	17.691	21.287	21.551	415.42	415.34
03:11:57	20.746	20.34	16.268	17.886	21.279	21.538	415.42	415.34
03:12:57	20.754	20.334	16.267	17.876	21.277	21.54	415.42	415.34
03:13:57	20.757	20.333	16.287	18.018	21.274	21.553	415.42	415.34
03:14:57	20.761	20.329	16.225	17.896	21.271	21.573	415.42	415.34
03:15:57	20.757	20.324	16.236	17.873	21.281	21.559	415.42	415.34
03:16:57	20.756	20.317	16.308	17.783	21.281	21.538	415.42	415.34
03:17:57	20.752	20.314	16.299	17.888	21.263	21.546	415.42	415.34
03:18:57	20.745	20.31	16.282	17.909	21.26	21.543	415.42	415.34
03:19:57	20.721	20.305	16.295	18.151	21.27	21.55	415.42	415.34
03:20:58	20.726	20.301	16.275	18.059	21.27	21.54	415.42	415.34
03:21:57	20.73	20.297	16.299	17.992	21.271	21.533	415.42	415.34
03:22:57	20.728	20.292	16.326	18.108	21.256	21.543	415.42	415.34
03:23:57	20.733	20.29	16.298	18.04	21.261	21.55	415.42	415.34
03:24:57	20.729	20.286	16.333	18.032	21.253	21.546	415.42	415.34
03:25:57	20.716	20.28	16.303	18.097	21.255	21.534	415.42	415.34
03:26:57	20.712	20.277	16.317	18.097	21.25	21.548	415.42	415.34
03:27:57	20.71	20.275	16.362	17.97	21.242	21.542	415.42	415.34
03:28:57	20.703	20.274	16.361	17.743	21.25	21.535	415.42	415.34
03:29:57	20.687	20.271	16.281	17.716	21.258	21.541	415.42	415.34
03:30:57	20.685	20.268	16.258	17.416	21.239	21.541	415.42	415.34
03:31:57	20.691	20.263	16.21	17.906	21.258	21.539	415.42	415.34
03:32:57	20.682	20.26	16.183	17.885	21.252	21.533	415.42	415.34
03:33:57	20.685	20.256	16.218	17.95	21.259	21.519	415.42	415.34
03:34:57	20.674	20.252	16.311	17.71	21.253	21.518	415.42	415.34
03:35:57	20.68	20.251	16.299	17.796	21.26	21.522	415.42	415.34
03:36:57	20.675	20.248	16.252	17.753	21.255	21.527	415.42	415.34
03:37:57	20.662	20.246	16.241	18.037	21.247	21.526	415.42	415.34
03:38:57	20.663	20.245	16.207	18.044	21.241	21.529	415.42	415.34
03:39:57	20.664	20.24	16.151	17.778	21.238	21.514	415.42	415.34
03:40:57	20.66	20.235	16.214	17.888	21.241	21.522	415.42	415.34
03:41:57	20.646	20.235	16.24	17.754	21.24	21.531	415.42	415.34
03:42:57	20.64	20.232	16.225	17.773	21.235	21.518	415.42	415.34
03:43:57	20.638	20.229	16.279	17.865	21.239	21.515	415.42	415.34
03:44:57	20.636	20.224	16.214	17.791	21.229	21.519	415.42	415.34
03:45:57	20.637	20.219	16.19	17.88	21.226	21.519	415.42	415.34
03:46:57	20.626	20.212	16.189	17.869	21.239	21.505	415.42	415.34
03:47:57	20.607	20.212	16.186	17.954	21.236	21.514	415.42	415.34
03:48:57	20.611	20.206	16.251	17.944	21.24	21.503	415.42	415.34
03:49:59	20.603	20.2	16.273	17.849	21.242	21.519	415.42	415.34
03:50:57	20.611	20.196	16.27	17.784	21.223	21.513	415.42	415.34
03:51:57	20.605	20.196	16.307	17.989	21.225	21.514	415.42	415.34
03:52:57	20.612	20.188	16.306	18.162	21.227	21.518	415.42	415.34
03:53:57	20.6	20.188	16.381	18.219	21.229	21.506	415.42	415.34
03:54:57	20.601	20.184	16.316	18.179	21.227	21.507	415.42	415.34
03:55:57	20.593	20.18	16.296	17.915	21.235	21.509	415.42	415.34
03:56:57	20.602	20.172	16.308	17.983	21.231	21.506	415.42	415.34
03:57:57	20.603	20.172	16.248	17.934	21.238	21.52	415.42	415.34
03:58:57	20.586	20.17	16.274	17.931	21.216	21.501	415.42	415.34
03:59:57	20.582	20.167	16.298	17.925	21.212	21.491	415.42	415.34
04:00:57	20.587	20.163	16.259	17.989	21.223	21.499	415.42	415.34
04:01:57	20.58	20.158	16.167	17.738	21.222	21.503	415.42	415.34
04:02:57	20.587	20.158	16.306	18.007	21.216	21.518	415.42	415.34
04:03:57	20.573	20.154	16.252	17.785	21.219	21.516	415.42	415.34
04:04:57	20.574	20.152	16.253	17.657	21.22	21.512	415.42	415.34
04:05:57	20.574	20.151	16.29	17.786	21.218	21.485	415.42	415.34
04:06:57	20.564	20.145	16.279	17.713	21.217	21.488	415.42	415.34
04:07:57	20.566	20.141	16.273	17.774	21.21	21.497	415.42	415.34
04:08:57	20.568	20.139	16.256	17.78	21.218	21.503	415.42	415.34
04:09:57	20.571	20.133	16.276	17.81	21.222	21.494	415.42	415.34
04:10:58	20.535	20.13	16.24	17.929	21.22	21.499	415.42	415.34
04:11:57	20.543	20.125	16.22	18.058	21.208	21.5	415.42	415.34
04:12:57	20.542	20.123	16.211	18.059	21.223	21.492	415.42	415.34
04:13:57	20.539	20.118	16.255	17.805	21.208	21.488	415.42	415.34
04:14:57	20.54	20.113	16.241	17.665	21.209	21.485	415.42	415.34
04:15:57	20.538	20.11	16.246	17.717	21.216	21.489	415.42	415.34
04:16:57	20.536	20.104	16.225	17.639	21.209	21.488	415.42	415.34
04:17:57	20.541	20.1	16.193	17.756	21.19	21.484	415.42	415.34
04:18:57	20.545	20.097	16.159	17.717	21.199	21.472	415.42	415.34
04:19:57	20.535	20.091	16.161	17.872	21.197	21.484	415.42	415.34
04:20:57	20.534	20.084	16.162	17.855	21.186	21.469	415.42	415.34
04:21:57	20.534	20.08	16.146	17.891	21.188	21.47	415.42	415.34
04:22:57	20.528	20.08	16.115	17.929	21.201	21.478	415.42	415.34
04:23:57	20.518	20.082	16.216	17.945	21.192	21.472	415.42	415.34
04:24:57	20.51	20.084	16.244	17.952	21.184	21.487	415.42	415.34
04:25:57	20.505	20.077	16.228	17.886	21.196	21.479	415.42	415.34
04:26:57	20.51	20.074	16.253	17.905	21.194	21.486	415.42	415.34
04:27:57	20.5	20.074	16.202	18.062	21.193	21.475	415.42	415.34
04:28:58	20.489	20.07	16.247	18.024	21.195	21.469	415.42	415.34
04:29:57	0.0	20.067	16.246	17.972	21.201	21.474	415.42	415.34
04:30:57	20.486	20.062	16.22	18.049	21.193	21.469	415.42	415.34
04:31:57	20.485	20.059	16.127	17.995	21.177	21.474	415.42	415.34
04:32:57	20.492	20.055	16.144	17.876	21.177	21.471	415.42	415.34
04:33:57	20.485	20.049	16.139	17.787	21.195	21.471	415.42	415.34
04:34:57	20.476	20.047	16.159	17.862	21.183	21.473	415.42	415.34
04:35:57	20.46	20.047	16.168	17.906	21.198	21.473	415.42	415.34
04:36:57	20.457	20.048	16.18	17.722	21.188	21.487	415.42	415.34
04:37:57	20.444	20.044	16.116	17.641	21.185	21.461	415.42	415.34
04:38:57	20.451	20.038	16.159	17.691	21.182	21.46	415.42	415.34
04:39:57	20.448	20.033	16.141	17.552	21.174	21.476	415.42	415.34
04:40:57	20.453	20.034	16.216	17.664	21.202	21.471	415.42	415.34
04:41:57	20.45	20.032	16.152	17.733	21.177	21.471	415.42	415.34
04:42:57	20.454	20.029	16.171	17.781	21.179	21.471	415.42	415.34
04:43:57	20.454	20.019	16.183	17.62	21.178	21.456	415.42	415.34
04:44:57	20.455	20.016	16.196	17.567	21.181	21.456	415.42	415.34
04:45:57	20.456	20.013	16.197	17.671	21.171	21.475	415.42	415.34
04:46:57	20.442	20.012	16.174	17.768	21.178	21.466	415.42	415.34
04:47:57	20.446	20.008	16.162	17.734	21.175	21.465	415.42	415.34
04:48:57	20.423	20.005	16.224	17.608	21.17	21.449	415.42	415.34
04:49:57	20.417	20.003	16.207	17.678	21.183	21.446	415.42	415.34
04:50:57	20.419	20.001	16.131	17.576	21.173	21.448	415.42	415.34
04:51:57	20.406	19.997	16.207	17.464	21.175	21.447	415.42	415.34
04:52:58	20.413	19.994	16.19	17.502	21.174	21.449	415.42	415.34
04:53:57	20.418	19.988	16.193	17.54	21.172	21.444	415.42	415.34
04:54:57	20.422	19.985	16.217	17.683	21.179	21.454	415.42	415.34
04:55:57	20.42	19.98	16.252	17.696	21.169	21.44	415.42	415.34
04:56:57	20.406	19.975	16.213	17.737	21.156	21.458	415.42	415.34
04:57:57	20.411	19.971	16.195	0.0	21.158	21.448	415.42	415.34
04:58:57	20.393	19.965	16.294	17.523	21.151	21.448	415.42	415.34
04:59:57	20.396	19.963	16.196	17.323	21.148	21.447	415.42	415.34
05:00:57	20.402	19.959	16.256	17.459	21.178	21.447	415.42	415.34
05:01:57	20.407	19.958	16.194	17.32	21.167	21.446	415.42	415.34
05:02:57	20.402	19.955	16.15	17.708	21.164	21.444	415.42	415.34
05:03:57	20.392	19.954	16.272	17.584	21.17	21.445	415.42	415.34
05:04:57	20.387	19.952	16.19	17.573	21.154	21.443	415.42	415.34
05:05:57	20.37	19.949	16.186	17.624	21.154	21.429	415.42	415.34
05:06:57	20.377	19.948	16.181	17.545	21.155	21.432	415.42	415.34
05:07:57	20.364	19.945	16.259	17.545	21.158	21.443	415.42	415.34
05:08:57	20.368	19.943	16.29	17.531	21.153	21.429	415.42	415.34
05:09:57	20.355	19.938	16.269	17.676	21.143	21.445	415.42	415.34
05:10:57	20.348	19.935	16.216	17.75	21.144	21.428	415.42	415.34
05:11:57	20.353	19.929	16.223	17.865	21.152	21.431	415.42	415.34
05:12:57	20.355	19.926	16.126	17.766	21.15	21.428	415.42	415.34
05:13:57	20.359	19.924	16.109	17.635	21.136	21.43	415.42	415.34
05:14:57	20.352	19.919	16.159	17.639	21.142	21.418	415.42	415.34
05:15:57	20.331	19.917	16.177	17.63	21.153	21.443	415.42	415.34
05:16:57	20.338	19.913	16.155	17.592	21.141	21.43	415.42	415.34
05:17:57	20.344	19.904	16.136	17.61	21.143	21.431	415.42	415.34
05:18:57	20.34	19.903	16.106	17.603	21.131	21.458	415.42	415.34
05:19:57	20.347	19.901	16.173	17.861	21.131	21.426	415.42	415.34
05:20:57	20.332	19.901	16.144	17.796	21.141	21.422	415.42	415.34
05:21:59	20.33	19.898	16.164	17.714	21.144	21.419	415.42	415.34
05:22:57	20.313	19.896	16.138	17.64	21.144	21.424	415.42	415.34
05:23:57	20.32	19.888	16.093	17.843	21.143	21.433	415.42	415.34
05:24:57	20.314	19.886	16.087	17.571	21.131	21.427	415.42	415.34
05:25:57	20.312	19.883	16.148	17.644	21.135	21.416	415.42	415.34
05:26:57	20.313	19.88	16.095	17.712	21.126	21.43	415.42	415.34
05:27:58	20.307	19.879	16.092	17.785	21.128	21.419	415.42	415.34
05:28:57	20.311	19.876	16.107	17.662	21.138	21.41	415.42	415.34
05:29:57	20.314	19.875	16.117	17.312	21.123	21.413	415.42	415.34
05:30:57	20.312	19.872	16.109	17.467	21.139	21.411	415.42	415.34
05:31:57	20.304	19.866	16.128	17.598	21.132	21.422	415.42	415.34
05:32:57	20.307	19.863	16.088	17.671	21.122	21.404	415.42	415.34
05:33:57	20.309	19.856	16.107	17.538	21.119	21.407	415.42	415.34
05:34:58	20.297	19.855	16.098	17.989	21.117	21.408	415.42	415.34
05:35:57	20.301	19.853	16.198	17.926	21.118	21.407	415.42	415.34
05:36:59	20.293	19.848	16.172	18.176	21.115	21.401	415.42	415.34
05:37:57	20.294	19.843	16.193	18.082	21.135	21.418	415.42	415.34
05:38:57	20.286	19.839	16.182	17.724	21.126	21.439	415.42	415.34
05:39:57	20.279	19.844	16.194	17.536	21.133	21.412	415.42	415.34
05:40:57	20.272	19.839	16.254	17.4	21.131	21.439	415.42	415.34
05:41:57	20.262	19.837	16.27	17.231	21.106	21.398	415.42	415.34
05:42:57	20.268	19.837	16.325	17.085	21.118	21.413	415.42	415.34
05:43:57	20.269	19.836	16.372	17.059	21.114	21.409	415.42	415.34
05:44:57	20.259	19.834	16.382	16.974	21.106	21.4	415.42	415.34
05:45:57	20.247	19.829	16.342	17.053	21.105	21.398	415.42	415.34
05:46:57	20.24	19.824	16.321	17.021	21.117	21.389	415.42	415.34
05:47:57	20.238	19.816	16.338	17.382	21.117	21.402	415.42	415.34
05:48:57	20.247	19.813	16.287	18.026	21.114	21.397	415.42	415.34
05:49:57	20.256	19.809	16.372	18.491	21.11	21.386	415.42	415.34
05:50:57	20.258	19.809	16.329	18.672	21.11	21.396	415.42	415.34
05:51:57	20.248	19.812	16.335	18.944	21.118	21.391	415.42	415.34
05:52:57	20.244	19.812	16.344	18.963	21.122	21.386	415.42	415.34
05:53:57	20.227	19.806	16.322	18.647	21.104	21.406	415.42	415.34
05:54:57	20.215	19.801	16.3	18.426	21.095	21.39	415.42	415.34
05:55:57	20.212	19.797	16.392	18.168	21.111	21.404	415.42	415.34
05:56:57	20.224	19.794	16.462	17.923	21.107	21.399	415.42	415.34
05:57:57	20.23	19.79	16.501	17.676	21.096	21.381	415.42	415.34
05:58:57	20.227	19.79	16.515	17.46	21.104	21.387	415.42	415.34
05:59:57	20.225	19.78	16.5	17.51	21.102	21.397	415.42	415.34
06:00:57	20.22	19.778	16.46	17.424	21.107	21.391	415.42	415.34
06:01:57	20.209	19.777	16.484	17.33	21.092	21.395	415.42	415.34
06:02:57	20.211	19.776	16.497	17.196	21.102	21.378	415.42	415.34
06:03:59	20.204	19.771	16.484	17.228	21.114	21.377	415.42	415.34
06:04:57	20.207	19.77	16.454	17.202	21.103	21.385	415.42	415.34
06:05:57	20.192	19.766	16.44	17.199	21.102	21.377	415.42	415.34
06:06:57	20.19	19.766	16.453	17.18	21.081	21.38	415.42	415.34
06:07:57	20.2	19.762	16.398	17.134	21.085	21.375	415.42	415.34
06:08:57	20.206	19.757	16.411	17.082	21.097	21.383	415.42	415.34
06:09:57	20.205	19.753	16.33	17.236	21.084	21.374	415.42	415.34
06:10:57	20.203	19.755	16.355	17.694	21.08	21.378	415.42	415.34
06:11:57	20.208	19.75	16.289	18.025	21.082	21.368	415.42	415.34
06:12:57	20.208	19.748	16.347	18.427	21.07	21.371	415.42	415.34
06:13:57	20.191	19.748	16.4	18.534	21.079	21.371	415.42	415.34
06:14:58	20.199	19.741	16.324	18.721	21.094	21.369	415.42	415.34
06:15:57	0.0	19.738	16.275	18.704	21.1	21.373	415.42	415.34
06:16:57	20.19	19.735	16.294	18.824	21.096	21.377	415.42	415.34
06:17:57	20.185	19.732	16.185	18.777	21.081	21.39	415.42	415.34
06:18:57	20.183	19.726	16.144	18.422	21.077	21.375	415.42	415.34
06:19:57	20.184	19.725	16.203	18.126	21.083	21.36	415.42	415.34
06:20:57	20.181	19.725	16.135	18.088	21.065	21.367	415.42	415.34
06:21:57	20.175	19.723	16.136	17.975	21.075	21.373	415.42	415.34
06:22:57	20.161	19.72	16.166	17.991	21.066	21.369	415.42	415.34
06:23:57	20.163	19.72	16.212	18.087	21.064	21.364	415.42	415.34
06:24:57	20.148	19.719	16.118	18.225	21.088	21.357	415.42	415.34
06:25:57	20.142	19.718	16.097	18.011	21.058	21.364	415.42	415.34
06:26:57	20.144	19.717	16.048	17.775	21.061	21.366	415.42	415.34
06:27:57	20.147	19.713	16.062	17.701	21.068	21.367	415.42	415.34
06:28:57	20.145	19.71	16.014	17.501	21.066	21.36	415.42	415.34
06:29:57	20.146	19.705	15.968	17.303	21.073	21.354	415.42	415.34
06:30:57	20.154	19.706	15.982	17.388	21.072	21.356	415.42	415.34
06:31:57	20.135	19.704	16.025	17.613	21.069	21.343	415.42	415.34
06:32:57	20.135	19.702	15.99	17.649	21.056	21.349	415.42	415.34
06:33:57	20.134	19.699	15.947	17.535	21.067	21.363	415.42	415.34
06:34:57	20.129	19.699	16.005	17.866	21.059	21.363	415.42	415.34
06:35:58	20.128	19.696	16.05	17.657	21.069	21.342	415.42	415.34
06:36:57	20.114	19.694	15.953	17.674	21.064	21.341	415.42	415.34
06:37:57	20.093	19.689	15.955	17.692	21.055	21.354	415.42	415.34
06:38:57	20.109	19.685	15.806	17.593	21.044	21.344	415.42	415.34
06:39:57	20.112	19.684	15.849	17.435	21.045	21.354	415.42	415.34
06:40:59	20.116	19.681	15.858	17.584	21.046	21.336	415.42	415.34
06:41:57	20.12	19.678	15.957	17.772	21.053	21.358	415.42	415.34
06:42:57	20.112	19.675	15.95	18.163	21.053	21.361	415.42	415.34
06:43:59	20.103	19.669	15.982	18.09	21.051	21.338	415.42	415.34
06:44:57	20.101	19.669	15.983	17.819	21.056	21.344	415.42	415.34
06:45:58	20.104	19.669	15.953	17.887	21.053	21.346	415.42	415.34
06:46:58	20.106	19.665	15.93	17.978	21.059	21.347	415.42	415.34
06:47:58	20.099	19.666	15.931	18.134	21.051	21.335	415.42	415.34
06:48:58	20.096	19.665	15.973	18.188	21.064	21.335	415.42	415.34
06:49:58	20.094	19.664	15.942	17.999	21.058	21.339	415.42	415.34
06:50:58	20.097	19.66	15.971	17.863	21.073	21.34	415.42	415.34
06:51:58	20.093	19.655	15.937	17.931	21.059	21.343	415.42	415.34
06:52:58	20.081	19.649	15.898	17.848	21.05	21.344	415.42	415.34
06:53:58	20.082	19.649	15.914	17.918	21.06	21.335	415.42	415.34
06:54:58	20.072	19.644	15.904	17.634	21.061	21.349	415.42	415.34
06:55:58	20.073	19.643	15.909	17.856	21.052	21.343	415.42	415.34
06:56:58	20.072	19.642	15.845	17.649	21.041	21.339	415.42	415.34
06:57:58	20.073	19.637	15.82	17.445	21.056	21.34	415.42	415.34
06:58:58	20.065	19.636	15.808	17.577	21.061	21.334	415.42	415.34
06:59:58	20.067	19.635	15.792	17.531	21.049	21.366	415.42	415.34
07:00:58	20.06	19.635	15.829	17.749	21.061	21.344	415.42	415.34
07:01:58	20.037	19.634	15.791	17.943	21.047	21.349	415.42	415.34
07:02:58	20.051	19.633	15.813	17.769	21.035	21.346	415.42	415.34
07:03:58	20.047	19.632	15.766	17.688	21.044	21.346	415.42	415.34
07:04:58	20.037	19.631	15.757	17.474	21.042	21.33	415.42	415.34
07:05:58	20.044	19.626	15.875	17.422	21.021	21.325	415.42	415.34
07:06:58	20.044	19.619	15.774	17.649	21.039	21.313	415.42	415.34
07:07:58	20.05	19.617	15.833	17.584	21.047	21.327	415.42	415.34
07:08:58	20.041	19.612	15.782	17.82	21.035	21.333	415.42	415.34
07:09:58	20.044	19.609	15.777	17.966	21.044	21.339	415.42	415.34
07:10:58	20.039	19.605	15.822	18.127	21.035	21.341	415.42	415.34
07:11:58	20.038	19.601	15.864	18.32	21.031	21.324	415.42	415.34
07:12:58	20.044	19.599	15.937	18.621	21.039	21.354	415.42	415.34
07:13:58	20.039	19.601	15.965	18.714	21.038	21.335	415.42	415.34
07:14:58	20.036	19.602	15.913	18.801	21.015	21.33	415.42	415.34
07:15:58	20.044	19.601	15.999	18.894	21.027	21.315	415.42	415.34
07:16:58	20.033	19.598	16.013	18.907	21.029	21.31	415.42	415.34
07:17:59	20.017	19.595	16.105	18.964	21.025	21.32	415.42	415.34
07:18:58	20.029	19.59	16.119	18.703	21.034	21.337	415.42	415.34
07:19:58	20.031	19.584	16.089	18.296	21.03	21.322	415.42	415.34
07:20:58	20.034	19.582	16.165	18.126	21.019	21.32	415.42	415.34
07:21:58	20.025	19.581	16.178	17.956	21.025	21.312	415.42	415.34
07:22:58	20.012	19.577	16.228	17.828	21.029	21.312	415.42	415.34
07:23:58	20.007	19.575	16.282	17.718	21.033	21.307	415.42	415.34
07:24:58	20.013	19.571	16.331	17.635	21.028	21.303	415.42	415.34
07:25:58	20.004	19.566	16.293	17.365	21.032	21.309	415.42	415.34
07:26:58	20.012	19.571	16.295	17.247	21.037	21.306	415.42	415.34
07:27:58	20.01	19.571	16.275	17.162	21.036	21.312	415.42	415.34
07:28:58	20.008	19.568	16.246	17.103	21.032	21.324	415.42	415.34
07:29:58	20.005	19.563	16.232	17.145	21.029	21.336	415.42	415.34
07:30:58	20.011	19.559	16.28	17.05	21.027	21.307	415.42	415.34
07:31:58	20.003	19.556	16.229	17.427	21.025	21.31	415.42	415.34
07:32:58	20.004	19.55	16.176	18.014	21.028	21.316	415.42	415.34
07:33:58	19.993	19.552	16.286	18.339	21.025	21.336	415.42	415.34
07:34:58	19.985	19.547	16.321	18.787	21.033	21.311	415.42	415.34
07:35:58	19.978	19.545	16.277	18.992	21.028	21.294	415.42	415.34
07:36:58	19.979	19.541	16.253	18.762	21.028	21.308	415.42	415.34
07:37:58	19.987	19.535	16.145	18.551	21.019	21.3	415.42	415.34
07:38:58	19.989	19.532	16.021	18.457	21.021	21.319	415.42	415.34
07:39:58	19.981	19.532	16.038	18.19	21.014	21.308	415.42	415.34
07:40:58	19.979	19.532	16.107	18.208	21.015	21.293	415.42	415.34
07:41:58	19.974	19.526	16.13	18.199	21.022	21.291	415.42	415.34
07:42:58	19.975	19.526	16.128	18.273	21.027	21.3	415.42	415.34
07:43:58	19.968	19.518	16.097	18.253	21.016	21.304	415.42	415.34
07:44:58	19.958	19.518	16.039	18.132	21.014	21.292	415.42	415.34
07:45:58	19.967	19.515	16.033	17.962	21.002	21.287	415.42	415.34
07:46:58	19.965	19.512	16.037	17.921	21.009	21.283	415.42	415.34
07:47:58	19.967	19.508	0.0	18.101	21.003	21.274	415.42	415.34
07:48:58	19.954	19.506	15.993	18.181	21.003	21.289	415.42	415.34
07:49:58	19.958	19.503	16.029	18.287	21.009	21.286	415.42	415.34
07:50:58	19.954	19.502	16.04	18.175	20.998	21.298	415.42	415.34
07:51:58	19.956	19.499	16.078	18.037	21.006	21.284	415.42	415.34
07:52:58	19.948	19.496	15.994	17.968	21.001	21.283	415.42	415.34
07:53:58	19.932	19.5	15.97	17.76	21.003	21.287	415.42	415.34
07:54:58	19.936	19.5	15.975	17.811	21.019	21.288	415.42	415.34
07:55:58	19.921	19.496	15.97	17.836	21.023	21.286	415.42	415.34
07:56:58	19.93	19.489	15.904	17.611	21.003	21.292	415.42	415.34
07:57:58	19.928	19.485	15.846	17.529	20.993	21.29	415.42	415.34
07:58:58	19.932	19.484	15.835	17.567	21.001	21.287	415.42	415.34
07:59:58	19.932	19.486	15.911	17.602	20.998	21.297	415.42	415.34
08:00:58	19.926	19.485	15.927	17.588	21.011	21.284	415.42	415.34
08:01:58	19.933	19.479	15.847	17.625	20.999	21.28	415.42	415.34
08:02:58	19.93	19.477	15.826	17.595	21.001	21.281	415.42	415.34
08:03:58	19.931	19.475	15.84	17.867	20.987	21.279	415.42	415.34
08:04:58	19.932	19.472	15.79	17.663	21.003	21.287	415.42	415.34
08:05:58	19.906	19.47	15.832	17.613	21.001	21.278	415.42	415.34
08:06:58	19.905	19.469	15.695	17.763	21.0	21.293	415.42	415.34
08:07:59	19.902	19.465	15.721	17.449	20.999	21.28	415.42	415.34
08:08:58	19.911	19.465	15.7	17.513	21.0	21.277	415.42	415.34
08:09:58	19.912	19.465	15.654	17.475	20.992	21.266	415.42	415.34
08:10:58	19.902	19.464	15.753	17.632	21.001	21.271	415.42	415.34
08:11:58	19.892	19.462	15.708	17.769	20.998	21.269	415.42	415.34
08:12:58	19.894	19.457	15.746	17.656	20.997	21.287	415.42	415.34
08:13:58	19.893	19.457	15.717	17.614	20.988	21.283	415.42	415.34
08:14:58	19.897	19.453	15.759	17.51	20.988	21.268	415.42	415.34
08:15:58	19.888	19.448	15.749	17.562	20.987	21.265	415.42	415.34
08:16:58	19.893	19.445	15.689	17.553	20.984	21.269	415.42	415.34
08:17:58	19.891	19.443	15.762	17.614	20.988	21.263	415.42	415.34
08:18:58	19.888	19.438	15.691	17.721	21.002	21.27	415.42	415.34
08:19:58	19.886	19.433	15.664	17.615	20.992	21.26	415.42	415.34
08:20:58	19.883	19.434	15.683	18.001	20.99	21.265	415.42	415.34
08:21:58	19.881	19.429	15.747	18.426	20.994	21.266	415.42	415.34
08:22:58	19.875	19.427	15.821	18.742	20.987	21.273	415.42	415.34
08:23:58	19.865	19.419	15.847	18.917	20.989	21.266	415.42	415.34
08:24:58	19.868	19.421	15.919	18.968	20.989	21.26	415.42	415.34
08:25:58	19.86	19.42	15.981	19.061	20.976	21.269	415.42	415.34
08:26:58	19.857	19.418	16.044	19.128	20.978	21.254	415.42	415.34
08:27:58	19.861	19.414	16.158	19.032	20.986	21.265	415.42	415.34
08:28:58	19.86	19.415	16.152	18.983	20.97	21.264	415.42	415.34
08:29:58	19.86	19.412	16.24	19.081	20.981	21.256	415.42	415.34
08:30:58	19.858	19.413	16.178	19.17	20.982	21.254	415.42	415.34
08:31:58	19.847	19.407	16.177	18.801	20.971	21.258	415.42	415.34
08:32:58	19.851	19.405	16.191	18.215	21.005	21.255	415.42	415.34
08:33:58	19.855	19.406	16.212	17.96	20.982	21.259	415.42	415.34
08:34:58	19.861	19.404	16.212	17.822	20.98	21.254	415.42	415.34
08:35:58	19.848	19.4	16.271	17.519	20.977	21.265	415.42	415.34
08:36:58	19.852	19.397	16.169	17.108	20.974	21.259	415.42	415.34
08:37:58	19.835	19.395	16.145	17.068	20.968	21.246	415.42	415.34
08:38:58	19.828	19.392	16.078	17.48	20.974	21.271	415.42	415.34
08:39:58	19.834	19.392	16.036	17.732	20.96	21.254	415.42	415.34
08:40:58	19.834	19.391	15.973	18.057	20.976	21.25	415.42	415.34
08:41:58	19.816	19.389	15.928	17.807	20.958	21.254	415.42	415.34
08:42:58	19.832	19.381	16.016	18.053	20.97	21.255	415.42	415.34
08:43:58	19.838	19.376	15.948	18.072	20.969	21.26	415.42	415.34
08:44:58	19.841	19.373	15.91	17.928	20.972	21.26	415.42	415.34
08:45:58	19.835	19.369	15.931	17.656	20.977	21.266	415.42	415.34
08:46:58	19.83	19.365	15.806	17.736	20.967	21.257	415.42	415.34
08:47:58	19.822	19.366	15.754	17.534	20.97	21.239	415.42	415.34
08:48:58	19.82	19.365	15.778	17.511	20.962	21.235	415.42	415.34
08:49:58	19.808	19.364	15.789	17.628	20.957	21.243	415.42	415.34
08:50:58	19.812	19.363	15.834	17.713	20.976	21.242	415.42	415.34
08:51:58	19.799	19.357	15.833	17.7	20.971	21.247	415.42	415.34
08:52:58	19.785	19.357	15.828	17.886	20.969	21.256	415.42	415.34
08:53:58	19.784	19.356	15.82	17.958	20.956	21.241	415.42	415.34
08:54:58	19.778	19.354	15.775	17.848	20.966	21.229	415.42	415.34
08:55:58	19.785	19.351	15.732	17.809	20.962	21.237	415.42	415.34
08:56:58	19.782	19.346	15.717	17.826	20.948	21.227	415.42	415.34
08:57:58	19.788	19.344	15.723	17.558	20.96	21.239	415.42	415.34
08:58:58	19.786	19.342	15.748	17.41	20.958	21.234	415.42	415.34
08:59:58	19.772	19.338	15.768	17.406	20.949	21.231	415.42	415.34
09:00:58	19.78	19.334	15.73	17.374	20.95	21.224	415.42	415.34
09:01:58	19.777	19.334	15.733	17.36	20.962	21.231	415.42	415.34
09:02:58	19.777	19.338	15.657	17.364	20.954	21.228	415.42	415.34
09:03:58	19.784	19.338	15.646	17.432	20.962	21.238	415.42	415.34
09:04:58	19.782	19.333	15.784	17.737	20.957	21.234	415.42	415.34
09:05:58	19.772	19.33	15.719	18.092	20.964	21.24	415.42	415.34
09:06:58	19.773	19.325	15.761	18.398	20.944	21.233	415.42	415.34
09:07:58	19.767	19.323	15.866	18.594	20.936	21.231	415.42	415.34
09:08:58	19.777	19.318	16.07	18.742	20.943	21.23	415.42	415.34
09:09:58	19.782	19.315	16.11	18.868	20.953	21.24	415.42	415.34
09:10:58	19.765	19.31	16.278	18.975	20.939	21.243	415.42	415.34
09:11:58	19.764	19.307	16.217	19.101	20.959	21.223	415.42	415.34
09:12:58	19.767	19.306	16.174	19.193	20.956	21.239	415.42	415.34
09:13:58	19.768	19.307	16.196	19.199	20.944	21.243	415.42	415.34
09:14:58	19.755	19.305	16.451	19.124	20.942	21.237	415.42	415.34
09:15:58	19.742	19.297	16.367	18.91	20.95	21.225	415.42	415.34
09:16:58	19.742	19.294	16.303	18.399	20.939	21.214	415.42	415.34
09:17:59	19.743	19.295	16.35	17.987	20.959	21.221	415.42	415.34
09:18:58	19.746	19.291	16.237	17.57	20.949	21.233	415.42	415.34
09:19:58	19.748	19.288	16.212	17.519	20.942	21.211	415.42	415.34
09:20:58	19.744	19.291	16.179	17.219	20.936	21.221	415.42	415.34
09:21:58	19.742	19.288	16.113	17.017	20.948	21.236	415.42	415.34
09:22:58	19.74	19.289	16.14	17.062	20.946	21.236	415.42	415.34
09:23:58	19.719	19.286	16.044	17.77	20.953	21.226	415.42	415.34
09:24:58	19.729	19.288	16.204	18.468	20.93	21.216	415.42	415.34
09:25:58	19.716	19.284	16.165	18.79	20.939	21.221	415.42	415.34
09:26:58	19.722	19.277	16.224	18.681	20.944	21.215	415.42	415.34
09:27:58	19.725	19.274	16.174	18.978	20.945	21.216	415.42	415.34
09:28:58	19.719	19.277	16.315	19.102	20.939	21.214	415.42	415.34
09:29:58	19.719	19.278	16.282	18.997	20.945	21.213	415.42	415.34
09:30:58	19.702	19.276	16.218	18.608	20.963	21.218	415.42	415.34
09:31:58	19.694	19.274	16.132	17.76	20.94	21.22	415.42	415.34
09:32:58	19.699	19.27	16.015	17.283	20.92	21.213	415.42	415.34
09:33:58	19.686	19.266	15.93	17.023	20.925	21.209	415.42	415.34
09:34:58	19.7	19.265	15.956	17.407	20.939	21.229	415.42	415.34
09:35:58	19.713	19.26	15.935	17.459	20.938	21.22	415.42	415.34
09:36:58	19.714	19.26	15.975	17.736	20.94	21.22	415.42	415.34
09:37:58	19.712	19.259	15.966	17.55	20.943	21.221	415.42	415.34
09:38:58	19.703	19.26	15.963	17.683	20.945	21.208	415.42	415.34
09:39:58	19.698	19.257	15.889	17.538	20.942	21.219	415.42	415.34
09:40:58	19.691	19.257	15.909	17.698	20.942	21.208	415.42	415.34
09:41:58	19.691	19.255	15.872	17.682	20.946	21.19	415.42	415.34
09:42:58	19.689	19.252	15.834	17.632	20.922	21.191	415.42	415.34
09:43:58	19.674	19.25	15.905	17.741	20.934	21.196	415.42	415.34
09:44:58	19.687	19.248	15.96	17.718	20.928	21.2	415.42	415.34
09:45:58	19.681	19.243	15.939	17.709	20.934	21.206	415.42	415.34
09:46:58	19.685	19.24	15.946	17.904	20.932	21.205	415.42	415.34
09:47:58	19.684	19.236	15.975	18.107	20.942	21.196	415.42	415.34
09:48:58	19.688	19.231	0.0	18.153	20.933	21.216	415.42	415.34
09:49:58	19.695	19.228	15.872	18.014	20.919	21.215	415.42	415.34
09:50:58	19.687	19.226	15.952	17.96	20.925	21.207	415.42	415.34
09:51:58	19.678	19.225	15.885	17.997	20.943	21.195	415.42	415.34
09:52:58	19.671	19.225	15.801	18.038	20.925	21.215	415.42	415.34
09:53:58	19.682	19.223	15.812	17.734	20.926	21.21	415.42	415.34
09:54:58	19.688	19.22	15.877	17.891	20.925	21.194	415.42	415.34
09:55:58	19.68	19.219	15.866	17.884	20.927	21.19	415.42	415.34
09:56:58	19.668	19.217	15.839	17.642	20.92	21.193	415.42	415.34
09:57:58	19.671	19.214	15.745	17.502	20.925	21.21	415.42	415.34
09:58:58	19.666	19.215	15.743	17.515	20.924	21.196	415.42	415.34
09:59:58	19.674	19.212	15.714	17.538	20.915	21.2	415.42	415.34
10:00:58	19.673	19.211	15.699	17.623	20.921	21.197	415.42	415.34
10:01:58	19.665	19.21	16.119	18.244	20.938	21.208	415.42	415.34
10:02:58	19.663	19.207	16.402	18.695	20.922	21.211	415.42	415.34
10:03:58	19.642	19.205	16.654	19.028	20.916	21.198	415.42	415.34
10:04:58	19.654	19.204	16.788	19.213	20.917	21.193	415.42	415.34
10:05:58	19.657	19.201	16.994	19.374	20.913	21.186	415.42	415.34
10:06:58	19.66	19.198	17.136	19.508	20.919	21.193	415.42	415.34
10:07:58	19.651	19.196	16.988	19.069	20.919	21.204	415.42	415.34
10:08:58	19.64	19.199	17.007	18.717	20.92	21.195	415.42	415.34
10:09:58	19.64	19.2	17.047	18.566	20.904	21.193	415.42	415.34
10:10:58	19.64	19.195	16.99	18.308	20.912	21.19	415.42	415.34
10:12:00	19.636	19.192	16.881	18.032	20.912	21.181	415.42	415.34
10:12:58	19.631	19.191	16.777	17.766	20.918	21.191	415.42	415.34
10:13:58	19.637	19.186	16.664	17.603	20.925	21.188	415.42	415.34
10:14:58	19.643	19.182	16.623	17.412	20.919	21.186	415.42	415.34
10:15:58	19.641	19.18	16.581	17.351	20.922	21.188	415.42	415.34
10:16:58	19.632	19.181	16.579	17.4	20.917	21.183	415.42	415.34
10:17:58	19.635	19.181	16.537	17.307	20.922	21.187	415.42	415.34
10:18:58	19.635	19.18	16.531	17.358	20.908	21.191	415.42	415.34
10:19:58	19.631	19.177	16.83	18.184	20.909	21.189	415.42	415.34
10:20:58	19.631	19.177	17.196	18.895	20.913	21.176	415.42	415.34
10:21:58	19.631	19.173	17.42	19.317	20.904	21.182	415.42	415.34
10:22:58	19.627	19.171	17.572	19.573	20.899	21.167	415.42	415.34
10:23:58	19.628	19.172	17.504	19.336	20.905	21.176	415.42	415.34
10:24:58	19.613	19.17	17.349	18.913	20.923	21.177	415.42	415.34
10:25:58	19.619	19.166	17.243	18.612	20.906	21.187	415.42	415.34
10:26:58	19.619	19.164	17.156	18.313	20.896	21.193	415.42	415.34
10:27:58	19.614	19.16	17.134	18.157	20.891	21.193	415.42	415.34
10:28:58	19.606	19.16	17.111	18.065	20.909	21.189	415.42	415.34
10:29:58	19.595	19.159	17.105	18.138	20.911	21.185	415.42	415.34
10:30:58	19.594	19.159	17.12	18.188	20.904	21.18	415.42	415.34
10:31:58	19.593	19.159	17.17	18.233	20.912	21.178	415.42	415.34
10:32:58	19.593	19.157	17.185	18.341	20.906	21.173	415.42	415.34
10:33:58	19.601	19.155	17.188	18.291	20.899	21.169	415.42	415.34
10:34:58	19.604	19.15	17.171	18.404	20.902	21.181	415.42	415.34
10:35:58	19.593	19.146	17.198	18.719	20.9	21.163	415.42	415.34
10:36:58	19.601	19.146	17.234	18.935	20.901	21.171	415.42	415.34
10:37:58	19.595	19.143	17.224	19.104	20.91	21.18	415.42	415.34
10:38:58	19.603	19.145	17.251	19.202	20.901	21.19	415.42	415.34
10:39:58	19.603	19.144	17.263	19.224	20.912	21.19	415.42	415.34
10:40:58	19.606	19.143	17.045	19.207	20.893	21.189	415.42	415.34
10:41:58	19.599	19.143	16.798	19.066	20.881	21.177	415.42	415.34
10:42:58	19.594	19.142	16.703	18.696	20.908	21.168	415.42	415.34
10:43:58	19.6	19.139	16.591	18.63	20.896	21.177	415.42	415.34
10:44:58	19.589	19.137	16.539	18.649	20.913	21.157	415.42	415.34
10:45:58	19.587	19.134	16.516	18.455	20.913	21.174	415.42	415.34
10:46:58	19.59	19.133	16.352	18.288	20.891	21.157	415.42	415.34
10:47:58	19.576	19.129	16.342	18.141	20.895	21.164	415.42	415.34
10:48:58	19.572	19.131	16.307	18.345	20.886	21.169	415.42	415.34
10:49:58	19.564	19.129	16.273	18.198	20.899	21.166	415.42	415.34
10:50:59	19.575	19.128	16.239	18.357	20.897	21.173	415.42	415.34
10:51:58	19.574	19.127	16.207	18.373	20.896	21.178	415.42	415.34
10:52:58	19.577	19.127	16.137	18.289	20.899	21.167	415.42	415.34
10:53:58	19.576	19.13	16.155	18.161	20.906	21.168	415.42	415.34
10:54:58	19.566	19.129	16.115	18.122	20.904	21.168	415.42	415.34
10:55:58	19.565	19.126	16.099	17.98	20.905	21.167	415.42	415.34
10:56:58	19.566	19.125	16.043	17.99	20.893	21.164	415.42	415.34
10:57:58	19.576	19.127	15.993	18.236	20.886	21.158	415.42	415.34
10:58:58	19.576	19.123	16.013	18.331	0.0	21.166	415.42	415.34
10:59:58	19.582	19.117	16.316	18.544	20.903	21.153	415.42	415.34
11:00:58	19.562	19.118	16.519	18.711	20.904	21.161	415.42	415.34
11:01:58	19.545	19.115	16.718	18.852	20.898	21.177	415.42	415.34
11:02:58	19.554	19.118	16.782	18.95	20.893	21.161	415.42	415.34
11:03:58	19.565	19.118	16.836	19.037	20.894	21.17	415.42	415.34
11:04:58	19.564	19.112	16.944	19.102	20.883	21.172	415.42	415.34
11:05:58	19.569	19.112	16.916	19.166	20.883	21.173	415.42	415.34
11:06:58	19.566	19.107	17.002	19.223	20.887	21.159	415.42	415.34
11:07:58	19.572	19.104	17.021	19.29	20.892	21.168	415.42	415.34
11:08:58	19.571	19.104	17.163	19.348	20.896	21.172	415.42	415.34
11:09:58	19.568	19.105	17.152	19.385	20.903	21.17	415.42	415.34
11:10:58	19.562	19.102	17.183	19.407	20.899	21.163	415.42	415.34
11:11:58	19.54	19.103	17.202	19.423	20.907	21.171	415.42	415.34
11:12:58	19.541	19.104	17.174	19.461	20.913	21.164	415.42	415.34
11:13:58	19.536	19.105	17.15	19.485	20.88	21.179	415.42	415.34
11:14:58	19.542	19.106	17.217	19.464	20.89	21.175	415.42	415.34
11:15:58	19.549	19.105	17.137	19.373	20.899	21.158	415.42	415.34
11:16:58	19.554	19.108	17.109	19.229	20.901	21.165	415.42	415.34
11:17:58	19.55	19.105	17.02	19.122	20.91	21.169	415.42	415.34
11:18:58	19.547	19.097	16.821	18.875	20.894	21.158	415.42	415.34
11:19:58	19.551	19.096	16.67	18.677	20.899	21.155	415.42	415.34
11:20:58	19.556	19.095	16.58	18.506	20.902	21.156	415.42	415.34
11:21:58	19.56	19.097	16.509	18.344	20.901	21.165	415.42	415.34
11:22:58	19.56	19.091	16.327	18.005	20.899	21.165	415.42	415.34
11:23:58	19.549	19.091	16.259	17.601	20.892	21.158	415.42	415.34
11:24:58	19.543	19.091	16.219	17.648	20.882	21.154	415.42	415.34
11:25:58	19.54	19.093	16.126	17.927	20.89	21.16	415.42	415.34
11:26:58	19.543	19.089	16.078	18.021	20.877	21.171	415.42	415.34
11:27:58	19.539	19.09	16.105	18.404	20.881	21.161	415.42	415.34
11:29:02	19.528	19.09	16.175	18.509	20.888	21.15	415.42	415.34
11:29:58	19.53	19.086	16.177	18.7	20.883	21.148	415.42	415.34
11:30:58	19.542	19.084	16.157	18.798	20.878	21.149	415.42	415.34
11:31:59	19.55	19.078	16.127	18.685	20.886	21.149	415.42	415.34
11:32:58	19.544	19.079	16.105	18.782	20.884	21.153	415.42	415.34
11:33:58	19.541	19.078	16.236	18.788	20.882	21.148	415.42	415.34
11:34:58	19.537	19.077	16.322	18.872	20.88	21.156	415.42	415.34
11:35:58	19.533	19.078	16.241	18.896	20.877	21.155	415.42	415.34
11:36:58	19.514	19.076	16.267	18.97	20.884	21.149	415.42	415.34
11:37:58	19.516	19.072	16.162	19.007	20.875	21.144	415.42	415.34
11:38:58	19.519	19.074	16.233	18.816	20.866	21.142	415.42	415.34
11:39:58	19.515	19.071	16.261	18.797	20.881	21.153	415.42	415.34
11:40:58	19.516	19.072	16.24	18.934	20.89	21.161	415.42	415.34
11:41:58	19.514	19.073	16.273	18.968	20.878	21.151	415.42	415.34
11:42:58	19.512	19.072	16.343	19.005	20.883	21.147	415.42	415.34
11:43:58	19.52	19.07	16.285	19.051	20.901	21.157	415.42	415.34
11:44:58	19.522	19.069	16.295	19.107	20.891	21.16	415.42	415.34
11:45:58	19.514	19.068	16.266	19.123	20.877	21.147	415.42	415.34
11:46:58	19.52	19.065	16.238	19.142	20.87	21.144	415.42	415.34
11:47:58	19.517	19.064	16.224	19.163	20.88	21.145	415.42	415.34
11:48:58	19.508	19.061	16.369	19.166	20.874	21.141	415.42	415.34
11:49:58	19.511	19.063	16.312	19.149	20.864	0.0	415.42	415.34
11:50:58	19.511	19.058	16.257	18.827	20.886	21.144	415.42	415.34
11:51:58	19.512	19.059	16.076	17.975	20.878	21.132	415.42	415.34
11:52:58	19.511	19.061	15.99	17.773	20.884	21.148	415.42	415.34
11:53:58	19.52	19.06	15.919	17.547	20.876	21.157	415.42	415.34
11:54:58	19.525	19.06	15.985	17.552	20.871	21.142	415.42	415.34
11:55:58	19.504	19.058	15.951	17.44	20.878	21.135	415.42	415.34
11:56:58	19.503	19.055	15.955	17.556	20.875	21.134	415.42	415.34
11:57:58	19.5	19.051	15.945	17.606	20.878	21.132	415.42	415.34
11:58:58	19.5	19.051	15.881	17.814	20.877	21.133	415.42	415.34
11:59:58	19.501	19.05	15.916	18.007	20.875	21.137	415.42	415.34
12:00:58	19.503	19.049	15.845	17.681	20.868	21.132	415.42	415.34
12:01:58	19.508	19.045	15.844	17.599	20.874	21.121	415.42	415.34
12:02:58	19.504	19.044	15.748	17.379	20.867	21.125	415.42	415.34
12:03:58	19.501	19.042	15.66	17.315	20.88	21.127	415.42	415.34
12:04:58	19.501	19.04	15.838	17.606	20.868	21.138	415.42	415.34
12:05:58	19.504	19.038	16.131	18.084	20.866	21.126	415.42	415.34
12:06:58	19.499	19.037	16.282	18.341	20.875	21.136	415.42	415.34
12:07:58	19.503	19.034	16.409	18.512	20.88	21.148	415.42	415.34
12:08:58	19.504	19.034	16.504	18.668	20.873	21.151	415.42	415.34
12:09:58	0.0	19.036	16.676	18.802	20.875	21.132	415.42	415.34
12:10:58	19.507	19.034	16.823	18.975	20.878	21.126	415.42	415.34
12:11:58	19.506	19.032	16.97	19.11	20.871	21.128	415.42	415.34
12:12:58	19.509	19.031	17.086	19.241	20.865	21.12	415.42	415.34
12:13:58	19.506	19.028	17.253	19.382	20.873	21.144	415.42	415.34
12:14:58	19.505	19.029	17.391	19.513	20.859	21.131	415.42	415.34
12:15:58	19.491	19.027	17.253	19.39	20.868	21.13	415.42	415.34
12:16:58	19.489	19.024	17.135	18.818	0.0	21.138	415.42	415.34
12:17:58	19.486	19.023	17.034	18.402	20.869	21.129	415.42	415.34
12:18:58	19.484	19.023	16.896	18.087	20.882	21.129	415.42	415.34
12:19:58	19.489	19.022	16.729	17.662	20.885	21.133	415.42	415.34
12:20:58	19.489	19.021	16.529	17.865	20.875	21.129	415.42	415.34
12:21:58	19.49	19.021	16.466	18.163	20.861	21.126	415.42	415.34
12:22:58	19.484	19.023	16.418	18.432	20.867	21.114	415.42	415.34
12:23:58	19.474	19.021	16.398	18.354	20.868	21.119	415.42	415.34
12:24:58	19.467	19.019	16.322	18.532	20.87	21.124	415.42	415.34
12:25:58	19.474	19.019	16.272	18.378	20.868	21.137	415.42	415.34
12:26:58	19.479	19.017	16.187	18.092	20.861	21.122	415.42	415.34
12:27:58	19.476	19.016	16.2	18.059	20.865	21.118	415.42	415.34
12:28:58	19.465	19.014	16.141	18.017	20.865	21.131	415.42	415.34
12:29:58	19.476	19.016	16.19	18.075	20.853	21.127	415.42	415.34
12:30:58	19.483	19.013	16.462	18.401	20.866	21.131	415.42	415.34
12:31:58	19.477	19.004	16.604	18.665	20.867	21.118	415.42	415.34
12:32:58	19.479	19.001	16.778	18.804	20.844	21.108	415.42	415.34
12:33:58	19.481	18.999	16.867	18.916	20.859	21.113	415.42	415.34
12:34:58	19.475	18.997	16.935	19.027	20.865	21.118	415.42	415.34
12:35:58	19.453	18.995	16.893	19.083	20.861	21.111	415.42	415.34
12:36:58	19.462	18.993	16.987	19.15	20.868	21.111	415.42	415.34
12:37:58	19.472	18.995	17.057	19.218	20.859	21.119	415.42	415.34
12:38:58	19.469	18.995	17.136	19.243	20.869	21.12	415.42	415.34
12:39:58	19.474	18.996	17.248	19.267	20.861	21.133	415.42	415.34
12:40:58	19.469	18.993	17.27	19.321	20.856	21.119	415.42	415.34
12:41:58	19.457	18.989	17.275	19.352	20.868	21.121	415.42	415.34
12:42:58	19.458	18.988	17.315	19.398	20.853	21.118	415.42	415.34
12:43:58	19.459	18.987	17.222	19.426	20.865	21.109	415.42	415.34
12:44:58	19.46	18.986	17.242	19.432	20.868	21.112	415.42	415.34
12:45:58	19.443	18.986	17.301	19.45	20.869	21.112	415.42	415.34
12:46:58	19.45	18.988	17.361	19.455	20.875	21.122	415.42	415.34
12:47:58	19.443	18.988	17.292	19.479	20.855	21.125	415.42	415.34
12:48:58	19.427	18.984	17.383	19.493	20.854	21.116	415.42	415.34
12:49:58	19.437	18.98	17.348	19.496	20.858	21.117	415.42	415.34
12:50:58	19.438	18.982	17.284	19.521	20.852	21.107	415.42	415.34
12:51:58	19.436	18.982	17.318	19.531	20.854	21.111	415.42	415.34
12:52:58	19.44	18.98	17.315	19.561	20.854	21.104	415.42	415.34
12:53:58	19.443	18.977	17.342	19.353	20.853	21.112	415.42	415.34
12:54:58	19.427	18.978	17.363	18.893	20.846	21.101	415.42	415.34
12:55:58	19.436	18.976	17.366	18.61	20.833	21.099	415.42	415.34
12:56:58	19.443	18.972	17.393	18.427	20.847	21.118	415.42	415.34
12:57:58	19.44	18.969	17.274	17.981	20.848	21.124	415.42	415.34
12:58:58	19.441	18.969	17.21	17.885	20.852	21.105	415.42	415.34
12:59:58	19.44	18.966	17.315	18.572	20.854	21.107	415.42	415.34
13:00:58	19.444	18.967	17.334	19.03	20.87	21.108	415.42	415.34
13:01:58	19.436	18.967	17.35	19.265	20.869	21.12	415.42	415.34
13:02:58	19.442	18.967	17.353	19.399	20.856	21.11	415.42	415.34
13:03:58	19.435	18.966	17.401	19.469	20.853	21.101	415.42	415.34
13:04:58	19.437	18.964	17.487	19.524	20.848	21.104	415.42	415.34
13:05:58	19.433	18.963	17.605	19.565	20.845	21.107	415.42	415.34
13:06:58	19.429	18.963	17.72	19.6	20.848	21.098	415.42	415.34
13:07:58	19.423	18.961	17.65	19.531	20.852	21.103	415.42	415.34
13:08:58	19.425	18.959	17.62	19.45	20.839	21.103	415.42	415.34
13:09:58	19.429	18.957	17.602	19.443	20.85	21.094	415.42	415.34
13:10:58	19.427	18.955	17.572	19.43	20.848	21.098	415.42	415.34
13:11:58	19.432	18.956	17.434	19.293	20.846	21.106	415.42	415.34
13:12:58	19.426	18.957	17.316	19.121	20.847	21.112	415.42	415.34
13:13:58	19.425	18.956	17.361	19.141	20.849	21.099	415.42	415.34
13:14:58	19.425	18.957	17.327	19.137	20.848	21.109	415.42	415.34
13:15:58	19.425	18.956	17.271	19.017	20.853	21.117	415.42	415.34
13:16:58	19.427	18.954	17.151	19.053	20.867	21.108	415.42	415.34
13:17:58	19.431	18.955	17.14	19.013	20.849	21.103	415.42	415.34
13:18:58	19.432	18.955	17.132	18.953	20.848	21.095	415.42	415.34
13:19:58	19.432	18.955	17.178	19.051	20.833	21.099	415.42	415.34
13:20:58	19.428	18.951	17.091	19.001	20.841	21.096	415.42	415.34
13:21:58	19.428	18.947	17.106	19.008	20.847	21.088	415.42	415.34
13:22:58	19.429	18.947	17.079	19.036	20.853	21.085	415.42	415.34
13:23:58	19.427	18.947	17.033	19.063	20.672	20.596	415.42	415.34
13:24:58	19.417	18.949	17.071	19.104	20.691	20.553	415.42	415.34
13:25:58	19.415	18.95	17.065	19.067	20.3	20.264	415.42	415.34
13:26:58	19.417	18.948	17.08	19.116	20.199	20.211	415.42	415.34
13:27:58	19.412	18.947	17.073	19.054	20.276	20.249	415.42	415.34
13:28:58	19.41	18.948	17.039	18.966	20.281	20.282	415.42	415.34
13:29:58	19.408	18.946	17.171	19.116	20.212	20.243	415.42	415.34
13:30:58	19.408	18.948	17.189	19.234	20.129	20.198	415.42	415.34
13:31:58	19.416	18.946	17.202	19.29	20.134	20.273	415.42	415.34
13:32:58	19.422	18.944	17.113	19.262	20.248	20.369	415.42	415.34
13:33:58	19.421	18.943	17.073	19.213	20.41	20.384	415.42	415.34
13:34:58	19.421	18.943	17.023	19.196	20.537	20.236	415.42	415.34
13:35:58	19.415	18.945	16.964	19.122	20.591	20.183	415.42	415.34
13:36:58	19.417	18.946	16.909	19.176	20.637	20.306	415.42	415.34
13:37:58	19.413	18.946	16.88	19.113	20.556	20.28	415.42	415.34
13:38:58	19.41	18.944	16.868	19.13	20.692	20.222	415.42	415.34
13:39:58	19.405	18.943	16.857	19.055	20.506	20.293	415.42	415.34
13:40:58	19.398	18.945	16.779	19.01	20.408	20.356	415.42	415.34
13:41:58	19.391	18.944	16.791	19.109	20.209	20.187	415.42	415.34
13:42:58	19.388	18.947	16.734	19.092	20.159	20.216	415.42	415.34
13:43:58	19.399	18.946	16.657	19.12	20.215	20.229	415.42	415.34
13:44:58	19.405	18.942	16.613	19.066	20.292	20.324	415.42	415.34
13:45:58	19.41	18.94	16.539	19.056	20.43	20.237	415.42	415.34
13:46:58	19.413	18.94	16.509	19.089	20.333	20.357	415.42	415.34
13:47:58	19.411	18.941	16.501	19.075	20.247	20.301	415.42	415.34
13:48:58	19.409	18.941	16.486	19.11	20.344	20.269	415.42	415.34
13:49:58	19.414	18.94	16.471	19.105	20.293	20.139	415.42	415.34
13:50:58	19.406	18.938	16.474	19.086	20.245	20.287	415.42	415.34
13:51:58	19.401	18.94	16.447	19.019	20.331	20.237	415.42	415.34
13:52:58	19.405	18.936	16.389	18.996	20.249	20.25	415.42	415.34
13:53:58	19.409	18.938	16.389	18.884	20.15	20.264	415.42	415.34
13:54:58	19.404	18.935	16.43	18.919	20.394	20.22	415.42	415.34
13:55:58	19.406	18.937	16.462	19.02	20.498	20.113	415.42	415.34
13:56:58	19.4	18.938	16.474	19.07	19.959	20.04	415.42	415.34
13:57:58	19.404	18.938	16.437	18.997	19.964	19.964	415.42	415.34
13:58:58	19.407	18.936	16.363	19.031	19.858	19.987	415.42	415.34
13:59:58	19.409	18.933	16.338	19.064	19.979	20.127	415.42	415.34
14:00:58	19.404	18.933	16.362	19.06	19.952	20.189	415.42	415.34
14:01:58	19.407	18.935	16.444	19.069	19.958	20.118	415.42	415.34
14:02:58	19.408	18.935	16.358	19.085	19.865	20.125	415.42	415.34
14:03:58	19.388	18.934	16.4	19.093	19.907	20.1	415.42	415.34
14:04:58	19.394	18.931	16.301	19.097	19.92	20.176	415.42	415.34
14:05:58	19.396	18.928	16.307	19.067	20.176	20.135	415.42	415.34
14:06:58	19.403	18.929	16.295	19.086	20.069	20.064	415.42	415.34
14:07:58	19.407	18.931	16.25	19.071	20.13	20.205	415.42	415.34
14:08:58	19.407	18.929	16.199	18.882	20.188	20.179	415.42	415.34
14:09:58	19.407	18.929	16.162	18.721	20.316	20.185	415.42	415.34
14:10:58	19.401	18.927	16.139	18.779	20.331	20.136	415.42	415.34
14:11:58	19.407	18.924	16.103	18.778	20.301	20.135	415.42	415.34
14:12:58	19.404	18.921	16.129	18.607	20.287	20.125	415.42	415.34
14:13:58	19.406	18.92	16.139	18.704	20.694	20.006	415.42	415.34
14:14:58	19.405	18.922	16.167	18.827	20.808	19.947	415.42	415.34
14:15:58	19.405	18.922	16.196	18.902	20.561	20.056	415.42	415.34
14:16:58	19.397	18.921	16.171	18.917	20.784	20.024	415.42	415.34
14:17:58	19.393	18.92	16.157	18.807	20.854	20.033	415.42	415.34
14:18:58	19.395	18.921	16.118	18.67	20.843	20.175	415.42	415.34
14:19:58	19.396	18.919	16.09	18.78	20.121	19.71	415.42	415.34
14:20:58	19.403	18.917	16.119	18.868	19.847	19.645	415.42	415.34
14:21:58	19.399	18.92	16.12	18.916	19.848	19.729	415.42	415.34
14:22:58	19.393	18.92	16.165	18.905	19.925	19.853	415.42	415.34
14:23:58	19.396	18.919	16.146	18.918	20.152	19.893	415.42	415.34
14:24:58	19.396	18.916	16.092	18.743	20.235	19.731	415.42	415.34
14:25:58	19.398	18.915	16.058	18.756	20.515	19.888	415.42	415.34
14:26:58	19.398	18.916	16.037	18.7	20.087	19.987	415.42	415.34
14:27:58	19.395	18.914	16.035	18.533	20.089	19.924	415.42	415.34
14:28:58	19.383	18.912	16.057	18.43	20.002	19.894	415.42	415.34
14:29:58	19.383	18.909	16.023	18.554	19.812	19.823	415.42	415.34
14:30:58	19.388	18.908	16.008	18.701	19.999	19.867	415.42	415.34
14:31:58	19.389	18.907	15.952	18.669	20.035	19.844	415.42	415.34
14:32:58	19.393	18.904	15.917	18.687	20.228	19.925	415.42	415.34
14:33:58	19.395	18.903	15.98	18.73	20.074	20.065	415.42	415.34
14:34:58	19.391	18.903	15.96	18.797	20.079	20.026	415.42	415.34
14:35:58	19.389	18.9	16.014	18.871	20.189	20.014	415.42	415.34
14:36:58	19.39	18.901	16.099	18.827	20.159	20.003	0.0	415.34
14:37:58	19.392	18.897	16.035	18.944	19.998	20.168	415.42	415.34
14:38:58	19.388	18.892	15.99	18.967	20.104	20.155	415.42	415.34
14:39:58	19.388	18.893	16.09	18.984	20.174	19.964	415.42	415.34
14:40:58	19.382	18.893	16.05	18.888	20.031	20.084	415.42	415.34
14:41:58	19.381	18.891	16.003	18.503	19.94	19.949	415.42	415.34
14:42:58	19.383	18.889	15.978	18.47	20.018	20.108	415.42	415.34
14:43:58	19.387	18.887	15.979	18.309	20.131	20.106	415.42	415.34
14:44:58	19.384	18.886	15.949	18.472	20.013	20.055	415.42	415.34
14:45:58	19.384	18.885	15.943	18.524	20.076	20.041	415.42	415.34
14:46:58	19.379	18.885	15.894	18.464	20.016	20.051	415.42	415.34
14:47:58	19.376	18.886	15.859	18.553	20.015	19.877	415.42	415.34
14:48:58	19.377	18.883	15.827	18.685	19.982	19.793	415.42	415.34
14:49:58	19.365	18.88	15.767	18.764	20.029	19.796	415.42	415.34
14:50:58	19.369	18.88	15.79	18.591	20.078	19.816	415.42	415.34
14:51:58	19.372	18.88	15.804	18.736	20.209	19.823	415.42	415.34
14:52:58	19.37	18.88	15.806	18.505	19.957	19.85	415.42	415.34
14:53:58	19.371	18.879	15.854	18.434	19.946	19.851	415.42	415.34
14:54:58	19.369	18.876	15.876	18.508	20.136	19.889	415.42	415.34
14:55:58	19.367	18.874	15.897	18.179	20.185	20.042	415.42	415.34
14:56:58	19.365	18.869	15.932	18.438	20.092	19.89	415.42	415.34
14:57:58	19.357	18.866	15.95	18.47	20.096	19.971	415.42	415.34
14:58:58	19.358	18.865	15.972	18.585	19.93	20.02	415.42	415.34
14:59:58	19.364	18.865	16.002	18.699	20.009	20.029	415.42	415.34
15:00:58	19.365	18.865	15.972	18.786	20.06	19.97	415.42	415.34
15:01:58	19.364	18.86	15.947	18.873	19.861	19.872	415.42	415.34
15:02:58	19.365	18.858	15.943	18.88	19.927	19.856	415.42	415.34
15:03:58	19.363	18.861	15.955	18.886	19.95	20.0	415.42	415.34
15:04:58	19.359	18.86	15.917	18.889	19.985	19.876	415.42	415.34
15:05:58	19.361	18.855	15.911	18.917	20.046	19.9	415.42	415.34
15:06:58	19.359	18.852	15.898	18.662	19.977	19.696	415.42	415.34
15:07:58	19.358	18.85	15.879	18.77	19.958	19.852	415.42	415.34
15:08:58	19.357	18.846	15.882	18.783	19.932	19.889	415.42	415.34
15:09:58	19.341	18.845	15.862	18.726	19.97	19.875	415.42	415.34
15:10:59	19.346	18.845	15.81	18.502	19.982	19.857	415.42	415.34
15:11:58	0.0	18.844	15.804	18.598	19.945	19.959	415.42	415.34
15:12:58	19.35	18.84	15.795	18.543	19.97	19.816	415.42	415.34
15:13:58	19.346	18.838	15.801	18.647	19.984	19.959	415.42	415.34
15:14:58	19.347	18.837	15.844	18.575	19.946	19.869	415.42	415.34
15:15:58	19.343	18.835	15.776	18.672	19.932	19.868	415.42	415.34
15:16:58	19.328	18.836	15.817	18.707	19.865	19.8	415.42	415.34
15:17:58	19.331	18.835	15.845	18.753	20.308	19.845	415.42	415.34
15:18:58	19.337	18.83	15.827	18.566	19.959	19.789	415.42	415.34
15:19:58	19.338	18.829	15.959	18.718	19.861	19.781	415.42	415.34
15:20:58	19.34	18.827	16.272	18.889	19.714	19.748	415.42	415.34
15:21:58	19.329	18.824	16.495	19.005	19.668	19.8	415.42	415.34
15:22:58	19.326	18.82	16.63	19.099	19.658	19.765	415.42	415.34
15:23:58	19.32	18.82	16.746	19.197	19.752	19.89	415.42	415.34
15:24:58	19.32	18.822	16.83	19.241	19.981	20.09	415.42	415.34
15:25:58	19.317	18.821	16.907	19.264	19.885	19.96	415.42	415.34
15:26:58	19.32	18.819	17.004	19.33	19.836	19.969	415.42	415.34
15:27:58	19.321	18.815	17.049	19.383	19.717	19.912	415.42	415.34
15:28:58	19.319	18.814	17.125	19.42	19.964	19.918	415.42	415.34
15:29:58	19.314	18.812	17.246	19.467	19.98	20.063	415.42	415.34
15:30:58	19.318	18.809	17.157	19.473	20.011	20.137	415.42	415.34
15:31:58	19.318	18.807	17.124	19.438	19.962	20.056	415.42	415.34
15:32:58	19.312	18.807	17.066	19.406	19.983	20.016	415.42	415.34
15:33:58	19.316	18.803	17.017	19.386	19.903	20.014	415.42	415.34
15:34:58	19.311	18.804	16.874	19.341	19.883	20.05	415.42	415.34
15:35:58	19.308	18.803	16.804	19.254	19.924	20.132	415.42	415.34
15:36:58	19.311	18.804	16.856	19.255	19.888	20.045	415.42	415.34
15:37:58	19.309	18.801	16.817	19.223	19.963	20.016	415.42	415.34
15:38:58	19.311	18.797	16.79	19.178	20.353	20.048	415.42	415.34
15:39:58	19.31	18.799	16.806	19.194	19.907	20.012	415.42	415.34
15:40:58	19.307	18.796	16.804	19.221	19.813	19.999	415.42	415.34
15:41:58	19.303	18.793	16.761	19.223	19.858	19.999	415.42	415.34
15:42:58	19.302	18.79	16.696	19.165	20.032	20.127	415.42	415.34
15:43:58	19.301	18.789	16.714	19.201	19.941	20.038	415.42	415.34
15:44:58	19.301	18.787	16.683	19.199	19.98	20.066	415.42	415.34
15:45:58	19.302	18.788	16.672	19.069	20.021	20.059	415.42	415.34
15:46:58	19.294	18.789	16.667	19.105	19.833	19.981	415.42	415.34
15:47:58	19.287	18.783	16.618	19.127	19.753	19.923	415.42	415.34
15:48:58	19.288	18.785	16.549	19.158	19.747	19.864	415.42	415.34
15:49:58	19.285	18.779	16.447	19.046	19.707	19.846	415.42	415.34
15:50:58	19.282	18.782	16.362	19.045	19.671	19.845	415.42	415.34
15:51:58	19.279	18.78	16.336	18.939	19.646	19.853	415.42	415.34
15:52:58	19.283	18.778	16.305	18.946	19.633	19.852	415.42	415.34
15:53:58	19.283	18.775	16.235	18.94	19.666	19.885	415.42	415.34
15:54:58	19.284	18.775	16.256	18.8	19.631	19.859	415.42	415.34
15:55:58	19.283	18.773	16.27	18.752	19.581	19.729	415.42	415.34
15:56:58	19.273	18.769	16.27	18.843	19.577	19.783	415.42	415.34
15:57:58	19.278	18.771	16.249	18.916	19.618	19.812	415.42	415.34
15:58:58	19.271	18.772	16.267	18.945	19.622	19.862	415.42	415.34
15:59:58	19.276	18.771	16.234	18.962	19.65	19.857	415.42	415.34
16:00:58	19.275	18.769	16.249	18.96	19.677	19.932	415.42	415.34
16:01:58	19.273	18.765	16.272	18.99	19.956	19.9	415.42	415.34
16:02:58	19.273	18.759	16.299	18.952	19.959	19.896	415.42	415.34
16:03:58	19.275	18.756	16.25	19.001	20.156	19.939	415.42	415.34
16:04:58	19.274	18.757	16.253	18.85	19.894	19.896	415.42	415.34
16:05:58	19.273	18.757	16.199	18.848	20.055	19.95	415.42	415.34
16:06:58	19.276	18.762	16.173	18.841	20.08	20.033	415.42	415.34
16:07:58	19.269	18.758	16.167	18.809	20.424	19.959	415.42	415.34
16:08:58	19.27	18.752	16.125	18.838	20.473	20.038	415.42	415.34
16:09:58	19.268	18.749	16.111	18.861	20.053	20.011	415.42	415.34
16:10:58	19.264	18.748	16.089	18.678	19.954	20.033	415.42	415.34
16:11:58	19.263	18.749	16.007	18.782	19.995	20.123	415.42	415.34
16:12:58	19.257	18.753	16.119	18.842	20.05	19.919	415.42	415.34
16:13:58	19.261	18.753	15.974	18.809	19.938	19.931	415.42	415.34
16:14:58	19.263	18.75	15.99	18.702	19.895	19.826	415.42	415.34
16:15:58	19.257	18.748	16.06	18.786	19.98	19.814	415.42	415.34
16:16:58	19.258	18.747	16.042	18.861	19.898	19.811	415.42	415.34
16:17:58	19.261	18.749	15.974	18.761	20.157	19.807	415.42	415.34
16:18:58	19.259	18.744	15.994	18.778	19.971	19.85	415.42	415.34
16:19:58	19.254	18.743	15.98	18.664	19.969	19.897	415.42	415.34
16:20:58	19.256	18.74	15.964	18.8	19.921	19.854	415.42	415.34
16:21:58	19.25	18.734	16.051	18.768	20.136	20.027	415.42	415.34
16:22:58	19.255	18.733	16.02	18.856	20.063	19.935	415.42	415.34
16:23:58	19.258	18.736	16.039	18.919	20.162	19.89	415.42	415.34
16:24:58	19.255	18.734	15.977	18.933	20.204	19.849	415.42	415.34
16:25:58	19.253	18.732	15.988	18.979	20.075	19.913	415.42	415.34
16:26:58	19.248	18.731	15.954	18.892	20.002	19.885	415.42	415.34
16:27:58	19.239	18.728	15.974	18.879	19.922	19.871	415.42	415.34
16:28:58	19.241	18.727	15.878	18.794	19.963	19.851	415.42	415.34
16:29:58	19.241	18.725	15.88	18.74	19.909	19.822	415.42	415.34
16:30:58	19.243	18.73	15.885	18.64	19.994	19.878	415.42	415.34
16:31:58	19.239	18.729	15.869	18.56	19.982	19.882	415.42	415.34
16:32:58	19.244	18.73	15.839	18.61	20.15	19.946	415.42	415.34
16:33:58	19.235	18.729	15.836	18.726	20.013	19.986	415.42	415.34
16:34:58	19.229	18.728	15.84	18.723	19.951	19.86	415.42	415.34
16:35:58	19.226	18.724	15.816	18.747	20.201	20.032	415.42	415.34
16:36:58	19.228	18.72	15.789	18.814	20.127	20.124	415.42	415.34
16:37:59	19.232	18.719	15.814	18.82	20.234	20.084	415.42	415.34
16:38:58	0.0	18.718	15.889	18.854	20.292	20.051	415.42	415.34
16:39:58	19.208	18.719	15.885	18.808	20.003	19.959	415.42	415.34
16:40:59	19.21	18.714	15.813	18.776	20.198	19.963	415.42	415.34
16:41:58	19.208	18.712	15.88	18.79	19.919	19.904	415.42	415.34
16:42:58	19.212	18.709	15.928	18.724	20.029	19.848	415.42	415.34
16:43:58	19.219	18.708	15.858	18.837	19.941	19.882	415.42	415.34
16:44:58	19.223	18.71	15.847	18.891	20.025	19.848	415.42	415.34
16:46:00	19.219	18.71	15.895	18.841	20.112	19.869	415.42	415.34
16:46:58	19.224	18.71	15.848	18.753	20.308	19.878	415.42	415.34
16:47:58	19.223	18.708	15.838	18.783	20.076	20.179	415.42	415.34
16:48:58	19.222	18.706	15.842	18.784	19.967	20.215	415.42	415.34
16:49:58	19.212	18.702	15.759	18.661	20.115	19.894	415.42	415.34
16:50:58	19.216	18.699	15.732	18.718	20.017	19.888	415.42	415.34
16:51:58	19.217	18.697	15.808	18.626	20.153	19.966	415.42	415.34
16:52:58	19.216	18.699	15.851	18.747	20.042	20.076	415.42	415.34
16:53:58	19.206	18.698	15.864	18.811	19.982	19.99	415.42	415.34
16:54:58	19.212	18.696	15.844	18.794	20.037	20.016	415.42	415.34
16:55:58	19.208	18.693	15.932	18.856	20.025	19.841	415.42	415.34
16:56:58	19.21	18.693	16.01	18.862	20.028	19.821	415.42	415.34
16:57:58	19.209	18.688	16.291	18.89	19.94	19.846	415.42	415.34
16:58:58	19.21	18.69	16.498	18.996	19.871	19.747	415.42	415.34
16:59:58	19.21	18.689	16.653	19.073	19.805	19.84	415.42	415.34
17:00:58	19.207	18.688	16.721	19.111	19.802	19.924	415.42	415.34
17:01:58	19.208	18.686	16.796	19.14	19.73	19.805	415.42	415.34
17:02:58	19.208	18.68	16.892	19.19	19.726	19.867	415.42	415.34
17:03:58	19.207	18.678	16.97	19.219	19.727	19.862	415.42	415.34
17:04:58	19.205	18.674	17.014	19.243	19.819	19.919	415.42	415.34
17:05:58	19.203	18.674	17.087	19.282	19.799	19.868	415.42	415.34
17:06:58	19.201	18.673	17.115	19.312	19.818	19.883	415.42	415.34
17:07:58	19.197	18.673	17.12	19.324	19.736	19.861	415.42	415.34
17:08:58	19.185	18.674	17.185	19.349	19.794	19.869	415.42	415.34
17:09:58	19.167	18.669	17.272	19.382	19.843	19.848	415.42	415.34
17:10:58	19.168	18.664	17.297	19.403	19.762	19.969	415.42	415.34
17:11:58	19.17	18.664	17.428	19.417	19.745	19.92	415.42	415.34
17:12:58	19.178	18.664	17.442	19.436	19.83	19.958	415.42	415.34
17:13:58	19.181	18.664	17.509	19.458	19.78	19.84	415.42	415.34
17:14:58	19.163	18.666	17.559	19.497	19.714	19.948	415.42	415.34
17:15:58	19.161	18.663	17.581	19.508	19.763	19.976	415.42	415.34
17:16:58	19.166	18.66	17.54	19.529	19.802	19.901	415.42	415.34
17:17:58	19.163	18.656	17.616	19.541	19.77	19.839	415.42	415.34
17:18:58	19.169	18.653	17.602	19.572	19.778	19.771	415.42	415.34
17:19:58	19.173	18.65	17.65	19.589	19.7	19.842	415.42	415.34
17:20:58	19.174	18.652	17.718	19.397	19.772	19.966	415.42	415.34
17:21:58	19.164	18.656	17.58	18.987	19.779	19.895	415.42	415.34
17:22:58	19.156	18.653	17.421	18.631	19.748	19.827	415.42	415.34
17:23:58	19.149	18.649	17.307	18.443	19.72	19.767	415.42	415.34
17:24:58	19.158	18.646	17.254	18.475	19.584	19.728	415.42	415.34
17:25:58	19.158	18.645	17.271	18.747	19.586	19.874	415.42	415.34
17:26:58	19.158	18.645	17.218	18.956	19.611	19.783	415.42	415.34
17:27:58	19.158	18.647	17.143	19.023	19.627	19.782	415.42	415.34
17:28:58	19.159	18.646	17.014	19.05	19.61	19.731	415.42	415.34
17:29:58	19.161	18.645	17.092	19.045	19.552	19.736	415.42	415.34
17:30:58	19.151	18.642	17.06	19.038	19.509	19.741	415.42	415.34
17:31:58	19.151	18.64	17.011	19.02	19.496	19.686	415.42	415.34
17:32:58	19.157	18.637	16.912	19.015	19.521	19.671	415.42	415.34
17:33:58	19.157	18.637	16.854	18.979	19.537	19.608	415.42	415.34
17:34:58	19.153	18.636	16.786	18.974	19.505	19.723	415.42	415.34
17:35:58	19.156	18.637	16.65	18.958	19.517	19.503	415.42	415.34
17:36:58	19.156	18.637	16.646	18.931	19.512	19.579	415.42	415.34
17:37:58	19.154	18.634	16.524	18.899	19.493	19.618	415.42	415.34
17:38:58	19.142	18.631	16.4	18.833	19.418	19.464	415.42	415.34
17:39:58	19.144	18.63	16.342	18.792	19.469	19.613	415.42	415.34
17:40:58	19.143	18.629	16.256	18.798	19.515	19.744	415.42	415.34
17:41:58	19.143	18.627	16.291	18.785	19.538	19.728	415.42	415.34
17:42:58	19.146	18.627	16.355	18.831	19.569	19.826	415.42	415.34
17:43:58	19.138	18.628	16.629	18.858	19.674	19.914	415.42	415.34
17:44:58	19.143	18.631	16.885	18.975	19.552	19.782	415.42	415.34
17:45:58	19.145	18.632	17.042	0.0	19.626	19.862	415.42	415.34
17:46:58	19.14	18.632	17.221	19.207	19.697	19.873	415.42	415.34
17:47:58	19.133	18.63	17.324	19.305	19.679	19.862	415.42	415.34
17:48:58	19.128	18.625	17.392	19.391	19.713	19.841	415.42	415.34
17:49:58	19.129	18.624	17.396	19.453	19.704	19.803	415.42	415.34
17:50:58	19.135	18.623	17.484	19.494	19.735	19.815	415.42	415.34
17:51:58	19.134	18.623	17.434	19.511	19.738	19.951	415.42	415.34
17:52:58	19.131	18.626	17.368	19.434	19.753	19.969	415.42	415.34
17:53:58	19.132	18.627	17.36	19.41	19.726	20.0	415.42	415.34
17:54:58	19.134	18.626	17.349	19.38	19.779	20.038	415.42	415.34
17:55:59	19.122	18.622	17.134	19.356	19.822	20.127	415.42	415.34
17:56:58	0.0	18.622	17.027	19.278	19.762	20.003	415.42	415.34
17:57:58	19.119	18.622	16.965	19.255	19.714	19.942	415.42	415.34
17:58:58	19.124	18.622	16.936	19.19	19.595	19.692	415.42	415.34
17:59:58	19.127	18.62	16.829	19.117	19.64	19.774	415.42	415.34
18:00:58	19.13	18.619	16.815	19.095	19.682	19.861	415.42	415.34
18:01:58	19.133	18.617	16.784	19.074	19.754	20.027	415.42	415.34
18:02:58	19.135	18.618	16.745	19.071	19.984	20.07	415.42	415.34
18:03:58	19.129	18.619	16.668	19.047	19.88	20.133	415.42	415.34
18:04:58	19.114	18.62	16.638	18.988	19.908	20.015	415.42	415.34
18:05:58	19.105	18.622	16.648	19.012	20.214	20.013	415.42	415.34
18:06:58	19.107	18.62	16.604	19.041	20.441	20.21	415.42	415.34
18:07:58	19.117	18.618	16.521	18.999	20.586	20.273	415.42	415.34
18:08:58	19.119	18.616	16.447	18.926	20.66	20.268	415.42	415.34
18:09:58	19.115	18.617	16.473	18.933	20.705	20.299	415.42	415.34
18:10:58	19.113	18.617	16.527	18.938	20.848	20.331	415.42	415.34
18:11:58	19.11	18.616	16.491	18.84	20.898	20.337	415.42	415.34
18:12:58	19.097	18.613	16.402	18.865	20.927	20.32	415.42	415.34
18:13:58	19.098	18.612	16.362	18.909	20.917	20.385	415.42	415.34
18:14:58	19.109	18.613	16.486	18.895	20.887	20.311	415.42	415.34
18:15:58	19.108	18.613	16.818	18.974	20.901	20.331	415.42	415.34
18:16:58	19.113	18.615	16.982	19.072	20.944	20.303	415.42	415.34
18:17:58	19.109	18.615	17.169	19.173	20.876	20.389	415.42	415.34
18:18:58	19.108	18.612	17.281	19.266	21.06	20.459	415.42	415.34
18:19:58	19.103	18.608	17.401	19.346	21.025	20.565	415.42	415.34
18:20:58	19.103	18.609	17.473	19.416	20.873	22.669	415.42	415.34
18:21:58	19.109	18.608	17.523	19.477	21.167	21.174	415.42	415.34
18:22:58	19.113	18.605	17.583	19.526	21.281	21.086	415.42	415.34
18:23:58	19.117	18.604	17.491	19.516	21.085	21.347	415.42	415.34
18:24:58	19.112	18.606	17.423	19.44	21.029	21.522	415.42	415.34
18:25:58	19.115	18.605	17.371	19.393	21.122	21.838	415.42	415.34
18:26:58	19.117	18.606	17.344	19.357	21.224	21.065	415.42	415.34
18:27:58	19.109	18.605	17.141	19.321	21.337	21.271	415.42	415.34
18:28:58	19.111	18.607	17.07	19.269	21.297	20.835	415.42	415.34
18:29:58	19.112	18.605	16.895	19.136	21.31	20.751	415.42	415.34
18:30:58	19.116	18.606	16.781	18.946	21.348	20.594	415.42	415.34
18:31:58	19.114	18.608	16.718	18.975	21.302	20.505	415.42	415.34
18:32:58	19.113	18.608	16.672	18.975	21.328	20.472	415.42	415.34
18:33:58	19.117	18.608	16.591	18.993	21.351	20.488	415.42	415.34
18:34:58	19.113	18.608	16.678	18.99	21.392	20.466	415.42	415.34
18:35:58	19.11	18.606	16.694	18.94	21.333	20.439	415.42	415.34
18:36:58	19.112	18.606	16.592	18.982	21.414	20.607	415.42	415.34
18:37:58	19.114	18.606	16.68	19.022	21.44	20.576	415.42	415.34
18:38:58	19.105	18.61	16.657	19.016	21.505	20.557	415.42	415.34
18:39:58	19.102	18.607	16.651	19.011	21.45	20.601	415.42	415.34
18:40:58	19.105	18.604	16.646	19.044	21.408	20.423	415.42	415.34
18:41:58	19.102	18.6	16.708	19.055	21.484	20.534	415.42	415.34
18:42:58	19.1	18.599	16.759	19.111	21.533	20.535	415.42	415.34
18:43:58	19.096	18.598	16.829	19.146	21.42	20.61	415.42	415.34
18:44:58	19.102	18.596	16.794	19.009	21.503	20.503	415.42	415.34
18:45:58	19.105	18.597	16.794	19.091	21.5	20.506	415.42	415.34
18:46:58	19.101	18.597	16.84	19.036	21.444	20.4	415.42	415.34
18:47:58	19.1	18.599	16.824	18.953	21.485	20.37	415.42	415.34
18:48:58	19.098	18.6	16.843	19.048	21.445	20.407	415.42	415.34
18:49:58	19.1	18.596	16.733	19.072	21.488	20.396	415.42	415.34
18:50:58	19.101	18.597	16.691	19.055	21.489	20.424	415.42	415.34
18:51:58	19.086	18.596	16.708	19.076	21.55	20.331	415.42	415.34
18:52:58	19.095	18.597	16.656	19.099	21.485	20.354	415.42	415.34
18:53:58	19.101	18.597	16.648	19.104	20.841	20.146	415.42	415.34
18:54:58	19.101	18.598	16.641	19.082	20.524	20.157	415.42	415.34
18:55:58	19.105	18.597	16.581	19.053	20.476	20.137	415.42	415.34
18:56:58	19.103	18.597	16.526	19.047	20.39	20.15	415.42	415.34
18:57:58	19.098	18.595	16.509	19.059	20.328	19.996	415.42	415.34
18:58:58	19.098	18.595	16.533	18.993	20.259	19.976	415.42	415.34
18:59:58	19.102	18.595	16.363	18.917	20.256	19.989	415.42	415.34
19:00:58	19.095	18.592	16.304	18.89	20.35	19.966	415.42	415.34
19:01:58	19.086	18.588	16.233	18.815	20.209	19.91	415.42	415.34
19:02:58	19.09	18.586	16.246	18.821	20.085	19.901	415.42	415.34
19:03:58	19.094	18.586	16.263	18.853	19.973	19.984	415.42	415.34
19:04:58	19.1	18.588	16.373	18.929	20.015	19.948	415.42	415.34
19:05:58	19.1	18.588	16.391	18.952	19.985	19.945	415.42	415.34
19:06:59	19.091	18.588	16.38	18.974	20.048	19.859	415.42	415.34
19:07:58	0.0	18.584	16.426	18.925	19.927	19.755	415.42	415.34
19:09:00	19.08	18.581	16.354	18.936	20.001	19.915	415.42	415.34
19:09:58	19.081	18.583	16.38	18.957	20.163	19.911	415.42	415.34
19:10:58	19.085	18.58	16.303	18.95	20.063	19.961	415.42	415.34
19:11:58	19.084	18.577	16.312	18.91	20.056	19.938	415.42	415.34
19:12:58	19.086	18.577	16.277	18.944	20.218	20.093	415.42	415.34
19:13:58	19.084	18.578	16.251	18.803	20.415	19.991	415.42	415.34
19:14:58	19.081	18.579	16.218	18.837	20.482	20.173	415.42	415.34
19:15:58	19.084	18.577	16.15	18.841	20.321	19.983	415.42	415.34
19:16:58	19.087	18.574	16.158	18.848	20.385	19.947	415.42	415.34
19:17:58	19.086	18.574	16.077	18.859	20.489	19.921	415.42	415.34
19:18:58	19.084	18.574	16.11	18.732	20.205	19.909	415.42	415.34
19:19:58	19.078	18.573	16.051	18.736	20.343	19.923	415.42	415.34
19:20:58	19.082	18.574	16.077	18.77	20.599	20.08	415.42	415.34
19:21:58	19.082	18.572	16.07	18.828	20.913	20.251	415.42	415.34
19:22:58	19.087	18.57	16.05	18.798	21.076	20.342	415.42	415.34
19:23:58	19.089	18.57	16.162	18.796	21.203	20.364	415.42	415.34
19:24:58	19.088	18.57	16.201	18.823	21.225	20.293	415.42	415.34
19:25:58	19.082	18.57	16.254	18.897	21.318	20.157	415.42	415.34
19:26:58	19.085	18.568	16.223	18.843	21.351	20.263	415.42	415.34
19:27:58	19.082	18.565	16.375	18.917	21.16	20.109	415.42	415.34
19:28:58	19.082	18.564	16.454	18.987	20.463	19.998	415.42	415.34
19:29:58	19.084	18.563	16.47	18.907	20.191	19.984	415.42	415.34
19:30:58	19.084	18.564	16.486	19.002	20.007	19.682	415.42	415.34
19:31:58	19.08	18.563	0.0	19.057	19.951	19.73	415.42	415.34
19:32:59	19.08	18.565	16.542	19.083	20.128	19.947	415.42	415.34
19:33:58	19.075	18.564	16.537	19.086	20.053	19.933	415.42	415.34
19:34:58	19.076	18.561	16.615	19.079	20.066	19.904	415.42	415.34
19:35:58	19.072	18.562	16.472	18.974	20.258	20.026	415.42	415.34
19:36:58	19.073	18.559	16.585	18.987	20.33	19.856	415.42	415.34
19:37:58	19.077	18.559	16.492	18.978	20.1	19.937	415.42	415.34
19:38:58	19.081	18.559	16.444	19.014	20.117	19.918	415.42	415.34
19:39:58	19.08	18.558	16.414	19.034	20.172	19.779	415.42	415.34
19:40:58	19.079	18.556	16.404	19.007	20.082	19.769	415.42	415.34
19:41:58	19.075	18.557	16.335	18.895	19.981	19.991	415.42	415.34
19:42:58	19.075	18.554	16.219	18.863	20.022	20.066	415.42	415.34
19:43:58	19.074	18.552	16.23	18.834	19.906	19.8	415.42	415.34
19:44:58	19.07	18.551	16.282	18.859	20.06	19.936	415.42	415.34
19:45:59	19.07	18.551	16.178	18.767	19.93	19.923	415.42	415.34
19:46:58	0.0	18.548	16.264	18.818	19.769	19.747	415.42	415.34
19:47:58	19.063	18.544	16.173	18.834	19.787	19.709	415.42	415.34
19:48:58	19.055	18.547	16.149	18.876	19.833	19.857	415.42	415.34
19:49:58	19.061	18.546	16.157	18.874	19.847	19.854	415.42	415.34
19:50:58	19.063	18.544	16.34	18.904	19.887	19.955	415.42	415.34
19:51:58	19.061	18.542	16.29	18.936	19.959	19.811	415.42	415.34
19:53:00	19.052	18.542	16.244	18.774	19.991	19.846	415.42	415.34
19:53:58	19.051	18.544	16.174	18.69	19.825	19.855	415.42	415.34
19:54:59	19.041	18.542	16.126	18.692	19.797	19.764	415.42	415.34
19:55:58	19.044	18.543	16.101	18.684	19.892	19.739	415.42	415.34
19:56:58	19.044	18.541	16.088	18.841	19.926	19.798	415.42	415.34
19:57:58	19.048	18.538	16.125	18.917	19.898	19.825	415.42	415.34
19:58:58	19.055	18.538	16.116	18.871	19.813	19.916	415.42	415.34
19:59:58	19.058	18.535	16.091	18.724	19.964	19.757	415.42	415.34
20:00:58	19.059	18.53	16.013	18.538	19.769	19.593	415.42	415.34
20:01:58	19.058	18.53	16.015	18.497	20.048	19.647	415.42	415.34
20:02:58	19.055	18.532	15.939	18.623	19.79	19.702	415.42	415.34
20:03:58	19.056	18.531	15.956	18.632	19.807	19.812	415.42	415.34
20:04:58	19.054	18.53	15.958	18.675	19.914	19.682	415.42	415.34
20:05:58	19.055	18.531	16.0	18.59	20.048	19.585	415.42	415.34
20:06:58	19.053	18.529	15.944	18.603	19.817	19.568	415.42	415.34
20:07:58	19.05	18.526	15.945	18.499	19.805	19.739	415.42	415.34
20:08:58	19.045	18.526	15.952	18.615	19.955	19.587	415.42	415.34
20:09:58	19.04	18.525	15.952	18.516	20.022	19.626	415.42	415.34
20:10:58	19.042	18.524	15.959	18.58	19.73	19.495	415.42	415.34
20:11:59	19.043	18.524	15.972	18.646	19.972	19.627	415.42	415.34
20:12:58	0.0	18.524	15.942	18.666	19.915	19.738	415.42	415.34
20:13:58	19.043	18.524	15.99	18.705	19.972	19.879	415.42	415.34
20:14:59	19.044	18.52	15.97	18.658	20.058	19.792	415.42	415.34
20:15:58	0.0	18.52	16.006	18.638	20.341	19.943	415.42	415.34
20:16:58	19.043	18.52	15.927	18.681	20.302	19.836	415.42	415.34
20:17:58	19.043	18.519	15.946	18.567	20.201	19.978	415.42	415.34
20:18:58	19.04	18.515	15.913	18.611	20.122	19.989	415.42	415.34
20:19:58	19.039	18.513	15.971	18.656	20.411	19.972	415.42	415.34
20:20:58	19.039	18.513	15.948	18.621	20.229	19.862	415.42	415.34
20:21:58	19.037	18.513	15.934	18.59	20.328	19.932	415.42	415.34
20:22:58	19.032	18.509	15.939	18.324	20.172	19.839	415.42	415.34
20:23:58	19.035	18.508	15.883	18.456	20.058	19.796	415.42	415.34
20:24:58	19.03	18.506	15.853	18.474	20.317	19.828	415.42	415.34
20:25:58	19.031	18.506	15.869	18.443	20.099	19.762	415.42	415.34
20:26:58	19.032	18.505	15.861	18.404	20.266	19.778	415.42	415.34
20:27:58	19.032	18.506	15.862	18.416	20.292	19.654	415.42	415.34
20:28:58	19.028	18.505	15.879	18.533	20.242	19.794	415.42	415.34
20:29:58	19.029	18.501	15.922	18.519	20.466	19.776	415.42	415.34
20:30:58	19.025	18.502	15.927	18.648	20.312	19.894	415.42	415.34
20:31:58	19.017	18.5	15.909	18.654	20.532	19.93	415.42	415.34
20:32:58	19.01	18.496	15.9	18.591	20.608	20.018	415.42	415.34
20:33:58	19.012	18.493	15.948	18.737	20.746	20.021	415.42	415.34
20:34:58	19.013	18.494	15.973	18.697	20.643	20.021	415.42	415.34
20:35:58	19.015	18.494	15.987	18.555	20.579	19.96	415.42	415.34
20:37:00	19.008	18.492	15.959	18.543	20.456	19.814	415.42	415.34
20:37:58	19.016	18.491	15.925	18.519	19.983	19.965	415.42	415.34
20:38:58	19.016	18.493	15.926	18.412	19.946	20.09	415.42	415.34
20:39:58	19.009	18.489	15.894	18.457	20.042	19.903	415.42	415.34
20:40:58	19.005	18.488	15.888	18.534	20.126	20.013	415.42	415.34
20:41:58	19.009	18.485	15.875	18.515	20.603	19.92	415.42	415.34
20:42:58	19.01	18.486	15.861	18.509	20.531	20.022	415.42	415.34
20:43:58	19.009	18.485	15.849	18.493	20.388	19.886	415.42	415.34
20:44:58	19.007	18.485	15.838	18.616	20.389	19.949	415.42	415.34
20:45:58	18.998	18.485	15.823	18.481	20.559	20.014	415.42	415.34
20:46:58	18.985	18.482	15.827	18.333	20.532	20.05	415.42	415.34
20:47:58	18.997	18.48	15.904	18.401	20.517	19.97	415.42	415.34
20:48:58	19.0	18.476	15.898	18.607	20.592	19.914	415.42	415.34
20:49:58	19.0	18.474	15.9	18.699	20.509	20.058	415.42	415.34
20:50:58	18.99	18.474	15.903	18.699	20.365	19.944	415.42	415.34
20:51:58	18.974	18.474	15.899	18.764	0.0	19.97	415.42	415.34
20:52:58	18.972	18.473	15.945	18.742	20.19	19.95	415.42	415.34
20:53:58	18.968	18.473	15.967	18.785	20.131	19.823	415.42	415.34
20:54:58	18.976	18.471	16.164	18.802	20.084	19.915	415.42	415.34
20:55:58	18.972	18.468	16.444	18.901	20.083	19.948	415.42	415.34
20:56:58	18.967	18.467	16.563	18.968	20.431	20.212	415.42	415.34
20:57:58	18.978	18.468	16.689	19.044	20.37	20.147	415.42	415.34
20:58:58	18.985	18.466	16.814	19.094	20.274	20.096	415.42	415.34
20:59:58	18.988	18.464	16.891	19.134	20.445	20.207	415.42	415.34
21:00:58	18.982	18.463	16.92	19.179	20.248	19.967	415.42	415.34
21:01:58	18.984	18.462	16.99	19.209	20.262	20.105	415.42	415.34
21:02:58	18.983	18.458	17.072	19.25	20.716	20.243	415.42	415.34
21:03:58	18.978	18.46	17.155	19.303	20.931	20.512	415.42	415.34
21:04:58	18.979	18.461	17.21	19.338	21.118	20.641	415.42	415.34
21:05:58	18.972	18.458	17.278	19.385	21.231	20.75	415.42	415.34
21:06:58	18.972	18.455	17.324	19.426	21.29	20.655	415.42	415.34
21:07:58	18.976	18.454	17.363	19.476	21.316	20.624	415.42	415.34
21:08:58	18.976	18.451	17.473	19.487	21.408	20.617	415.42	415.34
21:09:58	18.975	18.449	17.539	19.518	21.12	20.534	415.42	415.34
21:10:58	18.97	18.448	17.548	19.52	20.381	20.168	415.42	415.34
21:11:58	18.969	18.446	17.491	19.131	20.298	20.169	415.42	415.34
21:12:58	18.969	18.445	17.395	18.902	20.064	20.129	415.42	415.34
21:13:58	18.964	18.444	17.351	18.719	19.951	19.94	415.42	415.34
21:14:58	18.958	18.443	17.366	18.537	19.911	19.973	415.42	415.34
21:15:58	18.957	18.442	17.33	18.31	20.081	19.958	415.42	415.34
21:16:58	18.962	18.442	17.285	18.211	19.956	19.874	415.42	415.34
21:17:58	18.967	18.445	17.198	18.153	19.901	19.801	415.42	415.34
21:18:58	18.968	18.439	17.185	18.272	19.904	19.966	415.42	415.34
21:19:58	18.967	18.439	17.241	18.619	20.071	19.928	415.42	415.34
21:20:58	18.964	18.434	17.304	18.905	20.036	20.019	415.42	415.34
21:21:58	18.962	18.433	17.387	19.098	20.102	20.012	415.42	415.34
21:22:58	18.961	18.433	17.419	19.213	20.211	20.097	415.42	415.34
21:23:58	18.963	18.431	17.443	19.277	20.101	20.081	415.42	415.34
21:24:59	18.963	18.43	17.475	19.347	20.044	20.033	415.42	415.34
21:25:58	0.0	18.429	17.527	19.374	20.045	20.058	415.42	415.34
21:26:58	18.96	18.426	17.501	19.393	19.903	19.921	415.42	415.34
21:27:58	18.96	18.429	17.447	19.393	19.887	19.936	415.42	415.34
21:28:58	18.948	18.427	17.477	19.392	19.923	20.075	415.42	415.34
21:29:58	18.933	18.429	17.415	19.373	19.826	20.015	415.42	415.34
21:30:58	18.932	18.427	17.279	19.357	19.956	19.99	415.42	415.34
21:31:58	18.92	18.428	17.194	19.309	19.904	19.861	415.42	415.34
21:32:58	18.916	18.426	17.197	19.277	20.053	20.013	415.42	415.34
21:33:58	18.926	18.424	17.15	19.141	20.1	20.161	415.42	0.0
21:34:58	18.933	18.423	17.08	19.165	20.091	20.19	415.42	415.34
21:35:58	18.923	18.421	16.943	19.131	19.98	20.001	415.42	415.34
21:36:58	18.924	18.423	16.881	19.107	20.0	20.046	415.42	415.34
21:37:58	18.922	18.421	16.765	18.925	19.882	20.068	415.42	415.34
21:38:58	18.917	18.419	16.797	18.956	19.742	19.893	415.42	415.34
21:39:58	18.926	18.418	16.778	18.92	19.718	19.853	415.42	415.34
21:40:58	18.929	18.418	16.734	18.946	19.68	19.91	415.42	415.34
21:41:58	18.935	18.417	16.694	19.001	19.744	19.891	415.42	415.34
21:42:58	18.928	18.414	16.715	18.984	19.746	19.826	415.42	415.34
21:43:58	18.929	18.413	16.654	19.037	19.751	20.113	415.42	415.34
21:44:58	18.934	18.413	16.671	19.055	19.986	20.136	415.42	415.34
21:45:58	18.928	18.415	16.617	19.058	19.911	19.887	415.42	415.34
21:46:58	18.929	18.415	16.626	19.032	19.678	19.766	415.42	415.34
21:47:58	18.922	18.415	16.59	19.009	19.702	19.825	415.42	415.34
21:48:58	18.924	18.415	16.502	18.978	20.018	20.004	415.42	415.34
21:49:58	18.922	18.416	16.407	18.891	20.45	20.128	415.42	415.34
21:50:58	18.921	18.416	16.399	18.936	20.235	20.285	415.42	415.34
21:51:58	18.93	18.414	0.0	18.892	20.22	20.133	415.42	415.34
21:52:58	18.927	18.414	16.265	18.912	0.0	19.773	415.42	415.34
21:53:58	18.923	18.414	16.266	18.91	19.834	19.733	415.42	415.34
21:54:58	18.926	18.414	16.256	18.918	19.673	19.635	415.42	415.34
21:55:58	18.927	18.416	16.199	18.565	19.989	19.96	415.42	415.34
21:56:58	18.919	18.414	16.117	18.625	20.379	20.139	415.42	415.34
21:57:58	18.909	18.411	16.074	18.487	20.593	20.285	415.42	415.34
21:58:58	18.919	18.411	16.056	18.609	20.701	20.41	415.42	415.34
21:59:58	18.925	18.412	16.101	18.454	20.782	20.48	415.42	415.34
22:00:58	18.93	18.412	16.054	18.278	20.834	20.539	415.42	415.34
22:01:58	18.923	18.412	15.977	18.282	20.851	20.584	415.42	415.34
22:02:58	18.917	18.413	15.938	18.407	20.886	20.616	415.42	415.34
22:03:58	18.918	18.414	15.884	18.331	20.902	20.66	415.42	415.34
22:04:58	18.909	18.414	15.801	18.356	20.928	20.693	415.42	415.34
22:05:58	18.919	18.413	15.84	18.338	20.923	20.72	415.42	415.34
22:06:58	18.919	18.411	15.957	18.54	20.931	20.738	415.42	415.34
22:07:58	18.921	18.41	16.076	18.666	20.92	20.754	415.42	415.34
22:08:58	18.921	18.409	16.151	18.746	20.896	20.766	415.42	415.34
22:09:58	18.913	18.411	16.055	18.786	20.898	20.786	415.42	415.34
22:10:58	18.909	18.408	16.046	18.782	20.919	20.799	415.42	415.34
22:11:58	18.915	18.408	16.043	18.767	20.917	20.808	415.42	415.34
22:12:58	18.922	18.407	16.055	18.712	20.911	20.824	415.42	415.34
22:13:58	18.925	18.406	16.064	18.826	20.915	20.828	415.42	415.34
22:14:58	18.928	18.408	16.055	18.892	20.924	20.836	415.42	415.34
22:15:58	18.928	18.408	16.079	18.954	20.914	20.85	415.42	415.34
22:16:58	18.924	18.407	16.137	18.995	20.923	20.855	415.42	415.34
22:17:58	18.926	18.407	16.216	19.003	20.902	20.861	415.42	415.34
22:18:58	18.928	18.407	16.335	19.019	20.915	20.87	415.42	415.34
22:19:58	18.926	18.409	16.328	18.996	20.9	20.878	415.42	415.34
22:20:58	18.924	18.408	16.502	19.091	20.92	20.882	415.42	415.34
22:21:58	18.918	18.407	16.56	19.133	20.904	20.889	415.42	415.34
22:22:58	18.922	18.408	16.549	19.178	20.9	20.88	415.42	415.34
22:23:58	18.916	18.408	16.508	19.187	20.907	20.892	415.42	415.34
22:24:58	18.915	18.407	16.604	19.138	20.905	20.89	415.42	415.34
22:25:58	18.911	18.406	16.639	19.226	20.897	20.9	415.42	415.34
22:26:58	18.915	18.405	16.785	19.267	20.889	20.902	415.42	415.34
22:27:58	18.914	18.406	16.822	19.266	20.895	20.909	415.42	415.34
22:28:58	18.907	18.404	16.825	19.302	20.889	20.906	415.42	415.34
22:29:58	18.913	18.402	16.839	19.277	20.891	20.91	415.42	415.34
22:30:58	18.91	18.401	16.824	19.316	20.878	20.911	415.42	415.34
22:31:58	18.907	18.402	16.76	19.354	20.879	20.911	415.42	415.34
22:32:58	18.912	18.402	16.767	19.367	20.883	20.928	415.42	415.34
22:33:58	18.914	18.402	16.642	19.276	20.861	20.92	415.42	415.34
22:34:58	18.917	18.402	16.615	19.198	20.862	20.93	415.42	415.34
22:35:58	18.917	18.4	16.563	19.143	20.852	20.918	415.42	415.34
22:36:58	18.913	18.401	16.511	19.123	20.853	20.935	415.42	415.34
22:37:58	18.916	18.404	16.478	19.111	20.841	20.932	415.42	415.34
22:38:58	18.914	18.405	16.517	19.074	20.858	20.924	415.42	415.34
22:39:58	18.912	18.401	16.486	19.051	20.857	20.933	415.42	415.34
22:40:58	18.914	18.4	16.416	19.027	20.821	20.931	415.42	415.34
22:41:58	18.909	18.398	16.373	18.992	20.843	20.932	415.42	415.34
22:42:58	18.909	18.394	16.278	18.931	20.838	20.925	415.42	415.34
22:43:58	18.901	18.393	16.287	18.82	20.844	20.925	415.42	415.34
22:44:58	18.904	18.39	16.261	18.809	20.829	20.929	415.42	415.34
22:45:58	18.905	18.392	16.259	18.857	20.821	20.927	415.42	415.34
22:46:58	18.903	18.389	16.175	18.719	20.809	20.928	415.42	415.34
22:47:58	18.902	18.389	16.463	18.8	20.827	20.926	415.42	415.34
22:48:58	18.903	18.39	16.682	18.904	20.826	20.926	415.42	415.34
22:49:58	18.902	18.388	16.771	18.979	20.82	20.935	415.42	415.34
22:50:58	18.9	18.387	16.842	19.046	20.814	20.933	415.42	415.34
22:51:58	18.901	18.387	16.928	19.102	20.817	20.925	415.42	415.34
22:52:58	18.898	18.385	17.035	19.155	20.814	20.933	415.42	415.34
22:53:58	18.901	0.0	17.129	19.197	20.81	20.938	415.42	415.34
22:54:58	18.901	18.385	17.175	19.239	20.805	20.924	415.42	415.34
22:55:58	18.897	18.382	17.262	19.285	20.795	20.939	415.42	415.34
22:56:58	18.896	18.382	17.345	19.321	20.821	20.933	415.42	415.34
22:57:58	18.899	18.383	17.368	19.368	20.807	20.937	415.42	415.34
22:58:58	18.898	18.382	17.382	19.384	20.786	20.924	415.42	415.34
22:59:58	18.897	18.38	17.482	19.406	20.791	20.915	415.42	415.34
23:00:58	18.893	18.382	17.463	19.421	20.812	20.928	415.42	415.34
23:01:58	18.891	18.382	17.469	19.436	20.802	20.923	415.42	415.34
23:02:58	18.889	18.382	17.51	19.433	20.79	20.929	415.42	415.34
23:03:58	18.889	18.382	17.572	19.44	20.808	20.92	415.42	415.34
23:04:58	18.888	18.381	17.605	19.46	20.809	20.917	415.42	415.34
23:05:58	18.889	18.381	17.62	19.474	20.801	20.923	415.42	415.34
23:06:58	18.886	18.381	17.664	19.477	20.791	20.922	415.42	415.34
23:07:58	18.885	18.381	17.738	19.487	20.79	20.916	415.42	415.34
23:08:58	18.885	18.382	17.657	19.499	20.779	20.921	415.42	415.34
23:09:58	18.882	18.38	17.767	19.505	20.78	20.922	415.42	415.34
23:10:58	18.877	18.381	17.789	19.535	20.781	20.916	415.42	415.34
23:11:58	18.874	18.382	17.803	19.562	20.786	20.914	415.42	415.34
23:12:58	18.868	18.381	17.805	19.582	20.784	20.92	415.42	415.34
23:13:58	18.876	18.381	17.807	19.589	20.784	20.921	415.42	415.34
23:14:58	18.875	18.382	17.819	19.602	20.774	20.92	415.42	415.34
23:15:58	18.868	18.382	17.849	19.596	20.783	20.927	415.42	415.34
23:16:58	18.866	18.381	17.811	19.573	20.776	20.922	415.42	415.34
23:17:58	18.872	18.378	17.682	19.453	20.779	20.928	415.42	415.34
23:18:58	18.876	18.376	17.604	19.354	20.782	20.922	415.42	0.0
23:19:58	18.878	18.377	17.542	19.286	20.773	20.924	415.42	415.34
23:20:58	18.881	18.376	17.377	19.185	20.77	20.924	415.42	415.34
23:21:58	18.882	18.374	17.252	19.05	20.77	20.925	415.42	415.34
23:22:58	18.887	18.374	17.154	18.978	20.773	20.921	415.42	415.34
23:23:58	18.876	18.372	17.001	18.966	20.767	20.919	415.42	415.34
23:24:58	18.878	18.371	16.964	18.942	20.764	20.915	415.42	415.34
23:25:58	18.871	18.373	16.909	18.931	20.764	20.906	415.42	415.34
23:26:58	18.872	18.376	17.084	18.924	20.765	20.909	415.42	415.34
23:27:58	18.873	18.376	17.304	19.012	20.759	20.911	415.42	415.34
23:28:58	18.873	18.373	17.462	19.107	20.758	20.916	415.42	415.34
23:29:58	18.873	18.373	17.541	19.204	20.759	20.92	415.42	415.34
23:30:58	18.871	18.372	17.59	19.268	20.757	20.92	415.42	415.34
23:31:58	18.874	18.37	17.638	19.309	20.755	20.909	415.42	415.34
23:32:58	18.87	18.37	17.642	19.345	20.758	20.909	415.42	415.34
23:33:58	18.864	18.369	17.633	19.365	20.76	20.916	415.42	415.34
23:34:58	18.872	18.367	17.694	19.371	20.752	20.901	415.42	415.34
23:35:58	18.875	18.367	17.717	19.382	20.751	20.908	415.42	415.34
23:36:58	18.874	18.363	17.714	19.409	20.75	20.907	415.42	415.34
23:37:58	18.878	18.365	17.806	19.419	20.751	20.907	415.42	415.34
23:38:58	18.88	18.367	17.784	19.447	20.753	20.91	415.42	415.34
23:39:58	18.875	18.367	17.755	19.461	20.75	20.899	415.42	415.34
23:40:58	18.869	18.37	17.712	19.472	20.749	20.91	415.42	415.34
23:41:58	18.86	18.369	17.795	19.486	20.746	20.902	415.42	415.34
23:42:58	18.862	18.369	17.789	19.497	20.748	20.899	415.42	415.34
23:43:58	18.86	18.368	17.817	19.498	20.749	20.907	415.42	415.34
23:44:58	18.864	18.372	17.826	19.507	20.749	20.902	415.42	415.34
23:45:58	18.866	18.371	17.817	19.513	20.748	20.901	415.42	415.34
23:46:58	18.861	18.372	17.913	19.532	20.746	20.896	415.42	415.34
23:47:58	18.864	18.374	17.912	19.557	20.745	20.902	415.42	415.34
23:48:58	18.86	18.373	17.894	19.552	20.74	20.892	415.42	415.34
23:49:58	18.862	18.374	17.764	19.459	20.739	20.897	415.42	415.34
23:50:58	18.857	18.373	17.718	19.346	20.743	20.9	415.42	415.34
23:51:58	18.854	18.37	17.619	19.273	20.735	20.903	415.42	415.34
23:52:58	18.854	18.369	17.497	19.155	20.733	20.9	415.42	415.34
23:53:58	18.86	18.37	17.347	19.069	20.738	20.903	415.42	415.34
23:54:58	18.857	18.372	17.274	18.995	20.737	20.905	415.42	415.34
23:55:58	18.86	18.37	17.214	18.94	20.732	20.899	415.42	415.34
23:56:58	18.863	18.37	17.085	18.892	20.73	20.9	415.42	415.34
23:57:58	18.86	18.373	16.984	18.859	20.73	20.905	415.42	415.34
23:58:58	18.862	18.372	17.252	18.901	20.719	20.898	415.42	415.34
23:59:58	18.862	18.375	17.505	19.022	20.733	20.898	415.42	415.34
