00:00:06	17.773	17.446	17.48	18.167	17.537	17.702	415.42	415.34
00:01:06	17.773	17.447	17.477	18.159	17.534	17.7	415.42	415.34
00:02:06	17.773	17.445	17.467	18.149	17.532	17.7	415.42	415.34
00:03:06	17.774	17.444	17.464	18.146	17.531	17.7	415.42	415.34
00:04:06	17.774	17.444	17.461	18.148	17.531	17.699	415.42	415.34
00:05:06	17.775	17.443	17.462	18.154	17.533	17.7	415.42	415.34
00:06:06	17.775	17.444	17.46	18.157	17.535	17.7	415.42	415.34
00:07:06	17.774	17.445	17.457	18.155	17.533	17.699	415.42	415.34
00:08:08	17.774	17.442	17.454	18.151	17.534	17.701	415.42	415.34
00:09:06	17.774	17.443	17.453	18.147	17.534	17.7	415.42	415.34
00:10:06	17.773	17.443	17.449	18.147	17.535	17.7	415.42	415.34
00:11:06	17.774	17.444	17.448	18.145	17.535	17.701	415.42	415.34
00:12:06	17.773	17.443	17.45	18.147	17.533	17.7	415.42	415.34
00:13:06	17.773	17.443	17.449	18.147	17.534	17.698	415.42	415.34
00:14:06	17.773	17.442	17.446	18.149	17.532	17.7	415.42	415.34
00:15:06	17.773	17.443	17.446	18.149	17.532	17.699	415.42	415.34
00:16:06	17.774	17.443	17.443	18.146	17.533	17.7	415.42	415.34
00:17:06	17.773	17.443	17.44	18.139	17.534	17.699	415.42	415.34
00:18:06	17.773	17.443	17.437	18.139	17.536	17.702	415.42	415.34
00:19:06	17.775	17.446	17.435	18.137	17.54	17.703	415.42	415.34
00:20:06	17.776	17.448	17.432	18.133	17.541	17.704	415.42	415.34
00:21:07	17.774	17.448	17.434	18.131	17.539	17.704	415.42	415.34
00:22:06	17.774	17.45	17.433	18.141	17.537	17.705	415.42	415.34
00:23:06	17.775	17.451	17.437	18.155	17.538	17.704	415.42	415.34
00:24:06	17.775	17.451	17.437	18.158	17.536	17.704	415.42	415.34
00:25:06	17.775	17.452	17.434	18.148	17.535	17.703	415.42	415.34
00:26:08	17.775	17.452	17.427	18.137	17.534	17.702	415.42	415.34
00:27:06	17.775	17.45	17.426	18.128	17.535	17.702	415.42	415.34
00:28:06	17.774	17.448	17.422	18.12	17.534	17.701	415.42	415.34
00:29:06	17.774	17.447	17.42	18.127	17.53	17.699	415.42	415.34
00:30:06	17.774	17.446	17.422	18.135	17.531	17.698	415.42	415.34
00:31:07	17.774	17.444	17.426	18.182	17.531	17.697	415.42	415.34
00:32:06	17.774	17.443	17.431	18.315	17.53	17.697	415.42	415.34
00:33:06	17.773	17.441	17.444	18.527	17.532	17.698	415.42	415.34
00:34:06	17.772	17.442	17.466	18.549	17.534	17.7	415.42	415.34
00:35:08	17.774	17.442	17.492	18.484	17.536	17.701	415.42	415.34
00:36:06	17.774	17.443	17.502	18.403	17.535	17.7	415.42	415.34
00:37:06	17.774	17.444	17.501	18.329	17.534	17.701	415.42	415.34
00:38:06	17.774	17.444	17.499	18.266	17.535	17.701	415.42	415.34
00:39:06	17.774	17.444	17.497	18.429	17.536	17.701	415.42	415.34
00:40:06	17.774	17.446	17.49	18.404	17.534	17.7	415.42	415.34
00:41:06	17.774	17.445	17.492	18.335	17.535	17.702	415.42	415.34
00:42:06	17.775	17.445	17.495	18.272	17.534	17.7	415.42	415.34
00:43:06	17.773	17.445	17.496	18.23	17.532	17.7	415.42	415.34
00:44:06	17.774	17.445	17.495	18.214	17.533	17.701	415.42	415.34
00:45:06	17.775	17.445	17.494	18.197	17.532	17.7	415.42	415.34
00:46:06	17.774	17.444	17.497	18.191	17.533	17.701	415.42	415.34
00:47:06	17.773	17.444	17.496	18.189	17.533	17.701	415.42	415.34
00:48:06	17.774	17.445	17.495	18.185	17.536	17.703	415.42	415.34
00:49:06	17.774	17.448	17.496	18.186	17.538	17.703	415.42	415.34
00:50:06	17.774	17.45	17.495	18.184	17.539	17.703	415.42	415.34
00:51:06	17.774	17.45	17.491	18.185	17.537	17.704	415.42	415.34
00:52:06	17.773	17.451	17.489	18.209	17.534	17.704	415.42	415.34
00:53:06	17.774	17.449	17.486	18.231	17.532	17.701	415.42	415.34
00:54:06	17.774	17.448	17.485	18.257	17.532	17.702	415.42	415.34
00:55:06	17.773	17.448	17.488	18.234	17.533	17.701	415.42	415.34
00:56:06	17.773	17.447	17.493	18.211	17.534	17.701	415.42	415.34
00:57:06	17.773	17.446	17.489	18.19	17.533	17.701	415.42	415.34
00:58:08	17.774	17.446	17.489	18.176	17.535	17.7	415.42	415.34
00:59:06	17.773	17.447	17.48	18.163	17.536	17.702	415.42	415.34
01:00:08	17.774	17.448	17.481	18.153	17.536	17.701	415.42	415.34
01:01:07	0.0	17.446	17.484	18.19	17.536	17.701	415.42	415.34
01:02:07	17.774	17.446	17.485	18.252	17.533	17.7	415.42	415.34
01:03:07	17.774	17.445	17.487	18.244	17.534	17.701	415.42	415.34
01:04:07	17.774	17.444	17.488	18.272	17.535	17.702	415.42	415.34
01:05:09	17.773	17.445	17.491	18.296	17.535	17.703	415.42	415.34
01:06:07	17.773	17.446	17.494	18.353	17.536	17.701	415.42	415.34
01:07:07	17.774	17.445	17.499	18.378	17.536	17.701	415.42	415.34
01:08:07	17.774	17.446	17.507	18.393	17.535	17.701	415.42	415.34
01:09:07	17.774	17.446	17.508	18.407	17.535	17.702	415.42	415.34
01:10:07	17.773	17.446	17.507	18.389	17.534	17.701	415.42	415.34
01:11:07	17.773	17.446	17.507	18.358	17.533	17.701	415.42	415.34
01:12:07	17.773	17.444	17.506	18.371	17.531	17.7	415.42	415.34
01:13:07	17.773	17.442	17.51	18.418	17.531	17.699	415.42	415.34
01:14:07	17.773	17.441	17.514	18.657	17.532	17.7	415.42	415.34
01:15:07	17.773	17.442	17.522	18.795	17.532	17.701	415.42	415.34
01:16:07	17.773	17.44	17.531	18.655	17.534	17.7	415.42	415.34
01:17:07	17.773	17.442	17.531	18.486	17.536	17.7	415.42	415.34
01:18:07	17.773	17.443	17.527	18.383	17.537	17.702	415.42	415.34
01:19:07	17.773	17.444	17.523	18.402	17.537	17.702	415.42	415.34
01:20:07	17.772	17.445	17.521	18.385	17.537	17.703	415.42	415.34
01:21:07	17.773	17.445	17.523	18.338	17.537	17.702	415.42	415.34
01:22:07	17.773	17.446	17.511	18.299	17.535	17.703	415.42	415.34
01:23:07	17.774	17.446	17.518	18.266	17.533	17.702	415.42	415.34
01:24:07	17.773	17.447	17.521	18.24	17.534	17.701	415.42	415.34
01:25:07	17.774	17.446	17.521	18.181	17.534	17.702	415.42	415.34
01:26:07	17.774	17.446	17.518	18.127	17.534	17.701	415.42	415.34
01:27:07	17.773	17.447	17.518	18.096	17.534	17.7	415.42	415.34
01:28:07	17.773	17.446	17.513	18.07	17.535	17.701	415.42	415.34
01:29:07	17.773	17.447	17.513	18.047	17.533	17.701	415.42	415.34
01:30:07	17.773	17.447	17.512	18.025	17.532	17.7	415.42	415.34
01:31:07	17.773	17.447	17.514	18.025	17.535	17.702	415.42	415.34
01:32:07	17.773	17.449	17.514	18.026	17.536	17.703	415.42	415.34
01:33:07	17.774	17.451	17.518	18.147	17.537	17.704	415.42	415.34
01:34:07	17.774	17.452	17.523	18.145	17.538	17.705	415.42	415.34
01:35:07	17.774	17.453	17.527	18.221	17.54	17.705	415.42	415.34
01:36:07	17.774	17.455	17.537	18.279	17.542	17.706	415.42	415.34
01:37:07	17.774	17.457	17.543	18.222	17.543	17.706	415.42	415.34
01:38:07	17.776	17.46	17.541	18.172	17.543	17.706	415.42	415.34
01:39:07	17.775	17.461	17.542	18.139	17.542	17.707	415.42	415.34
01:40:07	17.774	17.462	17.54	18.126	17.541	17.706	415.42	415.34
01:41:07	17.775	17.463	17.539	18.116	17.541	17.707	415.42	415.34
01:42:07	17.774	17.463	17.532	18.109	17.541	17.707	415.42	415.34
01:43:07	17.775	17.462	17.528	18.15	17.538	17.704	415.42	415.34
01:44:07	17.775	17.462	17.526	18.138	17.539	17.703	415.42	415.34
01:45:07	17.775	17.459	17.514	18.112	17.538	17.704	415.42	415.34
01:46:07	17.776	17.46	17.502	18.093	17.536	17.703	415.42	415.34
01:47:09	17.775	17.459	17.512	18.106	17.538	17.703	415.42	415.34
01:48:07	17.773	17.458	17.517	18.135	17.537	17.702	415.42	415.34
01:49:07	17.775	17.456	17.505	18.172	17.537	17.702	415.42	415.34
01:50:07	17.774	17.456	17.474	18.214	17.537	17.701	415.42	415.34
01:51:07	17.774	17.456	17.483	18.22	17.537	17.701	415.42	415.34
01:52:07	17.774	17.453	17.488	18.309	17.535	17.701	415.42	415.34
01:53:07	17.774	17.453	17.474	18.385	17.536	17.701	415.42	415.34
01:54:07	17.775	17.451	17.485	18.485	17.535	17.702	415.42	415.34
01:55:07	17.774	17.451	17.507	18.613	17.535	17.701	415.42	415.34
01:56:07	17.774	17.452	17.519	18.713	17.536	17.702	415.42	415.34
01:57:07	17.775	17.453	17.411	18.559	17.536	17.703	415.42	415.34
01:58:07	17.775	17.453	17.44	18.405	17.536	17.703	415.42	415.34
01:59:07	17.775	17.454	17.403	18.3	17.541	17.704	415.42	415.34
02:00:07	17.775	17.455	17.3	18.246	17.541	17.706	415.42	415.34
02:01:07	17.775	17.456	17.25	18.234	17.539	17.704	415.42	415.34
02:02:07	17.775	17.456	17.238	18.217	17.539	17.703	415.42	415.34
02:03:07	17.774	17.456	17.272	18.202	17.537	17.704	415.42	415.34
02:04:07	17.774	17.456	17.284	18.195	17.539	17.703	415.42	415.34
02:05:07	17.774	17.457	17.258	18.186	17.539	17.703	415.42	415.34
02:06:07	17.775	17.457	17.27	18.178	17.54	17.703	415.42	415.34
02:07:07	17.775	17.459	17.27	18.156	17.542	17.705	415.42	415.34
02:08:07	17.775	17.458	17.304	18.136	17.541	17.703	415.42	415.34
02:09:07	17.775	17.459	17.337	18.122	17.541	17.703	415.42	415.34
02:10:07	17.775	17.459	17.354	18.107	17.539	17.703	415.42	415.34
02:11:09	17.774	17.458	17.355	18.09	17.538	17.704	415.42	415.34
02:12:07	17.773	17.456	17.355	18.079	17.538	17.702	415.42	415.34
02:13:07	17.775	17.456	17.339	18.071	17.536	17.702	415.42	415.34
02:14:07	17.775	17.454	17.337	18.05	17.537	17.701	415.42	415.34
02:15:07	17.773	0.0	17.33	18.037	17.535	17.7	415.42	415.34
02:16:07	17.774	17.452	17.32	18.026	17.537	17.701	415.42	415.34
02:17:07	17.775	17.452	17.291	18.023	17.536	17.701	415.42	415.34
02:18:07	17.774	17.452	17.284	18.02	17.536	17.701	415.42	415.34
02:19:07	17.774	17.45	17.268	18.021	17.536	17.7	415.42	415.34
02:20:07	17.774	17.451	17.268	18.032	17.537	17.699	415.42	415.34
02:21:07	17.775	17.449	17.291	18.077	17.536	17.701	415.42	415.34
02:22:07	17.774	17.449	17.282	18.092	17.533	17.698	415.42	415.34
02:23:07	17.774	17.449	17.27	18.08	17.534	17.701	415.42	415.34
02:24:07	17.774	17.447	17.262	18.047	17.531	17.697	415.42	415.34
02:25:07	17.774	17.445	17.277	18.061	17.53	17.695	415.42	415.34
02:26:07	17.773	17.441	17.301	18.126	17.53	17.694	415.42	415.34
02:27:07	17.773	17.44	17.318	18.194	17.53	17.696	415.42	415.34
02:28:07	17.773	17.439	17.331	18.237	17.532	17.697	415.42	415.34
02:29:07	17.772	17.44	17.343	18.253	17.533	17.698	415.42	415.34
02:30:07	17.773	17.44	17.351	18.277	17.535	17.699	415.42	415.34
02:31:07	17.773	17.44	17.359	18.299	17.534	17.698	415.42	415.34
02:32:07	17.772	17.442	17.365	18.339	17.534	17.7	415.42	415.34
02:33:07	17.773	17.443	17.372	18.369	17.533	17.699	415.42	415.34
02:34:07	17.773	17.442	17.378	18.403	17.533	17.698	415.42	415.34
02:35:07	17.773	17.44	17.384	18.438	17.531	17.697	415.42	415.34
02:36:07	17.771	17.44	17.39	18.449	17.53	17.696	415.42	415.34
02:37:07	17.772	17.439	17.394	18.466	17.53	17.695	415.42	415.34
02:38:07	17.772	17.44	17.401	18.508	17.533	17.697	415.42	415.34
02:39:07	17.773	17.438	17.407	18.563	17.531	17.696	415.42	415.34
02:40:07	17.773	17.439	17.416	18.613	17.532	17.698	415.42	415.34
02:41:07	17.772	17.441	17.421	18.568	17.534	17.699	415.42	415.34
02:42:07	17.774	17.442	17.437	18.5	17.535	17.698	415.42	415.34
02:43:07	17.772	17.444	17.447	18.558	17.536	17.699	415.42	415.34
02:44:07	17.773	17.445	17.455	18.509	17.537	17.699	415.42	415.34
02:45:08	17.773	17.447	17.46	18.454	17.537	17.701	415.42	415.34
02:46:07	17.772	17.448	17.459	18.408	17.537	17.701	415.42	415.34
02:47:07	17.773	17.449	17.464	18.364	17.534	17.701	415.42	415.34
02:48:07	17.773	17.448	17.463	18.333	17.534	17.701	415.42	415.34
02:49:07	17.773	17.448	17.464	18.292	17.532	17.698	415.42	415.34
02:50:07	17.772	17.447	17.464	18.302	17.534	17.7	415.42	415.34
02:51:07	17.772	17.448	17.462	18.328	17.535	17.699	415.42	415.34
02:52:07	17.772	17.447	17.463	18.328	17.535	17.7	415.42	415.34
02:53:07	17.773	17.448	17.465	18.339	17.536	17.7	415.42	415.34
02:54:07	17.773	17.448	17.468	18.319	17.536	17.701	415.42	415.34
02:55:07	17.773	17.449	17.471	18.582	17.536	17.701	415.42	415.34
02:56:07	17.772	17.45	17.478	19.077	17.534	17.699	415.42	415.34
02:57:07	17.772	17.448	17.509	19.331	17.532	17.698	415.42	415.34
02:58:07	17.771	17.446	17.558	19.498	17.532	17.697	415.42	415.34
02:59:07	17.771	17.444	17.554	19.234	17.531	17.698	415.42	415.34
03:00:07	17.771	17.443	17.539	18.917	17.532	17.698	415.42	415.34
03:01:07	17.771	17.443	17.513	18.677	17.533	17.699	415.42	415.34
03:02:07	17.772	17.445	17.506	18.509	17.536	17.7	415.42	415.34
03:03:07	17.771	17.446	17.51	18.412	17.537	17.701	415.42	415.34
03:04:07	17.772	17.446	17.51	18.358	17.537	17.7	415.42	415.34
03:05:07	17.773	17.448	17.508	18.33	17.537	17.701	415.42	415.34
03:06:07	17.773	17.449	17.51	18.289	17.536	17.7	415.42	415.34
03:07:07	17.772	17.45	17.512	18.247	17.535	17.701	415.42	415.34
03:08:07	17.772	17.45	17.495	18.222	17.534	17.702	415.42	415.34
03:09:07	17.772	17.451	17.482	18.204	17.534	17.7	415.42	415.34
03:10:07	17.773	17.451	17.491	18.183	17.535	17.701	415.42	415.34
03:11:07	17.772	17.451	17.475	18.17	17.537	17.701	415.42	415.34
03:12:07	17.772	17.452	17.457	18.171	17.537	17.701	415.42	415.34
03:13:07	17.773	17.451	17.458	18.211	17.537	17.702	415.42	415.34
03:14:07	17.772	17.453	17.462	18.244	17.537	17.7	415.42	415.34
03:15:07	17.773	17.453	17.466	18.284	17.537	17.699	415.42	415.34
03:16:07	17.773	17.454	17.471	18.332	17.538	17.701	415.42	415.34
03:17:07	17.772	17.453	17.474	18.357	17.537	17.701	415.42	415.34
03:18:07	17.771	17.451	17.481	18.426	17.535	17.701	415.42	415.34
03:19:09	17.772	17.451	17.496	18.415	17.533	17.698	415.42	415.34
03:20:07	17.771	17.451	17.502	18.412	17.535	17.699	415.42	415.34
03:21:09	17.773	17.451	17.503	18.393	17.534	17.699	415.42	415.34
03:22:07	17.772	17.45	17.509	18.38	17.534	17.699	415.42	415.34
03:23:07	17.771	17.45	17.512	18.368	17.534	17.699	415.42	415.34
03:24:07	17.772	17.45	17.514	18.344	17.536	17.7	415.42	415.34
03:25:07	17.773	17.45	17.512	18.326	17.534	17.698	415.42	415.34
03:26:07	17.771	17.45	17.511	18.314	17.535	17.7	415.42	415.34
03:27:07	17.772	17.45	17.513	18.343	17.535	17.7	415.42	415.34
03:28:07	17.773	17.452	17.514	18.357	17.536	17.7	415.42	415.34
03:29:07	17.772	17.453	17.514	18.346	17.537	17.702	415.42	415.34
03:30:07	17.772	17.455	17.512	18.35	17.537	17.701	415.42	415.34
03:31:07	17.773	17.455	17.513	18.283	17.54	17.702	415.42	415.34
03:32:07	17.772	17.457	17.514	18.236	17.541	17.704	415.42	415.34
03:33:07	17.773	17.459	17.511	18.212	17.541	17.704	415.42	415.34
03:34:08	17.774	17.461	17.514	18.201	17.543	17.705	415.42	415.34
03:35:07	17.774	17.463	17.513	18.196	17.543	17.706	415.42	415.34
03:36:07	17.774	17.466	17.511	18.191	17.544	17.707	415.42	415.34
03:37:07	17.775	17.466	17.508	18.181	17.544	17.707	415.42	415.34
03:38:07	17.775	17.468	17.507	18.185	17.542	17.707	415.42	415.34
03:39:07	17.775	17.47	17.51	18.258	17.541	17.706	415.42	415.34
03:40:07	17.773	17.468	17.521	18.353	17.542	17.704	415.42	415.34
03:41:07	17.775	17.466	17.527	18.326	17.543	17.703	415.42	415.34
03:42:07	17.774	17.465	17.526	18.287	17.539	17.701	415.42	415.34
03:43:07	17.773	17.462	17.525	18.269	17.537	17.7	415.42	415.34
03:44:07	17.774	17.46	17.525	18.274	17.534	17.697	415.42	415.34
03:45:09	17.773	17.455	17.532	18.418	17.531	17.696	415.42	415.34
03:46:07	17.772	17.451	17.54	18.704	17.531	17.695	415.42	415.34
03:47:07	17.772	17.449	17.561	18.854	17.53	17.695	415.42	415.34
03:48:07	17.773	17.448	17.577	19.007	17.531	17.695	415.42	415.34
03:49:07	17.772	17.448	17.585	18.904	17.533	17.697	415.42	415.34
03:50:07	17.772	17.448	17.569	18.718	17.534	17.697	415.42	415.34
03:51:07	17.772	17.449	17.556	18.521	17.536	17.7	415.42	415.34
03:52:08	17.774	17.45	17.545	18.376	17.538	17.7	415.42	415.34
03:53:07	0.0	17.453	17.545	18.286	17.539	17.702	415.42	415.34
03:54:07	17.773	17.456	17.54	18.24	17.538	17.702	415.42	415.34
03:55:07	17.774	17.459	17.527	18.215	17.536	17.701	415.42	415.34
03:56:07	17.775	17.459	17.521	18.182	17.538	17.703	415.42	415.34
03:57:07	17.775	17.463	17.515	18.165	17.541	17.703	415.42	415.34
03:58:07	17.775	17.465	17.517	18.143	17.542	17.704	415.42	415.34
03:59:07	17.774	17.466	17.506	18.131	17.541	17.704	415.42	415.34
04:00:07	17.775	17.467	17.503	18.118	17.541	17.705	415.42	415.34
04:01:07	17.775	17.468	17.492	18.122	17.542	17.704	415.42	415.34
04:02:07	17.775	17.467	17.488	18.139	17.537	17.703	415.42	415.34
04:03:08	17.775	17.468	17.49	18.173	17.539	17.703	415.42	415.34
04:04:07	17.774	17.467	17.492	18.213	17.538	17.701	415.42	415.34
04:05:07	17.775	17.467	17.497	18.285	17.538	17.702	415.42	415.34
04:06:07	17.774	17.465	17.514	18.308	17.538	17.7	415.42	415.34
04:07:07	17.775	17.463	17.531	18.289	17.537	17.7	415.42	415.34
04:08:07	17.773	17.46	17.529	18.303	17.535	17.697	415.42	415.34
04:09:07	17.773	17.457	17.528	18.301	17.532	17.695	415.42	415.34
04:10:07	17.773	17.455	17.51	18.474	17.533	17.695	415.42	415.34
04:11:07	17.773	17.452	17.513	18.415	17.531	17.696	415.42	415.34
04:12:07	17.773	17.449	17.516	18.335	17.532	17.697	415.42	415.34
04:13:07	17.774	17.45	17.5	18.286	17.533	17.696	415.42	415.34
04:14:07	17.774	17.451	17.49	18.251	17.534	17.697	415.42	415.34
04:15:07	17.773	17.45	17.499	18.218	17.537	17.7	415.42	415.34
04:16:08	17.774	17.452	17.505	18.205	17.538	17.699	415.42	415.34
04:17:07	0.0	17.454	17.511	18.2	17.539	17.7	415.42	415.34
04:18:07	17.774	17.454	17.498	18.199	17.538	17.7	415.42	415.34
04:19:08	17.774	17.456	17.494	18.195	17.537	17.7	415.42	415.34
04:20:07	17.774	17.457	17.5	18.199	17.537	17.701	415.42	415.34
04:21:07	17.775	17.458	17.505	18.199	17.539	17.7	415.42	415.34
04:22:07	17.775	17.461	17.5	18.192	17.538	17.701	415.42	415.34
04:23:07	17.776	17.461	17.502	18.202	17.54	17.703	415.42	415.34
04:24:07	17.775	17.462	17.494	18.245	17.539	17.702	415.42	415.34
04:25:07	17.776	17.463	17.496	18.45	17.539	17.702	415.42	415.34
04:26:07	17.775	17.463	17.505	18.586	17.539	17.701	415.42	415.34
04:27:07	17.775	17.463	17.513	18.605	17.541	17.702	415.42	415.34
04:28:07	17.774	17.463	17.523	18.875	17.538	17.701	415.42	415.34
04:29:07	17.776	17.463	17.53	18.777	17.538	17.702	415.42	415.34
04:30:07	17.776	17.463	17.528	18.84	17.538	17.7	415.42	415.34
04:31:07	17.776	17.462	17.539	19.186	17.537	17.7	415.42	415.34
04:32:07	17.775	17.461	17.542	19.018	17.537	17.7	415.42	415.34
04:33:07	17.775	17.461	17.478	18.734	17.537	17.699	415.42	415.34
04:34:08	17.775	17.461	17.408	18.564	17.538	17.699	415.42	415.34
04:35:07	17.776	17.46	17.381	18.543	17.538	17.698	415.42	415.34
04:36:07	17.775	17.461	17.357	18.428	17.538	17.699	415.42	415.34
04:37:07	17.775	17.461	17.354	18.329	17.539	17.7	415.42	415.34
04:38:07	17.776	17.462	17.328	18.247	17.539	17.701	415.42	415.34
04:39:08	17.776	17.461	17.313	18.304	17.54	17.697	415.42	415.34
04:40:07	17.776	17.461	17.35	18.606	17.539	17.699	415.42	415.34
04:41:08	17.775	17.463	17.4	18.711	17.538	17.699	415.42	415.34
04:42:07	17.776	17.462	17.443	18.635	17.538	17.7	415.42	415.34
04:43:09	17.776	17.464	17.474	18.648	17.539	17.699	415.42	415.34
04:44:07	17.776	17.463	17.51	18.741	17.538	17.701	415.42	415.34
04:45:07	17.776	17.464	17.549	18.871	17.538	17.701	415.42	415.34
04:46:07	17.777	17.466	17.517	18.835	17.54	17.701	415.42	415.34
04:47:07	17.777	17.468	17.487	18.658	17.539	17.702	415.42	415.34
04:48:07	17.776	17.468	17.491	18.421	17.539	17.7	415.42	415.34
04:49:07	17.776	17.467	17.495	18.287	17.54	17.702	415.42	415.34
04:50:07	17.776	17.468	17.494	18.228	17.539	17.701	415.42	415.34
04:51:07	17.777	17.468	17.5	18.219	17.539	17.7	415.42	415.34
04:52:07	17.776	17.468	17.495	18.195	17.539	17.699	415.42	415.34
04:53:07	17.776	17.467	17.486	18.18	17.537	17.701	415.42	415.34
04:54:07	17.777	17.466	17.489	18.156	17.538	17.699	415.42	415.34
04:55:07	17.777	17.466	17.483	18.127	17.538	17.7	415.42	415.34
04:56:07	17.776	17.465	17.469	18.125	17.54	17.7	415.42	415.34
04:57:07	17.775	17.465	17.454	18.152	17.539	17.699	415.42	415.34
04:58:07	17.776	17.466	17.444	18.17	17.538	17.7	415.42	415.34
04:59:07	17.777	17.466	17.439	18.181	17.539	17.699	415.42	415.34
05:00:07	17.778	17.466	17.433	18.18	17.54	17.7	415.42	415.34
05:01:07	17.777	17.466	17.429	18.18	17.539	17.7	415.42	415.34
05:02:07	17.776	17.466	17.428	18.192	17.537	17.698	415.42	415.34
05:03:08	17.776	17.466	17.436	18.275	17.537	17.698	415.42	415.34
05:04:07	0.0	17.466	17.447	18.408	17.538	17.7	415.42	415.34
05:05:08	17.777	17.465	17.457	18.502	17.54	17.7	415.42	415.34
05:06:07	17.777	17.466	17.471	18.508	17.538	17.7	415.42	415.34
05:07:07	17.777	17.465	17.492	18.468	17.539	17.699	415.42	415.34
05:08:07	17.776	17.466	17.5	18.485	17.539	17.698	415.42	415.34
05:09:07	17.777	17.465	17.502	18.485	17.538	17.699	415.42	415.34
05:10:09	17.776	17.464	17.505	18.436	17.538	17.7	415.42	415.34
05:11:07	17.776	17.465	17.51	18.409	17.538	17.699	415.42	415.34
05:12:07	17.776	17.465	17.512	18.36	17.539	17.698	415.42	415.34
05:13:09	17.775	17.465	17.513	18.316	17.539	17.699	415.42	415.34
05:14:07	17.777	17.465	17.514	18.292	17.538	17.698	415.42	415.34
05:15:07	17.777	17.465	17.513	18.286	17.539	17.699	415.42	415.34
05:16:07	17.778	17.463	17.512	18.286	17.537	17.697	415.42	415.34
05:17:07	17.776	17.463	17.507	18.268	17.538	17.697	415.42	415.34
05:18:07	17.777	17.461	17.502	18.271	17.537	17.697	415.42	415.34
05:19:07	17.776	17.46	17.503	18.244	17.535	17.696	415.42	415.34
05:20:07	17.777	17.46	17.504	18.209	17.537	17.697	415.42	415.34
05:21:07	17.776	17.46	17.504	18.191	17.538	17.697	415.42	415.34
05:22:07	17.777	17.46	17.503	18.181	17.537	17.697	415.42	415.34
05:23:07	17.777	17.46	17.505	18.198	17.537	17.699	415.42	415.34
05:24:07	17.777	17.461	17.508	18.31	17.538	17.698	415.42	415.34
05:25:07	17.777	17.461	17.516	18.406	17.538	17.697	415.42	415.34
05:26:07	17.776	17.461	17.525	18.38	17.538	17.698	415.42	415.34
05:27:07	17.776	17.46	17.528	18.496	17.536	17.697	415.42	415.34
05:28:07	17.777	17.46	17.539	18.456	17.536	17.696	415.42	415.34
05:29:08	17.777	17.46	17.543	18.441	17.535	17.696	415.42	415.34
05:30:07	17.776	17.458	17.548	18.487	17.536	17.696	415.42	415.34
05:31:09	17.776	17.458	17.565	18.929	17.536	17.695	415.42	415.34
05:32:07	17.777	17.458	17.578	18.923	17.536	17.695	415.42	415.34
05:33:07	17.776	17.458	17.571	0.0	17.537	17.696	415.42	415.34
05:34:07	17.777	17.459	17.56	18.607	17.536	17.695	415.42	415.34
05:35:09	17.776	17.459	17.545	18.451	17.535	17.695	415.42	415.34
05:36:07	17.775	17.458	17.538	18.344	17.535	17.696	415.42	415.34
05:37:07	17.776	17.459	17.539	18.304	17.536	17.696	415.42	415.34
05:38:07	17.776	17.459	17.541	18.275	17.535	17.696	415.42	415.34
05:39:07	17.777	17.46	17.541	18.254	17.535	17.696	415.42	415.34
05:40:07	17.776	17.459	17.523	18.237	17.535	17.696	415.42	415.34
05:41:07	17.777	17.461	17.517	18.215	17.536	17.696	415.42	415.34
05:42:07	17.777	17.461	17.5	18.198	17.537	17.696	415.42	415.34
05:43:07	17.777	17.461	17.493	18.174	17.537	17.697	415.42	415.34
05:44:07	17.777	17.461	17.495	18.147	17.538	17.697	415.42	415.34
05:45:07	17.777	17.462	17.481	18.131	17.538	17.697	415.42	415.34
05:46:07	17.777	17.463	17.474	18.119	17.539	17.697	415.42	415.34
05:47:07	17.777	17.464	17.46	18.092	17.538	17.697	415.42	415.34
05:48:07	17.776	17.465	17.434	18.056	17.538	17.697	415.42	415.34
05:49:07	17.776	17.465	17.419	18.019	17.539	17.697	415.42	415.34
05:50:07	17.777	17.465	17.42	17.988	17.539	17.697	415.42	415.34
05:51:07	17.777	17.465	17.408	17.966	17.538	17.697	415.42	415.34
05:52:07	17.778	17.466	17.407	17.966	17.539	17.697	415.42	415.34
05:53:07	17.777	17.466	17.35	17.972	17.539	17.698	415.42	415.34
05:54:07	17.778	17.467	17.334	17.96	17.539	17.698	415.42	415.34
05:55:07	17.778	17.466	17.322	17.971	17.538	17.696	415.42	415.34
05:56:07	17.777	17.467	17.335	18.049	17.538	17.697	415.42	415.34
05:57:07	17.776	17.466	17.373	18.148	17.538	17.697	415.42	415.34
05:58:07	17.776	17.465	17.39	18.199	17.537	17.697	415.42	415.34
05:59:07	17.777	17.464	17.402	18.247	17.536	17.697	415.42	415.34
06:00:07	17.778	17.464	17.418	18.32	17.536	17.697	415.42	415.34
06:01:07	17.777	17.464	17.405	18.374	17.538	17.697	415.42	415.34
06:02:07	17.777	17.465	17.41	18.467	17.54	17.697	415.42	415.34
06:03:07	17.777	17.465	17.406	18.5	17.539	17.697	415.42	415.34
06:04:07	17.778	17.465	17.419	18.49	17.537	17.697	415.42	415.34
06:05:07	17.777	17.465	17.404	18.493	17.539	17.696	415.42	415.34
06:06:07	17.778	17.465	17.412	18.481	17.538	17.697	415.42	415.34
06:07:07	17.778	17.465	17.412	18.492	17.538	17.696	415.42	415.34
06:08:07	17.777	17.465	17.412	18.638	17.537	17.696	415.42	415.34
06:09:07	17.779	17.465	17.315	18.651	17.538	17.696	415.42	415.34
06:10:07	17.778	17.465	17.155	18.561	17.538	17.696	415.42	415.34
06:11:07	17.778	17.465	17.113	18.463	17.536	17.696	415.42	415.34
06:12:07	17.777	17.466	17.152	18.444	17.538	17.696	415.42	415.34
06:13:07	17.778	17.467	17.126	18.4	17.537	17.697	415.42	415.34
06:14:07	17.778	17.465	17.103	18.36	17.538	17.696	415.42	415.34
06:15:07	17.778	17.465	17.073	18.316	17.538	17.697	415.42	415.34
06:16:07	17.777	17.466	17.075	18.294	17.538	17.697	415.42	415.34
06:17:07	17.777	17.466	17.031	18.491	17.538	17.697	415.42	415.34
06:18:07	17.778	17.466	17.125	18.517	17.537	17.696	415.42	415.34
06:19:07	17.777	17.466	17.229	18.487	17.538	17.696	415.42	415.34
06:20:07	17.778	17.466	17.294	18.529	17.536	17.696	415.42	415.34
06:21:07	17.777	17.466	17.304	18.748	17.538	17.697	415.42	415.34
06:22:07	17.778	17.466	17.338	19.384	17.538	17.697	415.42	415.34
06:23:07	17.778	17.466	17.234	19.291	17.537	17.696	415.42	415.34
06:24:08	17.777	17.466	17.212	18.956	17.537	17.695	415.42	415.34
06:25:08	17.777	17.464	17.272	18.622	17.535	17.694	415.42	415.34
06:26:08	17.777	17.463	17.321	18.421	17.535	17.695	415.42	415.34
06:27:08	17.778	17.463	17.285	18.336	17.535	17.695	415.42	415.34
06:28:08	17.777	17.462	17.177	18.289	17.535	17.695	415.42	415.34
06:29:08	17.778	17.462	17.14	18.279	17.535	17.695	415.42	415.34
06:30:08	17.778	17.462	17.093	18.276	17.536	17.695	415.42	415.34
06:31:08	17.777	17.462	17.072	18.25	17.536	17.695	415.42	415.34
06:32:08	17.777	17.462	17.031	18.22	17.535	17.696	415.42	415.34
06:33:08	17.777	17.463	17.051	18.174	17.535	17.695	415.42	415.34
06:34:08	17.777	17.462	17.107	18.123	17.535	17.696	415.42	415.34
06:35:08	17.779	17.463	17.139	18.086	17.535	17.696	415.42	415.34
06:36:10	17.778	17.464	17.198	18.045	17.536	17.697	415.42	415.34
06:37:08	17.778	17.462	17.184	18.005	17.536	17.696	415.42	415.34
06:38:08	17.777	17.463	17.192	17.984	17.537	17.696	415.42	415.34
06:39:08	17.777	17.464	17.189	17.966	17.537	17.697	415.42	415.34
06:40:08	17.777	17.464	17.211	17.962	17.537	17.696	415.42	415.34
06:41:08	17.777	17.464	17.224	18.043	17.538	17.697	415.42	415.34
06:42:08	17.777	17.464	17.247	18.125	17.539	17.697	415.42	415.34
06:43:08	17.777	17.465	17.241	18.198	17.537	17.696	415.42	415.34
06:44:08	17.776	17.464	17.24	18.247	17.537	17.696	415.42	415.34
06:45:08	17.778	17.464	17.258	18.36	17.537	17.697	415.42	415.34
06:46:08	17.778	17.463	17.283	18.4	17.536	17.696	415.42	415.34
06:47:08	17.777	17.463	17.295	18.419	17.536	17.696	415.42	415.34
06:48:08	17.777	17.464	17.304	18.419	17.536	17.695	415.42	415.34
06:49:08	17.777	17.463	17.297	18.424	17.538	17.696	415.42	415.34
06:50:08	17.776	17.464	17.318	18.426	17.535	17.697	415.42	415.34
06:51:08	17.776	17.463	17.331	18.443	17.536	17.696	415.42	415.34
06:52:08	17.776	17.462	17.347	18.521	17.536	17.696	415.42	415.34
06:53:08	17.776	17.462	17.362	18.57	17.536	17.696	415.42	415.34
06:54:08	17.777	17.462	17.369	18.605	17.535	17.695	415.42	415.34
06:55:08	17.777	17.461	17.379	18.661	17.535	17.696	415.42	415.34
06:56:08	17.777	17.462	17.311	18.685	17.535	17.696	415.42	415.34
06:57:08	17.776	17.46	17.151	18.619	17.536	17.696	415.42	415.34
06:58:08	17.776	17.46	17.061	18.565	17.534	17.694	415.42	415.34
06:59:08	17.778	17.461	17.082	18.597	17.536	17.694	415.42	415.34
07:00:08	17.777	17.459	17.105	18.512	17.535	17.696	415.42	415.34
07:01:08	17.777	17.461	17.084	18.419	17.534	17.695	415.42	415.34
07:02:08	17.776	17.459	17.058	18.336	17.534	17.693	415.42	415.34
07:03:08	17.776	17.459	16.98	18.282	17.537	17.694	415.42	415.34
07:04:08	17.776	17.459	17.02	18.253	17.534	17.695	415.42	415.34
07:05:08	17.776	17.459	17.083	18.234	17.535	17.694	415.42	415.34
07:06:08	17.776	17.459	17.155	18.213	17.538	17.696	415.42	415.34
07:07:08	17.777	17.46	17.212	18.197	17.537	17.695	415.42	415.34
07:08:08	17.776	17.462	17.248	18.183	17.537	17.695	415.42	415.34
07:09:08	17.775	17.462	17.271	18.171	17.536	17.694	415.42	415.34
07:10:08	17.775	17.461	17.277	18.151	17.534	17.695	415.42	415.34
07:11:08	17.776	17.461	17.28	18.153	17.534	17.693	415.42	415.34
07:12:08	17.775	17.459	17.291	18.138	17.534	17.694	415.42	415.34
07:13:08	17.775	17.458	17.295	18.124	17.534	17.693	415.42	415.34
07:14:08	17.775	17.457	17.303	18.13	17.533	17.693	415.42	415.34
07:15:08	17.774	17.457	17.304	18.197	17.534	17.693	415.42	415.34
07:16:08	17.775	17.458	17.312	18.401	17.534	17.695	415.42	415.34
07:17:09	17.774	17.457	17.329	18.737	17.534	17.694	415.42	415.34
07:18:08	17.775	17.458	17.345	19.105	17.537	17.694	415.42	415.34
07:19:10	17.775	17.457	17.364	19.37	17.536	17.696	415.42	415.34
07:20:08	17.775	17.459	17.38	19.521	17.536	17.695	415.42	415.34
07:21:08	17.775	17.459	17.397	19.494	17.535	17.695	415.42	415.34
07:22:08	17.775	17.459	17.41	19.622	17.534	17.695	415.42	415.34
07:23:08	17.775	17.459	17.408	19.468	17.536	17.695	415.42	415.34
07:24:08	17.775	17.459	17.325	19.094	17.535	17.695	415.42	415.34
07:25:08	17.775	17.459	17.196	18.794	17.535	17.695	415.42	415.34
07:26:08	17.775	17.461	17.144	18.663	17.536	17.695	415.42	415.34
07:27:08	17.774	17.46	17.119	18.651	17.535	17.694	415.42	415.34
07:28:08	17.775	17.46	17.11	18.345	17.534	17.695	415.42	415.34
07:29:08	17.775	17.46	17.028	18.235	17.535	17.695	415.42	415.34
07:30:08	17.774	17.459	16.979	18.208	17.535	17.695	415.42	415.34
07:31:08	17.774	17.46	16.932	18.19	17.534	17.693	415.42	415.34
07:32:08	17.774	17.458	16.92	18.168	17.533	17.693	415.42	415.34
07:33:08	17.773	17.458	16.894	18.136	17.533	17.693	415.42	415.34
07:34:08	17.774	17.457	16.878	18.173	17.533	17.691	415.42	415.34
07:35:08	17.774	17.457	16.914	18.138	17.532	17.691	415.42	415.34
07:36:09	17.773	17.457	16.917	18.135	17.533	17.693	415.42	415.34
07:37:08	17.773	17.456	16.942	18.157	17.532	17.692	415.42	415.34
07:38:08	17.772	17.457	16.95	18.159	17.532	17.692	415.42	415.34
07:39:08	17.773	17.455	16.924	18.133	17.532	17.692	415.42	415.34
07:40:08	17.772	17.455	16.903	18.123	17.533	17.692	415.42	415.34
07:41:08	17.772	17.455	16.918	18.1	17.532	17.692	415.42	415.34
07:42:08	17.773	17.457	16.973	18.093	17.533	17.692	415.42	415.34
07:43:08	17.773	17.456	17.023	18.092	17.533	17.692	415.42	415.34
07:44:08	17.773	17.457	17.048	18.085	17.533	17.693	415.42	415.34
07:45:08	17.772	17.457	17.041	18.076	17.534	17.694	415.42	415.34
07:46:08	17.773	17.46	17.015	18.075	17.534	17.693	415.42	415.34
07:47:10	17.773	17.46	17.013	18.07	17.535	17.692	415.42	415.34
07:48:08	17.771	17.46	16.987	18.065	17.534	17.693	415.42	415.34
07:49:08	17.772	17.459	17.011	18.061	17.533	17.693	415.42	415.34
07:50:08	17.773	17.46	17.039	18.064	17.533	17.692	415.42	415.34
07:51:08	17.772	17.46	17.057	18.057	17.532	17.693	415.42	415.34
07:52:08	17.772	17.458	17.056	18.051	17.532	17.692	415.42	415.34
07:53:08	17.772	17.459	17.029	18.045	17.532	17.692	415.42	415.34
07:54:08	17.773	17.459	17.031	18.046	17.533	17.692	415.42	415.34
07:55:08	17.771	17.459	17.04	18.057	17.533	17.692	415.42	415.34
07:56:08	17.771	17.458	17.056	18.053	17.531	17.693	415.42	415.34
07:57:08	17.772	17.458	17.039	18.043	17.532	17.692	415.42	415.34
07:58:08	17.772	17.458	17.006	18.043	17.532	17.692	415.42	415.34
07:59:08	17.771	17.457	17.021	18.039	17.531	17.691	415.42	415.34
08:00:08	17.77	17.459	17.028	18.036	17.532	17.692	415.42	415.34
08:01:08	17.77	17.457	17.051	18.087	17.532	17.693	415.42	415.34
08:02:08	17.771	17.457	17.088	18.279	17.533	17.692	415.42	415.34
08:03:08	17.771	17.458	17.106	18.293	17.533	17.692	415.42	415.34
08:04:08	17.77	17.458	17.112	18.319	17.533	17.692	415.42	415.34
08:05:08	17.771	17.459	17.157	18.409	17.533	17.693	415.42	415.34
08:06:08	17.77	17.458	17.177	18.526	17.533	17.692	415.42	415.34
08:07:08	17.77	17.458	17.212	18.768	17.533	17.693	415.42	415.34
08:08:08	17.77	17.458	17.256	18.797	17.533	17.693	415.42	415.34
08:09:08	17.771	17.458	17.266	18.758	17.531	17.691	415.42	415.34
08:10:08	17.77	17.457	17.274	18.864	17.532	17.692	415.42	415.34
08:11:08	17.77	17.456	17.282	18.997	17.532	17.692	415.42	415.34
08:12:08	17.769	17.458	17.285	19.381	17.534	17.692	415.42	415.34
08:13:08	17.769	17.457	17.37	19.42	17.533	17.693	415.42	415.34
08:14:08	17.77	17.457	17.399	19.558	17.532	17.692	415.42	415.34
08:15:08	17.769	17.457	17.454	19.642	17.532	17.693	415.42	415.34
08:16:08	17.768	17.456	17.498	19.707	17.532	17.693	415.42	415.34
08:17:08	17.769	17.456	17.493	19.814	17.532	17.692	415.42	415.34
08:18:08	17.767	17.455	17.535	20.072	17.532	17.693	415.42	415.34
08:19:09	17.768	17.455	17.526	20.034	17.531	17.691	415.42	415.34
08:20:09	17.767	17.453	17.45	19.796	17.531	17.692	415.42	415.34
08:21:09	17.768	17.454	17.374	19.391	17.533	17.691	415.42	415.34
08:22:09	17.767	17.453	17.394	18.992	17.533	17.692	415.42	415.34
08:23:08	17.768	17.454	17.403	18.737	17.533	17.692	415.42	415.34
08:24:08	17.767	17.453	17.295	18.563	17.531	17.692	415.42	415.34
08:25:09	17.767	17.454	17.23	18.508	17.532	17.692	415.42	415.34
08:26:08	17.767	17.452	17.205	18.456	17.531	17.691	415.42	415.34
08:27:08	17.766	17.452	17.185	18.412	17.532	17.69	415.42	415.34
08:28:08	17.767	17.45	17.164	18.356	17.531	17.691	415.42	415.34
08:29:09	17.766	17.45	17.152	18.337	17.53	17.69	415.42	415.34
08:30:08	17.766	17.45	17.192	18.367	17.53	17.691	415.42	415.34
08:31:09	17.765	17.449	17.258	18.502	17.529	17.689	415.42	415.34
08:32:08	17.765	17.45	17.295	18.567	17.53	17.69	415.42	415.34
08:33:08	17.764	17.449	17.32	18.725	17.529	17.69	415.42	415.34
08:34:08	17.764	17.448	17.341	18.82	17.531	17.689	415.42	415.34
08:35:08	17.764	17.449	17.367	18.981	17.53	17.69	415.42	415.34
08:36:09	17.765	17.449	17.394	19.123	17.531	17.69	415.42	415.34
08:37:08	17.763	17.449	17.406	19.15	17.53	17.691	415.42	415.34
08:38:08	17.764	17.449	17.357	19.097	17.532	17.691	415.42	415.34
08:39:08	17.764	17.449	17.255	18.987	17.532	17.689	415.42	415.34
08:40:09	17.764	17.45	17.194	18.852	17.531	17.691	415.42	415.34
08:41:08	0.0	17.451	17.199	18.864	17.531	17.692	415.42	415.34
08:42:08	17.764	17.45	17.219	18.775	17.531	17.692	415.42	415.34
08:43:09	17.764	17.45	17.252	18.676	17.531	17.69	415.42	415.34
08:44:09	17.763	17.45	17.257	18.596	17.532	17.691	415.42	415.34
08:45:08	17.762	17.451	17.228	18.511	17.533	17.691	415.42	415.34
08:46:08	17.764	17.45	17.243	18.465	17.531	17.689	415.42	415.34
08:47:10	17.763	17.452	17.248	18.559	17.533	17.689	415.42	415.34
08:48:08	17.762	17.45	17.263	18.662	17.531	17.689	415.42	415.34
08:49:08	17.763	17.45	17.311	18.789	17.532	17.689	415.42	415.34
08:50:09	17.762	17.451	17.343	19.073	17.532	17.691	415.42	415.34
08:51:09	17.763	17.45	17.369	19.211	17.531	17.69	415.42	415.34
08:52:09	17.762	17.45	17.389	19.259	17.531	17.69	415.42	415.34
08:53:08	17.762	17.45	17.409	19.546	17.532	17.69	415.42	415.34
08:54:09	17.762	17.45	17.429	19.715	17.531	17.689	415.42	415.34
08:55:09	17.761	17.451	17.445	19.667	17.532	17.691	415.42	415.34
08:56:08	17.762	17.449	17.451	19.372	17.533	17.691	415.42	415.34
08:57:09	17.762	17.45	17.449	19.036	17.532	17.689	415.42	415.34
08:58:08	17.762	17.45	17.446	18.788	17.532	17.69	415.42	415.34
08:59:09	17.762	17.45	17.423	18.767	17.533	17.69	415.42	415.34
09:00:09	17.762	17.45	17.425	18.757	17.532	17.689	415.42	415.34
09:01:09	17.762	17.45	17.42	19.181	17.533	17.691	415.42	415.34
09:02:09	17.762	17.45	17.432	19.46	17.533	17.69	415.42	415.34
09:03:09	17.761	17.451	17.45	19.646	17.533	17.69	415.42	415.34
09:04:08	17.761	17.45	17.457	19.642	17.533	17.69	415.42	415.34
09:05:08	17.762	17.451	17.468	19.709	17.533	17.691	415.42	415.34
09:06:09	17.761	17.451	17.502	19.483	17.534	17.691	415.42	415.34
09:07:08	17.762	17.452	17.513	19.305	17.534	17.691	415.42	415.34
09:08:08	17.762	17.452	17.493	18.996	17.534	17.691	415.42	415.34
09:09:09	17.761	17.452	17.497	18.735	17.534	17.691	415.42	415.34
09:10:09	17.761	17.452	17.491	18.554	17.534	17.691	415.42	415.34
09:11:09	17.761	17.452	17.461	18.48	17.535	17.69	415.42	415.34
09:12:09	17.762	17.453	17.448	18.444	17.534	17.692	415.42	415.34
09:13:09	17.761	17.453	17.451	18.389	17.534	17.691	415.42	415.34
09:14:09	17.76	17.453	17.433	18.356	17.535	17.691	415.42	415.34
09:15:09	17.762	17.453	17.406	18.322	17.535	17.692	415.42	415.34
09:16:08	17.762	17.454	17.416	18.365	17.535	17.692	415.42	415.34
09:17:09	17.762	17.455	17.434	18.472	17.537	17.692	415.42	415.34
09:18:09	17.762	17.456	17.451	18.535	17.535	17.693	415.42	415.34
09:19:10	17.762	17.457	17.464	18.567	17.536	17.693	415.42	415.34
09:20:09	17.762	17.457	17.438	18.55	17.537	17.692	415.42	415.34
09:21:09	17.763	17.458	17.362	18.578	17.537	17.694	415.42	415.34
09:22:09	17.763	17.458	17.251	18.605	17.536	17.693	415.42	415.34
09:23:09	17.762	17.458	17.289	18.702	17.535	17.691	415.42	415.34
09:24:09	17.762	17.456	17.276	18.649	17.536	17.692	415.42	415.34
09:25:09	17.762	17.456	17.292	18.567	17.536	17.691	415.42	415.34
09:26:09	17.763	17.457	17.311	18.615	17.536	17.691	415.42	415.34
09:27:09	17.762	17.457	17.281	18.748	17.537	17.692	415.42	415.34
09:28:08	17.761	17.458	17.284	18.781	17.537	17.692	415.42	415.34
09:29:09	17.762	17.458	17.284	19.057	17.537	17.693	415.42	415.34
09:30:09	17.762	17.458	17.355	19.217	17.537	17.691	415.42	415.34
09:31:09	17.763	17.459	17.407	19.285	17.537	17.692	415.42	415.34
09:32:09	17.762	17.459	17.432	19.06	17.536	17.691	415.42	415.34
09:33:09	17.762	17.456	17.438	18.859	17.535	17.69	415.42	415.34
09:34:09	17.762	17.456	17.443	18.75	17.534	17.689	415.42	415.34
09:35:09	17.762	17.454	17.449	18.695	17.533	17.69	415.42	415.34
09:36:09	17.762	17.453	17.459	18.621	17.531	17.689	415.42	415.34
09:37:09	17.762	17.453	17.463	18.57	17.534	17.69	415.42	415.34
09:38:09	17.762	17.454	17.466	18.885	17.534	17.69	415.42	415.34
09:39:09	17.763	17.456	17.47	19.176	17.536	17.692	415.42	415.34
09:40:09	17.762	17.457	17.477	19.303	17.538	17.691	415.42	415.34
09:41:08	17.764	17.457	17.49	19.22	17.538	17.692	415.42	415.34
09:42:09	17.763	17.459	17.527	19.236	17.539	17.693	415.42	415.34
09:43:09	17.763	17.459	17.547	19.37	17.537	17.692	415.42	415.34
09:44:09	17.763	17.459	17.562	19.188	17.537	17.691	415.42	415.34
09:45:09	17.763	17.459	17.552	18.962	17.538	17.692	415.42	415.34
09:46:09	17.763	17.459	17.534	18.76	17.538	17.691	415.42	415.34
09:47:09	17.762	17.46	17.525	18.589	17.538	17.692	415.42	415.34
09:48:11	17.764	17.46	17.525	18.447	17.539	17.692	415.42	415.34
09:49:09	17.763	17.461	17.531	18.396	17.538	17.692	415.42	415.34
09:50:10	17.766	17.461	17.535	18.391	17.538	17.693	415.42	415.34
09:51:09	17.764	17.462	17.539	18.358	17.54	17.693	415.42	415.34
09:52:08	17.764	17.463	17.54	18.324	17.54	17.694	415.42	415.34
09:53:09	17.764	17.463	17.54	18.307	17.54	17.692	415.42	415.34
09:54:09	0.0	17.463	17.543	18.302	17.539	17.691	415.42	415.34
09:55:09	17.764	17.461	17.55	18.341	17.538	17.693	415.42	415.34
09:56:08	17.764	17.461	17.551	18.387	17.538	17.69	415.42	415.34
09:57:09	17.764	17.461	17.559	18.423	17.538	17.692	415.42	415.34
09:58:08	17.765	17.461	17.563	18.422	17.538	17.691	415.42	415.34
09:59:08	17.764	17.461	17.561	18.446	17.538	17.691	415.42	415.34
10:00:09	17.764	17.461	17.559	18.474	17.538	17.691	415.42	415.34
10:01:08	17.765	17.461	17.552	18.599	17.539	17.693	415.42	415.34
10:02:09	17.764	17.462	17.554	18.569	17.539	17.692	415.42	415.34
10:03:09	17.764	17.464	17.55	18.516	17.54	17.692	415.42	415.34
10:04:09	17.765	17.463	17.548	18.479	17.54	17.694	415.42	415.34
10:05:09	17.764	17.464	17.555	18.453	17.541	17.693	415.42	415.34
10:06:09	17.765	17.464	17.552	18.666	17.54	17.693	415.42	415.34
10:07:09	17.766	17.465	17.541	18.849	17.539	17.692	415.42	415.34
10:08:09	17.766	17.464	17.546	18.986	17.54	17.693	415.42	415.34
10:09:09	17.766	17.465	17.558	18.931	17.54	17.692	415.42	415.34
10:10:08	17.765	17.465	17.567	18.783	17.54	17.694	415.42	415.34
10:11:09	17.766	17.463	17.561	18.636	17.541	17.693	415.42	415.34
10:12:09	17.766	17.465	17.555	18.571	17.541	17.692	415.42	415.34
10:13:09	17.767	17.465	17.554	18.606	17.541	17.694	415.42	415.34
10:14:09	17.766	17.466	17.553	18.539	17.54	17.693	415.42	415.34
10:15:09	17.766	17.465	17.55	18.472	17.541	17.693	415.42	415.34
10:16:09	17.767	17.465	17.558	18.432	17.541	17.694	415.42	415.34
10:17:09	17.767	17.466	17.551	18.401	17.542	17.693	415.42	415.34
10:18:08	17.767	17.467	17.552	18.576	17.543	17.694	415.42	415.34
10:19:09	17.767	17.468	17.553	19.042	17.544	17.696	415.42	415.34
10:20:09	17.766	17.468	17.565	19.088	17.545	17.695	415.42	415.34
10:21:09	17.768	17.47	17.583	19.079	17.544	17.695	415.42	415.34
10:22:09	17.768	17.471	17.589	18.863	17.545	17.695	415.42	415.34
10:23:09	17.769	17.472	17.574	18.67	17.545	17.694	415.42	415.34
10:24:09	17.767	17.472	17.553	18.37	17.545	17.696	415.42	415.34
10:25:09	17.767	17.473	17.543	18.228	17.546	17.695	415.42	415.34
10:26:09	17.768	17.473	17.549	18.207	17.545	17.696	415.42	415.34
10:27:09	17.769	17.472	17.556	18.217	17.545	17.694	415.42	415.34
10:28:09	17.768	17.472	17.552	18.251	17.544	17.693	415.42	415.34
10:29:09	0.0	17.472	17.537	18.28	17.541	17.694	415.42	415.34
10:30:09	17.768	17.47	17.537	18.291	17.543	17.694	415.42	415.34
10:31:09	17.768	17.469	17.54	18.301	17.541	17.693	415.42	415.34
10:32:09	17.768	17.467	17.544	18.3	17.54	17.694	415.42	415.34
10:33:09	17.768	17.467	17.528	18.301	17.541	17.694	415.42	415.34
10:34:09	17.769	17.467	17.529	18.287	17.541	17.693	415.42	415.34
10:35:09	17.768	17.467	17.52	18.274	17.542	17.694	415.42	415.34
10:36:09	17.769	17.468	17.506	18.271	17.541	17.693	415.42	415.34
10:37:09	17.769	17.468	17.501	18.265	17.544	17.695	415.42	415.34
10:38:09	0.0	17.468	17.488	18.259	17.542	17.693	415.42	415.34
10:39:09	17.769	17.468	17.486	18.255	17.541	17.694	415.42	415.34
10:40:09	17.77	17.469	17.484	18.253	17.542	17.694	415.42	415.34
10:41:09	17.769	17.468	17.475	18.244	17.541	17.693	415.42	415.34
10:42:08	17.769	17.469	17.472	18.233	17.542	17.693	415.42	415.34
10:43:09	17.769	17.47	17.468	18.226	17.543	17.694	415.42	415.34
10:44:09	17.769	17.47	17.468	18.211	17.543	17.694	415.42	415.34
10:45:09	17.77	17.471	17.461	18.193	17.545	17.696	415.42	415.34
10:46:09	17.771	17.471	17.461	18.194	17.544	17.694	415.42	415.34
10:47:09	17.77	17.473	17.469	18.225	17.545	17.696	415.42	415.34
10:48:09	17.77	17.473	17.475	18.27	17.546	17.695	415.42	415.34
10:49:09	17.771	17.474	17.482	18.309	17.546	17.696	415.42	415.34
10:50:09	17.77	17.474	17.488	18.351	17.545	17.695	415.42	415.34
10:51:09	17.772	17.475	17.496	18.358	17.545	17.694	415.42	415.34
10:52:09	17.772	17.474	17.498	18.369	17.545	17.695	415.42	415.34
10:53:08	17.771	17.474	17.5	18.393	17.544	17.697	415.42	415.34
10:54:09	17.772	17.474	17.505	18.447	17.546	17.696	415.42	415.34
10:55:09	17.772	17.474	17.511	18.496	17.545	17.696	415.42	415.34
10:56:09	17.772	17.474	17.526	18.542	17.545	17.695	415.42	415.34
10:57:09	17.772	17.475	17.429	18.528	17.546	17.695	415.42	415.34
10:58:09	17.773	17.475	17.383	18.52	17.545	17.695	415.42	415.34
10:59:09	17.772	17.475	0.0	18.519	17.545	17.696	415.42	415.34
11:00:09	17.772	17.476	17.383	18.445	17.547	17.695	415.42	415.34
11:01:10	17.772	17.475	17.344	18.368	17.546	17.695	415.42	415.34
11:02:09	17.773	17.476	17.26	18.338	17.546	17.696	415.42	415.34
11:03:09	17.773	17.476	17.199	18.502	17.546	17.695	415.42	415.34
11:04:09	17.773	17.475	17.187	18.598	17.547	17.696	415.42	415.34
11:05:09	17.772	17.476	17.158	18.755	17.546	17.696	415.42	415.34
11:06:09	17.773	17.477	17.233	19.06	17.544	17.695	415.42	415.34
11:07:09	17.774	17.476	17.311	19.319	17.544	17.694	415.42	415.34
11:08:09	17.773	17.475	17.376	19.274	17.544	17.695	415.42	415.34
11:09:09	17.773	17.475	17.414	19.035	17.545	17.695	415.42	415.34
11:10:09	17.773	17.476	17.422	18.835	17.545	17.695	415.42	415.34
11:11:09	17.774	17.477	17.424	18.787	17.545	17.694	415.42	415.34
11:12:09	17.773	17.477	17.404	18.716	17.546	17.695	415.42	415.34
11:13:09	17.774	17.478	17.381	18.605	17.546	17.694	415.42	415.34
11:14:09	17.774	17.478	17.355	18.51	17.545	17.695	415.42	415.34
11:15:09	17.775	17.477	17.298	18.431	17.545	17.694	415.42	415.34
11:16:09	17.774	17.478	17.312	18.347	17.546	17.694	415.42	415.34
11:17:09	17.774	17.477	17.366	18.347	17.547	17.695	415.42	415.34
11:18:09	17.774	17.478	17.384	18.416	17.545	17.695	415.42	415.34
11:19:09	0.0	17.479	17.42	18.496	17.547	17.697	415.42	415.34
11:20:09	17.775	17.478	17.444	18.527	17.547	17.696	415.42	415.34
11:21:09	17.775	17.479	17.408	18.563	17.547	17.696	415.42	415.34
11:22:09	17.776	17.48	17.376	18.592	17.547	17.696	415.42	415.34
11:23:10	17.775	17.48	17.388	18.642	17.548	17.697	415.42	415.34
11:24:09	0.0	17.481	17.412	18.584	17.549	17.698	415.42	415.34
11:25:09	17.775	17.48	17.431	18.505	17.549	17.697	415.42	415.34
11:26:09	17.776	17.481	17.405	18.444	17.548	17.696	415.42	415.34
11:27:09	17.776	17.481	17.404	18.413	17.549	17.696	415.42	415.34
11:28:11	17.776	17.482	17.397	18.385	17.548	17.696	415.42	415.34
11:29:09	0.0	17.482	17.419	18.358	17.548	17.697	415.42	415.34
11:30:09	17.776	17.48	17.444	18.347	17.548	17.696	415.42	415.34
11:31:10	17.776	17.482	17.454	18.381	17.55	17.698	415.42	415.34
11:32:09	17.776	17.482	17.462	18.54	17.55	17.698	415.42	415.34
11:33:09	17.777	17.483	17.471	18.728	17.55	17.698	415.42	415.34
11:34:09	17.776	17.483	17.482	18.808	17.549	17.696	415.42	415.34
11:35:09	17.776	17.483	17.496	18.961	17.55	17.697	415.42	415.34
11:36:09	17.777	17.484	17.497	18.864	17.549	17.698	415.42	415.34
11:37:09	17.777	17.483	17.401	18.611	17.549	17.697	415.42	415.34
11:38:09	17.778	17.482	17.28	18.41	17.55	17.697	415.42	415.34
11:39:09	17.777	17.483	17.248	18.465	17.551	17.697	415.42	415.34
11:40:09	17.777	17.484	17.268	18.441	17.55	17.697	415.42	415.34
11:41:09	17.778	17.484	17.32	18.374	17.55	17.698	415.42	415.34
11:42:09	17.777	17.484	17.312	18.333	17.551	17.698	415.42	415.34
11:43:09	17.778	17.484	17.272	18.405	17.55	17.697	415.42	415.34
11:44:09	17.779	17.485	17.278	18.698	17.55	17.697	415.42	415.34
11:45:09	17.777	17.485	17.333	19.062	17.551	17.697	415.42	415.34
11:46:09	17.778	17.486	17.398	19.133	17.549	17.697	415.42	415.34
11:47:09	17.779	17.485	17.471	19.207	17.549	17.697	415.42	415.34
11:48:09	17.777	17.485	17.506	19.133	17.549	17.698	415.42	415.34
11:49:09	17.777	17.484	17.459	18.93	17.549	17.697	415.42	415.34
11:50:09	17.778	17.485	17.447	18.652	17.549	17.697	415.42	415.34
11:51:09	17.779	17.485	17.459	18.452	17.549	17.697	415.42	415.34
11:52:09	17.779	17.485	17.453	18.35	17.549	17.697	415.42	415.34
11:53:10	17.779	17.485	17.448	18.317	17.549	17.697	415.42	415.34
11:54:09	17.779	17.485	17.461	18.294	17.549	17.697	415.42	415.34
11:55:10	17.779	0.0	17.473	18.266	17.55	17.698	415.42	415.34
11:56:09	0.0	17.486	17.478	18.255	17.551	17.697	415.42	415.34
11:57:09	17.779	17.486	17.484	18.274	17.551	17.699	415.42	415.34
11:58:09	17.78	17.486	17.49	18.322	17.551	17.698	415.42	415.34
11:59:09	17.779	17.487	17.49	18.404	17.55	17.697	415.42	415.34
12:00:09	17.779	17.487	17.506	18.537	17.55	17.697	415.42	415.34
12:01:09	17.779	17.486	17.51	18.566	17.549	17.697	415.42	415.34
12:02:12	17.78	17.487	17.446	18.549	17.55	17.698	415.42	415.34
12:03:09	17.78	17.487	17.333	18.541	17.549	17.697	415.42	415.34
12:04:09	17.78	17.486	17.276	18.634	17.55	17.697	415.42	415.34
12:05:09	17.78	17.487	17.298	18.609	17.55	17.698	415.42	415.34
12:06:09	17.78	17.488	17.304	18.547	17.551	17.698	415.42	415.34
12:07:09	17.78	17.487	17.294	18.59	17.552	17.7	415.42	415.34
12:08:09	17.78	17.488	17.266	18.644	17.551	17.699	415.42	415.34
12:09:09	17.78	17.489	17.302	18.848	17.551	17.697	415.42	415.34
12:10:09	17.781	17.489	17.288	19.0	17.551	17.697	415.42	415.34
12:11:09	17.78	17.489	17.327	19.127	17.55	17.698	415.42	415.34
12:12:09	17.781	17.488	17.382	19.169	17.552	17.698	415.42	415.34
12:13:09	17.781	17.489	17.424	19.219	17.55	17.698	415.42	415.34
12:14:09	17.78	17.489	17.447	18.951	17.55	17.698	415.42	415.34
12:15:09	17.781	17.489	17.46	18.742	17.551	17.697	415.42	415.34
12:16:09	17.781	17.489	17.452	18.61	17.551	17.699	415.42	415.34
12:17:09	17.781	17.489	17.447	18.552	17.552	17.697	415.42	415.34
12:18:09	17.781	17.489	17.434	18.473	17.551	17.699	415.42	415.34
12:19:09	17.782	17.489	17.454	18.405	17.552	17.698	415.42	415.34
12:20:09	17.781	17.49	17.468	18.362	17.552	17.699	415.42	415.34
12:21:09	17.782	17.49	17.473	18.317	17.552	17.7	415.42	415.34
12:22:10	17.781	17.49	17.475	18.603	17.553	17.697	415.42	415.34
12:23:09	17.782	17.491	17.48	19.217	17.551	17.698	415.42	415.34
12:24:09	17.782	17.49	17.49	19.358	17.551	17.699	415.42	415.34
12:25:09	17.782	17.491	17.503	19.13	17.553	17.698	415.42	415.34
12:26:09	17.783	17.491	17.515	18.971	17.552	17.699	415.42	415.34
12:27:09	17.78	17.492	17.514	18.755	17.551	17.699	415.42	415.34
12:28:09	17.783	17.492	17.511	18.567	17.552	17.698	415.42	415.34
12:29:09	17.782	17.491	17.506	18.44	17.553	17.697	415.42	415.34
12:30:09	17.782	17.491	17.51	18.353	17.551	17.699	415.42	415.34
12:31:09	17.782	17.491	17.513	18.3	17.552	17.698	415.42	415.34
12:32:09	17.782	17.49	17.515	18.258	17.551	17.699	415.42	415.34
12:33:09	17.782	17.49	17.514	18.235	17.553	17.698	415.42	415.34
12:34:09	17.782	17.49	17.52	18.218	17.552	17.698	415.42	415.34
12:35:09	17.783	17.49	17.52	18.196	17.552	17.698	415.42	415.34
12:36:09	17.781	17.49	17.521	18.186	17.552	17.699	415.42	415.34
12:37:11	17.782	17.491	17.521	18.192	17.553	17.699	415.42	415.34
12:38:09	17.783	17.491	17.527	18.233	17.552	17.699	415.42	415.34
12:39:09	17.783	17.491	17.535	18.276	17.553	17.699	415.42	415.34
12:40:09	17.783	17.491	17.54	18.301	17.554	17.699	415.42	415.34
12:41:09	17.783	17.492	17.541	18.309	17.552	17.699	415.42	415.34
12:42:11	17.784	17.492	17.536	18.297	17.554	17.699	415.42	415.34
12:43:09	17.783	17.492	17.527	18.271	17.553	17.7	415.42	415.34
12:44:09	17.782	17.493	17.512	18.238	17.553	17.7	415.42	415.34
12:45:09	17.784	17.492	17.504	18.238	17.553	17.699	415.42	415.34
12:46:09	17.784	17.492	17.501	18.243	17.552	17.698	415.42	415.34
12:47:09	17.784	17.492	17.503	18.254	17.553	17.699	415.42	415.34
12:48:09	17.784	17.492	17.505	18.265	17.553	17.699	415.42	415.34
12:49:09	17.784	17.493	17.5	18.397	17.553	17.699	415.42	415.34
12:50:09	17.784	17.494	17.498	18.55	17.553	17.7	415.42	415.34
12:51:09	17.784	17.493	17.51	18.787	17.553	17.7	415.42	415.34
12:52:09	17.784	17.493	17.532	19.06	17.554	17.7	415.42	415.34
12:53:09	17.785	17.493	17.549	19.02	17.555	17.701	415.42	415.34
12:54:09	17.785	17.495	17.552	18.721	17.553	17.699	415.42	415.34
12:55:09	17.785	17.494	17.545	18.536	17.555	17.7	415.42	415.34
12:56:09	17.784	17.495	17.537	18.428	17.553	17.699	415.42	415.34
12:57:09	17.784	17.495	17.525	18.254	17.554	17.7	415.42	415.34
12:58:09	17.786	17.493	17.51	17.889	17.554	17.699	415.42	415.34
12:59:09	17.785	17.495	17.499	17.886	17.553	17.699	415.42	415.34
13:00:09	17.784	17.494	17.497	17.965	17.553	17.7	415.42	415.34
13:01:09	17.785	17.493	17.497	18.033	17.554	17.701	415.42	415.34
13:02:09	17.785	17.495	17.505	18.178	17.553	17.7	415.42	415.34
13:03:09	17.785	17.494	17.511	18.347	17.555	17.701	415.42	415.34
13:04:09	17.786	17.495	17.521	18.301	17.554	17.7	415.42	415.34
13:05:09	17.786	17.494	17.525	18.269	17.554	17.699	415.42	415.34
13:06:09	17.786	17.495	17.521	18.248	17.554	17.7	415.42	415.34
13:07:09	17.786	17.495	17.516	18.235	17.553	17.7	415.42	415.34
13:08:09	17.786	17.495	17.522	18.221	17.555	17.7	415.42	415.34
13:09:09	17.787	17.495	17.527	18.208	17.554	17.7	415.42	415.34
13:10:09	17.787	17.495	17.525	18.199	17.553	17.699	415.42	415.34
13:11:09	17.785	17.495	17.527	18.2	17.553	17.701	415.42	415.34
13:12:09	17.786	17.495	17.53	18.21	17.554	17.7	415.42	415.34
13:13:09	17.786	17.496	17.534	18.235	17.554	17.701	415.42	415.34
13:14:09	17.787	17.495	17.538	18.262	17.555	17.7	415.42	415.34
13:15:09	17.786	17.497	17.54	18.248	17.556	17.701	415.42	415.34
13:16:09	17.787	17.497	17.54	18.233	17.555	17.702	415.42	415.34
13:17:09	17.787	17.498	17.54	18.22	17.554	17.7	415.42	415.34
13:18:09	17.786	17.497	17.539	18.21	17.555	17.701	415.42	415.34
13:19:09	17.787	17.498	17.537	18.207	17.554	17.7	415.42	415.34
13:20:09	17.788	17.497	17.538	18.199	17.555	17.701	415.42	415.34
13:21:09	17.788	17.497	17.538	18.239	17.554	17.7	415.42	415.34
13:22:09	17.787	17.496	17.54	18.244	17.555	17.701	415.42	415.34
13:23:09	17.788	17.497	17.544	18.232	17.555	17.701	415.42	415.34
13:24:09	17.787	17.497	17.541	18.225	17.554	17.7	415.42	415.34
13:25:09	17.788	17.496	17.544	18.229	17.553	17.7	415.42	415.34
13:26:10	17.787	17.496	17.546	18.26	17.553	17.701	415.42	415.34
13:27:10	17.787	17.496	17.547	18.268	17.555	17.699	415.42	415.34
13:28:10	17.787	17.495	17.55	18.361	17.554	17.7	415.42	415.34
13:29:12	17.787	17.496	17.558	18.444	17.553	17.7	415.42	415.34
13:30:10	17.788	17.497	17.562	18.408	17.555	17.7	415.42	415.34
13:31:10	17.788	17.497	17.561	18.366	17.555	17.7	415.42	415.34
13:32:10	17.789	17.498	17.557	18.317	17.554	17.7	415.42	415.34
13:33:10	17.787	17.497	17.55	18.26	17.554	17.7	415.42	415.34
13:34:10	17.788	17.497	17.548	18.231	17.554	17.699	415.42	415.34
13:35:10	17.787	17.496	17.535	18.218	17.553	17.699	415.42	415.34
13:36:10	17.788	17.495	17.526	18.204	17.552	17.7	415.42	415.34
13:37:10	17.788	17.495	17.533	18.185	17.553	17.699	415.42	415.34
13:38:10	17.788	17.494	17.526	18.177	17.552	17.698	415.42	415.34
13:39:10	17.788	17.494	17.526	18.168	17.554	17.699	415.42	415.34
13:40:10	17.787	17.494	17.527	18.164	17.553	17.699	415.42	415.34
13:41:10	17.787	17.493	17.528	18.198	17.554	17.701	415.42	415.34
13:42:10	17.787	17.494	17.523	18.26	17.553	17.699	415.42	415.34
13:43:10	17.788	17.494	17.526	18.35	17.553	17.699	415.42	415.34
13:44:10	17.788	17.494	17.54	18.413	17.553	17.7	415.42	415.34
13:45:10	17.788	17.493	17.544	18.389	17.555	17.699	415.42	415.34
13:46:10	17.788	17.494	17.541	18.331	17.552	17.699	415.42	415.34
13:47:10	17.788	17.493	17.538	18.269	17.551	17.7	415.42	415.34
13:48:10	17.788	17.493	17.524	18.183	17.552	17.699	415.42	415.34
13:49:10	17.787	17.493	17.515	18.117	17.552	17.698	415.42	415.34
13:50:10	17.789	17.493	17.5	18.085	17.553	17.699	415.42	415.34
13:51:10	17.788	17.494	17.513	18.109	17.553	17.699	415.42	415.34
13:52:13	17.789	17.494	17.519	18.292	17.554	0.0	415.42	415.34
13:53:10	17.788	17.494	17.52	18.458	17.555	17.701	415.42	415.34
13:54:10	17.789	17.495	17.534	18.473	17.554	17.7	415.42	415.34
13:55:11	17.789	17.495	17.551	18.62	17.553	17.7	415.42	415.34
13:56:10	0.0	17.496	17.564	18.938	17.554	17.701	415.42	415.34
13:57:10	17.79	17.496	17.577	19.119	17.555	17.7	415.42	415.34
13:58:10	17.789	17.496	17.581	18.792	17.554	17.702	415.42	415.34
13:59:10	17.789	17.496	17.581	18.556	17.553	17.7	415.42	415.34
14:00:10	17.789	17.497	17.578	18.407	17.553	17.701	415.42	415.34
14:01:10	17.79	17.496	17.565	18.384	17.553	17.701	415.42	415.34
14:02:10	17.79	17.497	17.557	18.335	17.554	17.701	415.42	415.34
14:03:10	17.789	17.497	17.556	18.28	17.554	17.701	415.42	415.34
14:04:10	17.789	17.496	17.559	18.265	17.553	17.7	415.42	415.34
14:05:10	17.789	17.496	17.56	18.266	17.554	17.7	415.42	415.34
14:06:10	17.79	17.496	17.564	18.237	17.554	17.7	415.42	415.34
14:07:10	17.791	17.495	17.564	18.313	17.554	17.7	415.42	415.34
14:08:10	17.791	17.495	17.566	18.801	17.552	17.7	415.42	415.34
14:09:10	17.789	17.493	17.57	19.147	17.552	17.699	415.42	415.34
14:10:10	17.79	17.493	17.581	19.207	17.553	17.7	415.42	415.34
14:11:10	17.79	17.494	17.591	18.995	17.554	17.7	415.42	415.34
14:12:10	17.791	17.494	17.598	18.739	17.554	17.7	415.42	415.34
14:13:10	17.789	17.495	17.595	18.511	17.554	17.701	415.42	415.34
14:14:10	17.79	17.493	17.587	18.374	17.553	17.701	415.42	415.34
14:15:10	17.79	17.494	17.581	18.334	17.554	17.7	415.42	415.34
14:16:10	17.791	17.493	17.563	18.308	17.553	17.7	415.42	415.34
14:17:10	17.791	17.492	17.531	18.26	17.553	17.701	415.42	415.34
14:18:10	17.79	17.491	17.53	18.231	17.553	17.7	415.42	415.34
14:19:10	17.789	17.49	17.535	18.229	17.552	17.699	415.42	415.34
14:20:10	17.789	17.491	17.54	18.237	17.552	17.698	415.42	415.34
14:21:10	17.789	17.49	17.543	18.24	17.551	17.7	415.42	415.34
14:22:10	17.789	17.491	17.545	18.242	17.553	17.7	415.42	415.34
14:23:10	17.789	17.491	17.543	18.242	17.551	17.7	415.42	415.34
14:24:10	17.79	17.489	17.542	18.24	17.552	17.7	415.42	415.34
14:25:10	17.789	17.491	17.541	18.239	17.553	17.699	415.42	415.34
14:26:10	17.789	17.49	17.541	18.239	17.553	17.7	415.42	415.34
14:27:10	17.789	17.492	17.539	18.237	17.553	17.702	415.42	415.34
14:28:10	17.79	17.493	17.538	18.236	17.555	17.701	415.42	415.34
14:29:11	17.789	17.493	17.537	18.236	17.555	17.701	415.42	415.34
14:30:10	17.79	17.493	17.536	18.234	17.554	17.7	415.42	415.34
14:31:11	17.789	17.492	17.534	18.234	17.552	17.7	415.42	415.34
14:32:10	17.789	17.491	17.534	18.234	17.553	17.7	415.42	415.34
14:33:12	17.79	17.492	17.535	18.235	17.553	17.701	415.42	415.34
14:34:10	17.79	17.492	17.535	18.233	17.552	17.7	415.42	415.34
14:35:10	17.791	17.492	17.532	18.231	17.553	17.7	415.42	415.34
14:36:10	17.79	17.492	17.53	18.226	17.552	17.699	415.42	415.34
14:37:10	17.79	17.491	17.529	18.225	17.553	17.7	415.42	415.34
14:38:10	17.79	17.492	17.526	18.216	17.553	17.701	415.42	415.34
14:39:10	17.791	17.492	17.525	18.209	17.552	17.701	415.42	415.34
14:40:13	17.79	17.491	17.52	18.199	17.553	17.702	415.42	415.34
14:41:10	17.791	17.492	17.521	18.199	17.553	17.703	415.42	415.34
14:42:10	17.791	17.492	17.52	18.195	17.552	17.701	415.42	415.34
14:43:10	17.792	17.493	17.517	18.193	17.554	17.7	415.42	415.34
14:44:11	17.791	17.493	17.515	18.189	17.554	17.702	415.42	415.34
14:45:11	17.792	17.493	17.513	18.186	17.554	17.701	415.42	415.34
14:46:11	17.792	17.492	17.512	18.182	17.553	17.702	415.42	415.34
14:47:11	17.792	17.493	17.51	18.181	17.553	17.7	415.42	415.34
14:48:11	17.791	17.494	17.506	18.177	17.554	17.701	415.42	415.34
14:49:11	17.792	17.494	17.506	18.175	17.554	17.701	415.42	415.34
14:50:11	17.791	17.493	17.504	18.173	17.554	17.701	415.42	415.34
14:51:11	17.792	17.491	17.502	18.169	17.552	17.701	415.42	415.34
14:52:11	17.792	17.493	17.501	18.173	17.552	17.7	415.42	415.34
14:53:11	17.791	17.492	17.503	18.18	17.553	17.701	415.42	415.34
14:54:11	17.791	17.491	17.504	18.183	17.553	17.701	415.42	415.34
14:55:11	17.791	17.49	17.503	18.185	17.553	17.701	415.42	415.34
14:56:11	17.791	17.491	17.504	18.189	17.553	17.7	415.42	415.34
14:57:11	17.791	17.492	17.506	18.196	17.553	17.701	415.42	415.34
14:58:11	17.791	17.491	17.504	18.197	17.553	17.702	415.42	415.34
14:59:11	17.792	17.491	17.505	18.197	17.553	17.7	415.42	415.34
15:00:11	17.791	17.491	17.504	18.198	17.553	17.701	415.42	415.34
15:01:11	17.792	17.492	17.504	18.202	17.553	17.702	415.42	415.34
15:02:11	17.791	17.491	17.505	18.205	17.552	17.702	415.42	415.34
15:03:11	17.79	17.49	17.507	18.208	17.553	17.701	415.42	415.34
15:04:11	17.792	17.492	17.509	18.212	17.553	17.701	415.42	415.34
15:05:11	17.791	17.491	17.509	18.214	17.553	17.7	415.42	415.34
15:06:12	17.791	17.491	17.51	18.221	17.553	17.701	415.42	415.34
15:07:11	0.0	17.491	17.511	18.223	17.554	17.701	415.42	415.34
15:08:11	17.792	17.49	17.512	18.223	17.554	17.701	415.42	415.34
15:09:11	17.792	17.49	17.513	18.226	17.553	17.7	415.42	415.34
15:10:11	17.792	17.491	17.511	18.227	17.554	17.702	415.42	415.34
15:11:11	17.792	17.49	17.512	18.228	17.552	17.701	415.42	415.34
15:12:11	17.792	17.491	17.512	18.227	17.553	17.7	415.42	415.34
15:13:11	17.792	17.491	17.513	18.227	17.553	17.701	415.42	415.34
15:14:11	17.792	17.491	17.513	18.228	17.553	17.703	415.42	415.34
15:15:11	17.792	17.491	17.516	18.233	17.553	17.701	415.42	415.34
15:16:11	17.792	17.491	17.518	18.237	17.553	17.701	415.42	415.34
15:17:11	17.792	17.49	17.521	18.252	17.552	17.7	415.42	415.34
15:18:11	17.792	17.491	17.522	18.251	17.552	17.701	415.42	415.34
15:19:11	17.792	17.49	17.52	18.246	17.553	17.7	415.42	415.34
15:20:11	17.792	17.49	17.521	18.247	17.552	17.7	415.42	415.34
15:21:11	17.792	17.489	17.522	18.246	17.552	17.701	415.42	415.34
15:22:11	17.792	17.49	17.524	18.246	17.553	17.7	415.42	415.34
15:23:11	17.791	17.488	17.523	18.245	17.552	17.701	415.42	415.34
15:24:11	17.791	17.489	17.524	18.248	17.552	17.7	415.42	415.34
15:25:11	17.792	17.489	17.525	18.25	17.552	17.701	415.42	415.34
15:26:11	17.792	17.488	17.528	18.255	17.554	17.7	415.42	415.34
15:27:11	17.791	17.489	17.528	18.259	17.552	17.702	415.42	415.34
15:28:11	17.792	17.49	17.529	18.263	17.553	17.701	415.42	415.34
15:29:11	17.791	17.488	17.512	18.251	17.554	17.7	415.42	415.34
15:30:11	17.791	17.489	17.517	18.248	17.552	17.7	415.42	415.34
15:31:11	17.792	17.489	17.521	18.25	17.553	17.701	415.42	415.34
15:32:11	17.792	17.49	17.524	18.254	17.552	17.7	415.42	415.34
15:33:11	17.791	17.489	17.526	18.259	17.553	17.7	415.42	415.34
15:34:11	17.792	17.489	17.528	18.264	17.552	17.7	415.42	415.34
15:35:11	17.791	17.488	17.529	18.264	17.551	17.699	415.42	415.34
15:36:11	17.79	17.487	17.531	18.266	17.55	17.701	415.42	415.34
15:37:11	17.792	17.487	17.532	18.272	17.552	17.7	415.42	415.34
15:38:11	17.791	17.487	17.52	18.256	17.552	17.7	415.42	415.34
15:39:11	17.792	17.486	17.505	18.2	17.551	17.701	415.42	415.34
15:40:11	17.792	17.487	17.507	18.207	17.551	17.701	415.42	415.34
15:41:11	17.792	17.487	17.511	18.222	17.553	17.7	415.42	415.34
15:42:11	17.791	17.486	17.514	18.229	17.551	17.702	415.42	415.34
15:43:11	17.792	17.486	17.515	18.231	17.551	17.701	415.42	415.34
15:44:11	17.792	17.486	17.519	18.245	17.552	17.701	415.42	415.34
15:45:11	17.79	17.486	17.522	18.252	17.552	17.701	415.42	415.34
15:46:11	17.791	17.487	17.526	18.257	17.551	17.701	415.42	415.34
15:47:12	17.792	17.487	17.527	18.261	17.554	17.702	415.42	415.34
15:48:11	0.0	17.488	17.53	18.266	17.554	17.701	415.42	415.34
15:49:11	17.792	17.488	17.476	18.008	17.552	17.701	415.42	415.34
15:50:11	17.791	17.489	17.472	18.106	17.551	17.701	415.42	415.34
15:51:11	17.791	17.488	17.493	18.165	17.551	17.7	415.42	415.34
15:52:11	17.792	17.487	17.503	18.204	17.55	17.699	415.42	415.34
15:53:11	17.791	17.487	17.509	18.224	17.551	17.701	415.42	415.34
15:54:11	17.79	17.485	17.515	18.24	17.549	17.699	415.42	415.34
15:55:11	17.791	17.485	17.517	18.247	17.55	17.699	415.42	415.34
15:56:11	17.791	17.485	17.52	18.251	17.549	17.698	415.42	415.34
15:57:11	17.791	17.483	17.522	18.255	17.55	17.699	415.42	415.34
15:58:11	17.791	17.484	17.522	18.266	17.55	17.7	415.42	415.34
15:59:11	17.79	17.483	17.523	18.269	17.551	17.7	415.42	415.34
16:00:11	17.79	17.484	17.527	18.273	17.551	17.7	415.42	415.34
16:01:11	17.79	17.483	17.526	18.262	17.55	17.7	415.42	415.34
16:02:11	17.791	17.482	17.527	18.23	17.551	17.699	415.42	415.34
16:03:11	17.79	17.483	17.428	17.8	17.55	17.699	415.42	415.34
16:04:11	17.79	17.482	17.441	17.992	17.549	17.7	415.42	415.34
16:05:11	17.79	17.482	17.475	18.12	17.55	17.701	415.42	415.34
16:06:11	17.79	17.481	17.492	18.189	17.55	17.7	415.42	415.34
16:07:11	17.79	17.483	17.503	18.224	17.55	17.7	415.42	415.34
16:08:11	17.791	17.482	17.511	18.251	17.55	17.699	415.42	415.34
16:09:11	17.791	17.483	17.514	18.253	17.55	17.701	415.42	415.34
16:10:11	17.792	17.484	17.515	18.255	17.55	17.7	415.42	415.34
16:11:11	17.79	17.484	17.519	18.261	17.549	17.699	415.42	415.34
16:12:11	17.791	17.482	17.499	18.259	17.55	17.7	415.42	415.34
16:13:11	17.79	17.482	17.496	18.245	17.549	17.699	415.42	415.34
16:14:11	17.791	17.482	17.509	18.26	17.549	17.701	415.42	415.34
16:15:11	17.789	17.482	17.511	18.267	17.55	17.699	415.42	415.34
16:16:11	17.79	17.482	17.514	18.261	17.549	17.699	415.42	415.34
16:17:11	17.79	17.481	17.505	18.226	17.548	17.699	415.42	415.34
16:18:11	17.789	17.48	17.506	18.226	17.549	17.699	415.42	415.34
16:19:11	17.789	17.479	17.51	18.236	17.549	17.698	415.42	415.34
16:20:11	17.791	17.479	17.514	18.253	17.548	17.698	415.42	415.34
16:21:11	17.79	17.479	17.517	18.261	17.549	17.699	415.42	415.34
16:22:13	17.79	17.479	17.52	18.268	17.548	17.698	415.42	415.34
16:23:11	17.788	17.477	17.516	18.008	17.548	17.698	415.42	415.34
16:24:11	17.79	17.477	17.367	17.658	17.548	17.698	415.42	415.34
16:25:11	17.789	17.477	17.411	17.932	17.548	17.698	415.42	415.34
16:26:11	17.79	17.478	17.452	18.085	17.548	17.697	415.42	415.34
16:27:11	17.789	17.478	17.476	18.169	17.548	17.698	415.42	415.34
16:28:11	17.79	17.477	17.488	18.209	17.548	17.697	415.42	415.34
16:29:11	17.789	17.476	17.493	18.232	17.548	17.699	415.42	415.34
16:30:11	17.79	17.476	17.497	18.243	17.548	17.699	415.42	415.34
16:31:11	17.789	17.477	17.502	18.255	17.549	17.698	415.42	415.34
16:32:11	17.789	17.477	17.505	18.263	17.547	17.699	415.42	415.34
16:33:11	17.789	17.477	17.509	18.261	17.548	17.697	415.42	415.34
16:34:13	17.789	17.475	17.509	18.263	17.547	17.699	415.42	415.34
16:35:11	17.79	17.477	17.505	18.26	17.547	17.699	415.42	415.34
16:36:11	17.79	17.476	17.433	18.2	17.548	17.7	415.42	415.34
16:37:11	17.789	17.476	17.459	18.199	17.548	17.698	415.42	415.34
16:38:11	17.789	17.476	17.478	18.216	17.546	17.698	415.42	415.34
16:39:11	17.789	17.475	17.488	18.228	17.547	17.698	415.42	415.34
16:40:11	17.788	17.474	17.494	18.239	17.546	17.698	415.42	415.34
16:41:11	17.789	17.474	17.5	18.254	17.547	17.697	415.42	415.34
16:42:11	17.789	17.471	17.5	18.263	17.546	17.697	415.42	415.34
16:43:11	17.788	17.473	17.504	18.265	17.546	17.696	415.42	415.34
16:44:11	17.788	17.471	17.507	18.26	17.545	17.696	415.42	415.34
16:45:11	17.788	17.471	17.51	18.262	17.547	17.696	415.42	415.34
16:46:11	17.787	17.471	17.508	18.252	17.545	17.697	415.42	415.34
16:47:11	17.789	17.471	17.505	18.242	17.545	17.696	415.42	415.34
16:48:11	17.786	17.47	17.507	18.252	17.545	17.696	415.42	415.34
16:49:11	17.787	17.471	17.511	18.264	17.545	17.698	415.42	415.34
16:50:11	17.787	17.471	17.514	18.246	17.545	17.697	415.42	415.34
16:51:11	17.787	17.47	17.419	17.791	17.545	17.697	415.42	415.34
16:52:11	17.787	17.47	17.43	17.997	17.546	17.698	415.42	415.34
16:53:11	17.787	17.47	17.461	18.112	17.546	17.697	415.42	415.34
16:54:11	17.787	17.47	17.478	18.169	17.544	17.696	415.42	415.34
16:55:11	17.787	17.47	17.487	18.2	17.545	17.696	415.42	415.34
16:56:11	17.787	17.47	17.494	18.22	17.545	17.695	415.42	415.34
16:57:11	17.786	17.469	17.497	18.231	17.542	17.696	415.42	415.34
16:58:12	17.786	17.467	17.499	18.241	17.543	17.697	415.42	415.34
16:59:11	0.0	17.466	17.501	18.249	17.542	17.695	415.42	415.34
17:00:11	17.787	17.465	17.505	18.259	17.541	17.694	415.42	415.34
17:01:11	17.785	17.465	17.51	18.264	17.541	17.695	415.42	415.34
17:02:11	17.786	17.464	17.452	18.232	17.541	17.696	415.42	415.34
17:03:12	17.786	17.464	17.46	18.208	17.541	17.696	415.42	415.34
17:04:11	0.0	17.465	17.48	18.22	17.542	17.695	415.42	415.34
17:05:11	17.786	17.465	17.491	18.235	17.542	17.696	415.42	415.34
17:06:11	17.785	17.464	17.497	18.239	17.543	17.696	415.42	415.34
17:07:11	17.786	17.464	17.5	18.246	17.541	17.694	415.42	415.34
17:08:11	17.785	17.465	17.504	18.247	17.542	17.696	415.42	415.34
17:09:11	17.786	17.464	17.506	18.251	17.542	17.696	415.42	415.34
17:10:11	17.785	17.464	17.507	18.256	17.543	17.696	415.42	415.34
17:11:11	17.785	17.464	17.51	18.17	17.541	17.695	415.42	415.34
17:12:11	17.785	17.463	17.489	18.166	17.541	17.696	415.42	415.34
17:13:11	17.785	17.464	17.499	18.214	17.542	17.696	415.42	415.34
17:14:11	17.784	17.463	17.506	18.243	17.541	17.695	415.42	415.34
17:15:11	17.785	17.464	17.51	18.252	17.541	17.694	415.42	415.34
17:16:11	17.784	17.464	17.511	18.255	17.541	17.695	415.42	415.34
17:17:11	17.785	17.462	17.418	18.2	17.54	17.695	415.42	415.34
17:18:11	17.784	17.462	17.447	18.189	17.541	17.695	415.42	415.34
17:19:11	17.784	17.462	17.47	18.207	17.542	17.695	415.42	415.34
17:20:11	17.784	17.461	17.482	18.223	17.539	17.693	415.42	415.34
17:21:11	17.784	17.46	17.488	18.236	17.541	17.694	415.42	415.34
17:22:11	17.784	17.46	17.497	18.249	17.539	17.695	415.42	415.34
17:23:11	17.785	17.46	17.505	18.264	17.541	17.695	415.42	415.34
17:24:11	17.783	17.46	17.506	18.269	17.541	17.695	415.42	415.34
17:25:11	17.784	17.46	17.509	18.268	17.538	17.694	415.42	415.34
17:26:11	17.784	17.459	17.502	18.242	17.539	17.693	415.42	415.34
17:27:11	17.782	17.459	17.505	18.244	17.538	17.694	415.42	415.34
17:28:11	17.783	17.458	17.508	18.247	17.538	17.694	415.42	415.34
17:29:11	17.782	17.458	17.509	18.254	17.538	17.695	415.42	415.34
17:30:11	17.783	17.457	17.512	18.26	17.539	17.694	415.42	415.34
17:31:11	17.782	17.459	17.513	18.264	17.54	17.695	415.42	415.34
17:32:11	17.782	17.457	17.442	17.692	17.539	17.694	415.42	415.34
17:33:11	17.783	17.459	17.393	17.854	17.54	17.696	415.42	415.34
17:34:11	17.782	17.459	17.441	18.035	17.541	17.694	415.42	415.34
17:35:11	17.782	17.461	17.467	18.142	17.542	17.695	415.42	415.34
17:36:11	17.782	17.461	17.483	18.198	17.541	17.696	415.42	415.34
17:37:11	17.783	17.461	17.49	18.227	17.541	17.696	415.42	415.34
17:38:11	17.782	17.461	17.496	18.242	17.54	17.695	415.42	415.34
17:39:11	17.782	17.461	17.5	18.25	17.54	17.696	415.42	415.34
17:40:11	17.782	17.459	17.5	18.254	17.539	17.694	415.42	415.34
17:41:12	17.782	17.459	17.501	18.253	17.54	17.695	415.42	415.34
17:42:11	17.782	17.458	17.504	18.252	17.538	17.692	415.42	415.34
17:43:12	17.78	17.456	17.507	18.256	17.538	17.694	415.42	415.34
17:44:11	17.78	17.456	17.505	18.244	17.538	17.695	415.42	415.34
17:45:13	17.782	17.456	17.487	18.239	17.537	17.695	415.42	415.34
17:46:11	17.781	17.456	17.498	18.252	17.538	17.694	415.42	415.34
17:47:11	17.782	17.456	17.504	18.263	17.539	17.695	415.42	415.34
17:48:11	17.781	17.456	17.504	18.253	17.54	17.693	415.42	415.34
17:49:11	17.781	17.456	17.507	18.254	17.538	17.696	415.42	415.34
17:50:11	17.78	17.456	17.507	18.255	17.538	17.694	415.42	415.34
17:51:11	17.78	17.454	17.512	18.264	17.538	17.695	415.42	415.34
17:52:14	17.78	17.455	17.514	18.264	17.538	17.694	415.42	415.34
17:53:11	17.78	17.454	17.512	18.127	17.537	17.695	415.42	415.34
17:54:11	17.78	17.454	17.495	18.167	17.538	17.693	415.42	415.34
17:55:11	17.78	17.455	17.504	18.214	17.537	17.693	415.42	415.34
17:56:11	17.78	17.454	17.508	18.235	17.538	17.693	415.42	415.34
17:57:11	17.78	17.453	17.475	18.217	17.537	17.693	415.42	415.34
17:58:11	17.78	17.453	17.483	18.215	17.537	17.693	415.42	415.34
17:59:11	17.78	17.452	17.493	18.229	17.536	17.694	415.42	415.34
18:00:11	17.779	17.451	17.501	18.241	17.534	17.692	415.42	415.34
18:01:12	17.779	17.452	17.507	18.227	17.536	17.693	415.42	415.34
18:02:11	17.78	17.451	17.484	18.145	17.536	17.693	415.42	415.34
18:03:11	17.779	17.45	17.484	18.186	17.536	17.694	415.42	415.34
18:04:11	17.779	17.451	17.492	18.211	17.537	17.694	415.42	415.34
18:05:11	17.779	17.451	17.499	18.232	17.537	17.693	415.42	415.34
18:06:11	17.778	17.45	17.501	18.243	17.536	17.693	415.42	415.34
18:07:11	17.779	17.45	17.499	18.238	17.536	17.692	415.42	415.34
18:08:11	17.778	17.451	17.501	18.239	17.535	17.692	415.42	415.34
18:09:11	17.778	17.449	17.505	18.244	17.535	17.692	415.42	415.34
18:10:11	17.779	17.45	17.51	18.228	17.536	17.693	415.42	415.34
18:11:11	17.778	17.45	17.454	18.039	17.536	17.693	415.42	415.34
18:12:11	17.778	17.45	17.447	18.111	17.536	17.693	415.42	415.34
18:13:11	17.779	17.451	17.472	18.171	17.538	17.695	415.42	415.34
18:14:11	17.778	17.451	17.486	18.214	17.536	17.694	415.42	415.34
18:15:11	17.778	17.452	17.496	18.238	17.538	17.695	415.42	415.34
18:16:11	17.779	17.451	17.5	18.245	17.537	17.694	415.42	415.34
18:17:11	17.778	17.452	17.503	18.247	17.535	17.694	415.42	415.34
18:18:11	17.779	17.453	17.504	18.251	17.536	17.692	415.42	415.34
18:19:11	17.779	17.451	17.507	18.243	17.536	17.693	415.42	415.34
18:20:11	17.777	17.45	17.484	18.159	17.536	17.693	415.42	415.34
18:21:11	17.777	17.45	17.491	18.201	17.536	17.693	415.42	415.34
18:22:11	17.777	17.45	17.499	18.23	17.535	17.693	415.42	415.34
18:23:11	17.777	17.449	17.507	18.25	17.536	17.694	415.42	415.34
18:24:11	17.777	17.45	17.427	18.225	17.537	17.693	415.42	415.34
18:25:11	17.777	17.449	17.401	18.171	17.536	17.693	415.42	415.34
18:26:11	17.778	17.449	17.442	18.185	17.534	17.692	415.42	415.34
18:27:11	17.778	17.449	17.465	18.205	17.535	17.693	415.42	415.34
18:28:11	17.777	17.448	17.478	18.218	17.534	17.692	415.42	415.34
18:29:11	17.777	17.448	17.486	18.23	17.534	17.693	415.42	415.34
18:30:11	17.776	17.448	17.489	18.233	17.535	17.692	415.42	415.34
18:31:11	17.776	17.448	17.494	18.24	17.536	17.694	415.42	415.34
18:32:11	17.776	17.448	17.497	18.251	17.535	17.693	415.42	415.34
18:33:11	17.776	17.446	17.5	18.256	17.535	17.692	415.42	415.34
18:34:11	17.776	17.447	17.499	18.245	17.534	17.693	415.42	415.34
18:35:11	17.776	17.448	17.487	18.202	17.534	17.693	415.42	415.34
18:36:11	17.775	17.446	17.489	18.213	17.535	17.694	415.42	415.34
18:37:11	17.776	17.446	17.493	18.222	17.535	17.692	415.42	415.34
18:38:14	17.776	17.446	17.496	18.23	17.533	17.693	415.42	415.34
18:39:11	17.776	17.447	17.5	18.237	17.535	17.694	415.42	415.34
18:40:11	17.776	17.445	17.5	18.241	17.534	17.692	415.42	415.34
18:41:11	17.775	17.445	17.501	18.243	17.532	17.692	415.42	415.34
18:42:11	17.775	17.444	17.504	18.246	17.533	17.692	415.42	415.34
18:43:11	17.775	17.443	17.506	18.226	17.532	17.692	415.42	415.34
18:44:11	17.774	17.443	17.41	17.783	17.533	17.691	415.42	415.34
18:45:12	17.775	17.443	17.424	17.996	0.0	17.692	415.42	415.34
18:46:12	17.774	17.443	17.457	18.116	17.534	17.692	415.42	415.34
18:47:12	17.774	17.442	17.474	18.177	17.533	17.691	415.42	415.34
18:48:12	17.775	17.443	17.483	18.206	17.532	17.691	415.42	415.34
18:49:12	17.775	17.443	17.489	18.22	17.534	17.692	415.42	415.34
18:50:12	17.775	17.443	17.495	18.237	17.534	17.692	415.42	415.34
18:51:12	17.774	17.444	17.496	18.242	17.535	17.693	415.42	415.34
18:52:12	17.774	17.444	17.498	18.241	17.535	17.692	415.42	415.34
18:53:12	17.775	17.442	17.499	18.245	17.533	17.692	415.42	415.34
18:54:12	17.774	17.442	17.5	18.249	17.531	17.691	415.42	415.34
18:55:12	17.774	17.443	17.484	18.237	17.532	17.69	415.42	415.34
18:56:12	17.773	17.44	17.488	18.234	17.53	17.691	415.42	415.34
18:57:12	17.773	17.439	17.498	18.241	17.529	17.69	415.42	415.34
18:58:12	17.773	17.438	17.503	18.249	17.53	17.689	415.42	415.34
18:59:12	17.773	17.44	17.497	18.24	17.53	17.69	415.42	415.34
19:00:12	17.774	17.439	17.489	18.215	17.53	17.692	415.42	415.34
19:01:12	17.773	17.439	17.491	18.221	17.532	17.692	415.42	415.34
19:02:14	17.772	17.44	17.495	18.224	17.531	17.69	415.42	415.34
19:03:12	17.773	17.439	17.497	18.229	17.53	17.69	415.42	415.34
19:04:14	17.773	17.439	17.501	18.239	17.528	17.69	415.42	415.34
19:05:12	17.771	17.438	17.505	18.246	17.529	17.69	415.42	415.34
19:06:14	17.772	17.436	17.506	18.25	17.528	17.689	415.42	415.34
19:07:12	17.772	17.436	17.461	17.825	17.528	17.689	415.42	415.34
19:08:12	17.772	17.437	17.407	17.932	17.528	17.691	415.42	415.34
19:09:12	17.772	17.436	17.445	18.072	17.527	17.688	415.42	415.34
19:10:12	17.771	17.435	17.467	18.151	17.528	17.689	415.42	415.34
19:11:13	17.771	17.435	17.48	18.196	17.527	17.69	415.42	415.34
19:12:12	17.772	17.436	17.487	18.222	17.528	17.691	415.42	415.34
19:13:12	17.771	17.436	17.493	18.235	17.528	17.69	415.42	415.34
19:14:12	17.772	17.437	17.498	18.243	17.529	17.69	415.42	415.34
19:15:12	17.77	17.437	17.482	18.223	17.529	17.691	415.42	415.34
19:16:12	17.771	17.437	17.487	18.226	17.53	17.69	415.42	415.34
19:17:12	17.77	17.437	17.491	18.23	17.53	17.691	415.42	415.34
19:18:12	17.771	17.438	17.493	18.233	17.529	17.691	415.42	415.34
19:19:12	17.771	17.437	17.496	18.241	17.529	17.69	415.42	415.34
19:20:12	17.769	17.436	17.482	18.226	17.527	17.69	415.42	415.34
19:21:12	17.769	17.436	17.474	18.19	17.528	17.691	415.42	415.34
19:22:12	17.77	17.435	17.48	18.202	17.527	17.69	415.42	415.34
19:23:12	17.769	17.436	17.486	18.209	17.528	17.69	415.42	415.34
19:24:12	17.769	17.434	17.491	18.22	17.527	17.69	415.42	415.34
19:25:12	17.769	17.434	17.492	18.224	17.527	17.69	415.42	415.34
19:26:12	17.769	17.433	17.494	18.227	17.527	17.69	415.42	415.34
19:27:12	17.769	17.433	17.498	18.233	17.528	17.69	415.42	415.34
19:28:12	17.769	17.434	17.499	18.239	17.529	17.69	415.42	415.34
19:29:12	17.769	17.434	17.5	18.238	17.527	17.689	415.42	415.34
19:30:12	17.769	17.434	17.501	18.24	17.527	17.689	415.42	415.34
19:31:12	17.768	17.434	17.483	18.111	17.526	17.689	415.42	415.34
19:32:12	17.769	17.433	17.485	18.174	17.526	17.689	415.42	415.34
19:33:12	17.769	17.432	17.493	18.207	17.525	17.69	415.42	415.34
19:34:12	17.768	17.432	17.5	18.233	17.526	17.689	415.42	415.34
19:35:12	17.768	17.431	17.475	18.221	17.527	17.689	415.42	415.34
19:36:12	17.767	17.431	17.477	18.192	17.526	17.688	0.0	415.34
19:37:12	17.768	17.431	17.48	18.2	17.526	17.689	415.42	415.34
19:38:12	17.768	17.432	17.487	18.212	17.527	17.69	415.42	415.34
19:39:12	17.768	17.431	17.491	18.222	17.527	17.689	415.42	415.34
19:40:12	17.767	17.432	17.494	18.224	17.526	17.689	415.42	415.34
19:41:12	17.767	17.431	17.498	18.231	17.525	17.688	415.42	415.34
19:42:12	17.768	17.43	17.5	18.235	17.525	17.689	415.42	415.34
19:43:12	17.766	17.431	17.502	18.236	17.525	17.688	415.42	415.34
19:44:12	17.766	17.43	17.503	18.241	17.525	17.689	415.42	415.34
19:45:12	17.766	17.43	17.505	18.175	17.525	17.69	415.42	415.34
19:46:12	17.767	17.429	17.483	18.165	17.525	17.687	415.42	415.34
19:47:12	17.766	17.429	17.491	18.202	17.525	17.689	415.42	415.34
19:48:12	17.765	17.429	17.495	18.218	17.525	17.688	415.42	415.34
19:49:12	17.766	17.428	17.499	18.226	17.524	17.689	415.42	415.34
19:50:12	17.766	17.429	17.502	18.235	17.526	17.688	415.42	415.34
19:51:12	17.766	17.428	17.505	18.234	17.525	17.689	415.42	415.34
19:52:12	17.766	17.428	17.505	18.239	17.524	17.688	415.42	415.34
19:53:12	17.766	17.428	17.508	18.242	17.523	17.688	415.42	415.34
19:54:12	17.765	17.428	17.433	18.197	17.523	17.687	415.42	415.34
19:55:12	17.765	17.427	17.459	18.188	17.524	17.688	415.42	415.34
19:56:12	17.764	17.426	17.476	18.199	17.523	17.686	415.42	415.34
19:57:12	17.765	17.426	17.485	18.215	17.523	17.686	415.42	415.34
19:58:12	17.765	17.426	17.494	18.219	17.523	17.686	415.42	415.34
19:59:12	17.764	17.426	17.497	18.224	17.523	17.687	415.42	415.34
20:00:12	17.764	17.426	17.498	18.232	17.523	17.686	415.42	415.34
20:01:12	17.765	17.426	17.5	18.235	17.524	17.687	415.42	415.34
20:02:12	17.764	17.427	17.499	18.238	17.524	17.689	415.42	415.34
20:03:12	17.765	17.427	17.5	18.239	17.524	17.688	415.42	415.34
20:04:12	17.765	17.427	17.501	18.239	17.525	17.689	415.42	415.34
20:05:12	17.763	17.428	17.504	18.239	17.527	17.69	415.42	415.34
20:06:12	17.764	17.428	17.505	18.239	17.526	17.688	415.42	415.34
20:07:12	17.763	17.427	17.504	18.238	17.524	17.689	415.42	415.34
20:08:12	17.764	17.428	17.499	18.225	17.525	17.688	415.42	415.34
20:09:13	17.763	17.428	17.5	18.234	17.525	17.689	415.42	415.34
20:10:12	0.0	17.429	17.504	18.236	17.525	17.688	415.42	415.34
20:11:12	17.763	17.427	17.506	18.238	17.526	17.689	415.42	415.34
20:12:12	17.763	17.428	17.506	18.207	17.526	17.689	415.42	415.34
20:13:12	17.762	17.427	17.443	18.01	17.525	17.689	415.42	415.34
20:14:12	17.762	17.427	17.464	18.111	17.525	17.69	415.42	415.34
20:15:12	17.762	17.427	17.479	18.168	17.524	17.689	415.42	415.34
20:16:14	17.764	17.426	17.487	18.205	17.526	17.689	415.42	415.34
20:17:12	17.762	17.426	17.493	0.0	17.526	17.688	415.42	415.34
20:18:14	17.763	17.426	17.498	18.235	17.525	17.688	415.42	415.34
20:19:12	17.761	17.426	17.502	18.238	17.523	17.689	415.42	415.34
20:20:12	17.762	17.424	17.491	18.228	17.523	17.688	415.42	415.34
20:21:12	17.763	17.424	17.456	18.191	17.524	17.688	415.42	415.34
20:22:12	17.762	17.424	17.472	18.2	17.525	17.687	415.42	415.34
20:23:12	17.762	17.426	17.483	18.211	17.524	17.689	415.42	415.34
20:24:12	17.763	17.425	17.489	18.223	17.524	17.69	415.42	415.34
20:25:12	17.762	17.426	17.493	18.23	17.526	17.689	415.42	415.34
20:26:12	17.762	17.426	17.497	18.232	17.525	17.689	415.42	415.34
20:27:12	17.762	17.426	17.496	18.234	17.525	17.688	415.42	415.34
20:28:12	17.761	17.426	17.497	18.234	17.525	17.688	0.0	415.34
20:29:12	17.763	17.426	17.498	18.235	17.526	17.69	415.42	415.34
20:30:12	17.761	17.426	17.5	18.237	17.525	17.688	415.42	415.34
20:31:12	17.76	17.426	17.502	18.237	17.526	17.69	415.42	415.34
20:32:12	17.761	17.426	17.505	18.246	17.525	17.689	415.42	415.34
20:33:12	17.762	17.424	17.505	18.243	17.526	17.689	415.42	415.34
20:34:12	17.761	17.427	17.506	18.242	17.525	17.689	415.42	415.34
20:35:12	17.761	17.427	17.505	18.246	17.528	17.689	415.42	415.34
20:36:12	17.761	17.426	17.507	18.239	17.527	17.689	415.42	415.34
20:37:12	17.761	17.427	17.504	18.238	17.527	17.69	415.42	415.34
20:38:12	17.762	0.0	17.501	18.232	17.527	17.691	415.42	415.34
20:39:12	17.762	17.427	17.503	18.235	17.527	17.691	415.42	415.34
20:40:12	17.762	17.427	17.504	18.234	17.526	17.691	415.42	415.34
20:41:12	17.761	17.427	17.506	18.24	17.526	17.691	415.42	415.34
20:42:12	17.761	17.427	17.506	18.237	17.528	17.691	415.42	415.34
20:43:12	17.762	17.427	17.505	18.24	17.527	17.691	415.42	415.34
20:44:12	17.761	17.427	17.508	18.243	17.527	17.691	415.42	415.34
20:45:13	17.761	17.426	17.509	18.247	17.525	17.691	415.42	415.34
20:46:13	17.762	17.427	17.511	18.243	17.526	17.689	415.42	415.34
20:47:13	17.761	17.425	17.51	18.243	17.527	17.69	415.42	415.34
20:48:13	17.762	17.425	17.51	18.238	17.527	17.69	415.42	415.34
20:49:13	17.761	17.426	17.509	18.233	17.525	17.691	415.42	415.34
20:50:13	17.761	17.425	17.508	18.231	17.527	17.69	415.42	415.34
20:51:13	17.761	17.426	17.509	18.237	17.526	17.691	415.42	415.34
20:52:13	17.762	17.426	17.509	18.238	17.526	17.691	415.42	415.34
20:53:13	17.761	17.426	17.51	18.241	17.526	17.69	415.42	415.34
20:54:13	17.76	17.426	17.513	18.247	17.526	17.691	415.42	415.34
20:55:13	17.76	17.424	17.514	18.248	17.527	17.69	415.42	415.34
20:56:13	17.761	17.425	17.514	18.246	17.526	17.691	415.42	415.34
20:57:13	17.762	17.425	17.514	18.245	17.525	17.689	415.42	415.34
20:58:13	17.76	17.426	17.515	18.243	17.526	17.69	415.42	415.34
20:59:13	17.761	17.425	17.514	18.244	17.525	17.691	415.42	415.34
21:00:14	17.761	17.425	17.517	18.247	17.526	17.69	415.42	415.34
21:01:13	17.761	17.424	17.514	18.247	17.524	17.69	415.42	415.34
21:02:13	17.76	17.425	17.512	18.239	17.526	17.69	415.42	415.34
21:03:13	17.76	17.424	17.514	18.238	17.526	17.689	415.42	415.34
21:04:13	17.76	17.424	17.511	18.138	17.526	17.691	415.42	415.34
21:05:13	17.76	17.424	17.493	18.166	17.526	17.692	415.42	415.34
21:06:13	17.759	17.424	17.502	18.202	17.526	17.69	415.42	415.34
21:07:15	17.758	17.423	17.51	18.225	17.527	17.691	415.42	415.34
21:08:13	17.76	17.424	17.512	18.233	17.527	17.69	415.42	415.34
21:09:13	17.76	17.425	17.512	18.241	17.527	17.691	415.42	415.34
21:10:13	17.761	17.425	17.503	18.236	17.527	17.691	415.42	415.34
21:11:13	17.761	17.425	17.497	18.222	17.527	17.69	415.42	415.34
21:12:13	17.76	17.427	17.503	18.228	17.528	17.691	415.42	415.34
21:13:13	17.76	17.426	17.506	18.231	17.526	17.692	415.42	415.34
21:14:13	17.76	17.425	17.508	18.235	17.525	17.689	415.42	415.34
21:15:13	17.76	17.425	17.508	18.233	17.525	17.689	415.42	415.34
21:16:13	17.759	17.425	17.51	18.238	17.525	17.69	415.42	415.34
21:17:13	17.759	17.425	17.511	18.239	17.526	17.691	415.42	415.34
21:18:13	17.76	17.424	17.513	18.239	17.526	17.689	415.42	415.34
21:19:13	17.759	17.424	17.513	18.239	17.525	17.689	415.42	415.34
21:20:13	17.76	17.423	17.511	18.247	17.525	17.69	415.42	415.34
21:21:13	17.759	17.421	17.514	18.25	17.525	17.69	415.42	415.34
21:22:13	17.759	17.422	17.515	18.245	17.526	17.69	415.42	415.34
21:23:13	17.759	17.423	17.518	18.251	17.525	17.689	415.42	415.34
21:24:13	17.76	17.422	17.515	18.249	17.525	17.69	415.42	415.34
21:25:13	17.759	17.422	17.516	18.247	17.526	17.691	415.42	415.34
21:26:13	17.759	17.422	17.514	18.247	17.525	17.691	415.42	415.34
21:27:13	17.758	17.421	17.514	18.247	17.524	17.688	415.42	415.34
21:28:13	17.757	17.421	17.515	18.244	17.525	17.689	415.42	415.34
21:29:13	17.758	17.421	17.516	18.247	17.525	17.688	415.42	415.34
21:30:13	17.758	17.421	17.516	18.25	17.524	17.689	415.42	415.34
21:31:13	17.758	17.42	17.517	18.252	17.525	17.69	415.42	415.34
21:32:13	17.758	17.421	17.518	18.249	17.527	17.69	415.42	415.34
21:33:13	17.758	17.423	17.509	18.237	17.526	17.69	415.42	415.34
21:34:13	17.758	17.422	17.493	18.195	17.525	17.691	415.42	415.34
21:35:13	17.758	17.422	17.494	18.197	17.524	17.69	415.42	415.34
21:36:13	17.759	17.422	17.496	18.201	17.525	17.69	415.42	415.34
21:37:13	17.759	17.422	17.502	18.212	17.526	17.69	415.42	415.34
21:38:13	0.0	17.42	17.504	18.22	17.524	17.689	415.42	415.34
21:39:13	17.758	17.419	17.509	18.231	17.524	17.689	415.42	415.34
21:40:13	17.758	17.421	17.512	18.237	17.524	17.689	415.42	415.34
21:41:14	17.757	17.421	17.513	18.24	17.524	17.689	415.42	415.34
21:42:13	0.0	17.421	17.514	18.244	17.527	17.691	415.42	415.34
21:43:13	17.757	17.423	17.515	18.247	17.528	17.691	415.42	415.34
21:44:13	17.757	17.425	17.515	18.244	17.527	17.691	415.42	415.34
21:45:13	17.759	17.424	17.514	18.244	17.526	17.693	415.42	415.34
21:46:13	17.758	17.425	17.515	18.242	17.526	17.691	415.42	415.34
21:47:13	17.758	17.425	17.516	18.243	17.525	17.69	415.42	415.34
21:48:15	17.757	17.424	17.513	18.24	17.525	17.691	415.42	415.34
21:49:13	17.757	17.426	17.512	18.24	17.525	17.691	415.42	415.34
21:50:13	17.758	17.424	17.514	18.239	17.525	17.69	415.42	415.34
21:51:13	17.758	17.427	17.514	18.239	17.525	17.69	415.42	415.34
21:52:13	17.757	17.425	17.516	18.24	17.526	17.691	415.42	415.34
21:53:13	17.758	17.424	17.514	18.241	17.524	17.691	415.42	415.34
21:54:13	17.758	17.425	17.517	18.245	17.525	17.689	415.42	415.34
21:55:13	17.757	17.424	17.519	18.248	17.525	17.688	415.42	415.34
21:56:13	17.758	17.424	17.517	18.154	17.526	17.69	415.42	415.34
21:57:13	17.757	17.425	17.481	18.167	17.526	17.69	415.42	415.34
21:58:13	17.758	17.425	17.492	18.195	17.526	17.693	415.42	415.34
21:59:13	17.758	17.425	17.501	18.211	17.527	17.691	415.42	415.34
22:00:13	17.758	17.424	17.505	18.22	17.527	17.69	415.42	415.34
22:01:13	17.758	17.425	17.507	18.226	17.525	17.691	415.42	415.34
22:02:13	17.758	17.426	17.509	18.231	17.526	17.693	415.42	415.34
22:03:13	17.759	17.426	17.509	18.227	17.526	17.691	415.42	415.34
22:04:13	17.757	17.426	17.51	18.231	17.525	17.691	415.42	415.34
22:05:13	17.758	17.426	17.511	18.236	17.526	17.691	415.42	415.34
22:06:13	17.758	17.427	17.514	18.238	17.526	17.691	415.42	415.34
22:07:13	17.758	17.425	17.513	18.244	17.527	17.691	415.42	415.34
22:08:13	17.758	17.426	17.516	18.244	17.527	17.692	415.42	415.34
22:09:13	17.757	17.424	17.516	18.242	17.524	17.691	415.42	415.34
22:10:13	17.757	17.423	17.516	18.242	17.526	17.691	415.42	415.34
22:11:13	17.758	17.423	17.519	18.245	17.526	17.69	415.42	415.34
22:12:13	17.757	17.423	17.518	18.249	17.526	17.691	415.42	415.34
22:13:13	17.757	17.423	17.516	18.237	17.527	17.69	415.42	415.34
22:14:14	17.757	17.423	17.516	18.237	17.526	17.692	415.42	415.34
22:15:13	17.757	17.423	17.514	18.241	17.526	17.692	415.42	415.34
22:16:13	17.756	17.423	17.517	18.242	17.526	17.69	415.42	415.34
22:17:13	17.757	17.423	17.517	18.244	17.527	17.691	415.42	415.34
22:18:13	17.756	17.423	17.518	18.247	17.525	17.69	415.42	415.34
22:19:13	17.758	17.423	17.518	18.25	17.527	17.689	415.42	415.34
22:20:13	17.757	17.422	17.517	18.241	17.527	17.691	415.42	415.34
22:21:13	17.756	17.424	17.515	18.243	17.526	17.691	415.42	415.34
22:22:13	17.756	17.423	17.517	18.242	17.527	17.691	415.42	415.34
22:23:13	17.756	17.423	17.517	18.238	17.526	17.693	415.42	415.34
22:24:13	17.757	17.424	17.519	18.244	17.527	17.692	415.42	415.34
22:25:13	17.757	17.424	17.518	18.247	17.526	17.692	415.42	415.34
22:26:13	17.756	17.424	17.52	18.221	17.528	17.691	415.42	415.34
22:27:13	17.758	17.423	17.503	18.15	17.527	17.692	415.42	415.34
22:28:13	17.756	17.421	17.505	18.196	17.527	17.691	415.42	415.34
22:29:13	17.756	17.423	17.509	18.218	17.527	17.69	415.42	415.34
22:30:13	17.757	17.423	17.515	18.234	17.526	17.691	415.42	415.34
22:31:13	17.757	17.423	17.463	18.218	17.527	17.692	415.42	415.34
22:32:13	17.756	17.423	17.442	18.174	17.527	17.692	415.42	415.34
22:33:13	17.756	17.423	17.465	18.185	17.528	17.692	415.42	415.34
22:34:13	17.756	17.423	17.477	18.194	17.527	17.69	415.42	415.34
22:35:13	17.757	17.423	17.486	18.199	17.526	17.691	415.42	415.34
22:36:13	17.756	17.422	17.487	18.208	17.526	17.691	415.42	415.34
22:37:13	17.756	17.424	17.491	18.214	17.526	17.691	415.42	415.34
22:38:13	17.757	17.423	17.492	18.224	17.526	17.69	415.42	415.34
22:39:14	17.756	17.423	17.494	18.225	17.527	17.691	415.42	415.34
22:40:13	17.756	17.423	17.494	18.225	17.526	17.691	415.42	415.34
22:41:13	17.756	17.423	17.498	18.225	17.526	17.689	415.42	415.34
22:42:13	17.755	17.423	17.497	18.228	17.526	17.691	415.42	415.34
22:43:13	17.756	17.423	17.5	18.228	17.526	17.691	415.42	415.34
22:44:13	17.756	17.423	17.5	18.229	17.526	17.69	415.42	415.34
22:45:13	17.756	17.422	17.501	18.231	17.527	17.69	415.42	415.34
22:46:13	17.757	17.423	17.503	18.237	17.526	17.69	415.42	415.34
22:47:13	17.757	17.423	17.505	18.237	17.527	17.69	415.42	415.34
22:48:13	17.757	17.424	17.505	18.236	17.526	17.69	415.42	415.34
22:49:13	17.756	17.423	17.504	18.233	17.526	17.69	415.42	415.34
22:50:13	17.756	17.424	17.501	18.23	17.526	17.69	415.42	415.34
22:51:13	17.757	17.423	17.501	18.228	17.526	17.691	415.42	415.34
22:52:13	17.755	17.422	17.502	18.228	17.525	17.688	415.42	415.34
22:53:13	17.755	17.422	17.505	18.23	17.525	17.69	415.42	415.34
22:54:13	17.756	17.421	17.507	18.239	17.523	17.689	415.42	415.34
22:55:13	17.756	17.42	17.508	18.238	17.525	17.688	415.42	415.34
22:56:13	17.755	17.42	17.508	18.243	17.525	17.689	415.42	415.34
22:57:13	17.755	17.419	17.508	18.241	17.524	17.689	415.42	415.34
22:58:13	17.754	17.419	17.508	18.234	17.524	17.689	415.42	415.34
22:59:13	17.755	17.42	17.512	18.24	17.524	17.689	415.42	415.34
23:00:13	17.755	17.419	17.514	18.245	17.526	17.69	415.42	415.34
23:01:13	17.754	17.419	17.513	18.242	17.526	17.691	415.42	415.34
23:02:13	17.754	17.42	17.513	18.238	17.525	17.691	415.42	415.34
23:03:13	17.755	17.419	17.512	18.236	17.526	17.69	415.42	415.34
23:04:13	17.754	17.421	17.514	18.235	17.526	17.691	415.42	415.34
23:05:13	17.755	17.422	17.512	18.228	17.528	17.692	415.42	415.34
23:06:15	17.755	17.422	17.508	18.221	17.526	17.691	415.42	415.34
23:07:13	17.754	17.423	17.505	18.216	17.526	17.69	415.42	415.34
23:08:13	17.755	17.423	17.501	18.21	17.526	17.691	415.42	415.34
23:09:13	17.755	17.422	17.502	18.203	17.525	17.692	415.42	415.34
23:10:13	17.754	17.423	17.503	18.203	17.527	17.691	415.42	415.34
23:11:13	17.755	17.423	17.5	18.201	17.526	17.691	415.42	415.34
23:12:13	17.755	17.423	17.499	18.194	17.525	17.691	415.42	415.34
23:13:13	17.755	17.424	17.499	18.186	17.526	17.692	415.42	415.34
23:14:13	17.755	17.423	17.497	18.182	17.527	17.691	415.42	415.34
23:15:13	17.754	17.423	17.496	18.177	17.525	17.691	415.42	415.34
23:16:13	17.754	17.422	17.492	18.171	17.526	17.69	415.42	415.34
23:17:13	17.756	17.423	17.488	18.16	17.525	17.69	415.42	415.34
23:18:13	17.755	17.422	17.487	18.155	17.526	17.69	415.42	415.34
23:19:13	17.754	17.421	17.482	18.146	17.525	17.69	415.42	415.34
23:20:14	17.754	17.421	17.478	18.138	17.526	17.69	415.42	415.34
23:21:13	0.0	17.42	17.474	18.131	17.525	17.689	415.42	415.34
23:22:14	17.754	17.421	17.474	18.123	17.526	17.69	415.42	415.34
23:23:13	0.0	17.421	17.476	18.113	17.525	17.69	415.42	415.34
23:24:13	17.754	17.421	17.472	18.105	17.526	17.69	415.42	415.34
23:25:13	17.754	17.421	17.465	18.094	17.527	17.691	415.42	415.34
23:26:13	17.754	17.42	17.464	18.082	17.525	17.689	415.42	415.34
23:27:14	17.754	17.421	17.459	18.072	17.526	17.689	415.42	415.34
23:28:13	0.0	17.42	17.452	18.064	17.525	17.689	415.42	415.34
23:29:13	17.754	17.421	17.454	18.066	17.525	17.69	415.42	415.34
23:30:13	17.754	17.421	17.453	18.062	17.526	17.689	415.42	415.34
23:31:13	17.755	17.421	0.0	18.056	17.527	17.691	415.42	415.34
23:32:13	17.754	17.421	17.451	18.055	17.527	17.691	415.42	415.34
23:33:13	17.754	17.421	17.451	18.053	17.526	17.691	415.42	415.34
23:34:15	17.754	17.422	17.452	18.048	17.525	17.69	415.42	415.34
23:35:13	17.754	17.421	17.446	18.048	17.525	17.69	415.42	415.34
23:36:13	17.753	17.421	17.434	18.044	17.525	17.689	415.42	415.34
23:37:13	17.754	17.42	17.425	18.047	17.526	17.691	415.42	415.34
23:38:13	17.754	17.42	17.421	18.049	17.524	17.69	415.42	415.34
23:39:13	17.754	17.421	17.418	18.048	17.525	17.69	415.42	415.34
23:40:13	17.754	17.421	17.416	18.047	17.526	17.69	415.42	415.34
23:41:13	17.754	17.42	17.416	18.044	17.526	17.691	415.42	415.34
23:42:13	17.755	17.421	17.416	18.044	17.527	17.691	415.42	415.34
23:43:13	17.754	17.42	17.413	18.047	17.526	17.691	415.42	415.34
23:44:13	17.754	17.42	17.412	18.056	17.525	17.69	415.42	415.34
23:45:13	17.753	17.421	17.413	18.083	17.524	17.69	415.42	415.34
23:46:13	17.755	17.42	17.42	18.121	17.526	17.69	415.42	415.34
23:47:13	17.754	17.421	17.425	18.176	17.525	17.69	415.42	415.34
23:48:13	17.755	17.421	17.431	18.236	17.525	17.691	415.42	415.34
23:49:13	17.753	17.421	17.442	18.328	17.526	17.691	415.42	415.34
23:50:13	17.753	17.422	17.452	18.394	17.526	17.691	415.42	415.34
23:51:13	17.753	17.421	17.47	18.38	17.525	17.691	415.42	415.34
23:52:13	17.754	17.423	17.488	18.317	17.525	17.692	415.42	415.34
23:53:13	17.754	17.422	17.489	18.261	17.525	17.69	415.42	415.34
23:54:13	17.754	17.422	17.49	18.197	17.525	17.691	415.42	415.34
23:55:13	17.753	17.423	17.492	18.166	17.525	17.691	415.42	415.34
23:56:13	17.754	17.422	17.486	18.358	17.525	17.691	415.42	415.34
23:57:13	17.753	17.421	17.468	18.334	17.525	17.689	415.42	415.34
23:58:13	17.754	17.421	17.461	18.294	17.523	17.691	415.42	415.34
23:59:13	17.754	17.423	17.456	18.25	17.524	17.69	415.42	415.34
