00:00:45	16.528	16.098	15.935	16.792	16.943	17.143	415.42	415.34
00:01:45	16.528	16.097	16.008	16.925	16.942	17.135	415.42	415.34
00:02:45	16.527	16.097	16.045	17.009	16.942	17.138	415.42	415.34
00:03:45	16.528	16.096	16.084	17.06	16.939	17.139	415.42	415.34
00:04:45	16.528	16.095	16.119	17.094	16.938	17.133	415.42	415.34
00:05:46	16.528	16.095	16.144	17.013	16.94	17.141	415.42	415.34
00:06:45	16.527	16.095	15.909	16.511	16.943	17.139	415.42	415.34
00:07:45	16.526	16.095	15.733	16.094	16.942	17.143	415.42	415.34
00:08:47	16.526	16.094	15.663	16.202	16.945	17.141	415.42	415.34
00:09:45	16.527	16.095	15.76	16.464	16.944	17.14	415.42	415.34
00:10:47	16.527	16.096	15.88	16.695	16.943	17.138	415.42	415.34
00:11:45	16.527	16.095	15.964	16.853	16.938	17.148	415.42	415.34
00:12:45	16.528	16.096	16.028	16.954	16.937	17.147	415.42	415.34
00:13:45	16.526	16.095	16.07	17.019	16.944	17.143	415.42	415.34
00:14:45	16.528	16.095	16.103	17.06	16.938	17.144	415.42	415.34
00:15:45	16.526	16.095	16.128	17.03	16.939	17.143	415.42	415.34
00:16:45	16.526	16.095	15.889	16.464	16.943	17.144	415.42	415.34
00:17:45	16.526	16.095	15.681	15.949	16.941	17.139	415.42	415.34
00:18:45	16.525	16.095	15.606	16.132	16.944	17.142	415.42	415.34
00:19:45	16.524	16.094	15.744	16.43	16.942	17.139	415.42	415.34
00:20:45	16.522	16.094	15.868	16.657	16.943	17.142	415.42	415.34
00:21:45	16.522	16.094	15.965	16.83	16.941	17.137	415.42	415.34
00:22:45	16.522	16.094	16.02	16.951	16.939	17.139	415.42	415.34
00:23:45	16.521	16.093	16.063	17.016	16.942	17.139	415.42	415.34
00:24:45	16.52	16.093	16.094	17.059	16.945	17.144	415.42	415.34
00:25:45	16.521	16.093	16.12	17.088	16.936	17.143	415.42	415.34
00:26:45	16.52	16.094	16.03	16.98	16.944	17.138	415.42	415.34
00:27:45	16.521	16.095	15.798	16.45	16.946	17.141	415.42	415.34
00:28:47	16.52	16.094	15.704	16.403	16.949	17.14	415.42	415.34
00:29:45	16.52	16.094	15.701	16.536	16.948	17.145	415.42	415.34
00:30:45	16.522	16.095	15.776	16.63	16.944	17.144	415.42	415.34
00:31:45	16.522	16.095	15.859	16.753	16.944	17.148	415.42	415.34
00:32:45	16.523	16.095	15.937	16.87	16.948	17.14	415.42	415.34
00:33:45	16.523	16.095	16.001	16.957	16.946	17.141	415.42	415.34
00:34:45	16.522	16.096	16.047	17.017	16.941	17.144	415.42	415.34
00:35:45	16.522	16.096	16.084	17.056	16.94	17.139	415.42	415.34
00:36:45	16.522	16.096	16.113	17.083	16.942	17.139	415.42	415.34
00:37:45	16.523	16.095	16.029	16.977	16.944	17.142	415.42	415.34
00:38:45	16.524	16.096	15.805	16.501	16.942	17.145	415.42	415.34
00:39:45	16.525	16.097	15.715	16.477	16.946	17.144	415.42	415.34
00:40:45	16.525	16.097	15.794	16.624	16.944	17.144	415.42	415.34
00:41:45	16.525	16.096	15.897	16.777	16.945	17.148	415.42	415.34
00:42:45	16.525	16.095	15.988	16.898	16.941	17.145	415.42	415.34
00:43:45	16.524	16.095	16.044	16.988	16.942	17.14	415.42	415.34
00:44:45	16.524	16.095	16.083	17.04	16.939	17.141	415.42	415.34
00:45:45	16.525	16.095	16.116	17.075	16.939	17.139	415.42	415.34
00:46:46	16.524	16.093	16.137	17.02	16.946	17.14	415.42	415.34
00:47:45	0.0	16.096	15.921	16.568	16.942	17.142	415.42	415.34
00:48:45	16.523	16.096	15.728	16.213	16.938	17.141	415.42	415.34
00:49:45	16.522	16.096	15.686	16.253	16.939	17.139	415.42	415.34
00:50:45	16.524	16.095	15.782	16.505	16.94	17.141	415.42	415.34
00:51:45	16.524	16.096	15.9	16.711	16.942	17.137	415.42	415.34
00:52:45	16.522	16.097	15.988	16.879	16.948	17.141	415.42	415.34
00:53:46	16.522	16.097	16.043	16.975	16.94	17.15	415.42	415.34
00:54:45	16.522	16.098	16.087	17.034	16.939	17.152	415.42	415.34
00:55:45	16.522	16.098	16.118	17.068	16.939	17.141	415.42	415.34
00:56:45	16.523	16.097	16.142	17.019	16.948	17.142	415.42	415.34
00:57:45	16.524	16.098	15.939	16.594	16.945	17.144	415.42	415.34
00:58:45	16.525	16.098	15.762	16.244	16.947	17.148	415.42	415.34
00:59:45	16.524	16.097	15.718	16.315	16.943	17.144	415.42	415.34
01:00:45	16.524	16.096	15.824	16.532	16.941	17.14	415.42	415.34
01:01:45	16.522	16.095	15.911	16.741	16.943	17.143	415.42	415.34
01:02:45	16.521	16.097	15.987	16.874	16.942	17.138	415.42	415.34
01:03:45	16.523	16.094	16.037	16.962	16.938	17.141	415.42	415.34
01:04:45	16.521	16.095	16.083	17.02	16.943	17.14	415.42	415.34
01:05:45	16.52	16.093	16.117	17.058	16.94	17.139	415.42	415.34
01:06:45	16.521	16.092	16.145	17.007	16.942	17.138	415.42	415.34
01:07:45	16.522	16.093	15.902	16.43	16.947	17.139	415.42	415.34
01:08:45	16.521	16.093	15.692	15.902	16.947	17.14	415.42	415.34
01:09:45	16.522	16.093	15.642	16.016	16.948	17.141	415.42	415.34
01:10:45	16.523	16.093	15.758	16.367	16.948	17.138	415.42	415.34
01:11:45	16.522	16.094	15.875	16.631	16.947	17.142	415.42	415.34
01:12:45	16.52	16.094	15.964	16.814	16.944	17.141	415.42	415.34
01:13:45	16.521	16.095	16.026	16.944	16.946	17.138	415.42	415.34
01:14:45	16.521	16.094	16.06	17.009	16.948	17.142	415.42	415.34
01:15:45	16.521	16.094	16.093	17.053	16.947	17.141	415.42	415.34
01:16:45	16.521	16.093	16.121	17.088	16.945	17.14	415.42	415.34
01:17:45	16.521	16.093	16.005	16.972	16.946	17.138	415.42	415.34
01:18:45	16.522	16.094	15.798	16.378	16.946	17.142	415.42	415.34
01:19:45	16.522	16.094	15.703	16.352	16.942	17.142	415.42	415.34
01:20:45	16.522	16.095	15.822	16.563	16.94	17.142	415.42	415.34
01:21:45	16.523	16.094	15.923	16.759	16.945	17.141	415.42	415.34
01:22:45	16.523	16.092	16.012	16.903	16.944	17.146	415.42	415.34
01:23:45	16.524	16.093	16.07	16.995	16.94	17.149	415.42	415.34
01:24:45	16.524	16.093	16.107	17.048	16.945	17.145	415.42	415.34
01:25:45	16.524	16.094	16.139	17.03	16.946	17.145	415.42	415.34
01:26:45	16.525	16.093	16.022	16.531	16.943	17.149	415.42	415.34
01:27:45	16.524	16.091	15.818	16.216	16.948	17.144	415.42	415.34
01:28:45	16.523	16.093	15.715	16.302	16.947	17.146	415.42	415.34
01:29:45	16.523	16.093	15.716	16.511	16.943	17.135	415.42	415.34
01:30:45	16.522	16.092	15.806	16.65	16.941	17.139	415.42	415.34
01:31:45	16.522	16.094	15.892	16.794	16.946	17.136	415.42	415.34
01:32:45	16.519	16.094	15.974	16.914	16.95	17.136	415.42	415.34
01:33:45	16.52	16.094	16.039	16.991	16.947	17.153	415.42	415.34
01:34:45	16.52	16.095	16.082	17.044	16.948	17.149	415.42	415.34
01:35:45	16.521	16.096	16.115	17.078	16.948	17.142	415.42	415.34
01:36:45	16.522	16.096	16.143	17.049	16.949	17.143	415.42	415.34
01:37:45	16.522	16.097	15.924	16.531	16.945	17.139	415.42	415.34
01:38:45	16.524	16.096	15.733	16.006	16.942	17.147	415.42	415.34
01:39:47	16.523	16.096	15.667	16.131	16.941	17.137	415.42	415.34
01:40:45	16.521	16.096	15.778	16.422	16.948	17.148	415.42	415.34
01:41:45	16.523	16.098	15.878	16.672	16.946	17.136	415.42	415.34
01:42:45	16.52	16.097	15.971	16.846	16.947	17.139	415.42	415.34
01:43:45	16.52	16.098	16.029	16.956	16.949	17.148	415.42	415.34
01:44:45	16.52	16.099	16.08	17.018	16.944	17.141	415.42	415.34
01:45:45	16.52	16.1	16.112	17.068	16.944	17.141	415.42	415.34
01:46:45	16.521	16.1	16.133	17.042	16.94	17.131	415.42	415.34
01:47:45	16.522	16.099	15.908	16.567	16.945	17.14	415.42	415.34
01:48:45	16.522	16.101	15.731	16.14	16.949	17.139	415.42	415.34
01:49:45	16.521	16.1	15.655	16.234	16.946	17.14	415.42	415.34
01:50:45	16.521	16.098	15.746	16.464	16.947	17.142	415.42	415.34
01:51:45	16.522	16.1	15.88	16.694	16.95	17.152	415.42	415.34
01:52:46	16.522	16.101	15.969	16.861	16.948	17.139	415.42	415.34
01:53:45	16.523	16.101	16.028	16.965	16.942	17.146	415.42	415.34
01:54:45	16.522	16.101	16.068	17.023	16.949	17.143	415.42	415.34
01:55:45	16.522	16.1	16.097	17.061	16.952	17.136	415.42	415.34
01:56:46	16.524	16.102	16.123	17.089	16.948	17.14	415.42	415.34
01:57:45	0.0	16.103	16.017	16.985	16.948	17.143	415.42	415.34
01:58:45	16.524	16.104	15.794	16.428	16.948	17.142	415.42	415.34
01:59:45	16.524	16.105	15.678	16.433	16.941	17.143	415.42	415.34
02:00:45	16.524	16.104	15.779	16.583	16.952	17.146	415.42	415.34
02:01:45	16.523	16.104	15.9	16.756	16.954	17.138	415.42	415.34
02:02:45	16.523	16.104	15.982	16.898	16.948	17.142	415.42	415.34
02:03:45	16.524	16.104	16.041	16.989	16.95	17.144	415.42	415.34
02:04:45	16.524	16.105	16.087	17.041	16.943	17.14	415.42	415.34
02:05:45	16.522	16.106	16.123	17.076	16.942	17.133	415.42	415.34
02:06:45	16.522	16.108	16.145	17.033	16.943	17.138	415.42	415.34
02:07:45	16.523	16.107	15.91	16.513	16.947	17.139	415.42	415.34
02:08:45	16.525	16.107	15.693	15.961	16.955	17.142	415.42	415.34
02:09:45	16.524	16.108	15.59	16.029	16.951	17.148	415.42	415.34
02:10:45	16.524	16.108	15.737	16.353	16.947	17.143	415.42	415.34
02:11:45	16.524	16.109	15.882	16.624	16.952	17.152	415.42	415.34
02:12:45	16.524	16.107	15.974	16.829	16.945	17.141	415.42	415.34
02:13:45	16.524	16.109	16.039	16.947	16.948	17.139	415.42	415.34
02:14:45	16.524	16.109	16.072	17.01	16.949	0.0	415.42	415.34
02:15:45	16.524	16.109	16.104	17.053	16.955	17.15	415.42	415.34
02:16:45	16.524	16.11	16.128	17.035	16.954	17.158	415.42	415.34
02:17:45	16.524	16.11	15.902	16.519	16.953	17.148	415.42	415.34
02:18:45	16.524	16.11	15.718	16.093	16.954	17.145	415.42	415.34
02:19:45	16.522	16.108	15.772	16.276	16.955	17.143	415.42	415.34
02:20:45	16.522	16.108	15.914	16.618	16.955	17.143	415.42	415.34
02:21:45	16.523	16.108	15.992	16.825	16.954	17.144	415.42	415.34
02:22:46	16.524	16.108	16.046	16.95	16.949	17.143	415.42	415.34
02:23:45	0.0	16.108	16.086	17.014	16.951	17.136	415.42	415.34
02:24:45	16.524	16.106	16.121	17.062	16.943	17.138	415.42	415.34
02:25:45	16.522	16.106	16.146	17.035	16.942	17.138	415.42	415.34
02:26:45	16.522	16.104	15.93	16.654	16.939	17.136	415.42	415.34
02:27:46	16.524	16.103	15.8	16.402	16.952	17.144	415.42	415.34
02:28:45	16.522	16.103	15.802	16.5	16.942	17.148	415.42	415.34
02:29:45	16.524	16.104	15.733	16.558	16.945	17.141	415.42	415.34
02:30:45	16.523	16.104	15.787	16.623	16.954	17.14	415.42	415.34
02:31:45	16.523	16.104	15.881	16.77	16.954	17.147	415.42	415.34
02:32:45	16.524	16.106	15.962	16.892	16.955	17.153	415.42	415.34
02:33:45	16.523	16.106	16.022	16.972	16.956	17.141	415.42	415.34
02:34:45	16.525	16.106	16.067	17.03	16.958	17.143	415.42	415.34
02:35:45	16.525	16.106	16.104	17.069	16.952	17.142	415.42	415.34
02:36:45	16.524	16.107	16.131	17.097	16.946	17.141	415.42	415.34
02:37:45	16.524	16.105	15.976	16.959	16.942	17.134	415.42	415.34
02:38:45	16.523	16.104	15.778	16.484	16.939	17.142	415.42	415.34
02:39:45	16.524	16.105	15.766	16.461	16.939	17.143	415.42	415.34
02:40:45	16.524	16.104	15.723	16.595	16.947	17.147	415.42	415.34
02:41:45	16.524	16.103	15.853	16.715	16.948	17.142	415.42	415.34
02:42:45	16.523	16.103	15.952	16.86	16.949	17.152	415.42	415.34
02:43:45	16.522	16.103	16.018	16.96	16.952	17.149	415.42	415.34
02:44:45	16.523	16.102	16.064	17.021	16.948	17.151	415.42	415.34
02:45:45	16.523	16.102	16.1	17.06	16.947	17.142	415.42	415.34
02:46:45	16.522	16.103	16.128	17.014	16.95	17.151	415.42	415.34
02:47:45	16.524	16.102	16.0	16.541	16.942	17.143	415.42	415.34
02:48:45	16.524	16.103	15.825	16.323	16.941	17.145	415.42	415.34
02:49:45	16.524	16.103	15.78	16.383	16.944	17.141	415.42	415.34
02:50:45	16.525	16.102	15.787	16.515	16.946	17.154	415.42	415.34
02:51:45	16.526	16.105	15.855	16.695	16.95	17.142	415.42	415.34
02:52:45	16.526	16.105	15.806	16.767	16.95	17.15	415.42	415.34
02:53:45	16.528	16.104	15.729	16.739	16.951	17.147	415.42	415.34
02:54:45	16.528	16.105	15.724	16.72	16.945	17.147	415.42	415.34
02:55:45	16.527	16.105	15.825	16.791	16.947	17.137	415.42	415.34
02:56:45	16.527	16.105	15.922	16.887	16.952	17.141	415.42	415.34
02:57:45	16.528	16.107	15.975	16.957	16.952	17.144	415.42	415.34
02:58:45	16.526	16.108	16.024	17.009	16.951	17.144	415.42	415.34
02:59:45	16.525	16.107	16.062	17.043	16.945	17.146	415.42	415.34
03:00:45	16.527	16.107	16.091	17.071	16.945	17.135	415.42	415.34
03:01:45	16.527	16.108	15.996	16.946	16.949	17.147	415.42	415.34
03:02:45	16.527	16.108	15.739	16.365	16.946	17.148	415.42	415.34
03:03:45	16.525	16.109	15.652	16.337	16.951	17.138	415.42	415.34
03:04:45	16.526	16.11	15.729	16.518	16.949	17.143	415.42	415.34
03:05:45	16.525	16.11	15.84	16.712	16.949	17.15	415.42	415.34
03:06:46	16.524	16.11	15.939	16.855	16.949	17.143	415.42	415.34
03:07:45	0.0	16.11	16.001	16.95	16.953	17.147	415.42	415.34
03:08:46	16.526	16.109	16.048	17.017	16.948	17.143	415.42	415.34
03:09:45	0.0	16.11	16.072	17.061	16.948	17.146	415.42	415.34
03:10:45	16.524	16.11	16.105	17.086	16.948	17.142	415.42	415.34
03:11:45	16.525	16.109	16.017	16.938	16.952	17.136	415.42	415.34
03:12:45	16.525	16.108	15.798	16.407	16.953	17.136	415.42	415.34
03:13:45	16.525	16.108	15.722	16.443	16.952	17.139	415.42	415.34
03:14:45	16.527	16.107	15.721	16.582	16.951	17.151	415.42	415.34
03:15:45	16.526	16.107	15.76	16.661	16.947	17.145	415.42	415.34
03:16:45	16.526	16.108	15.862	16.77	16.948	17.147	415.42	415.34
03:17:45	16.526	16.109	15.953	16.891	16.946	17.141	415.42	415.34
03:18:45	16.526	16.107	16.012	16.975	16.953	17.14	415.42	415.34
03:19:47	16.525	16.108	16.046	17.03	16.954	17.144	415.42	415.34
03:20:45	16.525	16.109	16.081	17.062	16.956	17.146	415.42	415.34
03:21:45	16.525	16.108	16.109	17.083	16.952	17.15	415.42	415.34
03:22:45	16.526	16.109	16.001	17.004	16.954	17.147	415.42	415.34
03:23:45	16.525	16.109	15.841	16.621	16.955	17.143	415.42	415.34
03:24:45	16.525	16.107	15.788	16.516	16.944	17.143	415.42	415.34
03:25:45	16.526	16.107	15.803	16.657	16.947	17.138	415.42	415.34
03:26:45	16.525	16.107	15.739	16.726	16.942	17.148	415.42	415.34
03:27:45	16.526	16.108	15.707	16.699	16.945	17.149	415.42	415.34
03:28:45	16.526	16.109	15.8	16.714	16.945	17.141	415.42	415.34
03:29:45	16.526	16.109	15.903	16.823	16.952	17.146	415.42	415.34
03:30:45	16.527	16.11	15.977	16.92	16.948	17.145	415.42	415.34
03:31:46	16.526	16.11	16.02	16.991	16.952	17.144	415.42	415.34
03:32:45	16.525	16.109	16.06	17.031	16.947	17.153	415.42	415.34
03:33:45	16.525	16.108	16.094	17.064	16.944	17.15	415.42	415.34
03:34:45	16.527	16.109	16.118	17.03	16.941	17.151	415.42	415.34
03:35:45	16.526	16.109	15.942	16.604	16.948	17.144	415.42	415.34
03:36:45	16.525	16.108	15.777	16.307	16.942	17.14	415.42	415.34
03:37:45	16.526	16.108	15.706	16.364	16.941	17.135	415.42	415.34
03:38:45	16.525	16.107	15.786	16.548	16.948	17.137	415.42	415.34
03:39:45	16.525	16.108	15.891	16.728	16.943	17.139	415.42	415.34
03:40:47	16.525	16.108	15.977	16.88	16.944	17.138	415.42	415.34
03:41:45	16.525	16.108	16.03	16.973	16.946	17.146	415.42	415.34
03:42:45	16.526	16.106	16.071	17.03	16.947	17.144	415.42	415.34
03:43:45	16.525	16.107	16.11	17.067	16.943	17.146	415.42	415.34
03:44:45	16.526	16.108	16.132	17.056	16.948	17.145	415.42	415.34
03:45:45	16.526	16.107	15.886	16.398	16.953	17.146	415.42	415.34
03:46:45	16.525	16.107	15.688	15.827	16.951	17.142	415.42	415.34
03:47:45	16.526	16.107	15.737	16.028	16.946	17.144	415.42	415.34
03:48:45	16.526	16.108	15.858	16.46	16.949	17.139	415.42	415.34
03:49:45	16.526	16.107	15.968	16.726	16.952	17.139	415.42	415.34
03:50:45	16.524	16.107	16.024	16.877	16.945	17.14	415.42	415.34
03:51:45	16.525	16.107	16.064	16.973	16.942	17.139	415.42	415.34
03:52:45	16.525	16.106	16.097	17.029	16.944	17.14	415.42	415.34
03:53:45	16.526	16.108	16.129	17.065	16.949	17.141	415.42	415.34
03:54:45	16.526	16.106	16.029	16.965	16.948	17.148	415.42	415.34
03:55:45	16.526	16.107	15.835	16.554	16.945	17.143	415.42	415.34
03:56:45	16.525	16.107	15.784	16.56	16.949	17.143	415.42	415.34
03:57:45	16.525	16.107	15.727	16.642	16.949	17.141	415.42	415.34
03:58:45	16.525	16.108	15.695	16.66	16.949	17.149	415.42	415.34
03:59:45	16.525	16.108	15.753	16.661	16.948	17.136	415.42	415.34
04:00:46	16.526	16.108	15.809	16.734	16.95	17.14	415.42	415.34
04:01:45	0.0	16.106	15.902	16.831	16.948	17.145	415.42	415.34
04:02:45	16.526	16.106	15.975	16.926	16.95	17.141	415.42	415.34
04:03:45	16.526	16.105	16.019	16.991	16.949	17.138	415.42	415.34
04:04:45	16.526	16.107	16.061	17.034	16.948	17.142	415.42	415.34
04:05:45	16.526	16.108	16.087	17.069	16.947	17.139	415.42	415.34
04:06:45	16.526	16.11	15.94	16.964	16.947	17.14	415.42	415.34
04:07:45	16.526	16.11	15.774	16.505	16.947	17.138	415.42	415.34
04:08:45	16.525	16.111	15.675	16.46	16.951	17.143	415.42	415.34
04:09:45	16.525	16.11	15.763	16.593	16.954	17.142	415.42	415.34
04:10:45	16.525	16.109	15.865	16.73	16.945	17.142	415.42	415.34
04:11:45	16.527	16.111	15.952	16.867	16.949	17.147	415.42	415.34
04:12:48	16.526	16.11	16.015	16.971	16.95	17.147	415.42	415.34
04:13:45	16.526	16.11	16.063	17.02	16.949	17.143	415.42	415.34
04:14:45	16.526	16.11	16.088	17.058	16.949	17.139	415.42	415.34
04:15:45	16.526	16.11	16.114	17.016	16.947	17.146	415.42	415.34
04:16:45	16.526	16.109	15.908	16.471	16.954	17.144	415.42	415.34
04:17:45	16.526	16.108	15.696	16.035	16.948	17.15	415.42	415.34
04:18:45	16.526	16.107	15.593	16.062	16.949	17.142	415.42	415.34
04:19:45	16.526	16.107	15.676	16.322	16.947	17.141	415.42	415.34
04:20:45	16.526	16.106	15.799	16.585	16.944	17.146	415.42	415.34
04:21:45	16.526	16.106	15.893	16.783	16.949	17.141	415.42	415.34
04:22:45	16.525	16.106	15.968	16.91	16.946	17.137	415.42	415.34
04:23:45	16.526	16.105	16.014	16.985	16.947	17.14	415.42	415.34
04:24:45	16.527	16.105	16.047	17.034	16.948	17.141	415.42	415.34
04:25:45	16.526	16.106	16.083	17.07	16.946	17.138	415.42	415.34
04:26:45	16.526	16.108	15.968	17.029	16.948	17.14	415.42	415.34
04:27:45	16.525	16.106	15.909	16.934	16.947	17.141	415.42	415.34
04:28:45	16.526	16.105	15.813	16.857	16.948	17.146	415.42	415.34
04:29:45	16.526	16.105	15.725	16.769	16.944	17.148	415.42	415.34
04:30:45	16.527	16.104	15.753	16.715	16.942	17.139	415.42	415.34
04:31:45	16.525	16.104	15.829	16.778	16.942	17.138	415.42	415.34
04:32:45	16.525	16.105	15.924	16.866	16.941	17.15	415.42	415.34
04:33:45	16.527	16.105	15.992	16.946	16.948	17.145	415.42	415.34
04:34:45	16.525	16.106	16.043	17.008	16.947	17.14	415.42	415.34
04:35:45	16.525	16.106	16.082	17.05	16.947	17.146	415.42	415.34
04:36:45	16.525	16.106	16.11	17.079	16.948	17.144	415.42	415.34
04:37:45	16.526	16.106	15.993	16.981	16.948	17.148	415.42	415.34
04:38:45	16.525	16.106	15.824	16.523	16.944	17.142	415.42	415.34
04:39:45	16.525	16.106	15.756	16.495	16.939	17.145	415.42	415.34
04:40:45	16.525	16.106	15.828	16.637	16.947	17.138	415.42	415.34
04:41:45	16.526	16.105	15.934	16.793	16.942	17.138	415.42	415.34
04:42:45	16.525	16.106	16.01	16.917	16.945	17.139	415.42	415.34
04:43:45	16.527	16.107	16.055	16.999	16.944	17.142	415.42	415.34
04:44:45	16.527	16.106	16.088	17.044	16.949	17.142	415.42	415.34
04:45:45	16.526	16.106	16.123	17.078	16.942	17.14	415.42	415.34
04:46:45	16.526	16.105	16.141	16.996	16.939	17.137	415.42	415.34
04:47:45	16.527	16.105	15.888	16.493	16.942	17.138	415.42	415.34
04:48:45	16.527	16.106	15.708	16.191	16.947	17.137	415.42	415.34
04:49:45	16.526	16.105	15.682	16.232	16.948	17.139	415.42	415.34
04:50:45	16.525	16.105	15.765	16.408	16.945	17.145	415.42	415.34
04:51:45	16.526	16.104	15.847	16.627	16.949	17.144	415.42	415.34
04:52:45	16.526	16.105	15.939	16.804	16.945	17.146	415.42	415.34
04:53:45	16.525	16.105	16.0	16.92	16.941	17.141	415.42	415.34
04:54:45	16.527	16.104	16.051	16.998	16.943	17.14	415.42	415.34
04:55:45	16.525	16.103	16.084	17.043	16.949	17.14	415.42	415.34
04:56:45	16.525	16.102	16.109	17.064	16.949	17.139	415.42	415.34
04:57:45	16.525	16.102	15.999	16.909	16.946	17.14	415.42	415.34
04:58:45	16.525	16.102	15.793	16.382	16.943	17.146	415.42	415.34
04:59:45	16.527	16.102	15.732	16.392	16.937	17.143	415.42	415.34
05:00:45	16.527	16.103	15.661	16.493	16.94	17.137	415.42	415.34
05:01:45	16.528	16.101	15.747	16.588	16.934	17.137	415.42	415.34
05:02:45	16.528	16.102	15.814	16.717	16.939	17.136	415.42	415.34
05:03:45	16.529	16.101	15.888	16.832	16.944	17.139	415.42	415.34
05:04:45	16.529	16.101	15.946	16.914	16.942	17.137	415.42	415.34
05:05:45	16.529	16.101	15.994	16.978	16.944	17.137	415.42	415.34
05:06:45	16.53	16.101	16.04	17.03	16.938	17.14	415.42	415.34
05:07:45	16.528	16.101	16.069	17.059	16.944	17.14	415.42	415.34
05:08:45	16.528	16.101	15.948	17.0	16.948	17.138	415.42	415.34
05:09:45	16.528	16.102	15.89	16.94	16.947	17.146	415.42	415.34
05:10:46	16.527	16.103	15.828	16.863	16.947	17.142	415.42	415.34
05:11:45	16.526	16.102	15.752	16.797	16.952	17.137	415.42	415.34
05:12:47	16.526	16.102	15.813	16.778	16.948	17.14	415.42	415.34
05:13:45	16.525	16.102	15.864	16.836	16.949	17.141	415.42	415.34
05:14:45	16.526	16.102	15.939	16.913	16.946	17.136	415.42	415.34
05:15:45	16.526	16.103	16.006	16.979	16.954	17.139	415.42	415.34
05:16:45	16.527	16.103	16.056	17.037	16.946	17.141	415.42	415.34
05:17:45	16.528	16.103	16.092	17.074	16.942	17.142	415.42	415.34
05:18:47	16.529	16.103	16.12	17.111	16.944	17.137	415.42	415.34
05:19:45	16.528	16.103	16.002	17.035	16.945	17.14	415.42	415.34
05:20:45	16.529	16.101	15.816	16.406	16.951	17.138	415.42	415.34
05:21:47	16.529	16.103	15.697	16.422	16.949	17.141	415.42	415.34
05:22:45	16.53	16.103	15.776	16.577	16.948	17.142	415.42	415.34
05:23:48	16.528	16.103	15.896	16.762	16.949	17.144	415.42	415.34
05:24:45	16.528	16.103	15.981	16.901	16.951	17.141	415.42	415.34
05:25:45	16.526	16.102	16.047	16.996	16.947	17.136	415.42	415.34
05:26:45	16.526	16.102	16.085	17.043	16.941	17.144	415.42	415.34
05:27:45	16.526	16.102	16.115	17.087	16.94	17.138	415.42	415.34
05:28:45	16.524	16.102	16.144	17.062	16.94	17.139	415.42	415.34
05:29:45	16.524	16.101	15.917	16.491	16.943	17.137	415.42	415.34
05:30:45	16.524	16.101	15.72	16.068	16.94	17.14	415.42	415.34
05:31:45	16.525	16.1	15.668	16.201	16.94	17.139	415.42	415.34
05:32:45	16.523	16.099	15.773	16.481	16.946	17.137	415.42	415.34
05:33:45	16.524	16.098	15.862	16.693	16.947	17.137	415.42	415.34
05:34:45	16.525	16.098	15.957	16.848	16.948	17.139	415.42	415.34
05:35:45	16.525	16.097	16.024	16.954	16.945	17.142	415.42	415.34
05:36:45	16.525	16.098	16.067	17.024	16.938	17.135	415.42	415.34
05:37:45	16.524	16.097	16.105	17.069	16.943	17.144	415.42	415.34
05:38:45	16.524	16.097	16.131	17.097	16.943	17.137	415.42	415.34
05:39:45	16.526	16.097	16.053	17.029	16.947	17.136	415.42	415.34
05:40:45	16.526	16.098	15.845	16.531	16.946	17.137	415.42	415.34
05:41:45	16.526	16.098	15.714	16.466	16.94	17.138	415.42	415.34
05:42:45	16.526	16.098	15.823	16.615	16.946	17.136	415.42	415.34
05:43:46	16.527	16.099	15.947	16.804	16.947	17.143	415.42	415.34
05:44:45	0.0	16.099	16.022	16.934	16.946	17.142	415.42	415.34
05:45:45	16.526	16.099	16.072	17.015	16.945	17.139	415.42	415.34
05:46:45	16.527	16.097	16.105	17.058	16.944	17.136	415.42	415.34
05:47:45	16.526	16.099	16.141	17.094	16.95	17.135	415.42	415.34
05:48:45	16.526	16.099	16.161	17.067	16.948	17.138	415.42	415.34
05:49:45	16.527	16.098	15.943	16.575	16.942	17.143	415.42	415.34
05:50:45	16.526	16.099	15.767	16.212	16.947	17.135	415.42	415.34
05:51:45	16.528	16.099	15.68	16.256	16.948	17.133	415.42	415.34
05:52:45	16.528	16.099	15.776	16.476	16.947	17.146	415.42	415.34
05:53:45	16.528	16.098	15.881	16.678	16.945	17.134	415.42	415.34
05:54:45	16.528	16.098	15.973	16.838	16.948	17.145	415.42	415.34
05:55:45	16.529	16.098	16.033	16.951	16.949	17.137	415.42	415.34
05:56:45	16.528	16.098	16.079	17.025	16.948	17.143	415.42	415.34
05:57:45	16.528	16.099	16.108	17.066	16.953	17.147	415.42	415.34
05:58:45	16.528	16.099	16.138	17.095	16.947	17.146	415.42	415.34
05:59:45	16.529	16.1	16.05	17.003	16.945	17.145	415.42	415.34
06:00:45	16.528	16.1	15.844	16.475	16.941	17.141	415.42	415.34
06:01:45	16.527	16.101	15.74	16.467	16.949	17.134	415.42	415.34
06:02:45	16.528	16.101	15.824	16.624	16.952	17.132	415.42	415.34
06:03:45	16.528	16.099	15.933	16.798	16.946	17.148	415.42	415.34
06:04:45	16.527	16.1	16.014	16.921	16.948	17.139	415.42	415.34
06:05:45	16.527	16.099	16.06	16.999	16.944	17.138	415.42	415.34
06:06:45	16.528	16.099	16.1	17.044	16.946	17.142	415.42	415.34
06:07:45	16.527	16.099	16.135	17.084	16.941	17.139	415.42	415.34
06:08:45	16.528	16.099	16.156	17.052	16.946	17.137	415.42	415.34
06:09:45	16.528	16.099	15.949	16.602	16.944	17.146	415.42	415.34
06:10:46	16.527	16.099	15.747	16.204	16.937	17.14	415.42	415.34
06:11:45	16.526	16.099	15.698	16.315	16.94	17.145	415.42	415.34
06:12:46	16.525	16.098	15.797	16.52	16.942	17.137	415.42	415.34
06:13:45	16.525	16.098	15.9	16.7	16.939	17.132	415.42	415.34
06:14:45	16.524	16.097	15.986	16.861	16.939	17.133	415.42	415.34
06:15:45	16.523	16.098	16.043	0.0	16.944	17.136	415.42	415.34
06:16:45	16.523	16.098	16.085	17.027	16.944	17.133	415.42	415.34
06:17:47	16.522	16.097	16.117	17.068	16.944	17.137	415.42	415.34
06:18:45	16.524	16.096	16.136	17.093	16.945	17.133	415.42	415.34
06:19:45	16.524	16.095	16.021	16.988	16.94	17.139	415.42	415.34
06:20:45	16.524	16.095	15.798	16.405	16.94	17.141	415.42	415.34
06:21:45	16.525	16.094	15.682	16.358	16.946	17.138	415.42	415.34
06:22:45	16.524	16.096	15.797	16.55	16.945	17.143	415.42	415.34
06:23:45	16.525	16.095	15.885	16.733	16.945	17.141	415.42	415.34
06:24:47	16.525	16.096	15.974	16.865	16.948	17.143	415.42	415.34
06:25:45	16.526	16.096	16.026	16.951	16.946	17.146	415.42	415.34
06:26:45	16.526	16.098	16.077	17.017	16.945	17.14	415.42	415.34
06:27:47	16.525	16.098	16.112	17.058	16.944	17.139	415.42	415.34
06:28:45	16.526	16.097	16.133	17.082	16.947	17.141	415.42	415.34
06:29:47	16.525	16.097	16.015	16.973	16.945	17.137	415.42	415.34
06:30:45	16.527	16.097	15.808	16.387	16.947	17.135	415.42	415.34
06:31:45	16.526	16.099	15.691	16.294	16.944	17.135	415.42	415.34
06:32:45	16.528	16.1	15.779	16.516	16.945	17.144	415.42	415.34
06:33:45	16.528	16.101	15.887	16.716	16.946	17.141	415.42	415.34
06:34:45	16.527	16.101	15.981	16.864	16.942	17.136	415.42	415.34
06:35:45	16.528	16.102	16.041	16.963	16.948	17.144	415.42	415.34
06:36:45	16.527	16.102	16.083	17.02	16.949	17.143	415.42	415.34
06:37:45	16.527	16.102	16.116	17.062	16.941	17.142	415.42	415.34
06:38:45	16.527	16.102	16.144	17.027	16.94	17.136	415.42	415.34
06:39:45	16.527	16.102	15.91	16.507	16.943	17.141	415.42	415.34
06:40:45	16.527	16.103	15.714	16.007	16.941	17.133	415.42	415.34
06:41:45	16.527	16.104	15.735	16.094	16.94	17.134	415.42	415.34
06:42:45	16.527	16.104	15.845	16.443	16.942	17.129	415.42	415.34
06:43:45	16.525	16.103	15.956	16.709	16.944	17.13	415.42	415.34
06:44:45	16.525	16.103	16.03	16.884	16.947	17.134	415.42	415.34
06:45:45	16.525	16.101	16.071	16.977	16.937	17.141	415.42	415.34
06:46:45	16.525	16.099	16.109	17.035	16.941	17.143	415.42	415.34
06:47:45	16.524	16.099	16.132	17.078	16.944	17.135	415.42	415.34
06:48:45	16.524	16.099	16.049	17.029	16.942	17.138	415.42	415.34
06:49:45	16.525	16.1	15.823	16.511	16.943	17.135	415.42	415.34
06:50:46	16.525	16.101	15.721	16.527	16.95	17.133	415.42	415.34
06:51:45	16.525	16.102	15.84	16.668	16.946	17.141	415.42	415.34
06:52:45	16.525	16.101	15.953	16.815	16.948	17.141	415.42	415.34
06:53:45	16.526	16.104	16.028	16.929	16.95	17.149	415.42	415.34
06:54:45	16.527	16.106	16.079	17.007	16.953	17.141	415.42	415.34
06:55:45	16.527	16.106	16.115	17.058	16.955	17.143	415.42	415.34
06:56:45	16.528	16.105	16.144	17.096	16.949	17.139	415.42	415.34
06:57:45	16.527	16.105	16.162	16.984	16.95	17.143	415.42	415.34
06:58:45	16.528	16.105	15.945	16.551	16.942	17.136	415.42	415.34
06:59:45	16.527	16.106	15.784	16.202	16.934	17.14	415.42	415.34
07:00:45	16.529	16.103	15.724	16.287	16.939	17.139	415.42	415.34
07:01:45	16.527	16.103	15.793	16.46	16.939	17.136	415.42	415.34
07:02:45	16.526	16.102	15.891	16.688	16.943	17.137	415.42	415.34
07:03:45	16.526	16.101	15.981	16.848	16.936	17.134	415.42	415.34
07:04:46	16.526	16.101	16.044	16.959	16.94	17.144	415.42	415.34
07:05:45	16.525	16.101	16.09	17.021	16.942	17.144	415.42	415.34
07:06:45	16.526	16.102	16.129	17.065	16.946	17.14	415.42	415.34
07:07:45	16.526	16.102	16.143	16.964	16.949	17.139	415.42	415.34
07:08:45	16.525	16.102	15.905	16.496	16.941	17.133	415.42	415.34
07:09:45	16.526	16.103	15.69	16.034	16.944	17.134	415.42	415.34
07:10:45	16.527	16.102	15.717	16.09	16.948	17.135	415.42	415.34
07:11:45	16.527	16.104	15.825	16.394	16.944	17.139	415.42	415.34
07:12:45	16.526	16.103	15.944	16.686	16.95	17.141	415.42	415.34
07:13:45	16.526	16.104	16.013	16.868	16.948	17.138	415.42	415.34
07:14:45	16.526	16.103	16.059	16.968	16.943	17.134	415.42	415.34
07:15:45	16.527	16.104	16.101	17.032	16.942	17.132	415.42	415.34
07:16:45	16.528	16.102	16.131	17.066	16.941	17.132	415.42	415.34
07:17:45	16.527	16.103	16.028	16.932	16.94	17.131	415.42	415.34
07:18:45	16.528	16.103	15.811	16.503	16.94	17.138	415.42	415.34
07:19:45	16.527	16.104	15.753	16.542	16.931	17.131	415.42	415.34
07:20:45	16.527	16.103	15.75	16.644	16.928	17.139	415.42	415.34
07:21:45	16.527	16.102	15.834	16.717	16.935	17.137	415.42	415.34
07:22:46	16.526	16.103	15.884	16.821	16.943	17.137	415.42	415.34
07:23:45	16.527	16.104	15.949	16.902	16.942	17.141	415.42	415.34
07:24:46	16.526	16.103	16.009	16.97	16.945	17.136	415.42	415.34
07:25:45	16.527	16.103	16.056	17.024	16.949	17.148	415.42	415.34
07:26:45	16.527	16.103	16.095	17.061	16.949	17.146	415.42	415.34
07:27:47	16.527	16.104	16.121	17.087	16.944	17.139	415.42	415.34
07:28:45	16.526	16.103	15.988	16.883	16.94	17.142	415.42	415.34
07:29:45	16.527	16.103	15.773	16.432	16.936	17.138	415.42	415.34
07:30:45	16.527	16.104	15.72	16.462	16.936	17.141	415.42	415.34
07:31:45	16.526	16.104	15.814	16.605	16.941	17.134	415.42	415.34
07:32:46	16.527	16.105	15.891	16.76	16.937	17.135	415.42	415.34
07:33:45	16.526	16.107	15.968	16.877	16.942	17.133	415.42	415.34
07:34:45	16.528	16.106	16.026	16.975	16.942	17.138	415.42	415.34
07:35:45	16.528	16.105	16.069	17.038	16.942	17.14	415.42	415.34
07:36:45	16.528	16.106	16.108	17.081	16.937	17.14	415.42	415.34
07:37:45	16.529	16.107	16.133	17.112	16.943	17.141	415.42	415.34
07:38:45	16.529	16.108	15.996	16.946	16.948	17.139	415.42	415.34
07:39:47	16.53	16.108	15.785	16.379	16.948	17.142	415.42	415.34
07:40:45	16.53	16.109	15.713	16.349	16.939	17.144	415.42	415.34
07:41:45	16.529	16.109	15.805	16.572	16.94	17.14	415.42	415.34
07:42:45	16.53	16.11	15.921	16.779	16.942	17.138	415.42	415.34
07:43:45	16.528	16.111	16.012	16.914	16.943	17.141	415.42	415.34
07:44:45	16.528	16.112	16.064	17.005	16.94	17.143	415.42	415.34
07:45:45	16.528	16.112	16.104	17.062	16.949	17.137	415.42	415.34
07:46:45	16.528	16.112	16.133	17.101	16.948	17.138	415.42	415.34
07:47:45	16.527	16.112	16.145	17.021	16.94	17.133	415.42	415.34
07:48:45	16.527	16.111	15.904	16.53	16.946	17.133	415.42	415.34
07:49:45	16.527	16.111	15.713	16.084	16.945	17.142	415.42	415.34
07:50:45	16.526	16.11	15.668	16.204	16.942	17.143	415.42	415.34
07:51:45	16.527	16.112	15.778	16.474	16.948	17.143	415.42	415.34
07:52:45	16.527	16.11	15.903	16.708	16.943	17.136	415.42	415.34
07:53:45	16.527	16.109	15.995	16.872	16.944	17.141	415.42	415.34
07:54:45	16.527	16.11	16.054	16.976	16.944	17.139	415.42	415.34
07:55:45	16.527	16.109	16.094	17.042	16.941	17.147	415.42	415.34
07:56:45	16.527	16.108	16.117	17.088	16.945	17.139	415.42	415.34
07:57:45	16.527	16.109	16.134	16.999	16.948	17.144	415.42	415.34
07:58:45	16.526	16.108	15.891	16.561	16.945	17.136	415.42	415.34
07:59:45	16.527	16.108	15.731	16.219	16.949	17.133	415.42	415.34
08:00:45	16.526	16.108	15.685	16.293	16.951	0.0	415.42	415.34
08:01:45	16.526	16.108	15.775	16.54	16.948	17.135	415.42	415.34
08:02:45	16.527	16.107	15.912	16.748	16.943	17.134	415.42	415.34
08:03:45	16.527	16.108	16.001	16.894	16.947	17.132	415.42	415.34
08:04:45	16.528	16.109	16.054	16.987	16.947	17.137	415.42	415.34
08:05:45	16.527	16.108	16.095	17.051	16.945	17.14	415.42	415.34
08:06:45	16.528	16.11	16.123	17.092	16.941	17.134	415.42	415.34
08:07:45	16.528	16.109	16.147	16.995	16.938	17.135	415.42	415.34
08:08:45	16.528	16.109	15.893	16.313	16.942	17.128	415.42	415.34
08:09:45	16.528	16.109	15.705	16.023	16.941	17.13	415.42	415.34
08:10:45	16.528	16.107	15.758	16.221	16.945	17.133	415.42	415.34
08:11:45	16.528	16.107	15.853	16.498	16.95	17.141	415.42	415.34
08:12:47	16.53	16.107	15.962	16.764	16.95	17.14	415.42	415.34
08:13:45	16.53	16.106	16.032	16.91	16.944	17.135	415.42	415.34
08:14:45	16.529	16.106	16.078	17.004	16.945	17.142	415.42	415.34
08:15:45	16.529	16.107	16.117	17.065	16.944	17.139	415.42	415.34
08:16:45	16.53	16.106	16.146	17.101	16.942	17.138	415.42	415.34
08:17:45	16.531	16.108	16.046	16.963	16.946	17.137	415.42	415.34
08:18:45	16.53	16.106	15.831	16.527	16.943	17.137	415.42	415.34
08:19:45	16.528	16.105	15.766	16.589	16.941	17.14	415.42	415.34
08:20:46	16.528	16.106	15.874	16.737	16.943	17.133	415.42	415.34
08:21:45	16.528	16.105	15.97	16.866	16.944	17.133	415.42	415.34
08:22:46	16.529	16.104	16.048	16.969	16.941	17.139	415.42	415.34
08:23:45	16.528	16.104	16.095	17.042	16.942	17.139	415.42	415.34
08:24:45	16.528	16.104	16.134	17.09	16.947	17.137	415.42	415.34
08:25:45	16.529	16.105	16.162	17.062	16.942	17.134	415.42	415.34
08:26:45	16.528	16.104	16.022	16.681	16.944	17.142	415.42	415.34
08:27:45	16.527	16.105	15.827	16.392	16.945	17.138	415.42	415.34
08:28:45	16.527	16.105	15.767	16.433	16.942	17.13	415.42	415.34
08:29:45	16.527	16.106	15.754	16.57	16.942	17.134	415.42	415.34
08:30:46	16.528	16.105	15.723	16.668	16.941	17.141	415.42	415.34
08:31:45	16.529	16.105	15.8	16.743	16.942	17.138	415.42	415.34
08:32:46	16.529	16.105	15.872	16.842	16.939	17.142	415.42	415.34
08:33:45	16.529	16.106	15.943	16.93	16.941	17.132	415.42	415.34
08:34:45	16.528	16.106	16.014	17.001	16.945	17.13	415.42	415.34
08:35:45	16.528	16.107	16.061	17.052	16.948	17.137	415.42	415.34
08:36:45	16.528	16.106	16.099	17.089	16.95	17.129	415.42	415.34
08:37:45	16.529	16.106	16.125	17.116	16.949	17.136	415.42	415.34
08:38:46	16.529	16.107	16.024	16.947	16.946	17.14	415.42	415.34
08:39:45	16.529	16.107	15.786	16.473	16.95	17.14	415.42	415.34
08:40:45	16.528	16.107	15.745	16.554	16.949	17.14	415.42	415.34
08:41:46	16.53	16.108	15.849	16.716	16.946	17.141	415.42	415.34
08:42:45	16.528	16.108	15.944	16.859	16.942	17.139	415.42	415.34
08:43:46	16.528	16.109	16.011	16.97	16.94	17.138	415.42	415.34
08:44:45	0.0	16.108	16.061	17.044	16.939	17.139	415.42	415.34
08:45:45	16.527	16.107	16.107	17.091	16.942	17.138	415.42	415.34
08:46:46	16.528	16.107	16.14	17.122	16.944	17.14	415.42	415.34
08:47:45	0.0	16.107	16.151	17.078	16.942	17.137	415.42	415.34
08:48:46	16.527	16.108	15.909	16.608	16.943	17.143	415.42	415.34
08:49:45	16.527	16.109	15.77	16.245	16.944	17.135	415.42	415.34
08:50:48	16.527	16.108	15.745	16.353	16.943	17.135	415.42	415.34
08:51:45	16.528	16.109	15.822	16.521	16.938	17.13	415.42	415.34
08:52:45	16.527	16.109	15.904	16.738	16.938	17.14	415.42	415.34
08:53:45	16.528	16.11	15.975	16.882	16.942	17.136	415.42	415.34
08:54:45	16.528	16.109	16.038	16.975	16.939	17.143	415.42	415.34
08:55:45	16.528	16.109	16.086	17.043	16.94	17.139	415.42	415.34
08:56:45	16.528	16.108	16.13	17.094	16.943	17.134	415.42	415.34
08:57:45	16.527	16.107	16.14	16.987	16.94	17.136	415.42	415.34
08:58:45	16.529	16.106	15.905	16.446	16.94	17.137	415.42	415.34
08:59:45	16.529	16.106	15.696	16.042	16.941	17.136	415.42	415.34
09:00:45	16.53	16.106	15.732	16.145	16.939	17.135	415.42	415.34
09:01:45	16.531	16.104	15.864	16.518	16.939	17.133	415.42	415.34
09:02:45	16.531	16.104	15.978	16.784	16.943	17.134	415.42	415.34
09:03:45	16.532	16.104	16.048	16.93	16.938	17.142	415.42	415.34
09:04:45	16.532	16.104	16.089	17.022	16.936	17.136	415.42	415.34
09:05:45	16.532	16.103	16.127	17.079	16.944	17.137	415.42	415.34
09:06:45	16.531	16.102	16.155	17.124	16.946	17.139	415.42	415.34
09:07:45	16.53	16.103	16.042	16.997	16.944	17.132	415.42	415.34
09:08:45	16.53	16.104	15.838	16.517	16.937	17.14	415.42	415.34
09:09:45	16.529	16.103	15.754	16.485	16.939	17.133	415.42	415.34
09:10:45	16.53	16.104	15.693	16.605	16.943	17.135	415.42	415.34
09:11:45	16.529	16.106	15.818	16.702	16.944	17.136	415.42	415.34
09:12:45	16.529	16.106	15.937	16.849	16.949	17.139	415.42	415.34
09:13:47	16.529	16.108	16.021	16.963	16.948	17.133	415.42	415.34
09:14:45	16.53	16.11	16.069	17.034	16.948	17.131	415.42	415.34
09:15:46	16.531	16.112	16.111	17.084	16.945	17.139	415.42	415.34
09:16:45	16.531	16.113	16.144	17.126	16.947	17.142	415.42	415.34
09:17:45	16.532	16.115	16.156	17.017	16.949	17.133	415.42	415.34
09:18:45	16.532	16.117	15.908	16.509	16.947	17.136	415.42	415.34
09:19:45	16.532	16.117	15.712	16.127	16.945	17.136	415.42	415.34
09:20:45	16.533	16.119	15.627	16.191	16.949	17.135	415.42	415.34
09:21:47	16.532	16.12	15.755	16.476	16.948	17.143	415.42	415.34
09:22:45	16.532	16.119	15.874	16.721	16.947	17.131	415.42	415.34
09:23:47	16.533	16.12	15.978	16.884	16.949	17.144	415.42	415.34
09:24:45	16.533	16.119	16.037	16.981	16.946	17.137	415.42	415.34
09:25:45	16.532	16.119	16.08	17.046	16.946	17.137	415.42	415.34
09:26:45	16.533	16.118	16.123	17.094	16.943	17.134	415.42	415.34
09:27:45	16.532	16.117	16.141	17.014	16.941	17.133	415.42	415.34
09:28:45	16.532	16.116	15.896	16.471	16.939	17.14	415.42	415.34
09:29:45	16.531	16.115	15.731	16.137	16.935	17.132	415.42	415.34
09:30:45	16.531	16.113	15.725	16.274	16.934	17.13	415.42	415.34
09:31:45	16.53	16.113	15.813	16.523	16.939	17.131	415.42	415.34
09:32:45	16.531	16.114	15.903	16.754	16.937	17.134	415.42	415.34
09:33:45	16.531	16.115	15.992	16.904	16.942	17.129	415.42	415.34
09:34:45	16.531	16.113	16.048	17.004	16.939	17.133	415.42	415.34
09:35:45	16.531	16.113	16.089	17.065	16.935	17.137	415.42	415.34
09:36:45	16.532	16.113	16.125	17.109	16.939	17.135	415.42	415.34
09:37:45	16.531	16.112	16.147	17.082	16.941	17.136	415.42	415.34
09:38:45	16.53	16.111	15.928	16.638	16.942	17.14	415.42	415.34
09:39:45	16.531	16.113	15.752	16.281	16.944	17.139	415.42	415.34
09:40:45	16.531	16.114	15.649	16.338	16.947	17.136	415.42	415.34
09:41:45	16.531	16.114	15.651	16.476	16.949	17.138	415.42	415.34
09:42:45	16.532	16.113	15.775	16.611	16.949	17.135	415.42	415.34
09:43:45	16.532	16.114	15.848	16.762	16.951	17.14	415.42	415.34
09:44:45	16.533	16.115	15.934	16.885	16.942	17.132	415.42	415.34
09:45:45	16.531	16.116	16.002	16.971	16.946	17.143	415.42	415.34
09:46:45	16.532	16.117	16.046	17.035	16.945	17.134	415.42	415.34
09:47:45	16.532	16.116	16.087	17.086	16.942	17.142	415.42	415.34
09:48:45	16.533	16.116	16.115	17.114	16.945	17.142	415.42	415.34
09:49:45	16.534	16.117	16.0	17.044	16.937	17.135	415.42	415.34
09:50:45	16.533	16.118	15.79	16.543	16.937	17.13	415.42	415.34
09:51:45	16.533	16.117	15.71	16.434	16.941	17.142	415.42	415.34
09:52:45	16.533	16.119	15.823	16.63	16.941	17.144	415.42	415.34
09:53:45	16.534	16.12	15.945	16.817	16.942	17.136	415.42	415.34
09:54:45	16.534	16.121	16.017	16.943	16.939	17.142	415.42	415.34
09:55:45	16.534	16.122	16.069	17.027	16.942	17.144	415.42	415.34
09:56:45	16.534	16.122	16.112	17.085	16.942	17.146	415.42	415.34
09:57:45	16.534	16.122	16.14	17.043	16.939	17.137	415.42	415.34
09:58:45	16.534	16.123	16.004	16.594	16.935	17.14	415.42	415.34
09:59:46	16.534	16.121	15.806	16.356	16.938	17.137	415.42	415.34
10:00:45	16.535	16.121	15.742	16.388	16.935	17.136	415.42	415.34
10:01:45	16.534	16.122	15.729	16.485	16.934	17.133	415.42	415.34
10:02:46	16.534	16.122	15.825	16.668	16.93	17.128	415.42	415.34
10:03:45	16.535	16.121	15.908	16.818	16.937	17.135	415.42	415.34
10:04:45	16.534	16.122	15.968	16.924	16.941	17.136	415.42	415.34
10:05:46	16.534	16.123	16.034	17.004	16.942	17.139	415.42	415.34
10:06:45	16.534	16.123	16.077	17.061	16.945	17.133	415.42	415.34
10:07:45	16.533	16.124	16.11	17.103	16.944	17.138	415.42	415.34
10:08:45	16.534	16.122	16.133	17.09	16.942	17.141	415.42	415.34
10:09:46	16.535	16.122	15.905	16.578	16.945	17.136	415.42	415.34
10:10:45	16.535	16.122	15.743	16.199	16.948	17.135	415.42	415.34
10:11:45	16.534	16.122	15.774	16.346	16.941	17.139	415.42	415.34
10:12:45	16.533	16.123	15.93	16.669	16.942	17.137	415.42	415.34
10:13:45	16.535	16.123	16.02	16.869	16.939	17.139	415.42	415.34
10:14:45	16.534	16.123	16.074	16.987	16.937	17.137	415.42	415.34
10:15:45	16.535	0.0	16.114	17.052	16.944	17.133	415.42	415.34
10:16:45	16.535	16.123	16.14	17.101	16.945	17.137	415.42	415.34
10:17:45	16.535	16.123	16.152	17.007	16.942	17.138	415.42	415.34
10:18:45	16.534	16.122	15.962	16.651	16.945	17.137	415.42	415.34
10:19:46	16.535	16.123	15.892	16.55	16.942	17.137	415.42	415.34
10:20:45	16.536	16.124	15.876	16.663	16.938	17.137	415.42	415.34
10:21:45	16.535	16.125	15.783	16.701	16.938	17.136	415.42	415.34
10:22:45	16.535	16.124	15.7	16.68	16.944	17.135	415.42	415.34
10:23:45	0.0	16.128	15.737	16.685	16.946	17.135	415.42	415.34
10:24:45	16.536	16.128	15.805	16.753	16.94	17.132	415.42	415.34
10:25:46	16.536	16.128	15.9	16.852	16.941	17.137	415.42	415.34
10:26:45	16.536	16.128	15.971	16.934	16.939	17.134	415.42	415.34
10:27:45	16.537	16.126	16.021	17.004	16.941	17.129	415.42	415.34
10:28:45	16.536	16.126	16.066	17.049	16.943	17.133	415.42	415.34
10:29:45	16.537	16.126	16.092	17.082	16.949	17.141	415.42	415.34
10:30:45	16.536	16.125	15.965	16.941	16.95	17.141	415.42	415.34
10:31:45	16.536	16.125	15.726	16.409	16.946	17.137	415.42	415.34
10:32:45	16.537	16.126	15.645	16.393	16.949	17.148	415.42	415.34
10:33:45	16.537	16.126	15.761	16.58	16.944	17.146	415.42	415.34
10:34:46	16.537	16.127	15.861	16.765	16.945	17.141	415.42	415.34
10:35:45	16.538	16.128	15.949	16.897	16.949	17.142	415.42	415.34
10:36:46	16.537	16.129	16.024	16.987	16.948	17.136	415.42	415.34
10:37:45	16.538	16.129	16.066	17.049	16.949	17.134	415.42	415.34
10:38:45	16.537	16.129	16.095	17.086	16.944	17.135	415.42	415.34
10:39:45	16.538	16.128	16.122	17.119	16.944	17.132	415.42	415.34
10:40:45	16.538	16.127	15.978	16.932	16.939	17.137	415.42	415.34
10:41:46	16.538	16.128	15.799	16.352	16.944	17.136	415.42	415.34
10:42:45	16.538	16.127	15.733	16.443	16.944	17.138	415.42	415.34
10:43:46	16.538	16.129	15.71	16.59	16.938	17.132	415.42	415.34
10:44:45	16.538	16.128	15.792	16.693	16.932	17.131	415.42	415.34
10:45:47	16.538	16.128	15.857	16.807	16.935	17.133	415.42	415.34
10:46:46	0.0	16.127	15.922	16.902	16.937	17.134	415.42	415.34
10:47:45	16.538	16.128	15.992	16.977	16.941	17.132	415.42	415.34
10:48:45	16.538	16.128	16.041	17.038	16.939	17.131	415.42	415.34
10:49:45	16.537	16.125	16.087	17.079	16.938	17.131	415.42	415.34
10:50:45	16.538	16.125	16.117	17.112	16.937	17.134	415.42	415.34
10:51:46	16.538	0.0	16.022	17.031	16.944	17.134	415.42	415.34
10:52:45	16.538	16.126	15.846	16.58	16.944	17.138	415.42	415.34
10:53:45	16.538	16.127	15.724	16.565	16.934	17.139	415.42	415.34
10:54:45	16.54	16.128	15.723	16.637	16.941	17.135	415.42	415.34
10:55:45	16.539	16.129	15.777	16.707	16.946	17.137	415.42	415.34
10:56:45	16.54	0.0	15.861	16.801	16.948	17.135	415.42	415.34
10:57:45	16.54	16.132	15.961	16.916	16.952	17.138	415.42	415.34
10:58:45	16.54	16.134	16.031	17.001	16.951	17.137	415.42	415.34
10:59:45	16.539	16.134	16.058	17.059	16.952	17.14	415.42	415.34
11:00:45	16.541	16.134	16.104	17.099	16.949	17.147	415.42	415.34
11:01:46	16.539	16.133	16.122	17.117	16.945	17.144	415.42	415.34
11:02:45	16.54	16.131	15.975	16.984	16.943	17.141	415.42	415.34
11:03:45	16.54	16.131	15.778	16.444	16.941	17.142	415.42	415.34
11:04:46	16.54	16.131	15.702	16.394	16.941	17.136	415.42	415.34
11:05:45	16.539	16.13	15.775	16.583	16.945	17.146	415.42	415.34
11:06:45	16.541	16.132	15.875	16.776	16.948	17.136	415.42	415.34
11:07:45	16.542	16.133	15.959	16.899	16.95	17.144	415.42	415.34
11:08:45	16.542	16.134	16.017	16.987	16.943	17.148	415.42	415.34
11:09:45	16.542	16.135	16.068	17.053	16.948	17.141	415.42	415.34
11:10:45	16.541	16.135	16.11	17.094	16.948	17.143	415.42	415.34
11:11:45	16.541	16.135	16.14	17.13	16.949	17.143	415.42	415.34
11:12:45	16.541	16.135	16.054	17.029	16.949	17.141	415.42	415.34
11:13:45	16.542	16.134	15.81	16.445	16.946	17.139	415.42	415.34
11:14:45	16.542	16.135	15.713	16.427	16.949	17.139	415.42	415.34
11:15:45	16.542	16.134	15.723	16.564	16.946	17.137	415.42	415.34
11:16:45	16.542	16.134	15.797	16.664	16.942	17.138	415.42	415.34
11:17:45	16.542	16.134	15.866	16.792	16.946	17.144	415.42	415.34
11:18:45	16.543	16.134	15.947	16.899	16.947	17.144	415.42	415.34
11:19:45	16.543	16.134	16.007	16.984	16.946	17.137	415.42	415.34
11:20:46	16.542	16.135	16.059	17.046	16.942	17.14	415.42	415.34
11:21:45	0.0	16.134	16.102	17.09	16.947	17.14	415.42	415.34
11:22:45	16.543	16.135	16.131	17.123	16.947	17.139	415.42	415.34
11:23:46	16.544	16.136	16.023	17.0	16.946	17.142	415.42	415.34
11:24:45	16.542	16.135	15.82	16.469	16.949	17.145	415.42	415.34
11:25:45	16.543	16.136	15.768	16.523	16.946	17.144	415.42	415.34
11:26:45	16.543	16.137	15.751	16.65	16.937	17.136	415.42	415.34
11:27:45	16.544	16.137	15.829	16.74	16.94	17.138	415.42	415.34
11:28:46	16.543	16.137	15.911	16.859	16.949	17.137	0.0	415.34
11:29:45	16.543	16.138	15.985	16.953	16.944	17.134	415.42	415.34
11:30:45	16.544	16.139	16.045	17.02	16.946	17.144	415.42	415.34
11:31:47	16.545	16.138	16.089	17.07	16.94	17.141	415.42	415.34
11:32:46	16.544	16.137	16.121	17.113	16.948	17.136	415.42	415.34
11:33:45	16.544	16.138	16.147	17.095	16.947	17.143	415.42	415.34
11:34:45	16.546	16.137	15.919	16.581	16.941	17.139	415.42	415.34
11:35:46	16.546	16.137	15.732	16.187	16.943	17.141	415.42	415.34
11:36:46	16.546	16.136	15.628	16.217	16.947	17.135	415.42	415.34
11:37:46	16.547	16.137	15.72	16.484	16.95	17.139	415.42	415.34
11:38:48	16.547	16.138	15.868	16.703	16.954	17.141	415.42	415.34
11:39:46	16.546	16.14	15.968	16.87	16.953	17.148	415.42	415.34
11:40:46	16.547	16.141	16.034	16.976	16.947	17.145	415.42	415.34
11:41:46	16.547	16.141	16.072	17.044	16.945	17.137	415.42	415.34
11:42:46	16.548	16.141	16.105	17.085	16.951	17.144	415.42	415.34
11:43:46	16.545	16.139	16.135	17.118	16.949	17.142	415.42	415.34
11:44:46	16.545	16.139	16.003	16.957	16.947	17.143	415.42	415.34
11:45:46	16.545	16.138	15.804	16.509	16.944	17.136	415.42	415.34
11:46:46	16.545	16.135	15.748	16.479	16.944	17.136	415.42	415.34
11:47:46	16.545	16.133	15.682	16.603	16.942	17.144	415.42	415.34
11:48:46	16.544	16.133	15.756	16.669	16.944	17.141	415.42	415.34
11:49:46	16.544	16.132	15.828	16.774	16.942	17.138	415.42	415.34
11:50:46	16.545	16.132	15.912	16.87	16.944	17.137	415.42	415.34
11:51:46	16.544	16.133	15.973	16.944	16.939	17.141	415.42	415.34
11:52:46	16.544	16.133	16.018	17.002	16.943	17.137	415.42	415.34
11:53:46	16.544	16.135	16.06	17.055	16.945	17.138	415.42	415.34
11:54:46	16.546	16.134	16.098	17.087	16.941	17.141	415.42	415.34
11:55:46	16.546	16.135	16.014	17.059	16.942	17.137	415.42	415.34
11:56:46	16.547	16.137	15.964	16.981	16.938	17.139	415.42	415.34
11:57:46	16.546	16.136	15.867	16.904	16.947	17.135	415.42	415.34
11:58:46	16.546	16.137	15.801	16.854	16.942	17.142	415.42	415.34
11:59:46	16.545	16.138	15.724	16.786	16.945	17.141	415.42	415.34
12:00:47	16.546	16.138	15.816	16.78	16.95	17.144	415.42	415.34
12:01:46	0.0	16.14	15.864	16.835	16.949	17.146	415.42	415.34
12:02:46	16.547	16.14	15.91	16.888	16.945	17.139	415.42	415.34
12:03:46	16.546	16.142	15.962	16.949	16.949	17.142	415.42	415.34
12:04:46	16.547	16.141	16.016	17.0	16.952	17.139	415.42	415.34
12:05:46	16.547	16.141	16.063	17.045	16.949	17.139	415.42	415.34
12:06:46	16.547	16.141	16.089	17.076	16.938	17.14	415.42	415.34
12:07:46	16.548	16.141	15.977	17.044	16.938	17.141	415.42	415.34
12:08:47	16.547	16.141	15.93	16.974	16.947	17.138	415.42	415.34
12:09:46	16.548	16.142	15.853	16.909	16.944	17.145	415.42	415.34
12:10:47	16.548	16.142	15.736	16.809	16.94	17.14	415.42	415.34
12:11:46	16.548	16.141	15.789	16.781	16.947	17.141	415.42	415.34
12:12:46	16.548	16.141	15.865	16.844	16.942	17.136	415.42	415.34
12:13:46	16.548	16.139	15.923	16.906	16.938	17.132	415.42	415.34
12:14:46	16.547	16.138	15.99	16.971	16.94	17.132	415.42	415.34
12:15:46	16.548	16.137	16.036	17.018	16.945	17.136	415.42	415.34
12:16:46	16.548	16.137	16.08	17.054	16.946	17.136	415.42	415.34
12:17:46	16.548	16.137	16.101	17.086	16.944	17.144	415.42	415.34
12:18:46	16.548	16.137	15.982	16.987	16.937	17.139	415.42	415.34
12:19:46	16.548	16.137	15.768	16.39	16.945	17.133	415.42	415.34
12:20:46	16.547	16.136	15.653	16.314	16.942	17.139	415.42	415.34
12:21:46	16.547	16.137	15.675	16.466	16.943	17.14	415.42	415.34
12:22:46	16.547	16.137	15.794	16.632	16.939	17.138	415.42	415.34
12:23:46	16.548	16.137	15.861	16.774	16.942	17.134	415.42	415.34
12:24:46	16.547	16.138	15.948	16.883	16.946	17.133	415.42	415.34
12:25:46	16.548	16.139	16.008	16.968	16.944	17.136	415.42	415.34
12:26:46	16.547	16.14	16.055	17.017	16.937	17.134	415.42	415.34
12:27:46	16.547	16.14	16.089	17.06	16.94	17.134	415.42	415.34
12:28:46	16.548	16.14	16.04	17.047	16.948	17.142	415.42	415.34
12:29:46	16.548	16.14	15.864	16.61	16.95	17.14	415.42	415.34
12:30:46	16.549	0.0	15.71	16.441	16.951	17.139	415.42	415.34
12:31:46	16.55	16.14	15.661	16.561	16.951	17.14	415.42	415.34
12:32:46	16.55	16.142	15.641	16.599	16.951	17.138	415.42	415.34
12:33:46	16.549	16.142	15.687	16.641	16.951	17.146	415.42	415.34
12:34:46	16.55	16.142	15.767	16.729	16.95	17.144	415.42	415.34
12:35:46	16.55	16.142	15.842	16.827	16.95	17.142	415.42	415.34
12:36:46	16.549	16.141	15.925	16.916	16.945	17.137	415.42	415.34
12:37:46	16.55	16.14	15.986	16.983	16.941	17.134	415.42	415.34
12:38:46	16.549	16.142	16.028	17.028	16.943	17.135	415.42	415.34
12:39:46	16.548	16.141	16.041	17.036	16.944	17.135	415.42	415.34
12:40:47	16.55	16.141	15.918	16.987	16.94	17.134	415.42	415.34
12:41:46	0.0	16.141	15.857	16.884	16.947	17.137	415.42	415.34
12:42:46	16.549	16.141	15.799	16.813	16.948	17.14	415.42	415.34
12:43:46	16.551	16.142	15.731	16.752	16.949	17.139	415.42	415.34
12:44:46	16.55	16.142	15.781	16.749	16.949	17.148	415.42	415.34
12:45:48	16.55	16.143	15.852	16.844	16.946	17.147	415.42	415.34
12:46:46	16.551	16.144	15.923	16.924	16.943	17.141	415.42	415.34
12:47:46	16.551	16.144	15.974	17.008	16.944	17.139	415.42	415.34
12:48:46	16.552	16.145	16.036	17.07	16.941	17.138	415.42	415.34
12:49:46	16.551	16.147	16.081	17.119	16.942	17.143	415.42	415.34
12:50:46	16.553	16.146	16.117	17.164	16.948	17.147	415.42	415.34
12:51:46	16.552	16.148	15.993	16.986	16.951	17.144	415.42	415.34
12:52:46	16.553	16.147	15.775	16.528	16.947	17.144	415.42	415.34
12:53:46	16.552	16.147	15.746	16.648	16.943	17.142	415.42	415.34
12:54:46	16.553	16.147	15.684	16.737	16.938	17.137	415.42	415.34
12:55:46	16.552	16.145	15.506	16.731	16.938	17.137	415.42	415.34
12:56:46	16.553	16.146	15.641	16.688	16.942	17.134	415.42	415.34
12:57:46	16.554	16.145	15.724	16.763	16.946	17.134	415.42	415.34
12:58:46	16.553	16.144	15.811	16.842	16.949	17.136	415.42	415.34
12:59:46	16.554	16.143	15.883	16.909	16.944	17.141	415.42	415.34
13:00:46	16.555	16.141	15.944	16.975	16.945	17.135	415.42	415.34
13:01:47	16.555	16.141	15.999	17.036	16.944	17.141	415.42	415.34
13:02:47	16.553	16.139	16.031	17.07	16.948	17.135	415.42	415.34
13:03:47	16.555	16.138	16.006	17.053	16.95	17.133	415.42	415.34
13:04:47	16.554	16.137	15.937	16.996	16.948	17.133	415.42	415.34
13:05:47	16.554	16.135	15.875	16.934	16.943	17.133	415.42	415.34
13:06:47	16.552	16.134	15.838	16.88	16.943	17.132	415.42	415.34
13:07:47	16.551	16.134	15.724	16.813	16.938	17.135	415.42	415.34
13:08:47	16.551	16.135	15.682	16.742	16.937	17.133	415.42	415.34
13:09:47	16.551	16.135	15.763	16.723	16.942	17.134	415.42	415.34
13:10:47	16.551	16.135	15.807	16.778	16.952	17.136	415.42	415.34
13:11:47	16.55	16.134	0.0	0.0	16.948	17.135	415.42	415.34
13:12:47	16.55	16.136	15.951	16.926	16.948	17.135	415.42	415.34
13:13:47	16.55	16.136	16.005	16.991	16.948	17.135	415.42	415.34
13:14:47	16.551	16.136	16.05	17.044	16.951	17.136	415.42	415.34
13:15:47	16.55	16.137	16.069	17.066	16.951	17.142	415.42	415.34
13:16:47	16.551	16.138	15.979	16.99	16.944	17.137	415.42	415.34
13:17:47	16.551	16.139	15.847	16.625	16.95	17.134	415.42	415.34
13:18:47	16.55	16.14	15.832	16.699	16.946	17.137	415.42	415.34
13:19:47	16.55	16.141	15.73	16.73	16.942	17.137	415.42	415.34
13:20:47	16.551	16.141	15.753	16.708	16.948	17.135	415.42	415.34
13:21:47	16.551	16.14	15.804	16.752	16.949	17.141	415.42	415.34
13:22:47	16.552	16.142	15.877	16.832	16.951	17.14	415.42	415.34
13:23:47	16.551	16.142	15.943	16.92	16.942	17.14	415.42	415.34
13:24:47	16.553	16.143	16.001	16.985	16.955	17.14	415.42	415.34
13:25:47	16.553	16.144	16.037	17.029	16.954	17.148	415.42	415.34
13:26:47	16.553	16.144	16.069	17.063	16.951	17.147	415.42	415.34
13:27:47	16.553	16.146	15.965	17.048	16.944	17.137	415.42	415.34
13:28:47	16.55	16.144	15.897	16.964	16.947	17.139	415.42	415.34
13:29:47	16.551	16.144	15.884	16.904	16.951	17.139	415.42	415.34
13:30:47	16.552	16.142	15.834	16.876	16.952	17.141	415.42	415.34
13:31:47	16.553	16.142	15.696	16.808	16.943	17.136	415.42	415.34
13:32:47	16.553	16.141	15.635	16.718	16.945	17.141	415.42	415.34
13:33:47	16.554	16.141	15.748	16.738	16.944	17.135	415.42	415.34
13:34:47	16.553	16.14	15.865	16.832	16.947	17.137	415.42	415.34
13:35:47	16.553	16.139	15.948	16.921	16.951	17.136	415.42	415.34
13:36:47	16.553	16.139	16.01	16.988	16.946	17.141	415.42	415.34
13:37:47	16.554	16.138	16.045	17.033	16.944	17.137	415.42	415.34
13:38:47	16.555	16.138	16.078	17.065	16.953	17.133	415.42	415.34
13:39:47	16.553	16.136	16.085	17.073	16.943	17.143	415.42	415.34
13:40:47	16.553	16.137	15.995	16.817	16.941	17.141	415.42	415.34
13:41:47	16.555	16.137	15.814	16.582	16.951	17.137	415.42	415.34
13:42:47	16.553	16.137	15.79	16.642	16.951	17.135	415.42	415.34
13:43:47	16.552	16.138	15.856	16.732	16.947	17.135	415.42	415.34
13:44:47	16.551	16.137	15.934	16.848	16.948	17.137	415.42	415.34
13:45:47	16.551	16.137	16.002	16.959	16.95	17.142	415.42	415.34
13:46:47	16.551	16.138	16.061	17.032	16.945	17.14	415.42	415.34
13:47:47	16.55	16.138	16.106	17.094	16.944	17.138	415.42	415.34
13:48:47	16.551	16.138	16.144	17.139	16.948	17.144	415.42	415.34
13:49:47	16.55	16.138	16.08	16.844	16.947	17.14	415.42	415.34
13:50:47	16.551	16.139	15.843	16.424	16.942	17.144	415.42	415.34
13:51:47	16.55	16.138	15.74	16.258	16.943	17.14	415.42	415.34
13:52:47	16.55	16.138	15.762	16.486	16.942	17.136	415.42	415.34
13:53:47	16.55	16.138	15.878	16.699	16.951	17.138	415.42	415.34
13:54:47	16.55	16.139	15.994	16.905	16.952	17.138	415.42	415.34
13:55:47	16.549	16.138	16.07	17.032	16.953	17.141	415.42	415.34
13:56:47	16.55	16.139	16.12	17.117	16.956	17.147	415.42	415.34
13:57:47	16.55	16.139	16.152	17.184	16.953	17.141	415.42	415.34
13:58:47	16.55	16.139	16.111	16.824	16.951	17.141	415.42	415.34
13:59:47	16.549	16.14	16.007	16.546	16.953	17.145	415.42	415.34
14:00:47	16.55	16.139	15.871	16.436	16.947	17.145	415.42	415.34
14:01:47	16.55	16.139	15.911	16.556	16.95	17.144	415.42	415.34
14:02:47	16.55	16.139	15.924	16.731	16.94	17.145	415.42	415.34
14:03:48	16.55	16.138	15.851	16.812	16.949	17.138	415.42	415.34
14:04:47	16.548	16.137	15.724	16.821	16.954	17.137	415.42	415.34
14:05:48	16.549	16.137	15.662	16.81	16.95	17.14	415.42	415.34
14:06:47	16.549	16.135	15.554	16.745	16.949	17.141	415.42	415.34
14:07:47	16.549	16.137	15.571	16.716	16.949	17.134	415.42	415.34
14:08:47	16.55	16.136	15.717	16.778	16.951	17.135	415.42	415.34
14:09:47	16.549	16.136	15.764	16.861	16.95	17.138	415.42	415.34
14:10:47	16.549	16.135	15.816	16.936	16.95	17.137	415.42	415.34
14:11:47	16.549	16.134	15.874	16.993	16.948	17.133	415.42	415.34
14:12:47	16.547	16.133	15.953	17.071	16.943	17.127	415.42	415.34
14:13:47	16.547	16.131	16.034	17.141	16.943	17.13	415.42	415.34
14:14:47	16.547	16.131	16.067	17.192	16.945	17.131	415.42	415.34
14:15:47	16.547	16.131	15.917	16.941	16.95	17.136	415.42	415.34
14:16:47	16.546	16.129	15.757	16.413	16.95	17.138	415.42	415.34
14:17:47	16.547	16.129	15.671	16.203	16.947	17.136	415.42	415.34
14:18:47	16.547	16.128	15.611	16.313	16.943	17.139	415.42	415.34
14:19:47	16.546	16.128	15.721	16.527	16.943	17.129	415.42	415.34
14:20:47	16.546	16.126	15.824	16.768	16.942	17.14	415.42	415.34
14:21:47	16.548	16.128	15.911	16.934	16.941	17.139	415.42	415.34
14:22:47	16.547	16.128	15.988	17.047	16.946	17.135	415.42	415.34
14:23:47	16.547	16.128	16.053	17.136	16.947	17.138	415.42	415.34
14:24:47	16.547	16.128	16.102	17.203	16.947	17.14	415.42	415.34
14:25:47	16.545	16.129	16.111	17.059	16.948	17.138	415.42	415.34
14:26:47	16.546	16.13	15.882	16.604	16.945	17.137	415.42	415.34
14:27:47	16.546	16.132	15.749	16.303	16.949	17.14	415.42	415.34
14:28:47	16.546	16.133	15.642	16.098	16.95	17.142	415.42	415.34
14:29:47	16.546	16.133	15.532	16.101	16.95	17.141	415.42	415.34
14:30:47	16.548	16.134	15.572	16.255	16.945	17.137	415.42	415.34
14:31:47	16.548	16.135	15.691	16.495	16.944	17.137	415.42	415.34
14:32:47	16.548	16.136	15.788	16.745	16.952	17.14	415.42	415.34
14:33:47	16.547	16.136	15.905	16.959	16.948	17.131	415.42	415.34
14:34:47	16.548	16.136	15.989	17.091	16.948	17.129	415.42	415.34
14:35:47	16.548	16.138	16.053	17.18	16.951	17.141	415.42	415.34
14:36:47	16.548	16.139	16.11	17.243	16.95	17.147	415.42	415.34
14:37:47	16.548	16.138	16.034	17.259	16.948	17.143	415.42	415.34
14:38:47	16.548	16.138	15.831	16.632	16.947	17.144	415.42	415.34
14:39:47	16.547	16.136	15.683	16.162	16.944	17.134	415.42	415.34
14:40:47	16.548	16.137	15.577	16.153	16.943	17.141	415.42	415.34
14:41:47	16.547	16.137	15.61	16.404	16.949	17.146	415.42	415.34
14:42:48	16.546	16.136	15.743	16.679	16.952	17.145	415.42	415.34
14:43:47	16.547	16.136	15.852	16.883	16.944	17.149	415.42	415.34
14:44:47	16.548	16.135	15.962	17.022	16.948	17.141	415.42	415.34
14:45:47	16.547	16.134	16.047	17.131	16.946	17.146	415.42	415.34
14:46:47	16.548	16.133	16.108	17.213	16.939	17.141	415.42	415.34
14:47:48	16.546	16.135	16.152	17.265	16.95	17.143	415.42	415.34
14:48:47	0.0	16.134	16.03	16.807	16.951	17.144	415.42	415.34
14:49:47	16.547	16.133	15.815	16.401	16.944	17.137	415.42	415.34
14:50:47	16.546	16.133	15.695	16.09	16.948	17.141	415.42	415.34
14:51:47	16.546	16.132	15.614	16.091	16.948	17.136	415.42	415.34
14:52:47	16.546	16.132	15.557	16.241	16.952	17.14	415.42	415.34
14:53:47	16.546	16.132	15.504	16.37	16.954	17.137	415.42	415.34
14:54:47	16.547	16.132	15.637	16.602	16.95	17.142	415.42	415.34
14:55:47	16.546	16.133	15.748	16.799	16.95	17.138	415.42	415.34
14:56:47	16.547	16.133	15.822	16.944	16.953	17.145	415.42	415.34
14:57:47	16.547	16.132	15.891	17.044	16.954	17.132	415.42	415.34
14:58:47	16.545	16.133	15.967	17.124	16.952	17.139	415.42	415.34
14:59:47	16.548	16.133	16.035	17.191	16.947	17.149	415.42	415.34
15:00:47	16.547	16.132	16.079	17.238	16.949	17.138	415.42	415.34
15:01:47	16.546	16.133	15.962	17.125	16.949	17.139	415.42	415.34
15:02:47	16.545	16.132	15.763	16.516	16.95	17.146	415.42	415.34
15:03:47	16.547	16.133	15.647	16.255	16.948	17.146	415.42	415.34
15:04:47	16.545	16.134	15.612	16.341	16.942	17.142	415.42	415.34
15:05:47	16.545	16.134	15.611	16.568	16.947	17.133	415.42	415.34
15:06:47	16.545	16.133	15.594	16.687	16.952	17.133	415.42	415.34
15:07:47	16.545	16.133	15.646	16.746	16.95	17.146	415.42	415.34
15:08:47	16.545	16.134	15.722	16.83	16.953	17.141	415.42	415.34
15:09:47	16.545	16.132	15.775	16.92	16.948	17.149	415.42	415.34
15:10:47	16.546	16.134	15.865	17.004	16.944	17.147	415.42	415.34
15:11:47	16.547	16.132	15.951	17.094	16.947	17.138	415.42	415.34
15:12:47	16.546	16.135	16.025	17.17	16.951	17.144	415.42	415.34
15:13:47	16.546	16.134	16.089	17.236	16.949	17.142	415.42	415.34
15:14:47	16.547	16.136	16.046	16.916	16.951	17.145	415.42	415.34
15:15:47	16.546	16.136	15.839	16.472	16.949	17.14	415.42	415.34
15:16:47	16.546	16.138	15.723	16.209	16.95	17.143	415.42	415.34
15:17:47	16.546	16.138	15.595	16.053	16.948	17.149	415.42	415.34
15:18:47	16.546	16.138	15.601	16.301	16.947	17.139	415.42	415.34
15:19:47	16.545	16.137	15.704	16.621	16.942	17.134	415.42	415.34
15:20:47	16.545	16.137	15.865	16.865	16.943	17.145	415.42	415.34
15:21:47	16.546	16.136	15.973	17.037	16.947	17.14	415.42	415.34
15:22:48	16.546	16.136	16.056	17.158	16.943	17.142	415.42	415.34
15:23:47	16.546	16.136	16.113	17.246	16.949	17.139	415.42	415.34
15:24:47	16.547	16.137	16.132	17.1	16.945	17.142	415.42	415.34
15:25:47	16.546	16.136	16.048	16.717	16.942	17.134	415.42	415.34
15:26:47	16.545	16.137	15.891	16.515	16.95	17.141	415.42	415.34
15:27:48	16.546	16.136	15.738	16.188	16.94	17.149	415.42	415.34
15:28:47	0.0	16.137	15.631	15.852	16.944	17.142	415.42	415.34
15:29:48	16.546	16.136	15.543	16.012	16.944	17.152	415.42	415.34
15:30:47	16.547	16.137	15.61	16.21	16.943	17.144	415.42	415.34
15:31:47	16.547	16.137	15.702	16.438	16.949	17.141	415.42	415.34
15:32:47	16.545	16.137	15.809	16.674	16.944	17.15	415.42	415.34
15:33:47	16.546	16.137	15.897	16.863	16.946	17.15	415.42	415.34
15:34:47	16.547	16.136	15.984	17.029	16.953	17.131	415.42	415.34
15:35:47	16.546	16.136	16.049	17.149	16.951	17.135	415.42	415.34
15:36:47	16.546	16.135	16.093	17.1	16.949	17.134	415.42	415.34
15:37:48	16.546	16.135	15.938	16.672	16.95	17.133	415.42	415.34
15:38:47	16.546	16.134	15.781	16.347	16.951	17.143	415.42	415.34
15:39:48	16.545	16.134	15.686	16.079	16.948	17.146	415.42	415.34
15:40:47	16.545	16.134	15.637	16.191	16.948	17.15	415.42	415.34
15:41:47	16.546	16.134	15.528	16.266	16.952	17.151	415.42	415.34
15:42:47	16.545	16.133	15.508	16.349	16.951	17.141	415.42	415.34
15:43:48	16.546	16.134	15.615	16.531	16.952	17.146	415.42	415.34
15:44:47	16.546	16.134	15.677	16.731	16.953	17.144	415.42	415.34
15:45:47	16.546	16.133	15.78	16.892	16.95	17.14	415.42	415.34
15:46:48	16.544	16.134	15.868	17.03	16.948	17.149	415.42	415.34
15:47:47	16.546	16.135	15.945	17.13	16.948	17.149	415.42	415.34
15:48:48	16.545	16.136	16.018	17.209	16.948	17.141	415.42	415.34
15:49:48	16.546	16.136	16.073	17.257	16.945	17.142	415.42	415.34
15:50:47	16.545	16.137	16.001	17.121	16.952	17.135	415.42	415.34
15:51:48	16.545	16.136	15.828	16.635	16.951	17.14	415.42	415.34
15:52:47	16.546	16.137	15.726	16.318	16.948	17.14	415.42	415.34
15:53:47	16.546	16.136	15.606	16.086	16.949	17.146	415.42	415.34
15:54:47	16.546	16.136	15.523	16.133	16.951	17.142	415.42	415.34
15:55:47	16.545	16.134	15.429	16.347	16.94	17.139	415.42	415.34
15:56:47	16.546	16.135	15.51	16.558	16.945	17.146	415.42	415.34
15:57:48	16.547	16.135	15.676	16.754	16.942	17.14	415.42	415.34
15:58:48	16.546	16.135	15.757	16.913	16.947	17.141	415.42	415.34
15:59:48	16.546	16.133	15.843	17.017	16.95	17.138	415.42	415.34
16:00:47	16.545	16.134	15.929	17.106	16.947	17.135	415.42	415.34
16:01:48	16.546	16.134	16.016	17.185	16.948	17.141	415.42	415.34
16:02:48	16.546	16.134	16.07	17.254	16.952	17.143	415.42	415.34
16:03:47	16.546	16.136	15.937	16.784	16.95	17.144	415.42	415.34
16:04:47	16.547	16.136	15.749	16.352	16.953	17.135	415.42	415.34
16:05:48	16.545	16.137	15.647	16.013	16.95	17.142	415.42	415.34
16:06:47	16.547	16.137	15.603	16.136	16.943	17.153	415.42	415.34
16:07:48	16.545	16.137	15.498	16.225	16.952	17.14	415.42	415.34
16:08:48	16.545	16.137	15.464	16.319	16.944	17.144	415.42	415.34
16:09:47	16.548	16.136	15.593	16.526	16.942	17.145	415.42	415.34
16:10:47	16.546	16.135	15.698	16.751	16.94	17.138	415.42	415.34
16:11:47	16.546	16.136	15.794	16.918	16.935	17.138	415.42	415.34
16:12:48	16.547	16.135	15.874	17.032	16.939	17.137	415.42	415.34
16:13:48	16.545	16.137	15.934	17.124	16.945	17.148	415.42	415.34
16:14:47	16.545	16.136	16.006	17.19	16.952	17.141	415.42	415.34
16:15:47	16.546	16.137	16.03	17.038	16.949	17.147	415.42	415.34
16:16:47	16.547	16.137	15.802	16.535	16.952	17.149	415.42	415.34
16:17:48	16.546	16.138	15.673	16.166	16.948	17.146	415.42	415.34
16:18:48	0.0	16.138	15.598	16.031	16.951	17.137	415.42	415.34
16:19:47	16.545	16.14	15.51	16.181	16.946	17.137	415.42	415.34
16:20:48	16.547	16.14	15.408	16.298	16.949	17.138	415.42	415.34
16:21:47	16.547	16.14	15.472	16.382	16.951	17.143	415.42	415.34
16:22:48	16.548	16.141	15.614	16.604	16.949	17.143	415.42	415.34
16:23:47	16.548	16.141	15.709	16.79	16.948	17.15	415.42	415.34
16:24:47	16.546	16.141	15.789	16.946	16.947	17.133	415.42	415.34
16:25:47	16.547	16.141	15.847	17.059	16.945	17.133	415.42	415.34
16:26:48	16.546	16.14	15.915	17.143	16.946	17.139	415.42	415.34
16:27:47	16.546	16.141	15.987	17.213	16.947	17.143	415.42	415.34
16:28:47	16.546	16.142	15.979	17.254	16.949	17.143	415.42	415.34
16:29:47	16.546	16.14	15.845	16.897	16.948	17.137	415.42	415.34
16:30:48	16.547	16.139	15.725	16.485	16.948	17.147	415.42	415.34
16:31:47	16.546	16.139	15.675	16.343	16.944	17.14	415.42	415.34
16:32:47	16.545	16.139	15.58	16.444	16.947	17.145	415.42	415.34
16:33:47	16.546	16.137	15.489	16.492	16.946	17.141	415.42	415.34
16:34:47	16.546	16.137	15.404	16.495	16.949	17.14	415.42	415.34
16:35:47	16.545	16.136	15.437	16.571	16.946	17.145	415.42	415.34
16:36:47	16.546	16.137	15.392	16.631	16.947	17.141	415.42	415.34
16:37:47	16.545	16.136	15.524	16.752	16.952	17.137	415.42	415.34
16:38:47	16.546	16.135	15.622	16.865	16.948	17.136	415.42	415.34
16:39:48	16.545	16.135	15.692	16.963	16.952	17.146	415.42	415.34
16:40:47	16.545	16.134	15.756	17.037	16.945	17.147	415.42	415.34
16:41:47	16.545	16.135	15.795	17.079	16.947	17.143	415.42	415.34
16:42:48	16.545	16.135	15.857	17.138	16.946	17.149	415.42	415.34
16:43:47	16.544	16.136	15.913	17.045	16.945	17.145	415.42	415.34
16:44:48	16.545	16.136	15.709	16.601	16.953	17.143	415.42	415.34
16:45:48	16.545	16.136	15.592	16.237	16.95	17.152	415.42	415.34
16:46:47	16.545	16.137	15.546	16.333	16.948	17.144	415.42	415.34
16:47:47	16.546	16.136	15.511	16.472	16.948	17.145	415.42	415.34
16:48:47	16.544	16.136	15.433	16.57	16.943	17.137	415.42	415.34
16:49:47	16.545	16.136	15.436	16.659	16.945	17.136	415.42	415.34
16:50:48	16.545	16.135	15.55	16.72	16.941	17.141	415.42	415.34
16:51:47	16.546	16.135	15.65	16.858	16.942	17.14	415.42	415.34
16:52:47	16.544	16.135	15.707	16.956	16.937	17.133	415.42	415.34
16:53:48	16.543	16.133	15.771	17.037	16.939	17.144	415.42	415.34
16:54:47	16.543	16.133	15.848	17.114	16.942	17.143	415.42	415.34
16:55:47	16.544	16.134	15.921	17.175	16.941	17.14	415.42	415.34
16:56:47	16.544	16.133	15.97	17.089	16.937	17.147	415.42	415.34
16:57:48	16.543	16.133	15.764	16.583	16.942	17.138	415.42	415.34
16:58:48	16.543	16.132	15.625	16.226	16.945	17.14	415.42	415.34
16:59:48	16.543	16.132	15.554	16.282	16.943	17.145	415.42	415.34
17:00:47	0.0	16.132	15.507	16.457	16.947	17.133	415.42	415.34
17:01:47	16.542	16.131	15.495	16.616	16.943	17.142	415.42	415.34
17:02:47	16.542	16.131	15.649	16.764	16.94	17.13	415.42	415.34
17:03:47	16.542	16.131	15.747	16.915	16.942	17.13	415.42	415.34
17:04:48	16.542	16.131	15.814	17.03	16.942	17.131	415.42	415.34
17:05:48	16.543	16.129	15.885	17.111	16.942	17.134	415.42	415.34
17:06:48	16.544	16.13	15.954	17.172	16.945	17.144	415.42	415.34
17:07:47	16.544	16.13	16.007	17.085	16.943	17.137	415.42	415.34
17:08:48	16.542	16.131	15.904	16.598	16.941	17.13	415.42	415.34
17:09:48	16.544	16.13	15.733	16.253	16.944	17.136	415.42	415.34
17:10:47	16.543	16.13	15.605	16.005	16.945	17.144	415.42	415.34
17:11:48	16.543	16.13	15.557	16.175	16.937	17.141	415.42	415.34
17:12:47	16.542	16.13	15.53	16.345	16.94	17.132	415.42	415.34
17:13:48	16.542	16.13	15.475	16.512	16.941	17.13	415.42	415.34
17:14:48	16.542	16.13	15.508	16.628	16.938	17.136	415.42	415.34
17:15:47	16.543	16.132	15.609	16.755	16.939	17.142	415.42	415.34
17:16:47	16.542	16.131	15.707	16.892	16.943	17.131	415.42	415.34
17:17:48	16.543	16.131	15.761	16.995	16.943	17.131	415.42	415.34
17:18:48	16.542	16.131	15.826	17.064	16.94	17.138	415.42	415.34
17:19:48	16.543	16.131	15.892	17.12	16.942	17.138	415.42	415.34
17:20:47	16.543	16.13	15.953	17.174	16.944	17.133	415.42	415.34
17:21:48	16.54	16.129	16.006	17.076	16.942	17.135	415.42	415.34
17:22:47	16.542	16.129	15.796	16.602	16.941	17.139	415.42	415.34
17:23:47	16.542	16.13	15.677	16.157	16.945	17.148	415.42	415.34
17:24:47	16.542	16.129	15.595	16.113	16.939	17.134	415.42	415.34
17:25:47	16.542	16.128	15.527	16.273	16.938	17.138	415.42	415.34
17:26:48	16.541	16.127	15.398	16.322	16.941	17.143	415.42	415.34
17:27:48	16.541	16.127	15.343	16.266	16.943	17.13	415.42	415.34
17:28:47	16.54	16.126	15.483	16.427	16.942	17.135	415.42	415.34
17:29:47	16.54	16.126	15.611	16.675	16.94	17.129	415.42	415.34
17:30:48	16.54	16.125	15.705	16.85	16.939	17.131	415.42	415.34
17:31:47	16.541	16.125	15.764	16.972	16.944	17.137	415.42	415.34
17:32:48	16.54	16.124	15.847	17.058	16.942	17.131	415.42	415.34
17:33:47	16.54	16.125	15.915	17.126	16.941	17.129	415.42	415.34
17:34:48	16.54	16.125	15.965	17.184	16.941	17.135	415.42	415.34
17:35:48	16.538	16.126	15.89	17.051	16.946	17.129	415.42	415.34
17:36:48	16.539	16.127	15.715	16.506	16.945	17.137	415.42	415.34
17:37:48	16.54	16.126	15.591	16.176	16.94	17.133	415.42	415.34
17:38:48	16.538	16.127	15.507	16.175	16.944	17.146	415.42	415.34
17:39:48	16.538	16.126	15.401	16.331	16.934	17.136	415.42	415.34
17:40:47	16.539	16.128	15.38	16.453	16.934	17.141	415.42	415.34
17:41:47	16.538	16.128	15.539	16.64	16.936	17.127	415.42	415.34
17:42:47	16.539	16.126	15.648	16.801	16.937	17.136	415.42	415.34
17:43:47	16.538	16.127	15.722	16.926	16.941	17.131	415.42	415.34
17:44:47	16.539	16.127	15.768	17.001	16.94	17.132	415.42	415.34
17:45:49	16.539	16.127	15.828	17.068	16.934	17.135	415.42	415.34
17:46:48	16.539	16.127	15.895	17.131	16.941	17.139	415.42	415.34
17:47:49	16.538	16.125	15.951	17.188	16.94	17.132	415.42	415.34
17:48:47	16.538	16.125	15.865	17.067	16.937	17.14	415.42	415.34
17:49:48	16.538	16.125	15.715	16.538	16.933	17.128	415.42	415.34
17:50:47	16.538	16.124	15.601	16.273	16.937	17.135	415.42	415.34
17:51:48	16.538	16.126	15.513	16.292	16.941	17.13	415.42	415.34
17:52:47	16.537	16.125	15.452	16.334	16.938	17.141	415.42	415.34
17:53:47	16.536	16.124	15.355	16.292	16.931	17.13	415.42	415.34
17:54:47	16.536	16.124	15.492	16.512	16.928	17.133	415.42	415.34
17:55:47	16.535	16.123	15.616	16.723	16.938	17.131	415.42	415.34
17:56:47	16.538	16.123	15.71	16.866	16.936	17.143	415.42	415.34
17:57:47	16.536	16.121	15.788	16.972	16.939	17.141	415.42	415.34
17:58:48	16.536	16.122	15.842	17.064	16.939	17.137	415.42	415.34
17:59:47	16.536	16.121	15.896	17.122	16.938	17.128	415.42	415.34
18:00:48	16.537	16.123	15.954	17.178	16.936	17.134	415.42	415.34
18:01:47	16.536	16.123	15.861	17.054	16.934	17.139	415.42	415.34
18:02:47	16.535	16.123	15.699	16.545	16.936	17.142	415.42	415.34
18:03:48	16.535	16.123	15.604	16.27	16.936	17.131	415.42	415.34
18:04:48	16.534	16.123	15.469	16.31	16.936	17.131	415.42	415.34
18:05:48	16.534	16.122	15.427	16.428	16.936	17.137	415.42	415.34
18:06:48	16.533	16.122	15.576	16.611	16.94	17.131	415.42	415.34
18:07:48	16.534	16.122	15.681	16.792	16.928	17.13	415.42	415.34
18:08:48	16.533	16.122	15.764	16.92	16.934	17.125	415.42	415.34
18:09:48	16.535	16.12	15.821	17.019	16.937	17.127	415.42	415.34
18:10:48	16.534	16.122	15.905	17.113	16.932	17.141	415.42	415.34
18:11:48	16.533	16.122	15.97	17.179	16.933	17.143	415.42	415.34
18:12:47	16.533	16.121	16.004	17.119	16.94	17.135	415.42	415.34
18:13:48	16.534	16.121	15.839	16.721	16.938	17.14	415.42	415.34
18:14:48	16.534	16.119	15.697	16.431	16.935	17.14	415.42	415.34
18:15:48	16.533	16.122	15.632	16.244	16.927	17.136	415.42	415.34
18:16:47	16.532	16.121	15.54	16.279	16.933	17.13	415.42	415.34
18:17:48	16.534	16.121	15.423	16.306	16.93	17.128	415.42	415.34
18:18:48	16.531	16.12	15.315	16.273	16.933	17.13	415.42	415.34
18:19:47	16.532	16.12	15.316	16.368	16.937	17.137	415.42	415.34
18:20:47	16.532	16.118	15.481	16.568	16.94	17.141	415.42	415.34
18:21:48	16.533	16.119	15.603	16.767	16.937	17.132	415.42	415.34
18:22:47	16.532	16.119	15.691	16.889	16.933	17.134	415.42	415.34
18:23:47	16.533	16.119	15.737	16.968	16.933	17.135	415.42	415.34
18:24:48	16.533	16.119	15.788	17.025	16.936	17.127	415.42	415.34
18:25:48	16.531	16.119	15.857	17.079	16.94	17.131	415.42	415.34
18:26:48	16.532	16.121	15.913	17.046	16.938	17.132	415.42	415.34
18:27:48	16.532	16.119	15.74	16.727	16.942	17.139	415.42	415.34
18:28:48	16.532	16.119	15.633	16.378	16.938	17.138	415.42	415.34
18:29:47	16.532	16.12	15.614	16.435	16.941	17.131	415.42	415.34
18:30:48	16.531	16.119	15.556	16.58	16.942	17.126	415.42	415.34
18:31:48	16.532	16.119	15.426	16.627	16.942	17.135	415.42	415.34
18:32:48	16.532	16.119	15.392	16.686	16.939	17.137	415.42	415.34
18:33:48	16.532	16.118	15.563	16.78	16.936	17.132	415.42	415.34
18:34:47	16.531	16.119	15.682	16.905	16.937	17.137	415.42	415.34
18:35:48	16.533	16.118	15.769	16.992	16.933	17.135	415.42	415.34
18:36:47	16.531	16.118	15.825	17.057	16.939	17.133	415.42	415.34
18:37:48	16.531	16.118	15.887	17.111	16.94	17.136	415.42	415.34
18:38:48	16.531	16.118	15.941	17.073	16.941	17.135	415.42	415.34
18:39:48	16.531	16.119	15.854	16.749	16.941	17.134	415.42	415.34
18:40:48	16.531	16.118	15.713	16.509	16.942	17.132	415.42	415.34
18:41:48	16.531	16.119	15.639	16.316	16.942	17.134	415.42	415.34
18:42:48	16.531	16.119	15.641	16.452	16.939	17.133	415.42	415.34
18:43:48	16.533	16.12	15.588	16.54	16.941	17.134	415.42	415.34
18:44:48	16.532	16.12	15.465	16.583	16.94	17.132	415.42	415.34
18:45:48	16.531	16.119	15.383	16.575	16.932	17.135	415.42	415.34
18:46:48	16.53	16.12	15.508	16.663	16.942	17.132	415.42	415.34
18:47:48	16.53	16.12	15.637	16.819	16.942	17.133	415.42	415.34
18:48:48	16.531	16.12	15.723	16.936	16.941	17.137	415.42	415.34
18:49:49	16.53	16.118	15.777	17.026	16.939	17.135	415.42	415.34
18:50:48	16.531	16.119	15.854	17.094	16.938	17.136	415.42	415.34
18:51:48	16.529	16.118	15.918	17.15	16.934	17.137	415.42	415.34
18:52:47	16.53	16.118	15.965	17.099	16.936	17.132	415.42	415.34
18:53:48	16.529	16.118	15.793	16.775	16.943	17.134	415.42	415.34
18:54:48	16.529	16.118	15.678	16.462	16.941	17.141	415.42	415.34
18:55:47	16.529	16.118	15.654	16.503	16.937	17.135	415.42	415.34
18:56:48	16.53	16.118	15.598	16.618	16.941	17.132	415.42	415.34
18:57:48	16.529	16.116	15.573	16.709	16.941	17.138	415.42	415.34
18:58:48	16.528	16.117	15.463	16.699	16.94	17.137	415.42	415.34
18:59:48	16.528	16.116	15.43	16.738	16.933	17.142	415.42	415.34
19:00:48	16.527	16.117	15.574	16.803	16.93	17.137	415.42	415.34
19:01:48	16.528	16.116	15.687	16.903	16.937	17.132	415.42	415.34
19:02:48	16.528	16.114	15.733	16.984	16.931	17.133	415.42	415.34
19:03:47	16.527	16.113	15.776	17.033	16.93	17.133	415.42	415.34
19:04:48	16.528	16.113	15.808	17.088	16.932	17.133	415.42	415.34
19:05:48	16.527	16.113	15.844	17.063	16.935	17.132	415.42	415.34
19:06:48	16.529	16.112	15.791	16.658	16.937	17.136	415.42	415.34
19:07:48	16.529	16.113	15.704	16.386	16.939	17.136	415.42	415.34
19:08:48	16.528	16.113	15.664	16.184	16.935	17.129	415.42	415.34
19:09:48	16.527	16.113	15.638	16.039	16.937	17.131	415.42	415.34
19:10:48	16.527	16.114	15.584	15.806	16.938	17.13	415.42	415.34
19:11:49	16.528	16.113	15.671	16.08	16.941	17.132	415.42	415.34
19:12:48	0.0	16.113	15.747	16.3	16.936	17.134	415.42	415.34
19:13:48	16.527	16.113	15.809	16.496	16.942	17.139	415.42	415.34
19:14:48	16.527	16.113	15.857	16.678	16.937	17.137	415.42	415.34
19:15:48	16.527	16.113	15.876	16.829	16.935	17.136	415.42	415.34
19:16:48	16.527	16.112	15.89	16.915	16.94	17.136	415.42	415.34
19:17:48	16.526	16.11	15.895	16.987	16.934	17.133	415.42	415.34
19:18:48	16.525	16.109	15.89	17.033	16.933	17.133	415.42	415.34
19:19:48	16.524	16.108	15.873	17.038	16.929	17.131	415.42	415.34
19:20:47	16.525	16.108	15.885	17.035	16.935	17.127	415.42	415.34
19:21:48	16.523	16.108	15.916	17.033	16.94	17.132	415.42	415.34
19:22:48	16.523	16.106	15.962	17.086	16.939	17.138	415.42	415.34
19:23:47	16.523	16.106	15.994	17.145	16.941	17.135	415.42	415.34
19:24:48	16.524	16.107	16.022	17.2	16.94	17.14	415.42	415.34
19:25:48	16.524	16.107	16.042	17.246	16.939	17.14	415.42	415.34
19:26:48	16.523	16.109	16.082	17.277	16.938	17.134	415.42	415.34
19:27:48	16.524	16.109	16.111	17.311	16.935	17.135	415.42	415.34
19:28:48	16.525	16.108	16.042	17.278	16.93	17.136	415.42	415.34
19:29:48	16.525	16.108	15.941	17.164	16.931	17.13	415.42	415.34
19:30:48	16.524	16.108	15.945	17.1	16.938	17.132	415.42	415.34
19:31:48	16.524	16.108	15.929	17.093	16.938	17.135	415.42	415.34
19:32:48	16.523	16.108	15.927	17.061	16.937	17.135	415.42	415.34
19:33:48	16.524	16.107	15.895	17.019	16.934	17.132	415.42	415.34
19:34:47	16.525	16.108	15.948	17.028	16.938	17.133	415.42	415.34
19:35:48	16.523	16.108	15.996	17.081	16.939	17.139	415.42	415.34
19:36:48	16.523	16.107	16.033	17.133	16.939	17.137	415.42	415.34
19:37:47	16.523	16.108	16.062	17.177	16.938	17.136	415.42	415.34
19:38:48	16.523	16.108	16.095	17.208	16.939	17.13	415.42	415.34
19:39:48	16.523	16.107	16.125	17.24	16.941	17.138	415.42	415.34
19:40:48	16.523	16.106	16.154	17.28	16.935	17.136	415.42	415.34
19:41:48	16.524	16.107	16.088	17.286	16.93	17.135	415.42	415.34
19:42:48	16.523	16.108	15.983	17.158	16.935	17.133	415.42	415.34
19:43:48	16.523	16.107	15.962	17.08	16.937	17.135	415.42	415.34
19:44:48	16.523	16.107	15.963	17.063	16.936	17.139	415.42	415.34
19:45:48	16.523	16.108	15.919	17.05	16.933	17.14	415.42	415.34
19:46:47	16.521	16.108	15.895	17.02	16.94	17.135	415.42	415.34
19:47:48	16.522	16.108	15.964	17.007	16.941	17.139	415.42	415.34
19:48:48	16.522	16.107	16.023	17.054	16.94	17.141	415.42	415.34
19:49:48	16.522	16.107	16.069	17.115	16.939	17.146	415.42	415.34
19:50:48	16.522	16.107	16.093	17.162	16.941	17.137	415.42	415.34
19:51:48	16.522	16.106	16.121	17.204	16.936	17.134	415.42	415.34
19:52:48	16.522	16.107	16.147	17.242	16.936	17.136	415.42	415.34
19:53:48	16.522	16.107	16.178	17.28	16.934	17.141	415.42	415.34
19:54:48	16.522	16.105	16.065	17.255	16.929	17.136	415.42	415.34
19:55:49	16.522	16.105	15.973	17.157	16.935	17.136	415.42	415.34
19:56:48	16.522	16.105	15.981	17.088	16.937	17.141	415.42	415.34
19:57:48	16.521	16.104	15.993	17.079	16.942	17.133	415.42	415.34
19:58:47	16.521	16.104	15.975	17.076	16.938	17.14	415.42	415.34
19:59:48	16.52	16.104	15.969	17.058	16.935	17.136	415.42	415.34
20:00:48	16.521	16.104	15.936	17.036	16.931	17.131	415.42	415.34
20:01:48	16.521	16.104	15.991	17.028	16.93	17.136	415.42	415.34
20:02:48	16.52	16.103	16.057	17.085	16.925	17.136	415.42	415.34
20:03:48	16.52	16.102	16.088	17.148	16.935	17.134	415.42	415.34
20:04:48	16.521	16.102	16.13	17.193	16.938	17.129	415.42	415.34
20:05:48	16.521	16.102	16.154	17.234	16.935	17.133	415.42	415.34
20:06:48	16.522	16.102	16.176	17.274	16.934	17.128	415.42	415.34
20:07:48	16.522	16.103	16.201	17.307	16.935	17.128	415.42	415.34
20:08:48	16.522	16.104	16.118	17.29	16.932	17.127	415.42	415.34
20:09:48	16.522	16.104	15.985	17.172	16.927	17.13	415.42	415.34
20:10:47	16.522	16.105	15.962	17.084	16.937	17.128	415.42	415.34
20:11:48	16.522	16.105	15.978	17.056	16.938	17.13	415.42	415.34
20:12:48	16.522	16.105	15.969	17.025	16.931	17.132	415.42	415.34
20:13:48	16.521	16.105	16.013	17.001	16.93	17.134	415.42	415.34
20:14:48	16.521	16.104	16.06	17.036	16.931	17.133	415.42	415.34
20:15:48	16.521	16.104	16.093	17.083	16.935	17.134	415.42	415.34
20:16:48	16.521	16.102	16.12	17.115	16.938	17.131	415.42	415.34
20:17:48	16.522	16.103	16.145	17.149	16.936	17.133	415.42	415.34
20:18:48	16.521	16.103	16.169	17.179	16.94	17.137	415.42	415.34
20:19:48	16.521	16.104	16.187	17.21	16.939	17.141	415.42	415.34
20:20:48	16.521	16.104	16.105	17.179	16.937	17.14	415.42	415.34
20:21:48	16.522	16.104	15.998	17.055	16.934	17.133	415.42	415.34
20:22:48	16.522	16.104	15.995	16.983	16.936	17.135	415.42	415.34
20:23:47	16.523	16.105	15.984	16.969	16.93	17.133	415.42	415.34
20:24:48	16.522	16.106	15.934	16.948	16.931	17.133	415.42	415.34
20:25:48	0.0	16.104	16.0	16.939	16.932	17.132	415.42	415.34
20:26:48	16.521	16.106	16.058	16.985	16.934	17.132	415.42	415.34
20:27:48	16.522	16.106	16.091	17.036	16.929	17.134	415.42	415.34
20:28:48	16.522	16.106	16.112	17.083	16.939	17.137	415.42	415.34
20:29:48	16.523	16.108	0.0	17.125	16.944	17.141	415.42	415.34
20:30:48	16.524	16.108	16.167	17.164	16.946	17.142	415.42	415.34
20:31:47	16.524	16.108	16.187	17.198	16.944	17.143	415.42	415.34
20:32:48	16.524	16.109	16.197	17.208	16.941	17.139	415.42	415.34
20:33:48	16.524	16.109	16.063	17.147	16.94	17.137	415.42	415.34
20:34:48	16.525	16.11	16.001	17.043	16.943	17.14	415.42	415.34
20:35:48	16.525	16.111	16.013	17.009	16.941	17.138	415.42	415.34
20:36:48	16.525	16.111	16.026	16.992	16.938	17.134	415.42	415.34
20:37:48	16.525	16.113	16.014	16.967	16.931	17.129	415.42	415.34
20:38:48	16.525	16.113	16.024	16.937	16.931	17.136	415.42	415.34
20:39:48	16.524	16.112	16.064	16.963	16.936	17.141	415.42	415.34
20:40:48	16.526	16.115	16.093	17.007	16.941	17.144	415.42	415.34
20:41:48	16.525	16.116	16.117	17.045	16.944	17.144	415.42	415.34
20:42:48	16.526	16.115	16.141	17.083	16.943	17.141	415.42	415.34
20:43:48	16.525	16.116	16.166	17.13	16.948	17.135	415.42	415.34
20:44:48	16.527	16.116	16.19	17.17	16.95	17.136	415.42	415.34
20:45:48	16.526	16.117	16.2	17.198	16.946	17.142	415.42	415.34
20:46:48	16.526	16.117	16.097	17.134	16.946	17.141	415.42	415.34
20:47:48	16.527	16.118	16.048	17.038	16.945	17.138	415.42	415.34
20:48:48	16.527	16.119	16.033	17.016	16.947	17.141	415.42	415.34
20:49:48	16.528	16.121	15.986	16.991	16.945	17.141	415.42	415.34
20:50:48	16.53	16.121	16.037	16.96	16.948	17.142	415.42	415.34
20:51:48	16.529	16.121	16.09	16.987	16.946	17.137	415.42	415.34
20:52:48	16.528	16.123	16.116	17.023	16.944	17.136	415.42	415.34
20:53:48	16.529	16.123	16.138	17.054	16.951	17.139	415.42	415.34
20:54:48	16.529	16.124	16.16	17.095	16.949	17.139	415.42	415.34
20:55:48	16.529	16.124	16.186	17.137	16.946	17.146	415.42	415.34
20:56:48	16.53	16.123	16.208	17.175	16.945	17.146	415.42	415.34
20:57:48	16.53	16.124	16.214	17.19	16.946	17.142	415.42	415.34
20:58:48	16.53	16.123	16.079	17.102	16.946	17.14	415.42	415.34
20:59:48	16.529	16.122	16.02	17.007	16.946	17.144	415.42	415.34
21:00:48	16.53	16.121	16.001	16.98	16.938	17.146	415.42	415.34
21:01:48	16.529	16.122	16.01	16.944	16.945	17.141	415.42	415.34
21:02:48	16.53	16.123	16.044	16.926	16.939	17.14	415.42	415.34
21:03:48	16.53	16.123	16.078	16.952	16.94	17.143	415.42	415.34
21:04:48	16.531	16.123	16.101	16.993	16.948	17.138	415.42	415.34
21:05:48	16.532	16.124	16.125	17.028	16.948	17.142	415.42	415.34
21:06:48	16.53	16.125	16.15	17.071	16.95	17.146	415.42	415.34
21:07:48	16.532	16.127	16.184	17.115	16.943	17.142	415.42	415.34
21:08:48	16.533	16.127	16.207	17.161	16.944	17.143	415.42	415.34
21:09:48	16.532	16.129	16.218	17.185	16.947	17.14	415.42	415.34
21:10:49	16.533	16.128	16.123	17.128	16.943	17.143	415.42	415.34
21:11:48	16.533	16.129	16.018	17.011	16.952	17.151	415.42	415.34
21:12:48	16.534	16.128	15.982	16.919	16.952	17.152	415.42	415.34
21:13:48	16.535	16.127	16.026	16.909	16.95	17.146	415.42	415.34
21:14:48	16.534	16.128	16.081	16.96	16.945	17.145	415.42	415.34
21:15:48	16.534	16.13	16.123	17.014	16.944	17.144	415.42	415.34
21:16:48	16.534	16.131	16.153	17.072	16.945	17.138	415.42	415.34
21:17:48	16.534	16.131	16.186	17.123	16.946	17.144	415.42	415.34
21:18:48	16.535	16.132	16.208	17.167	16.953	17.142	415.42	415.34
21:19:48	16.536	16.131	16.23	17.197	16.952	17.147	415.42	415.34
21:20:48	16.535	16.131	16.147	17.18	16.945	17.151	415.42	415.34
21:21:48	16.535	16.132	16.008	17.04	16.949	17.146	415.42	415.34
21:22:48	16.535	16.132	15.956	16.934	16.95	17.141	415.42	415.34
21:23:48	16.535	16.133	15.995	16.92	16.946	17.145	415.42	415.34
21:24:48	16.537	16.132	15.991	16.907	16.947	17.145	415.42	415.34
21:25:48	16.537	16.133	16.009	16.886	16.949	17.144	415.42	415.34
21:26:48	16.538	16.134	16.065	16.926	16.949	17.144	415.42	415.34
21:27:48	16.537	16.132	16.101	16.966	16.954	17.147	415.42	415.34
21:28:48	16.538	16.133	16.12	17.014	16.945	17.145	415.42	415.34
21:29:48	16.538	16.134	16.148	17.059	16.94	17.146	415.42	415.34
21:30:48	16.538	16.133	16.176	17.107	16.942	17.149	415.42	415.34
21:31:48	16.538	16.133	16.201	17.149	16.948	17.145	415.42	415.34
21:32:48	16.538	16.133	16.206	17.177	16.95	17.139	415.42	415.34
21:33:48	16.539	16.134	16.065	0.0	16.947	17.14	415.42	415.34
21:34:48	16.539	16.134	16.038	16.998	16.95	17.142	415.42	415.34
21:35:48	16.54	16.134	16.062	16.979	16.946	17.144	415.42	415.34
21:36:48	16.54	16.133	16.026	16.951	16.949	17.145	415.42	415.34
21:37:48	16.54	16.134	15.996	16.913	16.95	17.143	415.42	415.34
21:38:48	16.54	16.134	16.029	16.892	16.951	17.149	415.42	415.34
21:39:48	16.541	16.136	16.067	16.928	16.955	17.146	415.42	415.34
21:40:48	16.54	16.135	16.096	16.964	16.954	17.142	415.42	415.34
21:41:48	16.54	16.135	16.124	17.005	16.952	17.144	415.42	415.34
21:42:48	16.541	16.136	16.15	17.059	16.948	17.149	415.42	415.34
21:43:48	16.541	16.134	16.178	17.105	16.951	17.145	415.42	415.34
21:44:48	16.542	16.135	16.2	17.153	16.949	17.145	415.42	415.34
21:45:48	16.542	16.137	16.201	17.167	16.954	17.144	415.42	415.34
21:46:48	16.543	16.137	16.08	17.099	16.953	17.153	415.42	415.34
21:47:48	16.543	16.139	15.961	16.975	16.95	17.147	415.42	415.34
21:48:48	16.544	16.139	15.913	16.894	16.955	17.145	415.42	415.34
21:49:48	16.543	16.139	15.95	16.855	16.952	17.147	415.42	415.34
21:50:48	16.543	16.139	16.023	16.896	16.947	17.141	415.42	415.34
21:51:48	16.544	16.141	16.071	16.955	16.949	17.14	415.42	415.34
21:52:48	16.544	16.141	16.106	17.011	16.954	17.139	415.42	415.34
21:53:48	16.544	16.14	16.14	17.065	16.953	17.144	415.42	415.34
21:54:48	16.545	16.141	16.165	17.119	16.956	17.142	415.42	415.34
21:55:48	16.544	16.14	16.193	17.158	16.952	17.142	415.42	415.34
21:56:48	16.545	16.139	16.198	17.182	16.947	17.14	415.42	415.34
21:57:48	16.545	16.14	16.068	17.11	16.953	17.141	415.42	415.34
21:58:48	16.545	16.141	16.027	17.026	16.955	17.146	415.42	415.34
21:59:48	16.545	16.141	16.04	16.996	16.958	17.148	415.42	415.34
22:00:48	16.545	16.142	16.013	16.961	16.956	17.141	415.42	415.34
22:01:48	0.0	16.142	16.028	16.938	16.949	17.141	415.42	415.34
22:02:48	16.545	16.142	16.074	16.965	16.952	17.141	415.42	415.34
22:03:48	16.546	16.141	16.102	16.999	16.953	17.141	415.42	415.34
22:04:48	16.546	16.141	16.134	17.042	16.95	17.142	415.42	415.34
22:05:48	16.546	16.14	16.161	17.085	16.952	17.142	415.42	415.34
22:06:48	16.547	16.14	16.188	17.13	16.955	17.143	415.42	415.34
22:07:48	16.547	16.14	16.213	17.168	16.956	17.148	415.42	415.34
22:08:48	16.547	16.14	16.219	17.188	16.955	17.144	415.42	415.34
22:09:48	16.546	16.142	16.11	17.121	16.957	17.146	415.42	415.34
22:10:49	16.548	16.142	16.018	16.989	16.954	17.149	415.42	415.34
22:11:48	0.0	16.142	15.96	16.903	16.949	17.146	415.42	415.34
22:12:48	16.547	16.142	15.996	16.877	16.947	17.142	415.42	415.34
22:13:48	16.548	16.143	16.055	16.92	16.957	17.143	415.42	415.34
22:14:48	16.548	16.142	16.102	16.976	16.953	17.145	415.42	415.34
22:15:48	16.547	16.141	16.135	17.03	16.953	17.149	415.42	415.34
22:16:48	16.548	16.141	16.166	17.093	16.953	17.145	415.42	415.34
22:17:48	16.549	16.142	16.191	17.14	16.957	17.146	415.42	415.34
22:18:48	16.549	16.142	16.212	17.179	16.953	17.143	415.42	415.34
22:19:48	16.548	16.142	16.142	17.153	16.951	17.148	415.42	415.34
22:20:48	16.548	16.142	16.022	17.021	16.951	17.154	415.42	415.34
22:21:49	16.549	16.144	16.0	16.923	16.955	17.145	415.42	415.34
22:22:48	16.55	16.145	15.984	16.912	16.956	17.144	415.42	415.34
22:23:48	16.549	16.144	15.945	16.896	16.956	17.142	415.42	415.34
22:24:48	16.55	16.147	16.001	16.885	16.956	17.14	415.42	415.34
22:25:48	16.55	16.146	16.057	16.929	16.959	17.144	415.42	415.34
22:26:48	16.551	16.146	16.086	16.967	16.957	17.147	415.42	415.34
22:27:48	16.55	16.146	16.114	17.01	16.954	17.146	415.42	415.34
22:28:48	16.551	16.146	16.14	17.05	16.95	17.148	415.42	415.34
22:29:48	16.552	16.146	16.17	17.095	16.953	17.148	415.42	415.34
22:30:48	16.553	16.146	16.189	17.13	16.955	17.145	415.42	415.34
22:31:48	16.551	16.145	16.199	17.152	16.949	17.147	415.42	415.34
22:32:48	16.553	16.147	16.174	17.107	16.953	17.145	415.42	415.34
22:33:48	16.553	16.145	16.134	17.059	16.955	17.139	415.42	415.34
22:34:48	16.552	16.148	16.099	17.017	16.96	17.142	415.42	415.34
22:35:48	16.553	16.148	16.017	16.969	16.954	17.143	415.42	415.34
22:36:48	16.553	16.15	15.952	16.93	16.951	17.144	415.42	415.34
22:37:48	16.555	16.15	16.003	16.896	16.952	17.144	415.42	415.34
22:38:48	16.554	16.15	16.055	16.912	16.961	17.141	415.42	415.34
22:39:48	16.554	16.151	16.091	16.945	16.955	17.143	415.42	415.34
22:40:48	16.553	16.149	16.119	16.984	16.957	17.145	415.42	415.34
22:41:48	16.554	16.149	16.14	17.026	16.951	17.143	415.42	415.34
22:42:48	16.555	16.15	16.164	17.067	16.948	17.141	415.42	415.34
22:43:48	16.554	16.148	16.188	17.11	16.952	17.142	415.42	415.34
22:44:48	16.555	16.15	16.193	17.139	16.951	17.142	415.42	415.34
22:45:48	16.556	16.149	16.138	17.088	16.952	17.146	415.42	415.34
22:46:48	16.556	16.149	16.12	17.04	16.956	17.141	415.42	415.34
22:47:48	16.556	16.15	16.082	16.998	16.951	17.146	415.42	415.34
22:48:48	16.556	16.152	16.066	16.95	16.96	17.146	415.42	415.34
22:49:48	16.556	16.152	16.064	16.909	16.954	17.146	415.42	415.34
22:50:49	16.556	16.152	16.099	16.94	16.952	17.146	415.42	415.34
22:51:48	16.557	16.152	16.126	16.983	16.954	17.146	415.42	415.34
22:52:48	16.557	16.151	16.148	17.017	16.955	17.147	415.42	415.34
22:53:48	16.558	16.151	16.173	17.052	16.957	17.147	415.42	415.34
22:54:48	16.558	16.152	16.198	17.087	16.959	17.144	415.42	415.34
22:55:48	16.557	16.15	16.216	17.127	16.959	17.149	415.42	415.34
22:56:48	16.557	16.152	16.199	17.137	16.96	17.148	415.42	415.34
22:57:48	16.559	16.152	16.182	17.084	16.96	17.148	415.42	415.34
22:58:48	16.558	16.151	16.123	17.019	16.96	17.147	415.42	415.34
22:59:48	16.558	16.152	16.104	16.988	16.952	17.146	415.42	415.34
23:00:50	16.557	16.152	16.034	16.946	16.954	17.145	415.42	415.34
23:01:48	16.559	16.153	16.053	16.913	16.957	17.15	415.42	415.34
23:02:48	16.559	16.153	16.093	16.927	16.958	17.142	415.42	415.34
23:03:48	16.559	16.154	16.125	16.958	16.956	17.14	415.42	415.34
23:04:48	16.559	16.154	16.145	16.988	16.958	17.148	415.42	415.34
23:05:48	16.56	16.154	16.163	17.027	16.959	17.146	415.42	415.34
23:06:48	16.559	16.154	16.187	17.067	16.954	17.146	415.42	415.34
23:07:48	16.56	16.155	16.21	17.105	16.956	17.149	415.42	415.34
23:08:48	16.56	16.155	16.211	17.129	16.96	17.148	415.42	415.34
23:09:48	16.559	16.155	16.169	17.085	16.961	17.146	415.42	415.34
23:10:48	16.56	16.155	16.144	17.053	16.961	17.147	415.42	415.34
23:11:48	16.559	16.155	16.106	17.018	16.959	17.144	415.42	415.34
23:12:48	16.561	16.154	16.049	16.972	16.964	17.146	415.42	415.34
23:13:48	16.561	16.155	16.071	16.928	16.962	17.142	415.42	415.34
23:14:48	16.562	16.156	16.108	16.949	16.961	17.144	415.42	415.34
23:15:48	16.562	16.156	16.137	16.987	16.954	17.149	415.42	415.34
23:16:48	16.562	16.156	16.161	17.026	16.957	17.146	415.42	415.34
23:17:48	16.562	0.0	16.184	17.062	16.96	17.149	415.42	415.34
23:18:48	16.562	16.157	16.212	17.099	16.957	17.144	415.42	415.34
23:19:48	16.563	16.156	16.226	17.135	16.958	17.142	415.42	415.34
23:20:48	16.563	16.156	16.222	17.146	16.958	17.141	415.42	415.34
23:21:48	16.564	16.155	16.176	17.098	16.959	17.144	415.42	415.34
23:22:48	16.564	16.154	16.111	17.036	16.96	17.149	415.42	415.34
23:23:48	16.564	16.154	16.106	16.991	16.955	17.148	415.42	415.34
23:24:48	16.563	16.155	16.021	16.938	16.952	17.147	415.42	415.34
23:25:49	16.564	16.155	16.032	16.895	16.953	17.144	415.42	415.34
23:26:48	16.564	16.156	16.086	16.925	16.96	17.142	415.42	415.34
23:27:49	16.565	16.156	16.127	16.956	16.962	17.145	415.42	415.34
23:28:48	0.0	16.157	16.149	16.996	16.962	17.147	415.42	415.34
23:29:48	16.565	16.158	16.168	17.034	16.958	17.145	415.42	415.34
23:30:48	16.565	16.158	16.193	17.073	16.954	17.143	415.42	415.34
23:31:48	16.566	16.159	16.221	17.113	16.954	17.143	415.42	415.34
23:32:48	16.566	16.159	16.219	17.139	16.951	17.144	415.42	415.34
23:33:50	16.565	16.16	16.186	17.097	16.955	17.144	415.42	415.34
23:34:48	16.566	16.16	16.158	17.058	16.958	17.141	415.42	415.34
23:35:50	16.564	16.161	16.106	17.015	16.961	17.143	415.42	415.34
23:36:48	16.566	16.161	16.054	16.966	16.961	17.145	415.42	415.34
23:37:48	16.567	16.16	16.072	16.924	16.961	17.145	415.42	415.34
23:38:48	16.567	16.161	16.109	16.947	16.961	17.145	415.42	415.34
23:39:48	16.568	16.161	16.131	16.981	16.957	17.143	415.42	415.34
23:40:48	16.568	16.16	16.16	17.019	16.959	17.148	415.42	415.34
23:41:48	16.568	16.16	16.183	17.058	16.959	17.145	415.42	415.34
23:42:48	16.569	16.16	16.205	17.099	16.957	17.147	415.42	415.34
23:43:48	16.569	16.16	16.231	17.137	16.961	17.149	415.42	415.34
23:44:48	16.568	16.162	16.211	17.151	16.957	17.149	415.42	415.34
23:45:48	16.568	16.162	16.171	17.103	16.958	17.147	415.42	415.34
23:46:48	16.57	16.162	16.155	17.058	16.963	17.146	415.42	415.34
23:47:48	16.569	16.162	16.101	17.012	16.957	17.144	415.42	415.34
23:48:48	16.569	16.163	16.067	16.963	16.959	17.147	415.42	415.34
23:49:48	16.571	16.162	16.057	16.919	16.963	17.146	415.42	415.34
23:50:48	16.571	16.164	16.097	16.935	16.961	17.15	415.42	415.34
23:51:48	16.571	16.164	16.131	16.976	16.963	17.15	415.42	415.34
23:52:48	16.57	16.164	16.161	17.021	16.964	17.148	415.42	415.34
23:53:48	16.571	16.164	16.19	17.08	16.962	17.151	415.42	415.34
23:54:48	16.571	16.164	16.216	17.127	16.96	17.15	415.42	415.34
23:55:50	16.571	16.164	16.236	17.165	16.962	17.157	415.42	415.34
23:56:48	16.571	16.165	16.24	17.182	16.966	17.152	415.42	415.34
23:57:48	16.572	16.165	16.201	17.139	16.962	17.15	415.42	415.34
23:58:48	16.571	16.165	16.141	17.092	16.964	17.15	415.42	415.34
23:59:49	16.572	16.166	16.131	17.051	16.963	17.149	415.42	415.34
