00:00:19	24.69	24.669	25.009	25.84	23.017	22.999	415.42	415.34
00:01:19	24.69	24.67	25.006	25.829	23.019	23.0	415.42	415.34
00:02:19	24.689	24.669	25.008	25.829	23.017	22.998	415.42	415.34
00:03:19	24.69	24.67	25.002	25.823	23.018	23.0	415.42	415.34
00:04:19	24.69	24.669	25.0	25.822	23.017	23.001	415.42	415.34
00:05:19	24.69	24.669	25.003	25.829	23.016	23.001	415.42	415.34
00:06:19	24.689	24.67	25.003	25.831	23.018	23.0	415.42	415.34
00:07:19	24.692	24.671	25.008	25.834	23.019	23.0	415.42	415.34
00:08:19	24.69	24.673	25.01	25.836	23.019	23.002	415.42	415.34
00:09:19	24.69	24.673	25.004	25.827	23.02	23.001	415.42	415.34
00:10:19	24.69	24.672	25.001	25.826	23.02	23.001	415.42	415.34
00:11:19	24.69	24.672	24.998	25.828	23.02	23.002	415.42	415.34
00:12:19	24.69	24.674	24.996	25.821	23.019	23.001	415.42	415.34
00:13:19	24.69	24.674	24.997	25.819	23.021	23.002	415.42	415.34
00:14:19	24.691	24.675	24.998	25.82	23.022	23.003	415.42	415.34
00:15:19	24.691	24.676	24.992	25.821	23.022	23.003	415.42	415.34
00:16:19	24.691	24.676	24.995	25.826	23.021	23.002	415.42	415.34
00:17:19	24.691	24.675	24.997	25.827	23.02	23.002	415.42	415.34
00:18:19	24.691	24.674	24.996	25.819	23.019	23.002	415.42	415.34
00:19:19	24.69	24.675	24.984	25.822	23.021	23.001	415.42	415.34
00:20:19	24.691	24.674	24.983	25.814	23.02	23.001	415.42	415.34
00:21:19	24.691	24.673	24.99	25.82	23.02	23.0	415.42	415.34
00:22:19	24.691	24.674	24.991	25.817	23.02	23.002	415.42	415.34
00:23:19	24.691	24.674	24.989	25.812	23.021	23.001	415.42	415.34
00:24:19	24.69	24.673	24.992	25.81	23.02	23.002	415.42	415.34
00:25:19	24.691	24.672	24.989	25.803	23.019	23.002	415.42	415.34
00:26:19	24.69	24.672	24.984	25.809	23.017	23.0	415.42	415.34
00:27:19	24.69	24.671	24.987	25.808	23.016	22.999	415.42	415.34
00:28:19	24.691	24.67	24.986	25.809	23.017	22.999	415.42	415.34
00:29:19	24.69	24.67	24.984	25.804	23.018	22.998	415.42	415.34
00:30:19	24.69	24.67	24.988	25.806	23.017	22.999	415.42	415.34
00:31:19	24.69	24.67	24.99	25.808	23.015	22.998	415.42	415.34
00:32:19	24.69	24.67	24.986	25.808	23.015	22.999	415.42	415.34
00:33:19	24.69	24.669	24.984	25.809	23.016	22.999	415.42	415.34
00:34:19	24.69	24.669	24.984	25.813	23.017	23.0	415.42	415.34
00:35:19	24.69	24.67	24.989	25.816	23.018	22.999	415.42	415.34
00:36:19	24.69	24.671	24.98	25.816	23.018	23.002	415.42	415.34
00:37:19	24.69	24.672	24.979	25.811	23.018	23.0	415.42	415.34
00:38:19	24.69	24.671	24.978	25.807	23.018	23.001	415.42	415.34
00:39:19	24.691	24.671	24.981	25.807	23.018	23.0	415.42	415.34
00:40:21	24.69	24.671	24.984	25.807	23.019	23.0	415.42	415.34
00:41:19	24.689	24.67	24.985	25.808	23.017	23.0	415.42	415.34
00:42:19	24.69	24.671	24.981	25.808	23.017	22.999	415.42	415.34
00:43:19	24.691	24.671	24.979	25.815	23.018	22.999	415.42	415.34
00:44:19	24.69	24.671	24.982	25.81	23.018	22.999	415.42	415.34
00:45:19	24.689	24.67	24.981	25.806	23.018	22.998	415.42	415.34
00:46:19	24.691	24.67	24.984	25.817	23.018	23.0	415.42	415.34
00:47:19	24.689	24.67	24.98	25.81	23.018	23.0	415.42	415.34
00:48:19	24.69	24.672	24.981	25.803	23.019	23.0	415.42	415.34
00:49:19	24.689	24.67	24.984	25.817	23.019	23.001	415.42	415.34
00:50:19	24.689	24.673	24.98	25.819	23.022	23.001	415.42	415.34
00:51:19	24.689	24.673	24.979	25.816	23.02	23.0	415.42	415.34
00:52:19	24.69	24.673	24.989	25.818	23.021	23.002	415.42	415.34
00:53:19	24.689	24.674	24.985	25.811	23.021	23.002	415.42	415.34
00:54:19	24.689	24.674	24.982	25.806	23.022	23.003	415.42	415.34
00:55:19	24.69	24.674	24.986	25.807	23.022	23.002	415.42	415.34
00:56:19	24.689	24.675	24.974	25.811	23.021	23.002	415.42	415.34
00:57:19	24.69	24.675	24.982	25.813	23.022	23.003	415.42	415.34
00:58:19	24.69	24.676	24.985	25.806	23.022	23.002	415.42	415.34
00:59:19	24.691	24.676	24.979	25.809	23.022	23.003	415.42	415.34
01:00:19	24.691	24.676	24.976	25.812	23.023	23.003	415.42	415.34
01:01:19	24.69	24.676	24.98	25.811	23.023	23.004	415.42	415.34
01:02:19	24.69	24.677	24.979	25.813	23.022	23.003	415.42	415.34
01:03:19	24.691	24.675	24.979	25.808	23.022	23.002	415.42	415.34
01:04:19	24.689	24.675	24.972	25.8	23.021	23.003	415.42	415.34
01:05:19	24.69	24.675	24.977	25.807	23.021	23.002	415.42	415.34
01:06:19	24.69	24.676	24.979	25.799	23.021	23.003	415.42	415.34
01:07:19	24.691	24.675	24.981	25.801	23.022	23.003	415.42	415.34
01:08:19	24.691	24.675	24.979	25.802	23.022	23.002	415.42	415.34
01:09:19	24.69	24.675	24.977	25.802	23.022	23.004	415.42	415.34
01:10:19	24.691	24.675	24.973	25.804	23.022	23.003	415.42	415.34
01:11:19	24.69	24.675	24.978	25.806	23.022	23.003	415.42	415.34
01:12:19	24.691	24.675	24.98	25.803	23.023	23.003	415.42	415.34
01:13:19	24.691	24.677	24.978	25.797	23.024	23.004	415.42	415.34
01:14:19	24.691	24.678	24.978	25.791	23.025	23.003	415.42	415.34
01:15:19	24.691	24.677	24.98	25.792	23.024	23.003	415.42	415.34
01:16:19	24.691	24.678	24.979	25.803	23.024	23.003	415.42	415.34
01:17:19	24.691	24.677	24.974	25.806	23.023	23.003	415.42	415.34
01:18:19	24.69	24.677	24.967	25.802	23.022	23.003	415.42	415.34
01:19:19	24.691	24.677	24.966	25.794	23.022	23.003	415.42	415.34
01:20:19	24.69	24.675	24.97	25.789	23.023	23.003	415.42	415.34
01:21:19	24.69	24.675	24.973	25.789	23.023	23.002	415.42	415.34
01:22:19	24.69	24.675	24.975	25.794	23.022	23.002	415.42	415.34
01:23:19	24.69	24.674	24.973	25.796	23.023	23.003	415.42	415.34
01:24:19	24.69	24.675	24.975	25.801	23.023	23.003	415.42	415.34
01:25:19	24.691	24.675	24.977	25.801	23.023	23.003	415.42	415.34
01:26:19	24.69	24.674	24.974	25.8	23.022	23.003	415.42	415.34
01:27:19	24.691	24.673	24.976	25.797	23.022	23.002	415.42	415.34
01:28:19	24.691	24.673	24.973	25.799	23.02	23.002	415.42	415.34
01:29:19	24.691	24.674	24.974	25.801	23.021	23.002	415.42	415.34
01:30:19	24.69	24.672	24.97	25.797	23.021	23.002	415.42	415.34
01:31:19	24.689	24.672	24.97	25.799	23.021	23.001	415.42	415.34
01:32:19	24.69	24.672	24.959	25.792	23.021	23.0	415.42	415.34
01:33:19	24.691	24.672	24.961	25.796	23.021	22.999	415.42	415.34
01:34:19	24.691	24.673	24.968	25.801	23.02	23.0	415.42	415.34
01:35:19	24.69	24.673	24.972	25.799	23.021	23.002	415.42	415.34
01:36:19	24.69	24.672	24.968	25.793	23.021	23.002	415.42	415.34
01:37:19	24.69	24.671	24.967	25.793	23.019	23.001	415.42	415.34
01:38:19	24.69	24.671	24.969	25.796	23.018	23.002	415.42	415.34
01:39:19	24.689	24.67	24.964	25.795	23.018	23.0	415.42	415.34
01:40:19	24.689	24.67	24.962	25.798	23.02	23.001	415.42	415.34
01:41:19	24.689	24.671	24.967	25.8	23.021	23.001	415.42	415.34
01:42:19	24.689	24.672	24.973	25.803	23.021	23.001	415.42	415.34
01:43:19	24.689	24.673	24.965	25.803	23.022	23.002	415.42	415.34
01:44:19	24.69	24.673	24.971	25.802	23.021	23.002	415.42	415.34
01:45:19	24.689	24.672	24.965	25.797	23.02	23.001	415.42	415.34
01:46:19	24.691	24.673	24.967	25.799	23.022	23.002	415.42	415.34
01:47:19	24.691	24.672	24.968	25.793	23.021	23.002	415.42	415.34
01:48:19	24.689	24.673	24.964	25.792	23.021	23.003	415.42	415.34
01:49:19	24.69	24.674	24.964	25.795	23.021	23.002	415.42	415.34
01:50:19	24.689	24.673	24.968	25.795	23.021	23.001	415.42	415.34
01:51:19	24.689	24.673	24.969	25.794	23.021	23.001	415.42	415.34
01:52:19	24.688	24.672	24.962	25.789	23.022	23.001	415.42	415.34
01:53:19	24.689	24.673	24.964	25.789	23.023	23.001	415.42	415.34
01:54:19	24.689	24.673	24.956	25.786	23.022	23.002	415.42	415.34
01:55:19	24.69	24.673	24.966	25.793	23.022	23.002	415.42	415.34
01:56:19	24.689	24.673	24.966	25.787	23.021	23.003	415.42	415.34
01:57:19	24.69	24.673	24.965	25.793	23.022	23.002	415.42	415.34
01:58:19	24.69	24.673	24.964	25.795	23.023	23.003	415.42	415.34
01:59:19	24.69	24.673	24.968	25.798	23.021	23.001	415.42	415.34
02:00:19	24.688	24.672	24.971	25.797	23.021	23.002	415.42	415.34
02:01:19	24.69	24.673	24.965	25.794	23.022	23.002	415.42	415.34
02:02:19	24.69	24.673	24.968	25.791	23.022	23.002	415.42	415.34
02:03:19	24.689	24.674	24.964	25.799	23.022	23.002	415.42	415.34
02:04:19	24.689	24.673	24.967	25.798	23.021	23.001	415.42	415.34
02:05:19	24.689	24.672	24.963	25.799	23.02	23.001	415.42	415.34
02:06:19	24.69	24.67	24.959	25.799	23.02	23.0	415.42	415.34
02:07:19	24.688	24.671	24.962	25.797	23.02	23.001	415.42	415.34
02:08:19	24.689	24.671	24.957	25.802	23.017	23.001	415.42	415.34
02:09:19	24.689	24.67	24.956	25.801	23.017	22.998	415.42	415.34
02:10:19	24.689	24.669	24.959	25.801	23.019	23.0	415.42	415.34
02:11:19	24.688	24.669	24.956	25.799	23.02	22.999	415.42	415.34
02:12:19	24.688	24.669	24.957	25.801	23.018	23.001	415.42	415.34
02:13:19	24.688	24.668	24.95	25.804	23.019	23.001	415.42	415.34
02:14:19	24.688	24.67	24.954	25.807	23.019	22.999	415.42	415.34
02:15:19	24.688	24.669	24.949	25.809	23.02	23.001	415.42	415.34
02:16:19	24.688	24.67	24.936	25.794	23.019	23.002	415.42	415.34
02:17:19	24.689	24.67	24.93	25.79	23.02	23.002	415.42	415.34
02:18:19	24.688	24.67	24.928	25.792	23.021	23.001	415.42	415.34
02:19:19	24.688	24.669	24.923	25.791	23.019	23.001	415.42	415.34
02:20:19	24.687	24.668	24.917	25.789	23.018	23.001	415.42	415.34
02:21:19	24.688	24.669	24.911	25.784	23.018	22.999	415.42	415.34
02:22:19	24.688	24.67	24.908	25.782	23.019	23.0	415.42	415.34
02:23:19	24.688	24.67	24.917	25.784	23.019	23.002	415.42	415.34
02:24:19	24.688	24.67	24.934	25.786	23.022	23.002	415.42	415.34
02:25:19	24.688	24.671	24.93	25.784	23.02	23.002	415.42	415.34
02:26:19	24.689	24.671	24.923	25.777	23.022	23.001	415.42	415.34
02:27:19	24.687	24.67	24.919	25.776	23.022	23.001	415.42	415.34
02:28:19	24.688	24.669	24.903	25.78	23.019	22.999	415.42	415.34
02:29:19	24.687	24.667	24.905	25.782	23.02	23.0	415.42	415.34
02:30:19	24.687	24.668	24.908	25.784	23.02	22.999	415.42	415.34
02:31:19	24.688	24.669	24.914	25.791	23.019	23.001	415.42	415.34
02:32:19	24.688	24.668	24.92	25.79	23.02	22.999	415.42	415.34
02:33:19	24.688	24.668	24.922	25.788	23.021	23.0	415.42	415.34
02:34:19	24.687	24.669	24.909	25.784	23.019	23.0	415.42	415.34
02:35:19	24.687	24.669	24.908	25.781	23.02	23.001	415.42	415.34
02:36:19	24.688	24.669	24.902	25.779	23.019	23.0	415.42	415.34
02:37:19	24.688	24.669	24.885	25.774	23.02	23.0	415.42	415.34
02:38:19	24.688	24.67	24.892	25.775	23.021	22.999	415.42	415.34
02:39:19	24.688	24.67	24.885	25.772	23.021	23.002	415.42	415.34
02:40:19	24.688	24.67	24.869	25.783	23.022	23.002	415.42	415.34
02:41:19	24.688	24.67	24.889	25.81	23.022	23.002	415.42	415.34
02:42:19	24.689	24.671	24.882	25.745	23.023	23.003	415.42	415.34
02:43:19	24.687	24.67	24.874	25.728	23.022	23.001	415.42	415.34
02:44:19	24.688	24.671	24.877	25.756	23.022	23.001	415.42	415.34
02:45:19	24.688	24.671	24.893	25.788	23.02	23.002	415.42	415.34
02:46:19	24.688	24.67	24.904	25.808	23.021	23.001	415.42	415.34
02:47:19	24.688	24.669	24.912	25.81	23.022	23.002	415.42	415.34
02:48:19	24.689	24.671	24.914	25.806	23.019	23.001	415.42	415.34
02:49:19	24.689	24.669	24.91	25.787	23.021	23.0	415.42	415.34
02:50:19	24.688	24.67	24.903	25.772	23.02	23.002	415.42	415.34
02:51:19	24.688	24.67	24.899	25.775	23.019	23.0	415.42	415.34
02:52:19	24.687	24.668	24.897	25.772	23.018	23.0	415.42	415.34
02:53:21	24.688	24.668	24.907	25.784	23.017	23.0	415.42	415.34
02:54:19	24.687	24.667	24.907	25.819	23.017	23.0	415.42	415.34
02:55:19	24.687	24.667	24.903	25.84	23.019	23.0	415.42	415.34
02:56:19	24.686	24.667	24.908	25.843	23.017	22.999	415.42	415.34
02:57:19	24.686	24.666	24.899	25.844	23.017	22.997	415.42	415.34
02:58:19	24.687	24.665	24.905	25.697	23.017	23.0	415.42	415.34
02:59:19	24.687	24.667	24.89	25.606	23.017	22.998	415.42	415.34
03:00:19	24.687	24.667	24.894	25.659	23.016	22.998	415.42	415.34
03:01:19	24.687	24.667	24.909	25.693	23.017	23.001	415.42	415.34
03:02:20	24.686	24.667	24.906	25.768	23.018	23.001	415.42	415.34
03:03:19	0.0	24.667	24.903	25.806	23.019	23.001	415.42	415.34
03:04:19	24.688	24.668	24.897	25.777	23.02	23.002	415.42	415.34
03:05:19	24.686	24.669	24.914	25.794	23.021	23.002	415.42	415.34
03:06:19	24.686	24.669	24.905	25.81	23.022	23.001	415.42	415.34
03:07:19	24.687	24.67	24.911	25.815	23.022	23.003	415.42	415.34
03:08:19	24.686	24.67	24.914	25.825	23.022	23.003	415.42	415.34
03:09:19	24.687	24.671	24.916	25.823	23.023	23.003	415.42	415.34
03:10:19	24.688	24.672	24.918	25.816	23.025	23.005	415.42	415.34
03:11:19	24.687	24.673	24.897	25.799	23.027	23.007	415.42	415.34
03:12:19	24.687	24.675	24.893	25.788	23.027	23.004	415.42	415.34
03:13:19	24.687	24.675	24.896	25.788	23.027	23.005	415.42	415.34
03:14:19	24.687	24.675	24.902	25.791	23.026	23.005	415.42	415.34
03:15:19	24.688	24.675	24.907	25.789	23.024	23.003	415.42	415.34
03:16:19	24.687	24.674	24.914	25.79	23.023	23.004	415.42	415.34
03:17:19	24.687	24.673	24.908	25.792	23.023	23.002	415.42	415.34
03:18:19	24.687	24.672	24.912	25.791	23.023	23.002	415.42	415.34
03:19:19	24.688	24.672	24.904	25.79	23.022	23.002	415.42	415.34
03:20:19	24.686	24.671	24.905	25.805	23.023	23.003	415.42	415.34
03:21:19	24.687	24.671	24.905	25.835	23.023	23.002	415.42	415.34
03:22:21	24.687	24.671	24.899	25.855	23.021	23.002	415.42	415.34
03:23:19	24.687	24.671	24.902	25.868	23.021	23.002	415.42	415.34
03:24:19	24.687	24.671	24.906	25.861	23.023	23.003	415.42	415.34
03:25:19	24.687	24.67	24.904	25.859	23.022	23.003	415.42	415.34
03:26:19	24.687	24.67	24.913	25.862	23.022	23.003	415.42	415.34
03:27:19	24.686	24.67	24.933	25.856	23.02	23.003	415.42	415.34
03:28:19	24.686	24.671	24.928	25.854	23.021	23.001	415.42	415.34
03:29:19	24.687	24.671	24.924	25.854	23.021	23.002	415.42	415.34
03:30:19	24.686	24.669	24.924	25.852	23.021	23.0	415.42	415.34
03:31:19	24.687	24.669	24.932	25.847	23.022	23.002	415.42	415.34
03:32:19	24.686	24.669	24.933	25.841	23.021	23.003	415.42	415.34
03:33:19	24.686	24.668	24.926	25.831	23.021	23.002	415.42	415.34
03:34:19	24.686	24.668	24.917	25.803	23.02	23.003	415.42	415.34
03:35:19	24.685	24.667	24.907	25.787	23.02	23.002	415.42	415.34
03:36:19	24.686	24.667	24.912	25.777	23.019	22.999	415.42	415.34
03:37:19	24.685	24.667	24.92	25.78	23.019	23.001	415.42	415.34
03:38:19	24.686	24.667	24.92	25.777	23.021	23.002	415.42	415.34
03:39:19	24.686	24.668	24.913	25.782	23.02	23.001	415.42	415.34
03:40:19	24.685	24.667	24.916	25.783	23.02	23.0	415.42	415.34
03:41:19	24.684	24.666	24.924	25.782	23.02	23.001	415.42	415.34
03:42:19	24.685	24.665	24.928	25.788	23.018	23.0	415.42	415.34
03:43:19	24.685	24.666	24.925	25.794	23.017	23.0	415.42	415.34
03:44:19	24.685	24.666	24.927	25.79	23.02	23.001	415.42	415.34
03:45:19	24.686	24.665	24.934	25.802	23.02	23.001	415.42	415.34
03:46:19	24.684	24.665	24.927	25.806	23.02	23.001	415.42	415.34
03:47:19	24.684	24.665	24.936	25.824	23.02	23.0	415.42	415.34
03:48:19	24.685	24.665	24.94	25.826	23.02	23.0	415.42	415.34
03:49:19	24.684	24.665	24.941	25.811	23.022	23.002	415.42	415.34
03:50:19	24.686	24.666	24.942	25.802	23.02	23.002	415.42	415.34
03:51:19	24.685	24.667	24.939	25.799	23.021	23.001	415.42	415.34
03:52:19	24.685	24.667	24.941	25.813	23.021	23.003	415.42	415.34
03:53:19	24.684	24.667	24.945	25.843	23.022	23.002	415.42	415.34
03:54:19	24.684	24.667	24.947	25.854	23.022	23.001	415.42	415.34
03:55:19	24.685	24.666	24.953	25.883	23.022	23.002	415.42	415.34
03:56:19	24.685	24.667	24.968	25.923	23.022	23.002	415.42	415.34
03:57:19	24.685	24.667	24.969	25.939	23.022	23.003	415.42	415.34
03:58:19	24.685	24.667	24.973	25.917	23.022	23.002	415.42	415.34
03:59:19	24.685	24.668	24.962	25.884	23.022	23.003	415.42	415.34
04:00:19	24.685	24.667	24.964	25.876	23.023	23.003	415.42	415.34
04:01:19	24.685	24.667	24.937	25.879	23.023	23.002	415.42	415.34
04:02:19	24.685	24.666	24.93	25.875	23.022	23.003	415.42	415.34
04:03:19	24.685	24.665	24.919	25.851	23.021	23.002	415.42	415.34
04:04:19	24.685	24.667	24.916	25.83	23.021	23.001	415.42	415.34
04:05:19	24.684	24.665	24.916	25.821	23.021	23.001	415.42	415.34
04:06:19	24.683	24.664	24.916	25.815	23.02	23.001	415.42	415.34
04:07:19	24.684	24.664	24.908	25.818	23.019	23.0	415.42	415.34
04:08:19	24.683	24.663	24.894	25.818	23.02	23.0	415.42	415.34
04:09:19	24.684	24.664	24.893	25.814	23.019	23.001	415.42	415.34
04:10:19	24.683	24.663	24.89	25.811	23.02	23.002	415.42	415.34
04:11:19	24.684	24.663	24.895	25.803	23.019	22.999	415.42	415.34
04:12:19	24.684	24.663	24.894	25.801	23.02	23.0	415.42	415.34
04:13:19	24.683	24.663	24.878	25.783	23.019	23.002	415.42	415.34
04:14:19	24.683	24.663	24.869	25.784	23.02	23.002	415.42	415.34
04:15:19	24.684	24.663	24.877	25.785	23.02	23.001	415.42	415.34
04:16:19	24.683	24.664	24.886	25.782	23.021	23.0	415.42	415.34
04:17:19	0.0	24.662	24.868	25.778	23.02	23.001	415.42	415.34
04:18:19	24.683	24.664	24.876	25.778	23.021	22.999	415.42	415.34
04:19:19	24.682	24.663	24.873	25.775	23.019	23.001	415.42	415.34
04:20:19	24.683	24.665	24.873	25.779	23.02	23.001	415.42	415.34
04:21:19	24.682	24.663	24.874	25.775	23.021	23.001	415.42	415.34
04:22:19	24.683	24.664	24.872	25.783	23.022	23.002	415.42	415.34
04:23:19	24.683	24.664	24.885	25.802	23.021	23.001	415.42	415.34
04:24:19	24.683	24.662	24.885	25.802	23.019	23.0	415.42	415.34
04:25:19	24.681	24.662	24.883	25.803	23.018	22.999	415.42	415.34
04:26:19	24.681	24.66	24.882	25.794	23.015	22.999	415.42	415.34
04:27:19	24.683	24.66	24.883	25.799	23.017	22.998	415.42	415.34
04:28:19	24.683	24.659	24.882	25.803	23.016	22.998	415.42	415.34
04:29:19	24.681	24.66	24.886	25.804	23.018	22.999	415.42	415.34
04:30:19	24.682	24.661	24.876	25.803	23.017	22.998	415.42	415.34
04:31:19	24.682	24.661	24.884	25.816	23.018	22.999	415.42	415.34
04:32:19	24.681	24.662	24.898	25.83	23.018	23.001	415.42	415.34
04:33:19	24.683	24.662	24.891	25.853	23.019	23.0	415.42	415.34
04:34:19	24.683	24.662	24.898	25.864	23.021	23.001	415.42	415.34
04:35:19	24.682	24.661	24.895	25.85	23.02	23.001	415.42	415.34
04:36:19	24.681	24.661	24.893	25.838	23.018	22.999	415.42	415.34
04:37:19	24.681	24.661	24.897	25.827	23.018	22.998	415.42	415.34
04:38:19	24.681	24.659	24.893	25.815	23.016	22.999	415.42	415.34
04:39:19	24.682	24.659	24.897	25.811	23.015	22.997	415.42	415.34
04:40:19	24.681	24.658	24.9	25.806	23.015	22.997	415.42	415.34
04:41:19	24.68	24.657	24.893	25.827	23.018	22.998	415.42	415.34
04:42:19	24.68	24.657	24.904	25.869	23.017	22.999	415.42	415.34
04:43:19	24.683	24.658	24.914	25.878	23.018	22.999	415.42	415.34
04:44:19	24.681	24.658	24.906	25.875	23.016	22.998	415.42	415.34
04:45:19	24.681	24.658	24.91	25.856	23.017	22.999	415.42	415.34
04:46:19	24.681	24.658	24.887	25.827	23.019	23.001	415.42	415.34
04:47:19	24.681	24.658	24.896	25.819	23.019	23.0	415.42	415.34
04:48:19	24.681	24.661	24.901	25.816	23.019	22.999	415.42	415.34
04:49:19	24.681	24.66	24.906	25.822	23.018	23.0	415.42	415.34
04:50:19	24.681	24.66	24.905	25.832	23.018	22.999	415.42	415.34
04:51:19	24.68	24.66	24.895	25.845	23.018	22.998	415.42	415.34
04:52:19	24.681	24.659	24.89	25.879	23.018	22.999	415.42	415.34
04:53:19	24.681	24.658	24.902	25.919	23.019	23.0	415.42	415.34
04:54:19	24.681	24.659	24.928	25.942	23.017	22.999	415.42	415.34
04:55:19	24.68	24.66	24.925	25.939	23.018	22.999	415.42	415.34
04:56:19	24.68	24.659	24.927	25.963	23.017	23.0	415.42	415.34
04:57:19	24.681	24.66	24.937	25.995	23.019	23.001	415.42	415.34
04:58:19	24.68	24.659	24.952	26.024	23.02	23.001	415.42	415.34
04:59:19	24.681	24.662	24.955	26.107	23.019	23.0	415.42	415.34
05:00:19	24.68	24.66	24.972	26.136	23.02	23.0	415.42	415.34
05:01:19	24.68	24.659	24.997	26.236	23.02	23.0	415.42	415.34
05:02:19	24.68	24.66	25.022	26.39	23.02	23.001	415.42	415.34
05:03:19	24.681	24.661	25.059	26.564	23.02	23.001	415.42	415.34
05:04:19	24.682	24.66	25.097	26.792	23.02	23.0	415.42	415.34
05:05:19	24.68	24.659	25.101	26.746	23.018	23.0	415.42	415.34
05:06:19	24.681	24.659	25.059	26.426	23.017	22.999	415.42	415.34
05:07:19	24.681	24.657	25.028	26.247	23.017	22.999	415.42	415.34
05:08:19	24.68	24.658	25.018	26.146	23.017	22.998	415.42	415.34
05:09:19	24.679	24.658	25.008	26.071	23.016	22.998	415.42	415.34
05:10:19	24.68	24.657	24.98	26.044	23.017	22.997	415.42	415.34
05:11:19	24.68	24.656	24.971	26.027	23.016	22.998	415.42	415.34
05:12:19	24.68	24.657	24.994	26.006	23.017	22.998	415.42	415.34
05:13:19	24.679	24.657	24.989	25.98	23.017	22.998	415.42	415.34
05:14:21	24.679	24.657	24.999	25.97	23.017	22.998	415.42	415.34
05:15:19	24.68	24.658	24.99	25.943	23.016	22.998	415.42	415.34
05:16:19	24.68	24.656	24.988	25.939	23.015	22.998	415.42	415.34
05:17:19	24.679	24.657	24.998	25.93	23.015	22.998	415.42	415.34
05:18:19	24.679	24.657	25.008	25.924	23.016	22.998	415.42	415.34
05:19:19	24.679	24.656	24.995	25.905	23.015	22.998	415.42	415.34
05:20:19	24.679	24.656	24.991	25.884	23.016	22.997	415.42	415.34
05:21:19	24.679	24.657	24.984	25.883	23.017	22.998	415.42	415.34
05:22:19	24.68	24.655	24.986	25.874	23.017	22.999	415.42	415.34
05:23:19	24.679	24.657	24.983	25.871	23.016	22.999	415.42	415.34
05:24:19	24.679	24.657	24.98	25.864	23.017	22.999	415.42	415.34
05:25:19	24.68	24.657	24.987	25.864	23.018	22.999	415.42	415.34
05:26:19	24.678	24.658	24.983	25.866	23.017	22.999	415.42	415.34
05:27:19	24.679	24.658	24.975	25.864	23.018	23.0	415.42	415.34
05:28:19	24.679	24.658	24.972	25.864	23.018	22.998	415.42	415.34
05:29:19	24.678	24.659	24.965	25.856	23.017	22.998	415.42	415.34
05:30:19	24.679	24.657	24.965	25.856	23.016	22.998	415.42	415.34
05:31:19	24.678	24.657	24.975	25.857	23.015	22.997	415.42	415.34
05:32:19	24.678	24.658	24.978	25.853	23.015	22.998	415.42	415.34
05:33:19	24.678	24.656	24.967	25.842	23.015	22.998	415.42	415.34
05:34:19	24.678	24.656	24.967	25.838	23.013	22.998	415.42	415.34
05:35:19	24.678	24.656	24.967	25.838	23.013	22.997	415.42	415.34
05:36:19	24.678	24.654	24.967	25.847	23.014	22.996	415.42	415.34
05:37:19	24.677	24.654	24.971	25.866	23.013	22.996	415.42	415.34
05:38:19	24.678	24.653	24.975	25.897	23.012	22.996	415.42	415.34
05:39:19	24.678	24.654	24.985	25.923	23.011	22.995	415.42	415.34
05:40:19	24.678	24.654	24.982	25.931	23.013	22.996	415.42	415.34
05:41:19	24.678	24.653	24.996	25.945	23.013	22.995	415.42	415.34
05:42:19	24.677	24.653	25.005	25.969	23.013	22.996	415.42	415.34
05:43:19	24.678	24.653	25.01	26.003	23.011	22.996	415.42	415.34
05:44:19	24.677	24.654	25.012	26.023	23.013	22.997	415.42	415.34
05:45:19	24.677	24.653	25.026	26.065	23.012	22.994	415.42	415.34
05:46:19	24.678	24.654	25.02	26.056	23.012	22.997	415.42	415.34
05:47:19	24.677	24.654	25.02	26.028	23.014	22.994	415.42	415.34
05:48:19	24.677	24.655	25.021	25.999	23.015	22.996	415.42	415.34
05:49:19	24.678	24.656	25.017	25.974	23.015	22.997	415.42	415.34
05:50:19	24.678	24.656	25.03	26.01	23.016	22.998	415.42	415.34
05:51:19	24.677	24.657	25.024	26.034	23.016	22.997	415.42	415.34
05:52:19	24.678	24.657	25.025	26.062	23.017	22.998	415.42	415.34
05:53:19	24.678	24.658	25.034	26.066	23.016	22.997	415.42	415.34
05:54:19	24.678	24.658	25.03	26.018	23.017	22.998	415.42	415.34
05:55:19	24.678	24.659	25.025	25.985	23.017	22.999	415.42	415.34
05:56:19	24.678	24.659	25.032	25.968	23.018	22.999	415.42	415.34
05:57:19	24.678	24.659	25.019	25.961	23.019	22.999	415.42	415.34
05:58:19	24.679	24.662	25.008	25.982	23.019	23.0	415.42	415.34
05:59:19	24.678	24.662	25.012	26.015	23.018	22.999	415.42	415.34
06:00:19	24.678	24.662	25.025	26.017	23.02	23.0	415.42	415.34
06:01:19	24.678	24.661	25.034	26.051	23.018	22.998	415.42	415.34
06:02:19	24.678	24.661	25.028	26.03	23.018	22.999	415.42	415.34
06:03:19	24.678	24.661	25.012	25.987	23.017	22.997	415.42	415.34
06:04:19	24.678	24.661	25.01	25.975	23.017	22.998	415.42	415.34
06:05:19	24.678	24.66	25.025	26.001	23.016	22.997	415.42	415.34
06:06:19	24.678	24.66	25.036	26.032	23.016	22.998	415.42	415.34
06:07:19	24.678	24.662	25.04	26.036	23.018	22.997	415.42	415.34
06:08:19	24.678	24.66	25.017	26.032	23.019	22.999	415.42	415.34
06:09:19	24.677	24.661	25.028	25.995	23.018	23.0	415.42	415.34
06:10:19	24.679	24.663	25.023	25.969	23.02	23.0	415.42	415.34
06:11:19	24.679	24.663	25.023	25.964	23.019	23.001	415.42	415.34
06:12:19	24.679	24.664	25.028	25.973	23.019	23.0	415.42	415.34
06:13:19	24.678	24.663	25.024	25.966	23.019	23.0	415.42	415.34
06:14:19	24.679	24.664	25.042	26.008	23.02	23.0	415.42	415.34
06:15:19	24.679	24.664	25.054	26.068	23.021	23.0	415.42	415.34
06:16:19	24.679	24.666	25.063	26.114	23.02	22.999	415.42	415.34
06:17:19	24.68	24.666	25.043	26.185	23.02	23.0	415.42	415.34
06:18:19	24.68	24.667	25.052	26.119	23.019	23.0	415.42	415.34
06:19:19	24.679	24.666	25.015	26.082	23.018	23.0	415.42	415.34
06:20:23	24.679	24.665	25.025	26.058	23.02	23.0	415.42	415.34
06:21:19	24.679	24.665	25.03	26.035	23.019	23.0	415.42	415.34
06:22:19	24.679	24.664	25.021	26.011	23.019	22.997	415.42	415.34
06:23:19	24.679	24.665	25.002	25.999	23.019	22.999	415.42	415.34
06:24:19	24.678	24.665	25.012	25.979	23.02	22.999	415.42	415.34
06:25:19	24.68	24.665	25.015	25.961	23.019	22.998	415.42	415.34
06:26:19	24.679	24.664	25.023	25.961	23.018	22.998	415.42	415.34
06:27:19	24.68	24.665	25.014	25.936	23.018	22.997	415.42	415.34
06:28:19	24.679	24.665	25.015	25.931	23.016	22.998	415.42	415.34
06:29:19	24.68	24.665	25.012	25.911	23.016	22.998	415.42	415.34
06:30:20	24.679	24.664	25.008	25.901	23.016	22.998	415.42	415.34
06:31:19	24.679	24.663	24.995	25.875	23.016	22.997	415.42	415.34
06:32:19	24.678	24.663	24.976	25.859	23.015	22.997	415.42	415.34
06:33:19	24.68	24.663	24.978	25.853	23.014	22.996	415.42	415.34
06:34:19	24.679	24.662	24.982	25.851	23.016	22.996	415.42	415.34
06:35:19	24.678	24.663	24.992	25.851	23.013	22.997	415.42	415.34
06:36:19	24.679	24.663	24.984	25.842	23.016	22.996	415.42	415.34
06:37:19	24.68	24.664	24.989	25.85	23.014	22.996	415.42	415.34
06:38:19	24.679	24.664	24.992	25.862	23.016	22.996	415.42	415.34
06:39:19	24.679	24.665	24.997	25.855	23.014	22.997	415.42	415.34
06:40:19	24.679	24.665	25.002	25.867	23.017	22.999	415.42	415.34
06:41:19	24.679	24.666	24.995	25.867	23.019	22.999	415.42	415.34
06:42:19	24.679	24.667	24.982	25.864	23.017	22.996	415.42	415.34
06:43:19	24.68	24.667	24.982	25.859	23.018	22.999	415.42	415.34
06:44:19	24.678	24.667	24.989	25.864	23.019	22.998	415.42	415.34
06:45:19	24.68	24.667	25.001	25.866	23.018	22.998	415.42	415.34
06:46:19	24.68	24.668	24.995	25.878	23.019	22.999	415.42	415.34
06:47:19	24.68	24.669	25.006	25.907	23.019	22.998	415.42	415.34
06:48:19	24.679	24.669	24.988	25.912	23.018	22.998	415.42	415.34
06:49:19	24.68	24.669	24.993	25.934	23.019	22.996	415.42	415.34
06:50:19	24.681	24.67	25.0	25.943	23.019	22.999	415.42	415.34
06:51:19	24.679	24.671	24.998	25.924	23.02	22.999	415.42	415.34
06:52:19	24.68	24.672	25.007	25.932	23.021	22.998	415.42	415.34
06:53:19	24.68	24.671	25.005	25.937	23.019	22.999	415.42	415.34
06:54:19	24.681	24.671	25.001	25.935	23.021	22.998	415.42	415.34
06:55:19	24.681	24.671	25.005	25.972	23.019	22.999	415.42	415.34
06:56:19	24.681	24.671	25.012	25.98	23.019	22.998	415.42	415.34
06:57:19	24.682	24.671	25.014	25.989	23.02	22.998	415.42	415.34
06:58:19	24.68	24.671	25.031	26.049	23.02	22.999	415.42	415.34
06:59:19	24.681	24.671	25.028	26.079	23.02	22.999	415.42	415.34
07:00:19	24.681	24.671	25.027	26.043	23.02	22.997	415.42	415.34
07:01:19	24.681	24.671	25.015	26.008	23.02	22.997	415.42	415.34
07:02:19	24.681	24.672	25.017	25.99	23.019	22.998	415.42	415.34
07:03:19	24.682	24.672	25.018	25.991	23.019	22.998	415.42	415.34
07:04:19	24.682	24.671	25.014	26.002	23.018	22.998	415.42	415.34
07:05:19	24.681	24.671	25.018	26.007	23.019	22.997	415.42	415.34
07:06:19	24.681	24.671	25.03	26.004	23.019	22.997	415.42	415.34
07:07:19	24.681	24.671	25.024	25.985	23.018	22.998	415.42	415.34
07:08:19	24.682	24.672	25.01	25.977	23.019	22.998	415.42	415.34
07:09:19	24.68	24.671	25.006	25.987	23.019	22.997	415.42	415.34
07:10:19	24.681	24.671	25.009	25.979	23.017	22.998	415.42	415.34
07:11:19	24.681	24.672	25.005	25.944	23.016	22.997	415.42	415.34
07:12:19	24.681	24.673	25.008	25.918	23.019	22.996	415.42	415.34
07:13:20	24.681	24.671	25.005	25.911	23.018	22.997	415.42	415.34
07:14:19	24.681	24.672	25.012	25.91	23.017	22.998	415.42	415.34
07:15:19	24.681	24.672	25.012	25.932	23.018	22.998	415.42	415.34
07:16:20	24.68	24.672	25.021	25.938	23.017	22.997	415.42	415.34
07:17:19	0.0	24.671	25.028	25.978	23.014	22.996	415.42	415.34
07:18:19	24.681	24.67	25.031	26.005	23.016	22.996	415.42	415.34
07:19:19	24.68	24.67	25.033	25.99	23.016	22.996	415.42	415.34
07:20:19	24.68	24.67	25.034	25.964	23.016	22.997	415.42	415.34
07:21:19	24.681	24.673	25.024	25.985	23.017	22.997	415.42	415.34
07:22:19	24.681	24.672	25.001	25.992	23.017	22.998	415.42	415.34
07:23:19	24.68	24.671	24.986	26.002	23.017	22.996	415.42	415.34
07:24:19	24.682	24.672	24.998	26.001	23.015	22.994	415.42	415.34
07:25:19	24.681	24.67	24.988	25.991	23.015	22.995	415.42	415.34
07:26:19	24.682	24.672	24.995	25.974	23.015	22.996	415.42	415.34
07:27:19	24.681	24.672	25.007	25.96	23.015	22.998	415.42	415.34
07:28:19	24.681	24.673	25.013	25.968	23.017	22.996	415.42	415.34
07:29:19	24.681	24.674	25.016	25.95	23.016	22.996	415.42	415.34
07:30:19	24.681	24.674	25.008	25.94	23.018	22.997	415.42	415.34
07:31:19	24.682	24.674	25.01	25.945	23.017	22.996	415.42	415.34
07:32:19	24.682	24.674	25.02	25.978	23.018	22.997	415.42	415.34
07:33:19	24.681	24.674	25.017	25.975	23.018	22.996	415.42	415.34
07:34:19	24.682	24.673	25.007	25.931	23.017	22.998	415.42	415.34
07:35:19	24.682	24.675	25.003	25.907	23.017	22.997	415.42	415.34
07:36:19	24.681	24.675	25.005	25.895	23.018	22.999	415.42	415.34
07:37:19	24.682	24.675	25.005	25.87	23.018	22.997	415.42	415.34
07:38:19	24.681	24.676	24.999	25.864	23.018	22.998	415.42	415.34
07:39:19	24.68	24.676	24.996	25.867	23.018	22.997	415.42	415.34
07:40:19	24.682	24.676	24.977	25.881	23.018	22.998	415.42	415.34
07:41:19	24.681	24.676	24.96	25.921	23.018	22.998	415.42	415.34
07:42:19	24.682	24.676	24.963	25.915	23.018	22.999	415.42	415.34
07:43:19	24.681	24.676	24.956	25.95	23.02	22.997	415.42	415.34
07:44:19	24.683	24.676	24.957	25.994	23.017	22.996	415.42	415.34
07:45:19	24.682	24.676	24.978	26.221	23.018	22.997	415.42	415.34
07:46:19	24.682	24.675	24.994	26.257	23.017	22.996	415.42	415.34
07:47:19	24.682	24.676	25.009	26.263	23.017	22.997	415.42	415.34
07:48:19	24.682	24.675	24.995	26.165	23.017	22.996	415.42	415.34
07:49:19	24.682	24.676	24.994	26.134	23.017	22.998	415.42	415.34
07:50:19	24.682	24.676	24.975	26.104	23.017	22.998	415.42	415.34
07:51:19	24.682	24.676	24.975	26.112	23.019	22.997	415.42	415.34
07:52:19	24.683	24.677	25.01	26.176	23.019	22.999	415.42	415.34
07:53:19	24.683	24.677	25.023	26.168	23.021	22.999	415.42	415.34
07:54:19	24.681	24.679	25.018	26.236	23.019	22.998	415.42	415.34
07:55:19	24.683	24.679	25.058	26.316	23.021	22.998	415.42	415.34
07:56:19	24.683	24.679	25.064	26.281	23.021	22.998	415.42	415.34
07:57:19	24.684	24.68	25.028	26.161	23.021	22.999	415.42	415.34
07:58:19	24.684	24.68	24.993	26.081	23.022	23.0	415.42	415.34
07:59:19	24.683	24.681	24.98	26.035	23.021	22.998	415.42	415.34
08:00:19	24.682	24.679	24.966	25.998	23.02	22.997	415.42	415.34
08:01:19	24.682	24.68	24.958	25.98	23.018	22.996	415.42	415.34
08:02:19	24.682	24.678	24.938	25.973	23.017	22.997	415.42	415.34
08:03:19	24.683	24.678	24.937	25.932	23.016	22.996	415.42	415.34
08:04:19	24.682	24.677	24.947	25.933	23.017	22.996	415.42	415.34
08:05:19	24.682	24.677	24.944	25.922	23.017	22.996	415.42	415.34
08:06:19	24.683	24.677	24.959	25.922	23.017	22.996	415.42	415.34
08:07:19	24.683	24.677	24.973	25.927	23.016	22.997	415.42	415.34
08:08:19	24.683	24.678	24.971	25.903	23.017	22.996	415.42	415.34
08:09:19	24.682	24.68	24.973	25.883	23.017	22.997	415.42	415.34
08:10:19	24.683	24.679	24.949	25.87	23.016	22.996	415.42	415.34
08:11:19	24.684	24.68	24.93	25.858	23.019	22.998	415.42	415.34
08:12:19	24.683	24.68	24.933	25.851	23.019	22.997	415.42	415.34
08:13:19	24.683	24.681	24.924	25.845	23.019	22.998	415.42	415.34
08:14:21	24.684	24.68	24.9	25.847	23.019	22.996	415.42	415.34
08:15:19	24.683	24.68	24.926	25.843	23.019	22.998	415.42	415.34
08:16:19	24.684	24.68	24.933	25.839	23.019	22.997	415.42	415.34
08:17:19	24.683	24.682	24.941	25.842	23.02	22.997	415.42	415.34
08:18:19	24.683	24.682	24.934	25.845	23.019	22.998	415.42	415.34
08:19:19	24.684	24.681	24.928	25.84	23.019	22.998	415.42	415.34
08:20:21	24.684	24.681	24.936	25.845	23.021	22.996	415.42	415.34
08:21:19	24.684	24.681	24.945	25.849	23.018	22.997	415.42	415.34
08:22:19	24.683	24.68	24.943	25.838	23.02	22.997	415.42	415.34
08:23:19	24.684	24.682	24.948	25.838	23.02	22.998	415.42	415.34
08:24:19	24.684	24.681	24.954	25.835	23.018	22.996	415.42	415.34
08:25:19	24.684	24.682	24.92	25.834	23.018	22.996	415.42	415.34
08:26:19	24.685	24.682	24.905	25.829	23.018	22.997	415.42	415.34
08:27:19	24.684	24.682	24.905	25.834	23.017	22.996	415.42	415.34
08:28:19	24.684	24.682	24.923	25.825	23.017	22.996	415.42	415.34
08:29:19	24.684	24.681	24.92	25.833	23.018	22.996	415.42	415.34
08:30:19	24.685	24.682	24.917	25.834	23.018	22.995	415.42	415.34
08:31:19	24.686	24.681	24.902	25.839	23.018	22.998	415.42	415.34
08:32:19	24.684	24.681	24.891	25.84	23.018	22.997	415.42	415.34
08:33:19	24.685	24.682	24.89	25.843	23.019	22.997	415.42	415.34
08:34:19	24.684	24.683	24.905	25.857	23.019	22.997	415.42	415.34
08:35:19	24.685	24.683	24.92	25.866	23.021	22.998	415.42	415.34
08:36:19	24.684	24.683	24.92	25.858	23.02	22.997	415.42	415.34
08:37:19	24.685	24.683	24.931	25.874	23.019	22.998	415.42	415.34
08:38:19	24.685	24.684	24.939	25.86	23.02	22.998	415.42	415.34
08:39:19	24.686	24.684	24.951	25.877	23.021	22.998	415.42	415.34
08:40:19	24.686	24.685	24.968	25.949	23.02	22.997	415.42	415.34
08:41:19	24.687	24.685	24.973	25.992	23.02	22.996	415.42	415.34
08:42:19	24.685	24.684	24.985	26.001	23.019	22.998	415.42	415.34
08:43:19	24.685	24.684	24.985	26.021	23.018	22.996	415.42	415.34
08:44:19	24.685	24.682	24.989	26.021	23.018	22.996	415.42	415.34
08:45:19	24.685	24.683	25.011	26.167	23.017	22.996	415.42	415.34
08:46:19	24.685	24.683	25.049	26.408	23.018	22.996	415.42	415.34
08:47:19	24.685	24.682	25.068	26.468	23.018	22.997	415.42	415.34
08:48:19	24.684	24.682	25.087	26.457	23.018	22.996	415.42	415.34
08:49:19	24.685	24.683	25.072	26.274	23.018	22.997	415.42	415.34
08:50:19	24.685	24.683	25.028	26.175	23.018	22.996	415.42	415.34
08:51:19	24.685	24.683	25.01	26.133	23.018	22.998	415.42	415.34
08:52:19	24.684	24.682	24.999	26.109	23.017	22.996	415.42	415.34
08:53:19	24.684	24.681	24.989	26.085	23.018	22.996	415.42	415.34
08:54:19	24.686	24.681	24.97	26.055	23.018	22.997	415.42	415.34
08:55:19	24.684	24.682	24.971	26.013	23.017	22.996	415.42	415.34
08:56:19	24.685	24.681	24.985	25.981	23.017	22.996	415.42	415.34
08:57:20	24.684	24.682	24.993	25.977	23.018	22.997	415.42	415.34
08:58:19	24.684	24.683	24.991	25.959	23.017	22.997	415.42	415.34
08:59:19	24.685	24.683	25.004	25.947	23.018	22.997	415.42	415.34
09:00:19	24.684	24.683	24.998	25.928	23.019	22.997	415.42	415.34
09:01:19	24.684	24.684	24.999	25.919	23.018	22.997	415.42	415.34
09:02:19	24.684	24.685	24.967	25.878	23.019	22.997	415.42	415.34
09:03:19	24.685	24.684	24.97	25.855	23.017	22.996	415.42	415.34
09:04:19	24.685	24.685	24.956	25.849	23.019	22.996	415.42	415.34
09:05:19	24.685	24.686	24.943	25.849	23.019	22.998	415.42	415.34
09:06:19	24.685	24.684	24.956	25.843	23.021	22.998	415.42	415.34
09:07:19	24.684	24.686	24.967	25.845	23.02	22.997	415.42	415.34
09:08:19	24.685	24.685	24.972	25.855	23.02	22.997	415.42	415.34
09:09:20	24.684	24.685	24.973	25.876	23.019	22.997	415.42	415.34
09:10:19	0.0	24.685	24.967	25.873	23.019	22.996	415.42	415.34
09:11:19	24.685	24.684	24.977	25.867	23.019	22.998	415.42	415.34
09:12:19	24.685	24.684	24.977	25.881	23.018	22.997	415.42	415.34
09:13:19	24.686	24.683	24.969	25.869	23.018	22.997	415.42	415.34
09:14:19	24.686	24.684	24.971	25.875	23.021	22.998	415.42	415.34
09:15:19	24.687	24.683	24.979	25.881	23.02	22.996	415.42	415.34
09:16:19	24.686	24.684	24.982	25.896	23.02	22.996	415.42	415.34
09:17:19	24.685	24.685	24.98	25.901	23.021	22.998	415.42	415.34
09:18:19	24.686	24.685	24.991	25.907	23.021	22.998	415.42	415.34
09:19:19	24.686	24.686	24.989	25.909	23.021	22.998	415.42	415.34
09:20:19	24.686	24.687	24.992	25.941	23.021	22.997	415.42	415.34
09:21:19	24.685	24.687	24.987	25.971	23.02	22.997	415.42	415.34
09:22:19	24.686	24.687	24.996	26.024	23.019	22.997	415.42	415.34
09:23:19	24.686	24.685	25.004	26.003	23.021	22.996	415.42	415.34
09:24:19	24.685	24.684	24.99	25.963	23.018	22.996	415.42	415.34
09:25:19	24.686	24.686	24.995	25.998	23.017	22.997	415.42	415.34
09:26:19	24.684	24.684	24.988	26.033	23.017	22.997	415.42	415.34
09:27:19	24.685	24.683	24.986	26.058	23.017	22.997	415.42	415.34
09:28:19	24.686	24.684	25.013	26.123	23.018	22.996	415.42	415.34
09:29:19	24.686	24.684	25.035	26.113	23.02	22.997	415.42	415.34
09:30:19	24.686	24.684	25.028	26.055	23.019	22.997	415.42	415.34
09:31:19	24.686	24.684	25.023	26.016	23.017	22.996	415.42	415.34
09:32:19	24.685	24.683	25.017	26.035	23.017	22.996	415.42	415.34
09:33:19	24.685	24.683	25.021	26.027	23.016	22.995	415.42	415.34
09:34:19	24.685	24.682	25.014	26.007	23.018	22.996	415.42	415.34
09:35:19	24.685	24.682	25.001	26.015	23.015	22.996	415.42	415.34
09:36:19	24.685	24.682	25.013	26.044	23.018	22.996	415.42	415.34
09:37:19	24.685	24.685	25.028	26.084	23.021	22.998	415.42	415.34
09:38:19	24.685	24.686	25.03	26.051	23.023	22.998	415.42	415.34
09:39:19	24.686	24.688	25.034	26.021	23.023	23.0	415.42	415.34
09:40:19	24.686	24.688	25.019	25.946	23.023	22.999	415.42	415.34
09:41:19	24.686	24.689	25.017	25.926	23.023	22.999	415.42	415.34
09:42:19	24.685	24.69	25.005	25.912	23.023	22.999	415.42	415.34
09:43:19	24.687	24.689	25.004	25.907	23.023	23.0	415.42	415.34
09:44:19	24.687	24.691	25.01	25.896	23.023	23.0	415.42	415.34
09:45:19	24.687	24.691	25.009	25.902	23.025	23.0	415.42	415.34
09:46:19	24.687	24.693	25.015	25.89	23.026	23.0	415.42	415.34
09:47:19	24.687	24.693	25.014	25.894	23.024	23.0	415.42	415.34
09:48:21	24.687	24.693	25.017	25.927	23.026	23.0	415.42	415.34
09:49:19	24.688	24.694	25.007	25.957	23.026	22.998	415.42	415.34
09:50:19	24.687	24.693	25.014	25.985	23.025	23.001	415.42	415.34
09:51:19	24.687	24.693	25.032	26.051	23.026	23.0	415.42	415.34
09:52:19	24.688	24.694	25.047	26.06	23.024	23.0	415.42	415.34
09:53:19	24.688	24.693	25.053	26.165	23.023	23.0	415.42	415.34
09:54:19	24.689	24.693	25.088	26.378	23.025	23.0	415.42	415.34
09:55:19	24.688	24.694	25.091	26.268	23.023	23.0	415.42	415.34
09:56:19	24.687	24.692	25.058	26.109	23.023	22.999	415.42	415.34
09:57:19	24.688	24.692	25.014	26.02	23.023	22.998	415.42	415.34
09:58:19	24.688	24.691	25.0	25.975	23.022	22.998	415.42	415.34
09:59:19	24.687	24.691	24.994	25.946	23.021	22.998	415.42	415.34
10:00:19	24.688	24.691	24.981	25.927	23.021	22.999	415.42	415.34
10:01:19	24.688	24.69	24.987	25.915	23.021	22.998	415.42	415.34
10:02:19	24.688	24.69	24.995	25.894	23.02	22.997	415.42	415.34
10:03:19	24.688	24.69	25.003	25.884	23.021	22.997	415.42	415.34
10:04:19	24.687	24.689	25.012	25.865	23.022	22.997	415.42	415.34
10:05:19	24.688	24.689	25.014	25.882	23.019	22.996	415.42	415.34
10:06:19	24.687	24.688	25.025	25.899	23.018	22.996	415.42	415.34
10:07:19	24.687	24.687	25.008	25.891	23.018	22.995	415.42	415.34
10:08:19	24.687	24.688	24.998	25.868	23.019	22.996	415.42	415.34
10:09:19	24.687	24.688	24.998	25.849	23.019	22.996	415.42	415.34
10:10:19	24.687	24.688	24.988	25.847	23.019	22.996	415.42	415.34
10:11:19	24.688	24.688	24.996	25.858	23.019	22.998	415.42	415.34
10:12:19	24.688	24.69	24.991	25.866	23.02	22.998	415.42	415.34
10:13:19	24.687	24.69	24.993	25.859	23.019	22.999	415.42	415.34
10:14:19	24.687	24.69	24.992	25.86	23.02	22.997	415.42	415.34
10:15:19	24.688	24.69	24.986	25.859	23.02	22.998	415.42	415.34
10:16:20	24.687	24.691	24.978	25.862	23.02	22.997	415.42	415.34
10:17:19	0.0	24.691	24.972	25.853	23.021	22.997	415.42	415.34
10:18:19	24.688	24.69	24.971	25.857	23.019	22.998	415.42	415.34
10:19:20	24.688	24.69	24.983	25.85	23.019	22.997	415.42	415.34
10:20:19	24.688	24.69	24.983	25.854	23.02	22.997	415.42	415.34
10:21:20	24.687	24.69	24.966	25.855	23.019	22.997	415.42	415.34
10:22:19	24.687	24.691	24.971	25.861	23.02	22.997	415.42	415.34
10:23:19	24.688	24.691	24.987	25.861	23.021	22.997	415.42	415.34
10:24:19	24.688	24.691	24.991	25.855	23.019	22.999	415.42	415.34
10:25:19	24.688	24.691	24.969	25.862	23.021	22.998	415.42	415.34
10:26:19	24.689	24.692	24.953	25.857	23.021	22.996	415.42	415.34
10:27:19	24.689	24.691	24.957	25.855	23.02	22.997	415.42	415.34
10:28:19	24.688	24.691	24.95	25.863	23.019	22.997	415.42	415.34
10:29:19	24.688	24.691	24.936	25.876	23.02	22.996	415.42	415.34
10:30:19	24.688	24.692	24.937	25.891	23.02	22.997	415.42	415.34
10:31:19	24.688	24.693	24.933	25.913	23.022	22.997	415.42	415.34
10:32:19	24.688	24.693	24.946	25.911	23.021	22.996	415.42	415.34
10:33:19	24.69	24.693	24.957	25.911	23.022	22.998	415.42	415.34
10:34:19	24.689	24.693	24.964	25.922	23.021	22.997	415.42	415.34
10:35:19	24.689	24.693	24.947	25.936	23.022	22.997	415.42	415.34
10:36:19	24.689	24.692	24.95	25.939	23.021	22.997	415.42	415.34
10:37:19	24.689	24.693	24.967	25.941	23.021	22.997	415.42	415.34
10:38:19	24.689	24.692	24.969	25.973	23.021	22.996	415.42	415.34
10:39:19	24.688	24.692	24.983	25.977	23.019	22.998	415.42	415.34
10:40:19	24.69	24.693	25.001	25.98	23.018	22.996	415.42	415.34
10:41:19	24.69	24.693	25.0	25.985	23.018	22.994	415.42	415.34
10:42:19	24.69	24.691	24.99	25.947	23.018	22.994	415.42	415.34
10:43:19	24.688	24.691	24.992	25.947	23.018	22.996	415.42	415.34
10:44:19	24.69	24.691	24.989	25.919	23.015	22.995	415.42	415.34
10:45:19	24.689	24.69	24.986	25.909	23.017	22.997	415.42	415.34
10:46:19	24.69	24.692	24.992	25.939	23.018	22.995	415.42	415.34
10:47:19	24.689	24.69	24.982	25.924	23.019	22.996	415.42	415.34
10:48:19	24.69	24.692	24.977	25.934	23.018	22.998	415.42	415.34
10:49:19	24.69	24.692	24.979	25.894	23.019	22.996	415.42	415.34
10:50:19	24.689	24.691	24.972	25.864	23.021	22.997	415.42	415.34
10:51:19	24.689	24.693	24.972	25.848	23.02	22.996	415.42	415.34
10:52:19	24.689	24.694	24.962	25.838	23.021	22.996	415.42	415.34
10:53:19	24.69	24.694	24.962	25.828	23.02	22.996	415.42	415.34
10:54:19	24.691	24.693	24.953	25.823	23.019	22.997	415.42	415.34
10:55:19	24.69	24.693	24.963	25.821	23.02	22.997	415.42	415.34
10:56:19	24.69	24.693	24.958	25.85	23.019	22.995	415.42	415.34
10:57:19	24.689	24.693	24.962	25.852	23.019	22.995	415.42	415.34
10:58:19	24.69	24.693	24.958	25.849	23.019	22.999	415.42	415.34
10:59:19	24.689	24.694	24.953	25.852	23.02	22.997	415.42	415.34
11:00:19	24.689	24.693	24.953	25.832	23.021	22.997	415.42	415.34
11:01:19	24.69	24.695	24.954	25.814	23.02	22.998	415.42	415.34
11:02:19	24.691	24.695	24.953	25.803	23.02	22.997	415.42	415.34
11:03:19	24.69	24.695	24.951	25.813	23.021	22.998	415.42	415.34
11:04:19	24.69	24.694	24.952	25.811	23.02	22.996	415.42	415.34
11:05:20	24.691	24.694	24.948	25.806	23.021	22.998	415.42	415.34
11:06:19	0.0	24.695	24.951	25.814	23.02	22.998	415.42	415.34
11:07:19	24.691	24.695	24.956	25.827	23.02	22.996	415.42	415.34
11:08:19	24.691	24.695	24.964	25.844	23.021	22.997	415.42	415.34
11:09:19	24.69	24.697	24.964	25.84	23.022	22.998	415.42	415.34
11:10:19	24.69	24.696	24.958	25.825	23.021	22.998	415.42	415.34
11:11:19	24.691	24.697	24.95	25.827	23.022	22.997	415.42	415.34
11:12:19	24.69	24.696	24.944	25.826	23.022	22.997	415.42	415.34
11:13:19	24.691	24.696	24.94	25.82	23.021	22.998	415.42	415.34
11:14:19	24.691	24.696	24.941	25.85	23.02	22.999	415.42	415.34
11:15:19	24.691	24.695	24.946	25.858	23.021	22.997	415.42	415.34
11:16:19	24.69	24.697	24.949	25.861	23.022	22.998	415.42	415.34
11:17:19	24.69	24.696	24.945	25.859	23.021	22.997	415.42	415.34
11:18:19	24.691	24.696	24.947	25.916	23.02	22.996	415.42	415.34
11:19:19	24.692	24.695	24.96	26.016	23.02	22.996	415.42	415.34
11:20:20	24.691	24.696	24.968	26.046	23.021	22.997	415.42	415.34
11:21:19	0.0	24.697	24.982	26.032	23.022	22.998	415.42	415.34
11:22:19	24.691	24.697	24.983	26.037	23.02	22.997	415.42	415.34
11:23:19	24.69	24.697	24.994	26.074	23.022	22.998	415.42	415.34
11:24:19	24.69	24.696	24.991	26.008	23.02	22.998	415.42	415.34
11:25:19	24.69	24.697	24.985	25.925	23.022	22.998	415.42	415.34
11:26:19	24.691	24.696	24.982	25.961	23.021	22.997	415.42	415.34
11:27:19	24.691	24.697	24.985	26.06	23.022	22.998	415.42	415.34
11:28:19	24.691	24.696	25.005	26.145	23.022	22.999	415.42	415.34
11:29:19	24.692	24.698	25.004	26.142	23.023	22.998	415.42	415.34
11:30:19	0.0	24.698	24.984	26.063	23.022	22.998	415.42	415.34
11:31:19	24.691	24.698	24.993	26.022	23.022	22.998	415.42	415.34
11:32:19	24.691	24.698	24.997	26.032	23.023	22.999	415.42	415.34
11:33:19	24.691	24.698	25.03	26.159	23.021	22.999	415.42	415.34
11:34:19	24.692	24.697	25.013	26.07	23.022	23.0	415.42	415.34
11:35:19	24.692	24.698	25.021	26.155	23.023	22.998	415.42	415.34
11:36:19	24.692	24.699	25.032	26.159	23.021	22.998	415.42	415.34
11:37:19	24.692	24.699	25.023	26.089	23.023	22.999	415.42	415.34
11:38:19	24.693	24.7	25.03	26.132	23.023	22.998	415.42	415.34
11:39:19	24.691	24.7	25.028	26.095	23.023	22.998	415.42	415.34
11:40:19	24.693	24.699	25.059	26.422	23.023	22.999	415.42	415.34
11:41:19	24.692	24.699	25.1	26.606	23.022	23.0	415.42	415.34
11:42:19	24.691	24.698	25.1	26.513	23.022	22.997	415.42	415.34
11:43:19	24.692	24.696	25.076	26.273	23.02	22.998	415.42	415.34
11:44:19	24.691	24.696	25.046	26.131	23.022	22.997	415.42	415.34
11:45:19	24.691	24.695	25.031	26.057	23.019	22.997	415.42	415.34
11:46:19	24.692	24.695	25.021	26.0	23.02	22.998	415.42	415.34
11:47:19	24.693	24.696	25.002	25.963	23.019	22.997	415.42	415.34
11:48:19	24.692	24.696	25.002	25.943	23.021	22.999	415.42	415.34
11:49:19	24.692	24.696	25.008	25.927	23.021	22.998	415.42	415.34
11:50:19	24.692	24.696	25.007	25.927	23.02	22.997	415.42	415.34
11:51:19	24.692	24.697	25.007	25.901	23.02	22.997	415.42	415.34
11:52:19	24.692	24.696	25.002	25.886	23.021	22.998	415.42	415.34
11:53:19	24.692	24.697	24.985	25.877	23.022	22.998	415.42	415.34
11:54:19	24.692	24.697	24.978	25.879	23.021	22.999	415.42	415.34
11:55:19	24.693	24.698	24.994	25.873	23.022	22.996	415.42	415.34
11:56:19	24.693	24.696	24.991	25.862	23.021	22.998	415.42	415.34
11:57:19	24.693	24.697	24.985	25.839	23.021	22.997	415.42	415.34
11:58:19	24.693	24.697	24.976	25.828	23.019	22.997	415.42	415.34
11:59:19	24.692	24.697	24.975	25.821	23.019	22.997	415.42	415.34
12:00:19	24.693	24.696	24.979	25.828	23.02	22.997	415.42	415.34
12:01:19	24.693	24.697	24.981	25.831	23.022	22.999	415.42	415.34
12:02:19	24.693	24.698	24.985	25.823	23.023	22.997	415.42	415.34
12:03:19	24.692	24.699	24.984	25.814	23.021	22.999	415.42	415.34
12:04:19	24.693	24.696	24.98	25.811	23.022	22.998	415.42	415.34
12:05:19	24.692	24.698	24.973	25.811	23.02	22.996	415.42	415.34
12:06:21	24.692	24.697	24.971	25.824	23.021	22.998	415.42	415.34
12:07:19	24.693	24.697	24.97	25.822	23.019	22.998	415.42	415.34
12:08:19	24.692	24.696	24.964	25.828	23.018	22.997	415.42	415.34
12:09:19	24.693	24.697	24.968	25.847	23.02	22.997	415.42	415.34
12:10:19	24.692	24.697	24.977	25.905	23.02	22.998	415.42	415.34
12:11:19	24.692	24.696	25.006	26.092	23.021	22.998	415.42	415.34
12:12:19	24.693	24.696	25.015	26.173	23.02	22.997	415.42	415.34
12:13:19	24.692	24.696	25.021	26.139	23.02	22.997	415.42	415.34
12:14:19	24.692	24.695	25.006	26.007	23.018	22.996	415.42	415.34
12:15:19	24.692	24.696	24.98	25.916	23.018	22.996	415.42	415.34
12:16:19	24.692	24.694	24.974	25.868	23.019	22.997	415.42	415.34
12:17:19	24.692	24.694	24.975	25.842	23.018	22.995	415.42	415.34
12:18:19	24.693	24.694	24.973	25.826	23.018	22.996	415.42	415.34
12:19:19	24.693	24.693	24.97	25.819	23.018	22.997	415.42	415.34
12:20:19	24.692	24.693	24.966	25.819	23.018	22.996	415.42	415.34
12:21:19	24.693	24.694	24.979	25.881	23.018	22.997	415.42	415.34
12:22:19	24.692	24.694	24.988	25.985	23.017	22.994	415.42	415.34
12:23:19	24.693	24.693	25.003	26.066	23.018	22.997	415.42	415.34
12:24:19	24.692	24.694	24.998	25.968	23.018	22.995	415.42	415.34
12:25:19	24.692	24.693	24.998	25.976	23.021	22.997	415.42	415.34
12:26:19	24.692	24.694	25.006	25.994	23.018	22.997	415.42	415.34
12:27:19	24.692	24.695	25.008	26.101	23.017	22.997	415.42	415.34
12:28:19	24.692	24.694	25.004	26.078	23.019	22.998	415.42	415.34
12:29:19	24.692	24.694	25.003	26.083	23.02	22.999	415.42	415.34
12:30:19	24.692	24.695	25.004	26.196	23.02	22.996	415.42	415.34
12:31:19	24.692	24.695	25.025	26.181	23.019	22.997	415.42	415.34
12:32:19	24.692	24.694	25.02	26.145	23.019	22.998	415.42	415.34
12:33:19	24.692	24.695	25.022	26.194	23.02	22.998	415.42	415.34
12:34:19	24.692	24.694	25.011	26.191	23.02	22.998	415.42	415.34
12:35:19	24.692	24.695	25.022	26.097	23.019	22.997	415.42	415.34
12:36:19	24.692	24.695	25.018	26.003	23.02	22.997	415.42	415.34
12:37:19	24.692	24.694	25.0	25.986	23.019	22.997	415.42	415.34
12:38:19	24.692	24.694	25.003	25.918	23.021	22.997	415.42	415.34
12:39:19	24.693	24.695	25.009	25.924	23.021	22.997	415.42	415.34
12:40:19	24.692	24.694	25.013	25.976	23.02	22.997	415.42	415.34
12:41:21	24.692	24.695	25.012	26.008	23.021	22.998	415.42	415.34
12:42:19	24.692	24.695	25.012	26.018	23.021	22.997	415.42	415.34
12:43:19	24.692	24.695	25.014	25.99	23.02	22.996	415.42	415.34
12:44:19	24.693	24.696	25.009	25.972	23.02	22.998	415.42	415.34
12:45:19	24.693	24.694	25.005	26.068	23.021	22.997	415.42	415.34
12:46:19	24.692	24.696	25.079	26.685	23.022	22.997	415.42	415.34
12:47:19	24.692	24.696	25.121	27.103	23.021	23.0	415.42	415.34
12:48:19	24.691	24.697	25.116	26.87	23.023	22.997	415.42	415.34
12:49:19	24.693	24.696	25.101	26.456	23.022	22.998	415.42	415.34
12:50:19	24.693	24.695	25.079	26.237	23.023	22.999	415.42	415.34
12:51:19	24.693	24.697	25.044	26.118	23.024	22.999	415.42	415.34
12:52:19	24.692	24.697	25.017	26.038	23.023	22.998	415.42	415.34
12:53:19	24.691	24.696	24.997	25.994	23.022	22.998	415.42	415.34
12:54:19	24.692	24.697	24.984	25.967	23.022	22.998	415.42	415.34
12:55:19	24.692	24.695	25.005	25.964	23.022	22.998	415.42	415.34
12:56:19	24.691	24.695	25.018	25.941	23.02	22.997	415.42	415.34
12:57:19	24.694	24.695	25.033	25.942	23.021	22.998	415.42	415.34
12:58:19	24.692	24.694	25.0	25.924	23.019	22.997	415.42	415.34
12:59:19	24.693	24.694	25.016	25.91	23.022	22.997	415.42	415.34
13:00:19	24.692	24.694	25.025	25.909	23.02	22.997	415.42	415.34
13:01:19	24.692	24.694	25.023	25.924	23.019	22.998	415.42	415.34
13:02:19	24.692	24.695	24.989	25.881	23.019	22.998	415.42	415.34
13:03:19	24.692	24.694	24.981	25.856	23.019	22.997	415.42	415.34
13:04:19	24.692	24.693	24.967	25.842	23.02	22.996	415.42	415.34
13:05:19	24.692	24.693	24.964	25.832	23.019	22.998	415.42	415.34
13:06:19	24.692	24.693	24.959	25.824	23.019	22.998	415.42	415.34
13:07:19	24.692	24.693	24.96	25.812	23.019	22.996	415.42	415.34
13:08:19	24.692	24.694	24.954	25.807	23.018	22.995	415.42	415.34
13:09:19	24.692	24.693	24.951	25.801	23.019	22.997	415.42	415.34
13:10:19	24.692	24.694	24.954	25.796	23.019	22.997	415.42	415.34
13:11:19	24.693	24.695	24.937	25.801	23.02	22.997	415.42	415.34
13:12:19	24.692	24.694	24.942	25.798	23.02	22.996	415.42	415.34
13:13:19	24.691	24.695	24.937	25.8	23.022	22.998	415.42	415.34
13:14:19	24.692	24.696	24.941	25.79	23.021	22.997	415.42	415.34
13:15:19	24.693	24.696	24.944	25.792	23.022	22.997	415.42	415.34
13:16:19	24.692	24.695	24.942	25.79	23.022	22.999	415.42	415.34
13:17:19	24.692	24.697	24.949	25.78	23.023	22.999	415.42	415.34
13:18:19	24.693	24.698	24.952	25.786	23.024	22.998	415.42	415.34
13:19:19	24.694	24.697	24.943	25.799	23.024	22.999	415.42	415.34
13:20:19	24.693	24.699	24.947	25.81	23.024	23.0	415.42	415.34
13:21:19	24.693	24.699	24.951	25.811	23.025	23.0	415.42	415.34
13:22:19	24.693	24.699	24.955	25.815	23.025	22.999	415.42	415.34
13:23:19	24.693	24.7	24.949	25.807	23.024	22.999	415.42	415.34
13:24:19	24.694	24.7	24.95	25.795	23.025	23.0	415.42	415.34
13:25:19	24.695	24.7	24.949	25.796	23.026	22.999	415.42	415.34
13:26:19	24.693	24.701	24.953	25.804	23.026	23.0	415.42	415.34
13:27:19	24.694	24.7	24.946	25.83	23.025	22.999	415.42	415.34
13:28:19	24.694	24.7	24.955	25.875	23.026	23.0	415.42	415.34
13:29:19	24.694	24.701	24.965	25.904	23.025	22.999	415.42	415.34
13:30:19	24.695	24.7	24.967	25.902	23.023	23.0	415.42	415.34
13:31:19	24.694	24.699	24.965	25.916	23.025	22.998	415.42	415.34
13:32:19	24.692	24.7	24.963	25.94	23.025	22.999	415.42	415.34
13:33:19	24.693	24.699	24.973	25.983	23.025	22.999	415.42	415.34
13:34:20	24.693	24.7	24.991	26.061	23.024	22.999	415.42	415.34
13:35:19	24.693	24.699	24.983	25.987	23.025	23.0	415.42	415.34
13:36:19	24.694	24.699	24.979	25.915	23.024	22.998	415.42	415.34
13:37:19	24.694	24.698	24.972	25.885	23.025	22.998	415.42	415.34
13:38:19	24.694	24.698	24.961	25.848	23.025	22.999	415.42	415.34
13:39:19	24.694	24.699	24.956	25.837	23.024	23.0	415.42	415.34
13:40:19	24.693	24.699	24.965	25.859	23.024	22.998	415.42	415.34
13:41:19	24.693	24.7	24.967	25.892	23.026	23.001	415.42	415.34
13:42:19	24.694	24.7	24.989	25.958	23.027	23.0	415.42	415.34
13:43:19	24.694	24.7	24.988	25.907	23.026	23.001	415.42	415.34
13:44:19	24.695	24.7	24.978	25.863	23.026	23.0	415.42	415.34
13:45:19	24.693	24.698	24.965	25.844	23.025	22.998	415.42	415.34
13:46:19	24.694	24.698	24.969	25.856	23.025	22.999	415.42	415.34
13:47:19	24.694	24.699	24.969	25.855	23.025	22.999	415.42	415.34
13:48:19	24.694	24.699	24.969	25.872	23.027	23.0	415.42	415.34
13:49:19	24.694	24.698	24.976	25.888	23.026	23.0	415.42	415.34
13:50:19	24.694	24.699	24.98	25.934	23.026	22.999	415.42	415.34
13:51:19	24.694	24.7	24.996	25.955	23.025	22.998	415.42	415.34
13:52:19	24.694	24.699	24.992	25.919	23.026	22.998	415.42	415.34
13:53:20	24.695	24.698	24.986	25.874	23.026	23.0	415.42	415.34
13:54:19	24.695	24.698	24.974	25.843	23.024	23.0	415.42	415.34
13:55:19	24.695	24.698	24.974	25.823	23.024	22.997	415.42	415.34
13:56:19	24.694	24.697	24.97	25.818	23.024	22.999	415.42	415.34
13:57:19	24.693	24.696	24.972	25.833	23.025	22.998	415.42	415.34
13:58:19	24.693	24.696	24.976	25.875	23.024	22.999	415.42	415.34
13:59:19	24.694	24.696	24.975	25.919	23.023	23.0	415.42	415.34
14:00:19	24.693	24.695	24.987	25.963	23.024	22.998	415.42	415.34
14:01:20	24.693	24.696	24.989	25.969	23.023	22.997	415.42	415.34
14:02:19	24.694	24.695	24.992	26.015	23.023	22.998	415.42	415.34
14:03:19	24.695	24.695	25.007	26.204	23.022	22.997	415.42	415.34
14:04:19	24.693	24.693	25.031	26.239	23.022	22.997	415.42	415.34
14:05:19	24.693	24.694	25.055	26.382	23.022	22.997	415.42	415.34
14:06:19	24.694	24.695	25.078	26.455	23.022	22.998	415.42	415.34
14:07:19	24.695	24.695	25.097	26.589	23.022	22.998	415.42	415.34
14:08:19	24.694	24.695	25.084	26.381	23.023	22.998	415.42	415.34
14:09:19	24.694	24.696	25.074	26.19	23.025	23.0	415.42	415.34
14:10:19	24.693	24.695	25.039	26.076	23.024	22.998	415.42	415.34
14:11:19	24.694	24.695	25.016	26.007	23.024	22.999	415.42	415.34
14:12:19	24.694	24.695	25.004	25.957	23.025	22.998	415.42	415.34
14:13:19	24.694	24.694	24.983	25.923	23.022	22.999	415.42	415.34
14:14:19	24.694	24.694	24.984	25.908	23.021	22.998	415.42	415.34
14:15:19	24.693	24.693	24.992	25.898	23.022	22.995	415.42	415.34
14:16:19	24.693	24.692	24.992	25.896	23.021	22.996	415.42	415.34
14:17:19	24.693	24.692	24.986	25.873	23.021	22.997	415.42	415.34
14:18:19	24.692	24.691	24.992	25.86	23.021	22.996	415.42	415.34
14:19:19	24.693	24.691	24.986	25.861	23.019	22.998	415.42	415.34
14:20:19	24.692	24.691	24.984	25.854	23.02	22.996	415.42	415.34
14:21:19	24.693	24.692	24.989	25.838	23.021	22.997	415.42	415.34
14:22:19	24.692	24.692	24.967	25.822	23.023	22.997	415.42	415.34
14:23:19	24.692	24.691	24.97	25.816	23.022	22.999	415.42	415.34
14:24:19	24.693	24.693	24.967	25.825	23.023	22.998	415.42	415.34
14:25:19	24.694	24.693	24.969	25.84	23.024	22.999	415.42	415.34
14:26:19	24.692	24.695	24.969	25.833	23.024	22.999	415.42	415.34
14:27:19	24.693	24.694	24.965	25.828	23.025	23.0	415.42	415.34
14:28:19	24.693	24.697	24.969	25.822	23.025	23.0	415.42	415.34
14:29:19	24.694	24.696	24.964	25.807	23.025	22.999	415.42	415.34
14:30:19	24.693	24.697	24.962	25.808	23.026	22.999	415.42	415.34
14:31:19	24.693	24.697	24.956	25.821	23.027	23.0	415.42	415.34
14:32:19	24.694	24.697	24.964	25.823	23.026	22.999	415.42	415.34
14:33:19	24.693	24.697	24.962	25.827	23.025	22.998	415.42	415.34
14:34:19	24.694	24.695	24.961	25.822	23.025	22.999	415.42	415.34
14:35:19	24.693	24.695	24.957	25.824	23.023	22.998	415.42	415.34
14:36:19	24.693	24.695	24.953	25.839	23.023	22.999	415.42	415.34
14:37:19	24.693	24.693	24.956	25.854	23.022	22.999	415.42	415.34
14:38:19	24.693	24.693	24.968	25.876	23.022	22.998	415.42	415.34
14:39:19	24.692	24.693	24.968	25.86	23.022	22.997	415.42	415.34
14:40:19	24.692	24.692	24.967	25.869	23.023	22.997	415.42	415.34
14:41:19	24.693	24.692	24.972	25.852	23.023	22.998	415.42	415.34
14:42:19	24.694	24.693	24.976	25.885	23.023	22.997	415.42	415.34
14:43:19	24.693	24.692	24.979	25.922	23.023	22.998	415.42	415.34
14:44:19	24.693	24.692	24.983	25.937	23.022	22.998	415.42	415.34
14:45:19	24.693	24.692	24.993	25.972	23.024	22.998	415.42	415.34
14:46:19	24.694	24.692	24.991	25.997	23.024	22.998	415.42	415.34
14:47:19	24.692	24.693	25.018	26.118	23.025	22.998	415.42	415.34
14:48:19	24.693	24.693	25.029	26.316	23.026	22.999	415.42	415.34
14:49:19	24.694	24.694	25.067	26.517	23.024	22.999	415.42	415.34
14:50:19	24.694	24.694	25.082	26.547	23.026	22.999	415.42	415.34
14:51:19	24.694	24.694	25.076	26.447	23.026	23.0	415.42	415.34
14:52:19	24.693	24.695	25.062	26.224	23.025	22.997	415.42	415.34
14:53:19	24.693	24.694	25.042	26.109	23.025	22.999	415.42	415.34
14:54:19	24.693	24.695	25.029	26.044	23.026	22.999	415.42	415.34
14:55:19	24.694	24.695	25.021	26.005	23.027	23.0	415.42	415.34
14:56:19	24.693	24.695	25.008	25.969	23.026	22.999	415.42	415.34
14:57:19	24.693	24.695	24.995	25.952	23.026	23.0	415.42	415.34
14:58:19	24.693	24.694	25.01	25.942	23.027	23.0	415.42	415.34
14:59:19	24.693	24.695	25.018	25.937	23.027	23.002	415.42	415.34
15:00:19	24.694	24.694	25.014	25.92	23.026	22.999	415.42	415.34
15:01:19	24.693	24.694	25.015	25.907	23.026	23.0	415.42	415.34
15:02:19	24.693	24.694	25.012	25.905	23.026	22.999	415.42	415.34
15:03:19	24.692	24.693	25.013	25.896	23.025	22.999	415.42	415.34
15:04:19	24.692	24.693	25.007	25.894	23.026	22.998	415.42	415.34
15:05:19	24.693	24.694	24.99	25.867	23.026	23.0	415.42	415.34
15:06:19	24.693	24.693	24.995	25.844	23.026	22.999	415.42	415.34
15:07:19	24.693	24.693	24.984	25.841	23.025	23.0	415.42	415.34
15:08:19	24.693	24.693	24.988	25.849	23.025	23.0	415.42	415.34
15:09:19	24.692	24.693	24.985	25.858	23.024	22.999	415.42	415.34
15:10:19	24.693	24.691	24.983	25.864	23.022	22.998	415.42	415.34
15:11:19	24.693	24.691	24.985	25.923	23.023	22.998	415.42	415.34
15:12:19	24.692	24.691	24.997	26.031	23.023	22.999	415.42	415.34
15:13:19	24.692	24.691	25.011	26.136	23.025	22.999	415.42	415.34
15:14:19	24.692	24.689	25.047	26.367	23.023	22.997	415.42	415.34
15:15:19	24.693	24.69	25.081	26.566	23.023	22.998	415.42	415.34
15:16:19	24.693	24.691	25.117	26.676	23.023	23.0	415.42	415.34
15:17:19	24.693	24.691	25.115	26.558	23.024	22.999	415.42	415.34
15:18:19	24.693	24.692	25.062	26.282	23.026	22.999	415.42	415.34
15:19:19	24.693	24.693	25.045	26.137	23.027	23.001	415.42	415.34
15:20:19	24.693	24.693	25.021	26.048	23.026	22.999	415.42	415.34
15:21:19	24.693	24.692	24.995	25.988	23.025	23.0	415.42	415.34
15:22:19	24.693	24.693	24.994	25.954	23.026	22.998	415.42	415.34
15:23:19	24.694	24.692	25.003	25.933	23.026	23.0	415.42	415.34
15:24:19	24.693	24.692	25.009	25.923	23.026	23.0	415.42	415.34
15:25:19	24.692	24.692	24.994	25.908	23.025	23.0	415.42	415.34
15:26:19	24.693	24.691	25.01	25.891	23.024	22.999	415.42	415.34
15:27:19	24.692	24.693	25.014	25.892	23.024	23.0	415.42	415.34
15:28:19	24.693	24.692	25.004	25.889	23.024	22.998	415.42	415.34
15:29:19	24.692	24.691	25.005	25.871	23.024	22.997	415.42	415.34
15:30:19	24.692	24.691	24.999	25.85	23.024	22.998	415.42	415.34
15:31:19	24.693	24.692	24.984	25.827	23.024	22.998	415.42	415.34
15:32:19	24.693	24.691	24.982	25.825	23.024	22.999	415.42	415.34
15:33:19	24.692	24.69	24.973	25.82	23.024	22.998	415.42	415.34
15:34:19	24.693	24.69	24.97	25.83	23.024	22.999	415.42	415.34
15:35:19	24.692	24.691	24.982	25.852	23.023	22.999	415.42	415.34
15:36:19	24.692	24.691	24.972	25.856	23.023	22.998	415.42	415.34
15:37:19	24.692	24.69	24.963	25.885	23.024	22.998	415.42	415.34
15:38:19	24.692	24.69	24.978	25.902	23.024	23.0	415.42	415.34
15:39:19	24.692	24.691	24.993	26.001	23.025	22.998	415.42	415.34
15:40:19	24.692	24.691	25.021	26.115	23.026	22.999	415.42	415.34
15:41:19	24.693	24.691	25.036	26.206	23.025	22.999	415.42	415.34
15:42:19	24.693	24.69	25.034	26.216	23.025	22.998	415.42	415.34
15:43:19	24.692	24.69	25.037	26.286	23.026	22.998	415.42	415.34
15:44:19	24.693	24.69	25.05	26.323	23.024	22.998	415.42	415.34
15:45:19	24.692	24.69	25.074	26.282	23.025	23.0	415.42	415.34
15:46:19	24.692	24.689	25.073	26.326	23.024	22.997	415.42	415.34
15:47:19	24.692	24.689	25.101	26.385	23.025	22.998	415.42	415.34
15:48:19	24.692	24.69	25.096	26.347	23.024	22.999	415.42	415.34
15:49:19	24.692	24.689	25.076	26.166	23.024	22.999	415.42	415.34
15:50:19	24.693	24.689	25.061	26.069	23.025	22.999	415.42	415.34
15:51:19	24.692	24.689	25.037	26.008	23.023	22.999	415.42	415.34
15:52:19	24.693	24.689	25.011	25.966	23.026	22.998	415.42	415.34
15:53:19	24.692	24.689	25.013	25.939	23.024	22.998	415.42	415.34
15:54:19	24.692	24.689	24.986	25.926	23.025	22.999	415.42	415.34
15:55:19	24.692	24.689	25.009	25.916	23.023	22.997	415.42	415.34
15:56:19	24.693	24.688	25.008	25.913	23.023	22.998	415.42	415.34
15:57:19	24.692	24.689	25.016	25.901	23.024	22.997	415.42	415.34
15:58:19	24.693	24.69	25.016	25.884	23.024	22.998	415.42	415.34
15:59:19	24.691	24.689	25.008	25.882	23.022	22.996	415.42	415.34
16:00:19	24.691	24.689	25.008	25.881	23.023	22.997	415.42	415.34
16:01:19	24.692	24.687	25.01	25.887	23.024	22.998	415.42	415.34
16:02:19	24.693	24.688	24.999	25.847	23.023	22.998	415.42	415.34
16:03:19	24.692	24.688	24.991	25.826	23.023	22.997	415.42	415.34
16:04:19	24.691	24.688	24.99	25.812	23.023	22.998	415.42	415.34
16:05:19	24.692	24.687	24.992	25.814	23.023	22.997	415.42	415.34
16:06:19	24.692	24.686	24.991	25.82	23.023	22.996	415.42	415.34
16:07:19	24.692	24.687	24.984	25.83	23.021	22.996	415.42	415.34
16:08:19	24.691	24.687	24.978	25.819	23.023	22.998	415.42	415.34
16:09:19	24.692	24.688	24.977	25.808	23.023	22.998	415.42	415.34
16:10:19	24.692	24.688	24.985	25.806	23.023	22.998	415.42	415.34
16:11:19	24.691	24.689	24.985	25.811	23.023	22.998	415.42	415.34
16:12:19	24.691	24.689	24.989	25.835	23.024	22.997	415.42	415.34
16:13:19	24.691	24.689	24.986	25.835	23.025	22.998	415.42	415.34
16:14:19	24.693	24.689	24.984	25.841	23.026	22.999	415.42	415.34
16:15:19	24.692	24.69	24.975	25.846	23.024	22.998	415.42	415.34
16:16:19	24.692	24.689	24.986	25.839	23.024	22.999	415.42	415.34
16:17:19	24.693	24.689	24.986	25.823	23.024	22.999	415.42	415.34
16:18:19	24.692	24.689	24.981	25.834	23.025	22.998	415.42	415.34
16:19:19	24.692	24.688	24.979	25.834	23.024	22.997	415.42	415.34
16:20:19	24.692	24.688	24.973	25.826	23.023	22.996	415.42	415.34
16:21:19	24.691	24.688	24.985	25.833	23.024	22.998	415.42	415.34
16:22:19	24.692	24.688	24.976	25.843	23.024	22.998	415.42	415.34
16:23:19	24.692	24.687	24.98	25.855	23.024	22.999	415.42	415.34
16:24:19	24.693	24.689	24.988	25.853	23.025	22.999	415.42	415.34
16:25:19	24.692	24.689	24.987	25.846	23.025	22.998	415.42	415.34
16:26:19	24.692	24.688	24.986	25.836	23.026	22.998	415.42	415.34
16:27:19	24.693	24.688	24.982	25.825	23.025	22.998	415.42	415.34
16:28:19	24.691	24.688	24.979	25.821	23.023	22.997	415.42	415.34
16:29:19	24.691	24.688	24.978	25.824	23.024	22.998	415.42	415.34
16:30:19	24.691	24.687	24.982	25.831	23.023	22.998	415.42	415.34
16:31:19	24.691	24.687	24.978	25.825	23.023	22.998	415.42	415.34
16:32:19	24.691	24.687	24.975	25.821	23.025	22.997	415.42	415.34
16:33:21	24.692	24.688	24.98	25.832	23.025	22.999	415.42	415.34
16:34:19	24.691	24.687	24.977	25.825	23.023	22.997	415.42	415.34
16:35:19	24.692	24.687	24.979	25.815	23.025	22.997	415.42	415.34
16:36:19	24.694	24.688	24.982	25.809	23.025	22.998	415.42	415.34
16:37:19	24.692	24.688	24.982	25.813	23.026	22.998	415.42	415.34
16:38:19	24.691	24.688	24.985	25.808	23.026	22.999	415.42	415.34
16:39:19	24.691	24.689	24.976	25.819	23.026	22.998	415.42	415.34
16:40:19	24.692	24.689	24.977	25.832	23.025	22.999	415.42	415.34
16:41:19	24.693	24.688	24.978	25.831	23.026	22.999	415.42	415.34
16:42:19	24.692	24.689	24.982	25.832	23.025	22.998	415.42	415.34
16:43:19	24.692	24.689	24.981	25.849	23.024	22.997	415.42	415.34
16:44:19	24.693	24.689	24.979	25.867	23.025	22.998	415.42	415.34
16:45:19	24.693	24.687	24.988	25.91	23.024	22.997	415.42	415.34
16:46:19	24.692	24.689	24.984	25.903	23.024	22.996	415.42	415.34
16:47:19	24.691	24.687	24.988	25.871	23.022	22.998	415.42	415.34
16:48:19	24.692	24.687	24.996	25.91	23.024	22.999	415.42	415.34
16:49:19	24.691	24.687	25.002	25.914	23.024	22.997	415.42	415.34
16:50:19	24.692	24.686	24.997	25.888	23.025	22.997	415.42	415.34
16:51:19	24.691	24.687	24.998	25.846	23.023	22.997	415.42	415.34
16:52:19	24.692	24.687	24.987	25.834	23.024	22.998	415.42	415.34
16:53:19	24.693	24.687	24.988	25.829	23.026	22.997	415.42	415.34
16:54:19	24.692	24.688	24.983	25.81	23.025	22.999	415.42	415.34
16:55:19	24.692	24.689	24.985	25.812	23.027	22.998	415.42	415.34
16:56:19	24.692	24.69	24.988	25.822	23.028	22.999	415.42	415.34
16:57:19	24.692	24.689	24.979	25.847	23.026	22.999	415.42	415.34
16:58:19	24.693	24.69	24.995	25.917	23.024	22.999	415.42	415.34
16:59:19	24.692	24.688	25.018	26.131	23.025	22.998	415.42	415.34
17:00:19	24.691	24.687	25.06	26.217	23.025	22.998	415.42	415.34
17:01:19	24.692	24.688	25.056	26.19	23.023	22.999	415.42	415.34
17:02:19	24.691	24.686	25.058	26.226	23.024	22.998	415.42	415.34
17:03:20	24.69	24.686	25.078	26.276	23.023	22.996	415.42	415.34
17:04:19	24.691	24.685	25.092	26.269	23.021	22.998	415.42	415.34
17:05:19	24.691	24.686	25.075	26.248	23.024	22.998	415.42	415.34
17:06:20	24.69	24.686	25.079	26.211	23.024	22.999	415.42	415.34
17:07:19	24.691	24.685	25.072	26.142	23.024	22.997	415.42	415.34
17:08:19	24.69	24.684	25.058	26.075	23.022	22.999	415.42	415.34
17:09:19	24.69	24.685	25.063	26.05	23.024	22.998	415.42	415.34
17:10:19	24.691	24.684	25.058	26.009	23.022	22.998	415.42	415.34
17:11:19	24.69	24.684	25.048	25.93	23.022	22.998	415.42	415.34
17:12:19	24.69	24.684	25.033	25.871	23.023	22.997	415.42	415.34
17:13:19	24.691	24.683	25.022	25.843	23.024	22.996	415.42	415.34
17:14:19	24.691	24.684	25.018	25.83	23.023	22.997	415.42	415.34
17:15:19	24.691	24.683	25.017	25.819	23.021	22.997	415.42	415.34
17:16:19	24.691	24.684	25.013	25.851	23.023	22.997	415.42	415.34
17:17:19	24.69	24.685	25.023	25.916	23.023	22.998	415.42	415.34
17:18:20	24.691	24.685	25.038	25.973	23.023	22.998	415.42	415.34
17:19:19	24.69	24.684	25.039	25.99	23.024	22.999	415.42	415.34
17:20:19	24.69	24.684	25.041	26.001	23.024	22.998	415.42	415.34
17:21:19	24.69	24.684	25.044	25.972	23.022	22.998	415.42	415.34
17:22:19	24.69	24.685	25.044	25.987	23.023	22.998	415.42	415.34
17:23:19	24.69	24.683	25.047	26.024	23.024	22.997	415.42	415.34
17:24:19	24.691	24.685	25.067	26.153	23.023	22.998	415.42	415.34
17:25:19	24.689	24.684	25.077	26.189	23.024	22.998	415.42	415.34
17:26:19	24.69	24.684	25.08	26.148	23.024	22.999	415.42	415.34
17:27:19	24.69	24.684	25.082	26.159	23.023	22.998	415.42	415.34
17:28:19	24.69	24.683	25.092	26.376	23.023	22.998	415.42	415.34
17:29:19	24.691	24.682	25.109	26.376	23.022	22.997	415.42	415.34
17:30:19	24.69	24.681	25.075	26.182	23.021	22.997	415.42	415.34
17:31:19	24.69	24.681	25.047	26.066	23.019	22.997	415.42	415.34
17:32:19	24.69	24.68	25.008	25.991	23.021	22.994	415.42	415.34
17:33:19	24.689	24.68	24.992	25.953	23.023	22.996	415.42	415.34
17:34:19	24.69	24.681	24.994	25.931	23.021	22.996	415.42	415.34
17:35:19	24.69	24.682	25.011	25.913	23.022	22.998	415.42	415.34
17:36:19	24.69	24.683	25.02	25.913	23.023	22.997	415.42	415.34
17:37:19	24.69	24.682	25.026	25.904	23.022	22.997	415.42	415.34
17:38:19	24.69	24.682	25.03	25.885	23.021	22.998	415.42	415.34
17:39:19	24.69	24.682	25.015	25.876	23.022	22.997	415.42	415.34
17:40:19	24.69	24.681	25.016	25.876	23.02	22.996	415.42	415.34
17:41:19	24.69	24.682	25.018	25.86	23.021	22.997	415.42	415.34
17:42:19	24.689	24.681	25.02	25.84	23.022	22.997	415.42	415.34
17:43:19	24.689	24.681	25.002	25.819	23.021	22.997	415.42	415.34
17:44:19	24.689	24.679	25.002	25.8	23.019	22.996	415.42	415.34
17:45:21	24.69	24.682	24.995	25.801	23.021	22.998	415.42	415.34
17:46:19	24.689	24.681	24.997	25.799	23.022	22.997	415.42	415.34
17:47:19	24.689	24.68	25.0	25.808	23.022	22.996	415.42	415.34
17:48:19	24.69	24.681	25.002	25.813	23.02	22.997	415.42	415.34
17:49:19	24.689	24.68	24.997	25.803	23.02	22.997	415.42	415.34
17:50:19	24.689	24.68	24.994	25.814	23.021	22.998	415.42	415.34
17:51:19	24.688	24.68	24.992	25.828	23.019	22.996	415.42	415.34
17:52:19	24.689	24.68	24.982	25.829	23.02	22.996	415.42	415.34
17:53:19	24.689	24.679	24.99	25.837	23.021	22.996	415.42	415.34
17:54:19	24.689	24.68	24.986	25.831	23.02	22.999	415.42	415.34
17:55:19	24.689	24.679	24.995	25.835	23.02	22.998	415.42	415.34
17:56:19	24.689	24.681	24.989	25.857	23.02	22.994	415.42	415.34
17:57:19	24.689	24.681	25.002	25.937	23.02	22.997	415.42	415.34
17:58:19	24.689	24.681	25.02	26.071	23.02	22.998	415.42	415.34
17:59:19	24.688	24.679	25.047	26.199	23.02	22.997	415.42	415.34
18:00:19	24.688	24.681	25.055	26.196	23.022	22.997	415.42	415.34
18:01:19	24.689	24.681	25.037	26.085	23.02	22.997	415.42	415.34
18:02:19	24.688	24.68	25.035	26.009	23.019	22.998	415.42	415.34
18:03:19	24.688	24.68	25.022	25.933	23.02	22.997	415.42	415.34
18:04:19	24.688	24.68	25.006	25.879	23.02	22.997	415.42	415.34
18:05:19	24.689	24.679	25.01	25.901	23.022	22.997	415.42	415.34
18:06:19	24.689	24.68	25.012	25.936	23.021	22.995	415.42	415.34
18:07:19	24.688	24.678	25.033	26.0	23.019	22.996	415.42	415.34
18:08:19	24.688	24.678	25.033	26.009	23.02	22.996	415.42	415.34
18:09:19	24.687	24.678	25.035	25.986	23.02	22.997	415.42	415.34
18:10:19	24.688	24.678	25.03	25.939	23.02	22.996	415.42	415.34
18:11:19	24.687	24.679	25.036	25.953	23.021	22.997	415.42	415.34
18:12:19	24.688	24.678	25.029	25.939	23.018	22.996	415.42	415.34
18:13:19	24.688	24.676	25.03	26.001	23.02	22.995	415.42	415.34
18:14:19	24.688	24.677	25.03	25.98	23.019	22.996	415.42	415.34
18:15:19	24.687	24.677	25.029	25.992	23.019	22.996	415.42	415.34
18:16:19	24.687	24.678	25.029	26.042	23.017	22.996	415.42	415.34
18:17:19	24.688	24.678	25.023	26.004	23.019	22.995	415.42	415.34
18:18:19	24.687	24.677	25.042	26.044	23.02	22.996	415.42	415.34
18:19:19	24.688	24.676	25.055	26.072	23.019	22.995	415.42	415.34
18:20:19	24.687	24.677	25.047	25.994	23.02	22.994	415.42	415.34
18:21:19	24.687	24.677	25.039	25.997	23.02	22.996	415.42	415.34
18:22:19	24.688	24.678	25.052	26.041	23.018	22.996	415.42	415.34
18:23:19	24.686	24.678	25.061	26.053	23.018	22.996	415.42	415.34
18:24:19	24.687	24.678	25.056	26.029	23.02	22.996	415.42	415.34
18:25:19	24.688	24.677	25.048	26.012	23.019	22.996	415.42	415.34
18:26:19	24.688	24.679	25.051	26.058	23.018	22.996	415.42	415.34
18:27:19	24.687	24.679	25.067	26.157	23.018	22.997	415.42	415.34
18:28:19	24.687	24.677	25.077	26.173	23.017	22.994	415.42	415.34
18:29:19	24.686	24.676	25.07	26.157	23.018	22.996	415.42	415.34
18:30:19	24.687	24.676	25.074	26.213	23.019	22.995	415.42	415.34
18:31:19	24.687	24.677	25.075	26.161	23.018	22.996	415.42	415.34
18:32:19	24.688	24.678	25.062	26.129	23.016	22.994	415.42	415.34
18:33:19	24.686	24.676	25.065	26.152	23.017	22.994	415.42	415.34
18:34:19	24.687	24.675	25.062	26.114	23.017	22.995	415.42	415.34
18:35:19	24.686	24.675	25.067	26.134	23.015	22.995	415.42	415.34
18:36:19	24.686	24.674	25.081	26.16	23.016	22.995	415.42	415.34
18:37:19	24.686	24.675	25.069	26.067	23.015	22.994	415.42	415.34
18:38:19	24.686	24.675	25.03	26.013	23.018	22.996	415.42	415.34
18:39:19	24.686	24.675	24.988	25.969	23.017	22.996	415.42	415.34
18:40:19	24.685	24.675	24.982	25.942	23.017	22.995	415.42	415.34
18:41:19	24.686	24.675	24.992	25.918	23.018	22.996	415.42	415.34
18:42:19	24.685	24.675	25.008	25.904	23.018	22.993	415.42	415.34
18:43:19	24.686	24.674	25.024	25.897	23.018	22.996	415.42	415.34
18:44:19	24.686	24.674	25.032	25.893	23.019	22.995	415.42	415.34
18:45:19	24.685	24.675	25.029	25.897	23.018	22.997	415.42	415.34
18:46:19	24.686	24.675	25.031	25.88	23.019	22.994	415.42	415.34
18:47:19	24.686	24.675	25.02	25.88	23.018	22.995	415.42	415.34
18:48:19	24.686	24.676	25.027	25.896	23.018	22.994	415.42	415.34
18:49:19	24.685	24.675	25.032	25.92	23.016	22.994	415.42	415.34
18:50:19	24.685	24.675	25.021	25.897	23.018	22.995	415.42	415.34
18:51:19	24.684	24.674	25.015	25.861	23.016	22.994	415.42	415.34
18:52:19	24.685	24.673	25.01	25.839	23.015	22.994	415.42	415.34
18:53:19	24.686	24.673	25.003	25.827	23.015	22.993	415.42	415.34
18:54:19	24.684	24.673	24.998	25.815	23.015	22.995	415.42	415.34
18:55:19	24.685	24.674	25.001	25.815	23.016	22.995	415.42	415.34
18:56:19	24.685	24.675	24.996	25.809	23.017	22.996	415.42	415.34
18:57:19	24.685	24.675	25.0	25.81	23.018	22.998	415.42	415.34
18:58:19	24.685	24.675	25.001	25.812	23.018	22.996	415.42	415.34
18:59:19	24.685	24.676	24.99	25.829	23.018	22.995	415.42	415.34
19:00:21	24.685	24.677	24.991	25.844	23.018	22.996	415.42	415.34
19:01:19	24.686	24.677	24.988	25.814	23.019	22.997	415.42	415.34
19:02:19	24.685	24.675	24.988	25.802	23.018	22.996	415.42	415.34
19:03:19	24.685	24.675	24.987	25.79	23.018	22.995	415.42	415.34
19:04:19	24.684	24.675	24.992	25.783	23.018	22.996	415.42	415.34
19:05:19	24.685	24.677	24.992	25.827	23.017	22.995	415.42	415.34
19:06:19	24.685	24.676	25.003	25.897	23.018	22.996	415.42	415.34
19:07:19	24.685	24.677	24.999	25.905	23.021	22.998	415.42	415.34
19:08:19	24.685	24.676	25.0	25.904	23.017	22.995	415.42	415.34
19:09:19	24.684	24.675	25.008	25.973	23.017	22.995	415.42	415.34
19:10:19	24.684	24.676	25.013	26.022	23.016	22.994	415.42	415.34
19:11:19	24.685	24.674	25.016	25.936	23.015	22.996	415.42	415.34
19:12:19	24.684	24.675	24.985	25.868	23.016	22.996	415.42	415.34
19:13:20	24.684	24.673	24.987	25.831	23.013	22.995	415.42	415.34
19:14:19	24.683	24.674	24.993	25.814	23.014	22.994	415.42	415.34
19:15:19	24.685	24.675	24.993	25.863	23.016	22.995	415.42	415.34
19:16:19	24.685	24.674	25.001	25.967	23.019	22.996	415.42	415.34
19:17:19	24.684	24.675	25.029	26.11	23.019	22.997	415.42	415.34
19:18:19	24.684	24.676	25.046	26.365	23.018	22.996	415.42	415.34
19:19:19	24.684	24.675	25.108	26.553	23.017	22.997	415.42	415.34
19:20:19	24.684	24.675	25.111	26.411	23.017	22.995	415.42	415.34
19:21:19	24.685	24.675	25.068	26.184	23.019	22.997	415.42	415.34
19:22:19	24.684	24.675	25.032	26.059	23.018	22.996	415.42	415.34
19:23:19	24.685	24.676	24.998	25.98	23.018	22.997	415.42	415.34
19:24:19	24.684	24.675	24.987	25.926	23.018	22.997	415.42	415.34
19:25:19	24.684	24.674	24.977	25.9	23.019	22.998	415.42	415.34
19:26:19	24.684	24.675	24.964	25.88	23.018	22.997	415.42	415.34
19:27:19	24.685	24.675	24.989	25.875	23.019	22.996	415.42	415.34
19:28:19	24.684	24.674	25.012	25.878	23.02	22.997	415.42	415.34
19:29:19	24.685	24.676	25.008	25.881	23.019	22.998	415.42	415.34
19:30:19	24.683	24.676	25.006	25.874	23.018	22.996	415.42	415.34
19:31:19	24.683	24.675	25.007	25.881	23.019	22.994	415.42	415.34
19:32:19	24.683	24.674	25.016	25.881	23.018	22.996	415.42	415.34
19:33:19	24.684	24.674	25.023	25.914	23.019	22.997	415.42	415.34
19:34:19	24.684	24.676	25.008	25.912	23.019	22.998	415.42	415.34
19:35:19	24.684	24.675	25.018	26.003	23.018	22.996	415.42	415.34
19:36:19	24.683	24.676	25.027	26.132	23.019	22.997	415.42	415.34
19:37:19	24.685	24.675	25.05	26.274	23.018	22.995	415.42	415.34
19:38:19	24.685	24.675	25.053	26.3	23.018	22.995	415.42	415.34
19:39:19	24.684	24.676	25.037	26.124	23.017	22.994	415.42	415.34
19:40:19	24.683	24.675	25.008	26.01	23.018	22.996	415.42	415.34
19:41:19	24.683	24.674	24.993	25.952	23.02	22.997	415.42	415.34
19:42:19	24.683	24.674	24.972	25.921	23.017	22.996	415.42	415.34
19:43:19	24.684	24.674	24.965	25.903	23.018	22.996	415.42	415.34
19:44:19	24.684	24.675	24.963	25.883	23.017	22.997	415.42	415.34
19:45:19	24.683	24.675	24.976	25.867	23.019	22.996	415.42	415.34
19:46:19	24.682	24.674	25.0	25.862	23.018	22.995	415.42	415.34
19:47:19	24.683	24.673	24.981	25.848	23.016	22.995	415.42	415.34
19:48:19	24.682	24.673	24.982	25.84	23.016	22.995	415.42	415.34
19:49:19	24.683	24.672	24.988	25.842	23.016	22.995	415.42	415.34
19:50:20	24.683	24.672	24.995	25.829	23.016	22.995	415.42	415.34
19:51:19	24.683	24.672	24.993	25.816	23.016	22.995	415.42	415.34
19:52:19	24.683	24.672	24.985	25.786	23.016	22.996	415.42	415.34
19:53:19	24.683	24.673	24.975	25.782	23.016	22.994	415.42	415.34
19:54:19	24.682	24.673	24.97	25.776	23.017	22.995	415.42	415.34
19:55:19	24.682	24.674	24.972	25.77	23.016	22.995	415.42	415.34
19:56:19	24.682	24.672	24.97	25.767	23.017	22.994	415.42	415.34
19:57:19	24.683	24.672	24.973	25.778	23.017	22.996	415.42	415.34
19:58:19	24.683	24.672	24.97	25.782	23.016	22.997	415.42	415.34
19:59:19	24.682	24.673	24.965	25.795	23.015	22.995	415.42	415.34
20:00:19	24.683	24.671	24.96	25.799	23.013	22.992	415.42	415.34
20:01:19	24.681	24.67	24.958	25.794	23.013	22.995	415.42	415.34
20:02:19	24.681	24.669	24.965	25.828	23.013	22.994	415.42	415.34
20:03:19	24.681	24.67	24.973	25.878	23.014	22.994	415.42	415.34
20:04:19	24.682	24.67	24.977	25.955	23.016	22.996	415.42	415.34
20:05:19	24.682	24.672	24.998	26.03	23.018	22.995	415.42	415.34
20:06:19	24.682	24.672	25.005	26.069	23.016	22.994	415.42	415.34
20:07:19	24.682	24.671	25.009	26.022	23.015	22.994	415.42	415.34
20:08:19	24.681	24.671	25.003	26.034	23.013	22.996	415.42	415.34
20:09:19	24.681	24.669	25.012	26.056	23.014	22.993	415.42	415.34
20:10:19	24.682	24.669	25.014	26.036	23.013	22.994	415.42	415.34
20:11:19	24.682	24.669	25.019	25.99	23.016	22.995	415.42	415.34
20:12:19	24.681	24.67	25.017	25.969	23.015	22.995	415.42	415.34
20:13:20	24.681	24.67	25.015	25.967	23.013	22.994	415.42	415.34
20:14:19	24.681	24.671	25.012	25.943	23.016	22.996	415.42	415.34
20:15:19	24.682	24.672	25.008	25.925	23.016	22.996	415.42	415.34
20:16:19	24.68	24.671	24.992	25.898	23.016	22.997	415.42	415.34
20:17:19	24.682	24.671	24.995	25.915	23.016	22.996	415.42	415.34
20:18:19	24.682	24.67	25.01	25.964	23.013	22.995	415.42	415.34
20:19:19	24.68	24.67	25.014	26.006	23.016	22.996	415.42	415.34
20:20:19	24.681	24.671	25.001	25.989	23.017	22.994	415.42	415.34
20:21:19	24.681	24.671	25.017	26.024	23.016	22.994	415.42	415.34
20:22:19	24.68	24.67	25.026	26.026	23.015	22.993	415.42	415.34
20:23:19	24.68	24.67	25.032	26.012	23.017	22.997	415.42	415.34
20:24:19	24.681	24.671	25.033	25.998	23.016	22.995	415.42	415.34
20:25:19	24.681	24.67	25.031	25.999	23.017	22.994	415.42	415.34
20:26:19	24.68	24.67	25.028	25.977	23.016	22.996	415.42	415.34
20:27:19	24.68	24.67	24.999	25.917	23.016	22.996	415.42	415.34
20:28:19	24.681	24.67	24.975	25.877	23.017	22.994	415.42	415.34
20:29:19	24.68	24.669	24.964	25.854	23.016	22.994	415.42	415.34
20:30:19	24.68	24.668	24.971	25.833	23.015	22.993	415.42	415.34
20:31:19	24.68	24.668	24.954	25.816	23.014	22.991	415.42	415.34
20:32:19	24.68	24.667	24.974	25.824	23.013	22.994	415.42	415.34
20:33:19	24.68	24.667	24.98	25.826	23.012	22.992	415.42	415.34
20:34:19	24.68	24.667	24.991	25.829	23.012	22.992	415.42	415.34
20:35:19	24.679	24.666	24.992	25.829	23.013	22.993	415.42	415.34
20:36:19	24.679	24.667	24.987	25.841	23.014	22.994	415.42	415.34
20:37:19	24.68	24.668	24.989	25.862	23.014	22.994	415.42	415.34
20:38:19	24.679	24.668	24.989	25.879	23.015	22.995	415.42	415.34
20:39:19	24.679	24.668	24.989	25.853	23.013	22.993	415.42	415.34
20:40:19	24.68	24.668	24.978	25.835	23.014	22.993	415.42	415.34
20:41:19	24.68	24.668	24.974	25.824	23.015	22.994	415.42	415.34
20:42:19	24.68	24.668	24.977	25.808	23.013	22.993	415.42	415.34
20:43:19	24.679	24.666	24.977	25.808	23.013	22.993	415.42	415.34
20:44:19	24.681	24.666	24.974	25.806	23.011	22.992	415.42	415.34
20:45:19	24.679	24.664	24.969	25.801	23.012	22.992	415.42	415.34
20:46:19	24.678	24.664	24.963	25.817	23.011	22.991	415.42	415.34
20:47:19	24.679	24.663	24.968	25.85	23.011	22.992	415.42	415.34
20:48:19	24.679	24.664	24.978	25.889	23.011	22.991	415.42	415.34
20:49:19	24.679	24.663	24.985	25.925	23.011	22.992	415.42	415.34
20:50:19	24.678	24.664	24.988	25.896	23.011	22.994	415.42	415.34
20:51:19	24.678	24.663	24.982	25.846	23.013	22.991	415.42	415.34
20:52:19	24.679	24.664	24.977	25.875	23.012	22.992	415.42	415.34
20:53:19	24.679	24.664	24.982	25.87	23.013	22.993	415.42	415.34
20:54:19	24.679	24.666	24.979	25.87	23.012	22.993	415.42	415.34
20:55:19	24.677	24.664	24.98	25.876	23.012	22.991	415.42	415.34
20:56:19	24.678	24.665	24.894	25.83	23.011	22.993	415.42	415.34
20:57:19	24.678	24.664	24.82	25.788	23.011	22.992	415.42	415.34
20:58:19	24.678	24.663	24.795	25.78	23.01	22.99	415.42	415.34
20:59:19	24.678	24.662	24.774	25.763	23.01	22.99	415.42	415.34
21:00:19	24.677	24.661	24.788	25.773	23.008	22.989	415.42	415.34
21:01:19	24.677	24.66	24.878	25.792	23.005	22.99	415.42	415.34
21:02:19	24.678	24.66	24.906	25.802	23.008	22.991	415.42	415.34
21:03:19	24.678	24.661	24.917	25.802	23.01	22.992	415.42	415.34
21:04:19	24.678	24.661	24.921	25.795	23.011	22.992	415.42	415.34
21:05:19	24.678	24.663	24.926	25.8	23.012	22.992	415.42	415.34
21:06:19	24.678	24.665	24.925	25.808	23.014	22.994	415.42	415.34
21:07:19	24.677	24.664	24.935	25.831	23.014	22.993	415.42	415.34
21:08:19	24.678	24.667	24.946	25.851	23.017	22.996	415.42	415.34
21:09:19	24.678	24.668	24.961	25.862	23.018	22.996	415.42	415.34
21:10:19	24.679	24.669	24.964	25.862	23.018	22.997	415.42	415.34
21:11:19	24.678	24.669	24.965	25.86	23.017	22.995	415.42	415.34
21:12:19	24.679	24.669	24.967	25.872	23.016	22.993	415.42	415.34
21:13:19	24.677	24.666	24.96	25.852	23.013	22.992	415.42	415.34
21:14:19	24.678	24.667	24.975	25.986	23.014	22.994	415.42	415.34
21:15:19	24.678	24.666	24.99	26.087	23.013	22.993	415.42	415.34
21:16:19	24.677	24.665	25.013	26.288	23.013	22.992	415.42	415.34
21:17:19	24.677	24.662	25.021	26.262	23.01	22.993	415.42	415.34
21:18:19	24.676	24.661	25.034	26.277	23.011	22.99	415.42	415.34
21:19:19	24.676	24.661	25.045	26.277	23.013	22.992	415.42	415.34
21:20:19	24.676	24.663	25.044	26.171	23.012	22.993	415.42	415.34
21:21:19	24.676	24.663	25.017	26.049	23.012	22.994	415.42	415.34
21:22:19	24.676	24.662	24.974	25.983	23.013	22.995	415.42	415.34
21:23:21	24.676	24.663	24.956	25.943	23.016	22.994	415.42	415.34
21:24:19	24.677	24.664	24.938	25.91	23.016	22.995	415.42	415.34
21:25:19	24.676	24.666	24.92	25.887	23.017	22.995	415.42	415.34
21:26:19	24.676	24.667	24.922	25.875	23.016	22.996	415.42	415.34
21:27:19	24.676	24.664	24.945	25.866	23.015	22.994	415.42	415.34
21:28:19	24.677	24.665	24.97	25.872	23.014	22.993	415.42	415.34
21:29:19	24.676	24.663	24.969	25.858	23.012	22.993	415.42	415.34
21:30:19	24.676	24.662	24.966	25.854	23.012	22.992	415.42	415.34
21:31:19	24.675	24.66	24.966	25.842	23.009	22.989	415.42	415.34
21:32:19	24.675	24.658	24.972	25.851	23.008	22.99	415.42	415.34
21:33:19	24.676	24.658	24.979	25.853	23.01	22.991	415.42	415.34
21:34:19	24.676	24.661	24.972	25.828	23.012	22.992	415.42	415.34
21:35:19	24.675	24.661	24.969	25.821	23.013	22.994	415.42	415.34
21:36:19	24.675	24.662	24.966	25.835	23.011	22.993	415.42	415.34
21:37:19	24.675	24.664	24.955	25.82	23.014	22.994	415.42	415.34
21:38:19	24.676	24.662	24.957	25.822	23.015	22.994	415.42	415.34
21:39:19	24.676	24.663	24.963	25.821	23.016	22.993	415.42	415.34
21:40:19	24.676	24.665	24.959	25.814	23.017	22.994	415.42	415.34
21:41:19	24.676	24.665	24.958	25.792	23.017	22.996	415.42	415.34
21:42:19	24.675	24.664	24.955	25.787	23.016	22.994	415.42	415.34
21:43:19	24.675	24.664	24.951	25.783	23.016	22.993	415.42	415.34
21:44:19	24.676	24.665	24.953	25.811	23.014	22.993	415.42	415.34
21:45:19	24.675	24.664	24.958	25.846	23.015	22.994	415.42	415.34
21:46:19	24.676	24.665	24.967	25.867	23.016	22.995	415.42	415.34
21:47:19	24.675	24.665	24.973	25.979	23.017	22.995	415.42	415.34
21:48:19	24.676	24.665	25.017	26.349	23.017	22.995	415.42	415.34
21:49:19	24.675	24.666	25.058	26.59	23.017	22.997	415.42	415.34
21:50:19	24.675	24.664	25.044	26.393	23.018	22.995	415.42	415.34
21:51:19	24.676	24.665	24.969	26.179	23.017	22.994	415.42	415.34
21:52:19	24.676	24.665	24.885	26.043	23.016	22.996	415.42	415.34
21:53:19	24.676	24.665	24.815	25.954	23.016	22.994	415.42	415.34
21:54:19	24.676	24.664	24.799	25.894	23.016	22.996	415.42	415.34
21:55:19	24.674	24.664	24.775	25.858	23.017	22.994	415.42	415.34
21:56:19	24.676	24.664	24.836	25.632	23.018	22.996	415.42	415.34
21:57:19	24.674	24.665	24.863	25.604	23.016	22.994	415.42	415.34
21:58:19	24.676	24.665	24.897	25.67	23.016	22.993	415.42	415.34
21:59:19	24.675	24.666	24.916	25.708	23.016	22.994	415.42	415.34
22:00:19	24.674	24.666	24.926	25.723	23.019	22.997	415.42	415.34
22:01:19	24.675	24.666	24.925	25.73	23.019	22.996	415.42	415.34
22:02:19	24.675	24.667	24.927	25.743	23.019	22.996	415.42	415.34
22:03:19	24.675	24.668	24.929	25.742	23.019	22.996	415.42	415.34
22:04:19	24.674	24.667	24.918	25.743	23.02	22.996	415.42	415.34
22:05:20	24.675	24.668	24.923	25.742	23.019	22.997	415.42	415.34
22:06:19	24.674	24.668	24.925	25.741	23.02	22.998	415.42	415.34
22:07:19	24.675	24.667	24.931	25.747	23.019	22.997	415.42	415.34
22:08:19	24.675	24.666	24.93	25.744	23.02	22.998	415.42	415.34
22:09:19	24.676	24.667	24.929	25.746	23.02	22.997	415.42	415.34
22:10:19	24.675	24.669	24.92	25.754	23.023	22.998	415.42	415.34
22:11:19	24.676	24.671	24.913	25.744	23.025	23.0	415.42	415.34
22:12:19	24.676	24.672	24.92	25.74	23.026	23.001	415.42	415.34
22:13:19	24.677	24.674	24.923	25.735	23.029	23.002	415.42	415.34
22:14:19	24.676	24.676	24.924	25.737	23.027	23.002	415.42	415.34
22:15:19	24.678	24.677	24.911	25.733	23.028	23.002	415.42	415.34
22:16:19	24.678	24.679	24.92	25.737	23.03	23.001	415.42	415.34
22:17:19	24.676	24.678	24.923	25.733	23.03	23.002	415.42	415.34
22:18:19	24.678	24.679	24.924	25.738	23.029	23.002	415.42	415.34
22:19:19	24.678	24.678	24.916	25.73	23.03	23.001	415.42	415.34
22:20:19	24.677	24.678	24.911	25.734	23.027	23.002	415.42	415.34
22:21:19	24.678	24.678	24.913	25.741	23.028	23.003	415.42	415.34
22:22:19	24.677	24.678	24.914	25.736	23.029	23.001	415.42	415.34
22:23:19	24.678	24.678	24.919	25.733	23.027	23.001	415.42	415.34
22:24:19	24.678	24.677	24.919	25.727	23.026	23.0	415.42	415.34
22:25:19	24.678	24.675	24.909	25.722	23.024	22.999	415.42	415.34
22:26:19	24.676	24.673	24.911	25.726	23.023	22.998	415.42	415.34
22:27:20	24.675	24.67	24.913	25.713	23.02	22.996	415.42	415.34
22:28:19	24.676	24.668	24.911	25.713	23.018	22.996	415.42	415.34
22:29:19	24.675	24.666	24.9	25.711	23.019	22.995	415.42	415.34
22:30:19	24.676	24.664	24.911	25.719	23.017	22.993	415.42	415.34
22:31:19	24.675	24.662	24.908	25.714	23.015	22.992	415.42	415.34
22:32:19	24.675	24.661	24.908	25.713	23.016	22.992	415.42	415.34
22:33:19	24.674	24.66	24.903	25.714	23.015	22.993	415.42	415.34
22:34:19	24.674	24.657	24.91	25.718	23.015	22.992	415.42	415.34
22:35:19	24.674	24.658	24.909	25.716	23.012	22.992	415.42	415.34
22:36:19	24.672	24.656	24.904	25.72	23.013	22.992	415.42	415.34
22:37:19	24.673	24.655	24.906	25.725	23.012	22.992	415.42	415.34
22:38:19	24.673	24.654	24.904	25.721	23.011	22.992	415.42	415.34
22:39:19	24.673	24.654	24.904	25.716	23.011	22.991	415.42	415.34
22:40:19	24.673	24.653	24.903	25.713	23.009	22.99	415.42	415.34
22:41:19	24.672	24.653	24.898	25.715	23.009	22.99	415.42	415.34
22:42:19	24.671	24.652	24.901	25.718	23.008	22.99	415.42	415.34
22:43:19	24.67	24.65	24.901	25.711	23.008	22.988	415.42	415.34
22:44:19	24.672	24.649	24.89	25.708	23.006	22.987	415.42	415.34
22:45:19	24.671	24.647	24.898	25.703	23.002	22.986	415.42	415.34
22:46:19	24.67	24.645	24.897	25.706	23.0	22.985	415.42	415.34
22:47:19	24.669	24.643	24.898	25.703	23.0	22.986	415.42	415.34
22:48:19	24.67	24.642	24.892	25.705	22.997	22.982	415.42	415.34
22:49:19	24.669	24.639	24.891	25.701	22.997	22.984	415.42	415.34
22:50:19	24.668	24.639	24.889	25.7	22.996	22.982	415.42	415.34
22:51:19	24.668	24.638	24.89	25.704	22.996	22.983	415.42	415.34
22:52:19	24.667	24.636	24.89	25.705	22.996	22.983	415.42	415.34
22:53:19	24.667	24.637	24.893	25.707	22.995	22.984	415.42	415.34
22:54:19	24.668	24.636	24.888	25.7	22.997	22.984	415.42	415.34
22:55:19	24.668	24.637	24.89	25.701	22.998	22.984	415.42	415.34
22:56:19	24.667	24.639	24.889	25.7	22.998	22.985	415.42	415.34
22:57:19	24.667	24.64	24.891	25.701	23.0	22.984	415.42	415.34
22:58:19	24.667	24.639	24.884	25.701	23.0	22.984	415.42	415.34
22:59:19	24.667	24.641	24.878	25.702	23.0	22.986	415.42	415.34
23:00:19	24.667	24.64	24.886	25.7	23.0	22.986	415.42	415.34
23:01:19	24.667	24.642	24.889	25.704	22.999	22.986	415.42	415.34
23:02:19	24.667	24.641	24.891	25.705	23.001	22.988	415.42	415.34
23:03:19	24.666	24.643	24.89	25.711	23.002	22.987	415.42	415.34
23:04:19	24.666	24.644	24.891	25.714	23.003	22.987	415.42	415.34
23:05:19	24.666	24.644	24.889	25.702	23.005	22.988	415.42	415.34
23:06:19	24.665	24.645	24.892	25.702	23.005	22.99	415.42	415.34
23:07:19	24.666	24.647	24.888	25.705	23.007	22.99	415.42	415.34
23:08:19	24.667	24.648	24.891	25.711	23.008	22.992	415.42	415.34
23:09:19	24.667	24.652	24.895	25.717	23.011	22.993	415.42	415.34
23:10:19	24.668	24.654	24.897	25.722	23.013	22.992	415.42	415.34
23:11:19	24.668	24.655	24.891	25.722	23.014	22.993	415.42	415.34
23:12:19	24.668	24.656	24.893	25.723	23.013	22.994	415.42	415.34
23:13:19	24.667	24.655	24.894	25.72	23.015	22.994	415.42	415.34
23:14:19	24.668	24.655	24.895	25.721	23.016	22.995	415.42	415.34
23:15:19	24.668	24.656	24.895	25.719	23.014	22.994	415.42	415.34
23:16:19	24.668	24.656	24.89	25.711	23.015	22.993	415.42	415.34
23:17:19	24.667	24.656	24.882	25.706	23.014	22.993	415.42	415.34
23:18:19	24.668	24.654	24.873	25.704	23.016	22.993	415.42	415.34
23:19:19	24.667	24.655	24.876	25.705	23.013	22.993	415.42	415.34
23:20:21	24.667	24.655	24.88	25.705	23.014	22.993	415.42	415.34
23:21:19	24.667	24.653	24.878	25.702	23.012	22.994	415.42	415.34
23:22:19	24.667	24.653	24.881	25.693	23.01	22.991	415.42	415.34
23:23:19	24.667	24.651	24.886	25.697	23.01	22.992	415.42	415.34
23:24:19	24.666	24.649	24.881	25.695	23.01	22.991	415.42	415.34
23:25:19	24.666	24.648	24.883	25.694	23.01	22.991	415.42	415.34
23:26:19	24.666	24.646	24.882	25.686	23.008	22.99	415.42	415.34
23:27:19	24.666	24.647	24.882	25.69	23.007	22.991	415.42	415.34
23:28:19	24.666	24.646	24.88	25.681	23.006	22.99	415.42	415.34
23:29:19	24.666	24.645	24.883	25.685	23.006	22.99	415.42	415.34
23:30:19	24.666	24.644	24.883	25.693	23.005	22.99	415.42	415.34
23:31:19	24.665	24.645	24.877	25.693	23.006	22.989	415.42	415.34
23:32:19	24.666	24.644	24.882	25.722	23.004	22.989	415.42	415.34
23:33:19	24.666	24.643	24.873	25.748	23.006	22.99	415.42	415.34
23:34:19	24.665	24.644	24.869	25.657	23.005	22.99	415.42	415.34
23:35:19	24.665	24.643	24.87	25.64	23.005	22.99	415.42	415.34
23:36:19	24.665	24.643	24.89	25.701	23.006	22.99	415.42	415.34
23:37:19	24.665	24.644	24.892	25.721	23.005	22.99	415.42	415.34
23:38:19	24.665	24.642	24.889	25.725	23.005	22.989	415.42	415.34
23:39:19	24.664	24.641	24.885	25.729	23.005	22.988	415.42	415.34
23:40:19	24.664	24.641	24.881	25.725	23.004	22.988	415.42	415.34
23:41:19	24.664	24.641	24.879	25.698	23.002	22.989	415.42	415.34
23:42:19	24.663	24.641	24.875	25.678	23.002	22.989	415.42	415.34
23:43:19	24.664	24.641	24.87	25.673	23.004	22.987	415.42	415.34
23:44:19	24.663	24.639	24.869	25.685	23.002	22.989	415.42	415.34
23:45:19	24.664	24.64	24.87	25.686	23.002	22.987	415.42	415.34
23:46:19	24.662	24.64	24.865	25.695	23.002	22.988	415.42	415.34
23:47:19	24.663	24.638	24.87	25.71	23.003	22.99	415.42	415.34
23:48:19	24.663	24.638	24.863	25.729	23.004	22.988	415.42	415.34
23:49:19	24.663	24.638	24.888	25.869	23.003	22.989	415.42	415.34
23:50:19	24.662	24.64	24.906	25.911	23.004	22.99	415.42	415.34
23:51:19	24.662	24.64	24.922	26.021	23.004	22.99	415.42	415.34
23:52:19	24.662	24.639	24.931	26.029	23.005	22.988	415.42	415.34
23:53:19	24.663	24.639	24.926	25.97	23.005	22.988	415.42	415.34
23:54:19	24.662	24.639	24.907	25.886	23.003	22.99	415.42	415.34
23:55:19	24.661	24.64	24.892	25.831	23.005	22.991	415.42	415.34
23:56:19	24.661	24.64	24.864	25.791	23.007	22.99	415.42	415.34
23:57:19	24.662	24.641	24.859	25.771	23.007	22.991	415.42	415.34
23:58:19	24.662	24.642	24.872	25.763	23.007	22.991	415.42	415.34
23:59:19	24.662	24.642	24.878	25.758	23.006	22.991	415.42	415.34
