00:00:46	16.256	15.976	16.159	17.252	16.361	16.481	415.42	415.34
00:01:46	16.257	15.977	16.154	17.173	16.361	16.481	415.42	415.34
00:02:46	16.257	15.976	16.085	16.837	16.36	16.479	415.42	415.34
00:03:46	16.258	15.975	16.075	16.811	16.36	16.48	415.42	415.34
00:04:46	16.258	15.976	16.096	16.803	16.362	16.48	415.42	415.34
00:05:46	16.258	15.977	16.09	16.819	16.362	16.482	415.42	415.34
00:06:46	16.258	15.979	16.088	16.817	16.364	16.483	415.42	415.34
00:07:46	16.257	15.98	16.082	16.809	16.366	16.486	415.42	415.34
00:08:46	16.258	15.98	16.081	16.795	16.365	16.487	415.42	415.34
00:09:46	16.258	15.981	16.071	16.774	16.363	16.484	415.42	415.34
00:10:46	16.258	15.979	16.06	16.95	16.36	16.481	415.42	415.34
00:11:46	16.258	15.978	16.068	17.142	16.361	16.481	415.42	415.34
00:12:46	16.259	15.979	16.077	17.081	16.363	16.481	415.42	415.34
00:13:46	16.259	15.98	16.078	17.423	16.363	16.48	415.42	415.34
00:14:46	16.259	15.979	16.08	17.863	16.363	16.482	415.42	415.34
00:15:46	16.259	15.981	16.09	18.164	16.367	16.484	415.42	415.34
00:16:46	16.259	15.983	16.127	17.988	16.369	16.486	415.42	415.34
00:17:46	16.261	15.984	16.159	17.577	16.365	16.489	415.42	415.34
00:18:46	16.26	15.985	16.163	17.308	16.367	16.489	415.42	415.34
00:19:46	16.26	15.986	16.159	17.137	16.366	16.488	415.42	415.34
00:20:46	16.259	15.985	16.14	17.111	16.366	16.487	415.42	415.34
00:21:46	16.261	15.985	16.128	17.196	16.366	16.485	415.42	415.34
00:22:46	16.26	15.986	16.126	17.102	16.365	16.484	415.42	415.34
00:23:47	16.261	15.985	16.116	16.988	16.364	16.484	415.42	415.34
00:24:46	16.26	15.984	16.113	16.895	16.364	16.484	415.42	415.34
00:25:47	16.261	15.984	16.105	16.893	16.363	16.482	415.42	415.34
00:26:46	16.262	15.983	16.102	16.948	16.363	16.481	415.42	415.34
00:27:46	16.26	15.983	16.104	17.395	16.365	16.484	415.42	415.34
00:28:46	16.262	15.984	16.116	18.026	16.366	16.485	415.42	415.34
00:29:46	16.261	15.984	16.139	18.403	16.365	16.487	415.42	415.34
00:30:46	16.262	15.983	16.158	18.189	16.367	16.486	415.42	415.34
00:31:46	16.261	15.986	16.171	17.588	16.366	16.486	415.42	415.34
00:32:46	16.261	15.986	16.167	17.3	16.367	16.488	415.42	415.34
00:33:46	16.261	15.987	16.157	17.109	16.366	16.489	415.42	415.34
00:34:46	16.262	15.988	16.148	17.051	16.368	16.488	415.42	415.34
00:35:46	16.262	15.989	16.132	17.048	16.367	16.489	415.42	415.34
00:36:46	16.262	15.989	16.126	17.083	16.368	16.489	415.42	415.34
00:37:46	16.264	15.99	16.115	17.129	16.369	16.49	415.42	415.34
00:38:46	16.264	15.989	16.101	17.036	16.368	16.489	415.42	415.34
00:39:46	16.263	15.988	16.092	17.083	16.367	16.486	415.42	415.34
00:40:46	16.264	15.988	16.085	17.456	16.368	16.486	415.42	415.34
00:41:46	16.264	15.989	16.102	17.846	16.37	16.487	415.42	415.34
00:42:46	16.265	15.99	16.121	18.274	16.37	16.492	415.42	415.34
00:43:46	16.264	15.991	16.159	17.864	16.369	16.492	415.42	415.34
00:44:46	16.265	15.991	16.163	17.434	16.37	16.491	415.42	415.34
00:45:46	16.263	15.99	16.148	17.177	16.368	16.488	415.42	415.34
00:46:46	16.264	15.989	16.133	17.021	16.368	16.486	415.42	415.34
00:47:46	16.264	15.989	16.116	17.068	16.369	16.485	415.42	415.34
00:48:46	16.264	15.988	16.115	17.017	16.367	16.483	415.42	415.34
00:49:46	16.264	15.987	16.113	17.07	16.366	16.484	415.42	415.34
00:50:46	16.264	15.986	16.114	17.028	16.366	16.485	415.42	415.34
00:51:46	16.264	15.988	16.116	16.955	16.367	16.487	415.42	415.34
00:52:46	16.264	15.988	16.113	17.28	16.367	16.488	415.42	415.34
00:53:46	16.265	15.988	16.119	17.718	16.367	16.487	415.42	415.34
00:54:46	16.265	15.986	16.136	18.014	16.364	16.486	415.42	415.34
00:55:46	16.265	15.986	16.152	17.804	16.366	16.485	415.42	415.34
00:56:46	16.265	15.986	16.163	17.524	16.364	16.484	415.42	415.34
00:57:46	16.266	15.986	16.163	17.299	16.367	16.485	415.42	415.34
00:58:46	16.265	15.986	16.153	17.083	16.365	16.487	415.42	415.34
00:59:46	16.265	15.986	16.145	16.986	16.365	16.487	415.42	415.34
01:00:46	16.266	15.987	16.126	16.975	16.368	16.488	415.42	415.34
01:01:46	16.266	15.989	16.111	17.032	16.368	16.49	415.42	415.34
01:02:46	16.266	15.989	16.103	16.984	16.368	16.492	415.42	415.34
01:03:46	16.267	15.99	16.099	16.95	16.367	16.492	415.42	415.34
01:04:46	16.266	15.991	16.1	16.976	16.367	16.49	415.42	415.34
01:05:46	16.267	15.99	16.089	17.241	16.363	16.488	415.42	415.34
01:06:46	16.267	15.99	16.086	17.617	16.366	16.487	415.42	415.34
01:07:46	16.267	15.99	16.084	17.865	16.366	16.488	415.42	415.34
01:08:46	16.268	15.987	16.108	17.729	16.365	16.487	415.42	415.34
01:09:46	16.267	15.988	16.132	17.432	16.364	16.485	415.42	415.34
01:10:48	16.267	15.987	16.142	17.184	16.367	16.485	415.42	415.34
01:11:46	16.268	15.986	16.14	17.02	16.367	16.486	415.42	415.34
01:12:48	16.267	15.987	16.13	16.982	16.365	16.488	415.42	415.34
01:13:46	16.267	15.987	16.118	16.955	16.366	16.488	415.42	415.34
01:14:46	16.268	15.988	16.114	17.068	16.367	16.49	415.42	415.34
01:15:46	16.268	15.987	16.105	17.098	16.367	16.49	415.42	415.34
01:16:46	16.267	15.989	16.1	17.119	16.367	16.49	415.42	415.34
01:17:46	16.268	15.989	16.098	17.655	16.365	16.488	415.42	415.34
01:18:46	16.268	15.989	16.102	18.4	16.365	16.488	415.42	415.34
01:19:46	16.269	15.989	16.114	18.965	16.367	16.487	415.42	415.34
01:20:46	16.268	15.99	16.13	19.124	16.368	16.49	415.42	415.34
01:21:46	16.269	15.991	16.148	18.418	16.37	16.491	415.42	415.34
01:22:46	16.27	15.992	16.153	17.902	16.369	16.491	415.42	415.34
01:23:46	16.269	15.991	16.147	17.528	16.369	16.49	415.42	415.34
01:24:46	16.269	15.991	16.136	17.277	16.37	16.491	415.42	415.34
01:25:46	16.269	15.992	16.128	17.184	16.369	16.491	415.42	415.34
01:26:46	16.269	15.991	16.116	17.107	16.368	16.49	415.42	415.34
01:27:46	16.27	15.991	16.114	17.022	16.367	16.489	415.42	415.34
01:28:46	16.27	15.991	16.109	16.971	16.367	16.489	415.42	415.34
01:29:46	16.27	15.991	16.108	17.245	16.367	16.489	415.42	415.34
01:30:46	16.27	15.992	16.116	17.516	16.368	16.489	415.42	415.34
01:31:46	16.27	15.992	16.126	17.813	16.369	16.489	415.42	415.34
01:32:46	16.269	15.991	16.139	18.082	16.367	16.491	415.42	415.34
01:33:46	16.27	15.992	16.152	18.036	16.368	16.488	415.42	415.34
01:34:46	16.271	15.992	16.162	17.618	16.368	16.491	415.42	415.34
01:35:46	16.271	15.992	16.16	17.282	16.369	16.492	415.42	415.34
01:36:46	16.272	15.991	16.148	17.094	16.37	16.491	415.42	415.34
01:37:46	16.271	15.994	16.133	17.034	16.368	16.489	415.42	415.34
01:38:46	16.271	15.991	16.118	17.037	16.367	16.487	415.42	415.34
01:39:46	16.271	15.99	16.103	17.136	16.367	16.487	415.42	415.34
01:40:46	16.272	15.992	16.097	17.312	16.367	16.487	415.42	415.34
01:41:46	16.271	15.991	16.1	17.475	16.368	16.489	415.42	415.34
01:42:46	16.272	15.991	16.109	17.577	16.367	16.49	415.42	415.34
01:43:46	16.271	15.992	16.124	17.87	16.368	16.491	415.42	415.34
01:44:46	16.272	15.992	16.129	17.831	16.367	16.489	415.42	415.34
01:45:46	16.272	15.992	16.137	17.734	16.368	16.489	415.42	415.34
01:46:46	16.272	15.991	16.156	17.504	16.367	16.489	415.42	415.34
01:47:46	16.271	15.991	16.17	17.238	16.367	16.488	415.42	415.34
01:48:46	16.272	15.989	16.163	17.059	16.365	16.486	415.42	415.34
01:49:47	16.272	15.988	16.144	16.987	16.363	16.485	415.42	415.34
01:50:46	0.0	15.987	16.131	16.959	16.363	16.485	415.42	415.34
01:51:46	16.272	15.985	16.117	17.082	16.362	16.484	415.42	415.34
01:52:46	16.272	15.985	16.105	17.202	16.361	16.482	415.42	415.34
01:53:46	16.272	0.0	16.1	17.607	16.362	16.484	415.42	415.34
01:54:46	16.272	15.983	16.104	18.06	16.363	16.484	415.42	415.34
01:55:46	16.272	15.982	16.114	18.421	16.363	16.485	415.42	415.34
01:56:46	16.272	15.983	16.133	18.879	16.364	16.484	415.42	415.34
01:57:46	16.272	15.983	16.154	19.275	16.363	16.485	415.42	415.34
01:58:46	16.272	15.982	16.166	18.801	16.363	16.486	415.42	415.34
01:59:46	16.272	15.982	16.173	18.143	16.363	16.486	415.42	415.34
02:00:46	16.273	15.983	16.17	17.71	16.365	16.485	415.42	415.34
02:01:48	16.272	15.984	16.155	17.339	16.365	16.487	415.42	415.34
02:02:46	16.272	15.983	16.137	17.304	16.364	16.486	415.42	415.34
02:03:46	16.272	15.983	16.11	17.026	16.363	16.484	415.42	415.34
02:04:46	16.271	15.982	16.058	16.839	16.363	16.486	415.42	415.34
02:05:46	16.272	15.984	16.072	16.847	16.367	16.487	415.42	415.34
02:06:46	16.271	15.986	16.072	16.849	16.368	16.49	415.42	415.34
02:07:46	16.273	15.985	16.076	16.836	16.366	16.489	415.42	415.34
02:08:46	16.273	15.987	16.073	16.825	16.367	16.489	415.42	415.34
02:09:46	16.273	15.986	16.069	16.816	16.364	16.489	415.42	415.34
02:10:46	16.273	15.986	16.066	16.817	16.364	16.489	415.42	415.34
02:11:46	16.273	15.986	16.057	16.785	16.364	16.487	415.42	415.34
02:12:46	16.272	15.986	16.054	16.765	16.363	16.486	415.42	415.34
02:13:46	16.274	15.987	16.047	16.966	16.364	16.487	415.42	415.34
02:14:46	16.274	15.986	16.049	17.321	16.365	16.487	415.42	415.34
02:15:46	16.274	15.987	16.058	17.812	16.368	16.488	415.42	415.34
02:16:46	16.273	15.988	16.069	18.361	16.367	16.489	415.42	415.34
02:17:46	16.273	15.987	16.082	18.563	16.365	16.491	415.42	415.34
02:18:46	16.274	15.988	16.092	17.972	16.366	16.489	415.42	415.34
02:19:46	16.273	15.988	16.094	17.556	16.365	16.488	415.42	415.34
02:20:46	16.274	15.987	16.092	17.272	16.367	16.491	415.42	415.34
02:21:46	16.275	15.988	16.083	17.076	16.367	16.49	415.42	415.34
02:22:47	16.274	15.989	16.073	16.985	16.367	16.491	415.42	415.34
02:23:46	16.275	15.99	16.058	16.853	16.365	16.491	415.42	415.34
02:24:47	16.275	15.99	16.053	16.765	16.366	16.491	415.42	415.34
02:25:46	0.0	15.988	16.057	16.747	16.365	16.49	415.42	415.34
02:26:46	16.274	15.989	16.072	16.778	16.364	16.489	415.42	415.34
02:27:46	16.275	15.989	16.085	17.207	16.367	16.489	415.42	415.34
02:28:46	16.275	15.991	16.101	17.765	16.367	16.49	415.42	415.34
02:29:47	16.274	15.991	16.125	18.044	16.367	16.492	415.42	415.34
02:30:46	0.0	15.99	16.142	17.897	16.367	16.492	415.42	415.34
02:31:46	16.275	15.99	16.146	17.569	16.365	16.491	415.42	415.34
02:32:46	16.275	15.989	16.14	17.296	16.365	16.489	415.42	415.34
02:33:48	16.274	15.988	16.13	17.1	16.363	16.486	415.42	415.34
02:34:46	0.0	15.987	16.118	17.024	16.362	16.486	415.42	415.34
02:35:46	16.275	15.987	16.102	17.099	16.363	16.487	415.42	415.34
02:36:47	16.275	15.986	16.101	17.068	16.361	16.487	415.42	415.34
02:37:46	16.275	15.984	16.096	17.033	16.362	16.485	415.42	415.34
02:38:46	16.275	15.984	16.091	17.448	16.362	16.485	415.42	415.34
02:39:46	16.275	15.983	16.098	17.773	16.363	16.486	415.42	415.34
02:40:46	16.276	15.985	16.113	18.015	16.363	16.487	415.42	415.34
02:41:46	16.276	15.984	16.132	18.132	16.364	16.487	415.42	415.34
02:42:46	16.276	15.984	16.172	17.829	16.365	16.488	415.42	415.34
02:43:46	16.276	15.984	16.195	17.475	16.367	16.49	415.42	415.34
02:44:46	16.276	15.985	16.183	17.243	16.367	16.491	415.42	415.34
02:45:46	16.276	15.986	16.164	17.116	16.365	16.491	415.42	415.34
02:46:46	16.276	15.985	16.15	17.181	16.364	16.488	415.42	415.34
02:47:46	16.276	15.986	16.136	17.217	16.364	16.489	415.42	415.34
02:48:46	16.276	15.986	16.132	17.118	16.364	16.488	415.42	415.34
02:49:46	16.277	15.985	16.124	17.101	16.363	16.488	415.42	415.34
02:50:46	16.275	15.985	16.118	17.241	16.364	16.488	415.42	415.34
02:51:46	16.276	15.987	16.116	17.352	16.366	16.488	415.42	415.34
02:52:46	16.276	15.986	16.119	17.705	16.365	16.489	415.42	415.34
02:53:46	16.276	15.986	16.127	18.133	16.363	16.489	415.42	415.34
02:54:46	16.277	15.986	16.142	18.456	16.363	16.489	415.42	415.34
02:55:47	16.277	15.986	16.158	18.097	16.362	16.487	415.42	415.34
02:56:47	16.277	15.983	16.165	17.641	16.363	16.486	415.42	415.34
02:57:47	16.277	15.984	16.156	17.353	16.363	16.487	415.42	415.34
02:58:47	16.277	15.986	16.142	17.186	16.366	16.49	415.42	415.34
02:59:47	16.277	15.988	16.129	17.111	16.368	16.493	415.42	415.34
03:00:47	16.278	15.988	16.124	16.977	16.368	16.494	415.42	415.34
03:01:47	16.277	15.988	16.118	16.847	16.365	16.493	415.42	415.34
03:02:47	16.278	15.988	16.115	17.144	16.364	16.493	415.42	415.34
03:03:47	16.278	15.989	16.119	17.3	16.363	16.49	415.42	415.34
03:04:47	16.277	15.988	16.133	17.422	16.363	16.489	415.42	415.34
03:05:47	16.278	15.987	16.141	17.405	16.363	16.487	415.42	415.34
03:06:47	16.277	15.987	16.149	17.575	16.363	16.487	415.42	415.34
03:07:47	16.277	15.986	16.156	17.852	16.363	16.488	415.42	415.34
03:08:47	16.277	15.985	16.164	17.761	16.364	16.488	415.42	415.34
03:09:47	16.278	15.986	16.17	17.479	16.364	16.488	415.42	415.34
03:10:47	16.277	15.987	16.162	17.182	16.364	16.488	415.42	415.34
03:11:47	16.278	15.986	16.146	17.047	16.363	16.489	415.42	415.34
03:12:47	16.277	15.986	16.129	16.987	16.362	16.489	415.42	415.34
03:13:48	16.277	15.985	16.113	17.01	16.361	16.488	415.42	415.34
03:14:48	16.278	15.984	16.097	16.945	16.363	16.489	415.42	415.34
03:15:48	16.278	15.985	16.094	16.962	16.363	16.488	415.42	415.34
03:16:48	16.279	15.985	16.091	17.177	16.364	16.489	415.42	415.34
03:17:48	16.279	15.986	16.102	17.396	16.364	16.491	415.42	415.34
03:18:48	16.279	15.985	16.112	17.671	16.364	16.491	415.42	415.34
03:19:48	16.278	15.986	16.139	17.909	16.362	16.489	415.42	415.34
03:20:48	16.279	15.985	16.168	17.719	16.361	16.487	415.42	415.34
03:21:48	16.279	15.984	16.187	17.551	16.362	16.487	415.42	415.34
03:22:48	16.278	15.984	16.195	17.328	16.363	16.488	415.42	415.34
03:23:48	16.277	15.983	16.186	17.113	16.362	16.486	415.42	415.34
03:24:48	16.278	15.983	16.166	17.136	16.36	16.487	415.42	415.34
03:25:48	16.279	15.982	16.141	17.098	16.36	16.485	415.42	415.34
03:26:48	16.277	15.981	16.13	17.049	16.361	16.486	415.42	415.34
03:27:48	16.278	15.981	16.124	17.108	16.361	16.484	415.42	415.34
03:28:48	16.277	15.979	16.11	17.211	16.361	16.484	415.42	415.34
03:29:48	16.277	15.98	16.104	17.514	16.362	16.486	415.42	415.34
03:30:48	16.279	15.982	16.111	17.89	16.365	16.487	415.42	415.34
03:31:48	16.279	15.981	16.124	18.043	16.363	16.488	415.42	415.34
03:32:48	16.278	15.981	16.148	18.695	16.363	16.486	415.42	415.34
03:33:48	16.278	15.982	16.166	18.737	16.363	16.486	415.42	415.34
03:34:48	16.279	15.981	16.179	18.079	16.362	16.488	415.42	415.34
03:35:48	16.278	15.983	16.177	17.626	16.365	16.489	415.42	415.34
03:36:48	16.279	15.983	16.168	17.332	16.365	16.491	415.42	415.34
03:37:48	16.279	15.985	16.152	17.146	16.365	16.491	415.42	415.34
03:38:48	16.279	15.984	16.131	17.108	16.364	16.491	415.42	415.34
03:39:48	16.278	15.983	16.077	16.838	16.361	16.488	415.42	415.34
03:40:48	16.278	15.982	16.083	16.832	16.36	16.486	415.42	415.34
03:41:48	16.278	15.983	16.082	16.836	16.363	16.488	415.42	415.34
03:42:48	16.28	15.984	16.08	16.822	16.363	16.488	415.42	415.34
03:43:48	16.279	15.983	16.078	16.804	16.363	16.487	415.42	415.34
03:44:48	16.28	15.985	16.073	16.782	16.362	16.487	415.42	415.34
03:45:48	16.279	15.984	16.073	16.803	16.364	16.489	415.42	415.34
03:46:49	16.279	15.984	16.072	16.806	16.364	16.49	415.42	415.34
03:47:48	16.279	15.983	16.058	16.79	16.364	16.49	415.42	415.34
03:48:48	16.279	15.984	16.056	17.203	16.363	16.491	415.42	415.34
03:49:48	16.28	15.985	16.064	17.966	16.362	16.491	415.42	415.34
03:50:48	16.279	15.985	16.076	18.183	16.363	16.492	415.42	415.34
03:51:48	16.28	15.986	16.096	18.666	16.364	16.492	415.42	415.34
03:52:48	16.28	15.988	16.12	19.234	16.365	16.494	415.42	415.34
03:53:49	16.28	15.987	16.14	19.206	16.367	16.495	415.42	415.34
03:54:48	16.281	15.99	16.149	18.457	16.365	16.493	415.42	415.34
03:55:48	16.28	15.988	16.149	17.897	16.363	16.493	415.42	415.34
03:56:48	16.279	15.989	16.145	17.541	16.364	16.492	415.42	415.34
03:57:48	16.281	15.989	16.134	17.307	16.364	16.491	415.42	415.34
03:58:48	16.281	15.988	16.121	17.352	16.363	16.49	415.42	415.34
03:59:48	16.281	15.989	16.115	17.142	16.364	16.492	415.42	415.34
04:00:48	16.281	15.988	16.113	16.983	16.364	16.489	415.42	415.34
04:01:48	16.281	15.988	16.106	16.969	16.364	16.491	415.42	415.34
04:02:48	16.28	15.989	16.103	17.382	16.365	16.492	415.42	415.34
04:03:48	16.281	15.989	16.113	17.85	16.367	16.495	415.42	415.34
04:04:48	16.282	15.99	16.13	18.065	16.364	16.494	415.42	415.34
04:05:48	16.282	15.99	16.15	18.404	16.365	16.494	415.42	415.34
04:06:48	16.282	15.99	16.166	18.599	16.362	16.493	415.42	415.34
04:07:48	16.282	15.988	16.184	18.286	16.362	16.489	415.42	415.34
04:08:48	16.28	15.988	16.193	17.803	16.361	16.488	415.42	415.34
04:09:48	16.282	15.987	16.186	17.421	16.361	16.487	415.42	415.34
04:10:48	16.282	15.986	16.172	17.141	16.361	16.488	415.42	415.34
04:11:48	16.282	15.985	16.16	17.006	16.362	16.487	415.42	415.34
04:12:48	16.281	15.984	16.141	17.001	16.361	16.487	415.42	415.34
04:13:48	16.281	15.983	16.125	16.93	16.362	16.488	415.42	415.34
04:14:48	16.281	15.983	16.1	17.031	16.362	16.488	415.42	415.34
04:15:48	16.282	15.984	16.094	16.972	16.361	16.488	415.42	415.34
04:16:48	16.281	15.984	16.09	16.895	16.364	16.489	415.42	415.34
04:17:48	16.283	15.985	16.083	16.841	16.363	16.489	415.42	415.34
04:18:48	16.282	15.984	16.076	16.793	16.364	16.491	415.42	415.34
04:19:48	16.282	15.985	16.057	16.774	16.364	16.492	415.42	415.34
04:20:48	16.281	15.986	16.04	16.751	16.363	16.491	415.42	415.34
04:21:48	16.282	15.985	16.033	16.745	16.363	16.491	415.42	415.34
04:22:48	16.282	15.986	16.036	16.75	16.363	16.492	415.42	415.34
04:23:48	16.283	15.985	16.053	16.986	16.361	16.49	415.42	415.34
04:24:48	16.282	15.985	16.076	17.41	16.362	16.49	415.42	415.34
04:25:48	16.283	15.985	16.103	17.825	16.361	16.489	415.42	415.34
04:26:48	16.282	15.985	16.122	17.761	16.363	16.488	415.42	415.34
04:27:48	16.282	15.985	16.12	17.373	16.362	16.488	415.42	415.34
04:28:48	16.282	15.984	16.097	17.073	16.363	16.49	415.42	415.34
04:29:48	16.283	15.986	16.09	16.974	16.364	16.489	415.42	415.34
04:30:48	16.283	15.986	16.085	16.929	16.363	16.491	415.42	415.34
04:31:48	16.283	15.986	16.065	16.949	16.364	16.49	415.42	415.34
04:32:48	16.282	15.984	16.054	17.028	16.363	16.49	415.42	415.34
04:33:48	16.283	15.985	16.051	17.168	16.362	16.49	415.42	415.34
04:34:48	16.284	15.984	16.059	17.86	16.362	16.489	415.42	415.34
04:35:48	16.283	15.984	16.074	18.606	16.361	16.489	415.42	415.34
04:36:48	16.283	15.983	16.091	19.187	16.362	16.488	415.42	415.34
04:37:48	16.282	15.984	16.112	19.308	16.362	16.488	415.42	415.34
04:38:48	16.283	15.981	16.132	18.54	16.361	16.487	415.42	415.34
04:39:48	16.283	15.981	16.141	17.986	16.36	16.487	415.42	415.34
04:40:48	16.283	15.98	16.131	17.575	16.359	16.485	415.42	415.34
04:41:48	16.282	15.979	16.121	17.294	16.36	16.486	415.42	415.34
04:42:48	16.283	15.979	16.093	17.129	16.36	16.487	415.42	415.34
04:43:48	16.282	15.979	16.088	17.175	16.359	16.485	415.42	415.34
04:44:48	16.282	15.979	16.092	17.107	16.361	16.485	415.42	415.34
04:45:48	16.283	15.979	16.09	16.987	16.361	16.488	415.42	415.34
04:46:48	16.282	15.979	16.087	16.867	16.361	16.487	415.42	415.34
04:47:48	16.283	15.979	16.073	16.799	16.361	16.488	415.42	415.34
04:48:48	16.283	15.979	16.065	16.747	16.362	16.488	415.42	415.34
04:49:48	16.282	15.981	16.051	16.732	16.363	16.49	415.42	415.34
04:50:48	16.283	15.982	16.044	17.016	16.364	16.492	415.42	415.34
04:51:48	16.283	15.983	16.054	17.346	16.366	16.492	415.42	415.34
04:52:48	16.283	15.985	16.069	17.356	16.364	16.493	415.42	415.34
04:53:48	16.283	15.985	16.081	17.209	16.363	16.493	415.42	415.34
04:54:48	16.284	15.985	16.084	17.064	16.364	16.494	415.42	415.34
04:55:48	16.284	15.987	16.084	17.039	16.363	16.495	415.42	415.34
04:56:48	16.283	15.987	16.08	16.931	16.363	16.493	415.42	415.34
04:57:48	16.284	15.987	16.065	16.969	16.361	16.492	415.42	415.34
04:58:48	16.283	15.987	16.048	17.111	16.36	16.491	415.42	415.34
04:59:48	16.285	15.986	16.038	17.224	16.361	16.491	415.42	415.34
05:00:48	16.284	15.984	16.039	17.525	16.361	16.489	415.42	415.34
05:01:48	16.283	15.984	16.07	17.922	16.361	16.488	415.42	415.34
05:02:48	16.283	15.983	16.102	18.005	16.361	16.488	415.42	415.34
05:03:48	16.283	15.984	16.121	17.732	16.362	16.489	415.42	415.34
05:04:48	16.284	15.982	16.133	17.518	16.362	16.49	415.42	415.34
05:05:48	16.284	15.983	16.141	17.309	16.363	16.491	415.42	415.34
05:06:48	16.284	15.983	16.113	16.98	16.361	16.491	415.42	415.34
05:07:48	16.284	15.983	16.05	16.846	16.363	16.491	415.42	415.34
05:08:48	16.284	15.983	16.015	16.791	16.362	16.492	415.42	415.34
05:09:49	16.285	15.984	16.02	16.816	16.363	16.493	415.42	415.34
05:10:48	0.0	15.985	16.025	17.014	16.363	16.493	415.42	415.34
05:11:48	16.286	15.985	16.026	17.136	16.363	16.492	415.42	415.34
05:12:48	16.286	15.984	16.024	17.025	16.363	16.491	415.42	415.34
05:13:48	16.285	15.985	16.0	16.913	16.363	16.492	415.42	415.34
05:14:48	16.285	15.985	15.991	16.892	16.362	16.491	415.42	415.34
05:15:48	16.284	15.986	15.968	17.26	16.361	16.491	415.42	415.34
05:16:48	16.285	15.985	15.996	17.959	16.362	16.491	415.42	415.34
05:17:48	16.285	15.985	16.036	18.407	16.36	16.489	415.42	415.34
05:18:48	16.284	15.984	16.079	18.051	16.362	16.489	415.42	415.34
05:19:48	16.285	15.984	16.089	17.597	16.362	16.49	415.42	415.34
05:20:48	16.285	15.983	16.079	17.299	16.363	16.491	415.42	415.34
05:21:48	16.286	15.984	16.067	17.126	16.364	16.492	415.42	415.34
05:22:48	16.285	15.984	16.033	16.976	16.363	16.493	415.42	415.34
05:23:48	16.285	15.985	16.047	16.855	16.363	16.493	415.42	415.34
05:24:48	16.285	15.984	16.045	16.797	16.362	16.493	415.42	415.34
05:25:48	16.285	15.984	16.038	16.741	16.362	16.493	415.42	415.34
05:26:48	16.286	15.984	16.017	16.725	16.362	16.491	415.42	415.34
05:27:48	16.285	15.984	16.033	16.998	16.36	16.49	415.42	415.34
05:28:48	16.286	15.983	16.073	17.286	16.36	16.489	415.42	415.34
05:29:48	16.285	15.984	16.09	17.483	16.362	16.491	415.42	415.34
05:30:48	16.285	15.985	16.095	17.357	16.364	16.492	415.42	415.34
05:31:48	16.285	15.985	16.097	17.218	16.365	16.494	415.42	415.34
05:32:48	16.286	15.985	16.092	17.073	16.365	16.494	415.42	415.34
05:33:49	16.286	15.985	16.081	16.935	16.363	16.495	415.42	415.34
05:34:48	0.0	15.987	16.078	16.86	16.362	16.495	415.42	415.34
05:35:48	16.285	15.985	16.058	16.945	16.362	16.494	415.42	415.34
05:36:48	16.285	15.986	16.036	17.107	16.361	16.493	415.42	415.34
05:37:48	16.286	15.985	16.039	17.273	16.361	16.492	415.42	415.34
05:38:48	16.286	15.984	16.052	17.616	16.361	16.491	415.42	415.34
05:39:48	16.285	15.983	16.093	17.938	16.36	16.491	415.42	415.34
05:40:49	16.286	15.984	16.131	17.982	16.362	16.491	415.42	415.34
05:41:48	16.286	15.985	16.136	17.651	16.363	16.492	415.42	415.34
05:42:48	16.286	15.985	16.137	17.405	16.363	16.492	415.42	415.34
05:43:48	16.286	15.986	16.126	17.188	16.364	16.494	415.42	415.34
05:44:48	16.286	15.985	16.088	17.083	16.363	16.495	415.42	415.34
05:45:48	16.286	15.984	16.079	17.022	16.362	16.495	415.42	415.34
05:46:48	16.286	15.985	16.074	17.0	16.362	16.493	415.42	415.34
05:47:48	16.286	15.983	16.043	17.063	16.361	16.491	415.42	415.34
05:48:48	16.285	15.982	16.03	17.419	16.359	16.488	415.42	415.34
05:49:48	16.285	15.981	16.048	18.021	16.358	16.489	415.42	415.34
05:50:48	16.285	15.979	16.061	18.594	16.357	16.487	415.42	415.34
05:51:48	16.285	15.977	16.077	19.027	16.358	16.488	415.42	415.34
05:52:48	16.284	15.976	16.096	19.263	16.358	16.487	415.42	415.34
05:53:48	16.284	15.975	16.113	18.954	16.356	16.487	415.42	415.34
05:54:48	16.285	15.975	16.125	18.231	16.355	16.485	415.42	415.34
05:55:48	16.285	15.975	16.123	17.723	16.359	16.487	415.42	415.34
05:56:48	16.285	15.975	16.113	17.4	16.357	16.488	415.42	415.34
05:57:48	16.285	15.975	16.091	17.201	16.358	16.487	415.42	415.34
05:58:48	16.284	15.974	16.078	17.046	16.359	16.486	415.42	415.34
05:59:48	16.284	15.975	16.077	16.9	16.36	16.488	415.42	415.34
06:00:48	16.284	15.976	16.084	17.021	16.36	16.491	415.42	415.34
06:01:48	16.284	15.976	16.099	17.45	16.359	16.489	415.42	415.34
06:02:48	16.285	15.977	16.113	17.6	16.36	16.49	415.42	415.34
06:03:48	16.285	15.978	16.131	17.884	16.361	16.492	415.42	415.34
06:04:48	16.285	15.979	16.149	17.983	16.362	16.493	415.42	415.34
06:05:49	16.285	15.979	16.162	17.924	16.359	16.493	415.42	415.34
06:06:48	0.0	15.98	16.161	17.661	16.361	16.493	415.42	415.34
06:07:49	16.285	15.983	16.155	17.335	16.36	16.493	415.42	415.34
06:08:48	0.0	15.982	16.144	17.167	16.36	16.492	415.42	415.34
06:09:48	16.287	15.983	16.132	17.073	16.362	16.494	415.42	415.34
06:10:48	16.286	15.983	16.117	17.052	16.359	16.494	415.42	415.34
06:11:48	16.286	15.984	16.11	17.39	16.36	16.493	415.42	415.34
06:12:48	16.285	15.983	16.112	17.818	16.359	16.492	415.42	415.34
06:13:48	16.286	15.982	16.133	18.011	16.361	16.492	415.42	415.34
06:14:48	16.286	15.982	16.159	18.176	16.361	16.493	415.42	415.34
06:15:48	16.285	15.982	16.187	18.238	16.359	16.491	415.42	415.34
06:16:48	16.285	15.981	16.206	17.764	16.359	16.49	415.42	415.34
06:17:48	16.286	15.981	16.18	17.3	16.358	16.49	415.42	415.34
06:18:48	16.285	15.978	16.137	17.061	16.358	16.488	415.42	415.34
06:19:48	16.286	15.977	16.097	16.919	16.357	16.488	415.42	415.34
06:20:48	16.285	15.977	16.08	17.041	16.358	16.488	415.42	415.34
06:21:48	16.284	15.975	16.088	16.977	16.358	16.487	415.42	415.34
06:22:48	16.285	15.975	16.095	16.937	16.359	16.488	415.42	415.34
06:23:49	16.285	15.974	16.069	16.902	16.358	16.488	415.42	415.34
06:24:48	16.285	15.974	16.067	16.838	16.358	16.488	415.42	415.34
06:25:49	16.285	15.975	16.054	16.816	16.358	16.489	415.42	415.34
06:26:48	16.286	15.974	16.058	17.093	16.358	16.489	415.42	415.34
06:27:49	16.285	15.975	16.078	17.701	16.359	16.49	415.42	415.34
06:28:48	16.285	15.976	16.109	18.137	16.359	16.488	415.42	415.34
06:29:49	16.285	15.975	16.142	18.137	16.358	16.489	415.42	415.34
06:30:49	16.285	15.974	16.161	17.728	16.356	16.488	415.42	415.34
06:31:48	16.285	15.974	16.166	17.361	16.357	16.489	415.42	415.34
06:32:49	16.285	15.974	16.155	17.102	16.358	16.49	415.42	415.34
06:33:48	16.287	15.977	16.137	17.018	16.359	16.491	415.42	415.34
06:34:48	16.286	15.978	16.082	16.943	16.361	16.491	415.42	415.34
06:35:48	16.286	15.979	16.038	17.102	16.361	16.494	415.42	415.34
06:36:48	16.287	15.98	16.036	17.02	16.361	16.494	415.42	415.34
06:37:50	16.286	15.98	16.021	17.046	16.359	16.494	415.42	415.34
06:38:48	16.286	15.982	16.035	17.433	16.36	16.493	415.42	415.34
06:39:49	16.285	15.982	16.072	17.648	16.36	16.492	415.42	415.34
06:40:49	16.286	15.981	16.122	18.016	16.359	16.491	415.42	415.34
06:41:49	16.287	15.981	16.166	18.211	16.361	16.492	415.42	415.34
06:42:51	16.286	15.98	16.192	17.593	16.358	16.491	415.42	415.34
06:43:49	16.286	15.979	16.151	17.24	16.359	16.49	415.42	415.34
06:44:48	16.286	15.98	16.102	17.006	16.36	16.491	415.42	415.34
06:45:49	16.286	15.979	16.06	16.871	16.36	16.491	415.42	415.34
06:46:48	16.286	15.979	16.051	16.946	16.359	16.489	415.42	415.34
06:47:49	16.286	15.978	16.076	16.884	16.36	16.49	415.42	415.34
06:48:48	16.287	15.978	16.081	16.832	16.359	16.491	415.42	415.34
06:49:49	16.286	15.977	16.072	16.787	16.359	16.489	415.42	415.34
06:50:48	16.286	15.979	16.078	16.863	16.359	16.491	415.42	415.34
06:51:48	16.287	15.977	16.09	17.236	16.36	16.491	415.42	415.34
06:52:49	16.286	15.978	16.109	17.426	16.361	16.491	415.42	415.34
06:53:48	16.286	15.979	16.125	17.627	16.361	16.491	415.42	415.34
06:54:49	16.287	15.979	16.138	17.568	16.362	16.493	415.42	415.34
06:55:49	16.287	15.979	16.146	17.31	16.362	16.492	415.42	415.34
06:56:48	16.286	15.979	16.14	17.146	16.361	16.492	415.42	415.34
06:57:49	16.287	15.979	16.122	17.041	16.359	16.492	415.42	415.34
06:58:48	16.288	15.979	16.108	17.029	16.359	16.491	415.42	415.34
06:59:48	16.286	15.979	16.098	17.271	16.362	16.492	415.42	415.34
07:00:49	16.288	15.98	16.082	17.332	16.361	16.491	415.42	415.34
07:01:48	16.286	15.979	16.082	17.323	16.362	16.492	415.42	415.34
07:02:49	16.287	15.98	16.068	17.318	16.361	16.493	415.42	415.34
07:03:48	16.287	15.979	16.076	17.606	16.36	16.491	415.42	415.34
07:04:49	16.288	15.98	16.112	17.655	16.361	16.493	415.42	415.34
07:05:50	16.289	15.979	16.124	17.405	16.362	16.493	415.42	415.34
07:06:49	16.288	15.981	16.104	17.203	16.361	16.493	415.42	415.34
07:07:49	16.287	15.981	16.081	17.12	16.361	16.492	415.42	415.34
07:08:48	16.288	15.981	16.084	17.067	16.36	16.494	415.42	415.34
07:09:48	16.288	15.981	16.051	17.011	16.361	16.492	415.42	415.34
07:10:48	16.287	15.98	16.031	16.894	16.36	16.493	415.42	415.34
07:11:48	16.287	15.981	16.001	17.124	16.36	16.492	415.42	415.34
07:12:49	16.287	15.98	16.024	17.334	16.36	16.492	415.42	415.34
07:13:49	16.288	15.979	16.047	17.798	16.36	16.492	415.42	415.34
07:14:48	16.288	15.979	16.067	18.446	16.36	16.49	415.42	415.34
07:15:49	16.288	15.979	16.082	18.603	16.359	16.49	415.42	415.34
07:16:48	16.289	15.979	16.102	18.311	16.359	16.489	415.42	415.34
07:17:48	16.288	15.978	16.114	17.916	16.36	16.49	415.42	415.34
07:18:48	16.288	15.978	16.115	17.578	16.36	16.489	415.42	415.34
07:19:49	16.288	15.978	16.109	17.314	16.36	16.491	415.42	415.34
07:20:49	16.288	15.977	16.095	17.138	16.359	16.489	415.42	415.34
07:21:49	16.288	15.976	16.088	17.034	16.358	16.489	415.42	415.34
07:22:49	16.288	15.976	16.074	17.109	16.359	16.49	415.42	415.34
07:23:49	16.288	15.978	16.056	17.021	16.36	16.49	415.42	415.34
07:24:49	16.288	15.978	16.03	16.927	16.36	16.491	415.42	415.34
07:25:49	16.287	15.979	16.049	16.895	16.36	16.492	415.42	415.34
07:26:49	16.288	15.979	16.076	17.236	16.361	16.492	415.42	415.34
07:27:49	16.288	15.978	16.101	17.89	16.359	16.491	415.42	415.34
07:28:49	16.288	15.979	16.129	18.445	16.358	16.491	415.42	415.34
07:29:49	16.288	15.979	16.155	18.369	16.36	16.493	415.42	415.34
07:30:49	16.289	15.98	16.166	17.772	16.361	16.493	415.42	415.34
07:31:49	16.288	15.979	16.162	17.335	16.361	16.493	415.42	415.34
07:32:49	16.289	15.98	16.147	17.148	16.359	16.492	415.42	415.34
07:33:50	16.288	15.98	16.115	17.067	16.361	16.49	415.42	415.34
07:34:49	16.289	15.98	16.068	17.207	16.36	16.492	415.42	415.34
07:35:49	16.289	15.98	16.049	17.138	16.36	16.492	415.42	415.34
07:36:49	16.289	0.0	16.06	17.089	16.36	16.492	415.42	415.34
07:37:49	16.288	15.98	16.068	17.871	16.358	16.491	415.42	415.34
07:38:49	16.288	15.978	16.091	18.084	16.358	16.49	415.42	415.34
07:39:49	16.289	15.979	16.112	17.766	16.361	16.492	415.42	415.34
07:40:49	16.289	15.978	16.128	17.573	16.36	16.492	415.42	415.34
07:41:49	16.289	15.978	16.129	17.348	16.361	16.492	415.42	415.34
07:42:49	16.288	15.978	16.096	17.138	16.361	16.493	415.42	415.34
07:43:49	16.29	15.98	16.068	17.012	16.362	16.494	415.42	415.34
07:44:49	16.288	15.98	16.08	16.943	16.362	16.494	415.42	415.34
07:45:49	16.29	15.981	16.056	16.898	16.363	16.494	415.42	415.34
07:46:49	16.289	15.982	16.016	16.812	16.363	16.495	415.42	415.34
07:47:50	16.289	15.983	15.983	17.263	16.363	16.495	415.42	415.34
07:48:50	16.289	15.982	16.005	17.866	16.363	16.495	415.42	415.34
07:49:50	16.289	15.982	16.037	18.177	16.36	16.495	415.42	415.34
07:50:50	16.289	15.983	16.065	18.776	16.36	16.495	415.42	415.34
07:51:50	16.29	15.983	16.085	18.943	16.36	16.494	415.42	415.34
07:52:50	16.29	15.982	16.102	18.35	16.36	16.492	415.42	415.34
07:53:50	16.29	15.983	16.118	17.934	16.36	16.492	415.42	415.34
07:54:50	16.29	15.982	16.123	17.628	16.361	16.491	415.42	415.34
07:55:50	16.288	15.982	16.12	17.383	16.361	16.494	415.42	415.34
07:56:50	16.289	15.983	16.095	17.204	16.361	16.494	415.42	415.34
07:57:50	16.29	15.983	16.071	17.083	16.36	16.494	415.42	415.34
07:58:50	16.289	15.981	16.023	17.127	16.361	16.494	415.42	415.34
07:59:50	16.289	15.981	16.023	17.065	16.36	16.494	415.42	415.34
08:00:50	16.29	15.982	16.02	16.966	16.358	16.493	415.42	415.34
08:01:50	16.291	15.98	16.041	17.32	16.359	16.492	415.42	415.34
08:02:50	16.289	15.979	16.072	17.869	16.359	16.491	415.42	415.34
08:03:50	16.29	15.979	16.101	18.076	16.361	16.492	415.42	415.34
08:04:50	16.29	15.979	16.122	18.02	16.361	16.492	415.42	415.34
08:05:50	16.291	15.979	16.139	17.683	16.361	16.491	415.42	415.34
08:06:50	16.29	15.978	16.139	17.291	16.36	16.491	415.42	415.34
08:07:50	16.29	15.978	16.131	17.135	16.36	16.491	415.42	415.34
08:08:50	16.289	15.976	16.119	17.045	16.36	16.49	415.42	415.34
08:09:50	16.289	15.976	16.099	16.974	16.358	16.49	415.42	415.34
08:10:50	16.29	15.976	16.046	16.905	16.358	16.491	415.42	415.34
08:11:50	16.29	15.975	15.989	16.85	16.359	16.491	415.42	415.34
08:12:50	16.29	15.975	15.967	16.824	16.359	16.491	415.42	415.34
08:13:50	16.29	15.975	15.96	17.142	16.357	16.49	415.42	415.34
08:14:50	16.289	15.974	15.982	17.332	16.356	16.491	415.42	415.34
08:15:50	16.289	15.975	16.01	17.498	16.358	16.491	415.42	415.34
08:16:50	16.289	15.976	16.056	17.873	16.357	16.49	415.42	415.34
08:17:50	16.29	15.975	16.107	17.945	16.358	16.491	415.42	415.34
08:18:50	16.29	15.976	16.13	17.515	16.359	16.491	415.42	415.34
08:19:50	16.29	15.975	16.102	17.177	16.358	16.491	415.42	415.34
08:20:50	16.29	15.976	16.071	17.064	16.36	16.492	415.42	415.34
08:21:50	16.29	15.976	16.068	16.999	16.358	16.492	415.42	415.34
08:22:50	16.29	15.977	16.018	16.958	16.359	16.491	415.42	415.34
08:23:50	16.289	15.977	15.985	16.985	16.359	16.492	415.42	415.34
08:24:50	16.291	15.976	15.981	16.932	16.359	16.491	415.42	415.34
08:25:50	16.29	15.977	16.005	16.902	16.36	16.492	415.42	415.34
08:26:50	16.291	15.979	15.996	16.88	16.359	16.493	415.42	415.34
08:27:50	16.29	15.979	15.976	16.846	16.361	16.493	415.42	415.34
08:28:50	16.29	15.978	15.958	16.808	16.361	16.493	415.42	415.34
08:29:50	16.29	15.979	15.964	16.798	16.362	16.493	415.42	415.34
08:30:50	16.29	15.979	15.966	16.825	16.362	16.495	415.42	415.34
08:31:50	16.29	15.979	15.968	17.533	16.361	16.493	415.42	415.34
08:32:50	16.291	15.979	15.995	18.194	16.36	16.494	415.42	415.34
08:33:50	16.291	15.978	16.017	18.491	16.362	16.493	415.42	415.34
08:34:50	16.291	15.979	16.038	18.701	16.361	16.493	415.42	415.34
08:35:50	16.291	15.981	16.055	18.821	16.363	16.496	415.42	415.34
08:36:50	16.29	15.982	16.071	18.98	16.363	16.496	415.42	415.34
08:37:50	16.291	15.982	16.085	18.634	16.363	16.497	415.42	415.34
08:38:50	16.292	15.982	16.094	18.017	16.362	16.495	415.42	415.34
08:39:50	16.291	15.982	16.093	17.561	16.361	16.496	415.42	415.34
08:40:50	16.292	15.982	16.071	17.289	16.36	16.495	415.42	415.34
08:41:50	16.291	15.982	16.039	17.113	16.361	16.494	415.42	415.34
08:42:50	16.29	15.981	16.02	17.196	16.361	16.495	415.42	415.34
08:43:50	16.291	15.982	16.035	17.034	16.361	16.493	415.42	415.34
08:44:50	16.293	15.983	16.05	17.003	16.361	16.495	415.42	415.34
08:45:50	16.292	15.982	16.069	17.559	16.363	16.495	415.42	415.34
08:46:50	16.292	15.982	16.098	18.2	16.363	16.495	415.42	415.34
08:47:50	16.291	15.981	16.129	18.561	16.363	16.496	415.42	415.34
08:48:50	16.292	15.982	16.16	18.423	16.359	16.495	415.42	415.34
08:49:50	16.291	15.981	16.163	18.209	16.359	16.495	415.42	415.34
08:50:50	16.292	15.98	16.161	17.851	16.359	16.494	415.42	415.34
08:51:50	16.292	15.979	16.155	17.47	16.359	16.493	415.42	415.34
08:52:50	16.29	15.978	16.129	17.283	16.357	16.491	415.42	415.34
08:53:50	16.29	15.977	16.114	17.186	16.357	16.49	415.42	415.34
08:54:50	16.29	15.975	16.099	17.135	16.357	16.49	415.42	415.34
08:55:50	16.291	15.974	16.094	17.05	16.357	16.491	415.42	415.34
08:56:50	16.29	15.973	16.082	17.073	16.357	16.491	415.42	415.34
08:57:50	16.291	15.972	16.091	17.439	16.356	16.491	415.42	415.34
08:58:50	16.29	15.972	16.105	17.883	16.357	16.489	415.42	415.34
08:59:50	16.291	15.971	16.13	18.038	16.356	16.49	415.42	0.0
09:00:50	16.291	15.972	16.147	17.911	16.355	16.491	415.42	415.34
09:01:50	16.29	15.971	16.143	17.444	16.357	16.49	415.42	415.34
09:02:50	16.292	15.972	16.094	17.17	16.356	16.492	415.42	415.34
09:03:50	16.292	15.972	16.094	17.065	16.355	16.491	415.42	415.34
09:04:50	16.291	15.972	16.071	16.988	16.356	16.491	415.42	415.34
09:05:50	16.29	15.972	16.045	16.875	16.357	16.491	415.42	415.34
09:06:50	16.289	15.972	16.018	16.984	16.357	16.49	415.42	415.34
09:07:50	16.29	15.972	16.023	17.415	16.357	16.49	415.42	415.34
09:08:50	16.291	15.973	16.038	17.592	16.358	16.491	415.42	415.34
09:09:50	16.292	15.972	16.054	18.035	16.358	16.491	415.42	415.34
09:10:50	16.29	15.974	16.073	18.553	16.357	16.493	415.42	415.34
09:11:50	16.29	15.973	16.096	18.765	16.357	16.491	415.42	415.34
09:12:50	16.291	15.974	16.113	18.399	16.357	16.49	415.42	415.34
09:13:50	16.29	15.974	16.12	17.926	16.357	16.491	415.42	415.34
09:14:50	16.291	15.976	16.121	17.574	16.357	16.492	415.42	415.34
09:15:50	16.291	15.976	16.118	17.306	16.36	16.494	415.42	415.34
09:16:50	16.29	15.977	16.104	17.148	16.36	16.495	415.42	415.34
09:17:50	16.291	15.978	16.093	17.05	16.361	16.496	415.42	415.34
09:18:50	16.291	15.979	16.065	17.181	16.36	16.497	415.42	415.34
09:19:50	16.292	15.98	16.055	17.027	16.361	16.498	415.42	415.34
09:20:50	16.291	15.98	16.035	16.863	16.36	16.498	415.42	415.34
09:21:50	16.291	15.98	16.033	16.793	16.36	16.497	415.42	415.34
09:22:50	16.292	15.981	16.046	16.962	16.359	16.497	415.42	415.34
09:23:50	16.292	15.981	16.07	17.4	16.359	16.496	415.42	415.34
09:24:50	16.291	15.981	16.086	17.481	16.359	16.495	415.42	415.34
09:25:50	16.291	15.979	16.101	17.988	16.358	16.495	415.42	415.34
09:26:50	16.291	15.978	16.128	17.598	16.359	16.493	415.42	415.34
09:27:50	16.291	15.977	16.136	17.289	16.36	16.493	415.42	415.34
09:28:50	16.292	15.977	16.127	17.048	16.359	16.493	415.42	415.34
09:29:50	16.292	15.977	16.114	16.892	16.359	16.495	415.42	415.34
09:30:50	16.292	15.977	16.102	16.872	16.36	16.494	415.42	415.34
09:31:50	16.291	15.978	16.089	16.854	16.361	16.495	415.42	415.34
09:32:50	16.293	15.978	16.066	17.06	16.362	16.497	415.42	415.34
09:33:50	16.29	15.978	16.048	16.996	16.363	16.496	415.42	415.34
09:34:50	16.291	15.979	16.037	16.977	16.363	16.497	415.42	415.34
09:35:50	16.292	15.98	16.037	17.784	16.362	16.498	415.42	415.34
09:36:50	16.293	15.981	16.048	18.259	16.362	16.498	415.42	415.34
09:37:50	16.291	15.981	16.065	18.848	16.362	16.499	415.42	415.34
09:38:50	16.292	15.981	16.087	19.51	16.363	16.499	415.42	415.34
09:39:51	16.293	15.981	16.118	19.328	16.361	16.497	415.42	415.34
09:40:50	16.292	15.98	16.135	18.581	16.36	16.495	415.42	415.34
09:41:50	16.292	15.98	16.138	17.948	16.358	16.494	415.42	415.34
09:42:50	16.292	15.979	16.124	17.522	16.36	16.495	415.42	415.34
09:43:50	16.292	15.979	16.096	17.241	16.362	16.494	415.42	415.34
09:44:50	16.292	15.979	16.061	17.017	16.361	16.495	415.42	415.34
09:45:50	16.292	15.979	16.026	16.937	16.362	16.494	415.42	415.34
09:46:50	16.292	15.978	15.988	16.894	16.362	16.495	415.42	415.34
09:47:50	16.292	15.977	16.009	16.865	16.361	16.495	415.42	415.34
09:48:50	16.293	15.977	16.025	16.851	16.361	16.494	415.42	0.0
09:49:50	16.292	15.976	16.036	16.843	16.361	16.494	415.42	415.34
09:50:50	16.293	15.977	16.037	16.82	16.361	16.495	415.42	415.34
09:51:50	16.293	15.979	16.031	16.811	16.363	16.495	415.42	415.34
09:52:50	16.293	15.978	16.02	16.759	16.362	16.496	415.42	415.34
09:53:50	16.292	15.977	15.961	16.682	16.36	16.495	415.42	415.34
09:54:50	16.293	15.977	15.942	17.066	16.361	16.493	415.42	415.34
09:55:50	16.293	15.977	15.97	17.456	16.361	16.495	415.42	415.34
09:56:50	16.292	15.977	16.005	17.787	16.36	16.494	415.42	415.34
09:57:50	16.292	15.977	16.044	18.034	16.36	16.494	415.42	415.34
09:58:50	16.293	15.976	16.074	18.268	16.359	16.494	415.42	415.34
09:59:50	16.292	15.977	16.098	18.451	16.36	16.494	415.42	415.34
10:00:50	16.292	15.977	16.112	18.532	16.361	16.496	415.42	415.34
10:01:50	16.292	15.978	16.146	17.964	16.362	16.497	415.42	415.34
10:02:50	16.291	15.979	16.14	17.488	16.363	16.496	415.42	415.34
10:03:50	16.293	15.978	16.11	17.25	16.364	16.497	415.42	415.34
10:04:50	16.292	15.978	16.097	17.133	16.362	16.496	415.42	415.34
10:05:51	16.293	15.978	16.078	17.055	16.362	16.497	415.42	415.34
10:06:50	16.292	15.978	16.049	16.962	16.361	16.497	415.42	415.34
10:07:50	16.293	15.979	16.039	17.262	16.362	16.497	415.42	415.34
10:08:50	16.293	15.979	16.053	17.475	16.362	16.495	415.42	415.34
10:09:51	16.293	15.978	16.069	17.927	16.362	16.497	415.42	415.34
10:10:50	16.293	15.979	16.093	18.749	16.362	16.497	415.42	415.34
10:11:50	16.292	15.979	16.112	19.161	16.361	16.496	415.42	415.34
10:12:50	16.293	15.978	16.138	18.727	16.362	16.496	415.42	415.34
10:13:50	16.292	15.978	16.157	18.276	16.36	16.496	415.42	415.34
10:14:50	16.292	15.978	16.161	17.882	16.361	16.497	415.42	415.34
10:15:50	16.292	15.977	16.154	17.568	16.36	16.495	415.42	415.34
10:16:50	16.294	15.976	16.134	17.345	16.359	16.494	415.42	415.34
10:17:50	16.293	15.975	16.124	17.196	16.359	16.494	415.42	415.34
10:18:51	16.292	15.975	16.112	17.309	16.36	16.494	415.42	415.34
10:19:50	16.294	15.974	16.107	17.381	16.36	16.493	415.42	415.34
10:20:50	16.292	15.973	16.104	17.619	16.362	16.494	415.42	415.34
10:21:50	16.291	15.974	16.111	17.938	16.36	16.494	415.42	415.34
10:22:50	16.293	15.976	16.127	18.227	16.361	16.495	415.42	415.34
10:23:50	16.293	15.975	16.143	18.489	16.361	16.496	415.42	415.34
10:24:50	16.292	15.976	16.157	18.603	16.359	16.494	415.42	415.34
10:25:51	16.292	15.975	16.181	18.314	16.36	16.494	415.42	415.34
10:26:51	16.292	15.973	16.187	17.759	16.359	16.493	415.42	415.34
10:27:51	16.292	15.973	16.177	17.348	16.359	16.495	415.42	415.34
10:28:51	16.293	15.975	16.164	17.182	16.361	16.495	415.42	415.34
10:29:51	16.293	15.976	16.14	17.123	16.362	16.495	415.42	415.34
10:30:51	16.293	15.977	16.119	17.177	16.361	16.497	415.42	415.34
10:31:51	16.294	15.978	16.103	17.118	16.361	16.498	415.42	415.34
10:32:51	16.293	15.977	16.09	17.217	16.361	16.498	415.42	415.34
10:33:51	16.293	15.978	16.098	17.459	16.36	16.497	415.42	415.34
10:34:51	16.293	15.977	16.112	17.957	16.359	16.495	415.42	415.34
10:35:51	16.293	15.976	16.132	18.028	16.357	16.494	415.42	415.34
10:36:51	16.293	15.975	16.152	18.203	16.357	16.492	415.42	415.34
10:37:51	16.293	15.974	16.192	18.071	16.357	16.493	415.42	415.34
10:38:51	16.293	15.973	16.217	17.594	16.359	16.494	415.42	415.34
10:39:51	16.291	15.973	16.196	17.271	16.358	16.493	415.42	415.34
10:40:51	16.292	15.972	16.153	17.065	16.359	16.492	415.42	415.34
10:41:51	16.293	15.972	16.114	16.914	16.357	16.491	415.42	415.34
10:42:51	16.292	15.971	16.076	16.799	16.357	16.493	415.42	415.34
10:43:52	16.293	15.972	16.045	16.937	16.359	16.494	415.42	415.34
10:44:51	16.293	15.974	16.041	17.126	16.36	16.495	415.42	415.34
10:45:51	16.291	15.974	16.057	17.399	16.362	16.497	415.42	415.34
10:46:51	16.292	15.975	16.08	17.596	16.361	16.498	415.42	415.34
10:47:51	16.293	15.977	16.098	17.878	16.363	16.499	415.42	415.34
10:48:52	16.292	15.976	16.116	18.116	16.361	16.497	415.42	415.34
10:49:51	16.293	15.977	16.142	18.242	16.36	16.497	415.42	415.34
10:50:51	16.292	15.976	16.152	17.904	16.36	16.497	415.42	415.34
10:51:51	16.292	15.976	16.15	17.416	16.359	16.495	415.42	415.34
10:52:51	16.292	15.976	16.127	17.211	16.359	16.495	415.42	415.34
10:53:51	16.293	15.975	16.116	17.095	16.36	16.494	415.42	415.34
10:54:51	16.293	15.976	16.069	16.959	16.359	16.494	415.42	415.34
10:55:51	16.292	15.976	16.019	16.862	16.362	16.495	415.42	415.34
10:56:51	16.292	15.975	16.003	17.295	16.362	16.496	415.42	415.34
10:57:51	16.293	15.977	16.028	18.051	16.362	16.496	415.42	415.34
10:58:51	16.293	15.977	16.063	18.659	16.362	16.498	415.42	415.34
10:59:51	16.294	15.977	16.081	19.093	16.361	16.495	415.42	415.34
11:00:51	16.294	15.977	16.097	19.233	16.36	16.496	415.42	415.34
11:01:51	16.294	15.977	16.115	18.656	16.362	16.495	415.42	415.34
11:02:51	16.294	15.977	16.12	18.275	16.362	16.497	415.42	415.34
11:03:51	16.294	15.977	16.125	17.904	16.363	16.497	415.42	415.34
11:04:51	16.294	15.978	16.128	17.51	16.362	16.498	415.42	415.34
11:05:51	16.293	15.979	16.117	17.266	16.363	16.499	415.42	415.34
11:06:51	16.294	15.979	16.1	17.115	16.363	16.497	415.42	415.34
11:07:51	16.294	15.979	16.077	17.215	16.363	16.498	415.42	415.34
11:08:51	16.294	15.98	16.063	17.269	16.363	16.499	415.42	415.34
11:09:51	0.0	15.98	16.085	17.538	16.363	16.498	415.42	415.34
11:10:51	16.295	15.98	16.111	17.853	16.363	16.499	415.42	415.34
11:11:51	16.294	15.98	16.134	17.942	16.361	16.499	415.42	415.34
11:12:51	16.295	15.979	16.149	17.816	16.362	16.499	415.42	415.34
11:13:51	16.294	15.98	16.152	17.807	16.361	16.497	415.42	415.34
11:14:51	16.294	15.979	16.153	17.495	16.362	16.497	415.42	415.34
11:15:51	16.294	15.979	16.148	17.305	16.363	16.496	415.42	415.34
11:16:51	16.295	15.979	16.138	17.164	16.362	16.496	415.42	415.34
11:17:51	16.295	15.979	16.129	17.071	16.363	16.497	415.42	415.34
11:18:51	16.295	15.979	16.119	17.005	16.363	16.497	415.42	415.34
11:19:51	16.294	15.979	16.102	17.306	16.362	16.498	415.42	415.34
11:20:51	16.295	15.979	16.096	17.4	16.363	16.497	415.42	415.34
11:21:51	16.294	15.978	16.092	17.523	16.364	16.497	415.42	415.34
11:22:51	16.295	15.979	16.105	17.708	16.363	16.497	415.42	415.34
11:23:51	16.296	15.978	16.129	17.9	16.36	16.497	415.42	415.34
11:24:51	16.294	15.978	16.151	17.598	16.362	16.496	415.42	415.34
11:25:51	16.296	15.978	16.164	17.415	16.362	16.496	415.42	415.34
11:26:51	16.295	15.978	16.164	17.225	16.364	16.496	415.42	415.34
11:27:51	16.295	15.977	16.129	17.094	16.362	16.497	415.42	415.34
11:28:51	16.295	15.978	16.122	17.048	16.362	16.497	415.42	415.34
11:29:51	16.295	15.979	16.114	17.028	16.363	16.497	415.42	415.34
11:30:51	16.296	15.98	16.104	17.352	16.364	16.499	415.42	415.34
11:31:54	16.297	15.981	16.104	17.302	16.368	16.499	415.42	415.34
11:32:51	0.0	15.981	16.109	17.539	16.366	16.501	415.42	415.34
11:33:51	16.296	15.983	16.126	17.801	16.368	16.502	415.42	415.34
11:34:51	16.296	15.984	16.143	17.872	16.367	16.501	415.42	415.34
11:35:51	16.295	15.983	16.146	17.729	16.364	16.5	415.42	415.34
11:36:51	16.296	15.982	16.149	17.638	16.363	16.499	415.42	415.34
11:37:51	16.296	15.982	16.146	17.763	16.361	16.497	415.42	415.34
11:38:51	16.295	15.979	16.153	17.626	16.36	16.496	415.42	415.34
11:39:51	16.297	15.979	16.16	17.354	16.363	16.496	415.42	415.34
11:40:51	16.296	15.979	16.157	17.212	16.365	16.497	415.42	415.34
11:41:51	16.297	15.981	16.146	17.132	16.365	16.498	415.42	415.34
11:42:51	16.296	15.982	16.139	17.146	16.37	16.502	415.42	415.34
11:43:51	16.298	15.984	16.137	17.138	16.37	16.503	415.42	415.34
11:44:51	16.296	15.986	16.147	17.145	16.37	16.505	415.42	415.34
11:45:51	16.297	15.986	16.159	17.234	16.369	16.504	415.42	415.34
11:46:51	16.297	15.986	16.152	17.247	16.367	16.505	415.42	415.34
11:47:51	16.296	15.987	16.151	17.359	16.367	16.505	415.42	415.34
11:48:51	16.297	15.988	16.15	17.447	16.367	16.504	415.42	415.34
11:49:51	16.298	15.989	16.153	17.735	16.366	16.502	415.42	415.34
11:50:51	16.298	15.989	16.164	17.779	16.366	16.503	415.42	415.34
11:51:51	16.298	15.989	16.167	17.551	16.368	16.504	415.42	415.34
11:52:51	16.298	15.989	16.155	17.491	16.369	16.505	415.42	415.34
11:53:51	16.299	15.99	16.143	17.431	16.368	16.505	415.42	415.34
11:54:51	16.299	15.99	16.137	17.502	16.369	16.505	415.42	415.34
11:55:51	16.298	15.99	16.147	17.94	16.368	16.505	415.42	415.34
11:56:51	16.298	15.99	16.168	18.255	16.369	16.504	415.42	415.34
11:57:51	16.298	15.991	16.191	17.882	16.37	16.506	415.42	415.34
11:58:51	16.299	15.992	16.201	0.0	16.371	16.507	415.42	415.34
11:59:51	16.299	15.992	16.207	17.327	16.369	16.506	415.42	415.34
12:00:51	16.299	15.992	16.213	17.238	16.371	16.509	415.42	415.34
12:01:51	16.299	15.994	16.208	17.215	16.369	16.506	415.42	415.34
12:02:51	16.298	15.994	16.207	17.144	16.37	16.506	415.42	415.34
12:03:51	16.3	15.994	16.19	17.056	16.371	16.505	415.42	415.34
12:04:51	16.3	15.995	16.163	16.967	16.37	16.504	415.42	415.34
12:05:51	16.299	15.995	16.142	16.873	16.371	16.505	415.42	415.34
12:06:51	16.3	15.995	16.114	16.805	16.371	16.507	415.42	415.34
12:07:51	16.3	15.995	16.079	16.862	16.371	16.506	415.42	415.34
12:08:51	16.3	15.994	16.062	16.886	16.369	16.505	415.42	415.34
12:09:51	16.299	15.993	16.064	17.285	16.368	16.501	415.42	415.34
12:10:51	16.299	15.991	16.081	17.535	16.367	16.501	415.42	415.34
12:11:53	16.299	15.991	16.116	17.727	16.367	16.501	415.42	415.34
12:12:51	16.299	15.991	16.145	17.82	16.368	16.502	415.42	415.34
12:13:51	16.301	15.99	16.187	17.915	16.368	16.502	415.42	415.34
12:14:51	16.3	15.99	16.216	17.632	16.369	16.501	415.42	415.34
12:15:51	16.3	15.99	16.229	17.365	16.369	16.502	415.42	415.34
12:16:51	16.3	15.99	16.202	17.162	16.371	16.502	415.42	415.34
12:17:51	16.3	15.99	16.184	16.976	16.37	16.503	415.42	415.34
12:18:51	16.3	15.99	16.185	16.939	16.37	16.504	415.42	415.34
12:19:51	16.301	15.991	16.16	16.885	16.369	16.504	415.42	415.34
12:20:51	16.301	15.99	16.16	16.889	16.368	16.504	415.42	415.34
12:21:51	16.3	15.99	16.159	16.859	16.368	16.503	415.42	415.34
12:22:51	16.302	15.989	16.154	16.842	16.368	16.503	415.42	415.34
12:23:51	16.302	15.99	16.151	16.831	16.369	16.502	415.42	415.34
12:24:51	16.301	15.99	16.125	16.794	16.369	16.503	415.42	415.34
12:25:51	16.302	15.99	16.097	16.77	16.37	16.501	415.42	415.34
12:26:51	16.301	15.991	16.075	16.739	16.369	16.502	415.42	415.34
12:27:51	16.302	15.991	16.068	16.724	16.37	16.503	415.42	415.34
12:28:51	16.302	15.991	16.057	16.665	16.369	16.502	415.42	415.34
12:29:51	16.302	15.99	16.015	16.634	16.37	16.504	415.42	415.34
12:30:51	16.301	15.991	15.994	16.923	16.369	16.504	415.42	415.34
12:31:51	16.301	15.991	16.012	17.145	16.37	16.504	415.42	415.34
12:32:51	16.302	15.993	16.042	17.61	16.37	16.503	415.42	415.34
12:33:51	16.302	15.992	16.073	17.906	16.37	16.505	415.42	415.34
12:34:51	16.302	15.992	16.098	18.124	16.37	16.503	415.42	415.34
12:35:51	16.301	15.991	16.12	18.255	16.371	16.503	415.42	415.34
12:36:51	16.302	15.992	16.148	18.014	16.369	16.504	415.42	415.34
12:37:51	16.302	15.992	16.168	17.523	16.369	16.503	415.42	415.34
12:38:51	16.302	15.991	16.142	17.184	16.369	16.502	415.42	415.34
12:39:51	16.302	15.992	16.1	16.959	16.368	16.501	415.42	415.34
12:40:51	16.302	15.991	16.056	16.92	16.367	16.501	415.42	415.34
12:41:51	16.302	15.989	16.067	16.989	16.368	16.502	415.42	415.34
12:42:51	16.302	15.99	16.082	16.876	16.369	16.502	415.42	415.34
12:43:51	16.302	15.991	16.057	16.79	16.37	16.502	415.42	415.34
12:44:51	16.302	15.99	16.029	16.732	16.372	16.503	415.42	415.34
12:45:51	16.302	15.99	16.048	16.95	16.371	16.503	415.42	415.34
12:46:51	16.302	15.992	16.071	17.421	16.372	16.503	415.42	415.34
12:47:51	16.303	15.992	16.101	17.703	16.372	16.505	415.42	415.34
12:48:51	16.302	15.993	16.121	17.9	16.371	16.505	415.42	415.34
12:49:51	16.303	15.992	16.137	17.883	16.371	16.504	415.42	415.34
12:50:52	16.303	15.992	16.145	17.486	16.369	16.504	415.42	415.34
12:51:51	16.303	15.992	16.138	17.182	16.368	16.502	415.42	415.34
12:52:51	16.303	15.991	16.12	17.066	16.369	16.501	415.42	415.34
12:53:51	16.302	15.99	16.104	17.015	16.367	16.501	415.42	415.34
12:54:51	16.304	15.989	16.082	17.014	16.368	16.5	415.42	415.34
12:55:51	16.302	15.989	16.059	16.922	16.368	16.5	415.42	415.34
12:56:51	16.303	15.988	16.033	17.039	16.368	16.501	415.42	415.34
12:57:51	16.303	15.987	16.042	17.197	16.367	16.5	415.42	415.34
12:58:51	16.304	15.987	16.051	17.677	16.367	16.502	415.42	415.34
12:59:51	16.302	15.988	16.078	17.923	16.369	16.501	415.42	415.34
13:00:51	16.302	15.987	16.107	17.977	16.367	16.5	415.42	415.34
13:01:51	16.301	15.987	16.125	17.597	16.369	16.502	415.42	415.34
13:02:51	16.303	15.987	16.112	17.324	16.37	16.502	415.42	415.34
13:03:51	16.303	15.99	16.102	17.097	16.369	16.504	415.42	415.34
13:04:51	16.303	15.989	16.062	16.982	16.37	16.504	415.42	415.34
13:05:51	16.303	15.991	16.068	16.951	16.37	16.502	415.42	415.34
13:06:51	16.303	15.991	16.066	16.916	16.37	16.503	415.42	415.34
13:07:51	16.303	15.991	16.047	17.201	16.369	16.504	415.42	415.34
13:08:51	16.303	15.992	16.05	17.732	16.37	16.504	415.42	415.34
13:09:51	16.303	15.991	16.061	18.031	16.369	16.504	415.42	415.34
13:10:51	16.305	15.991	16.074	18.154	16.37	16.502	415.42	415.34
13:11:51	16.304	15.992	16.095	18.934	16.371	16.504	415.42	415.34
13:12:51	16.303	15.993	16.117	19.327	16.371	16.505	415.42	415.34
13:13:51	16.304	15.994	16.133	18.726	16.373	16.506	415.42	415.34
13:14:51	16.303	15.995	16.144	18.125	16.375	16.507	415.42	415.34
13:15:51	16.304	15.995	16.13	17.683	16.374	16.507	415.42	415.34
13:16:51	16.304	15.996	16.111	17.372	16.374	16.51	415.42	415.34
13:17:51	16.305	15.996	16.089	17.18	16.373	16.509	415.42	415.34
13:18:51	16.304	15.998	16.072	16.893	16.373	16.508	415.42	415.34
13:19:51	16.304	15.997	16.066	16.64	16.372	16.508	415.42	415.34
13:20:51	16.305	15.997	16.062	16.645	16.372	16.507	415.42	415.34
13:21:51	16.306	15.997	16.057	16.645	16.371	16.506	415.42	415.34
13:22:51	16.306	15.998	16.061	16.618	16.372	0.0	415.42	415.34
13:23:51	16.305	15.996	16.06	16.651	16.372	16.506	415.42	415.34
13:24:51	16.306	15.997	16.039	16.793	16.372	16.505	415.42	415.34
13:25:51	16.305	15.996	16.027	16.817	16.37	16.506	415.42	415.34
13:26:51	16.305	15.997	16.03	16.79	16.371	16.505	415.42	415.34
13:27:51	16.306	15.997	16.02	16.782	16.371	16.506	415.42	415.34
13:28:51	16.306	15.996	16.02	17.169	16.372	16.506	415.42	415.34
13:29:52	16.306	15.997	16.028	17.554	16.372	16.506	415.42	415.34
13:30:51	16.305	15.996	16.043	17.862	16.371	16.505	415.42	415.34
13:31:51	16.305	15.996	16.072	17.716	16.372	16.506	415.42	415.34
13:32:51	16.305	15.996	16.08	17.453	16.371	16.505	415.42	415.34
13:33:51	16.306	15.995	16.083	17.232	16.371	16.505	415.42	415.34
13:34:52	16.305	15.995	16.076	17.07	16.37	16.504	415.42	415.34
13:35:51	16.305	15.993	16.066	17.092	16.37	16.504	415.42	415.34
13:36:51	16.305	15.993	16.045	16.924	16.371	16.504	415.42	415.34
13:37:51	16.306	15.993	16.018	16.844	16.369	16.503	415.42	415.34
13:38:51	16.304	15.992	16.012	16.916	16.368	16.502	415.42	415.34
13:39:51	16.305	15.991	16.011	17.021	16.369	16.502	415.42	415.34
13:40:51	16.305	15.99	16.028	17.458	16.368	16.503	415.42	415.34
13:41:51	16.305	15.991	16.041	17.836	16.37	16.502	415.42	415.34
13:42:51	16.305	15.99	16.07	17.975	16.37	16.503	415.42	415.34
13:43:51	16.305	15.991	16.098	17.684	16.37	16.503	415.42	415.34
13:44:51	16.304	15.99	16.099	17.397	16.371	16.504	415.42	415.34
13:45:51	16.305	15.989	16.076	17.164	16.372	16.505	415.42	415.34
13:46:51	16.305	15.99	16.07	17.06	16.371	16.503	415.42	415.34
13:47:51	16.305	15.99	16.05	16.978	16.372	16.505	415.42	415.34
13:48:52	16.305	15.991	16.006	17.007	16.37	16.503	415.42	415.34
13:49:51	0.0	15.991	15.972	17.035	16.371	16.505	415.42	415.34
13:50:51	16.307	15.99	15.979	17.049	16.371	16.504	415.42	415.34
13:51:51	16.304	15.99	15.993	17.583	16.37	16.504	415.42	415.34
13:52:51	16.305	15.99	16.017	18.354	16.369	16.503	415.42	415.34
13:53:51	16.304	15.99	16.032	18.823	16.368	16.503	415.42	415.34
13:54:51	16.306	15.989	16.058	19.628	16.37	16.502	415.42	415.34
13:55:51	16.306	15.989	16.086	19.222	16.371	16.502	415.42	415.34
13:56:51	16.305	15.991	16.104	18.216	16.372	16.504	415.42	415.34
13:57:51	16.305	15.99	16.101	17.712	16.372	16.506	415.42	415.34
13:58:51	16.306	15.991	16.085	17.384	16.37	16.504	415.42	415.34
13:59:52	16.306	15.991	16.065	17.158	16.37	16.504	415.42	415.34
14:00:51	16.305	15.991	16.011	16.948	16.37	16.505	415.42	415.34
14:01:52	16.306	15.991	15.95	16.878	16.371	16.506	415.42	415.34
14:02:52	16.306	15.991	15.924	16.958	16.372	16.506	415.42	415.34
14:03:52	16.307	15.992	15.941	17.112	16.372	16.506	415.42	415.34
14:04:52	16.306	15.992	15.956	17.488	16.374	16.507	415.42	415.34
14:05:51	16.305	15.993	15.978	17.696	16.373	16.508	415.42	415.34
14:06:52	16.306	15.995	16.016	17.734	16.373	16.508	415.42	415.34
14:07:51	16.306	15.993	16.055	17.823	16.372	16.507	415.42	415.34
14:08:52	16.306	15.995	16.099	17.852	16.371	16.508	415.42	415.34
14:09:52	16.306	15.994	16.122	17.522	16.37	16.507	415.42	415.34
14:10:52	16.306	15.995	16.105	17.199	16.37	16.507	415.42	415.34
14:11:52	16.306	15.995	16.076	17.074	16.371	16.507	415.42	415.34
14:12:51	16.306	15.994	16.067	17.022	16.372	16.507	415.42	415.34
14:13:52	16.307	15.994	16.045	17.085	16.371	16.507	415.42	415.34
14:14:51	16.305	15.995	16.027	17.113	16.372	16.508	415.42	415.34
14:15:52	16.307	15.994	16.013	17.331	16.373	16.508	415.42	415.34
14:16:52	16.307	15.996	16.02	17.832	16.372	16.51	415.42	415.34
14:17:52	16.306	15.996	16.033	18.322	16.372	16.51	415.42	415.34
14:18:52	16.305	15.995	16.051	19.03	16.371	16.51	415.42	415.34
14:19:52	16.306	15.996	16.071	19.084	16.372	16.509	415.42	415.34
14:20:52	16.307	15.996	16.096	19.743	16.371	16.51	415.42	415.34
14:21:52	16.306	15.995	16.117	18.801	16.371	16.508	415.42	415.34
14:22:52	16.307	15.995	16.114	18.008	16.37	16.507	415.42	415.34
14:23:52	16.306	15.995	16.101	17.589	16.369	16.506	415.42	415.34
14:24:51	16.306	15.993	16.091	17.3	16.37	16.505	415.42	415.34
14:25:52	16.305	15.994	16.065	17.073	16.37	16.505	415.42	415.34
14:26:52	16.307	15.993	16.011	16.918	16.37	16.506	415.42	415.34
14:27:52	16.307	15.992	15.996	16.942	16.372	16.505	415.42	415.34
14:28:52	16.306	15.993	15.979	16.985	16.369	16.506	415.42	415.34
14:29:52	16.306	15.993	15.974	17.053	16.371	16.507	415.42	415.34
14:30:52	16.306	15.992	15.984	0.0	16.369	16.506	415.42	415.34
14:31:52	16.306	15.993	16.002	17.628	16.37	16.507	415.42	415.34
14:32:52	16.306	15.993	16.018	17.95	16.371	16.507	415.42	415.34
14:33:52	16.306	15.993	16.049	18.116	16.371	16.506	415.42	415.34
14:34:52	16.307	15.993	16.07	17.802	16.372	16.508	415.42	415.34
14:35:52	16.306	15.994	16.078	17.477	16.372	16.507	415.42	415.34
14:36:52	16.306	15.995	16.077	17.279	16.372	16.507	415.42	415.34
14:37:52	16.307	15.995	16.066	17.14	16.372	16.509	415.42	415.34
14:38:52	16.307	15.996	16.043	17.015	16.371	16.509	415.42	415.34
14:39:52	16.308	15.995	16.022	16.89	16.37	16.507	415.42	415.34
14:40:52	16.307	15.994	16.023	17.162	16.371	16.507	415.42	415.34
14:41:52	16.307	15.995	16.019	17.678	16.369	16.506	415.42	415.34
14:42:52	16.307	15.992	16.034	18.259	16.37	16.507	415.42	415.34
14:43:52	16.305	15.992	16.048	18.782	16.371	16.506	415.42	415.34
14:44:54	16.307	15.992	16.066	18.149	16.369	16.505	415.42	415.34
14:45:52	16.306	15.993	16.07	17.816	16.37	16.505	415.42	415.34
14:46:52	16.307	15.992	16.075	17.685	16.371	16.506	415.42	415.34
14:47:52	16.307	15.992	16.074	17.493	16.371	16.506	415.42	415.34
14:48:52	16.307	15.992	16.072	17.304	16.371	16.507	415.42	415.34
14:49:52	16.306	15.993	16.061	17.15	16.372	16.509	415.42	415.34
14:50:52	16.306	15.994	16.034	16.989	16.374	16.51	415.42	415.34
14:51:52	16.308	15.994	16.024	17.13	16.371	16.509	415.42	415.34
14:52:52	16.307	15.995	16.022	17.292	16.373	16.509	415.42	415.34
14:53:52	16.307	15.994	16.04	17.837	16.372	16.509	415.42	415.34
14:54:52	16.307	15.995	16.067	18.489	16.37	16.508	415.42	415.34
14:55:52	16.307	15.994	16.088	18.916	16.372	16.509	415.42	415.34
14:56:52	16.308	15.995	16.117	18.674	16.371	16.507	415.42	415.34
14:57:52	16.308	15.995	16.138	17.853	16.371	16.509	415.42	415.34
14:58:52	16.307	15.995	16.13	17.394	16.371	16.509	415.42	415.34
14:59:52	16.307	15.995	16.118	17.147	16.371	16.506	415.42	415.34
15:00:52	16.307	15.994	16.098	17.075	16.371	16.507	415.42	415.34
15:01:52	16.308	15.994	16.086	17.126	16.371	16.507	415.42	415.34
15:02:52	16.307	15.994	16.066	17.13	16.372	16.507	415.42	415.34
15:03:52	16.307	15.992	16.045	16.979	16.372	16.508	415.42	415.34
15:04:52	16.308	15.994	16.024	16.885	16.371	16.507	415.42	415.34
15:05:52	16.307	15.993	16.01	16.816	16.371	16.506	415.42	415.34
15:06:52	16.307	15.994	16.002	17.032	16.371	16.507	415.42	415.34
15:07:52	16.308	15.992	16.001	17.282	16.372	16.509	415.42	415.34
15:08:52	16.307	15.994	16.016	17.553	16.372	16.51	415.42	415.34
15:09:52	16.308	15.994	16.035	17.831	16.372	16.509	415.42	415.34
15:10:52	16.309	15.994	16.067	18.086	16.373	16.51	415.42	415.34
15:11:52	16.307	15.994	16.094	18.122	16.373	16.51	415.42	415.34
15:12:52	16.306	15.994	16.1	18.144	16.371	16.509	415.42	415.34
15:13:52	16.307	15.995	16.107	17.846	16.371	16.508	415.42	415.34
15:14:52	16.308	15.994	16.099	17.495	16.373	16.51	415.42	415.34
15:15:53	16.307	15.995	16.081	17.252	16.372	16.51	415.42	415.34
15:16:52	0.0	15.995	16.048	17.07	16.373	16.511	415.42	415.34
15:17:52	16.308	15.996	16.038	17.165	16.374	16.51	415.42	415.34
15:18:52	16.308	15.996	16.039	17.279	16.373	16.512	415.42	415.34
15:19:52	16.307	15.996	16.04	17.41	16.375	16.512	415.42	415.34
15:20:52	16.308	15.997	16.049	17.648	16.375	16.512	415.42	415.34
15:21:52	16.308	15.998	16.058	18.018	16.375	16.511	415.42	415.34
15:22:52	16.308	15.997	16.059	18.644	16.375	16.511	415.42	415.34
15:23:52	16.308	15.998	16.068	19.073	16.374	16.511	415.42	415.34
15:24:52	16.308	15.998	16.085	18.805	16.375	16.511	415.42	415.34
15:25:52	16.309	15.998	16.098	18.105	16.373	16.511	415.42	415.34
15:26:53	16.308	15.997	16.093	17.655	16.375	16.512	415.42	415.34
15:27:52	16.31	15.999	16.087	17.353	16.374	0.0	415.42	415.34
15:28:54	16.308	16.0	16.065	17.151	16.374	16.51	415.42	415.34
15:29:52	16.309	15.999	16.055	17.041	16.373	16.51	415.42	415.34
15:30:52	16.308	15.999	16.041	17.032	16.375	16.511	415.42	415.34
15:31:52	16.308	16.0	16.027	16.862	16.375	16.512	415.42	415.34
15:32:52	16.308	16.0	16.016	16.947	16.374	16.51	415.42	415.34
15:33:52	16.309	15.998	16.017	17.257	16.374	16.511	415.42	415.34
15:34:52	16.308	15.998	16.031	17.555	16.375	16.51	415.42	415.34
15:35:52	16.308	15.998	16.045	17.949	16.373	16.509	415.42	415.34
15:36:52	16.307	15.997	16.06	17.941	16.372	16.509	415.42	415.34
15:37:52	16.308	15.996	16.055	17.936	16.373	16.508	415.42	415.34
15:38:52	16.309	15.996	16.066	17.614	16.37	16.509	415.42	415.34
15:39:52	16.308	15.996	16.074	17.392	16.371	16.507	415.42	415.34
15:40:52	16.308	15.995	16.072	17.192	16.371	16.509	415.42	415.34
15:41:52	16.308	15.995	16.067	0.0	16.371	16.507	415.42	415.34
15:42:52	16.309	15.995	16.05	17.365	16.372	16.508	415.42	415.34
15:43:52	16.308	15.994	16.03	17.304	16.374	16.51	415.42	415.34
15:44:52	16.308	15.995	16.026	17.248	16.372	16.51	415.42	415.34
15:45:52	16.308	15.995	16.018	17.342	16.373	16.51	415.42	415.34
15:46:52	16.307	15.996	16.02	17.52	16.374	16.51	415.42	415.34
15:47:52	16.308	15.995	16.023	17.77	16.372	16.51	415.42	415.34
15:48:52	16.308	15.996	16.047	17.91	16.373	16.511	415.42	415.34
15:49:52	16.308	15.996	16.084	18.084	16.373	16.511	415.42	415.34
15:50:52	16.308	15.993	16.112	17.982	16.373	16.509	415.42	415.34
15:51:52	16.308	15.994	16.124	17.706	16.373	16.51	415.42	415.34
15:52:52	16.307	15.994	16.116	17.419	16.373	16.509	415.42	415.34
15:53:52	16.309	15.994	16.098	17.23	16.373	16.51	415.42	415.34
15:54:52	16.308	15.994	16.071	17.109	16.375	16.511	415.42	415.34
15:55:52	16.308	15.995	16.042	17.111	16.374	16.512	415.42	415.34
15:56:54	16.309	15.995	16.04	17.413	16.374	16.511	415.42	415.34
15:57:52	16.309	15.995	16.042	17.622	16.374	16.512	415.42	415.34
15:58:52	16.309	15.993	16.045	18.161	16.373	16.511	415.42	415.34
15:59:52	16.307	15.995	16.053	18.522	16.373	16.51	415.42	415.34
16:00:52	16.309	15.996	16.063	18.872	16.373	16.511	415.42	415.34
16:01:52	16.309	0.0	16.079	19.541	16.374	16.51	415.42	415.34
16:02:52	16.308	15.994	16.098	19.263	16.374	16.51	415.42	415.34
16:03:52	16.308	15.995	16.123	18.543	16.374	16.51	415.42	415.34
16:04:52	16.309	15.994	16.122	17.999	16.375	16.511	415.42	415.34
16:05:52	16.308	15.995	16.111	17.627	16.375	16.511	415.42	415.34
16:06:52	16.308	15.995	16.097	17.336	16.375	16.512	415.42	415.34
16:07:52	16.309	15.995	16.082	17.314	16.373	16.512	415.42	415.34
16:08:52	16.308	15.996	16.071	17.322	16.373	16.511	415.42	415.34
16:09:52	16.308	15.995	16.057	17.13	16.373	16.51	415.42	415.34
16:10:52	16.309	15.995	16.054	17.074	16.374	16.512	415.42	415.34
16:11:52	16.309	15.994	16.057	17.46	16.375	16.511	415.42	415.34
16:12:52	16.309	15.995	16.072	17.923	16.374	16.51	415.42	415.34
16:13:52	16.309	15.995	16.09	18.281	16.373	16.509	415.42	415.34
16:14:52	16.309	15.993	16.108	18.341	16.372	16.51	415.42	415.34
16:15:52	16.309	15.993	16.11	18.22	16.374	16.508	415.42	415.34
16:16:52	16.309	15.994	16.111	17.806	16.374	16.509	415.42	415.34
16:17:52	16.309	15.994	16.114	17.516	16.375	16.511	415.42	415.34
16:18:52	16.309	15.994	16.1	17.291	16.373	16.511	415.42	415.34
16:19:52	16.309	15.995	16.086	17.281	16.374	16.509	415.42	415.34
16:20:52	16.309	15.994	16.066	17.133	16.373	16.509	415.42	415.34
16:21:52	16.309	15.993	16.044	17.015	16.372	16.51	415.42	415.34
16:22:52	16.309	15.995	16.031	17.091	16.373	16.509	415.42	415.34
16:23:52	16.31	15.994	16.033	17.124	16.372	16.51	415.42	415.34
16:24:52	16.308	15.993	16.039	17.106	16.374	16.51	415.42	415.34
16:25:53	16.308	15.993	16.046	17.355	16.373	16.508	415.42	415.34
16:26:52	0.0	15.993	16.063	17.737	16.373	16.508	415.42	415.34
16:27:53	16.309	15.992	16.103	17.938	16.371	16.509	415.42	415.34
16:28:52	0.0	15.993	16.13	17.967	16.372	16.509	415.42	415.34
16:29:52	16.308	15.992	16.147	17.627	16.371	16.509	415.42	415.34
16:30:52	16.308	15.991	16.138	17.362	16.371	16.508	415.42	415.34
16:31:52	16.308	15.991	16.122	17.221	16.372	16.507	415.42	415.34
16:32:52	16.309	15.99	16.094	17.138	16.373	16.507	415.42	415.34
16:33:52	16.308	15.991	16.073	17.075	16.373	16.508	415.42	415.34
16:34:52	16.308	15.992	16.063	17.386	16.374	16.509	415.42	415.34
16:35:52	16.309	15.992	16.057	17.255	16.375	16.51	415.42	415.34
16:36:52	16.309	15.992	16.055	17.067	16.376	16.512	415.42	415.34
16:37:52	16.309	15.993	16.048	16.943	16.375	16.513	415.42	415.34
16:38:52	16.309	15.994	16.039	16.847	16.375	16.513	415.42	415.34
16:39:52	16.31	15.996	16.06	16.781	16.376	16.513	415.42	415.34
16:40:52	16.309	15.995	16.044	16.735	16.374	16.513	415.42	415.34
16:41:52	16.31	15.996	16.027	16.705	16.374	16.512	415.42	415.34
16:42:52	16.31	15.996	16.018	16.719	16.375	16.511	415.42	415.34
16:43:52	16.309	15.996	16.012	16.734	16.374	16.511	415.42	415.34
16:44:52	16.31	15.996	16.004	16.729	16.374	16.512	415.42	415.34
16:45:52	16.309	15.996	16.005	16.731	16.372	16.51	415.42	415.34
16:46:52	16.31	15.997	15.992	16.914	16.376	16.512	415.42	415.34
16:47:52	16.309	15.996	15.975	16.835	16.375	16.512	415.42	415.34
16:48:52	16.31	15.997	15.969	16.729	16.377	16.514	415.42	415.34
16:49:52	16.311	15.999	15.953	16.676	16.377	16.514	415.42	415.34
16:50:52	16.31	16.0	15.943	16.726	16.377	16.515	415.42	415.34
16:51:52	16.309	15.999	15.946	17.235	16.376	16.514	415.42	415.34
16:52:52	16.309	16.0	15.967	18.28	16.376	16.512	415.42	415.34
16:53:52	16.311	16.0	15.998	18.676	16.376	16.513	415.42	415.34
16:54:52	16.311	16.0	16.056	18.857	16.377	16.513	415.42	415.34
16:55:52	16.311	16.0	16.089	18.688	16.377	16.513	415.42	415.34
16:56:52	16.31	16.0	16.1	18.121	16.377	16.512	415.42	415.34
16:57:52	16.311	15.999	16.093	17.621	16.377	16.513	415.42	415.34
16:58:52	16.309	15.999	16.078	17.322	16.377	16.512	415.42	415.34
16:59:53	16.31	15.999	16.06	17.073	16.377	16.512	415.42	415.34
17:00:52	0.0	15.999	16.045	16.925	16.376	16.513	415.42	415.34
17:01:52	16.309	15.999	16.029	16.892	16.376	16.512	415.42	415.34
17:02:52	16.311	15.998	16.023	16.842	16.376	16.512	415.42	415.34
17:03:52	16.31	15.998	16.026	16.807	16.375	16.51	415.42	415.34
17:04:54	16.31	15.998	16.04	17.144	16.374	16.51	415.42	415.34
17:05:52	16.31	15.996	16.056	17.678	16.374	16.51	415.42	415.34
17:06:52	16.31	15.994	16.075	17.861	16.373	16.508	415.42	415.34
17:07:52	16.311	15.995	16.098	18.114	16.373	16.509	415.42	415.34
17:08:52	16.31	15.994	16.105	17.902	16.373	16.508	415.42	415.34
17:09:52	16.309	15.993	16.106	17.752	16.373	16.508	415.42	415.34
17:10:52	16.309	15.993	16.107	17.54	16.372	16.508	415.42	415.34
17:11:52	16.31	15.991	16.1	17.306	16.374	16.509	415.42	415.34
17:12:52	16.31	15.992	16.082	17.15	16.374	16.51	415.42	415.34
17:13:52	16.31	15.991	16.067	17.005	16.373	16.507	415.42	415.34
17:14:52	16.308	15.99	16.042	16.924	16.374	16.509	415.42	415.34
17:15:52	16.309	15.991	16.024	17.043	16.375	16.508	415.42	415.34
17:16:52	16.309	15.991	16.02	17.212	16.375	16.508	415.42	415.34
17:17:52	16.309	15.991	16.023	17.211	16.376	16.509	415.42	415.34
17:18:52	16.309	15.991	16.02	17.238	16.375	16.508	415.42	415.34
17:19:52	16.308	15.991	16.037	17.782	16.376	16.509	415.42	415.34
17:20:52	16.309	15.991	16.079	17.907	16.376	16.509	415.42	415.34
17:21:52	16.309	15.992	16.113	17.972	16.374	16.51	415.42	415.34
17:22:52	16.309	15.991	16.134	17.967	16.374	16.511	415.42	415.34
17:23:52	16.308	15.99	16.132	17.632	16.374	16.51	415.42	415.34
17:24:52	16.308	15.991	16.118	17.38	16.373	16.508	415.42	415.34
17:25:52	16.308	15.99	16.094	17.205	16.374	16.507	415.42	415.34
17:26:52	16.308	15.99	16.067	17.073	16.374	16.507	415.42	415.34
17:27:52	16.308	15.99	16.05	16.933	16.376	16.51	415.42	415.34
17:28:52	16.308	15.99	16.026	16.95	16.376	16.51	415.42	415.34
17:29:52	16.309	15.991	16.024	16.929	16.375	16.51	415.42	415.34
17:30:52	16.308	15.992	16.023	17.235	16.376	16.512	415.42	415.34
17:31:52	16.309	15.992	16.028	17.754	16.378	16.511	415.42	415.34
17:32:52	16.308	15.992	16.046	18.757	16.376	16.512	415.42	415.34
17:33:52	16.309	15.993	16.061	19.615	16.375	16.512	415.42	415.34
17:34:52	16.309	15.992	16.083	19.578	16.374	16.511	415.42	415.34
17:35:52	16.309	15.992	16.11	18.676	16.373	16.511	415.42	415.34
17:36:52	16.309	15.992	16.116	18.021	16.375	16.51	415.42	415.34
17:37:54	16.308	15.992	16.107	17.558	16.374	16.509	415.42	415.34
17:38:52	16.308	15.991	16.088	17.297	16.373	16.508	415.42	415.34
17:39:52	16.308	15.991	16.078	17.309	16.372	16.508	415.42	415.34
17:40:52	16.309	15.991	16.073	17.206	16.373	16.508	415.42	415.34
17:41:52	16.308	15.991	16.051	17.089	16.374	16.507	415.42	415.34
17:42:52	16.31	15.991	16.037	16.965	16.374	16.508	415.42	415.34
17:43:52	16.309	15.99	16.046	16.998	16.373	16.509	415.42	415.34
17:44:52	16.309	15.99	16.065	17.526	16.374	16.509	415.42	415.34
17:45:52	16.309	15.99	16.092	18.252	16.372	16.508	415.42	415.34
17:46:52	16.308	15.989	16.115	18.447	16.371	16.507	415.42	415.34
17:47:52	16.308	15.987	16.128	18.343	16.373	16.506	415.42	415.34
17:48:52	16.308	15.988	16.132	17.851	16.373	16.508	415.42	415.34
17:49:52	16.308	15.987	16.123	17.497	16.373	16.506	415.42	415.34
17:50:52	16.308	15.987	16.109	17.272	16.373	16.507	415.42	415.34
17:51:52	16.309	15.986	16.103	17.112	16.372	16.507	415.42	415.34
17:52:52	16.308	15.987	16.089	17.159	16.371	16.508	415.42	415.34
17:53:52	16.31	15.987	16.072	17.283	16.371	16.506	415.42	415.34
17:54:52	16.308	15.986	16.062	17.203	16.37	16.506	415.42	415.34
17:55:52	16.308	15.987	16.055	17.275	16.372	16.507	415.42	415.34
17:56:52	16.309	15.987	16.058	17.366	16.37	16.507	415.42	415.34
17:57:52	16.309	15.987	16.083	17.823	16.371	16.508	415.42	415.34
17:58:52	16.309	15.987	16.124	17.919	16.371	16.507	415.42	415.34
17:59:52	16.308	15.987	16.148	17.918	16.371	16.508	415.42	415.34
18:00:52	16.308	15.987	16.162	17.682	16.372	16.509	415.42	415.34
18:01:52	16.309	15.987	16.157	17.449	16.374	16.508	415.42	415.34
18:02:52	16.308	15.987	16.138	17.273	16.371	16.509	415.42	415.34
18:03:52	16.307	15.987	16.114	17.211	16.371	16.507	415.42	415.34
18:04:52	16.307	15.986	16.097	17.113	16.37	16.508	415.42	415.34
18:05:52	16.308	15.985	16.091	17.141	16.371	16.507	415.42	415.34
18:06:52	16.307	15.985	16.086	17.279	16.37	16.507	415.42	415.34
18:07:52	16.306	15.985	16.075	17.568	16.369	16.505	415.42	415.34
18:08:53	16.308	15.985	16.078	18.273	16.37	16.506	415.42	415.34
18:09:52	16.308	15.986	16.091	18.853	16.37	16.506	415.42	415.34
18:10:52	16.307	15.985	16.103	19.54	16.372	16.508	415.42	415.34
18:11:52	16.307	15.987	16.121	18.946	16.372	16.508	415.42	415.34
18:12:52	16.309	15.987	16.14	18.274	16.37	16.507	415.42	415.34
18:13:52	16.308	15.987	16.141	17.793	16.371	16.508	415.42	415.34
18:14:52	16.307	15.985	16.129	17.46	16.37	16.507	415.42	415.34
18:15:52	16.308	15.984	16.115	17.242	16.369	16.506	415.42	415.34
18:16:52	16.307	15.984	16.101	17.366	16.368	16.506	415.42	415.34
18:17:52	16.306	15.984	16.088	17.248	16.369	16.505	415.42	415.34
18:18:52	16.305	15.983	16.083	17.088	16.368	16.507	415.42	415.34
18:19:52	16.308	15.983	16.069	16.943	16.367	16.506	415.42	415.34
18:20:52	16.306	15.983	16.066	16.868	16.369	16.505	415.42	415.34
18:21:52	16.307	15.982	16.071	17.31	16.368	16.506	415.42	415.34
18:22:52	16.307	15.982	16.091	17.908	16.369	16.506	415.42	415.34
18:23:52	16.308	15.983	16.108	18.075	16.368	16.505	415.42	415.34
18:24:52	16.306	15.983	16.135	18.356	16.369	16.506	415.42	415.34
18:25:52	16.307	15.982	16.157	18.059	16.37	16.506	415.42	415.34
18:26:52	16.307	15.984	16.17	17.677	16.37	16.507	415.42	415.34
18:27:52	16.306	15.983	16.159	17.436	16.369	16.507	415.42	415.34
18:28:52	16.306	15.983	16.145	17.253	16.367	16.505	415.42	415.34
18:29:52	16.306	15.983	16.118	17.156	16.369	16.507	415.42	415.34
18:30:52	16.306	15.984	16.092	17.155	16.37	16.508	415.42	415.34
18:31:52	16.307	15.984	16.079	17.15	16.368	16.507	415.42	415.34
18:32:52	16.306	15.984	16.077	17.162	16.37	16.507	415.42	415.34
18:33:52	16.307	15.984	16.082	17.335	16.37	16.507	415.42	415.34
18:34:52	16.307	15.985	16.102	17.662	16.369	16.506	415.42	415.34
18:35:52	16.305	15.984	16.124	17.757	16.369	16.507	415.42	415.34
18:36:52	16.306	15.984	16.136	17.633	16.367	16.505	415.42	415.34
18:37:52	16.306	15.982	16.145	17.532	16.368	16.506	415.42	415.34
18:38:52	16.306	15.982	16.148	17.404	16.368	16.505	415.42	415.34
18:39:52	16.305	15.981	16.142	17.449	16.368	16.506	415.42	415.34
18:40:52	16.307	15.983	16.145	17.451	16.367	16.506	415.42	415.34
18:41:52	16.307	15.983	16.147	17.477	16.367	16.505	415.42	415.34
18:42:52	16.307	15.982	16.15	17.718	16.368	16.506	415.42	415.34
18:43:52	16.306	15.983	16.154	17.614	16.368	16.505	415.42	415.34
18:44:52	16.307	15.982	16.153	17.626	16.369	16.507	415.42	415.34
18:45:52	16.306	15.982	16.152	17.459	16.367	16.504	415.42	415.34
18:46:52	16.307	15.982	16.149	17.215	16.369	16.506	415.42	415.34
18:47:52	16.306	15.982	16.141	17.097	16.368	16.507	415.42	415.34
18:48:52	16.307	15.982	16.132	17.133	16.369	16.506	415.42	415.34
18:49:53	16.307	15.982	16.119	17.364	16.369	16.506	415.42	415.34
18:50:52	0.0	15.981	16.117	17.47	16.367	16.504	415.42	415.34
18:51:53	16.305	15.982	16.111	17.532	16.366	16.504	415.42	415.34
18:52:52	0.0	15.981	16.117	17.67	16.366	16.505	415.42	415.34
18:53:54	16.306	15.981	16.136	17.893	16.367	16.506	415.42	415.34
18:54:52	16.306	15.98	16.153	18.047	16.367	16.505	415.42	415.34
18:55:52	16.305	15.981	16.177	18.015	16.367	16.506	415.42	415.34
18:56:52	16.305	15.98	16.184	17.63	16.366	16.505	415.42	415.34
18:57:54	16.306	15.98	16.171	17.37	16.368	16.505	415.42	415.34
18:58:52	16.306	15.98	16.157	17.231	16.369	16.506	415.42	415.34
18:59:52	16.306	15.98	16.141	17.204	16.368	16.506	415.42	415.34
19:00:52	16.307	15.981	16.125	17.131	16.368	16.505	415.42	415.34
19:01:53	16.306	15.982	16.119	17.163	16.367	16.504	415.42	415.34
19:02:53	16.305	15.982	16.127	17.145	16.365	16.505	415.42	415.34
19:03:53	16.305	15.98	16.132	17.179	16.365	16.505	415.42	415.34
19:04:53	16.305	15.98	16.12	17.82	16.365	16.505	415.42	415.34
19:05:53	16.305	15.979	16.118	18.559	16.365	16.504	415.42	415.34
19:06:53	16.304	15.979	16.132	18.093	16.364	16.503	415.42	415.34
19:07:53	16.306	15.979	16.143	17.835	16.366	16.504	415.42	415.34
19:08:53	16.305	15.979	16.146	17.597	16.365	16.505	415.42	415.34
19:09:53	16.305	15.98	16.144	17.367	16.366	16.504	415.42	415.34
19:10:53	16.305	15.979	16.135	17.211	16.366	16.504	415.42	415.34
19:11:53	16.306	15.979	16.126	17.098	16.365	16.502	415.42	415.34
19:12:53	16.305	15.979	16.103	17.237	16.365	16.504	415.42	415.34
19:13:53	16.305	15.978	16.088	17.23	16.364	16.504	415.42	415.34
19:14:53	16.305	15.978	16.085	17.132	16.365	16.504	415.42	415.34
19:15:53	16.305	15.978	16.085	17.505	16.364	16.504	415.42	415.34
19:16:53	16.305	15.977	16.102	17.92	16.365	16.504	415.42	415.34
19:17:53	16.305	15.979	16.121	18.171	16.365	16.506	415.42	415.34
19:18:53	16.305	15.979	16.149	18.517	16.364	16.504	415.42	415.34
19:19:53	16.305	15.979	16.172	18.129	16.365	16.505	415.42	415.34
19:20:53	16.305	15.98	16.172	17.64	16.366	16.505	415.42	415.34
19:21:53	16.306	15.98	16.162	17.391	16.368	16.505	415.42	415.34
19:22:53	16.305	15.982	16.149	17.222	16.367	16.505	415.42	415.34
19:23:53	16.305	15.981	16.136	17.122	16.368	16.506	415.42	415.34
19:24:53	16.305	15.982	16.104	16.908	16.368	16.506	415.42	415.34
19:25:53	16.305	15.983	16.067	16.84	16.367	16.506	415.42	415.34
19:26:53	16.305	15.981	16.044	16.787	16.366	16.507	415.42	415.34
19:27:53	16.305	15.983	16.029	16.734	16.366	16.506	415.42	415.34
19:28:53	16.306	15.982	16.003	16.684	16.368	16.506	415.42	415.34
19:29:53	16.305	15.983	15.996	16.943	16.366	16.505	415.42	415.34
19:30:53	16.305	15.982	16.011	17.043	16.367	0.0	415.42	415.34
19:31:53	16.305	15.981	16.017	16.974	16.367	16.505	415.42	415.34
19:32:53	16.306	15.982	16.02	16.915	16.368	16.506	415.42	415.34
19:33:53	16.305	15.983	16.023	16.881	16.366	16.507	415.42	415.34
19:34:53	16.306	15.982	16.02	16.839	16.367	16.504	415.42	415.34
19:35:53	16.305	15.983	16.011	16.841	16.368	16.506	415.42	415.34
19:36:53	16.305	15.983	16.009	17.097	16.367	16.506	415.42	415.34
19:37:53	16.306	15.982	16.025	17.093	16.367	16.504	415.42	415.34
19:38:55	16.306	15.982	16.029	16.971	16.367	16.506	415.42	415.34
19:39:53	16.305	15.982	16.025	16.892	16.366	16.505	415.42	415.34
19:40:53	16.306	15.981	16.021	16.856	16.366	16.504	415.42	415.34
19:41:53	16.306	15.98	16.018	16.938	16.364	16.504	415.42	415.34
19:42:53	16.305	15.98	16.022	16.904	16.364	16.504	415.42	415.34
19:43:53	16.305	15.98	16.013	16.85	16.363	16.504	415.42	415.34
19:44:53	16.305	15.98	16.005	16.806	16.364	16.504	415.42	415.34
19:45:53	16.305	15.98	15.997	16.77	16.364	16.505	415.42	415.34
19:46:53	16.306	15.98	15.988	16.746	16.367	16.505	415.42	415.34
19:47:53	16.306	15.982	15.984	16.759	16.367	16.506	415.42	415.34
19:48:53	16.306	15.981	15.987	16.955	16.367	16.504	415.42	415.34
19:49:53	16.306	15.982	16.002	17.245	16.366	16.504	415.42	415.34
19:50:53	16.305	15.981	16.027	17.133	16.364	16.505	415.42	415.34
19:51:53	16.306	15.981	16.024	16.971	16.363	16.505	415.42	415.34
19:52:53	16.306	15.98	16.015	16.883	16.363	16.505	415.42	415.34
19:53:53	16.305	15.979	16.009	17.13	16.362	16.503	415.42	415.34
19:54:53	16.305	15.979	16.004	17.924	16.364	16.503	415.42	415.34
19:55:53	16.305	15.979	16.038	18.501	16.364	16.505	415.42	415.34
19:56:53	16.306	15.979	16.077	18.83	16.364	16.502	415.42	415.34
19:57:53	16.304	15.979	16.108	18.753	16.365	16.504	415.42	415.34
19:58:53	16.305	15.981	16.132	18.099	16.367	16.506	415.42	415.34
19:59:53	16.305	15.982	16.13	17.673	16.368	16.506	415.42	415.34
20:00:53	16.305	15.983	16.114	17.387	16.368	16.506	415.42	415.34
20:01:53	16.305	15.984	16.092	17.147	16.368	16.507	415.42	415.34
20:02:53	16.306	15.983	16.052	16.955	16.369	16.507	415.42	415.34
20:03:53	16.304	15.984	16.032	17.288	16.369	16.507	415.42	415.34
20:04:53	16.305	15.983	16.03	17.59	0.0	16.507	415.42	415.34
20:05:53	16.305	15.982	16.042	17.831	16.367	16.506	415.42	415.34
20:06:53	16.305	15.982	16.049	18.104	16.366	16.506	415.42	415.34
20:07:53	16.305	15.981	16.062	18.44	16.366	16.504	415.42	415.34
20:08:53	16.305	15.981	16.073	18.75	16.366	16.505	415.42	415.34
20:09:53	16.305	15.981	16.099	19.032	16.365	16.505	415.42	415.34
20:10:53	16.305	15.981	16.105	18.328	16.367	16.506	415.42	415.34
20:11:53	16.305	15.982	16.108	17.797	16.367	16.506	415.42	415.34
20:12:53	16.305	15.984	16.101	17.443	16.368	16.508	0.0	415.34
20:13:53	16.305	15.984	16.084	17.231	16.368	16.507	415.42	415.34
20:14:53	16.306	15.985	16.07	17.202	16.37	16.508	415.42	415.34
20:15:53	16.306	15.985	16.063	17.065	16.369	16.508	415.42	415.34
20:16:53	16.306	15.987	16.058	16.931	16.369	16.509	415.42	415.34
20:17:53	16.305	15.987	16.066	16.882	16.369	16.509	415.42	415.34
20:18:53	16.306	15.986	16.079	16.892	16.37	16.509	415.42	415.34
20:19:53	16.305	15.987	16.092	17.089	16.371	16.511	415.42	415.34
20:20:53	16.306	15.988	16.103	17.145	16.371	16.51	415.42	415.34
20:21:53	16.305	15.987	16.115	17.218	16.37	16.51	415.42	415.34
20:22:53	16.305	15.989	16.117	17.399	16.371	16.51	415.42	415.34
20:23:54	16.306	15.989	16.104	17.91	16.372	16.511	415.42	415.34
20:24:53	16.307	15.988	16.11	17.93	16.371	16.511	415.42	415.34
20:25:53	16.306	15.989	16.128	17.621	16.371	16.511	415.42	415.34
20:26:53	16.306	15.987	16.13	17.387	16.369	16.51	415.42	415.34
20:27:53	16.307	15.987	16.118	17.256	16.37	16.509	415.42	415.34
20:28:53	16.306	15.986	16.104	17.255	16.369	16.509	415.42	415.34
20:29:53	16.306	15.985	16.095	17.124	16.367	16.507	415.42	415.34
20:30:53	16.306	15.984	16.085	17.173	16.368	16.506	415.42	415.34
20:31:53	16.307	15.984	16.072	17.224	16.369	16.508	415.42	415.34
20:32:53	16.306	15.984	16.074	17.239	16.368	16.507	415.42	415.34
20:33:53	16.305	15.983	16.077	17.482	16.368	16.506	415.42	415.34
20:34:53	16.305	15.984	16.092	17.906	16.368	16.508	415.42	415.34
20:35:53	16.306	15.985	16.119	17.785	16.369	16.508	415.42	415.34
20:36:53	16.306	15.985	16.139	17.51	16.369	16.508	415.42	415.34
20:37:53	16.306	15.983	16.133	17.385	16.369	16.507	415.42	415.34
20:38:53	16.305	15.984	16.126	17.553	16.368	16.507	415.42	415.34
20:39:53	16.306	15.984	16.128	18.084	16.368	16.508	415.42	415.34
20:40:53	16.305	15.983	16.147	18.388	16.368	16.507	415.42	415.34
20:41:53	16.306	15.984	16.167	18.333	16.369	16.508	415.42	415.34
20:42:53	16.305	15.984	16.172	17.8	16.368	16.507	415.42	415.34
20:43:53	16.305	15.986	16.165	17.493	16.369	16.51	415.42	415.34
20:44:53	16.307	15.985	16.144	17.299	16.37	16.51	415.42	415.34
20:45:53	16.305	15.985	16.12	17.262	16.369	16.509	415.42	415.34
20:46:53	16.304	15.983	16.113	17.13	16.37	16.508	415.42	415.34
20:47:53	16.306	15.984	16.105	17.296	16.369	16.509	415.42	415.34
20:48:53	16.306	15.985	16.096	17.178	16.368	16.509	415.42	415.34
20:49:53	16.306	15.984	16.091	17.022	16.368	16.507	415.42	415.34
20:50:53	16.306	15.984	16.08	16.914	16.369	16.508	415.42	415.34
20:51:53	16.305	15.985	16.063	16.842	16.367	16.507	415.42	415.34
20:52:53	16.306	15.986	16.064	16.786	16.368	16.508	415.42	415.34
20:53:53	16.306	15.984	16.071	16.749	16.369	16.508	415.42	415.34
20:54:53	16.305	15.982	16.081	16.723	16.368	16.508	415.42	415.34
20:55:53	16.306	15.983	16.09	16.717	16.368	16.507	415.42	415.34
20:56:53	16.306	15.984	16.093	16.77	16.37	16.508	415.42	415.34
20:57:53	16.306	15.984	16.097	17.165	16.369	16.509	415.42	415.34
20:58:54	16.306	15.984	16.104	17.628	16.369	16.508	415.42	415.34
20:59:53	16.306	15.984	16.121	17.808	16.368	16.509	415.42	415.34
21:00:53	16.307	15.985	16.136	17.754	16.369	16.51	415.42	415.34
21:01:53	16.306	15.985	16.144	17.785	16.369	16.51	415.42	415.34
21:02:53	16.306	15.985	16.148	17.926	16.371	16.51	415.42	415.34
21:03:53	16.306	15.985	16.155	18.364	16.37	16.51	415.42	415.34
21:04:53	16.307	15.986	16.164	18.323	16.372	16.51	415.42	415.34
21:05:53	16.306	15.987	16.165	17.857	16.371	16.51	415.42	415.34
21:06:53	16.306	15.987	16.145	17.492	16.37	16.51	415.42	415.34
21:07:53	16.306	15.988	16.13	17.257	16.37	16.512	415.42	415.34
21:08:53	16.307	15.988	16.111	17.098	16.372	16.51	415.42	415.34
21:09:54	16.307	15.988	16.095	16.951	16.372	16.512	415.42	415.34
21:10:53	0.0	15.988	16.077	16.846	16.371	16.512	415.42	415.34
21:11:53	16.308	15.989	16.062	16.772	16.371	16.51	415.42	415.34
21:12:53	16.307	15.988	16.041	16.71	16.37	16.509	415.42	415.34
21:13:53	16.307	15.988	16.029	16.676	16.371	16.51	415.42	415.34
21:14:53	16.308	15.988	16.015	16.637	16.371	16.51	415.42	415.34
21:15:53	16.307	15.988	16.011	16.639	16.371	16.51	415.42	415.34
21:16:53	16.306	15.987	16.021	16.865	16.371	16.509	415.42	415.34
21:17:53	16.307	15.987	16.026	17.599	16.369	16.509	415.42	415.34
21:18:53	16.308	15.985	16.059	17.941	16.369	16.507	415.42	415.34
21:19:53	16.308	15.985	16.099	17.803	16.368	16.509	415.42	415.34
21:20:54	16.308	15.986	16.125	17.515	16.368	16.508	415.42	415.34
21:21:54	16.307	15.985	16.119	17.311	16.369	16.507	415.42	415.34
21:22:53	16.307	15.986	16.106	17.139	16.369	16.509	415.42	415.34
21:23:53	16.307	15.986	16.094	17.001	16.369	16.509	415.42	415.34
21:24:53	16.308	15.986	16.078	16.933	16.369	16.508	415.42	415.34
21:25:53	16.307	15.986	16.057	17.174	16.371	16.508	415.42	415.34
21:26:53	16.307	15.988	16.05	17.2	16.369	16.51	415.42	415.34
21:27:53	16.308	15.988	16.052	17.169	16.37	16.509	415.42	415.34
21:28:53	16.307	15.989	16.054	17.236	16.37	16.51	415.42	415.34
21:29:53	16.308	15.988	16.07	17.593	16.369	16.511	415.42	415.34
21:30:53	16.307	15.989	16.106	17.768	16.369	16.51	415.42	415.34
21:31:53	16.308	15.989	16.127	17.723	16.369	16.509	415.42	415.34
21:32:53	16.307	15.988	16.142	17.668	16.37	16.509	415.42	415.34
21:33:53	16.307	15.987	16.137	17.647	16.369	16.509	415.42	415.34
21:34:54	16.306	15.988	16.138	17.692	16.371	16.509	415.42	415.34
21:35:55	16.307	15.988	16.131	17.828	16.371	16.51	415.42	415.34
21:36:53	16.308	15.989	16.135	18.016	16.371	16.51	415.42	415.34
21:37:53	16.307	15.989	16.126	18.317	16.373	16.511	415.42	415.34
21:38:53	16.308	15.989	16.125	18.415	16.373	16.51	415.42	415.34
21:39:53	16.307	15.989	16.146	18.215	16.374	16.511	415.42	415.34
21:40:53	16.307	15.991	16.162	17.767	16.372	16.511	415.42	415.34
21:41:53	16.307	15.991	16.155	17.493	16.372	16.51	415.42	415.34
21:42:53	16.308	15.99	16.14	17.294	16.372	16.51	415.42	415.34
21:43:53	16.308	15.991	16.124	17.184	16.373	16.51	415.42	415.34
21:44:54	16.308	15.991	16.108	17.08	16.371	16.512	415.42	415.34
21:45:53	16.308	15.992	16.094	17.471	16.374	16.511	415.42	415.34
21:46:53	16.308	15.992	16.091	17.695	16.373	16.512	415.42	415.34
21:47:53	16.308	15.993	16.093	18.14	16.372	16.512	415.42	415.34
21:48:53	16.309	15.992	16.099	18.562	16.371	16.511	415.42	415.34
21:49:54	16.309	15.992	16.11	18.986	16.372	16.511	415.42	415.34
21:50:53	16.309	15.992	16.126	19.086	16.372	16.51	415.42	415.34
21:51:53	16.309	15.992	16.153	18.438	16.373	16.512	415.42	415.34
21:52:55	16.308	15.992	16.145	17.907	16.374	16.511	415.42	415.34
21:53:53	16.309	15.993	16.137	17.532	16.372	16.511	415.42	415.34
21:54:55	16.308	15.993	16.126	17.305	16.373	16.512	415.42	415.34
21:55:53	16.309	15.992	16.114	17.149	16.371	16.511	415.42	415.34
21:56:53	16.309	15.992	16.094	17.261	16.373	16.511	415.42	415.34
21:57:53	16.308	15.993	16.079	17.15	16.371	16.511	415.42	415.34
21:58:53	16.309	15.992	16.076	17.004	16.375	16.512	415.42	415.34
21:59:53	16.309	15.993	16.083	17.082	16.373	16.512	415.42	415.34
22:00:53	16.308	15.993	16.098	17.598	16.373	16.512	415.42	415.34
22:01:53	16.309	15.993	16.117	17.652	16.373	16.512	415.42	415.34
22:02:53	16.309	15.993	16.129	17.79	16.372	16.511	415.42	415.34
22:03:56	16.308	15.993	16.137	18.134	16.374	16.512	415.42	415.34
22:04:53	16.309	15.995	16.151	18.199	16.376	16.513	415.42	415.34
22:05:54	16.309	15.994	16.175	17.832	16.373	16.512	415.42	415.34
22:06:53	0.0	15.995	16.176	17.532	16.374	16.513	415.42	415.34
22:07:53	16.309	15.996	16.164	17.242	16.374	16.512	415.42	415.34
22:08:53	16.309	15.996	16.147	17.068	16.374	16.512	415.42	415.34
22:09:53	16.31	15.996	16.129	17.014	16.373	16.511	415.42	415.34
22:10:53	16.309	15.995	16.114	17.034	16.371	16.51	415.42	415.34
22:11:53	16.31	15.994	16.094	17.224	16.373	16.51	415.42	415.34
22:12:53	16.309	15.994	16.086	17.108	16.371	16.509	415.42	415.34
22:13:53	16.309	15.993	16.081	17.043	16.371	16.509	415.42	415.34
22:14:54	16.309	15.992	16.078	17.816	16.371	16.51	415.42	415.34
22:15:53	16.31	15.994	16.08	18.395	16.372	16.51	415.42	415.34
22:16:53	16.31	15.995	16.092	18.58	16.374	16.511	415.42	415.34
22:17:53	16.31	15.995	16.124	18.259	16.374	16.512	415.42	415.34
22:18:54	16.31	15.996	16.151	17.942	16.376	16.514	415.42	415.34
22:19:54	16.311	15.998	16.156	17.77	16.376	16.514	415.42	415.34
22:20:53	16.312	16.001	16.16	18.11	16.377	16.516	415.42	415.34
22:21:54	16.311	15.999	16.163	18.45	16.375	16.514	415.42	415.34
22:22:53	16.311	16.0	16.167	18.137	16.374	16.514	415.42	415.34
22:23:54	16.311	15.999	16.158	17.703	16.373	16.512	415.42	415.34
22:24:53	16.311	15.998	16.147	17.393	16.372	16.512	415.42	415.34
22:25:54	16.312	15.996	16.131	17.223	16.373	16.51	415.42	415.34
22:26:54	16.311	15.998	16.11	17.05	16.374	16.51	415.42	415.34
22:27:54	16.312	15.997	16.096	16.908	16.375	16.511	415.42	415.34
22:28:54	16.311	15.996	16.085	16.838	16.375	16.512	415.42	415.34
22:29:53	16.312	15.998	16.086	16.874	16.376	16.513	415.42	415.34
22:30:54	16.312	15.999	16.099	17.124	16.376	16.513	415.42	415.34
22:31:54	16.311	15.998	16.112	17.261	16.375	16.513	415.42	415.34
22:32:54	16.311	15.998	16.121	17.54	16.375	16.513	415.42	415.34
22:33:55	16.311	15.998	16.125	17.915	16.374	16.513	415.42	415.34
22:34:53	16.312	15.999	16.132	18.36	16.373	16.513	415.42	415.34
22:35:54	16.312	15.999	16.147	18.322	16.376	16.512	415.42	415.34
22:36:53	16.312	16.0	16.175	17.824	16.376	16.514	415.42	415.34
22:37:54	16.312	15.999	16.176	17.471	16.376	16.513	415.42	415.34
22:38:54	16.311	16.0	16.162	17.212	16.375	16.514	415.42	415.34
22:39:54	16.313	16.001	16.148	17.04	16.375	16.513	415.42	415.34
22:40:53	16.313	16.0	16.127	17.0	16.375	16.513	415.42	415.34
22:41:54	16.312	16.001	16.11	17.066	16.375	16.512	415.42	415.34
22:42:53	16.312	16.001	16.092	17.227	16.376	16.513	415.42	415.34
22:43:54	16.312	16.001	16.088	17.089	16.375	16.512	415.42	415.34
22:44:54	16.312	16.002	16.081	16.946	16.376	16.512	415.42	415.34
22:45:54	16.313	16.001	16.071	16.873	16.377	16.512	415.42	415.34
22:46:54	16.312	16.0	16.063	16.839	16.375	16.511	415.42	415.34
22:47:53	16.312	16.001	16.056	16.819	16.375	16.512	415.42	415.34
22:48:54	16.312	16.0	16.049	16.806	16.374	16.51	415.42	415.34
22:49:53	16.314	16.001	16.044	16.796	16.377	16.513	415.42	415.34
22:50:54	16.314	16.001	16.025	16.963	16.375	16.512	415.42	415.34
22:51:53	16.313	16.001	16.008	16.867	16.377	16.513	415.42	415.34
22:52:54	16.314	16.002	16.0	16.776	16.378	16.514	415.42	415.34
22:53:54	16.314	16.004	15.99	16.717	16.378	16.514	415.42	415.34
22:54:53	16.314	16.004	15.981	16.692	16.381	16.516	415.42	415.34
22:55:54	16.314	16.006	15.986	16.713	16.381	16.517	415.42	415.34
22:56:53	16.315	16.008	15.997	17.504	16.38	16.517	415.42	415.34
22:57:54	16.315	16.009	16.03	18.044	16.378	16.517	415.42	415.34
22:58:54	16.315	16.008	16.065	18.635	16.378	16.516	415.42	415.34
22:59:54	16.315	16.009	16.092	19.081	16.377	16.516	415.42	415.34
23:00:54	16.315	16.008	16.122	18.456	16.378	16.516	415.42	415.34
23:01:54	16.315	16.007	16.124	17.859	16.378	16.515	415.42	415.34
23:02:54	16.315	16.01	16.114	17.48	16.38	16.516	415.42	415.34
23:03:54	16.315	16.01	16.097	17.213	16.381	16.517	415.42	415.34
23:04:54	16.316	16.011	16.086	17.022	16.383	16.518	415.42	415.34
23:05:54	16.316	16.01	16.08	16.935	16.381	16.518	415.42	415.34
23:06:53	16.315	16.01	16.064	16.948	16.381	16.518	415.42	415.34
23:07:53	16.316	16.01	16.048	16.82	16.379	16.516	415.42	415.34
23:08:53	16.315	16.011	16.033	16.728	16.378	16.516	415.42	415.34
23:09:53	16.316	16.01	16.022	16.663	16.379	16.515	415.42	415.34
23:10:54	16.317	16.01	16.012	16.622	16.38	16.516	415.42	415.34
23:11:54	16.316	16.011	16.01	16.617	16.382	16.517	415.42	415.34
23:12:54	16.316	16.012	16.007	16.981	16.384	16.517	415.42	415.34
23:13:54	16.316	16.013	15.999	17.464	16.383	16.518	415.42	415.34
23:14:55	16.317	16.014	16.008	17.668	16.381	16.519	415.42	415.34
23:15:54	16.316	16.013	16.034	17.909	16.38	16.516	415.42	415.34
23:16:54	16.317	16.012	16.072	17.803	16.379	16.517	415.42	415.34
23:17:54	16.317	16.011	16.094	17.484	16.377	16.516	415.42	415.34
23:18:54	16.317	16.011	16.084	17.251	16.38	16.514	415.42	415.34
23:19:53	16.316	16.01	16.075	17.26	16.38	16.515	415.42	415.34
23:20:54	16.318	16.01	16.062	17.102	16.38	16.515	415.42	415.34
23:21:54	16.317	16.01	16.033	17.147	16.381	16.515	415.42	415.34
23:22:53	16.317	16.011	16.024	17.234	16.382	16.516	415.42	415.34
23:23:54	16.317	16.011	16.021	17.279	16.382	16.518	415.42	415.34
23:24:53	16.318	16.013	16.026	17.339	16.381	16.518	415.42	415.34
23:25:54	16.318	16.013	16.034	17.651	16.382	16.519	415.42	415.34
23:26:53	16.317	16.013	16.057	17.915	16.382	16.519	415.42	415.34
23:27:54	16.318	16.014	16.087	18.145	16.382	16.518	415.42	415.34
23:28:54	16.318	16.013	16.127	18.108	16.382	16.517	415.42	415.34
23:29:54	16.318	16.013	16.144	17.751	16.382	16.516	415.42	415.34
23:30:54	16.319	16.013	16.14	17.451	16.38	16.516	415.42	415.34
23:31:54	16.317	16.013	16.118	17.289	16.382	16.515	415.42	415.34
23:32:54	16.318	16.013	16.101	17.229	16.381	16.515	415.42	415.34
23:33:54	16.318	16.012	16.099	17.174	16.382	16.516	415.42	415.34
23:34:54	16.318	16.012	16.092	17.255	16.381	16.515	415.42	415.34
23:35:53	16.318	16.013	16.085	17.213	16.382	16.516	415.42	415.34
23:36:54	16.318	16.013	16.077	17.374	16.382	16.515	415.42	415.34
23:37:53	16.318	16.013	16.075	17.785	16.381	16.516	415.42	415.34
23:38:54	16.318	16.012	16.074	18.629	16.383	16.515	415.42	415.34
23:39:53	16.318	16.013	16.083	19.109	16.381	16.518	415.42	415.34
23:40:54	16.319	16.011	16.11	18.988	16.381	16.515	415.42	415.34
23:41:54	16.319	16.012	16.126	18.352	16.382	16.515	415.42	415.34
23:42:53	16.317	16.012	16.117	17.836	16.381	16.515	415.42	415.34
23:43:54	16.318	16.011	16.107	17.496	16.382	16.517	415.42	415.34
23:44:54	0.0	16.011	16.096	17.28	16.382	16.515	415.42	415.34
23:45:54	16.317	16.011	16.083	17.277	16.38	16.514	415.42	415.34
23:46:54	16.319	16.01	16.068	17.196	16.381	16.514	415.42	415.34
23:47:53	16.319	16.011	16.066	17.066	16.383	16.514	415.42	415.34
23:48:54	16.32	16.011	16.062	16.938	16.383	16.515	415.42	415.34
23:49:54	16.319	16.013	16.055	17.08	16.382	16.515	415.42	415.34
23:50:53	16.319	16.014	16.066	17.509	16.384	16.517	415.42	415.34
23:51:54	16.318	16.013	16.092	18.087	16.384	16.517	415.42	415.34
23:52:55	16.319	16.014	16.116	18.225	16.383	16.517	415.42	415.34
23:53:54	16.318	16.014	16.128	18.335	16.382	16.519	415.42	415.34
23:54:54	16.32	16.014	16.144	17.878	16.38	16.518	415.42	415.34
23:55:54	16.32	16.013	16.143	17.568	16.381	16.516	415.42	415.34
23:56:54	16.319	16.014	16.128	17.359	16.382	16.515	415.42	415.34
23:57:54	16.318	16.013	16.108	17.374	16.38	16.514	415.42	415.34
23:58:54	16.318	16.013	16.101	17.182	16.382	16.515	415.42	415.34
23:59:53	16.318	16.012	16.088	17.067	16.38	16.516	415.42	415.34
