00:00:13	16.912	16.526	16.492	17.185	16.607	16.856	415.42	415.34
00:01:13	16.913	16.527	16.51	17.232	16.609	16.86	415.42	415.34
00:02:13	16.913	16.527	16.52	17.268	16.609	16.857	415.42	415.34
00:03:13	16.912	16.527	16.534	17.308	16.608	16.853	415.42	415.34
00:04:13	16.912	16.528	16.544	17.348	16.609	16.851	415.42	415.34
00:05:13	16.911	16.529	16.563	17.388	16.612	16.848	415.42	415.34
00:06:13	16.911	16.528	16.575	17.43	16.612	16.848	415.42	415.34
00:07:13	16.911	16.531	16.59	17.461	16.613	16.857	415.42	415.34
00:08:13	16.911	16.532	16.597	17.454	16.612	16.86	415.42	415.34
00:09:13	16.911	16.532	16.589	17.401	16.612	16.867	415.42	415.34
00:10:13	16.912	16.532	16.579	17.352	16.614	16.865	415.42	415.34
00:11:13	16.909	16.534	16.571	17.306	16.615	16.86	415.42	415.34
00:12:14	16.911	16.535	16.553	17.235	16.615	16.867	415.42	415.34
00:13:13	0.0	16.536	16.535	17.195	16.615	16.858	415.42	415.34
00:14:13	16.911	16.537	16.513	17.144	16.616	16.861	415.42	415.34
00:15:13	16.911	16.537	16.501	17.105	16.616	16.86	415.42	415.34
00:16:13	16.91	16.537	16.487	17.073	16.616	16.859	415.42	415.34
00:17:13	16.911	16.535	16.465	17.053	16.617	16.854	415.42	415.34
00:18:13	16.91	16.537	16.461	17.037	16.614	16.859	415.42	415.34
00:19:13	16.91	16.537	16.455	17.022	16.616	16.855	415.42	415.34
00:20:13	16.91	16.536	16.435	17.0	16.616	16.861	415.42	415.34
00:21:13	16.91	16.537	16.422	16.983	16.614	16.856	415.42	415.34
00:22:13	16.91	16.535	16.413	16.956	16.613	16.855	415.42	415.34
00:23:13	16.91	16.534	16.399	16.937	16.612	16.863	415.42	415.34
00:24:13	16.911	16.53	16.386	16.91	16.61	16.85	415.42	415.34
00:25:13	16.909	16.529	16.379	16.888	16.608	16.852	415.42	415.34
00:26:13	16.908	16.528	16.358	16.871	16.608	16.858	415.42	415.34
00:27:13	16.909	16.525	16.352	16.879	16.608	16.861	415.42	415.34
00:28:13	16.908	16.525	16.368	16.943	16.608	16.861	415.42	415.34
00:29:13	16.908	16.523	16.386	17.001	16.607	16.86	415.42	415.34
00:30:13	16.908	16.523	16.4	17.051	16.609	16.859	415.42	415.34
00:31:13	16.908	16.523	16.413	17.09	16.61	16.865	415.42	415.34
00:32:13	16.908	16.523	16.421	17.134	16.61	16.855	415.42	415.34
00:33:13	16.907	16.523	16.439	17.17	16.61	16.848	415.42	415.34
00:34:13	16.907	16.524	16.449	17.204	16.609	16.852	415.42	415.34
00:35:13	16.908	16.522	16.46	17.23	16.608	16.841	415.42	415.34
00:36:15	16.907	16.522	16.472	17.257	16.606	16.848	415.42	415.34
00:37:13	16.906	16.522	16.483	17.289	16.606	16.839	415.42	415.34
00:38:13	16.907	16.52	16.496	17.325	16.606	16.835	415.42	415.34
00:39:13	16.905	16.519	16.512	17.359	16.607	16.844	415.42	415.34
00:40:13	16.905	16.517	16.523	17.384	16.606	16.849	415.42	415.34
00:41:13	16.905	16.517	16.539	17.417	16.606	16.853	415.42	415.34
00:42:13	16.905	16.519	16.552	17.441	16.606	16.857	415.42	415.34
00:43:13	16.905	16.519	16.563	17.472	16.608	16.851	415.42	415.34
00:44:13	16.904	16.52	16.565	17.439	16.609	16.85	415.42	415.34
00:45:13	16.906	16.521	16.556	17.387	16.612	16.845	415.42	415.34
00:46:13	16.906	16.523	16.552	17.338	16.612	16.85	415.42	415.34
00:47:13	16.904	16.525	16.546	17.302	16.613	16.855	415.42	415.34
00:48:13	16.904	16.526	16.527	17.23	16.613	16.857	415.42	415.34
00:49:13	16.905	16.527	16.514	17.17	16.614	16.844	415.42	415.34
00:50:13	16.904	16.527	16.5	17.12	16.613	16.838	415.42	415.34
00:51:13	16.904	16.528	16.472	17.092	16.611	16.846	415.42	415.34
00:52:13	16.903	16.527	16.462	17.064	16.611	16.846	415.42	415.34
00:53:13	16.903	16.528	16.448	17.04	16.612	16.841	415.42	415.34
00:54:13	16.902	16.528	16.432	17.011	16.611	16.847	415.42	415.34
00:55:13	16.905	16.529	16.419	16.985	16.611	16.85	415.42	415.34
00:56:13	16.903	16.529	16.414	16.961	16.613	16.848	415.42	415.34
00:57:13	16.902	16.528	16.406	16.951	16.614	16.856	415.42	415.34
00:58:13	16.903	16.53	16.398	16.922	16.613	16.859	415.42	415.34
00:59:13	16.903	16.529	16.378	16.893	16.614	16.862	415.42	415.34
01:00:13	16.903	16.53	16.377	16.918	16.616	16.863	415.42	415.34
01:01:13	16.903	16.531	16.387	16.99	16.612	16.851	415.42	415.34
01:02:13	16.903	16.531	16.399	17.049	16.613	16.858	415.42	415.34
01:03:13	16.903	16.531	16.416	17.105	16.612	16.862	415.42	415.34
01:04:13	16.901	16.529	16.431	17.144	16.613	16.864	415.42	415.34
01:05:13	16.902	16.528	16.441	17.182	16.615	16.862	415.42	415.34
01:06:13	16.903	16.529	16.453	17.218	16.614	16.864	415.42	415.34
01:07:13	16.902	16.527	16.466	17.25	16.613	16.867	415.42	415.34
01:08:13	16.902	16.529	16.48	17.282	16.615	16.867	415.42	415.34
01:09:13	16.901	16.53	16.492	17.308	16.615	16.849	415.42	415.34
01:10:13	16.901	16.529	16.503	17.336	16.616	16.846	415.42	415.34
01:11:13	16.901	16.53	16.516	17.371	16.617	16.856	415.42	415.34
01:12:13	16.9	0.0	16.533	17.401	16.616	16.852	415.42	415.34
01:13:13	16.9	16.53	16.551	17.432	16.617	16.851	415.42	415.34
01:14:13	16.902	16.531	16.566	17.461	16.615	16.849	415.42	415.34
01:15:13	16.901	16.533	16.575	17.472	16.619	16.849	415.42	415.34
01:16:13	16.9	16.532	16.566	17.409	16.618	16.841	415.42	415.34
01:17:15	16.899	16.532	16.554	17.354	16.618	16.854	415.42	415.34
01:18:13	16.901	16.532	16.543	17.311	16.618	16.846	415.42	415.34
01:19:13	16.9	16.531	16.52	17.249	16.617	16.843	415.42	415.34
01:20:13	16.9	16.531	16.497	17.174	16.62	16.844	415.42	415.34
01:21:13	16.901	16.531	16.487	17.101	16.619	16.843	415.42	415.34
01:22:13	16.9	16.529	16.47	17.04	16.615	16.858	415.42	415.34
01:23:13	16.899	16.529	16.451	17.019	16.613	16.854	415.42	415.34
01:24:13	16.898	16.527	16.413	16.982	16.615	16.858	415.42	415.34
01:25:13	16.899	16.527	16.415	16.988	16.614	16.856	415.42	415.34
01:26:13	16.898	16.526	16.433	17.043	16.614	16.864	415.42	415.34
01:27:13	16.899	16.525	16.446	17.112	16.614	16.861	415.42	415.34
01:28:13	16.898	16.526	16.46	17.166	16.615	16.861	415.42	415.34
01:29:13	16.899	16.526	16.473	17.21	16.615	16.86	415.42	415.34
01:30:13	16.898	16.525	16.487	17.255	16.614	16.86	415.42	415.34
01:31:13	16.898	16.524	16.501	17.301	16.613	16.861	415.42	415.34
01:32:13	16.898	16.525	16.518	17.35	16.612	16.852	415.42	415.34
01:33:13	16.898	16.522	16.534	17.383	16.613	16.852	415.42	415.34
01:34:13	16.897	16.523	16.548	17.414	16.613	16.852	415.42	415.34
01:35:13	16.898	16.522	16.563	17.449	16.615	16.855	415.42	415.34
01:36:13	16.897	16.523	16.576	17.48	16.615	16.863	415.42	415.34
01:37:13	16.898	16.522	16.585	17.488	16.614	16.865	415.42	415.34
01:38:13	16.896	16.524	16.58	17.428	16.615	16.865	415.42	415.34
01:39:13	16.897	16.525	16.572	17.38	16.616	16.852	415.42	415.34
01:40:13	16.896	16.526	16.561	17.335	16.615	16.848	415.42	415.34
01:41:13	16.896	16.527	16.545	17.284	16.617	16.841	415.42	415.34
01:42:15	16.896	16.526	16.525	17.189	16.62	16.849	415.42	415.34
01:43:13	16.896	16.528	16.513	17.114	16.623	16.85	415.42	415.34
01:44:15	16.896	16.529	16.489	17.064	16.619	16.845	415.42	415.34
01:45:13	16.896	16.528	16.467	17.033	16.618	16.855	415.42	415.34
01:46:13	16.896	16.528	16.445	17.006	16.621	16.846	415.42	415.34
01:47:13	16.896	16.528	16.432	16.972	16.62	16.846	415.42	415.34
01:48:13	16.896	16.528	16.413	16.954	16.62	16.852	415.42	415.34
01:49:13	16.895	16.529	16.399	16.938	16.621	16.857	415.42	415.34
01:50:13	16.896	16.528	16.396	16.943	16.619	16.862	415.42	415.34
01:51:13	16.895	16.527	16.406	17.001	16.62	16.843	415.42	415.34
01:52:13	16.895	16.529	16.416	17.053	16.618	16.846	415.42	415.34
01:53:13	16.894	16.529	16.428	17.104	16.621	16.845	415.42	415.34
01:54:13	16.894	16.53	16.442	17.142	16.622	16.853	415.42	415.34
01:55:13	16.896	16.53	16.454	17.187	16.623	16.842	415.42	415.34
01:56:13	16.894	16.53	16.466	17.226	16.619	16.833	415.42	415.34
01:57:13	16.894	16.529	16.482	17.265	16.621	16.837	415.42	415.34
01:58:13	16.894	16.528	16.497	17.313	16.619	16.845	415.42	415.34
01:59:13	16.894	16.528	16.513	17.345	16.617	16.847	415.42	415.34
02:00:13	0.0	16.526	16.536	17.381	16.617	16.856	415.42	415.34
02:01:13	16.894	16.525	16.546	17.418	16.619	16.863	415.42	415.34
02:02:13	16.894	16.526	16.56	17.45	16.617	16.862	415.42	415.34
02:03:13	16.893	16.525	16.566	17.484	16.618	16.846	415.42	415.34
02:04:13	16.893	16.524	16.576	17.492	16.617	16.85	415.42	415.34
02:05:13	16.894	16.524	16.574	17.439	16.615	16.856	415.42	415.34
02:06:13	16.893	16.523	16.57	17.388	16.614	16.855	415.42	415.34
02:07:13	16.892	16.522	16.561	17.342	16.614	16.854	415.42	415.34
02:08:13	16.892	16.522	16.544	17.271	16.614	16.854	415.42	415.34
02:09:13	16.893	16.521	16.522	17.211	16.616	16.854	415.42	415.34
02:10:13	16.892	16.521	16.501	17.16	16.616	16.859	415.42	415.34
02:11:13	16.891	16.523	16.494	17.112	16.617	16.864	415.42	415.34
02:12:14	16.892	16.524	16.468	17.084	16.615	16.86	415.42	415.34
02:13:13	16.892	16.524	16.454	17.034	16.617	16.857	415.42	415.34
02:14:13	16.892	16.522	16.445	17.016	16.618	16.846	415.42	415.34
02:15:13	16.892	16.522	16.439	16.992	16.618	16.844	415.42	415.34
02:16:13	16.891	16.522	16.42	16.981	16.617	16.848	415.42	415.34
02:17:15	16.891	16.521	16.423	17.029	16.616	16.853	415.42	415.34
02:18:13	16.891	16.52	16.437	17.086	16.615	16.856	415.42	415.34
02:19:13	16.891	16.52	16.457	17.146	16.615	16.854	415.42	415.34
02:20:13	16.891	16.519	16.476	17.204	16.615	16.86	415.42	415.34
02:21:13	16.891	16.521	16.492	17.253	16.614	16.855	415.42	415.34
02:22:13	16.89	16.521	16.505	17.301	16.614	16.854	415.42	415.34
02:23:13	16.89	16.52	16.526	17.357	16.613	16.857	415.42	415.34
02:24:13	16.891	16.518	16.544	17.391	16.613	16.859	415.42	415.34
02:25:13	16.89	16.519	16.56	17.429	16.613	16.857	415.42	415.34
02:26:13	16.89	16.516	16.574	17.462	16.612	16.848	415.42	415.34
02:27:13	16.89	16.516	16.594	17.482	16.613	16.844	415.42	415.34
02:28:13	16.89	16.515	16.6	17.505	16.612	16.838	415.42	415.34
02:29:13	16.889	16.516	16.609	17.492	16.612	16.849	415.42	415.34
02:30:13	16.89	16.516	16.591	17.427	16.611	16.847	415.42	415.34
02:31:13	16.89	16.516	16.575	17.364	16.61	16.852	415.42	415.34
02:32:13	16.889	16.515	16.565	17.321	16.612	16.852	415.42	415.34
02:33:13	16.888	16.515	16.548	17.261	16.61	16.852	415.42	415.34
02:34:13	16.89	16.513	16.524	17.174	16.61	16.846	415.42	415.34
02:35:13	16.888	16.511	16.494	17.11	16.61	16.854	415.42	415.34
02:36:13	16.887	16.512	16.48	17.064	16.609	16.85	415.42	415.34
02:37:13	16.888	16.513	16.463	17.033	16.61	16.842	415.42	415.34
02:38:13	16.887	16.512	16.452	17.008	16.609	16.844	415.42	415.34
02:39:13	16.888	16.512	16.439	16.992	16.609	16.855	415.42	415.34
02:40:13	16.888	16.512	16.422	16.969	16.608	16.859	415.42	415.34
02:41:13	16.887	16.512	16.416	16.971	16.608	16.856	415.42	415.34
02:42:13	16.886	16.512	16.429	17.027	16.608	16.855	415.42	415.34
02:43:13	16.888	16.51	16.441	17.086	16.607	16.851	415.42	415.34
02:44:13	16.887	16.509	16.451	17.125	16.606	16.85	415.42	415.34
02:45:13	16.886	16.507	16.463	17.164	16.605	16.847	415.42	415.34
02:46:13	16.887	16.507	16.475	17.204	16.605	16.851	415.42	415.34
02:47:13	16.887	16.506	16.491	17.25	16.605	16.843	415.42	415.34
02:48:13	16.886	16.505	16.505	17.301	16.606	16.843	415.42	415.34
02:49:13	16.885	16.505	16.518	17.343	16.604	16.849	415.42	415.34
02:50:13	16.886	16.505	16.532	17.381	16.604	16.851	415.42	415.34
02:51:13	16.885	16.505	16.552	17.414	16.603	16.849	415.42	415.34
02:52:13	16.885	16.504	16.565	17.449	16.605	16.845	415.42	415.34
02:53:13	16.885	16.502	16.576	17.475	16.602	16.84	415.42	415.34
02:54:13	16.885	16.503	16.586	17.486	16.602	16.842	415.42	415.34
02:55:13	16.885	16.502	16.582	17.429	16.602	16.843	415.42	415.34
02:56:13	16.884	16.5	16.573	17.371	16.601	16.843	415.42	415.34
02:57:15	16.885	16.501	16.566	17.337	16.601	16.843	415.42	415.34
02:58:13	16.884	16.5	16.551	17.272	16.602	16.838	415.42	415.34
02:59:13	16.883	16.5	16.525	17.186	16.601	16.843	415.42	415.34
03:00:13	16.883	16.5	16.506	17.127	16.601	16.849	415.42	415.34
03:01:13	16.883	16.5	16.484	17.081	16.601	16.845	415.42	415.34
03:02:13	16.883	16.5	16.474	17.053	16.602	16.839	415.42	415.34
03:03:13	16.882	16.501	16.46	17.033	16.602	16.849	415.42	415.34
03:04:13	16.884	16.5	16.451	17.003	16.601	16.838	415.42	415.34
03:05:13	16.882	16.502	16.437	16.979	16.602	16.839	415.42	415.34
03:06:13	16.883	16.501	16.428	16.945	16.601	16.848	415.42	415.34
03:07:13	16.882	16.501	16.415	16.932	16.601	16.848	415.42	415.34
03:08:13	16.881	16.502	16.415	16.986	16.602	16.838	415.42	415.34
03:09:13	16.882	16.503	16.424	17.04	16.6	16.834	415.42	415.34
03:10:13	16.882	16.503	16.439	17.094	16.603	16.844	415.42	415.34
03:11:13	16.882	16.501	16.449	17.145	16.601	16.846	415.42	415.34
03:12:13	16.881	16.5	16.463	17.185	16.6	16.844	415.42	415.34
03:13:13	16.882	16.502	16.483	17.234	16.601	16.835	415.42	415.34
03:14:13	16.88	16.5	16.493	17.28	16.599	16.837	415.42	415.34
03:15:13	16.882	16.498	16.516	17.33	16.598	16.846	415.42	415.34
03:16:13	16.881	16.497	16.53	17.375	16.599	16.847	415.42	415.34
03:17:13	16.881	16.498	16.543	17.412	16.599	16.841	415.42	415.34
03:18:13	16.881	16.499	16.561	17.441	16.6	16.832	415.42	415.34
03:19:13	16.882	16.499	16.57	17.467	16.6	16.832	415.42	415.34
03:20:13	16.881	16.5	16.576	17.464	16.601	16.833	415.42	415.34
03:21:13	16.88	16.5	16.575	17.407	16.601	16.837	415.42	415.34
03:22:13	16.88	16.501	16.564	17.359	16.602	16.833	415.42	415.34
03:23:13	16.88	16.501	16.549	17.298	16.601	16.829	415.42	415.34
03:24:13	16.881	16.501	16.525	17.217	16.601	16.837	415.42	415.34
03:25:13	16.879	16.501	16.505	17.146	16.601	16.841	415.42	415.34
03:26:13	16.88	16.5	16.492	17.094	16.6	16.845	415.42	415.34
03:27:13	16.879	16.499	16.473	17.058	16.599	16.833	415.42	415.34
03:28:13	16.88	16.498	16.462	17.031	16.598	16.841	415.42	415.34
03:29:13	16.879	16.497	16.45	17.001	16.599	16.844	415.42	415.34
03:30:13	16.878	16.498	16.429	16.965	16.598	16.838	415.42	415.34
03:31:13	16.879	16.498	16.415	16.97	16.599	16.839	415.42	415.34
03:32:13	16.879	16.497	16.428	17.031	16.599	16.834	415.42	415.34
03:33:14	16.878	16.498	16.438	17.089	16.6	16.837	415.42	415.34
03:34:13	16.879	16.497	16.454	17.139	16.6	16.832	415.42	415.34
03:35:13	16.878	16.498	16.466	17.18	16.6	16.837	415.42	415.34
03:36:13	16.878	16.499	16.482	17.223	16.601	16.833	415.42	415.34
03:37:13	16.878	16.499	16.498	17.275	16.602	16.844	415.42	415.34
03:38:13	16.878	16.499	16.517	17.321	16.603	16.837	415.42	415.34
03:39:13	16.879	16.499	16.531	17.368	16.6	16.842	415.42	415.34
03:40:13	16.878	16.5	16.547	17.41	16.601	16.851	415.42	415.34
03:41:13	16.878	16.501	16.558	17.441	16.601	16.855	415.42	415.34
03:42:13	16.878	16.501	16.57	17.47	16.601	16.839	415.42	415.34
03:43:13	16.878	16.502	16.581	17.492	16.603	16.84	415.42	415.34
03:44:13	16.878	16.502	16.592	17.481	16.601	16.836	415.42	415.34
03:45:13	16.877	16.502	16.581	17.408	16.602	16.834	415.42	415.34
03:46:13	16.877	16.501	16.569	17.353	16.601	16.835	415.42	415.34
03:47:13	16.877	16.501	16.559	17.305	16.603	16.828	415.42	415.34
03:48:13	16.877	16.501	16.535	17.237	16.6	16.837	415.42	415.34
03:49:13	16.876	16.503	16.517	17.171	16.602	16.849	415.42	415.34
03:50:13	16.875	16.504	16.496	17.097	16.6	16.854	415.42	415.34
03:51:13	16.875	16.502	16.478	17.049	16.599	16.855	415.42	415.34
03:52:13	16.876	16.502	16.453	17.016	16.6	16.851	415.42	415.34
03:53:13	16.877	16.502	16.446	17.035	16.599	16.848	415.42	415.34
03:54:13	16.876	16.502	16.455	17.093	16.599	16.848	415.42	415.34
03:55:13	16.876	16.501	16.469	17.142	16.6	16.85	415.42	415.34
03:56:13	16.876	16.5	16.487	17.185	16.6	16.847	415.42	415.34
03:57:13	16.875	16.5	16.503	17.239	16.6	16.846	415.42	415.34
03:58:13	16.875	16.498	16.516	17.286	16.6	16.846	415.42	415.34
03:59:13	16.875	16.498	16.534	17.338	16.599	16.846	415.42	415.34
04:00:13	16.874	16.498	16.549	17.386	16.6	16.849	415.42	415.34
04:01:13	16.875	16.498	16.571	17.434	16.599	16.847	415.42	415.34
04:02:13	16.875	16.497	16.585	17.463	16.599	16.851	415.42	415.34
04:03:13	16.875	16.497	16.592	17.491	16.6	16.847	415.42	415.34
04:04:13	16.874	16.497	16.604	17.49	16.6	16.846	415.42	415.34
04:05:13	16.875	16.496	16.601	17.435	16.601	16.85	415.42	415.34
04:06:13	16.874	16.498	16.589	17.379	16.601	16.853	415.42	415.34
04:07:13	16.875	16.497	16.577	17.329	16.6	16.848	415.42	415.34
04:08:13	16.873	16.498	16.555	17.254	16.601	16.848	415.42	415.34
04:09:13	16.873	16.499	16.529	17.181	16.6	16.85	415.42	415.34
04:10:13	16.873	16.497	16.51	17.111	16.6	16.853	415.42	415.34
04:11:13	16.873	16.498	16.493	17.066	16.599	16.849	415.42	415.34
04:12:13	16.873	16.498	16.465	17.009	16.598	16.835	415.42	415.34
04:13:14	16.872	16.498	16.453	17.004	16.598	16.836	415.42	415.34
04:14:13	16.873	16.498	16.441	17.005	16.598	16.842	415.42	415.34
04:15:13	16.874	16.496	16.453	17.058	16.598	16.832	415.42	415.34
04:16:13	16.873	16.496	16.463	17.109	16.595	16.837	415.42	415.34
04:17:13	16.873	16.494	16.476	17.163	16.597	16.835	415.42	415.34
04:18:13	16.872	16.493	16.491	17.2	16.595	16.826	415.42	415.34
04:19:13	16.872	16.49	16.51	17.255	16.596	16.835	415.42	415.34
04:20:13	16.873	16.49	16.525	17.303	16.596	16.837	415.42	415.34
04:21:13	16.872	16.491	16.543	17.349	16.596	16.845	415.42	415.34
04:22:13	16.872	16.491	16.557	17.396	16.597	16.844	415.42	415.34
04:23:13	16.873	16.492	16.566	17.429	16.597	16.833	415.42	415.34
04:24:13	16.871	16.493	16.578	17.455	16.597	16.829	415.42	415.34
04:25:13	16.872	16.492	16.589	17.478	16.596	16.836	415.42	415.34
04:26:13	16.872	16.492	16.594	17.455	16.598	16.847	415.42	415.34
04:27:13	16.872	16.492	16.587	17.399	16.598	16.849	415.42	415.34
04:28:13	16.872	16.494	16.581	17.357	16.598	16.848	415.42	415.34
04:29:13	16.871	16.493	16.569	17.291	16.597	16.846	415.42	415.34
04:30:13	16.871	16.494	16.542	17.224	16.597	16.841	415.42	415.34
04:31:13	16.871	16.494	16.51	17.145	16.598	16.841	415.42	415.34
04:32:13	16.871	16.496	16.488	17.083	16.598	16.842	415.42	415.34
04:33:13	16.871	16.494	16.473	17.048	16.598	16.843	415.42	415.34
04:34:14	16.871	16.494	16.46	17.024	16.598	16.842	415.42	415.34
04:35:13	16.871	16.495	16.437	16.995	16.598	16.847	415.42	415.34
04:36:14	16.87	16.494	16.448	17.036	16.598	16.841	415.42	415.34
04:37:13	16.87	16.495	16.458	17.089	16.595	16.837	415.42	415.34
04:38:13	16.871	16.496	16.471	17.135	16.596	16.833	415.42	415.34
04:39:13	16.87	16.496	16.485	17.173	16.596	16.83	415.42	415.34
04:40:15	16.87	16.495	16.5	17.224	16.598	16.828	415.42	415.34
04:41:13	16.871	16.494	16.513	17.27	16.597	16.827	415.42	415.34
04:42:13	16.87	16.493	16.527	17.316	16.596	16.839	415.42	415.34
04:43:13	16.87	16.494	16.542	17.357	16.597	16.841	415.42	415.34
04:44:13	16.87	16.494	16.558	17.396	16.599	16.843	415.42	415.34
04:45:13	16.871	16.494	16.571	17.427	16.597	16.85	415.42	415.34
04:46:13	16.871	16.494	16.584	17.456	16.598	16.851	415.42	415.34
04:47:13	16.87	16.496	16.589	17.456	16.598	16.845	415.42	415.34
04:48:13	16.869	16.495	16.584	17.4	16.597	16.84	415.42	415.34
04:49:13	16.869	16.495	16.576	17.343	16.598	16.836	415.42	415.34
04:50:13	16.87	16.496	16.563	17.301	16.598	16.839	415.42	415.34
04:51:13	16.87	16.496	16.542	17.228	16.598	16.846	415.42	415.34
04:52:14	16.869	16.497	16.516	17.139	16.598	16.849	415.42	415.34
04:53:13	16.868	16.498	16.498	17.081	16.599	16.842	415.42	415.34
04:54:14	16.87	16.498	16.478	17.014	16.597	16.834	415.42	415.34
04:55:13	16.87	16.496	16.452	16.975	16.599	16.832	415.42	415.34
04:56:13	16.869	16.496	16.431	16.95	16.599	16.833	415.42	415.34
04:57:13	16.869	16.497	16.421	16.956	16.598	16.838	415.42	415.34
04:58:13	16.869	16.496	16.431	17.013	16.599	16.842	415.42	415.34
04:59:13	16.868	16.498	16.443	17.058	16.599	16.848	415.42	415.34
05:00:13	16.869	16.498	16.456	17.109	16.599	16.85	415.42	415.34
05:01:13	16.869	16.498	16.471	17.156	16.599	16.844	415.42	415.34
05:02:13	16.868	16.497	16.486	17.199	16.598	16.841	415.42	415.34
05:03:13	16.868	16.496	16.499	17.241	16.599	16.84	415.42	415.34
05:04:15	16.868	16.495	16.51	17.286	16.599	16.844	415.42	415.34
05:05:13	16.868	16.496	16.523	17.324	16.599	16.839	415.42	415.34
05:06:13	16.868	16.497	16.54	17.365	16.598	16.841	415.42	415.34
05:07:13	16.868	16.497	16.554	17.396	16.598	16.845	415.42	415.34
05:08:13	16.868	16.498	16.568	17.428	16.599	16.837	415.42	415.34
05:09:13	16.868	16.497	16.58	17.453	16.599	16.838	415.42	415.34
05:10:13	16.868	16.498	16.586	17.452	16.599	16.834	415.42	415.34
05:11:13	16.868	16.498	16.577	17.382	16.599	16.846	415.42	415.34
05:12:13	16.868	16.499	16.568	17.339	16.601	16.845	415.42	415.34
05:13:13	16.869	16.501	16.561	17.286	16.6	16.843	415.42	415.34
05:14:13	16.868	16.502	16.54	17.219	16.601	16.838	415.42	415.34
05:15:13	16.867	16.501	16.51	17.127	16.6	16.835	415.42	415.34
05:16:13	16.868	16.501	16.478	17.064	16.6	16.837	415.42	415.34
05:17:13	16.868	16.501	16.455	17.027	16.599	16.837	415.42	415.34
05:18:13	16.868	16.5	16.441	16.976	16.598	16.836	415.42	415.34
05:19:13	16.868	16.499	16.44	16.99	16.598	16.829	415.42	415.34
05:20:13	16.867	16.497	16.445	17.04	16.597	16.838	415.42	415.34
05:21:13	16.867	16.498	16.458	17.094	16.596	16.836	415.42	415.34
05:22:13	16.866	16.496	16.472	17.141	16.596	16.835	415.42	415.34
05:23:13	16.866	16.495	16.486	17.184	16.595	16.841	415.42	415.34
05:24:13	16.866	16.492	16.498	17.226	16.593	16.846	415.42	415.34
05:25:13	16.867	16.49	16.513	17.27	16.593	16.839	415.42	415.34
05:26:13	16.867	16.488	16.527	17.319	16.593	16.839	415.42	415.34
05:27:13	16.866	16.486	16.543	17.358	16.594	16.834	415.42	415.34
05:28:13	16.866	16.486	16.555	17.393	16.594	16.827	415.42	415.34
05:29:14	16.865	16.485	16.568	17.419	16.595	16.832	415.42	415.34
05:30:13	16.866	16.484	16.577	17.445	16.593	16.829	415.42	415.34
05:31:13	16.865	16.483	16.587	17.44	16.594	16.825	415.42	415.34
05:32:13	16.865	16.483	16.58	17.384	16.593	16.826	415.42	415.34
05:33:13	16.865	16.483	16.571	17.323	16.594	16.84	415.42	415.34
05:34:13	16.865	16.482	16.557	17.267	16.594	16.846	415.42	415.34
05:35:13	16.865	16.484	16.539	17.192	16.593	16.848	415.42	415.34
05:36:13	16.865	16.485	16.517	17.109	16.594	16.849	415.42	415.34
05:37:14	16.864	16.485	16.484	17.048	16.594	16.846	415.42	415.34
05:38:13	16.864	16.484	16.467	16.998	16.592	16.837	415.42	415.34
05:39:13	16.865	16.484	16.437	16.959	16.591	16.829	415.42	415.34
05:40:13	16.864	16.483	16.433	16.96	16.592	16.837	415.42	415.34
05:41:13	16.865	16.484	16.441	17.013	16.592	16.834	415.42	415.34
05:42:13	16.865	16.484	16.451	17.066	16.593	16.834	415.42	415.34
05:43:13	16.864	16.482	16.46	17.11	16.593	16.842	415.42	415.34
05:44:13	16.864	16.483	16.474	17.159	16.594	16.839	415.42	415.34
05:45:13	16.863	16.485	16.488	17.204	16.594	16.827	415.42	415.34
05:46:13	16.863	16.485	16.503	17.25	16.594	16.825	415.42	415.34
05:47:13	16.863	16.486	16.516	17.295	16.593	16.832	415.42	415.34
05:48:13	16.863	16.486	16.531	17.339	16.594	16.832	415.42	415.34
05:49:13	16.862	16.487	16.548	17.375	16.594	16.824	415.42	415.34
05:50:13	16.863	16.487	16.557	17.405	16.594	16.831	415.42	415.34
05:51:13	16.863	16.487	16.571	17.428	16.592	16.823	415.42	415.34
05:52:13	16.863	16.488	16.581	17.444	16.592	16.821	415.42	415.34
05:53:13	16.862	16.487	16.592	17.463	16.592	16.821	415.42	415.34
05:54:13	16.862	16.488	16.599	17.465	16.591	16.822	415.42	415.34
05:55:13	16.862	16.489	16.59	17.412	16.591	16.819	415.42	415.34
05:56:13	16.862	16.488	16.585	17.36	16.593	16.825	415.42	415.34
05:57:13	16.862	0.0	16.577	17.316	16.592	16.835	415.42	415.34
05:58:13	16.862	16.486	16.56	17.243	16.592	16.829	415.42	415.34
05:59:13	16.862	16.485	16.533	17.167	16.592	16.825	415.42	415.34
06:00:13	16.862	16.486	16.518	17.111	16.592	16.823	415.42	415.34
06:01:13	16.861	16.484	16.503	17.085	16.591	16.82	415.42	415.34
06:02:13	16.862	16.485	16.483	17.055	16.591	16.823	415.42	415.34
06:03:13	16.862	16.486	16.472	17.02	16.592	16.822	415.42	415.34
06:04:13	16.862	16.486	16.452	16.981	16.591	16.829	415.42	415.34
06:05:14	16.861	16.485	16.439	16.948	16.59	16.835	415.42	415.34
06:06:13	16.862	16.485	16.419	16.923	16.59	16.836	415.42	415.34
06:07:13	16.861	16.485	16.403	16.921	16.59	16.826	415.42	415.34
06:08:13	16.861	16.483	16.412	16.975	16.588	16.819	415.42	415.34
06:09:13	16.86	16.481	16.43	17.036	16.59	16.816	415.42	415.34
06:10:15	16.861	16.481	16.442	17.083	16.589	16.817	415.42	415.34
06:11:13	16.861	16.48	16.456	17.129	16.588	16.818	415.42	415.34
06:12:13	16.861	16.48	16.472	17.176	16.587	16.824	415.42	415.34
06:13:13	16.86	16.479	16.488	17.222	16.589	16.831	415.42	415.34
06:14:13	16.86	16.481	16.499	17.265	16.589	16.828	415.42	415.34
06:15:13	16.86	16.482	16.513	17.307	16.588	16.825	415.42	415.34
06:16:13	16.859	16.481	16.528	17.347	16.588	16.816	415.42	415.34
06:17:13	16.86	16.481	16.54	17.384	16.589	16.825	415.42	415.34
06:18:13	16.86	16.48	16.552	17.413	16.587	16.819	415.42	415.34
06:19:13	16.859	16.48	16.564	17.434	16.59	16.822	415.42	415.34
06:20:13	16.859	16.481	16.572	17.454	16.589	16.828	415.42	415.34
06:21:13	16.858	16.48	16.583	17.455	16.589	16.829	415.42	415.34
06:22:13	16.859	16.48	16.577	17.401	16.588	16.825	415.42	415.34
06:23:13	16.86	16.481	16.568	17.339	16.589	16.827	415.42	415.34
06:24:13	16.858	16.481	16.55	17.286	16.589	16.821	415.42	415.34
06:25:13	16.858	16.48	16.53	17.204	16.588	16.822	415.42	415.34
06:26:13	16.859	16.48	16.506	17.133	16.588	16.824	415.42	415.34
06:27:13	16.859	16.481	16.484	17.085	16.589	16.822	415.42	415.34
06:28:13	16.859	16.48	16.47	17.053	16.588	16.821	415.42	415.34
06:29:13	16.858	16.479	16.451	17.018	16.585	16.818	415.42	415.34
06:30:13	16.858	16.479	16.442	16.991	16.586	16.815	415.42	415.34
06:31:13	16.858	16.48	16.432	16.976	16.588	16.818	415.42	415.34
06:32:13	16.859	16.479	16.436	17.027	16.587	16.825	415.42	415.34
06:33:13	16.858	16.479	16.448	17.08	16.587	16.82	415.42	415.34
06:34:13	16.857	16.479	16.459	17.134	16.589	16.818	415.42	415.34
06:35:13	16.857	16.479	16.472	17.176	16.588	16.817	415.42	415.34
06:36:13	16.858	16.479	16.487	17.232	16.588	16.822	415.42	415.34
06:37:13	16.858	16.48	16.504	17.282	16.589	16.823	415.42	415.34
06:38:13	16.858	16.479	16.523	17.334	16.589	16.82	415.42	415.34
06:39:13	16.857	16.482	16.537	17.374	16.588	16.818	415.42	415.34
06:40:13	16.858	16.481	16.55	17.405	16.589	16.819	415.42	415.34
06:41:13	16.856	16.48	16.56	17.429	16.589	16.818	415.42	415.34
06:42:13	16.857	16.481	16.574	17.453	16.588	16.817	415.42	415.34
06:43:14	16.857	16.482	16.574	17.425	16.588	16.817	415.42	415.34
06:44:13	16.857	16.483	16.559	17.345	16.589	16.819	415.42	415.34
06:45:13	16.856	16.482	16.545	17.289	16.588	16.823	415.42	415.34
06:46:13	16.856	16.481	16.532	17.23	16.588	16.821	415.42	415.34
06:47:13	16.855	16.482	16.509	17.158	16.588	16.819	415.42	415.34
06:48:13	16.856	16.482	16.491	17.104	16.587	16.82	415.42	415.34
06:49:13	16.857	16.482	16.473	17.059	16.587	16.824	415.42	415.34
06:50:13	16.856	16.482	16.463	17.038	16.587	16.828	415.42	415.34
06:51:13	16.857	16.482	16.452	17.014	16.586	16.837	415.42	415.34
06:52:13	16.855	16.482	16.437	17.0	16.587	16.825	415.42	415.34
06:53:14	16.855	16.481	16.425	16.972	16.586	16.812	415.42	415.34
06:54:13	16.856	16.48	16.413	16.955	16.586	16.812	415.42	415.34
06:55:13	16.856	16.478	16.415	16.977	16.585	16.816	415.42	415.34
06:56:13	16.854	16.476	16.422	17.039	16.585	16.823	415.42	415.34
06:57:13	16.855	16.476	16.43	17.091	16.584	16.832	415.42	415.34
06:58:13	16.855	16.475	16.446	17.136	16.585	16.824	415.42	415.34
06:59:13	16.854	16.476	16.463	17.19	16.586	16.822	415.42	415.34
07:00:13	16.855	16.476	16.477	17.238	16.585	16.818	415.42	415.34
07:01:13	16.854	16.476	16.493	17.289	16.585	16.816	415.42	415.34
07:02:13	16.855	16.476	16.508	17.336	16.588	16.821	415.42	415.34
07:03:13	16.854	16.475	16.526	17.376	16.586	16.819	415.42	415.34
07:04:13	16.854	16.474	16.541	17.409	16.586	16.815	415.42	415.34
07:05:13	16.854	16.475	16.553	17.432	16.586	16.822	415.42	415.34
07:06:13	16.854	16.475	16.562	17.445	16.585	16.818	415.42	415.34
07:07:13	16.854	16.475	16.56	17.394	16.586	16.816	415.42	415.34
07:08:13	16.854	16.475	16.545	17.319	16.587	16.817	415.42	415.34
07:09:13	16.853	16.475	16.527	17.27	16.584	16.816	415.42	415.34
07:10:13	16.853	16.474	16.51	17.242	16.585	16.821	415.42	415.34
07:11:13	16.852	16.475	16.507	17.183	16.584	16.816	415.42	415.34
07:12:13	16.852	16.474	16.49	17.123	16.585	16.816	415.42	415.34
07:13:13	16.853	16.474	16.466	17.071	16.585	16.82	415.42	415.34
07:14:13	16.852	16.474	16.455	17.041	16.586	16.82	415.42	415.34
07:15:13	16.853	16.473	16.444	17.024	16.587	16.825	415.42	415.34
07:16:13	16.852	16.474	16.428	17.005	16.586	16.818	415.42	415.34
07:17:13	16.853	16.473	16.43	17.011	16.585	16.817	415.42	415.34
07:18:13	16.852	16.474	16.425	17.025	16.585	16.811	415.42	415.34
07:19:13	16.852	16.474	16.437	17.079	16.585	16.808	415.42	415.34
07:20:13	16.852	16.473	16.45	17.121	16.584	16.81	415.42	415.34
07:21:13	16.852	16.474	16.463	17.166	16.583	16.814	415.42	415.34
07:22:13	16.851	16.475	16.479	17.211	16.585	16.824	415.42	415.34
07:23:13	16.852	16.474	16.494	17.261	16.585	16.821	415.42	415.34
07:24:13	16.852	16.474	16.51	17.301	16.585	16.818	415.42	415.34
07:25:13	16.852	16.475	16.523	17.347	16.586	16.815	415.42	415.34
07:26:14	16.851	16.476	16.538	17.375	16.586	16.816	415.42	415.34
07:27:13	16.852	16.476	16.546	17.404	16.585	16.815	415.42	415.34
07:28:14	16.852	16.476	16.559	17.429	16.584	16.817	415.42	415.34
07:29:13	16.852	16.477	16.568	17.439	16.585	16.822	415.42	415.34
07:30:13	16.851	16.477	16.563	17.372	16.585	16.815	415.42	415.34
07:31:13	16.852	16.477	16.551	17.316	16.585	16.815	415.42	415.34
07:32:13	16.852	16.478	16.533	17.247	16.587	16.824	415.42	415.34
07:33:16	16.852	16.477	16.509	17.185	16.586	16.828	415.42	415.34
07:34:13	16.851	16.478	16.497	17.149	16.587	16.833	415.42	415.34
07:35:13	16.851	16.477	16.497	17.126	16.584	16.822	415.42	415.34
07:36:13	16.85	16.477	16.491	17.097	16.584	16.816	415.42	415.34
07:37:13	16.849	16.476	16.478	17.079	16.587	16.825	415.42	415.34
07:38:13	16.851	16.477	16.459	17.056	16.585	16.815	415.42	415.34
07:39:13	16.85	16.477	16.446	17.017	16.586	16.823	415.42	415.34
07:40:13	16.851	16.477	16.43	17.006	16.584	16.821	415.42	415.34
07:41:13	16.851	16.476	16.425	16.982	16.585	16.82	415.42	415.34
07:42:13	16.849	16.477	16.409	16.961	16.584	16.823	415.42	415.34
07:43:13	16.85	16.477	16.402	16.947	16.585	16.83	415.42	415.34
07:44:13	16.85	16.476	16.389	16.935	16.584	16.828	415.42	415.34
07:45:13	16.849	16.476	16.404	16.993	16.585	16.837	415.42	415.34
07:46:13	16.848	16.478	16.417	17.043	16.586	16.836	415.42	415.34
07:47:13	16.849	16.477	16.428	17.1	16.587	16.83	415.42	415.34
07:48:13	16.849	16.478	16.443	17.152	16.586	16.83	415.42	415.34
07:49:13	16.849	16.479	16.461	17.2	16.588	16.831	415.42	415.34
07:50:14	16.848	16.478	16.474	17.249	16.586	16.822	415.42	415.34
07:51:13	16.85	16.479	16.486	17.296	16.586	16.828	415.42	415.34
07:52:13	16.849	16.479	16.505	17.334	16.586	16.823	415.42	415.34
07:53:13	16.849	16.48	16.518	17.372	16.585	16.814	415.42	415.34
07:54:13	16.849	16.479	16.53	17.395	16.584	16.812	415.42	415.34
07:55:13	16.848	16.479	16.542	17.421	16.584	16.819	415.42	415.34
07:56:13	16.848	16.479	16.561	17.439	16.585	16.818	415.42	415.34
07:57:14	16.849	16.478	16.559	17.422	16.584	16.815	415.42	415.34
07:58:13	16.848	16.477	16.544	17.354	16.584	16.825	415.42	415.34
07:59:13	16.848	16.476	16.534	17.289	16.586	16.833	415.42	415.34
08:00:13	16.849	16.478	16.526	17.237	16.586	16.818	415.42	415.34
08:01:13	16.848	16.477	16.515	17.185	16.586	16.822	415.42	415.34
08:02:13	16.848	16.477	16.491	17.126	16.587	16.826	415.42	415.34
08:03:13	16.848	16.478	16.467	17.075	16.586	16.827	415.42	415.34
08:04:13	16.847	16.478	16.454	17.045	16.586	16.821	415.42	415.34
08:05:13	16.847	16.479	16.449	17.039	16.585	16.828	415.42	415.34
08:06:13	16.848	16.477	16.437	17.039	16.585	16.833	415.42	415.34
08:07:13	16.848	16.478	16.435	17.034	16.585	16.827	415.42	415.34
08:08:13	16.847	16.479	16.438	17.03	16.587	16.833	415.42	415.34
08:09:13	16.847	16.479	16.424	16.996	16.587	16.836	415.42	415.34
08:10:13	16.847	16.48	16.412	16.987	16.588	16.838	415.42	415.34
08:11:13	16.847	16.48	16.409	16.974	16.587	16.824	415.42	415.34
08:12:13	16.846	16.481	16.392	16.938	16.586	16.818	415.42	415.34
08:13:13	16.847	16.481	16.383	16.947	16.587	16.813	415.42	415.34
08:14:13	16.847	16.48	16.397	17.002	16.585	16.815	415.42	415.34
08:15:13	16.846	16.48	16.402	17.052	16.587	16.822	415.42	415.34
08:16:13	16.847	16.48	16.417	17.107	16.585	16.824	415.42	415.34
08:17:13	16.847	16.477	16.43	17.152	16.582	16.819	415.42	415.34
08:18:13	16.846	16.475	16.448	17.204	16.581	16.817	415.42	415.34
08:19:13	16.846	16.473	16.465	17.257	16.582	16.824	415.42	415.34
08:20:13	16.845	16.47	16.482	17.306	16.581	16.831	415.42	415.34
08:21:13	16.845	16.471	16.498	17.345	16.581	16.829	415.42	415.34
08:22:13	16.844	16.468	16.517	17.373	16.582	16.828	415.42	415.34
08:23:13	16.845	16.469	16.53	17.402	16.579	16.825	415.42	415.34
08:24:13	16.845	16.47	16.539	17.429	16.582	16.831	415.42	415.34
08:25:13	16.845	16.472	16.551	17.451	16.586	16.823	415.42	415.34
08:26:13	16.844	16.474	16.556	17.466	16.585	16.829	415.42	415.34
08:27:13	16.844	16.474	16.565	17.469	16.584	16.826	415.42	415.34
08:28:13	16.844	16.473	16.564	17.4	16.583	16.815	415.42	415.34
08:29:13	16.844	16.471	16.55	17.346	16.584	16.819	415.42	415.34
08:30:13	16.843	16.472	16.535	17.292	16.583	16.821	415.42	415.34
08:31:13	16.843	16.471	16.515	17.217	16.583	16.817	415.42	415.34
08:32:13	16.844	16.47	16.491	17.145	16.581	16.815	415.42	415.34
08:33:13	16.844	16.47	16.464	17.075	16.58	16.819	415.42	415.34
08:34:13	16.843	16.469	16.442	17.031	16.582	16.812	415.42	415.34
08:35:13	16.844	16.469	16.432	17.011	16.581	16.811	415.42	415.34
08:36:13	16.843	16.468	16.421	16.972	16.581	16.808	415.42	415.34
08:37:13	16.844	16.468	16.408	16.946	16.581	16.806	415.42	415.34
08:38:13	16.843	16.467	16.389	16.921	16.58	16.814	415.42	415.34
08:39:13	16.843	16.466	16.393	16.963	16.58	16.821	415.42	415.34
08:40:13	16.843	16.466	16.406	17.022	16.58	16.816	415.42	415.34
08:41:13	16.843	16.465	16.423	17.078	16.581	16.807	415.42	415.34
08:42:13	16.843	16.466	16.43	17.111	16.58	16.806	415.42	415.34
08:43:13	16.842	16.467	16.444	17.16	16.581	16.82	415.42	415.34
08:44:13	16.841	16.467	16.452	17.195	16.582	16.819	415.42	415.34
08:45:13	16.842	16.469	16.469	17.236	16.581	16.821	415.42	415.34
08:46:13	16.842	16.468	16.485	17.281	16.58	16.82	415.42	415.34
08:47:13	16.842	16.468	16.497	17.324	16.581	16.809	415.42	415.34
08:48:13	16.842	16.468	16.509	17.355	16.581	16.806	415.42	415.34
08:49:13	16.841	16.468	16.524	17.384	16.58	16.82	415.42	415.34
08:50:13	16.842	16.469	16.541	17.411	16.582	16.82	415.42	415.34
08:51:13	16.841	16.468	16.55	17.432	16.581	16.823	415.42	415.34
08:52:13	16.841	16.468	16.565	17.439	16.578	16.819	415.42	415.34
08:53:13	16.841	16.468	16.57	17.445	16.579	16.819	415.42	415.34
08:54:13	16.841	16.468	16.564	17.388	16.578	16.819	415.42	415.34
08:55:13	16.841	16.465	16.545	17.313	16.578	16.809	415.42	415.34
08:56:13	16.841	16.463	16.531	17.252	16.578	16.808	415.42	415.34
08:57:13	16.841	16.463	16.512	17.19	16.577	16.811	415.42	415.34
08:58:13	16.84	16.462	16.496	17.145	16.578	16.814	415.42	415.34
08:59:13	16.841	16.463	16.472	17.085	16.579	16.816	415.42	415.34
09:00:13	16.84	16.464	16.456	17.033	16.581	16.818	415.42	415.34
09:01:13	16.839	16.464	16.433	17.006	16.579	16.817	415.42	415.34
09:02:13	16.841	16.462	16.421	16.978	16.579	16.824	415.42	415.34
09:03:13	16.839	16.463	16.41	16.953	16.579	16.823	415.42	415.34
09:04:14	16.839	16.463	16.418	16.996	16.578	16.827	415.42	415.34
09:05:13	16.84	16.463	16.423	17.053	16.577	16.819	415.42	415.34
09:06:13	16.84	16.462	16.433	17.091	16.578	16.823	415.42	415.34
09:07:13	16.84	16.465	16.45	17.15	16.579	16.822	415.42	415.34
09:08:13	16.84	16.463	16.463	17.189	16.578	16.825	415.42	415.34
09:09:13	16.84	16.463	16.478	17.24	16.578	16.824	415.42	415.34
09:10:13	16.838	16.463	16.49	17.284	16.579	16.817	415.42	415.34
09:11:13	16.837	16.463	16.504	17.326	16.58	16.816	415.42	415.34
09:12:13	16.839	16.462	16.52	17.367	16.58	16.812	415.42	415.34
09:13:14	16.839	16.464	16.535	17.399	16.578	16.814	415.42	415.34
09:14:13	16.839	16.462	16.547	17.42	16.579	16.818	415.42	415.34
09:15:13	16.839	16.463	16.557	17.44	16.579	16.81	415.42	415.34
09:16:13	16.837	16.465	16.565	17.446	16.579	16.817	415.42	415.34
09:17:13	16.838	16.464	16.564	17.414	16.578	16.81	415.42	415.34
09:18:13	16.838	16.465	16.553	17.346	16.579	16.818	415.42	415.34
09:19:13	16.838	16.465	16.536	17.283	16.578	16.825	415.42	415.34
09:20:13	16.837	16.465	16.52	17.215	16.577	16.83	415.42	415.34
09:21:13	16.838	16.464	16.501	17.153	16.578	16.827	415.42	415.34
09:22:13	16.838	16.465	16.491	17.115	16.579	16.818	415.42	415.34
09:23:13	16.836	16.464	16.472	17.069	16.578	16.822	415.42	415.34
09:24:13	16.837	16.464	16.452	17.049	16.577	16.822	415.42	415.34
09:25:13	16.837	16.463	16.43	17.009	16.577	16.82	415.42	415.34
09:26:13	16.837	16.462	16.42	16.98	16.576	16.815	415.42	415.34
09:27:13	16.837	16.464	16.418	16.988	16.576	16.817	415.42	415.34
09:28:13	16.838	16.462	16.429	17.04	16.576	16.821	415.42	415.34
09:29:13	16.836	16.462	16.441	17.093	16.576	16.81	415.42	415.34
09:30:13	16.836	16.463	16.452	17.149	16.578	16.816	415.42	415.34
09:31:13	16.837	16.463	16.468	17.202	16.577	16.817	415.42	415.34
09:32:13	16.837	16.46	16.482	17.261	16.577	16.81	415.42	415.34
09:33:13	16.836	16.459	16.5	17.308	16.576	16.802	415.42	415.34
09:34:13	16.837	16.461	16.514	17.353	16.576	16.804	415.42	415.34
09:35:13	16.837	16.46	16.526	17.384	16.577	16.802	415.42	415.34
09:36:13	16.836	16.459	16.539	17.411	16.578	16.806	415.42	415.34
09:37:13	16.836	16.46	16.551	17.433	16.577	16.803	415.42	415.34
09:38:13	16.835	16.459	16.56	17.444	16.576	16.805	415.42	415.34
09:39:13	16.834	16.456	16.566	17.459	16.574	16.797	415.42	415.34
09:40:13	16.835	16.455	16.568	17.425	16.574	16.797	415.42	415.34
09:41:13	16.835	16.455	16.556	17.332	16.574	16.799	415.42	415.34
09:42:13	16.835	16.453	16.54	17.254	16.575	16.805	415.42	415.34
09:43:13	16.834	16.455	16.529	17.208	16.575	16.807	415.42	415.34
09:44:13	16.834	16.454	16.505	17.156	16.575	16.812	415.42	415.34
09:45:13	16.833	16.456	16.49	17.119	16.575	16.805	415.42	415.34
09:46:13	16.834	16.456	16.477	17.101	16.575	16.809	415.42	415.34
09:47:13	16.835	16.457	16.464	17.084	16.578	16.807	415.42	415.34
09:48:13	16.834	16.458	16.456	17.058	16.581	16.805	415.42	415.34
09:49:13	16.834	16.459	16.446	17.033	16.578	16.807	415.42	415.34
09:50:13	16.833	16.46	16.427	16.999	16.577	16.81	415.42	415.34
09:51:13	16.835	16.459	16.416	16.974	16.575	16.817	415.42	415.34
09:52:13	16.834	16.461	16.412	16.969	16.575	16.81	415.42	415.34
09:53:13	16.833	16.46	16.415	17.023	16.575	16.817	415.42	415.34
09:54:13	16.832	16.46	16.425	17.067	16.575	16.817	415.42	415.34
09:55:13	16.833	16.459	16.436	17.11	16.575	16.822	415.42	415.34
09:56:13	16.833	16.458	16.449	17.153	16.573	16.819	415.42	415.34
09:57:13	16.833	16.457	16.465	17.202	16.572	16.819	415.42	415.34
09:58:13	16.834	16.455	16.48	17.25	16.572	16.816	415.42	415.34
09:59:15	16.833	16.454	16.498	17.299	16.572	16.819	415.42	415.34
10:00:13	16.832	16.454	16.513	17.334	16.572	16.81	415.42	415.34
10:01:13	16.832	16.453	16.529	17.374	16.573	16.807	415.42	415.34
10:02:13	16.833	16.454	16.542	17.397	16.575	16.812	415.42	415.34
10:03:14	16.832	16.455	16.55	17.419	16.574	16.809	415.42	415.34
10:04:14	16.832	16.453	16.564	17.428	16.574	16.808	415.42	415.34
10:05:14	16.832	16.453	16.57	17.437	16.573	16.804	415.42	415.34
10:06:14	16.832	16.453	16.577	17.444	16.571	16.815	415.42	415.34
10:07:14	16.832	16.451	16.565	17.366	16.574	16.824	415.42	415.34
10:08:14	16.832	16.452	16.549	17.307	16.572	16.816	415.42	415.34
10:09:14	16.831	16.452	16.532	17.237	16.573	16.809	415.42	415.34
10:10:14	16.832	16.451	16.518	17.174	16.571	16.804	415.42	415.34
10:11:14	16.831	16.454	16.504	17.138	16.573	16.803	415.42	415.34
10:12:14	16.831	16.453	16.493	17.117	16.575	16.812	415.42	415.34
10:13:14	16.831	16.454	16.478	17.065	16.574	16.808	415.42	415.34
10:14:14	16.832	16.455	16.465	17.032	16.574	16.806	415.42	415.34
10:15:14	16.83	16.455	16.467	17.083	16.574	16.806	415.42	415.34
10:16:14	16.83	16.455	16.473	17.12	16.575	16.805	415.42	415.34
10:17:14	16.831	16.456	16.466	17.106	16.574	16.818	415.42	415.34
10:18:14	16.831	16.457	16.448	17.049	16.576	16.821	415.42	415.34
10:19:14	16.831	16.457	16.43	16.994	16.574	16.816	415.42	415.34
10:20:14	16.831	16.457	16.415	16.952	16.575	16.815	415.42	415.34
10:21:14	16.831	16.458	16.416	16.988	16.576	16.818	415.42	415.34
10:22:14	16.831	16.457	16.427	17.043	16.575	16.82	415.42	415.34
10:23:14	16.83	16.459	16.441	17.113	16.573	16.817	415.42	415.34
10:24:14	16.831	16.458	16.462	17.177	16.574	16.81	415.42	415.34
10:25:14	16.83	16.458	16.481	17.232	16.575	16.808	415.42	415.34
10:26:14	16.83	16.459	16.498	17.283	16.574	16.804	415.42	415.34
10:27:14	16.831	16.461	16.511	17.322	16.576	16.806	415.42	415.34
10:28:14	16.83	16.462	16.525	17.354	16.576	16.81	415.42	415.34
10:29:14	16.831	16.461	16.538	17.376	16.576	16.814	415.42	415.34
10:30:14	16.831	16.46	16.548	17.397	16.577	16.807	415.42	415.34
10:31:14	16.83	16.459	16.558	17.418	16.575	16.803	415.42	415.34
10:32:14	16.831	16.46	16.566	17.434	16.576	16.805	415.42	415.34
10:33:14	16.83	16.46	16.574	17.448	16.578	16.806	415.42	415.34
10:34:14	16.83	16.461	16.576	17.408	16.578	16.8	415.42	415.34
10:35:14	16.829	16.462	16.559	17.312	16.578	16.8	415.42	415.34
10:36:14	16.83	16.463	16.541	17.258	16.577	16.806	415.42	415.34
10:37:14	16.83	16.464	16.535	17.241	16.578	16.808	415.42	415.34
10:38:14	16.83	16.465	16.534	17.245	16.578	16.809	415.42	415.34
10:39:14	16.83	16.465	16.532	17.232	16.579	16.809	415.42	415.34
10:40:14	16.83	16.465	16.518	17.189	16.578	16.814	415.42	415.34
10:41:14	16.829	16.464	16.498	17.137	16.577	16.815	415.42	415.34
10:42:14	16.829	16.465	16.475	17.071	16.578	16.811	415.42	415.34
10:43:14	16.829	16.463	16.465	17.049	16.578	16.805	415.42	415.34
10:44:14	16.828	16.464	16.457	17.023	16.578	16.81	415.42	415.34
10:45:14	16.829	16.464	16.444	16.991	16.578	16.803	415.42	415.34
10:46:14	16.83	16.463	16.423	16.957	16.577	16.808	415.42	415.34
10:47:14	16.828	16.464	16.415	16.944	16.577	16.818	415.42	415.34
10:48:14	16.83	16.464	16.413	16.94	16.577	16.822	415.42	415.34
10:49:14	16.829	16.464	16.388	16.915	16.577	16.822	415.42	415.34
10:50:14	16.83	16.463	16.383	16.931	16.577	16.813	415.42	415.34
10:51:14	16.829	16.463	16.394	16.985	16.576	16.809	415.42	415.34
10:52:14	16.829	16.462	16.407	17.035	16.574	16.811	415.42	415.34
10:53:14	16.83	16.463	16.422	17.084	16.577	16.813	415.42	415.34
10:54:14	16.829	16.462	16.436	17.13	16.576	16.811	415.42	415.34
10:55:14	16.829	16.462	16.449	17.178	16.578	16.815	415.42	415.34
10:56:14	16.829	16.461	16.466	17.229	16.576	16.812	415.42	415.34
10:57:14	16.828	16.461	16.48	17.275	16.576	16.82	415.42	415.34
10:58:14	16.829	16.46	16.493	17.307	16.574	16.821	415.42	415.34
10:59:14	16.828	16.46	16.508	17.335	16.573	16.811	415.42	415.34
11:00:14	16.828	16.458	16.52	17.362	16.574	16.806	415.42	415.34
11:01:14	16.828	16.459	16.536	17.384	16.573	16.804	415.42	415.34
11:02:14	16.828	16.459	16.543	17.401	16.575	16.808	415.42	415.34
11:03:14	16.829	16.459	16.554	17.412	16.576	16.805	415.42	415.34
11:04:14	16.828	16.458	16.553	17.384	16.575	16.808	415.42	415.34
11:05:14	16.828	16.458	16.541	17.313	16.576	16.81	415.42	415.34
11:06:14	16.829	16.456	16.531	17.245	16.574	16.803	415.42	415.34
11:07:14	16.829	16.454	16.501	17.183	16.574	16.799	415.42	415.34
11:08:14	16.829	16.455	16.486	17.128	16.573	16.796	415.42	415.34
11:09:14	16.829	16.454	16.469	17.081	16.574	16.804	415.42	415.34
11:10:16	16.827	16.454	16.457	17.059	16.573	16.801	415.42	415.34
11:11:14	16.829	16.454	16.45	17.05	16.575	16.799	415.42	415.34
11:12:14	16.828	16.455	16.441	17.019	16.577	16.803	415.42	415.34
11:13:14	16.828	16.457	16.425	16.982	16.578	16.807	415.42	415.34
11:14:14	16.827	16.457	16.416	16.987	16.577	16.809	415.42	415.34
11:15:15	16.828	16.456	16.426	17.036	16.576	16.807	415.42	415.34
11:16:14	16.828	16.457	16.434	17.082	16.575	16.813	415.42	415.34
11:17:14	16.827	16.458	16.448	17.133	16.574	16.812	415.42	415.34
11:18:14	16.828	16.459	16.467	17.193	16.575	16.812	415.42	415.34
11:19:14	16.827	16.459	16.482	17.242	16.575	16.806	415.42	415.34
11:20:14	16.827	16.46	16.499	17.288	16.575	16.804	415.42	415.34
11:21:14	16.828	16.459	16.511	17.323	16.575	16.811	415.42	415.34
11:22:14	16.828	16.459	16.521	17.355	16.574	16.811	415.42	415.34
11:23:14	16.828	16.458	16.535	17.381	16.572	16.802	415.42	415.34
11:24:14	16.827	16.456	16.546	17.401	16.572	16.8	415.42	415.34
11:25:14	16.827	16.456	16.557	17.418	16.572	16.799	415.42	415.34
11:26:14	16.827	16.455	16.566	17.43	16.574	16.8	415.42	415.34
11:27:14	16.827	16.455	16.574	17.441	16.575	16.804	415.42	415.34
11:28:14	16.826	16.455	16.571	17.404	16.573	16.81	415.42	415.34
11:29:14	16.825	16.453	16.548	17.285	16.574	16.81	415.42	415.34
11:30:14	16.826	16.453	16.516	17.194	16.575	16.813	415.42	415.34
11:31:14	16.827	16.455	16.5	17.15	16.574	16.811	415.42	415.34
11:32:14	16.826	16.455	16.48	17.115	16.573	16.806	415.42	415.34
11:33:14	16.826	16.454	16.464	17.068	16.57	16.802	415.42	415.34
11:34:14	16.826	16.452	16.458	17.052	16.57	16.797	415.42	415.34
11:35:14	16.825	16.451	16.47	17.093	16.568	16.796	415.42	415.34
11:36:14	16.825	16.45	16.477	17.129	16.569	16.798	415.42	415.34
11:37:14	16.826	16.451	16.462	17.096	16.571	16.806	415.42	415.34
11:38:14	16.825	16.451	16.453	17.054	16.572	16.815	415.42	415.34
11:39:14	16.825	16.449	16.439	17.01	16.573	16.806	415.42	415.34
11:40:14	16.825	16.451	16.428	17.007	16.574	16.801	415.42	415.34
11:41:14	16.825	16.451	16.437	17.045	16.572	16.797	415.42	415.34
11:42:14	16.825	16.452	16.452	17.114	16.572	16.805	415.42	415.34
11:43:14	16.825	16.452	16.471	17.187	16.572	16.81	415.42	415.34
11:44:14	16.825	16.452	16.486	17.251	16.572	16.815	415.42	415.34
11:45:14	16.824	16.453	16.503	17.291	16.572	16.82	415.42	415.34
11:46:14	0.0	16.452	16.516	17.332	16.572	16.821	415.42	415.34
11:47:14	16.826	16.452	16.53	17.361	16.571	16.822	415.42	415.34
11:48:14	16.825	16.452	16.548	17.382	16.572	16.807	415.42	415.34
11:49:14	16.824	16.451	16.555	17.4	16.572	16.799	415.42	415.34
11:50:14	16.824	16.452	16.571	17.42	16.572	16.8	415.42	415.34
11:51:15	16.825	16.453	16.579	17.431	16.572	16.8	415.42	415.34
11:52:14	16.825	16.454	16.568	17.358	16.571	16.799	415.42	415.34
11:53:15	16.824	16.454	16.54	17.259	16.573	16.806	415.42	415.34
11:54:14	16.825	16.454	16.523	17.204	16.572	16.815	415.42	415.34
11:55:14	16.825	16.455	16.518	17.185	16.575	16.817	415.42	415.34
11:56:14	16.824	16.455	16.5	17.144	16.573	16.808	415.42	415.34
11:57:14	16.824	16.456	16.489	17.107	16.574	16.808	415.42	415.34
11:58:14	16.825	16.457	16.474	17.085	16.572	16.809	415.42	415.34
11:59:14	16.824	16.456	16.469	17.078	16.571	16.811	415.42	415.34
12:00:14	16.824	16.456	16.465	17.068	16.572	16.81	415.42	415.34
12:01:14	16.823	16.456	16.463	17.054	16.571	16.804	415.42	415.34
12:02:14	16.825	16.457	16.455	17.015	16.573	16.811	415.42	415.34
12:03:14	16.824	16.456	16.431	16.984	16.571	16.811	415.42	415.34
12:04:14	16.824	16.455	16.421	17.001	16.572	16.818	415.42	415.34
12:05:14	16.824	16.457	16.431	17.054	16.573	16.818	415.42	415.34
12:06:14	16.824	16.456	16.444	17.096	16.574	16.81	415.42	415.34
12:07:14	16.824	16.458	16.46	17.153	16.573	16.807	415.42	415.34
12:08:14	16.824	16.458	16.475	17.206	16.574	16.816	415.42	415.34
12:09:14	16.824	16.458	16.489	17.25	16.573	16.814	415.42	415.34
12:10:14	16.823	16.456	16.506	17.282	16.573	16.81	415.42	415.34
12:11:14	16.823	16.456	16.514	17.316	16.572	16.812	415.42	415.34
12:12:14	16.823	16.456	16.525	17.344	16.573	16.808	415.42	415.34
12:13:14	16.823	16.456	16.535	17.371	16.572	16.815	415.42	415.34
12:14:14	16.823	16.455	16.547	17.385	16.572	16.816	415.42	415.34
12:15:14	16.823	16.454	16.558	17.4	16.571	16.81	415.42	415.34
12:16:14	16.823	16.454	16.571	17.414	16.571	16.802	415.42	415.34
12:17:14	16.823	16.453	16.58	17.429	16.571	16.799	415.42	415.34
12:18:14	16.823	16.452	16.588	17.442	16.571	16.807	415.42	415.34
12:19:14	16.823	16.451	16.594	17.45	16.571	16.805	415.42	415.34
12:20:14	16.824	16.449	16.607	17.454	16.568	16.797	415.42	415.34
12:21:14	16.823	16.447	16.614	17.468	16.569	16.794	415.42	415.34
12:22:14	16.822	16.446	16.619	17.478	16.57	16.802	415.42	415.34
12:23:14	16.823	16.446	16.627	17.486	16.571	16.802	415.42	415.34
12:24:14	16.822	16.448	16.63	17.496	16.572	16.805	415.42	415.34
12:25:14	16.822	16.448	16.638	17.503	16.571	16.805	415.42	415.34
12:26:14	16.822	16.447	16.641	17.506	16.572	16.802	415.42	415.34
12:27:14	16.823	16.449	16.649	17.512	16.571	16.804	415.42	415.34
12:28:14	16.822	16.45	16.656	17.52	16.572	16.799	415.42	415.34
12:29:14	16.823	16.451	16.666	17.523	16.574	16.805	415.42	415.34
12:30:14	16.823	16.451	16.67	17.53	16.574	16.815	415.42	415.34
12:31:14	16.823	16.452	16.678	17.534	16.572	16.807	415.42	415.34
12:32:14	16.822	16.453	16.681	17.538	16.574	16.798	415.42	415.34
12:33:14	16.822	16.454	16.69	17.548	16.576	16.804	415.42	415.34
12:34:14	16.822	16.455	16.692	17.553	16.575	16.804	415.42	415.34
12:35:14	16.823	16.456	16.696	17.558	16.576	16.798	415.42	415.34
12:36:14	16.822	16.457	16.704	17.556	16.576	16.798	415.42	415.34
12:37:14	16.822	16.458	16.708	17.56	16.575	16.801	415.42	415.34
12:38:14	16.822	16.458	16.713	17.563	16.574	16.799	415.42	415.34
12:39:14	16.822	16.46	16.722	17.564	16.575	16.803	415.42	415.34
12:40:14	16.821	16.46	16.72	17.564	16.578	16.803	415.42	415.34
12:41:14	16.823	16.462	16.705	17.48	16.577	16.8	415.42	415.34
12:42:14	16.823	16.462	16.678	17.39	16.576	16.8	415.42	415.34
12:43:14	16.822	16.463	16.648	17.308	16.576	16.804	415.42	415.34
12:44:14	16.823	16.461	16.625	17.239	16.577	16.807	415.42	415.34
12:45:14	16.822	16.463	16.59	17.178	16.578	16.799	415.42	415.34
12:46:14	16.823	16.463	16.579	17.139	16.577	16.804	415.42	415.34
12:47:14	16.823	16.464	16.549	17.081	16.579	16.809	415.42	415.34
12:48:14	16.823	16.464	16.531	17.063	16.579	16.811	415.42	415.34
12:49:14	16.823	16.464	16.513	17.043	16.58	16.812	415.42	415.34
12:50:15	16.823	16.463	16.505	17.031	16.58	16.809	415.42	415.34
12:51:14	16.823	16.464	16.5	17.02	16.58	16.809	415.42	415.34
12:52:14	16.824	16.465	16.489	16.996	16.579	16.803	415.42	415.34
12:53:14	16.824	16.464	16.467	16.973	16.578	16.807	415.42	415.34
12:54:14	16.824	16.464	16.462	16.987	16.578	16.81	415.42	415.34
12:55:14	16.824	16.464	16.467	17.041	16.577	16.811	415.42	415.34
12:56:14	16.823	16.462	16.482	17.088	16.577	16.818	415.42	415.34
12:57:14	16.823	16.464	16.493	17.134	16.58	16.82	415.42	415.34
12:58:14	16.825	16.465	16.503	17.168	16.578	16.817	415.42	415.34
12:59:14	16.824	16.464	16.512	17.206	16.578	16.817	415.42	415.34
13:00:14	16.824	16.462	16.527	17.246	16.579	16.808	415.42	415.34
13:01:14	16.824	16.464	16.542	17.284	16.579	16.812	415.42	415.34
13:02:14	16.823	16.463	16.555	17.316	16.579	16.818	415.42	415.34
13:03:14	16.825	16.464	16.569	17.348	16.579	16.816	415.42	415.34
13:04:14	16.823	16.463	16.577	17.371	16.578	16.811	415.42	415.34
13:05:14	16.824	16.463	16.588	17.397	16.58	16.811	415.42	415.34
13:06:14	16.825	16.461	16.596	17.42	16.581	16.812	415.42	415.34
13:07:14	16.824	16.463	16.606	17.439	16.578	16.817	415.42	415.34
13:08:14	16.824	16.462	16.618	17.449	16.579	16.819	415.42	415.34
13:09:14	16.824	16.462	16.624	17.454	16.579	16.812	415.42	415.34
13:10:14	16.825	16.462	16.596	17.353	16.579	16.809	415.42	415.34
13:11:14	16.825	16.462	16.57	17.243	16.578	16.811	415.42	415.34
13:12:14	16.824	16.462	16.539	17.15	16.579	16.81	415.42	415.34
13:13:14	16.824	16.462	16.512	17.102	16.579	16.811	415.42	415.34
13:14:14	16.825	16.462	16.507	17.076	16.58	16.811	415.42	415.34
13:15:14	16.825	16.461	16.488	17.043	16.58	16.815	415.42	415.34
13:16:14	16.825	16.462	16.476	17.012	16.579	16.816	415.42	415.34
13:17:14	16.825	16.461	16.458	16.987	16.581	16.815	415.42	415.34
13:18:14	16.825	16.46	16.448	16.973	16.579	16.808	415.42	415.34
13:19:14	16.823	16.459	16.45	17.021	16.578	16.815	415.42	415.34
13:20:14	16.824	16.46	16.456	17.068	16.578	16.815	415.42	415.34
13:21:14	16.825	16.461	16.468	17.117	16.579	16.812	415.42	415.34
13:22:14	16.825	16.461	16.486	17.157	16.578	16.808	415.42	415.34
13:23:14	16.826	16.462	16.499	17.2	16.579	16.815	415.42	415.34
13:24:14	16.826	16.462	16.511	17.243	16.579	16.812	415.42	415.34
13:25:14	16.825	16.46	16.524	17.284	16.581	16.806	415.42	415.34
13:26:14	16.826	16.461	16.539	17.321	16.58	16.814	415.42	415.34
13:27:14	16.826	16.461	16.55	17.351	16.58	16.809	415.42	415.34
13:28:14	16.824	16.462	16.561	17.376	16.581	16.812	415.42	415.34
13:29:14	16.825	16.462	16.57	17.398	16.581	16.812	415.42	415.34
13:30:14	16.826	16.464	16.584	17.422	16.581	16.818	415.42	415.34
13:31:14	16.826	16.464	16.594	17.435	16.582	16.819	415.42	415.34
13:32:14	16.825	16.464	16.603	17.442	16.582	16.82	415.42	415.34
13:33:14	16.825	16.463	16.605	17.429	16.581	16.821	415.42	415.34
13:34:14	16.826	16.462	16.596	17.39	16.581	16.817	415.42	415.34
13:35:14	16.825	16.462	16.582	17.314	16.582	16.814	415.42	415.34
13:36:14	16.826	16.464	16.583	17.324	16.583	16.815	415.42	415.34
13:37:14	16.826	16.464	16.596	17.363	16.582	16.819	415.42	415.34
13:38:14	16.826	16.464	16.601	17.381	16.583	16.816	415.42	415.34
13:39:14	16.826	16.465	16.589	17.322	16.581	16.818	415.42	415.34
13:40:14	16.826	16.468	16.572	17.253	16.583	16.822	415.42	415.34
13:41:14	16.826	16.466	16.549	17.187	16.582	16.822	415.42	415.34
13:42:14	16.826	16.467	16.525	17.123	16.582	16.811	415.42	415.34
13:43:14	16.827	16.468	16.51	17.098	16.582	16.811	415.42	415.34
13:44:14	16.826	16.468	16.498	17.067	16.582	16.815	415.42	415.34
13:45:14	16.826	16.468	16.479	17.017	16.582	16.818	415.42	415.34
13:46:14	16.825	16.468	16.455	16.981	16.584	16.817	415.42	415.34
13:47:14	16.826	16.468	16.452	16.989	16.583	16.808	415.42	415.34
13:48:14	16.825	16.468	16.451	16.997	16.583	16.812	415.42	415.34
13:49:14	16.826	16.469	16.444	17.008	16.584	16.817	415.42	415.34
13:50:14	16.826	16.468	16.446	17.043	16.583	16.819	415.42	415.34
13:51:14	16.826	16.468	16.458	17.086	16.581	16.814	415.42	415.34
13:52:14	16.825	16.468	16.468	17.139	16.582	16.817	415.42	415.34
13:53:14	16.826	16.468	16.481	17.19	16.581	16.817	415.42	415.34
13:54:14	16.827	16.468	16.499	17.235	16.581	16.814	415.42	415.34
13:55:14	16.826	16.468	16.51	17.273	16.582	16.814	415.42	415.34
13:56:14	16.827	16.468	16.521	17.308	16.581	16.809	415.42	415.34
13:57:14	16.826	16.468	16.536	17.334	16.581	16.813	415.42	415.34
13:58:14	16.826	16.467	16.551	17.362	16.582	16.815	415.42	415.34
13:59:14	16.827	16.467	16.56	17.385	16.582	16.813	415.42	415.34
14:00:14	16.826	16.468	16.571	17.405	16.582	16.812	415.42	415.34
14:01:14	16.826	16.466	16.57	17.381	16.581	16.814	415.42	415.34
14:02:14	16.827	16.466	16.55	17.283	16.582	16.816	415.42	415.34
14:03:14	16.826	16.465	16.532	17.208	16.581	16.816	415.42	415.34
14:04:14	16.827	16.465	16.51	17.12	16.581	16.816	415.42	415.34
14:05:15	16.826	16.465	16.485	17.039	16.58	16.814	415.42	415.34
14:06:14	0.0	16.465	16.464	16.996	16.581	16.811	415.42	415.34
14:07:14	16.827	16.464	16.441	16.97	16.581	16.81	415.42	415.34
14:08:14	16.826	16.465	16.437	16.977	16.58	16.808	415.42	415.34
14:09:14	16.827	16.465	16.44	17.021	16.58	16.808	415.42	415.34
14:10:14	16.825	16.466	16.449	17.065	16.581	16.816	415.42	415.34
14:11:14	16.826	16.466	16.461	17.115	16.582	16.809	415.42	415.34
14:12:14	16.826	16.467	16.478	17.173	16.582	16.808	415.42	415.34
14:13:14	16.827	16.468	16.497	17.228	16.584	16.808	415.42	415.34
14:14:14	16.826	16.468	16.515	17.282	16.584	16.806	415.42	415.34
14:15:14	16.826	16.47	16.532	17.321	16.584	16.812	415.42	415.34
14:16:14	16.827	16.47	16.541	17.343	16.584	16.813	415.42	415.34
14:17:14	16.827	16.469	16.551	17.369	16.583	16.816	415.42	415.34
14:18:14	16.826	16.469	16.562	17.391	16.584	16.818	415.42	415.34
14:19:14	16.826	16.471	16.57	17.413	16.585	16.819	415.42	415.34
14:20:14	16.827	16.471	16.583	17.428	16.586	16.819	415.42	415.34
14:21:14	16.827	16.472	16.586	17.432	16.584	16.817	415.42	415.34
14:22:14	16.827	16.472	16.596	17.447	16.586	16.816	415.42	415.34
14:23:14	16.826	16.472	16.602	17.455	16.584	16.817	415.42	415.34
14:24:15	16.826	16.471	16.613	17.468	16.584	16.822	415.42	415.34
14:25:14	16.826	16.472	16.617	17.475	16.585	16.819	415.42	415.34
14:26:15	16.826	16.473	16.625	17.485	16.587	16.809	415.42	415.34
14:27:14	16.826	16.473	16.632	17.492	16.587	16.809	415.42	415.34
14:28:15	16.826	16.474	16.639	17.501	16.588	16.804	415.42	415.34
14:29:14	16.826	16.475	16.648	17.505	16.588	16.804	415.42	415.34
14:30:16	16.827	16.476	16.655	17.513	16.586	16.813	415.42	415.34
14:31:14	16.826	16.475	16.666	17.514	16.586	16.81	415.42	415.34
14:32:16	16.828	16.476	16.667	17.518	16.586	16.815	415.42	415.34
14:33:14	16.828	16.476	16.67	17.524	16.588	16.81	415.42	415.34
14:34:15	16.826	16.474	16.675	17.53	16.586	16.804	415.42	415.34
14:35:14	16.827	16.474	16.68	17.532	16.585	16.81	415.42	415.34
14:36:16	16.828	16.474	16.687	17.541	16.585	16.81	415.42	415.34
14:37:14	16.827	16.473	16.693	17.544	16.584	16.813	415.42	415.34
14:38:14	16.827	16.473	16.695	17.548	16.585	16.815	415.42	415.34
14:39:14	16.827	16.473	16.708	17.553	16.585	16.815	415.42	415.34
14:40:14	16.827	16.472	16.708	17.554	16.585	16.807	415.42	415.34
14:41:14	16.827	16.473	16.713	17.56	16.584	16.805	415.42	415.34
14:42:14	16.826	16.472	16.717	17.558	16.587	16.811	415.42	415.34
14:43:14	16.827	16.473	16.7	17.461	16.586	16.815	415.42	415.34
14:44:14	16.827	16.473	16.664	17.357	16.585	16.816	415.42	415.34
14:45:14	16.827	16.474	16.644	17.288	16.587	16.815	415.42	415.34
14:46:14	16.827	16.475	16.618	17.223	16.586	16.808	415.42	415.34
14:47:14	16.827	16.475	16.593	17.143	16.587	16.816	415.42	415.34
14:48:14	16.828	16.475	16.576	17.115	16.587	16.809	415.42	415.34
14:49:14	16.827	16.475	16.562	17.107	16.587	16.806	415.42	415.34
14:50:14	16.827	16.474	16.545	17.085	16.587	16.804	415.42	415.34
14:51:14	16.827	16.475	16.538	17.073	16.589	16.807	415.42	415.34
14:52:14	16.827	16.475	16.527	17.057	16.587	16.806	415.42	415.34
14:53:14	16.829	16.476	16.503	17.039	16.587	16.813	415.42	415.34
14:54:14	16.827	16.475	16.489	17.01	16.587	16.813	415.42	415.34
14:55:14	16.828	16.475	16.483	16.993	16.587	16.816	415.42	415.34
14:56:14	16.828	16.476	16.464	16.97	16.587	16.808	415.42	415.34
14:57:14	16.828	16.477	16.448	16.949	16.588	16.812	415.42	415.34
14:58:14	16.829	16.477	16.457	16.99	16.588	16.816	415.42	415.34
14:59:14	16.827	16.477	16.466	17.04	16.586	16.812	415.42	415.34
15:00:14	16.828	16.477	16.479	17.084	16.587	16.808	415.42	415.34
15:01:14	16.828	16.477	16.493	17.132	16.588	16.817	415.42	415.34
15:02:14	16.828	16.476	16.505	17.176	16.587	16.812	415.42	415.34
15:03:14	16.828	16.476	16.516	17.215	16.589	16.814	415.42	415.34
15:04:15	16.828	16.476	16.527	17.256	16.588	16.816	415.42	415.34
15:05:14	16.828	16.476	16.54	17.292	16.589	16.819	415.42	415.34
15:06:15	16.829	16.477	16.553	17.318	16.588	16.816	415.42	415.34
15:07:14	16.829	16.477	16.563	17.354	16.588	16.814	415.42	415.34
15:08:15	16.83	16.477	16.574	17.378	16.587	16.82	415.42	415.34
15:09:15	16.828	16.477	16.584	17.398	16.588	16.82	415.42	415.34
15:10:14	16.829	16.477	16.597	17.417	16.588	16.816	415.42	415.34
15:11:15	16.829	16.477	16.603	17.43	16.586	16.815	415.42	415.34
15:12:14	16.829	16.477	16.61	17.44	16.587	16.817	415.42	415.34
15:13:14	16.828	16.475	16.605	17.406	16.584	16.814	415.42	415.34
15:14:14	16.829	16.475	16.582	17.307	16.586	16.812	415.42	415.34
15:15:14	16.829	16.475	16.553	17.214	16.587	16.814	415.42	415.34
15:16:16	16.828	16.475	16.529	17.143	16.587	16.815	415.42	415.34
15:17:14	16.831	16.475	16.508	17.072	16.588	16.816	415.42	415.34
15:18:16	16.829	16.476	16.486	17.031	16.587	16.816	415.42	415.34
15:19:14	16.829	16.475	16.468	17.002	16.586	16.814	415.42	415.34
15:20:14	16.831	16.475	16.456	16.963	16.586	16.816	415.42	415.34
15:21:14	16.83	16.475	16.442	16.944	16.587	16.816	415.42	415.34
15:22:14	16.829	16.476	16.441	16.989	16.587	16.815	415.42	415.34
15:23:14	16.829	16.474	16.451	17.039	16.586	16.808	415.42	415.34
15:24:14	16.831	16.476	16.462	17.085	16.585	16.807	415.42	415.34
15:25:14	16.83	16.474	16.472	17.135	16.587	16.811	415.42	415.34
15:26:14	16.83	16.475	16.487	17.181	16.586	16.818	415.42	415.34
15:27:14	16.829	16.474	16.5	17.221	16.584	16.816	415.42	415.34
15:28:14	16.831	16.475	16.514	17.268	16.585	16.817	415.42	415.34
15:29:14	16.83	16.474	16.529	17.306	16.585	16.815	415.42	415.34
15:30:14	16.83	16.472	16.541	17.342	16.585	16.811	415.42	415.34
15:31:14	16.83	16.473	16.554	17.363	16.584	16.812	415.42	415.34
15:32:14	16.829	16.473	16.566	17.387	16.584	16.814	415.42	415.34
15:33:14	16.83	16.47	16.576	17.402	16.581	16.815	415.42	415.34
15:34:14	16.831	16.469	16.586	17.418	16.584	16.811	415.42	415.34
15:35:14	16.83	16.469	16.592	17.427	16.583	16.808	415.42	415.34
15:36:14	16.83	16.468	16.6	17.442	16.582	16.81	415.42	415.34
15:37:14	16.829	16.467	16.612	17.448	16.582	16.809	415.42	415.34
15:38:14	16.829	16.466	16.596	17.36	16.58	16.813	415.42	415.34
15:39:14	16.829	16.466	16.562	17.235	16.581	16.807	415.42	415.34
15:40:14	16.83	16.466	16.541	17.15	16.581	16.801	415.42	415.34
15:41:14	16.829	16.466	16.518	17.097	16.582	16.805	415.42	415.34
15:42:14	16.829	16.467	16.49	17.045	16.582	16.814	415.42	415.34
15:43:14	16.829	16.466	16.47	17.011	16.581	16.81	415.42	415.34
15:44:14	16.83	16.467	16.443	16.98	16.583	16.815	415.42	415.34
15:45:14	16.829	16.467	16.426	16.942	16.583	16.812	415.42	415.34
15:46:14	16.83	16.467	16.433	16.978	16.581	16.808	415.42	415.34
15:47:14	16.829	16.467	16.44	17.024	16.583	16.812	415.42	415.34
15:48:14	16.829	16.469	16.453	17.071	16.585	16.814	415.42	415.34
15:49:14	16.83	16.471	16.464	17.117	16.585	16.813	415.42	415.34
15:50:14	16.831	16.473	16.473	17.15	16.584	16.809	415.42	415.34
15:51:14	16.829	16.473	16.485	17.195	16.585	16.815	415.42	415.34
15:52:14	16.83	16.473	16.499	17.24	16.583	16.809	415.42	415.34
15:53:15	16.829	16.473	16.512	17.273	16.581	16.81	415.42	415.34
15:54:14	16.829	16.472	16.529	17.31	16.581	16.811	415.42	415.34
15:55:15	16.83	16.471	16.543	17.343	16.58	16.808	415.42	415.34
15:56:14	16.83	16.471	16.552	17.365	16.58	16.812	415.42	415.34
15:57:14	16.829	16.47	16.563	17.388	16.58	16.81	415.42	415.34
15:58:14	16.829	16.468	16.57	17.403	16.578	16.808	415.42	415.34
15:59:14	16.828	16.465	16.583	17.421	16.578	16.811	415.42	415.34
16:00:14	16.829	16.465	16.595	17.43	16.579	16.806	415.42	415.34
16:01:14	16.829	16.466	16.599	17.445	16.578	16.805	415.42	415.34
16:02:14	16.829	16.464	16.607	17.454	16.579	16.808	415.42	415.34
16:03:14	16.828	16.463	16.617	17.46	16.577	16.805	415.42	415.34
16:04:14	16.828	16.461	16.622	17.471	16.578	16.805	415.42	415.34
16:05:14	16.828	16.461	16.628	17.478	16.578	16.804	415.42	415.34
16:06:14	16.828	16.462	16.635	17.486	16.578	16.81	415.42	415.34
16:07:14	16.829	16.46	16.644	17.491	16.578	16.802	415.42	415.34
16:08:14	16.829	16.461	16.651	17.499	16.578	16.8	415.42	415.34
16:09:14	16.828	16.461	16.656	17.506	16.577	16.799	415.42	415.34
16:10:14	16.828	16.461	16.657	17.511	16.578	16.803	415.42	415.34
16:11:14	16.829	16.461	16.663	17.514	16.575	16.805	415.42	415.34
16:12:14	16.827	16.46	16.67	17.525	16.577	16.804	415.42	415.34
16:13:14	16.828	16.461	16.687	17.526	16.578	16.799	415.42	415.34
16:14:14	16.827	16.46	16.68	17.495	16.576	16.794	415.42	415.34
16:15:14	16.827	16.459	16.656	17.408	16.578	16.797	415.42	415.34
16:16:14	16.828	16.46	16.63	17.321	16.578	16.797	415.42	415.34
16:17:14	16.827	16.46	16.611	17.26	16.577	16.796	415.42	415.34
16:18:14	16.827	16.461	16.588	17.193	16.576	16.797	415.42	415.34
16:19:14	16.827	16.461	16.567	17.135	16.575	16.794	415.42	415.34
16:20:14	16.828	16.462	16.54	17.081	16.575	16.792	415.42	415.34
16:21:14	16.829	16.461	16.526	17.059	16.575	16.794	415.42	415.34
16:22:14	16.828	16.463	16.505	17.028	16.576	16.796	415.42	415.34
16:23:15	16.827	16.462	16.486	17.008	16.576	16.794	415.42	415.34
16:24:15	16.828	16.463	16.475	16.98	16.577	16.798	415.42	415.34
16:25:14	16.829	16.463	16.458	16.958	16.577	16.801	415.42	415.34
16:26:14	16.828	16.462	16.444	16.945	16.575	16.8	415.42	415.34
16:27:14	16.827	16.461	16.447	16.984	16.575	16.797	415.42	415.34
16:28:14	16.828	16.462	16.463	17.036	16.575	16.803	415.42	415.34
16:29:14	16.827	16.462	16.47	17.084	16.577	16.803	415.42	415.34
16:30:14	16.828	16.461	16.482	17.124	16.574	16.802	415.42	415.34
16:31:14	16.828	16.461	16.494	17.161	16.576	16.8	415.42	415.34
16:32:14	16.828	16.463	16.505	17.201	16.578	16.797	415.42	415.34
16:33:14	16.828	16.464	16.518	17.245	16.576	16.799	415.42	415.34
16:34:14	16.827	16.463	16.529	17.28	16.575	16.803	415.42	415.34
16:35:14	16.827	16.464	16.544	17.318	16.576	16.804	415.42	415.34
16:36:14	16.828	16.463	16.559	17.35	16.573	16.803	415.42	415.34
16:37:14	16.828	16.463	16.571	17.375	16.577	16.802	415.42	415.34
16:38:14	16.828	16.463	16.579	17.396	16.578	16.806	415.42	415.34
16:39:14	16.828	16.463	16.587	17.414	16.578	16.81	415.42	415.34
16:40:14	16.827	16.464	16.599	17.426	16.579	16.805	415.42	415.34
16:41:14	16.828	16.466	16.606	17.437	16.579	16.805	415.42	415.34
16:42:14	16.829	16.467	16.608	17.419	16.578	16.808	415.42	415.34
16:43:14	16.828	16.468	16.598	17.366	16.578	16.807	415.42	415.34
16:44:14	16.828	16.468	16.586	17.315	16.58	16.804	415.42	415.34
16:45:14	16.828	16.467	16.565	17.248	16.578	16.804	415.42	415.34
16:46:14	16.828	16.468	16.545	17.185	16.578	16.811	415.42	415.34
16:47:14	16.829	16.467	16.528	17.116	16.578	16.81	415.42	415.34
16:48:14	16.828	16.467	16.509	17.049	16.577	16.814	415.42	415.34
16:49:14	16.828	16.467	16.482	17.014	16.576	16.814	415.42	415.34
16:50:15	16.828	16.467	16.46	16.965	16.577	16.804	415.42	415.34
16:51:14	16.828	16.468	16.444	16.956	16.577	16.807	415.42	415.34
16:52:14	16.827	16.467	16.447	16.997	16.577	16.812	415.42	415.34
16:53:14	16.828	16.469	16.461	17.05	16.578	16.809	415.42	415.34
16:54:14	16.828	16.469	16.474	17.097	16.576	16.802	415.42	415.34
16:55:14	16.827	16.469	16.49	17.144	16.578	16.804	415.42	415.34
16:56:14	16.828	16.469	16.503	17.191	16.577	16.806	415.42	415.34
16:57:14	16.828	16.469	16.513	17.237	16.577	16.811	415.42	415.34
16:58:14	16.828	16.469	16.526	17.275	16.577	16.813	415.42	415.34
16:59:14	16.828	16.468	16.54	17.312	16.577	16.814	415.42	415.34
17:00:15	16.828	16.467	16.551	17.343	16.577	16.808	415.42	415.34
17:01:14	16.827	16.468	16.561	17.371	16.577	16.806	415.42	415.34
17:02:14	16.827	16.467	16.572	17.387	16.577	16.804	415.42	415.34
17:03:14	16.827	16.465	16.578	17.408	16.576	16.806	415.42	415.34
17:04:14	16.827	16.466	16.592	17.42	16.575	16.804	415.42	415.34
17:05:15	16.828	16.465	16.601	17.43	16.576	16.8	415.42	415.34
17:06:14	16.828	16.464	16.599	17.397	16.574	16.795	415.42	415.34
17:07:14	16.828	16.463	16.582	17.33	16.576	16.805	415.42	415.34
17:08:14	16.828	16.463	16.571	17.283	16.575	16.808	415.42	415.34
17:09:14	16.828	16.465	16.563	17.22	16.574	16.805	415.42	415.34
17:10:14	16.829	16.465	16.536	17.163	16.576	16.799	415.42	415.34
17:11:14	16.828	16.466	16.519	17.103	16.576	16.802	415.42	415.34
17:12:14	16.828	16.466	16.496	17.049	16.579	16.802	415.42	415.34
17:13:14	16.828	16.466	16.476	17.013	16.578	16.803	415.42	415.34
17:14:16	16.828	16.466	16.457	16.989	16.575	16.798	415.42	415.34
17:15:14	16.827	16.467	16.455	16.99	16.576	16.798	415.42	415.34
17:16:14	16.828	16.465	16.455	17.044	16.574	16.8	415.42	415.34
17:17:14	16.827	16.465	16.462	17.088	16.574	16.803	415.42	415.34
17:18:14	16.827	16.465	16.479	17.135	16.575	16.808	415.42	415.34
17:19:14	16.828	16.465	16.496	17.184	16.574	16.802	415.42	415.34
17:20:14	16.827	16.466	16.509	17.23	16.576	16.805	415.42	415.34
17:21:14	16.827	16.466	16.521	17.272	16.577	16.803	415.42	415.34
17:22:14	16.828	16.464	16.536	17.309	16.575	16.804	415.42	415.34
17:23:14	16.827	16.464	16.547	17.338	16.575	16.805	415.42	415.34
17:24:14	16.828	16.464	16.559	17.364	16.577	16.8	415.42	415.34
17:25:14	16.827	16.466	16.565	17.386	16.578	16.805	415.42	415.34
17:26:14	16.827	16.466	16.58	17.407	16.576	16.805	415.42	415.34
17:27:14	16.828	16.463	16.595	17.419	16.574	16.804	415.42	415.34
17:28:14	16.828	16.464	16.603	17.434	16.575	16.805	415.42	415.34
17:29:14	16.828	16.465	16.607	17.444	16.572	16.808	415.42	415.34
17:30:15	16.827	16.465	16.618	17.456	16.574	16.799	415.42	415.34
17:31:14	16.827	16.464	16.623	17.467	16.576	16.802	415.42	415.34
17:32:14	16.828	16.465	16.627	17.471	16.576	16.803	415.42	415.34
17:33:14	16.827	16.467	16.638	17.481	16.576	16.802	415.42	415.34
17:34:14	16.827	16.466	16.641	17.486	16.577	16.804	415.42	415.34
17:35:14	16.828	16.467	16.647	17.496	16.577	16.807	415.42	415.34
17:36:14	16.828	16.467	16.654	17.501	16.575	16.805	415.42	415.34
17:37:14	16.827	16.468	16.665	17.502	16.577	16.803	415.42	415.34
17:38:15	16.827	16.468	16.663	17.509	16.576	16.808	415.42	415.34
17:39:14	16.827	16.469	16.671	17.514	16.576	16.804	415.42	415.34
17:40:14	16.826	16.469	16.677	17.523	16.575	16.798	415.42	415.34
17:41:14	16.827	16.469	16.686	17.527	16.576	16.799	415.42	415.34
17:42:14	16.828	16.468	16.688	17.53	16.574	16.799	415.42	415.34
17:43:15	16.826	16.469	16.692	17.532	16.575	16.803	415.42	415.34
17:44:14	16.826	16.469	16.698	17.54	16.575	16.802	415.42	415.34
17:45:14	16.826	16.468	16.703	17.544	16.576	16.801	415.42	415.34
17:46:14	16.827	16.467	16.706	17.549	16.574	16.802	415.42	415.34
17:47:14	16.826	16.468	16.707	17.548	16.573	16.801	415.42	415.34
17:48:14	16.827	16.467	16.71	17.551	16.572	16.805	415.42	415.34
17:49:14	16.827	16.467	16.714	17.552	16.574	16.805	415.42	415.34
17:50:14	16.827	16.467	16.719	17.549	16.575	16.802	415.42	415.34
17:51:14	16.826	16.466	16.71	17.492	16.573	16.808	415.42	415.34
17:52:14	16.828	16.466	16.693	17.419	16.572	16.796	415.42	415.34
17:53:15	16.827	16.464	16.675	17.371	16.574	16.798	415.42	415.34
17:54:14	16.827	16.464	16.652	17.302	16.571	16.799	415.42	415.34
17:55:14	16.826	16.462	16.62	17.213	16.572	16.807	415.42	415.34
17:56:14	16.827	16.464	16.584	17.115	16.572	16.806	415.42	415.34
17:57:14	16.826	16.462	16.553	17.062	16.572	16.798	415.42	415.34
17:58:14	16.826	16.462	16.531	17.017	16.572	16.801	415.42	415.34
17:59:14	16.826	16.462	16.506	16.975	16.571	16.803	415.42	415.34
18:00:14	16.826	16.46	16.485	16.947	16.572	16.799	415.42	415.34
18:01:14	16.826	16.459	16.469	16.916	16.572	16.801	415.42	415.34
18:02:14	16.826	16.458	16.467	16.954	16.569	16.804	415.42	415.34
18:03:14	16.826	16.458	16.477	17.006	16.569	16.802	415.42	415.34
18:04:14	16.827	16.457	16.489	17.053	16.567	16.797	415.42	415.34
18:05:14	16.826	16.456	16.494	17.089	16.568	16.803	415.42	415.34
18:06:14	16.826	16.457	16.504	17.124	16.57	16.806	415.42	415.34
18:07:15	16.826	16.457	16.512	17.155	16.569	16.804	415.42	415.34
18:08:14	16.827	16.457	16.521	17.188	16.571	16.805	415.42	415.34
18:09:14	16.826	16.458	16.53	17.219	16.571	16.8	415.42	415.34
18:10:14	16.827	16.459	16.539	17.255	16.572	16.799	415.42	415.34
18:11:15	16.826	16.46	16.549	17.285	16.572	16.802	415.42	415.34
18:12:14	16.826	16.46	16.562	17.312	16.57	16.795	415.42	415.34
18:13:14	16.827	16.46	16.571	17.34	16.571	16.793	415.42	415.34
18:14:14	16.827	16.459	16.581	17.361	16.571	16.786	415.42	415.34
18:15:14	16.827	16.458	16.59	17.386	16.571	16.792	415.42	415.34
18:16:15	16.826	16.459	16.604	17.398	16.57	16.798	415.42	415.34
18:17:14	16.827	16.459	16.608	17.411	16.568	16.795	415.42	415.34
18:18:14	16.826	16.457	16.614	17.423	16.568	16.785	415.42	415.34
18:19:14	16.826	16.456	16.627	17.435	16.568	16.793	415.42	415.34
18:20:15	16.827	16.453	16.631	17.447	16.565	16.787	415.42	415.34
18:21:14	16.826	16.452	16.637	17.46	16.566	16.789	415.42	415.34
18:22:14	16.827	16.451	16.643	17.468	16.565	16.787	415.42	415.34
18:23:14	16.826	16.451	16.648	17.478	16.567	16.791	415.42	415.34
18:24:14	16.827	16.453	16.658	17.491	16.568	16.789	415.42	415.34
18:25:14	16.827	16.454	16.665	17.497	16.568	16.792	415.42	415.34
18:26:14	16.826	16.455	16.67	17.506	16.57	16.794	415.42	415.34
18:27:14	16.826	16.457	16.677	17.51	16.57	16.794	415.42	415.34
18:28:14	16.827	16.46	16.683	17.514	16.57	16.791	415.42	415.34
18:29:14	16.827	16.461	16.686	17.525	16.57	16.787	415.42	415.34
18:30:14	16.826	16.46	16.691	17.528	16.569	16.79	415.42	415.34
18:31:14	16.827	16.461	16.697	17.529	16.571	16.799	415.42	415.34
18:32:14	16.826	16.461	16.705	17.536	16.57	16.799	415.42	415.34
18:33:14	16.826	16.462	16.701	17.511	16.571	16.802	415.42	415.34
18:34:14	16.826	16.462	16.689	17.437	16.571	16.801	415.42	415.34
18:35:14	16.826	16.463	16.671	17.378	16.572	16.806	415.42	415.34
18:36:15	16.825	16.462	16.649	17.324	16.573	16.803	415.42	415.34
18:37:14	16.827	16.464	16.62	17.249	16.572	16.794	415.42	415.34
18:38:14	16.826	16.463	16.594	17.151	16.574	16.801	415.42	415.34
18:39:14	16.826	16.464	16.555	17.072	16.573	16.802	415.42	415.34
18:40:14	16.827	16.465	16.527	17.02	16.574	16.8	415.42	415.34
18:41:14	16.827	16.465	16.5	16.977	16.572	16.799	415.42	415.34
18:42:14	16.827	16.465	16.487	16.965	16.571	16.801	415.42	415.34
18:43:15	16.826	16.465	16.493	17.016	16.57	16.802	415.42	415.34
18:44:14	16.827	16.464	16.5	17.064	16.572	16.794	415.42	415.34
18:45:14	16.825	16.465	16.505	17.104	16.574	16.793	415.42	415.34
18:46:14	16.826	16.464	16.515	17.137	16.571	16.794	415.42	415.34
18:47:15	16.827	16.465	16.525	17.173	16.572	16.796	415.42	415.34
18:48:17	16.827	16.466	16.539	17.213	16.572	16.793	415.42	415.34
18:49:14	16.827	16.465	16.547	17.244	16.57	16.79	415.42	415.34
18:50:14	16.827	16.464	16.561	17.28	16.57	16.788	415.42	415.34
18:51:14	16.828	16.463	16.573	17.317	16.571	16.788	415.42	415.34
18:52:14	16.827	16.464	16.583	17.345	16.571	16.789	415.42	415.34
18:53:14	16.828	16.464	16.594	17.373	16.571	16.788	415.42	415.34
18:54:15	16.828	16.463	16.601	17.394	16.57	16.792	415.42	415.34
18:55:14	16.826	16.462	16.61	17.408	16.569	16.794	415.42	415.34
18:56:14	16.827	16.462	16.62	17.421	16.569	16.786	415.42	415.34
18:57:14	16.827	16.461	16.626	17.436	16.568	16.79	415.42	415.34
18:58:14	16.826	16.46	16.637	17.449	16.568	16.793	415.42	415.34
18:59:15	16.828	16.46	16.644	17.461	16.569	16.794	415.42	415.34
19:00:14	16.827	16.459	16.649	17.474	16.571	16.792	415.42	415.34
19:01:14	16.828	16.46	16.655	17.482	16.569	16.79	415.42	415.34
19:02:15	16.827	16.46	16.664	17.491	16.569	16.787	415.42	415.34
19:03:14	16.827	16.46	16.661	17.47	16.57	16.789	415.42	415.34
19:04:14	16.828	16.459	16.644	17.396	16.57	16.792	415.42	415.34
19:05:14	16.827	16.463	16.628	17.339	16.57	16.787	415.42	415.34
19:06:14	16.827	16.464	16.609	17.276	16.573	16.788	415.42	415.34
19:07:14	16.827	16.464	16.59	17.207	16.572	16.79	415.42	415.34
19:08:14	16.827	16.464	16.554	17.133	16.571	16.79	415.42	415.34
19:09:14	16.826	16.461	16.52	17.067	16.569	16.796	415.42	415.34
19:10:14	16.827	16.461	16.506	17.025	16.569	16.795	415.42	415.34
19:11:14	16.827	16.461	16.497	17.004	16.568	16.796	415.42	415.34
19:12:14	16.827	16.46	16.486	16.982	16.568	16.794	415.42	415.34
19:13:14	16.828	16.46	16.469	16.974	16.57	16.796	415.42	415.34
19:14:14	16.828	16.458	16.47	17.01	16.569	16.799	415.42	415.34
19:15:14	16.827	16.46	16.48	17.047	16.568	16.793	415.42	415.34
19:16:14	16.827	16.458	16.487	17.092	16.569	16.786	415.42	415.34
19:17:14	16.828	16.458	16.499	17.137	16.568	16.787	415.42	415.34
19:18:15	16.828	16.459	16.509	17.176	16.568	16.786	415.42	415.34
19:19:14	16.827	16.46	16.525	17.217	16.568	16.783	415.42	415.34
19:20:14	16.827	16.46	16.536	17.257	16.568	16.783	415.42	415.34
19:21:14	16.827	16.458	16.546	17.296	16.565	16.784	415.42	415.34
19:22:14	16.827	16.458	16.558	17.324	16.569	16.78	415.42	415.34
19:23:15	16.827	16.456	16.569	17.356	16.566	16.779	415.42	415.34
19:24:14	0.0	16.456	16.58	17.378	16.565	16.785	415.42	415.34
19:25:14	16.827	16.455	16.59	17.399	16.565	16.786	415.42	415.34
19:26:14	16.827	16.454	16.604	17.413	16.567	16.787	415.42	415.34
19:27:14	16.826	16.454	16.613	17.429	16.566	16.786	415.42	415.34
19:28:14	16.828	16.456	16.621	17.433	16.565	16.781	415.42	415.34
19:29:15	16.827	16.457	16.612	17.376	16.568	16.789	415.42	415.34
19:30:17	16.827	16.457	16.596	17.311	16.567	16.784	415.42	415.34
19:31:14	16.827	16.457	16.584	17.263	16.567	16.782	415.42	415.34
19:32:14	16.827	16.459	16.564	17.204	16.565	16.783	415.42	415.34
19:33:14	16.827	16.458	16.538	17.123	16.565	16.78	415.42	415.34
19:34:15	16.827	16.459	16.508	17.048	16.566	16.784	415.42	415.34
19:35:14	16.826	16.458	16.479	16.983	16.568	16.785	415.42	415.34
19:36:14	16.827	16.459	16.459	16.969	16.568	16.783	415.42	415.34
19:37:14	16.828	16.46	16.441	16.943	16.567	16.784	415.42	415.34
19:38:14	16.827	16.46	16.434	16.92	16.568	16.79	415.42	415.34
19:39:14	16.828	16.461	16.424	16.917	16.567	16.796	415.42	415.34
19:40:14	16.828	16.462	16.42	16.956	16.568	16.792	415.42	415.34
19:41:14	16.826	16.462	16.427	16.999	16.568	16.786	415.42	415.34
19:42:14	16.826	16.462	16.441	17.04	16.569	16.785	415.42	415.34
19:43:14	16.827	16.462	16.452	17.075	16.568	16.788	415.42	415.34
19:44:14	16.827	16.462	16.46	17.118	16.57	16.798	415.42	415.34
19:45:14	16.826	16.462	16.474	17.15	16.568	16.797	415.42	415.34
19:46:14	16.827	16.462	16.489	17.196	16.57	16.794	415.42	415.34
19:47:14	16.828	16.462	16.498	17.235	16.568	16.791	415.42	415.34
19:48:15	16.827	16.463	16.515	17.276	16.569	16.794	415.42	415.34
19:49:14	16.826	16.461	16.526	17.302	16.567	16.795	415.42	415.34
19:50:15	16.826	16.461	16.535	17.331	16.567	16.796	415.42	415.34
19:51:14	16.826	16.458	16.548	17.35	16.566	16.798	415.42	415.34
19:52:14	16.826	16.457	16.554	17.37	16.567	16.796	415.42	415.34
19:53:14	16.826	16.457	16.564	17.385	16.568	16.789	415.42	415.34
19:54:14	16.826	16.458	16.576	17.402	16.566	16.789	415.42	415.34
19:55:14	16.826	16.458	16.582	17.418	16.566	16.786	415.42	415.34
19:56:15	16.826	16.457	16.592	17.429	16.566	16.784	415.42	415.34
19:57:14	16.827	16.458	16.599	17.439	16.566	16.783	415.42	415.34
19:58:14	16.826	16.458	16.606	17.45	16.566	16.783	415.42	415.34
19:59:14	16.826	16.458	16.615	17.458	16.565	16.782	415.42	415.34
20:00:15	16.827	16.455	16.625	17.459	16.565	16.784	415.42	415.34
20:01:14	16.826	16.456	16.629	17.467	16.564	16.78	415.42	415.34
20:02:15	16.826	16.455	16.637	17.474	16.565	16.778	415.42	415.34
20:03:15	16.825	16.454	16.644	17.488	16.564	16.78	415.42	415.34
20:04:14	16.825	16.454	16.65	17.489	16.563	16.779	415.42	415.34
20:05:15	16.825	16.453	16.652	17.496	16.565	16.786	415.42	415.34
20:06:14	16.826	16.454	16.657	17.504	16.564	16.789	415.42	415.34
20:07:14	16.825	16.454	16.67	17.507	16.562	16.788	415.42	415.34
20:08:14	16.824	16.454	16.674	17.514	16.562	16.78	415.42	415.34
20:09:14	16.825	16.451	16.676	17.519	16.562	16.78	415.42	415.34
20:10:14	16.824	16.449	16.684	17.522	16.561	16.776	415.42	415.34
20:11:14	16.824	16.45	16.692	17.53	16.562	16.778	415.42	415.34
20:12:17	16.823	16.453	16.684	17.491	16.565	16.784	415.42	415.34
20:13:15	16.825	16.452	16.669	17.421	16.562	16.788	415.42	415.34
20:14:14	16.824	16.454	16.65	17.346	16.563	16.784	415.42	415.34
20:15:14	16.824	16.454	16.632	17.294	16.562	16.78	415.42	415.34
20:16:15	16.823	16.454	16.608	17.237	16.563	16.78	415.42	415.34
20:17:15	16.825	16.452	16.59	17.19	16.563	16.778	415.42	415.34
20:18:14	16.825	16.453	16.573	17.143	16.562	16.779	415.42	415.34
20:19:14	16.823	16.452	16.557	17.105	16.561	16.776	415.42	415.34
20:20:14	16.823	16.454	16.539	17.079	16.561	16.781	415.42	415.34
20:21:14	16.824	16.455	16.522	17.036	16.562	16.786	415.42	415.34
20:22:15	16.823	16.456	16.512	17.01	16.562	16.783	415.42	415.34
20:23:15	16.823	16.454	16.489	16.984	16.561	16.784	415.42	415.34
20:24:14	16.824	16.453	16.465	16.951	16.562	16.781	415.42	415.34
20:25:15	16.823	16.455	16.45	16.947	16.56	16.779	415.42	415.34
20:26:15	16.823	16.454	16.454	16.996	16.561	16.775	415.42	415.34
20:27:14	16.824	16.455	16.465	17.04	16.561	16.784	415.42	415.34
20:28:14	16.824	16.454	16.474	17.082	16.561	16.785	415.42	415.34
20:29:15	16.822	16.453	16.487	17.118	16.56	16.792	415.42	415.34
20:30:14	16.822	16.454	16.5	17.156	16.561	16.793	415.42	415.34
20:31:14	16.823	16.455	16.507	17.192	16.563	16.792	415.42	415.34
20:32:14	16.824	16.455	16.518	17.23	16.562	16.792	415.42	415.34
20:33:14	16.823	16.456	16.53	17.271	16.563	16.791	415.42	415.34
20:34:14	16.824	16.455	16.542	17.299	16.563	16.792	415.42	415.34
20:35:14	16.824	16.457	16.554	17.326	16.563	16.795	415.42	415.34
20:36:15	16.824	16.457	16.567	17.353	16.563	16.79	415.42	415.34
20:37:15	16.824	16.456	16.58	17.374	16.564	16.793	415.42	415.34
20:38:15	0.0	16.457	16.587	17.396	16.563	16.793	415.42	415.34
20:39:16	16.824	16.456	16.598	17.412	16.564	16.793	415.42	415.34
20:40:15	0.0	16.455	16.601	17.398	16.563	16.79	415.42	415.34
20:41:15	16.823	16.455	16.589	17.332	16.563	16.788	415.42	415.34
20:42:14	16.823	16.457	16.57	17.276	16.563	16.789	415.42	415.34
20:43:15	16.823	16.456	16.557	17.222	16.562	16.787	415.42	415.34
20:44:14	16.823	16.456	16.539	17.157	16.564	16.787	415.42	415.34
20:45:14	16.823	16.456	16.519	17.104	16.564	16.789	415.42	415.34
20:46:15	16.824	16.456	16.502	17.062	16.564	16.785	415.42	415.34
20:47:15	16.824	16.456	16.485	17.021	16.564	16.79	415.42	415.34
20:48:14	16.823	16.456	16.463	16.974	16.564	16.788	415.42	415.34
20:49:15	16.823	16.456	16.447	16.958	16.563	16.788	415.42	415.34
20:50:14	16.823	16.455	16.449	17.0	16.562	16.792	415.42	415.34
20:51:14	16.822	16.456	16.461	17.053	16.566	16.79	415.42	415.34
20:52:15	16.823	16.458	16.469	17.097	16.565	16.791	415.42	415.34
20:53:15	16.822	16.457	16.484	17.133	16.565	16.793	415.42	415.34
20:54:14	16.823	16.458	16.496	17.179	16.564	16.792	415.42	415.34
20:55:15	16.822	16.459	16.508	17.22	16.562	16.79	415.42	415.34
20:56:15	16.822	16.46	16.525	17.266	16.564	16.787	415.42	415.34
20:57:14	16.823	16.46	16.535	17.302	16.566	16.794	415.42	415.34
20:58:14	16.823	16.46	16.546	17.33	16.562	16.794	415.42	415.34
20:59:15	16.824	16.46	16.562	17.362	16.564	16.791	415.42	415.34
21:00:14	16.823	16.46	16.571	17.381	16.564	16.79	415.42	415.34
21:01:14	16.823	16.459	16.578	17.394	16.563	16.784	415.42	415.34
21:02:14	16.823	16.459	16.584	17.41	16.565	16.787	415.42	415.34
21:03:15	16.822	16.457	16.594	17.424	16.563	16.789	415.42	415.34
21:04:15	16.823	16.457	16.602	17.434	16.565	16.787	415.42	415.34
21:05:15	16.822	16.458	16.599	17.4	16.563	16.785	415.42	415.34
21:06:14	16.823	16.457	16.582	17.328	16.564	16.782	415.42	415.34
21:07:14	16.822	16.456	16.568	17.271	16.564	16.784	415.42	415.34
21:08:15	16.823	16.456	16.546	17.206	16.564	16.786	415.42	415.34
21:09:14	16.823	16.457	16.52	17.123	16.565	16.787	415.42	415.34
21:10:15	16.822	16.458	16.5	17.078	16.564	16.787	415.42	415.34
21:11:15	16.823	16.458	16.484	17.035	16.565	16.786	415.42	415.34
21:12:15	16.823	16.46	16.46	16.988	16.565	16.788	415.42	415.34
21:13:15	16.821	16.458	16.451	16.957	16.565	16.787	415.42	415.34
21:14:16	16.822	16.46	16.452	16.99	16.565	16.79	415.42	415.34
21:15:15	16.822	16.46	16.455	17.034	16.565	16.794	415.42	415.34
21:16:16	16.823	16.461	16.464	17.081	16.564	16.795	415.42	415.34
21:17:15	0.0	16.461	16.473	17.126	16.565	16.791	415.42	415.34
21:18:15	16.822	16.46	16.486	17.172	16.566	16.794	415.42	415.34
21:19:16	16.822	16.461	16.503	17.228	16.566	16.794	415.42	415.34
21:20:15	0.0	16.461	16.517	17.272	16.564	16.796	415.42	415.34
21:21:16	16.822	16.46	16.532	17.308	16.563	16.798	415.42	415.34
21:22:15	0.0	16.461	16.546	17.337	16.564	16.794	415.42	415.34
21:23:14	16.823	16.46	16.554	17.367	16.564	16.785	415.42	415.34
21:24:14	16.822	16.46	16.569	17.381	16.564	16.782	415.42	415.34
21:25:14	16.822	16.459	16.577	17.4	16.564	16.783	415.42	415.34
21:26:15	16.823	16.459	16.587	17.41	16.565	16.786	415.42	415.34
21:27:14	16.823	16.459	16.594	17.425	16.566	16.789	415.42	415.34
21:28:15	16.821	16.459	16.6	17.433	16.567	16.793	415.42	415.34
21:29:15	16.822	16.46	16.606	17.444	16.567	16.79	415.42	415.34
21:30:14	16.822	16.461	16.613	17.452	16.565	16.792	415.42	415.34
21:31:14	16.822	16.46	16.619	17.461	16.565	16.785	415.42	415.34
21:32:15	16.822	16.459	16.627	17.465	16.566	16.786	415.42	415.34
21:33:14	16.822	16.46	16.631	17.471	16.565	16.793	415.42	415.34
21:34:15	16.821	16.459	16.637	17.484	16.563	16.784	415.42	415.34
21:35:15	16.822	16.46	16.645	17.486	16.564	16.787	415.42	415.34
21:36:14	16.822	16.459	16.653	17.494	16.564	16.792	415.42	415.34
21:37:15	16.822	16.459	16.657	17.501	16.564	16.793	415.42	415.34
21:38:15	16.822	16.46	16.664	17.503	16.562	16.792	415.42	415.34
21:39:15	16.821	16.458	16.67	17.509	16.562	16.792	415.42	415.34
21:40:15	16.822	16.458	16.673	17.511	16.561	16.792	415.42	415.34
21:41:15	16.822	16.458	16.679	17.515	16.562	16.793	415.42	415.34
21:42:15	16.821	16.456	16.669	17.471	16.563	16.787	415.42	415.34
21:43:15	16.822	16.456	16.656	17.389	16.564	16.785	415.42	415.34
21:44:17	16.821	16.455	16.638	17.334	16.562	16.788	415.42	415.34
21:45:15	16.821	16.456	16.623	17.275	16.562	16.789	415.42	415.34
21:46:15	16.821	16.456	16.597	17.191	16.563	16.79	415.42	415.34
21:47:15	16.821	16.456	16.563	17.112	16.562	16.794	415.42	415.34
21:48:15	16.822	16.457	16.54	17.059	16.563	16.799	415.42	415.34
21:49:14	16.82	16.457	16.521	17.007	16.563	16.795	415.42	415.34
21:50:15	16.822	16.456	16.489	16.956	16.564	16.786	415.42	415.34
21:51:15	16.822	16.456	16.466	16.923	16.563	16.784	415.42	415.34
21:52:15	16.821	16.457	16.453	16.915	16.562	16.793	415.42	415.34
21:53:15	16.821	16.456	16.453	16.967	16.563	16.785	415.42	415.34
21:54:15	16.821	16.457	16.463	17.015	16.564	16.789	415.42	415.34
21:55:15	16.821	16.456	16.473	17.055	16.563	16.793	415.42	415.34
21:56:15	0.0	16.456	16.481	17.093	16.561	16.797	415.42	415.34
21:57:15	16.821	16.456	16.487	17.12	16.561	16.792	415.42	415.34
21:58:15	16.82	16.454	16.498	17.154	16.562	16.787	415.42	415.34
21:59:15	16.82	16.455	16.507	17.187	16.562	16.788	415.42	415.34
22:00:15	16.821	16.456	16.519	17.223	16.563	16.789	415.42	415.34
22:01:15	16.82	16.455	16.533	17.266	16.564	16.79	415.42	415.34
22:02:15	16.82	16.456	16.546	17.303	16.564	16.791	415.42	415.34
22:03:14	16.821	16.456	16.554	17.331	16.562	16.79	415.42	415.34
22:04:15	16.82	16.457	16.567	17.356	16.563	16.789	415.42	415.34
22:05:15	16.821	16.457	16.576	17.38	16.561	16.788	415.42	415.34
22:06:15	16.821	16.455	16.589	17.4	16.56	16.788	415.42	415.34
22:07:15	16.821	16.454	16.597	17.411	16.56	16.785	415.42	415.34
22:08:15	16.82	16.453	16.606	17.424	16.559	16.784	415.42	415.34
22:09:15	16.82	16.451	16.609	17.42	16.56	16.787	415.42	415.34
22:10:15	16.82	16.45	16.593	17.345	16.557	16.787	415.42	415.34
22:11:15	16.82	16.451	16.577	17.288	16.558	16.779	415.42	415.34
22:12:14	16.821	16.452	16.553	17.23	16.558	16.786	415.42	415.34
22:13:14	16.821	16.454	16.524	17.164	16.559	16.787	415.42	415.34
22:14:14	16.82	16.453	16.505	17.087	16.561	16.784	415.42	415.34
22:15:14	16.82	16.454	16.483	17.035	16.561	16.78	415.42	415.34
22:16:15	16.82	16.454	16.461	16.976	16.559	16.782	415.42	415.34
22:17:15	16.82	16.453	16.45	16.966	16.559	16.787	415.42	415.34
22:18:14	16.82	16.454	16.446	16.981	16.557	16.79	415.42	415.34
22:19:15	16.819	16.451	16.452	17.032	16.558	16.791	415.42	415.34
22:20:15	16.82	16.449	16.457	17.068	16.556	16.785	415.42	415.34
22:21:15	16.82	16.449	16.472	17.112	16.558	16.782	415.42	415.34
22:22:15	16.819	16.447	16.485	17.163	16.558	16.777	415.42	415.34
22:23:16	16.819	16.45	16.5	17.217	16.558	16.786	415.42	415.34
22:24:14	16.819	16.452	16.516	17.263	16.56	16.782	415.42	415.34
22:25:15	16.82	16.453	16.534	17.304	16.56	16.782	415.42	415.34
22:26:15	16.819	16.453	16.546	17.336	16.56	16.783	415.42	415.34
22:27:15	16.819	16.452	16.56	17.361	16.561	16.788	415.42	415.34
22:28:15	16.819	16.454	16.569	17.374	16.561	16.788	415.42	415.34
22:29:15	16.82	16.455	16.574	17.396	16.563	16.789	415.42	415.34
22:30:15	16.819	16.456	16.583	17.41	16.561	16.788	415.42	415.34
22:31:15	16.818	16.455	16.591	17.421	16.562	16.789	415.42	415.34
22:32:15	16.819	16.457	16.598	17.434	16.561	16.792	415.42	415.34
22:33:16	16.819	16.455	16.603	17.443	16.561	16.786	415.42	415.34
22:34:15	16.819	16.455	16.615	17.453	16.56	16.79	415.42	415.34
22:35:16	16.819	16.454	16.625	17.469	16.561	16.784	415.42	415.34
22:36:15	16.819	16.455	16.631	17.473	16.56	16.788	415.42	415.34
22:37:15	16.818	16.455	16.637	17.483	16.562	16.79	415.42	415.34
22:38:15	16.819	16.455	16.65	17.487	16.561	16.784	415.42	415.34
22:39:14	16.819	16.454	16.652	17.491	16.561	16.787	415.42	415.34
22:40:15	16.819	16.454	16.655	17.499	16.561	16.787	415.42	415.34
22:41:14	16.819	16.454	16.663	17.503	16.562	16.785	415.42	415.34
22:42:14	16.819	16.456	16.668	17.51	16.564	16.79	415.42	415.34
22:43:15	16.819	16.457	16.673	17.513	16.562	16.793	415.42	415.34
22:44:15	16.818	16.457	16.676	17.518	16.563	16.786	415.42	415.34
22:45:15	16.819	16.457	16.681	17.523	16.563	16.78	415.42	415.34
22:46:15	16.819	16.457	16.688	17.525	16.562	16.787	415.42	415.34
22:47:15	16.819	16.458	16.693	17.529	16.562	16.789	415.42	415.34
22:48:15	16.819	16.459	16.698	17.534	16.563	16.79	415.42	415.34
22:49:15	16.819	16.459	16.692	17.489	16.56	16.787	415.42	415.34
22:50:15	16.819	16.457	16.673	17.408	16.559	16.78	415.42	415.34
22:51:15	16.819	16.457	16.656	17.343	16.558	16.781	415.42	415.34
22:52:15	16.819	16.456	16.632	17.284	16.56	16.784	415.42	415.34
22:53:15	16.818	16.456	16.602	17.207	16.559	16.787	415.42	415.34
22:54:15	16.819	16.454	16.573	17.13	16.556	16.778	415.42	415.34
22:55:15	16.818	16.454	16.547	17.072	16.558	16.775	415.42	415.34
22:56:15	16.819	16.451	16.526	17.018	16.556	16.775	415.42	415.34
22:57:15	16.818	16.451	16.511	16.988	16.557	16.784	415.42	415.34
22:58:15	16.819	16.451	16.49	16.966	16.559	16.784	415.42	415.34
22:59:15	16.819	16.451	16.472	16.937	16.557	16.785	415.42	415.34
23:00:15	16.818	16.451	16.457	16.917	16.557	16.784	415.42	415.34
23:01:14	16.818	16.449	16.453	16.957	16.556	16.78	415.42	415.34
23:02:15	16.819	16.45	16.469	17.009	16.558	16.78	415.42	415.34
23:03:15	16.819	16.451	16.475	17.055	16.557	16.779	415.42	415.34
23:04:15	16.818	16.453	16.482	17.096	16.56	16.788	415.42	415.34
23:05:15	16.818	16.452	16.491	17.131	16.558	16.786	415.42	415.34
23:06:15	16.818	16.452	16.5	17.161	16.559	16.786	415.42	415.34
23:07:15	16.818	16.452	16.512	17.197	16.558	16.789	415.42	415.34
23:08:15	16.819	16.453	16.524	17.234	16.56	16.79	415.42	415.34
23:09:15	16.818	16.453	16.537	17.275	16.559	16.79	415.42	415.34
23:10:15	16.818	16.453	16.55	17.31	16.56	16.79	415.42	415.34
23:11:14	16.819	16.454	16.563	17.345	16.559	16.789	415.42	415.34
23:12:15	16.819	16.456	16.573	17.372	16.562	16.793	415.42	415.34
23:13:15	16.819	16.455	16.581	17.39	16.559	16.785	415.42	415.34
23:14:15	16.818	16.457	16.595	17.408	16.561	16.786	415.42	415.34
23:15:15	16.818	16.457	16.6	17.422	16.562	16.785	415.42	415.34
23:16:15	16.819	16.456	16.607	17.434	16.562	16.79	415.42	415.34
23:17:15	16.819	16.456	16.615	17.445	16.562	16.792	415.42	415.34
23:18:15	16.819	16.456	16.624	17.453	16.561	16.793	415.42	415.34
23:19:15	16.818	16.458	16.63	17.459	16.562	16.794	415.42	415.34
23:20:15	16.818	16.457	16.637	17.467	16.56	16.797	415.42	415.34
23:21:14	16.818	16.456	16.645	17.479	16.561	16.788	415.42	415.34
23:22:15	16.819	16.456	16.648	17.488	16.562	16.782	415.42	415.34
23:23:15	16.819	16.458	16.653	17.489	16.563	16.782	415.42	415.34
23:24:15	16.818	16.458	16.657	17.495	16.562	16.787	415.42	415.34
23:25:15	16.819	16.457	16.667	17.501	16.561	16.788	415.42	415.34
23:26:15	16.819	16.458	16.676	17.51	16.561	16.788	415.42	415.34
23:27:15	16.818	16.458	16.681	17.514	16.56	16.787	415.42	415.34
23:28:15	16.819	16.458	16.687	17.518	16.561	16.779	415.42	415.34
23:29:15	16.819	16.456	16.685	17.52	16.56	16.777	415.42	415.34
23:30:15	16.819	16.457	16.677	17.46	16.56	16.783	415.42	415.34
23:31:14	16.818	16.457	16.656	17.383	16.562	16.784	415.42	415.34
23:32:15	16.819	16.456	16.641	17.317	16.559	16.784	415.42	415.34
23:33:15	16.818	16.458	16.621	17.255	16.561	16.78	415.42	415.34
23:34:15	16.818	16.456	16.598	17.186	16.559	16.778	415.42	415.34
23:35:15	16.819	16.454	16.568	17.13	16.56	16.78	415.42	415.34
23:36:15	16.818	16.455	16.543	17.075	16.56	16.782	415.42	415.34
23:37:15	16.818	16.454	16.524	17.022	16.562	16.789	415.42	415.34
23:38:15	16.818	16.455	16.502	16.995	16.562	16.792	415.42	415.34
23:39:15	16.819	16.456	16.48	16.964	16.563	16.79	415.42	415.34
23:40:15	16.819	16.457	16.466	16.95	16.563	16.791	415.42	415.34
23:41:15	16.818	16.458	16.475	16.992	16.563	16.79	415.42	415.34
23:42:15	16.819	16.46	16.485	17.037	16.563	16.792	415.42	415.34
23:43:15	16.819	16.46	16.49	17.074	16.562	16.788	415.42	415.34
23:44:15	16.819	16.46	16.497	17.108	16.564	16.789	415.42	415.34
23:45:15	16.818	16.461	16.504	17.146	16.563	16.791	415.42	415.34
23:46:15	16.818	16.461	16.515	17.175	16.564	16.788	415.42	415.34
23:47:15	16.819	16.462	16.528	17.218	16.563	16.786	415.42	415.34
23:48:15	16.82	16.461	16.539	17.256	16.562	16.786	415.42	415.34
23:49:15	16.819	16.462	16.553	17.299	16.564	16.787	415.42	415.34
23:50:15	16.819	16.461	16.563	17.333	16.563	16.783	415.42	415.34
23:51:15	16.819	16.46	16.575	17.359	16.563	16.783	415.42	415.34
23:52:15	16.82	16.46	16.584	17.384	16.563	16.785	415.42	415.34
23:53:15	16.819	16.46	16.595	17.399	16.564	16.786	415.42	415.34
23:54:15	16.819	16.461	16.604	17.412	16.564	16.785	415.42	415.34
23:55:15	16.819	16.462	16.616	17.422	16.565	16.783	415.42	415.34
23:56:15	16.819	16.461	16.621	17.434	16.565	16.783	415.42	415.34
23:57:14	16.82	16.462	16.627	17.439	16.565	16.783	415.42	415.34
23:58:15	16.82	16.461	16.613	17.378	16.565	16.784	415.42	415.34
23:59:15	16.82	16.462	16.602	17.328	16.565	16.782	415.42	415.34
