00:00:43	16.412	16.097	16.268	17.272	16.171	16.312	415.42	415.34
00:01:43	16.411	16.096	16.271	17.272	16.172	16.313	415.42	415.34
00:02:43	16.412	16.097	16.27	17.266	16.171	16.311	415.42	415.34
00:03:43	16.414	16.099	16.275	17.27	16.173	16.313	415.42	415.34
00:04:44	16.414	16.099	16.278	17.274	16.169	16.312	415.42	415.34
00:05:43	0.0	16.099	16.282	17.278	16.174	16.313	415.42	415.34
00:06:43	16.414	16.1	16.287	17.276	16.171	16.313	415.42	415.34
00:07:43	16.414	16.101	16.29	17.278	16.171	16.314	415.42	415.34
00:08:43	16.415	16.102	16.295	17.287	16.172	16.313	415.42	415.34
00:09:43	16.414	16.101	16.294	17.289	16.171	16.313	415.42	415.34
00:10:43	16.414	16.103	16.297	17.291	16.171	16.313	415.42	415.34
00:11:43	16.415	16.102	16.298	17.285	16.171	16.314	415.42	415.34
00:12:43	16.415	16.102	16.297	17.284	16.172	16.313	415.42	415.34
00:13:43	16.416	16.104	16.298	17.28	16.172	16.312	415.42	415.34
00:14:43	16.417	16.103	16.297	17.28	16.174	16.314	415.42	415.34
00:15:43	16.417	16.104	16.297	17.279	16.175	16.315	415.42	415.34
00:16:43	16.416	16.105	16.3	17.279	16.174	16.313	415.42	415.34
00:17:43	16.417	16.106	16.298	17.278	16.174	16.313	415.42	415.34
00:18:43	16.417	16.106	16.299	17.28	16.174	16.313	415.42	415.34
00:19:43	16.418	16.106	16.3	17.28	16.174	16.314	415.42	415.34
00:20:43	16.418	16.107	16.303	17.284	16.177	16.314	415.42	415.34
00:21:43	16.419	16.106	16.31	17.295	16.174	16.313	415.42	415.34
00:22:43	16.419	16.106	16.307	17.298	16.173	16.312	415.42	415.34
00:23:43	16.418	16.106	16.308	17.307	16.174	16.315	415.42	415.34
00:24:43	16.419	16.107	16.312	17.309	16.174	16.313	415.42	415.34
00:25:43	16.42	16.107	16.313	17.314	16.176	16.314	415.42	415.34
00:26:43	16.418	16.108	16.315	17.313	16.175	16.314	415.42	415.34
00:27:43	16.42	16.108	16.312	17.314	16.176	16.314	415.42	415.34
00:28:43	16.42	16.109	16.316	17.318	16.176	16.314	415.42	415.34
00:29:43	16.42	16.109	16.319	17.319	16.175	16.313	415.42	415.34
00:30:43	16.42	16.109	16.318	17.32	16.176	16.313	415.42	415.34
00:31:43	16.42	16.108	16.32	17.324	16.175	16.313	415.42	415.34
00:32:43	16.422	16.109	16.321	17.327	16.173	16.313	415.42	415.34
00:33:43	16.421	16.109	16.321	17.328	16.173	16.314	415.42	415.34
00:34:43	16.422	16.111	16.327	17.331	16.175	16.314	415.42	415.34
00:35:43	16.422	16.111	16.329	17.331	16.174	16.315	415.42	415.34
00:36:45	16.422	16.111	16.332	17.334	16.174	16.315	415.42	415.34
00:37:43	16.423	16.111	16.332	17.335	16.173	16.314	415.42	415.34
00:38:43	16.422	16.112	16.329	17.332	16.174	16.315	415.42	415.34
00:39:43	16.423	16.112	16.331	17.33	16.175	16.315	415.42	415.34
00:40:43	16.422	16.112	16.336	17.333	16.175	16.315	415.42	415.34
00:41:43	16.423	16.114	16.334	17.332	16.174	16.315	415.42	415.34
00:42:43	16.424	16.112	16.334	17.33	16.174	16.314	415.42	415.34
00:43:43	16.424	16.113	16.335	17.329	16.174	16.315	415.42	415.34
00:44:43	16.424	16.115	16.337	17.33	16.176	16.317	415.42	415.34
00:45:43	16.424	16.114	16.338	17.335	16.175	16.315	415.42	415.34
00:46:43	16.426	16.115	16.341	17.337	16.174	16.315	415.42	415.34
00:47:43	16.426	16.117	16.338	17.338	16.175	16.315	415.42	415.34
00:48:43	16.427	16.116	16.342	17.333	16.174	16.315	415.42	415.34
00:49:43	16.426	16.117	16.345	17.336	16.176	16.316	415.42	415.34
00:50:43	16.426	16.116	16.346	17.335	16.177	16.316	415.42	415.34
00:51:43	16.427	16.118	16.352	17.335	16.176	16.316	415.42	415.34
00:52:43	16.427	16.118	16.348	17.345	16.175	16.315	415.42	415.34
00:53:43	16.427	16.119	16.347	17.344	16.176	16.317	415.42	415.34
00:54:43	16.428	16.119	16.349	17.338	16.177	16.315	415.42	415.34
00:55:43	16.428	16.121	16.356	17.345	16.178	16.316	415.42	415.34
00:56:43	16.429	16.121	16.359	17.353	16.177	16.316	415.42	415.34
00:57:43	16.428	16.121	16.357	17.355	16.179	16.316	415.42	415.34
00:58:43	16.43	16.123	16.356	17.36	16.179	16.318	415.42	415.34
00:59:43	16.43	16.124	16.357	17.36	16.178	16.318	415.42	415.34
01:00:43	16.431	16.124	16.36	17.364	16.179	16.318	415.42	415.34
01:01:43	16.431	16.124	16.358	17.361	16.178	16.318	415.42	415.34
01:02:43	16.431	16.126	16.36	17.367	16.178	16.318	415.42	415.34
01:03:43	16.431	16.127	16.363	17.368	16.179	16.317	415.42	415.34
01:04:43	16.432	16.127	16.363	17.363	16.179	16.317	415.42	415.34
01:05:43	16.434	16.128	16.363	17.371	16.179	16.318	415.42	415.34
01:06:43	16.432	16.128	16.367	17.371	16.182	16.318	415.42	415.34
01:07:43	16.432	16.128	16.367	17.375	16.182	16.319	415.42	415.34
01:08:43	16.433	16.129	16.371	17.382	16.18	16.317	415.42	415.34
01:09:43	16.433	16.129	16.379	17.388	16.181	16.319	415.42	415.34
01:10:43	16.435	16.13	16.376	17.387	16.181	16.318	415.42	415.34
01:11:43	16.434	16.13	16.385	17.39	16.182	16.317	415.42	415.34
01:12:43	16.434	16.131	16.388	17.394	16.184	16.32	415.42	415.34
01:13:43	16.435	16.132	16.385	17.394	16.184	16.319	415.42	415.34
01:14:43	16.435	16.131	16.382	17.392	16.181	16.317	415.42	415.34
01:15:43	16.435	16.133	16.387	17.396	16.183	16.318	415.42	415.34
01:16:43	16.435	16.133	16.389	17.398	16.184	16.319	415.42	415.34
01:17:43	16.436	16.134	16.395	17.404	16.183	16.32	415.42	415.34
01:18:43	16.436	16.133	16.39	17.402	16.186	16.318	415.42	415.34
01:19:43	16.436	16.136	16.391	17.398	16.184	16.319	415.42	415.34
01:20:43	16.437	16.136	16.393	17.399	16.185	16.319	415.42	415.34
01:21:43	16.438	16.136	16.398	17.399	16.184	16.32	415.42	415.34
01:22:43	16.438	16.137	16.4	17.395	16.185	16.32	415.42	415.34
01:23:43	16.438	16.139	16.401	17.393	16.188	16.32	415.42	415.34
01:24:43	16.439	16.139	16.402	17.394	16.186	16.32	415.42	415.34
01:25:43	16.44	16.139	16.397	17.392	16.185	16.32	415.42	415.34
01:26:43	16.439	16.139	16.382	17.393	16.184	16.321	415.42	415.34
01:27:43	16.44	16.139	16.391	17.394	16.185	16.32	415.42	415.34
01:28:45	16.44	16.141	16.398	17.394	16.185	16.32	415.42	415.34
01:29:43	16.44	16.139	16.4	17.394	16.185	16.32	415.42	415.34
01:30:43	16.441	16.14	16.401	17.39	16.184	16.319	415.42	415.34
01:31:43	16.44	16.141	16.406	17.387	16.187	16.32	415.42	415.34
01:32:44	16.442	16.142	16.403	17.393	16.188	16.32	415.42	415.34
01:33:44	16.443	16.142	16.407	17.392	16.187	16.32	415.42	415.34
01:34:44	16.442	16.144	16.411	17.391	16.188	16.32	415.42	415.34
01:35:44	16.442	16.145	16.407	17.393	16.188	16.322	415.42	415.34
01:36:44	16.443	16.144	16.395	17.394	16.186	16.319	415.42	415.34
01:37:44	16.444	16.146	16.391	17.393	16.189	16.322	415.42	415.34
01:38:44	16.444	16.146	16.383	17.401	16.187	16.321	415.42	415.34
01:39:44	16.445	16.147	16.395	17.402	16.189	16.322	415.42	415.34
01:40:44	16.446	16.148	16.379	17.4	16.19	16.322	415.42	415.34
01:41:44	16.446	16.148	16.374	17.398	16.19	16.322	415.42	415.34
01:42:44	16.445	16.149	16.368	17.405	16.19	16.321	415.42	415.34
01:43:44	16.446	16.151	16.371	17.401	16.19	16.322	415.42	415.34
01:44:44	16.446	16.151	16.375	17.402	16.19	16.322	415.42	415.34
01:45:44	16.448	16.152	16.363	17.398	16.191	16.322	415.42	415.34
01:46:44	16.449	16.153	16.365	17.398	16.189	16.324	415.42	415.34
01:47:44	16.448	16.154	16.352	17.399	16.191	16.323	415.42	415.34
01:48:44	16.449	16.155	16.341	17.404	16.192	16.323	415.42	415.34
01:49:44	16.449	16.156	16.357	17.405	16.193	16.323	415.42	415.34
01:50:44	16.45	16.155	16.346	17.404	16.193	16.324	415.42	415.34
01:51:44	16.45	16.156	16.351	17.406	16.191	16.323	415.42	415.34
01:52:44	16.451	16.157	16.351	17.404	16.192	16.323	415.42	415.34
01:53:44	16.451	16.157	16.336	17.404	16.193	16.323	415.42	415.34
01:54:44	16.451	16.158	16.328	17.403	16.194	16.324	415.42	415.34
01:55:44	16.452	16.158	16.332	17.401	16.195	16.324	415.42	415.34
01:56:44	16.451	16.159	16.329	17.399	16.194	16.325	415.42	415.34
01:57:44	16.452	16.159	16.326	17.396	16.197	16.324	415.42	415.34
01:58:44	16.452	16.159	16.346	17.398	16.195	16.324	415.42	415.34
01:59:44	16.453	16.161	16.322	17.395	16.195	16.325	415.42	415.34
02:00:44	16.453	16.163	16.279	17.399	16.196	16.324	415.42	415.34
02:01:44	16.454	16.163	16.29	17.403	16.196	16.325	415.42	415.34
02:02:44	16.454	16.164	16.282	17.414	16.195	16.326	415.42	415.34
02:03:44	16.454	16.164	16.303	17.415	16.197	16.325	415.42	415.34
02:04:44	16.455	16.165	16.295	17.423	16.198	16.324	415.42	415.34
02:05:44	16.456	16.165	16.289	17.425	16.197	16.325	415.42	415.34
02:06:44	16.456	16.166	16.28	17.425	16.196	16.325	415.42	415.34
02:07:44	16.456	16.166	16.304	17.432	16.198	16.325	415.42	415.34
02:08:44	16.456	16.167	16.287	17.437	16.196	16.325	415.42	415.34
02:09:44	16.457	16.167	16.279	17.44	16.196	16.325	415.42	415.34
02:10:45	16.458	16.168	16.299	17.446	16.196	16.327	415.42	415.34
02:11:44	16.458	16.168	16.304	17.416	16.196	16.325	415.42	415.34
02:12:44	16.459	16.169	16.195	17.228	16.198	16.325	415.42	415.34
02:13:45	16.459	16.17	16.054	17.083	16.197	16.325	415.42	415.34
02:14:44	0.0	16.171	15.944	16.948	16.198	16.327	415.42	415.34
02:15:45	16.46	16.172	15.932	16.878	16.197	16.326	415.42	415.34
02:16:44	0.0	16.171	15.887	16.818	16.198	16.326	415.42	415.34
02:17:44	16.462	16.173	15.786	16.726	16.198	16.327	415.42	415.34
02:18:46	16.461	16.173	15.939	16.83	16.197	16.326	415.42	415.34
02:19:44	16.462	16.174	16.054	16.965	16.199	16.326	415.42	415.34
02:20:46	16.463	16.174	16.12	17.073	16.2	16.326	415.42	415.34
02:21:44	16.462	16.176	16.102	17.148	16.2	16.327	415.42	415.34
02:22:44	16.463	16.177	16.099	17.193	16.199	16.326	415.42	415.34
02:23:44	16.463	16.177	16.133	17.23	16.199	16.327	415.42	415.34
02:24:44	16.464	16.177	16.17	17.256	16.199	16.327	415.42	415.34
02:25:44	16.464	16.178	16.189	17.275	16.2	16.327	415.42	415.34
02:26:44	16.464	16.179	16.214	17.284	16.202	16.328	415.42	415.34
02:27:44	16.464	16.179	16.225	17.294	16.202	16.328	415.42	415.34
02:28:44	16.465	16.181	16.231	17.308	16.203	16.329	415.42	415.34
02:29:44	16.466	16.181	16.243	17.314	16.204	16.328	415.42	415.34
02:30:44	16.467	16.181	16.254	17.321	16.204	16.328	415.42	415.34
02:31:44	16.466	16.184	16.261	17.32	16.204	16.329	415.42	415.34
02:32:44	16.467	16.184	16.259	17.32	16.203	16.328	415.42	415.34
02:33:44	16.467	16.184	16.259	17.321	16.201	16.328	415.42	415.34
02:34:44	16.467	16.184	16.264	17.332	16.204	16.327	415.42	415.34
02:35:44	16.468	16.185	16.273	17.337	16.204	16.33	415.42	415.34
02:36:44	16.468	16.186	16.28	17.349	16.204	16.328	415.42	415.34
02:37:44	16.47	16.187	16.29	17.351	16.205	16.33	415.42	415.34
02:38:44	16.469	16.188	16.295	17.357	16.206	16.329	415.42	415.34
02:39:44	16.47	16.188	16.298	17.363	16.203	16.329	415.42	415.34
02:40:44	16.471	16.189	16.304	17.364	16.205	16.33	415.42	415.34
02:41:44	16.471	16.191	16.307	17.372	16.206	16.33	415.42	415.34
02:42:44	16.471	16.191	16.311	17.382	16.208	16.33	415.42	415.34
02:43:44	16.472	16.192	16.314	17.387	16.207	16.33	415.42	415.34
02:44:44	16.471	16.192	16.324	17.391	16.208	16.33	415.42	415.34
02:45:44	16.472	16.192	16.333	17.393	16.208	16.33	415.42	415.34
02:46:44	16.472	16.193	16.334	17.398	16.206	16.329	415.42	415.34
02:47:44	16.474	16.193	16.338	17.412	16.207	16.33	415.42	415.34
02:48:44	16.473	16.194	16.335	17.416	16.208	16.329	415.42	415.34
02:49:44	16.473	16.193	16.345	17.425	16.208	16.331	415.42	415.34
02:50:44	16.474	16.194	16.349	17.437	16.21	16.331	415.42	415.34
02:51:44	16.475	16.195	16.13	17.326	16.209	16.331	415.42	415.34
02:52:44	16.474	16.195	15.904	17.106	16.211	16.33	415.42	415.34
02:53:44	16.475	16.196	15.73	16.954	16.208	16.33	415.42	415.34
02:54:44	16.476	16.197	15.634	16.847	16.205	16.33	415.42	415.34
02:55:44	16.475	16.196	15.55	16.716	16.207	16.331	415.42	415.34
02:56:44	16.476	16.197	15.471	16.649	16.208	16.329	415.42	415.34
02:57:44	16.477	16.197	15.493	16.649	16.209	16.33	415.42	415.34
02:58:44	16.477	16.199	15.71	16.751	16.207	16.33	415.42	415.34
02:59:44	16.478	16.198	15.869	16.892	16.206	16.33	415.42	415.34
03:00:44	16.477	16.199	15.927	17.003	16.208	16.331	415.42	415.34
03:01:44	16.478	16.199	15.97	17.093	16.21	16.332	415.42	415.34
03:02:44	16.478	16.199	16.024	17.163	16.208	16.332	415.42	415.34
03:03:44	16.479	16.2	16.049	17.212	16.208	16.331	415.42	415.34
03:04:44	16.48	16.2	16.074	17.246	16.207	16.33	415.42	415.34
03:05:44	16.48	16.201	16.096	17.279	16.208	16.331	415.42	415.34
03:06:45	16.479	16.2	16.104	17.303	16.208	16.331	415.42	415.34
03:07:44	16.48	16.201	16.118	17.324	16.209	16.331	415.42	415.34
03:08:44	16.481	16.202	16.129	17.34	16.21	16.331	415.42	415.34
03:09:44	16.48	16.201	16.146	17.362	16.209	16.332	415.42	415.34
03:10:44	16.482	16.201	16.166	17.364	16.21	16.332	415.42	415.34
03:11:44	16.481	16.201	16.174	17.354	16.211	16.331	415.42	415.34
03:12:44	16.481	16.202	16.176	17.338	16.209	16.332	415.42	415.34
03:13:45	16.482	16.203	16.177	17.322	16.21	16.333	415.42	415.34
03:14:44	16.482	16.204	16.182	17.313	16.211	16.333	415.42	415.34
03:15:44	16.483	16.204	16.188	17.303	16.211	16.333	415.42	415.34
03:16:44	16.482	16.205	16.196	17.295	16.21	16.332	415.42	415.34
03:17:44	16.483	16.203	16.202	17.28	16.21	16.333	415.42	415.34
03:18:45	16.483	16.204	16.207	17.27	16.21	16.332	415.42	415.34
03:19:44	16.483	16.205	16.211	17.262	16.209	16.333	415.42	415.34
03:20:44	16.485	16.204	16.217	17.252	16.209	16.333	415.42	415.34
03:21:44	16.484	16.205	16.219	17.252	16.211	16.333	415.42	415.34
03:22:44	16.485	16.205	16.226	17.252	16.209	16.334	415.42	415.34
03:23:44	16.485	16.206	16.233	17.251	16.21	16.332	415.42	415.34
03:24:44	16.485	16.206	16.235	17.241	16.211	16.333	415.42	415.34
03:25:44	16.485	16.205	16.236	17.235	16.21	16.333	415.42	415.34
03:26:44	16.484	16.206	16.24	17.229	16.211	16.332	415.42	415.34
03:27:44	16.486	16.206	16.248	17.223	16.21	16.333	415.42	415.34
03:28:44	16.485	16.207	16.251	17.219	16.211	16.333	415.42	415.34
03:29:44	16.486	16.207	16.248	17.219	16.21	16.334	415.42	415.34
03:30:44	16.485	16.208	16.251	17.216	16.212	16.333	415.42	415.34
03:31:44	16.486	16.205	16.254	17.212	16.211	16.332	415.42	415.34
03:32:44	16.486	16.205	16.254	17.211	16.209	16.333	415.42	415.34
03:33:44	16.487	16.206	16.256	17.211	16.208	16.332	415.42	415.34
03:34:44	16.485	16.206	16.256	17.208	16.21	16.333	415.42	415.34
03:35:44	16.486	16.206	16.258	17.202	16.208	16.332	415.42	415.34
03:36:44	16.486	16.205	16.263	17.198	16.207	16.331	415.42	415.34
03:37:44	16.487	16.204	16.267	17.196	16.208	16.333	415.42	415.34
03:38:44	16.486	16.205	16.27	17.191	16.207	16.331	415.42	415.34
03:39:44	16.486	16.205	16.267	17.188	16.207	16.332	415.42	415.34
03:40:44	16.487	16.204	16.269	17.186	16.209	16.334	415.42	415.34
03:41:44	16.487	16.204	16.267	17.189	16.208	16.333	415.42	415.34
03:42:45	16.488	16.204	16.269	17.185	16.208	16.332	415.42	415.34
03:43:45	16.488	16.204	16.27	17.184	16.207	16.333	415.42	415.34
03:44:45	16.489	16.204	16.275	17.18	16.207	16.332	415.42	415.34
03:45:45	16.488	16.203	16.278	17.181	16.208	16.332	415.42	415.34
03:46:45	16.489	16.203	16.278	17.18	16.206	16.332	415.42	415.34
03:47:45	16.489	16.203	16.275	17.179	16.206	16.332	415.42	415.34
03:48:45	16.489	16.204	16.273	17.176	16.207	16.331	415.42	415.34
03:49:45	16.488	16.202	16.274	17.175	16.206	16.333	415.42	415.34
03:50:45	16.489	16.203	16.276	17.177	16.207	16.332	415.42	415.34
03:51:45	16.488	16.203	16.276	17.177	16.206	16.332	415.42	415.34
03:52:45	16.49	16.204	16.276	17.179	16.205	16.333	415.42	415.34
03:53:45	16.489	16.203	16.278	17.176	16.208	16.332	415.42	415.34
03:54:45	16.49	16.204	16.278	17.176	16.206	16.333	415.42	415.34
03:55:45	16.489	16.204	16.282	17.175	16.206	16.333	415.42	415.34
03:56:47	16.488	16.203	16.287	17.174	16.205	16.332	415.42	415.34
03:57:45	16.491	16.205	16.285	17.172	16.207	16.333	415.42	415.34
03:58:45	16.491	16.206	16.283	17.175	16.205	16.333	415.42	415.34
03:59:45	16.491	16.206	16.283	17.173	16.207	16.333	415.42	415.34
04:00:45	16.491	16.205	16.285	17.165	16.207	16.333	415.42	415.34
04:01:46	16.491	16.205	16.287	17.161	16.207	16.332	415.42	415.34
04:02:45	16.491	16.206	16.288	17.163	16.207	16.334	415.42	415.34
04:03:45	16.491	16.205	16.285	17.16	16.207	16.332	415.42	415.34
04:04:45	16.491	16.206	16.287	17.162	16.205	16.332	415.42	415.34
04:05:45	16.491	16.205	16.284	17.159	16.206	16.333	415.42	415.34
04:06:45	16.49	16.203	16.28	17.152	16.204	16.331	415.42	415.34
04:07:45	16.491	16.204	16.28	17.15	16.203	16.33	415.42	415.34
04:08:47	16.49	16.202	16.283	17.149	16.204	16.331	415.42	415.34
04:09:45	16.491	16.202	16.287	17.149	16.204	16.333	415.42	415.34
04:10:45	16.491	16.203	16.29	17.149	16.204	16.332	415.42	415.34
04:11:47	16.492	16.203	16.292	17.153	16.205	16.331	415.42	415.34
04:12:45	16.491	16.203	16.29	17.15	16.203	16.332	415.42	415.34
04:13:45	16.492	16.203	16.288	17.148	16.203	16.333	415.42	415.34
04:14:45	16.492	16.203	16.288	17.145	16.202	16.332	415.42	415.34
04:15:45	16.493	16.204	16.286	17.14	16.203	16.331	415.42	415.34
04:16:46	16.493	16.203	16.287	17.144	16.204	16.332	415.42	415.34
04:17:45	16.493	16.203	16.284	17.141	16.203	16.333	415.42	415.34
04:18:45	16.492	16.204	16.283	17.138	16.203	16.331	415.42	415.34
04:19:45	16.492	16.204	16.285	17.139	16.203	16.331	415.42	415.34
04:20:45	16.493	16.203	16.283	17.146	16.203	16.332	415.42	415.34
04:21:45	16.493	16.204	16.282	17.146	16.204	16.333	415.42	415.34
04:22:45	16.492	16.204	16.284	17.148	16.203	16.332	415.42	415.34
04:23:45	16.493	16.203	16.286	17.146	16.204	16.331	415.42	415.34
04:24:45	16.493	16.204	16.286	17.146	16.203	16.333	415.42	415.34
04:25:45	16.493	16.205	16.286	17.15	16.204	16.331	415.42	415.34
04:26:45	16.494	16.205	16.287	17.151	16.203	16.332	415.42	415.34
04:27:45	16.493	16.205	16.288	17.147	16.203	16.333	415.42	415.34
04:28:45	16.493	16.205	16.287	17.141	16.203	16.332	415.42	415.34
04:29:45	16.493	16.205	16.291	17.141	16.203	16.332	415.42	415.34
04:30:45	16.495	16.206	16.288	17.138	16.204	16.333	415.42	415.34
04:31:45	16.495	16.206	16.289	17.137	16.203	16.331	415.42	415.34
04:32:45	16.495	16.206	16.29	17.131	16.204	16.333	415.42	415.34
04:33:45	16.495	16.206	16.285	17.13	16.201	16.332	415.42	415.34
04:34:45	16.495	16.206	16.286	17.131	16.203	16.334	415.42	415.34
04:35:45	16.495	16.207	16.288	17.13	16.202	16.332	415.42	415.34
04:36:45	16.495	16.207	16.285	17.133	16.203	16.333	415.42	415.34
04:37:45	16.497	16.207	16.287	17.13	16.203	16.334	415.42	415.34
04:38:45	16.497	16.207	16.284	17.125	16.204	16.333	415.42	415.34
04:39:45	16.496	16.207	16.286	17.125	16.204	16.334	415.42	415.34
04:40:46	16.497	16.208	16.282	17.126	16.204	16.333	415.42	415.34
04:41:45	16.497	16.209	16.285	17.122	16.202	16.332	415.42	415.34
04:42:45	16.496	16.208	16.283	17.122	16.202	16.333	415.42	415.34
04:43:46	16.496	16.208	16.286	17.125	16.203	16.332	415.42	415.34
04:44:45	16.497	16.208	16.285	17.128	16.201	16.332	415.42	415.34
04:45:45	16.498	16.208	16.281	17.131	16.202	16.331	415.42	415.34
04:46:45	16.498	16.209	16.285	17.131	16.202	16.331	415.42	415.34
04:47:45	16.497	16.208	16.285	17.13	16.202	16.331	415.42	415.34
04:48:45	16.498	16.207	16.285	17.13	16.202	16.332	415.42	415.34
04:49:45	16.498	16.207	16.287	17.127	16.2	16.332	415.42	415.34
04:50:45	16.498	16.208	16.285	17.129	16.202	16.333	415.42	415.34
04:51:45	16.498	16.207	16.284	17.131	16.201	16.331	415.42	415.34
04:52:45	16.499	16.208	16.28	17.126	16.201	16.332	415.42	415.34
04:53:45	16.499	16.209	16.283	17.121	16.202	16.333	415.42	415.34
04:54:45	16.499	16.21	16.287	17.116	16.203	16.334	415.42	415.34
04:55:45	16.5	16.208	16.29	17.113	16.201	16.332	415.42	415.34
04:56:45	16.498	16.208	16.286	17.114	16.2	16.333	415.42	415.34
04:57:45	16.499	16.209	16.285	17.118	16.203	16.332	415.42	415.34
04:58:45	16.499	16.209	16.284	17.116	16.203	16.334	415.42	415.34
04:59:45	16.499	16.209	16.281	17.111	16.202	16.333	415.42	415.34
05:00:45	16.499	16.209	16.284	17.109	16.207	16.333	415.42	415.34
05:01:45	16.499	16.209	16.282	17.106	16.206	16.334	415.42	415.34
05:02:45	16.5	16.209	16.283	17.107	16.205	16.333	415.42	415.34
05:03:45	16.501	16.211	16.281	17.112	16.206	16.331	415.42	415.34
05:04:45	16.501	16.209	16.277	17.116	16.207	16.333	415.42	415.34
05:05:45	16.501	16.21	16.279	17.119	16.208	16.333	415.42	415.34
05:06:45	16.5	16.211	16.278	17.124	16.207	16.332	415.42	415.34
05:07:45	16.501	16.21	16.282	17.127	16.207	16.334	415.42	415.34
05:08:45	16.501	16.21	16.282	17.123	16.21	16.333	415.42	415.34
05:09:45	16.501	16.211	16.28	17.124	16.21	16.332	415.42	415.34
05:10:45	16.499	16.21	16.28	17.121	16.207	16.332	415.42	415.34
05:11:45	16.501	16.21	16.279	17.123	16.206	16.332	415.42	415.34
05:12:45	16.501	16.21	16.28	17.125	16.208	16.333	415.42	415.34
05:13:45	16.501	16.208	16.283	17.132	16.21	16.333	415.42	415.34
05:14:45	16.501	16.209	16.282	17.134	16.207	16.332	415.42	415.34
05:15:45	16.501	16.21	16.281	17.135	16.205	16.332	415.42	415.34
05:16:45	16.501	16.209	16.282	17.133	16.204	16.332	415.42	415.34
05:17:46	16.501	16.208	16.28	17.134	16.203	16.331	415.42	415.34
05:18:45	16.502	16.208	16.284	17.138	16.204	16.332	415.42	415.34
05:19:45	16.502	16.209	16.283	17.135	16.202	16.331	415.42	415.34
05:20:45	16.502	16.21	16.281	17.133	16.201	16.332	415.42	415.34
05:21:45	16.501	16.209	16.284	17.132	16.2	16.331	415.42	415.34
05:22:45	16.502	16.208	16.281	17.13	16.201	16.331	415.42	415.34
05:23:45	16.502	16.209	16.284	17.13	16.201	16.332	415.42	415.34
05:24:45	16.502	16.209	16.283	17.126	16.201	16.333	415.42	415.34
05:25:46	16.503	16.21	16.283	17.127	16.201	16.331	415.42	415.34
05:26:45	16.502	16.209	16.28	17.125	16.201	16.331	415.42	415.34
05:27:47	16.504	16.21	16.279	17.129	16.201	16.331	415.42	415.34
05:28:45	16.502	16.21	16.279	17.13	16.2	16.333	415.42	415.34
05:29:45	16.502	16.21	16.282	17.13	16.2	16.331	415.42	415.34
05:30:48	16.503	16.21	16.285	17.127	16.2	16.333	415.42	415.34
05:31:45	16.504	16.209	16.282	17.127	16.2	16.332	415.42	415.34
05:32:45	16.503	16.21	16.285	17.126	16.198	16.333	415.42	415.34
05:33:45	16.504	16.211	16.282	17.124	16.2	16.333	415.42	415.34
05:34:45	16.504	16.211	16.286	17.122	16.198	16.333	415.42	415.34
05:35:45	16.504	16.211	16.285	17.122	16.199	16.334	415.42	415.34
05:36:45	16.503	16.211	16.285	17.122	16.2	16.332	415.42	415.34
05:37:45	16.503	16.211	16.28	17.12	16.199	16.333	415.42	415.34
05:38:45	16.504	16.211	16.283	17.114	16.198	16.331	415.42	415.34
05:39:45	16.504	16.211	16.284	17.115	16.199	16.332	415.42	415.34
05:40:45	16.504	16.211	16.282	17.118	16.2	16.332	415.42	415.34
05:41:45	16.504	16.21	16.283	17.119	16.198	16.333	415.42	415.34
05:42:45	16.505	16.21	16.282	17.118	16.201	16.332	415.42	415.34
05:43:45	16.504	16.213	16.28	17.115	16.2	16.33	415.42	415.34
05:44:45	16.505	16.211	16.282	17.115	16.202	16.332	415.42	415.34
05:45:45	16.504	16.212	16.284	17.114	16.201	16.331	415.42	415.34
05:46:45	16.504	16.212	16.281	17.113	16.201	16.332	415.42	415.34
05:47:45	16.506	16.212	16.281	17.112	16.201	16.332	415.42	415.34
05:48:45	16.506	16.212	16.283	17.113	16.202	16.332	415.42	415.34
05:49:45	16.505	16.212	16.28	17.116	16.2	16.332	415.42	415.34
05:50:45	16.505	16.212	16.283	17.117	16.2	16.332	415.42	415.34
05:51:45	16.506	16.214	16.28	17.112	16.202	16.332	415.42	415.34
05:52:45	16.507	16.212	16.281	17.11	16.201	16.333	415.42	415.34
05:53:45	16.505	16.212	16.279	17.105	16.198	16.331	415.42	415.34
05:54:45	16.507	16.212	16.283	17.103	16.198	16.331	415.42	415.34
05:55:45	16.506	16.212	16.285	17.096	16.198	16.332	415.42	415.34
05:56:45	16.506	16.212	16.287	17.094	16.197	16.333	415.42	415.34
05:57:45	16.507	16.213	16.281	17.091	16.199	16.334	415.42	415.34
05:58:45	16.506	16.213	16.281	17.089	16.199	16.332	415.42	415.34
05:59:45	16.506	16.212	16.278	17.085	16.198	16.331	415.42	415.34
06:00:45	16.507	16.211	16.277	17.084	16.197	16.331	415.42	415.34
06:01:46	16.506	16.212	16.275	17.082	16.199	16.332	415.42	415.34
06:02:45	16.507	16.212	16.276	17.08	16.197	16.332	415.42	415.34
06:03:45	16.507	16.212	16.278	17.075	16.197	16.333	415.42	415.34
06:04:46	16.508	16.212	16.278	17.076	16.197	16.333	415.42	415.34
06:05:45	0.0	16.213	16.276	17.074	16.198	16.332	415.42	415.34
06:06:45	16.507	16.212	16.272	17.069	16.197	16.331	415.42	415.34
06:07:45	16.507	16.211	16.274	17.066	16.199	16.332	415.42	415.34
06:08:46	16.506	16.211	16.274	17.062	16.198	16.331	415.42	415.34
06:09:46	16.507	16.211	16.27	17.061	16.198	16.331	415.42	415.34
06:10:46	16.506	16.212	16.271	17.062	16.198	16.332	415.42	415.34
06:11:46	16.507	16.211	16.27	17.063	16.197	16.332	415.42	415.34
06:12:46	16.508	16.211	16.268	17.068	16.2	16.332	415.42	415.34
06:13:46	16.508	16.212	16.266	17.068	16.198	16.331	415.42	415.34
06:14:46	16.508	16.212	16.267	17.068	16.198	16.332	415.42	415.34
06:15:46	16.508	16.211	16.266	17.068	16.199	16.332	415.42	415.34
06:16:46	16.507	16.212	16.266	17.07	16.199	16.332	415.42	415.34
06:17:46	16.508	16.212	16.268	17.069	16.2	16.331	415.42	415.34
06:18:46	16.508	16.212	16.266	17.07	16.201	16.331	415.42	415.34
06:19:46	16.508	16.212	16.27	17.068	16.199	16.331	415.42	415.34
06:20:46	0.0	16.211	16.268	17.065	16.199	16.33	415.42	415.34
06:21:46	16.508	16.211	16.263	17.064	16.199	16.332	415.42	415.34
06:22:46	16.508	16.211	16.259	17.064	16.199	16.331	415.42	415.34
06:23:46	16.508	16.211	16.263	17.065	16.201	16.331	415.42	415.34
06:24:46	16.508	16.212	16.265	17.066	16.2	16.331	415.42	415.34
06:25:46	16.509	16.212	16.268	17.065	16.199	16.331	415.42	415.34
06:26:46	16.507	16.211	16.265	17.069	16.201	16.331	415.42	415.34
06:27:46	16.508	16.211	16.263	17.069	16.2	16.332	415.42	415.34
06:28:46	16.509	16.213	16.261	17.07	16.202	16.331	415.42	415.34
06:29:46	16.509	16.213	16.263	17.07	16.2	16.33	415.42	415.34
06:30:46	16.509	16.211	16.264	17.072	16.197	16.33	415.42	415.34
06:31:46	16.508	16.211	16.264	17.075	16.198	16.331	415.42	415.34
06:32:46	16.508	16.211	16.268	17.073	16.197	16.33	415.42	415.34
06:33:46	16.509	16.211	16.263	17.079	16.196	16.33	415.42	415.34
06:34:46	16.508	16.21	16.261	17.081	16.196	16.329	415.42	415.34
06:35:46	16.508	16.21	16.259	17.079	16.195	16.329	415.42	415.34
06:36:46	16.508	16.209	16.259	17.081	16.194	16.329	415.42	415.34
06:37:46	16.508	16.21	16.258	17.078	16.193	16.33	415.42	415.34
06:38:46	16.509	16.21	16.257	17.081	16.193	16.331	415.42	415.34
06:39:46	16.509	16.211	16.258	17.081	16.195	16.329	415.42	415.34
06:40:46	16.508	16.211	16.257	17.083	16.195	16.329	415.42	415.34
06:41:46	16.508	16.212	16.255	17.087	16.194	16.33	415.42	415.34
06:42:46	16.51	16.212	16.258	17.087	16.193	16.332	415.42	415.34
06:43:46	16.51	16.212	16.259	17.084	16.194	16.332	415.42	415.34
06:44:46	16.508	16.213	16.261	17.084	16.194	16.332	415.42	415.34
06:45:46	16.511	16.212	16.259	17.083	16.193	16.331	415.42	415.34
06:46:46	16.509	16.212	16.259	17.084	16.192	16.331	415.42	415.34
06:47:46	16.509	16.212	16.258	17.081	16.193	16.331	415.42	415.34
06:48:46	16.509	16.213	16.257	17.079	16.192	16.33	415.42	415.34
06:49:47	16.51	16.212	16.261	17.076	16.192	16.331	415.42	415.34
06:50:46	0.0	16.213	16.263	17.071	16.192	16.332	415.42	415.34
06:51:46	16.511	16.213	16.263	17.074	16.192	16.33	415.42	415.34
06:52:48	16.51	16.213	16.261	17.073	16.193	16.331	415.42	415.34
06:53:46	16.51	16.213	16.263	17.073	16.193	16.332	415.42	415.34
06:54:47	16.511	16.213	16.263	17.073	16.193	16.331	415.42	415.34
06:55:46	16.511	16.213	16.263	17.073	16.194	16.331	415.42	415.34
06:56:46	16.511	16.214	16.264	17.077	16.193	16.331	415.42	415.34
06:57:46	16.512	16.213	16.262	17.068	16.193	16.332	415.42	415.34
06:58:46	16.511	16.214	16.261	17.061	16.194	16.332	415.42	415.34
06:59:46	16.512	16.215	16.261	17.059	16.194	16.333	415.42	415.34
07:00:46	16.512	16.215	16.258	17.059	16.194	16.332	415.42	415.34
07:01:46	16.512	16.216	16.256	17.058	16.193	16.331	415.42	415.34
07:02:46	16.512	16.215	16.256	17.06	16.193	16.331	415.42	415.34
07:03:46	16.511	16.215	16.259	17.059	16.192	16.331	415.42	415.34
07:04:46	16.511	16.215	16.258	17.06	16.192	16.331	415.42	415.34
07:05:46	16.511	16.215	16.261	17.062	16.193	16.332	415.42	415.34
07:06:46	16.511	16.213	16.258	17.06	16.192	16.332	415.42	415.34
07:07:46	16.513	16.214	16.256	17.062	16.193	16.332	415.42	415.34
07:08:46	16.512	16.214	16.253	17.068	16.192	16.333	415.42	415.34
07:09:46	16.511	16.214	16.252	17.074	16.191	16.331	415.42	415.34
07:10:46	16.511	16.214	16.256	17.081	16.194	16.331	415.42	415.34
07:11:46	16.512	16.213	16.257	17.083	16.196	16.332	415.42	415.34
07:12:46	16.513	16.214	16.258	17.081	16.196	16.332	415.42	415.34
07:13:46	16.513	16.213	16.256	17.082	16.195	16.331	415.42	415.34
07:14:46	16.514	16.213	16.254	17.081	16.195	16.332	415.42	415.34
07:15:46	16.513	16.215	16.253	17.08	16.195	16.333	415.42	415.34
07:16:46	16.512	16.215	16.254	17.084	16.195	16.332	415.42	415.34
07:17:46	16.513	16.215	16.251	17.086	16.196	16.331	415.42	415.34
07:18:46	16.512	16.214	16.252	17.083	16.196	16.33	415.42	415.34
07:19:46	16.513	16.215	16.253	17.084	16.195	16.331	415.42	415.34
07:20:46	16.513	16.215	16.252	17.082	16.198	16.332	415.42	415.34
07:21:46	16.513	16.214	16.252	17.082	16.198	16.331	0.0	415.34
07:22:46	16.513	16.214	16.252	17.083	16.198	16.332	415.42	415.34
07:23:46	16.513	16.213	16.253	17.082	16.197	16.332	415.42	415.34
07:24:46	16.513	16.213	16.254	17.083	16.196	16.331	415.42	415.34
07:25:46	16.512	16.213	16.255	17.078	16.194	16.332	415.42	415.34
07:26:46	16.513	16.214	16.252	17.076	16.196	16.332	415.42	415.34
07:27:46	16.512	16.214	16.255	17.074	16.198	16.332	415.42	415.34
07:28:46	16.514	16.215	16.257	17.076	16.199	16.332	415.42	415.34
07:29:46	16.514	16.214	16.255	17.073	16.196	16.333	415.42	415.34
07:30:46	16.514	16.216	16.26	17.071	16.198	16.332	415.42	415.34
07:31:46	16.514	16.216	16.26	17.07	16.199	16.333	415.42	415.34
07:32:46	16.515	16.216	16.257	17.069	16.198	16.332	415.42	415.34
07:33:46	16.513	16.217	16.254	17.069	16.198	16.333	415.42	415.34
07:34:46	16.516	16.218	16.252	17.07	16.2	16.335	415.42	415.34
07:35:46	16.515	16.218	16.256	17.07	16.201	16.334	415.42	415.34
07:36:46	16.513	16.217	16.254	17.068	16.2	16.333	415.42	415.34
07:37:46	16.514	16.216	16.255	17.067	16.198	16.333	415.42	415.34
07:38:46	16.515	16.217	16.254	17.066	16.198	16.333	415.42	415.34
07:39:46	16.515	16.217	16.257	17.065	16.198	16.333	415.42	415.34
07:40:46	16.515	16.217	16.255	17.067	16.195	16.334	415.42	415.34
07:41:46	16.516	16.218	16.252	17.068	16.198	16.333	415.42	415.34
07:42:46	16.516	16.217	16.255	17.073	16.195	16.333	415.42	415.34
07:43:46	16.515	16.218	16.254	17.07	16.196	16.331	415.42	415.34
07:44:46	16.515	16.217	16.252	17.068	16.196	16.333	415.42	415.34
07:45:46	16.515	16.217	16.253	17.067	16.196	16.333	415.42	415.34
07:46:46	16.515	16.217	16.252	17.065	16.196	16.332	415.42	415.34
07:47:46	16.516	16.216	16.254	17.062	16.196	16.333	415.42	415.34
07:48:46	16.515	16.217	16.256	17.057	16.197	16.333	415.42	415.34
07:49:46	16.515	16.216	16.259	17.057	16.198	16.332	415.42	415.34
07:50:46	16.516	16.217	16.254	17.054	16.198	16.333	415.42	415.34
07:51:46	16.515	16.216	16.255	17.047	16.197	16.333	415.42	415.34
07:52:46	16.516	16.217	16.256	17.046	16.199	16.334	415.42	415.34
07:53:46	16.517	16.217	16.253	17.047	16.196	16.334	415.42	415.34
07:54:46	16.516	16.218	16.251	17.046	16.194	16.333	415.42	415.34
07:55:46	16.517	16.217	16.252	17.045	16.198	16.332	415.42	415.34
07:56:46	16.516	16.217	16.252	17.045	16.197	16.333	415.42	415.34
07:57:46	16.516	16.217	16.253	17.048	16.199	16.332	415.42	415.34
07:58:46	16.515	16.217	16.253	17.046	16.196	16.332	415.42	415.34
07:59:46	16.517	16.215	16.252	17.045	16.194	16.33	415.42	415.34
08:00:46	16.516	16.216	16.249	17.047	16.195	16.331	415.42	415.34
08:01:46	16.516	16.215	16.251	17.044	16.195	16.332	415.42	415.34
08:02:46	16.516	16.215	16.247	17.044	16.196	16.332	415.42	415.34
08:03:46	16.516	16.216	16.25	17.044	16.195	16.332	415.42	415.34
08:04:46	16.516	16.216	16.248	17.05	16.194	16.333	415.42	415.34
08:05:46	16.516	16.215	16.249	17.057	16.194	16.332	415.42	415.34
08:06:46	16.516	16.217	16.255	17.055	16.196	16.333	415.42	415.34
08:07:46	16.516	16.216	16.249	17.054	16.194	16.333	415.42	415.34
08:08:46	16.516	16.216	16.246	17.047	16.195	16.334	415.42	415.34
08:09:46	16.517	16.217	16.246	17.042	16.196	16.333	415.42	415.34
08:10:47	16.517	16.217	16.247	17.038	16.195	16.335	415.42	415.34
08:11:46	0.0	16.218	16.248	17.038	16.198	16.334	415.42	415.34
08:12:46	16.518	16.217	16.246	17.039	16.197	16.332	415.42	415.34
08:13:46	16.516	16.219	16.245	17.039	16.195	16.335	415.42	415.34
08:14:46	16.517	16.218	16.246	17.039	16.193	16.332	415.42	415.34
08:15:46	16.516	16.217	16.245	17.042	16.195	16.333	415.42	415.34
08:16:46	16.516	16.217	16.244	17.041	16.195	16.332	415.42	415.34
08:17:46	16.516	16.216	16.243	17.046	16.195	16.332	415.42	415.34
08:18:47	16.517	16.216	16.241	17.05	16.193	16.331	415.42	415.34
08:19:46	16.516	16.216	16.241	17.063	16.192	16.331	415.42	415.34
08:20:46	16.517	16.215	16.241	17.058	16.192	16.332	415.42	415.34
08:21:46	16.516	16.215	16.246	17.052	16.19	16.331	415.42	415.34
08:22:46	16.516	16.213	16.245	17.04	16.192	16.33	415.42	415.34
08:23:46	16.516	16.215	16.245	17.034	16.193	16.331	415.42	415.34
08:24:46	16.516	16.213	16.244	17.03	16.193	16.332	415.42	415.34
08:25:48	16.517	16.215	16.246	17.022	16.195	16.332	415.42	415.34
08:26:46	16.517	16.215	16.244	17.015	16.197	16.332	415.42	415.34
08:27:46	16.517	16.216	16.242	17.014	16.196	16.333	415.42	415.34
08:28:46	16.517	16.216	16.243	17.013	16.197	16.332	415.42	415.34
08:29:46	16.518	16.216	16.241	17.012	16.194	16.333	415.42	415.34
08:30:46	16.518	16.217	16.235	17.01	16.193	16.333	415.42	415.34
08:31:46	16.517	16.217	16.24	17.006	16.194	16.334	415.42	415.34
08:32:46	16.517	16.217	16.241	17.001	16.193	16.332	415.42	415.34
08:33:46	16.517	16.217	16.239	17.001	16.197	16.332	415.42	415.34
08:34:46	16.517	16.215	16.238	17.001	16.195	16.333	415.42	415.34
08:35:46	16.518	16.217	16.238	17.0	16.194	16.333	415.42	415.34
08:36:46	16.517	16.215	16.236	16.998	16.193	16.332	415.42	415.34
08:37:46	16.517	16.216	16.232	16.994	16.194	16.332	415.42	415.34
08:38:46	16.517	16.215	16.231	16.994	16.193	16.332	415.42	415.34
08:39:46	16.517	16.215	16.227	16.994	16.193	16.332	415.42	415.34
08:40:46	16.517	16.215	16.232	16.993	16.192	16.332	415.42	415.34
08:41:46	16.517	16.215	16.23	16.992	16.191	16.332	415.42	415.34
08:42:46	16.517	16.215	16.23	16.989	16.191	16.331	415.42	415.34
08:43:46	16.518	16.215	16.229	16.988	16.192	16.331	415.42	415.34
08:44:46	16.517	16.214	16.226	16.984	16.192	16.333	415.42	415.34
08:45:46	16.516	16.214	16.228	16.984	16.192	16.333	415.42	415.34
08:46:46	16.517	16.215	16.23	16.986	16.191	16.331	415.42	415.34
08:47:46	16.517	16.214	16.228	16.985	16.19	16.331	415.42	415.34
08:48:46	16.517	16.214	16.228	16.983	16.191	16.33	415.42	415.34
08:49:46	16.517	16.214	16.225	16.979	16.192	16.332	415.42	415.34
08:50:46	16.518	16.214	16.224	16.977	16.192	16.331	415.42	415.34
08:51:46	16.518	16.214	16.223	16.976	16.193	16.332	415.42	415.34
08:52:46	16.519	16.214	16.22	16.977	16.193	16.332	415.42	415.34
08:53:47	16.518	16.215	16.221	16.983	16.193	16.332	415.42	415.34
08:54:46	16.518	16.215	16.222	16.99	16.193	16.332	415.42	415.34
08:55:48	16.517	16.216	16.225	16.985	16.194	16.333	415.42	415.34
08:56:46	16.518	16.216	16.228	16.98	16.192	16.333	415.42	415.34
08:57:47	16.519	16.216	16.223	16.983	16.192	16.333	415.42	415.34
08:58:46	16.518	16.217	16.219	16.976	16.193	16.334	415.42	415.34
08:59:46	16.518	16.217	16.216	16.97	16.193	16.333	415.42	415.34
09:00:46	16.518	16.216	16.219	16.97	16.193	16.333	415.42	415.34
09:01:46	16.519	16.218	16.215	16.968	16.196	16.334	415.42	415.34
09:02:46	16.518	16.218	16.215	16.969	16.197	16.334	415.42	415.34
09:03:46	16.518	16.218	16.216	16.967	16.196	16.334	415.42	415.34
09:04:46	16.519	16.217	16.217	16.967	16.195	16.334	415.42	415.34
09:05:46	16.518	16.218	16.217	16.967	16.197	16.335	415.42	415.34
09:06:46	16.518	16.218	16.212	16.966	16.198	16.335	415.42	415.34
09:07:46	16.518	16.218	16.209	16.964	16.197	16.334	415.42	415.34
09:08:46	16.52	16.218	16.208	16.966	16.196	16.334	415.42	415.34
09:09:46	16.519	16.218	16.207	16.969	16.195	16.334	415.42	415.34
09:10:46	16.519	16.219	16.21	16.969	16.195	16.335	415.42	415.34
09:11:46	16.519	16.219	16.21	16.97	16.195	16.334	415.42	415.34
09:12:46	16.519	16.219	16.213	16.97	16.197	16.336	415.42	415.34
09:13:46	16.519	16.218	16.213	16.971	16.195	16.335	415.42	415.34
09:14:46	16.519	16.218	16.211	16.974	16.196	16.333	415.42	415.34
09:15:46	16.519	16.218	16.212	16.974	16.198	16.335	415.42	415.34
09:16:46	16.519	16.218	16.209	16.975	16.196	16.335	415.42	415.34
09:17:46	16.52	16.218	16.206	16.973	16.196	16.336	415.42	415.34
09:18:47	16.518	16.217	16.205	16.97	16.198	16.335	415.42	415.34
09:19:46	16.519	16.217	16.207	16.97	16.196	16.334	415.42	415.34
09:20:46	16.519	16.218	16.209	0.0	16.192	16.334	415.42	415.34
09:21:47	16.519	16.217	16.209	16.968	16.197	16.335	415.42	415.34
09:22:46	16.52	16.217	16.201	16.971	16.195	16.333	415.42	415.34
09:23:46	16.52	16.217	16.204	16.969	16.193	16.333	415.42	415.34
09:24:47	16.519	16.216	16.207	16.965	16.195	16.333	415.42	415.34
09:25:46	16.519	16.217	16.206	16.964	16.195	16.333	415.42	415.34
09:26:46	16.519	16.217	16.204	16.959	16.194	16.333	415.42	415.34
09:27:46	16.518	16.215	16.204	16.957	16.194	16.333	415.42	415.34
09:28:46	16.519	16.217	16.201	16.957	16.194	16.333	415.42	415.34
09:29:48	16.519	16.216	16.204	16.959	16.196	16.334	415.42	415.34
09:30:46	16.519	16.217	16.206	16.954	16.195	16.334	415.42	415.34
09:31:46	16.518	16.216	16.207	16.955	16.194	16.334	415.42	415.34
09:32:46	16.52	16.217	16.204	16.956	16.196	16.335	415.42	415.34
09:33:46	16.519	16.217	16.201	16.958	16.195	16.334	415.42	415.34
09:34:46	16.52	16.217	16.2	16.96	16.192	16.335	415.42	415.34
09:35:46	16.519	16.216	16.202	16.956	16.193	16.335	415.42	415.34
09:36:46	16.518	16.216	16.203	16.957	16.193	16.335	415.42	415.34
09:37:46	16.519	16.217	16.203	16.958	16.193	16.335	415.42	415.34
09:38:46	16.519	16.216	16.201	16.959	16.191	16.334	415.42	415.34
09:39:46	16.518	16.215	16.198	16.957	16.193	16.333	415.42	415.34
09:40:46	16.519	16.216	16.196	16.959	16.191	16.335	415.42	415.34
09:41:46	16.519	16.217	16.192	16.961	16.191	16.333	415.42	415.34
09:42:46	16.518	16.215	16.193	16.962	16.195	16.334	415.42	415.34
09:43:46	16.519	16.215	16.194	16.961	16.197	16.334	415.42	415.34
09:44:46	16.52	16.215	16.197	16.961	16.195	16.335	415.42	415.34
09:45:46	16.519	16.215	16.193	16.959	16.194	16.335	415.42	415.34
09:46:46	16.519	16.215	16.196	16.954	16.194	16.335	415.42	415.34
09:47:46	16.519	16.214	16.193	16.955	16.196	16.333	415.42	415.34
09:48:46	16.517	16.214	16.188	16.955	16.193	16.334	415.42	415.34
09:49:46	16.517	16.214	16.194	16.957	16.193	16.334	415.42	415.34
09:50:46	16.518	16.214	16.194	16.959	16.196	16.334	415.42	415.34
09:51:46	16.518	16.215	16.196	16.959	16.196	16.333	415.42	415.34
09:52:46	16.52	16.214	16.191	16.961	16.193	16.333	415.42	415.34
09:53:46	16.519	16.214	16.194	16.959	16.194	16.334	415.42	415.34
09:54:46	16.519	16.214	16.192	16.957	16.195	16.335	415.42	415.34
09:55:46	16.518	16.214	16.193	16.957	16.194	16.334	415.42	415.34
09:56:46	16.518	16.213	16.194	16.955	16.191	16.335	415.42	415.34
09:57:46	16.519	16.214	16.198	16.956	16.192	16.335	415.42	415.34
09:58:46	16.519	16.214	16.197	16.955	16.193	16.334	415.42	415.34
09:59:46	16.519	16.213	16.2	16.957	16.194	16.336	415.42	415.34
10:00:46	16.518	16.214	16.193	16.962	16.197	16.335	415.42	415.34
10:01:46	16.519	16.214	16.192	16.96	16.197	16.335	415.42	415.34
10:02:46	16.519	16.215	16.189	16.959	16.193	16.336	415.42	415.34
10:03:46	16.519	16.213	16.189	16.957	16.191	16.335	415.42	415.34
10:04:46	16.519	16.215	16.191	16.954	16.195	16.334	415.42	415.34
10:05:47	16.518	16.214	16.196	16.952	16.194	16.335	415.42	415.34
10:06:46	16.518	16.212	16.199	16.956	16.196	16.336	415.42	415.34
10:07:46	16.518	16.212	16.196	16.955	16.198	16.335	415.42	415.34
10:08:47	16.517	16.213	16.193	16.958	16.194	16.334	415.42	415.34
10:09:46	16.518	16.213	16.192	16.959	16.194	16.335	415.42	415.34
10:10:48	16.517	16.212	16.193	16.963	16.192	16.335	415.42	415.34
10:11:46	16.518	16.212	16.194	16.957	16.194	16.333	415.42	415.34
10:12:46	16.518	16.212	16.194	16.951	16.192	16.333	415.42	415.34
10:13:46	16.518	16.211	16.192	16.948	16.192	16.333	415.42	415.34
10:14:46	16.517	16.211	16.187	16.945	16.193	16.334	415.42	415.34
10:15:46	16.517	16.21	16.186	16.945	16.191	16.334	415.42	415.34
10:16:46	16.518	16.21	16.19	16.946	16.192	16.333	415.42	415.34
10:17:46	16.517	16.211	16.192	16.949	16.193	16.333	415.42	415.34
10:18:46	16.517	16.21	16.191	16.95	16.195	16.334	415.42	415.34
10:19:46	16.517	16.21	16.191	16.952	16.193	16.334	415.42	415.34
10:20:46	16.518	16.21	16.186	16.951	16.188	16.334	415.42	415.34
10:21:46	16.518	16.21	16.189	16.951	16.188	16.334	415.42	415.34
10:22:46	16.517	16.209	16.192	16.949	16.187	16.332	415.42	415.34
10:23:46	16.516	16.209	16.192	16.951	16.187	16.333	415.42	415.34
10:24:46	16.517	16.209	16.189	16.948	16.187	16.333	415.42	415.34
10:25:46	16.517	16.208	16.188	16.949	16.188	16.333	415.42	415.34
10:26:46	16.517	16.209	16.185	16.947	16.187	16.333	415.42	415.34
10:27:47	16.516	16.209	16.181	16.946	16.187	16.333	415.42	415.34
10:28:47	16.519	16.207	16.183	16.947	16.192	16.334	415.42	415.34
10:29:47	16.517	16.209	16.186	16.949	16.193	16.334	415.42	415.34
10:30:47	16.518	16.209	16.185	16.949	16.192	16.334	415.42	415.34
10:31:47	16.517	16.209	16.189	16.952	16.19	16.333	415.42	415.34
10:32:47	16.517	16.209	16.189	16.95	16.189	16.335	415.42	415.34
10:33:47	16.517	16.208	16.19	16.949	16.189	16.333	415.42	415.34
10:34:47	16.516	16.207	16.191	16.949	16.188	16.333	415.42	415.34
10:35:47	16.516	16.207	16.186	16.948	16.193	16.333	415.42	415.34
10:36:47	16.516	16.205	16.186	16.947	16.19	16.332	415.42	415.34
10:37:47	16.516	16.205	16.187	16.948	16.191	16.332	415.42	415.34
10:38:47	16.517	16.207	16.187	16.952	16.192	16.334	415.42	415.34
10:39:47	16.515	16.205	16.186	16.951	16.188	16.333	415.42	415.34
10:40:47	16.516	16.205	16.185	16.947	16.19	16.335	415.42	415.34
10:41:47	16.516	16.205	16.177	16.947	16.19	16.332	415.42	415.34
10:42:48	16.517	16.205	16.185	16.948	16.19	16.333	415.42	415.34
10:43:47	16.516	16.206	16.186	16.946	16.19	16.334	415.42	415.34
10:44:47	16.515	16.204	16.181	16.946	16.19	16.333	415.42	415.34
10:45:47	16.515	16.204	16.18	16.947	16.191	16.332	415.42	415.34
10:46:47	16.515	16.203	16.183	16.951	16.19	16.333	415.42	415.34
10:47:47	16.517	16.204	16.189	16.948	16.191	16.333	415.42	415.34
10:48:47	16.515	16.202	16.191	16.953	16.192	16.332	415.42	415.34
10:49:47	16.515	16.203	16.191	16.956	16.19	16.332	415.42	415.34
10:50:47	16.515	16.203	16.188	16.948	16.19	16.331	415.42	415.34
10:51:47	16.515	16.202	16.185	16.941	16.191	16.331	415.42	415.34
10:52:47	16.514	16.201	16.185	16.938	16.189	16.331	415.42	415.34
10:53:47	16.514	16.202	16.188	16.937	16.187	16.332	415.42	415.34
10:54:47	16.514	16.201	16.182	16.937	16.186	16.331	415.42	415.34
10:55:47	16.515	16.201	16.182	16.937	16.185	16.333	415.42	415.34
10:56:47	16.514	16.202	16.182	16.938	16.187	16.331	415.42	415.34
10:57:47	16.514	16.199	16.181	16.936	16.186	16.33	415.42	415.34
10:58:47	16.514	16.2	16.183	16.937	16.184	16.332	415.42	415.34
10:59:47	16.514	16.2	16.182	16.94	16.185	16.331	415.42	415.34
11:00:47	16.514	16.199	16.179	16.939	16.184	16.332	415.42	415.34
11:01:47	16.514	16.199	16.18	16.94	16.183	16.332	415.42	415.34
11:02:47	16.513	16.199	16.178	16.942	16.183	16.332	415.42	415.34
11:03:47	16.514	16.199	16.183	16.941	16.181	16.331	415.42	415.34
11:04:47	16.515	16.199	16.184	16.941	16.184	16.331	415.42	415.34
11:05:47	16.514	16.199	16.18	16.944	16.182	16.332	415.42	415.34
11:06:47	16.514	16.2	16.178	16.944	16.183	16.332	415.42	415.34
11:07:47	16.513	16.199	16.175	16.94	16.184	16.332	415.42	415.34
11:08:47	16.513	16.197	16.178	16.936	16.183	16.332	415.42	415.34
11:09:47	16.512	16.197	16.181	16.935	16.181	16.33	415.42	415.34
11:10:47	16.514	16.197	16.175	16.936	16.18	16.33	415.42	415.34
11:11:47	16.514	16.196	16.179	16.937	16.181	16.331	415.42	415.34
11:12:47	16.512	16.196	16.181	16.94	16.178	16.33	415.42	415.34
11:13:47	16.513	16.195	16.177	16.94	16.18	16.332	415.42	415.34
11:14:47	16.512	16.195	16.176	16.934	16.179	16.331	415.42	415.34
11:15:47	16.511	16.195	16.174	16.929	16.18	16.331	415.42	415.34
11:16:47	16.512	16.195	16.176	16.929	16.181	16.331	415.42	415.34
11:17:48	16.512	16.195	16.177	16.931	16.18	16.333	415.42	415.34
11:18:47	16.511	16.195	16.176	16.932	16.18	16.331	415.42	415.34
11:19:47	16.512	16.194	16.177	16.935	16.179	16.333	415.42	415.34
11:20:47	16.512	16.195	16.176	16.937	16.18	16.331	415.42	415.34
11:21:48	16.513	16.195	16.176	16.933	16.179	16.331	415.42	415.34
11:22:47	16.511	16.194	16.174	16.933	16.18	16.331	415.42	415.34
11:23:47	16.513	16.194	16.176	16.93	16.18	16.332	415.42	415.34
11:24:47	16.511	16.195	16.176	16.932	16.178	16.332	415.42	415.34
11:25:47	16.512	16.195	16.174	16.935	16.179	16.332	415.42	415.34
11:26:47	16.512	16.195	16.173	16.932	16.178	16.332	415.42	415.34
11:27:47	16.511	16.194	16.168	16.935	16.179	16.331	415.42	415.34
11:28:47	16.512	16.193	0.0	16.935	16.179	16.331	415.42	415.34
11:29:47	16.511	16.194	16.171	16.936	16.179	16.332	415.42	415.34
11:30:47	16.51	16.193	16.173	16.937	16.178	16.332	415.42	415.34
11:31:47	16.511	16.194	16.175	16.936	16.179	16.333	415.42	415.34
11:32:47	16.51	16.195	16.175	16.937	16.179	16.331	415.42	415.34
11:33:47	16.511	16.194	16.173	16.932	16.18	16.331	415.42	415.34
11:34:47	16.51	16.194	16.173	16.932	16.179	16.332	415.42	415.34
11:35:47	16.512	16.193	16.172	16.932	16.178	16.332	415.42	415.34
11:36:47	16.51	16.193	16.173	16.928	16.178	16.332	415.42	415.34
11:37:47	16.511	16.194	16.174	16.923	16.179	16.331	415.42	415.34
11:38:47	16.51	16.193	16.174	16.922	16.18	16.332	415.42	415.34
11:39:47	16.511	16.193	16.172	16.921	16.18	16.332	415.42	415.34
11:40:47	16.51	16.193	16.172	16.922	16.179	16.332	415.42	415.34
11:41:47	16.511	16.193	16.172	16.931	16.179	16.332	415.42	415.34
11:42:47	16.511	16.193	16.173	16.933	16.179	16.332	415.42	415.34
11:43:47	16.512	16.193	16.169	16.93	16.18	16.332	415.42	415.34
11:44:47	16.51	16.193	16.169	16.927	16.177	16.332	415.42	415.34
11:45:47	16.509	16.192	16.173	16.922	16.178	16.332	415.42	415.34
11:46:47	16.509	16.192	16.17	16.922	16.177	16.331	415.42	415.34
11:47:47	16.509	16.191	16.171	16.925	16.178	16.331	415.42	415.34
11:48:47	16.509	16.19	16.173	16.931	16.178	16.331	415.42	415.34
11:49:47	16.509	16.191	16.17	16.933	16.178	16.332	415.42	415.34
11:50:47	16.509	16.19	16.171	16.929	16.177	16.331	415.42	415.34
11:51:47	16.509	16.19	16.173	16.927	16.177	16.331	415.42	415.34
11:52:47	16.509	16.189	16.171	16.928	16.178	16.331	415.42	415.34
11:53:47	16.508	16.188	16.17	16.929	16.178	16.331	415.42	415.34
11:54:47	16.509	16.188	16.171	16.926	16.178	16.331	415.42	415.34
11:55:47	16.509	16.189	16.172	16.929	16.178	16.332	415.42	415.34
11:56:47	16.509	16.19	16.171	16.929	16.179	16.332	415.42	415.34
11:57:47	16.509	16.189	16.168	16.929	16.178	16.331	415.42	415.34
11:58:47	16.509	16.189	16.166	16.926	16.179	16.332	415.42	415.34
11:59:47	16.509	16.19	16.167	16.925	16.179	16.333	415.42	415.34
12:00:48	16.509	16.189	16.165	16.925	16.178	16.332	415.42	415.34
12:01:47	0.0	16.19	16.168	16.924	16.177	16.331	415.42	415.34
12:02:47	16.509	16.19	16.168	16.922	16.178	16.332	415.42	415.34
12:03:47	16.509	16.19	16.169	16.926	16.179	16.333	415.42	415.34
12:04:47	16.509	16.19	16.172	16.928	16.179	16.332	415.42	415.34
12:05:47	16.508	16.191	16.173	16.926	16.178	16.332	415.42	415.34
12:06:47	16.508	16.189	16.17	16.926	16.178	16.332	415.42	415.34
12:07:49	16.507	16.189	16.17	16.924	16.177	16.332	415.42	415.34
12:08:47	16.508	16.189	16.168	16.925	16.178	16.331	415.42	415.34
12:09:47	16.508	16.188	16.167	16.919	16.177	16.33	415.42	415.34
12:10:47	16.507	16.189	16.164	16.924	16.175	16.332	415.42	415.34
12:11:47	16.508	16.188	16.163	16.925	16.178	16.331	415.42	415.34
12:12:47	16.507	16.188	16.164	16.925	16.179	16.331	415.42	415.34
12:13:47	16.507	16.187	16.164	16.925	16.179	16.332	415.42	415.34
12:14:47	16.507	16.188	16.162	16.925	16.179	16.333	415.42	415.34
12:15:47	16.507	16.187	16.163	16.928	16.177	16.332	415.42	415.34
12:16:47	16.506	16.187	16.167	16.932	16.177	16.333	415.42	415.34
12:17:47	16.507	16.188	16.164	16.936	16.175	16.333	415.42	415.34
12:18:47	16.507	16.187	16.165	16.93	16.178	16.332	415.42	415.34
12:19:47	16.507	16.187	16.164	16.923	16.177	16.331	415.42	415.34
12:20:47	16.507	16.187	16.165	16.92	16.177	16.332	415.42	415.34
12:21:47	16.508	16.188	16.164	16.921	16.177	16.331	415.42	415.34
12:22:47	16.507	16.186	16.165	16.922	16.175	16.333	415.42	415.34
12:23:47	16.507	16.186	16.166	16.921	16.175	16.33	415.42	415.34
12:24:47	16.507	16.186	16.164	16.922	16.177	16.331	415.42	415.34
12:25:47	16.506	16.187	0.0	16.924	16.178	16.332	415.42	415.34
12:26:47	16.507	16.185	16.164	16.924	16.178	16.332	415.42	415.34
12:27:47	16.506	16.186	16.166	16.925	16.176	16.332	415.42	415.34
12:28:47	16.506	16.187	16.17	16.923	16.176	16.331	415.42	415.34
12:29:47	16.507	16.187	16.166	16.924	16.179	16.333	415.42	415.34
12:30:47	16.507	16.186	16.164	16.923	16.178	16.333	415.42	415.34
12:31:47	16.505	16.186	16.166	16.919	16.178	16.332	415.42	415.34
12:32:47	16.506	16.187	16.166	16.914	16.179	16.333	415.42	415.34
12:33:47	16.506	16.188	16.166	16.912	16.178	16.332	415.42	415.34
12:34:47	16.506	16.187	16.168	16.908	16.177	16.332	415.42	415.34
12:35:47	16.507	16.187	16.166	16.906	16.177	16.333	415.42	415.34
12:36:47	16.507	16.187	16.162	16.904	16.179	16.333	415.42	415.34
12:37:47	16.506	16.186	16.16	16.904	16.18	16.332	415.42	415.34
12:38:47	16.505	16.185	16.162	16.906	16.177	16.332	415.42	415.34
12:39:47	16.505	16.185	16.16	16.908	16.178	16.331	415.42	415.34
12:40:47	16.506	16.186	16.166	16.905	16.177	16.333	415.42	415.34
12:41:47	16.505	16.186	16.164	16.903	16.178	16.332	415.42	415.34
12:42:47	16.506	16.186	16.164	16.905	16.178	16.332	415.42	415.34
12:43:47	16.506	16.185	16.161	16.905	16.18	16.332	415.42	415.34
12:44:47	16.505	16.185	16.161	16.904	16.179	16.332	415.42	415.34
12:45:47	16.505	16.184	16.161	16.906	16.179	16.333	415.42	415.34
12:46:47	16.506	16.185	16.157	16.909	16.178	16.333	415.42	415.34
12:47:47	16.505	16.185	16.156	16.917	16.178	16.333	415.42	415.34
12:48:47	16.505	16.185	16.154	16.917	16.178	16.333	415.42	415.34
12:49:47	16.506	16.185	16.157	16.913	16.179	16.333	415.42	415.34
12:50:47	16.505	16.186	16.16	16.915	16.178	16.333	415.42	415.34
12:51:48	16.505	16.185	16.162	16.916	16.177	16.333	415.42	415.34
12:52:47	0.0	16.185	16.16	16.91	16.177	16.333	415.42	415.34
12:53:48	16.505	16.185	16.158	16.906	16.178	16.333	415.42	415.34
12:54:47	16.504	16.186	16.154	16.906	16.18	16.333	415.42	415.34
12:55:47	16.505	16.185	16.155	16.91	16.179	16.333	415.42	415.34
12:56:47	16.505	16.185	16.157	16.913	16.177	16.334	415.42	415.34
12:57:47	16.504	16.186	16.156	16.915	16.178	16.332	415.42	415.34
12:58:47	16.504	16.184	16.155	16.918	16.179	16.334	415.42	415.34
12:59:47	16.504	16.185	16.158	16.92	16.18	16.331	415.42	415.34
13:00:47	16.503	16.185	16.158	16.919	16.178	16.332	415.42	415.34
13:01:47	16.505	16.184	16.16	16.918	16.18	16.331	415.42	415.34
13:02:47	16.504	16.185	16.156	16.914	16.178	16.332	415.42	415.34
13:03:47	16.505	16.184	16.161	16.915	16.179	16.331	415.42	415.34
13:04:47	16.504	16.184	16.163	16.913	16.184	16.332	415.42	415.34
13:05:47	16.503	16.184	16.16	16.911	16.182	16.331	415.42	415.34
13:06:47	16.505	16.184	16.162	16.912	16.182	16.333	415.42	415.34
13:07:47	16.504	16.183	16.154	16.911	16.185	16.332	415.42	415.34
13:08:47	16.503	16.183	16.154	16.911	16.183	16.333	415.42	415.34
13:09:47	16.503	16.183	16.156	16.91	16.183	16.333	415.42	415.34
13:10:47	16.504	16.183	16.156	16.911	16.181	16.332	415.42	415.34
13:11:47	16.503	16.183	16.157	16.908	16.182	16.333	415.42	415.34
13:12:47	16.503	16.182	16.153	16.908	16.181	16.331	415.42	415.34
13:13:47	16.503	16.182	16.152	16.907	16.18	16.332	415.42	415.34
13:14:47	16.503	16.182	16.154	16.906	16.181	16.333	415.42	415.34
13:15:47	16.503	16.182	16.158	16.909	16.181	16.334	415.42	415.34
13:16:47	16.504	16.183	16.16	16.909	16.178	16.332	415.42	415.34
13:17:47	16.504	16.182	16.159	16.905	16.176	16.333	415.42	415.34
13:18:47	16.503	16.181	16.16	16.906	16.177	16.332	415.42	415.34
13:19:47	16.503	16.182	16.159	16.915	16.178	16.333	415.42	415.34
13:20:47	16.503	16.182	16.16	16.934	16.175	16.333	415.42	415.34
13:21:47	16.503	16.182	16.164	16.96	16.178	16.333	415.42	415.34
13:22:47	16.503	16.181	16.166	16.982	16.179	16.332	415.42	415.34
13:23:47	16.503	16.182	16.128	17.0	16.178	16.334	415.42	415.34
13:24:47	16.503	16.181	16.095	17.008	16.18	16.334	415.42	415.34
13:25:47	16.503	16.181	16.111	17.016	16.183	16.333	415.42	415.34
13:26:47	16.502	16.181	16.097	17.027	16.181	16.334	415.42	415.34
13:27:47	16.501	16.181	16.108	17.04	16.18	16.333	415.42	415.34
13:28:47	16.503	16.18	16.131	17.054	16.178	16.333	415.42	415.34
13:29:47	16.502	16.18	16.147	17.07	16.176	16.333	415.42	415.34
13:30:47	16.502	16.18	16.161	17.081	16.178	16.332	415.42	415.34
13:31:47	16.503	16.18	16.167	17.09	16.18	16.334	415.42	415.34
13:32:47	16.503	16.181	16.177	17.102	16.179	16.332	415.42	415.34
13:33:47	16.502	16.181	16.179	17.111	16.177	16.333	415.42	415.34
13:34:47	16.501	16.181	16.181	17.12	16.178	16.333	415.42	415.34
13:35:47	16.501	16.18	16.185	17.13	16.178	16.332	415.42	415.34
13:36:47	16.502	16.18	16.133	17.135	16.176	16.332	415.42	415.34
13:37:47	16.502	16.179	16.053	17.136	16.178	16.333	415.42	415.34
13:38:49	16.502	16.178	16.055	17.124	16.176	16.332	415.42	415.34
13:39:47	16.5	16.179	16.065	17.13	16.175	16.33	415.42	415.34
13:40:47	16.501	16.177	16.066	17.133	16.175	16.33	415.42	415.34
13:41:47	16.5	16.177	16.108	17.138	16.175	16.33	415.42	415.34
13:42:47	16.5	16.177	16.124	17.139	16.177	16.331	415.42	415.34
13:43:47	16.5	16.175	16.133	17.149	16.175	16.331	415.42	415.34
13:44:47	16.5	16.176	16.117	17.157	16.174	16.331	415.42	415.34
13:45:47	16.5	16.176	16.066	17.163	16.178	16.331	415.42	415.34
13:46:47	16.5	16.175	16.092	17.169	16.179	16.331	415.42	415.34
13:47:50	16.5	16.176	16.131	17.166	16.176	16.332	415.42	415.34
13:48:47	16.5	16.175	16.147	17.165	16.173	16.331	415.42	415.34
13:49:47	16.5	16.177	16.162	17.166	16.175	16.331	415.42	415.34
13:50:47	16.5	16.175	16.163	17.171	16.175	16.332	415.42	415.34
13:51:47	16.5	16.177	16.141	17.175	16.173	16.331	415.42	415.34
13:52:47	16.5	16.175	16.141	17.18	16.173	16.332	415.42	415.34
13:53:47	16.5	16.174	16.141	17.187	16.174	16.329	415.42	415.34
13:54:47	16.499	16.175	16.127	17.192	16.176	16.331	415.42	415.34
13:55:47	16.499	16.172	16.122	17.197	16.174	16.332	415.42	415.34
13:56:47	16.5	16.173	16.157	17.193	16.176	16.331	415.42	415.34
13:57:47	16.499	16.174	16.173	17.203	16.176	16.331	415.42	415.34
13:58:47	16.5	16.173	16.185	17.214	16.174	16.332	415.42	415.34
13:59:47	16.499	16.173	16.169	17.228	16.174	16.331	415.42	415.34
14:00:47	16.5	16.173	16.147	17.234	16.176	16.331	415.42	415.34
14:01:47	16.499	16.173	16.12	17.232	16.175	16.332	415.42	415.34
14:02:47	16.499	16.174	16.093	17.234	16.173	16.331	415.42	415.34
14:03:47	16.499	16.173	16.095	17.247	16.177	16.33	415.42	415.34
14:04:47	16.499	16.173	16.12	17.263	16.177	16.331	415.42	415.34
14:05:47	16.498	16.172	16.128	17.272	16.179	16.331	415.42	415.34
14:06:47	16.499	16.173	16.136	17.277	16.18	16.33	415.42	415.34
14:07:47	16.499	16.172	16.143	17.283	16.178	16.33	415.42	415.34
14:08:47	16.497	16.171	16.132	17.296	16.179	16.331	415.42	415.34
14:09:47	16.498	16.172	16.106	17.308	16.177	16.331	415.42	415.34
14:10:47	16.499	16.172	16.092	17.312	16.178	16.331	415.42	415.34
14:11:49	16.498	16.171	16.091	17.311	16.177	16.331	415.42	415.34
14:12:47	16.498	16.172	16.094	17.324	16.181	16.331	415.42	415.34
14:13:47	16.498	16.172	16.088	17.319	16.18	16.332	415.42	415.34
14:14:47	16.499	16.171	16.086	17.319	16.178	16.33	415.42	415.34
14:15:47	16.498	16.171	16.107	17.324	16.183	16.331	415.42	415.34
14:16:47	16.499	16.171	16.101	17.324	16.182	16.332	415.42	415.34
14:17:47	16.498	16.171	16.091	17.348	16.178	16.331	415.42	415.34
14:18:47	16.498	16.171	16.104	17.339	16.178	16.331	415.42	415.34
14:19:47	16.497	16.17	16.091	17.331	16.177	16.331	415.42	415.34
14:20:47	16.497	16.17	16.073	17.326	16.175	16.33	415.42	415.34
14:21:47	16.498	16.17	16.068	17.327	16.174	16.33	415.42	415.34
14:22:47	16.497	16.17	16.079	17.342	16.175	16.331	415.42	415.34
14:23:47	16.496	16.17	16.069	17.351	16.176	16.33	415.42	415.34
14:24:47	16.497	16.17	16.081	17.375	16.175	16.33	415.42	415.34
14:25:47	16.497	16.17	16.108	17.382	16.174	16.33	415.42	415.34
14:26:47	16.497	16.168	16.115	17.372	16.173	16.331	415.42	415.34
14:27:47	16.497	16.17	16.121	17.363	16.174	16.33	415.42	415.34
14:28:47	16.496	16.17	16.107	17.36	16.175	16.33	415.42	415.34
14:29:47	16.496	16.168	16.13	17.358	16.173	16.329	415.42	415.34
14:30:47	16.497	16.17	16.127	17.363	16.173	16.329	415.42	415.34
14:31:47	16.497	16.168	16.121	17.368	16.174	16.33	415.42	415.34
14:32:47	16.498	16.17	16.12	17.37	16.175	16.331	415.42	415.34
14:33:47	16.497	16.171	16.155	17.37	16.175	16.331	415.42	415.34
14:34:47	16.499	16.172	16.195	17.371	16.175	16.331	415.42	415.34
14:35:47	16.497	16.171	16.222	17.381	16.176	16.332	415.42	415.34
14:36:47	16.497	16.172	16.24	17.396	16.175	16.331	415.42	415.34
14:37:47	16.497	16.173	16.256	17.404	16.173	16.331	415.42	415.34
14:38:47	16.498	16.173	16.271	17.419	16.177	16.332	415.42	415.34
14:39:47	16.498	16.173	16.282	17.431	16.177	16.332	415.42	415.34
14:40:47	16.497	16.174	16.284	17.428	16.174	16.333	415.42	415.34
14:41:49	16.498	16.173	16.163	17.291	16.175	16.332	415.42	415.34
14:42:47	16.498	16.174	16.136	17.2	16.174	16.331	415.42	415.34
14:43:49	16.499	16.175	16.18	17.148	16.177	16.331	415.42	415.34
14:44:47	16.498	16.174	16.086	17.047	16.176	16.331	415.42	415.34
14:45:47	16.498	16.175	15.788	16.807	16.177	16.332	415.42	415.34
14:46:47	16.498	16.176	15.708	16.738	16.179	16.332	415.42	415.34
14:47:47	16.499	16.177	15.635	16.696	16.177	16.331	415.42	415.34
14:48:47	16.499	16.175	15.682	16.71	16.178	16.33	415.42	415.34
14:49:47	16.498	16.175	15.863	16.825	16.179	16.332	415.42	415.34
14:50:47	16.498	16.176	15.971	16.95	16.177	16.331	415.42	415.34
14:51:47	16.498	16.177	16.035	17.034	16.178	16.333	415.42	415.34
14:52:47	16.498	16.178	16.074	17.098	16.178	16.331	415.42	415.34
14:53:47	16.499	16.178	16.094	17.15	16.179	16.332	415.42	415.34
14:54:47	16.498	16.178	16.111	17.186	16.179	16.332	415.42	415.34
14:55:47	16.499	16.177	16.123	17.213	16.178	16.332	415.42	415.34
14:56:47	16.498	16.176	16.131	17.234	16.179	16.332	415.42	415.34
14:57:47	16.498	16.178	16.152	17.25	16.177	16.333	415.42	415.34
14:58:47	16.499	16.177	16.16	17.261	16.177	16.333	415.42	415.34
14:59:47	16.498	16.178	16.182	17.276	16.178	16.333	415.42	415.34
15:00:47	16.499	16.178	16.197	17.291	16.177	16.332	415.42	415.34
15:01:47	16.499	16.178	16.205	17.308	16.179	16.332	415.42	415.34
15:02:48	16.498	16.178	16.209	17.321	16.179	16.333	415.42	415.34
15:03:48	16.498	16.176	16.217	17.337	16.177	16.331	415.42	415.34
15:04:48	16.498	16.177	16.227	17.348	16.181	16.332	415.42	415.34
15:05:48	16.499	16.177	16.239	17.352	16.181	16.333	415.42	415.34
15:06:48	16.499	16.178	16.255	17.36	16.18	16.332	415.42	415.34
15:07:48	16.499	16.177	16.252	17.366	16.181	16.332	415.42	415.34
15:08:48	16.499	16.177	16.259	17.37	16.181	16.334	415.42	415.34
15:09:48	16.499	16.177	16.268	17.376	16.18	16.333	415.42	415.34
15:10:48	16.5	16.179	16.271	17.379	16.179	16.332	415.42	415.34
15:11:48	16.499	16.179	16.288	17.384	16.18	16.332	415.42	415.34
15:12:48	16.499	16.179	16.29	17.391	16.179	16.332	415.42	415.34
15:13:48	16.499	16.179	16.299	17.401	16.18	16.333	415.42	415.34
15:14:48	16.499	16.179	16.304	17.401	16.181	16.334	415.42	415.34
15:15:48	16.499	16.18	16.311	17.404	16.181	16.333	415.42	415.34
15:16:48	16.5	16.18	16.324	17.407	16.18	16.332	415.42	415.34
15:17:48	16.499	16.18	16.326	17.408	16.181	16.332	415.42	415.34
15:18:48	16.499	16.18	16.186	17.415	16.182	16.333	415.42	415.34
15:19:48	0.0	16.182	16.132	17.413	16.182	16.333	415.42	415.34
15:20:48	16.5	16.182	16.159	17.4	16.186	16.333	415.42	415.34
15:21:48	16.499	16.183	16.217	17.397	16.185	16.333	415.42	415.34
15:22:48	16.501	16.182	16.266	17.4	16.185	16.333	415.42	415.34
15:23:48	16.5	16.183	16.284	17.402	16.187	16.334	415.42	415.34
15:24:48	16.501	16.184	16.239	17.401	16.188	16.333	415.42	415.34
15:25:48	16.501	16.184	16.269	17.394	16.188	16.333	415.42	415.34
15:26:48	16.501	16.185	16.289	17.393	16.191	16.334	415.42	415.34
15:27:48	16.5	16.184	16.295	17.396	16.191	16.334	415.42	415.34
15:28:48	16.502	16.185	16.304	17.401	16.189	16.334	415.42	415.34
15:29:48	16.501	16.185	16.311	17.403	16.192	16.334	415.42	415.34
15:30:48	16.501	16.185	16.312	17.406	16.191	16.333	415.42	415.34
15:31:48	16.501	16.185	16.326	17.411	16.189	16.334	415.42	415.34
15:32:48	16.501	16.185	16.327	17.407	16.188	16.333	415.42	415.34
15:33:48	16.501	16.185	16.331	17.411	16.193	16.334	415.42	415.34
15:34:48	16.502	16.186	16.335	17.414	16.193	16.334	415.42	415.34
15:35:48	16.501	16.187	16.344	17.418	16.191	16.335	415.42	415.34
15:36:48	16.502	16.185	16.346	17.42	16.191	16.335	415.42	415.34
15:37:48	16.501	16.185	16.347	17.412	16.188	16.334	415.42	415.34
15:38:48	16.502	16.185	16.357	17.414	16.19	16.335	415.42	415.34
15:39:48	16.501	16.186	16.361	17.417	16.19	16.335	415.42	415.34
15:40:48	16.501	16.186	16.362	17.424	16.189	16.333	415.42	415.34
15:41:48	16.503	16.186	16.36	17.426	16.192	16.334	415.42	415.34
15:42:48	16.501	16.187	16.368	17.422	16.192	16.336	415.42	415.34
15:43:48	16.502	16.187	16.373	17.424	16.193	16.335	415.42	415.34
15:44:48	16.503	16.187	16.377	17.432	16.19	16.335	415.42	415.34
15:45:48	16.502	16.187	16.376	17.431	16.191	16.336	415.42	415.34
15:46:48	16.502	16.187	16.377	17.431	16.191	16.335	415.42	415.34
15:47:48	16.502	16.187	16.385	17.437	16.191	16.335	415.42	415.34
15:48:48	16.503	16.187	16.39	17.439	16.192	16.335	415.42	415.34
15:49:48	16.503	16.189	16.395	17.441	16.188	16.335	415.42	415.34
15:50:48	16.503	16.188	16.4	17.446	16.191	16.335	415.42	415.34
15:51:48	16.504	16.189	16.4	17.442	16.193	16.335	415.42	415.34
15:52:48	16.502	16.189	16.403	17.445	16.195	16.335	415.42	415.34
15:53:48	16.503	16.189	16.401	17.442	16.196	16.335	415.42	415.34
15:54:48	16.503	16.188	16.403	17.447	16.194	16.336	415.42	415.34
15:55:48	16.503	16.189	16.412	17.459	16.194	16.336	415.42	415.34
15:56:48	16.504	16.188	16.414	17.463	16.192	16.335	415.42	415.34
15:57:48	16.504	16.19	16.422	17.467	16.192	16.336	415.42	415.34
15:58:48	16.504	16.19	16.42	17.467	16.192	16.336	415.42	415.34
15:59:48	16.505	16.189	16.42	17.466	16.193	16.335	415.42	415.34
16:00:48	16.505	16.19	16.419	17.471	16.195	16.337	415.42	415.34
16:01:48	16.505	16.19	16.321	17.423	16.194	16.336	415.42	415.34
16:02:48	16.504	16.191	16.133	17.242	16.193	16.334	415.42	415.34
16:03:48	16.505	16.192	15.968	17.041	16.192	16.336	415.42	415.34
16:04:48	16.505	16.191	15.817	16.887	16.193	16.335	415.42	415.34
16:05:48	16.505	16.191	15.706	16.716	16.193	16.333	415.42	415.34
16:06:48	16.506	16.191	15.591	16.659	16.193	16.335	415.42	415.34
16:07:50	16.506	16.192	15.634	16.688	16.196	16.335	415.42	415.34
16:08:48	16.506	16.192	15.792	16.757	16.194	16.333	415.42	415.34
16:09:48	16.506	16.192	15.964	16.878	16.196	16.335	415.42	415.34
16:10:48	16.506	16.192	16.041	17.005	16.198	16.334	415.42	415.34
16:11:48	16.506	16.193	16.088	17.095	16.199	16.335	415.42	415.34
16:12:48	16.508	16.195	16.118	17.162	16.199	16.336	415.42	415.34
16:13:48	16.506	16.194	16.147	17.213	16.196	16.335	415.42	415.34
16:14:48	16.508	16.195	16.161	17.254	16.196	16.335	415.42	415.34
16:15:48	16.508	16.196	16.177	17.28	16.197	16.337	415.42	415.34
16:16:48	16.507	16.195	16.189	17.306	16.199	16.338	415.42	415.34
16:17:48	16.508	16.197	16.204	17.328	16.2	16.338	415.42	415.34
16:18:48	16.508	16.197	16.22	17.345	16.2	16.338	415.42	415.34
16:19:48	16.509	16.197	16.24	17.354	16.202	16.336	415.42	415.34
16:20:48	16.509	16.197	16.249	17.363	16.202	16.337	415.42	415.34
16:21:48	16.509	16.199	16.254	17.37	16.205	16.338	415.42	415.34
16:22:48	16.509	16.197	16.268	17.385	16.202	16.338	415.42	415.34
16:23:48	16.508	16.199	16.272	17.395	16.2	16.337	415.42	415.34
16:24:48	16.51	16.2	16.28	17.4	16.199	16.338	415.42	415.34
16:25:48	16.51	16.2	16.285	17.4	16.202	16.338	415.42	415.34
16:26:48	16.509	16.2	16.286	17.404	16.202	16.338	415.42	415.34
16:27:48	16.51	16.201	16.298	17.41	16.202	16.34	415.42	415.34
16:28:48	16.509	16.201	16.306	17.418	16.202	16.34	415.42	415.34
16:29:48	16.509	16.201	16.312	17.424	16.201	16.338	415.42	415.34
16:30:48	16.51	16.201	16.327	17.447	16.203	16.339	415.42	415.34
16:31:48	16.511	16.202	16.334	17.468	16.202	16.34	415.42	415.34
16:32:48	16.51	16.202	16.346	17.482	16.204	16.34	415.42	415.34
16:33:48	16.51	16.203	16.129	17.412	16.202	16.339	415.42	415.34
16:34:48	16.511	16.203	15.934	17.218	16.201	16.339	415.42	415.34
16:35:48	16.511	16.203	15.821	17.068	16.199	16.34	415.42	415.34
16:36:48	16.511	16.203	15.673	16.905	16.2	16.34	415.42	415.34
16:37:49	16.511	16.203	15.544	16.753	16.198	16.338	415.42	415.34
16:38:48	16.511	16.203	15.613	16.709	16.199	16.339	415.42	415.34
16:39:50	16.513	16.204	15.494	16.556	16.197	16.336	415.42	415.34
16:40:48	16.512	16.203	15.64	16.65	16.198	16.338	415.42	415.34
16:41:48	16.511	16.203	15.727	16.817	16.198	16.339	415.42	415.34
16:42:48	16.512	16.203	15.75	16.934	16.199	16.339	415.42	415.34
16:43:48	16.512	16.203	15.777	17.032	16.2	16.338	415.42	415.34
16:44:48	16.511	16.202	15.817	17.098	16.201	16.338	415.42	415.34
16:45:48	16.512	16.203	15.82	17.143	16.2	16.337	415.42	415.34
16:46:48	16.512	16.202	15.84	17.17	16.202	16.337	415.42	415.34
16:47:48	16.512	16.204	15.86	17.195	16.202	16.339	415.42	415.34
16:48:48	16.513	16.203	15.889	17.211	16.201	16.34	415.42	415.34
16:49:48	16.513	16.205	15.87	17.233	16.202	16.338	415.42	415.34
16:50:48	16.512	16.204	15.893	17.247	16.202	16.337	415.42	415.34
16:51:48	16.513	16.206	15.896	17.266	16.203	16.339	415.42	415.34
16:52:48	16.513	16.205	15.873	17.276	16.204	16.338	415.42	415.34
16:53:48	16.514	16.206	15.886	17.282	16.206	16.339	415.42	415.34
16:54:48	16.513	16.206	15.905	17.285	16.205	16.339	415.42	415.34
16:55:48	16.513	16.206	15.925	17.289	16.205	16.339	415.42	415.34
16:56:48	16.514	16.206	15.961	17.3	16.203	16.339	415.42	415.34
16:57:48	16.514	16.205	16.013	17.315	16.203	16.338	415.42	415.34
16:58:48	16.514	16.207	16.046	17.322	16.206	16.339	415.42	415.34
16:59:48	16.514	16.206	16.058	17.326	16.206	16.34	415.42	415.34
17:00:48	16.516	16.208	16.045	17.33	16.208	16.341	415.42	415.34
17:01:48	16.514	16.208	16.064	17.33	16.206	16.339	415.42	415.34
17:02:48	16.514	16.207	16.079	17.336	16.208	16.341	415.42	415.34
17:03:48	16.516	16.209	16.101	17.336	16.205	16.34	415.42	415.34
17:04:48	16.515	16.209	16.123	17.34	16.207	16.341	415.42	415.34
17:05:48	16.515	16.208	16.126	17.337	16.204	16.339	415.42	415.34
17:06:48	16.515	16.209	16.139	17.338	16.205	16.342	415.42	415.34
17:07:48	16.516	16.209	16.147	17.326	16.207	16.341	415.42	415.34
17:08:48	16.516	16.208	16.158	17.308	16.21	16.341	415.42	415.34
17:09:49	16.515	16.208	16.164	17.293	16.209	16.341	415.42	415.34
17:10:48	16.515	16.208	16.171	17.279	16.207	16.342	415.42	415.34
17:11:48	16.516	16.209	16.174	17.266	16.207	16.342	415.42	415.34
17:12:48	16.514	16.208	16.176	17.259	16.205	16.342	415.42	415.34
17:13:48	16.515	16.207	16.182	17.253	16.206	16.34	415.42	415.34
17:14:48	16.514	16.207	16.188	17.25	16.208	16.341	415.42	415.34
17:15:48	16.514	16.208	16.196	17.243	16.206	16.341	415.42	415.34
17:16:48	16.514	16.206	16.196	17.23	16.209	16.342	415.42	415.34
17:17:48	16.515	16.207	16.2	17.228	16.208	16.341	415.42	415.34
17:18:48	16.512	16.206	16.201	17.224	16.207	16.34	415.42	415.34
17:19:48	16.514	16.204	16.203	17.217	16.204	16.34	415.42	415.34
17:20:48	16.514	16.204	16.213	17.215	16.203	16.339	415.42	415.34
17:21:48	16.514	16.203	16.222	17.217	16.205	16.34	415.42	415.34
17:22:48	16.514	16.203	16.225	17.213	16.204	16.341	415.42	415.34
17:23:48	16.514	16.204	16.223	17.211	16.203	16.34	415.42	415.34
17:24:48	16.515	16.202	16.223	17.204	16.206	16.34	415.42	415.34
17:25:48	16.514	16.204	16.23	17.199	16.204	16.341	415.42	415.34
17:26:48	16.515	16.203	16.233	17.195	16.205	16.339	415.42	415.34
17:27:48	16.514	16.202	16.24	17.19	16.202	16.338	415.42	415.34
17:28:48	16.512	16.201	16.244	17.187	16.201	16.336	415.42	415.34
17:29:48	16.513	16.199	16.249	17.182	16.201	16.337	415.42	415.34
17:30:48	16.513	16.199	16.248	17.181	16.202	16.337	415.42	415.34
17:31:48	16.512	16.199	16.248	17.184	16.201	16.337	415.42	415.34
17:32:48	16.512	16.2	16.252	17.188	16.202	16.339	415.42	415.34
17:33:48	16.513	16.199	16.252	17.186	16.203	16.341	415.42	415.34
17:34:48	16.513	16.201	16.255	17.186	16.204	16.339	415.42	415.34
17:35:48	16.513	16.202	16.261	17.184	16.204	16.34	415.42	415.34
17:36:48	16.513	16.201	16.257	17.175	16.202	16.339	415.42	415.34
17:37:48	16.514	16.201	16.258	17.172	16.204	16.34	415.42	415.34
17:38:48	16.512	16.201	16.26	17.172	16.207	16.339	415.42	415.34
17:39:48	16.512	16.199	16.258	17.168	16.206	16.338	415.42	415.34
17:40:48	16.513	16.199	16.258	17.165	16.205	16.338	415.42	415.34
17:41:48	16.513	16.2	16.259	17.163	16.204	16.338	415.42	415.34
17:42:49	16.512	16.199	16.261	17.158	16.202	16.338	415.42	415.34
17:43:49	16.513	16.2	16.264	17.157	16.204	16.339	415.42	415.34
17:44:49	16.513	16.2	16.262	17.161	16.204	16.34	415.42	415.34
17:45:49	16.514	0.0	16.265	17.166	16.205	16.339	415.42	415.34
17:46:49	16.512	16.2	16.276	17.163	16.205	16.339	415.42	415.34
17:47:49	16.513	16.2	16.277	17.164	16.202	16.338	415.42	415.34
17:48:49	16.513	16.2	16.276	17.162	16.205	16.339	415.42	415.34
17:49:49	16.514	16.199	16.275	17.156	16.202	16.339	415.42	415.34
17:50:49	16.512	16.199	16.271	17.148	16.201	16.336	415.42	415.34
17:51:49	16.511	16.197	16.273	17.151	16.201	16.335	415.42	415.34
17:52:49	16.513	16.198	16.275	17.151	16.201	16.336	415.42	415.34
17:53:49	16.513	16.196	16.276	17.149	16.201	16.335	415.42	415.34
17:54:49	16.513	16.197	16.278	17.152	16.202	16.337	415.42	415.34
17:55:49	16.512	16.196	16.279	17.152	16.203	16.338	415.42	415.34
17:56:49	16.512	16.197	16.283	17.15	16.203	16.337	415.42	415.34
17:57:49	16.512	16.198	16.282	17.147	16.202	16.336	415.42	415.34
17:58:49	16.511	16.197	16.285	17.143	16.201	16.338	415.42	415.34
17:59:50	16.512	16.197	16.282	17.144	16.201	16.339	415.42	415.34
18:00:49	16.512	16.198	16.283	17.145	16.201	16.336	415.42	415.34
18:01:50	16.512	16.198	16.284	17.141	16.2	16.337	415.42	415.34
18:02:49	0.0	16.197	16.285	17.139	16.199	16.336	415.42	415.34
18:03:49	16.512	16.197	16.285	17.143	16.201	16.336	415.42	415.34
18:04:49	16.512	16.196	16.283	17.143	16.202	16.337	415.42	415.34
18:05:49	16.512	16.198	16.281	17.143	16.202	16.339	415.42	415.34
18:06:49	16.511	16.198	16.281	17.143	16.2	16.338	415.42	415.34
18:07:52	16.512	16.197	16.28	17.148	16.198	16.336	415.42	415.34
18:08:49	16.512	16.198	16.282	17.152	16.199	16.338	415.42	415.34
18:09:49	16.512	16.197	16.279	17.15	16.201	16.337	415.42	415.34
18:10:49	16.512	16.197	16.279	17.148	16.198	16.336	415.42	415.34
18:11:49	16.513	16.199	16.281	17.149	16.201	16.339	415.42	415.34
18:12:49	16.513	16.199	16.281	17.15	16.2	16.339	415.42	415.34
18:13:49	16.513	16.2	16.281	17.15	16.201	16.339	415.42	415.34
18:14:49	16.513	16.2	16.282	17.148	16.201	16.337	415.42	415.34
18:15:49	16.513	16.2	16.284	17.149	16.2	16.338	415.42	415.34
18:16:49	16.512	16.198	16.283	17.145	16.197	16.336	415.42	415.34
18:17:49	16.511	16.198	16.283	17.144	16.2	16.337	415.42	415.34
18:18:49	16.511	16.197	16.288	17.142	16.199	16.336	415.42	415.34
18:19:49	16.512	16.198	16.286	17.141	16.198	16.338	415.42	415.34
18:20:49	16.512	16.197	16.287	17.14	16.199	16.339	415.42	415.34
18:21:49	16.51	16.197	16.289	17.136	16.196	16.336	415.42	415.34
18:22:49	16.511	16.196	16.287	17.136	16.197	16.336	415.42	415.34
18:23:51	16.512	16.198	16.287	17.137	16.196	16.336	415.42	415.34
18:24:49	16.513	16.198	16.289	17.136	16.198	16.337	415.42	415.34
18:25:50	16.513	16.199	16.29	17.136	16.199	16.338	415.42	415.34
18:26:49	0.0	16.199	16.292	17.144	16.199	16.34	415.42	415.34
18:27:50	16.513	16.198	16.292	17.163	16.197	16.339	415.42	415.34
18:28:49	0.0	16.199	16.296	17.186	16.197	16.338	415.42	415.34
18:29:49	16.512	16.199	16.299	17.212	16.197	16.339	415.42	415.34
18:30:49	16.512	16.197	16.302	17.225	16.196	16.336	415.42	415.34
18:31:49	16.513	16.198	16.303	17.239	16.196	16.337	415.42	415.34
18:32:49	16.513	16.198	16.308	17.258	16.197	16.337	415.42	415.34
18:33:49	16.512	16.198	16.313	17.281	16.197	16.338	415.42	415.34
18:34:49	16.512	16.198	16.32	17.297	16.198	16.34	415.42	415.34
18:35:49	16.513	16.199	16.335	17.309	16.198	16.338	415.42	415.34
18:36:49	16.512	16.198	16.347	17.323	16.199	16.338	415.42	415.34
18:37:49	16.513	16.2	16.348	17.333	16.201	16.339	415.42	415.34
18:38:49	16.512	16.2	16.345	17.344	16.2	16.338	415.42	415.34
18:39:49	16.513	16.199	16.345	17.349	16.2	16.338	415.42	415.34
18:40:49	16.513	16.199	16.351	17.359	16.2	16.338	415.42	415.34
18:41:49	16.513	16.2	16.353	17.371	16.2	16.34	415.42	415.34
18:42:49	16.513	16.201	16.359	17.382	16.202	16.34	415.42	415.34
18:43:49	16.514	16.202	16.361	17.394	16.2	16.34	415.42	415.34
18:44:49	16.513	16.202	16.372	17.401	16.2	16.34	415.42	415.34
18:45:49	16.514	16.201	16.38	17.42	16.201	16.34	415.42	415.34
18:46:49	16.514	16.202	16.393	17.433	16.199	16.339	415.42	415.34
18:47:50	16.514	16.2	16.4	17.449	16.199	16.338	415.42	415.34
18:48:49	0.0	16.2	16.412	17.465	16.199	16.338	415.42	415.34
18:49:50	16.514	16.2	16.127	17.361	16.199	16.337	415.42	415.34
18:50:49	0.0	16.199	15.954	17.198	16.201	16.338	415.42	415.34
18:51:49	16.513	16.2	15.839	16.997	16.201	16.338	415.42	415.34
18:52:49	16.513	16.2	15.777	16.914	16.201	16.338	415.42	415.34
18:53:49	16.514	16.201	15.671	16.81	16.202	16.338	415.42	415.34
18:54:49	16.514	16.201	15.61	16.747	16.201	16.339	415.42	415.34
18:55:49	16.513	16.201	15.811	16.8	16.2	16.338	415.42	415.34
18:56:49	16.514	16.2	15.965	16.923	16.199	16.336	415.42	415.34
18:57:49	16.514	16.2	16.038	17.039	16.2	16.339	415.42	415.34
18:58:49	16.514	16.2	16.086	17.117	16.199	16.341	415.42	415.34
18:59:49	16.515	16.2	16.106	17.176	16.201	16.34	415.42	415.34
19:00:49	16.515	16.201	16.116	17.218	16.201	16.34	415.42	415.34
19:01:49	16.515	16.201	16.121	17.25	16.199	16.339	415.42	415.34
19:02:49	16.515	16.202	16.133	17.277	16.2	16.338	415.42	415.34
19:03:49	16.515	16.203	16.15	17.296	16.201	16.34	415.42	415.34
19:04:49	16.516	16.204	16.158	17.311	16.203	16.34	415.42	415.34
19:05:49	16.516	16.204	16.162	17.324	16.205	16.342	415.42	415.34
19:06:49	16.516	16.206	16.213	17.359	16.204	16.342	415.42	415.34
19:07:49	16.518	16.205	16.24	17.388	16.204	16.341	415.42	415.34
19:08:49	16.516	16.205	16.25	17.416	16.202	16.34	415.42	415.34
19:09:49	16.516	16.204	16.276	17.424	16.202	16.339	415.42	415.34
19:10:49	16.515	16.203	16.272	17.429	16.2	16.337	415.42	415.34
19:11:49	16.514	16.201	16.271	17.433	16.2	16.338	415.42	415.34
19:12:49	16.514	16.201	16.276	17.431	16.201	16.339	415.42	415.34
19:13:49	16.516	16.201	16.288	17.424	16.199	16.34	415.42	415.34
19:14:49	16.515	16.202	16.291	17.42	16.201	16.34	415.42	415.34
19:15:49	16.515	16.201	16.29	17.416	16.199	16.339	415.42	415.34
19:16:49	16.515	16.2	16.29	17.411	16.2	16.338	415.42	415.34
19:17:49	16.515	16.201	16.295	17.409	16.202	16.34	415.42	415.34
19:18:49	16.516	16.202	16.302	17.406	16.2	16.34	415.42	415.34
19:19:49	16.516	16.203	16.308	17.403	16.2	16.34	415.42	415.34
19:20:49	16.515	16.203	16.309	17.398	16.2	16.342	415.42	415.34
19:21:49	16.516	16.203	16.305	17.394	16.2	16.341	415.42	415.34
19:22:49	16.516	16.202	16.307	17.395	16.2	16.339	415.42	415.34
19:23:50	16.516	16.202	16.319	17.406	16.199	16.34	415.42	415.34
19:24:49	0.0	16.203	16.322	17.412	16.2	16.341	415.42	415.34
19:25:50	16.515	16.203	16.33	17.411	16.2	16.341	415.42	415.34
19:26:49	16.515	16.203	16.334	17.419	16.202	16.341	415.42	415.34
19:27:50	16.516	16.204	16.331	17.425	16.202	16.34	415.42	415.34
19:28:49	16.516	16.203	16.34	17.431	16.202	16.341	415.42	415.34
19:29:49	16.515	16.203	16.339	17.442	16.202	16.34	415.42	415.34
19:30:49	16.517	16.203	16.342	17.442	16.201	16.34	415.42	415.34
19:31:50	16.514	16.203	16.345	17.441	16.2	16.339	415.42	415.34
19:32:49	16.516	16.201	16.349	17.446	16.2	16.34	415.42	415.34
19:33:49	16.515	16.201	16.357	17.42	16.2	16.338	415.42	415.34
19:34:49	16.516	16.201	16.335	17.285	16.2	16.339	415.42	415.34
19:35:49	16.515	16.201	16.308	17.136	16.202	16.342	415.42	415.34
19:36:49	16.516	16.202	16.226	17.025	16.201	16.342	415.42	415.34
19:37:49	16.516	16.203	16.042	16.95	16.2	16.341	415.42	415.34
19:38:49	16.515	16.202	15.977	16.896	16.201	16.34	415.42	415.34
19:39:49	16.517	16.203	15.943	16.829	16.202	16.342	415.42	415.34
19:40:49	16.516	16.203	15.975	16.86	16.2	16.341	415.42	415.34
19:41:49	16.516	16.203	16.097	16.968	16.2	16.341	415.42	415.34
19:42:49	16.516	16.204	16.161	17.075	16.202	16.343	415.42	415.34
19:43:49	16.516	16.204	16.199	17.148	16.203	16.342	415.42	415.34
19:44:49	16.516	16.204	16.214	17.204	16.204	16.342	415.42	415.34
19:45:49	16.517	16.206	16.232	17.256	16.204	16.342	415.42	415.34
19:46:49	16.517	16.205	16.245	17.296	16.204	16.342	415.42	415.34
19:47:49	16.518	16.204	16.26	17.325	16.204	16.342	415.42	415.34
19:48:51	16.516	16.205	16.276	17.348	16.204	16.342	415.42	415.34
19:49:49	16.517	16.205	16.283	17.364	16.201	16.341	415.42	415.34
19:50:49	16.516	16.203	16.29	17.378	16.201	16.341	415.42	415.34
19:51:49	16.517	16.203	16.295	17.39	16.201	16.342	415.42	415.34
19:52:49	16.516	16.204	16.301	17.401	16.203	16.342	415.42	415.34
19:53:49	16.517	16.203	16.302	17.403	16.201	16.341	415.42	415.34
19:54:49	16.516	16.203	16.303	17.41	16.202	16.342	415.42	415.34
19:55:49	16.518	16.203	16.305	17.416	16.201	16.34	415.42	415.34
19:56:49	16.516	16.202	16.311	17.424	16.201	16.34	415.42	415.34
19:57:49	16.516	16.201	16.316	17.433	16.198	16.338	415.42	415.34
19:58:49	16.516	16.2	16.329	17.441	16.2	16.339	415.42	415.34
19:59:49	16.515	16.2	16.335	17.45	16.201	16.34	415.42	415.34
20:00:49	16.517	16.2	16.333	17.463	16.202	16.341	415.42	415.34
20:01:50	16.517	16.201	16.35	17.471	16.207	16.343	415.42	415.34
20:02:49	16.517	16.203	16.35	17.474	16.205	16.344	415.42	415.34
20:03:50	16.518	16.205	16.33	17.388	16.207	16.345	415.42	415.34
20:04:49	0.0	16.206	16.317	17.242	16.206	16.345	415.42	415.34
20:05:49	16.518	16.206	16.287	17.159	16.205	16.343	415.42	415.34
20:06:49	16.518	16.207	16.26	17.066	16.205	16.342	415.42	415.34
20:07:49	16.518	16.207	16.07	16.992	16.203	16.342	415.42	415.34
20:08:49	16.518	16.205	16.01	16.916	16.204	16.343	415.42	415.34
20:09:49	16.518	16.206	15.814	16.87	16.203	16.344	415.42	415.34
20:10:49	16.517	16.206	15.779	16.848	16.207	16.344	415.42	415.34
20:11:49	16.518	16.206	15.801	16.845	16.204	16.342	415.42	415.34
20:12:49	16.517	16.205	15.922	16.896	16.203	16.342	415.42	415.34
20:13:49	16.518	16.206	16.035	17.004	16.204	16.343	415.42	415.34
20:14:49	16.519	16.207	16.099	17.091	16.205	16.344	415.42	415.34
20:15:50	16.519	16.208	16.138	17.176	16.206	16.344	415.42	415.34
20:16:49	16.52	16.208	16.173	17.225	16.203	16.344	415.42	415.34
20:17:49	16.519	16.208	16.202	17.279	16.207	16.344	415.42	415.34
20:18:49	16.519	16.207	16.225	17.324	16.205	16.344	415.42	415.34
20:19:49	16.519	16.206	16.246	17.358	16.208	16.345	415.42	415.34
20:20:49	16.519	16.208	16.274	17.389	16.207	16.345	415.42	415.34
20:21:49	16.519	16.208	16.273	17.41	16.207	16.346	415.42	415.34
20:22:49	16.519	16.208	16.279	17.423	16.207	16.344	415.42	415.34
20:23:49	16.519	16.207	16.283	17.439	16.206	16.345	415.42	415.34
20:24:49	16.519	16.208	16.299	17.453	16.208	16.346	415.42	415.34
20:25:49	16.519	16.209	16.299	17.468	16.208	16.346	415.42	415.34
20:26:49	16.519	16.209	16.306	17.484	16.207	16.347	415.42	415.34
20:27:49	16.52	16.209	16.312	17.493	16.205	16.346	415.42	415.34
20:28:49	16.519	16.208	16.325	17.401	16.208	16.346	415.42	415.34
20:29:50	16.52	16.207	16.148	17.335	16.209	16.346	415.42	415.34
20:30:49	16.519	16.207	15.97	17.236	16.209	16.346	415.42	415.34
20:31:49	16.52	16.208	15.858	17.139	16.207	16.344	415.42	415.34
20:32:49	16.518	16.207	15.794	17.042	16.207	16.344	415.42	415.34
20:33:49	16.519	16.207	15.719	17.008	16.205	16.341	415.42	415.34
20:34:49	16.519	16.205	15.67	16.91	16.204	16.341	415.42	415.34
20:35:49	16.519	16.205	15.581	16.858	16.205	16.342	415.42	415.34
20:36:49	16.519	16.205	15.607	16.831	16.205	16.342	415.42	415.34
20:37:49	16.52	16.204	15.791	16.906	16.205	16.345	415.42	415.34
20:38:49	16.52	16.205	15.934	17.01	16.207	16.345	415.42	415.34
20:39:49	16.52	16.205	16.009	17.111	16.206	16.344	415.42	415.34
20:40:49	16.521	16.206	16.067	17.183	16.205	16.344	415.42	415.34
20:41:49	16.519	16.206	16.097	17.241	16.209	16.344	415.42	415.34
20:42:49	16.519	16.207	16.107	17.308	16.21	16.345	415.42	415.34
20:43:49	16.52	16.208	16.134	17.35	16.209	16.346	415.42	415.34
20:44:49	16.52	16.207	16.169	17.449	16.207	16.346	415.42	415.34
20:45:50	16.52	16.207	16.18	17.512	16.208	16.345	415.42	415.34
20:46:49	16.52	16.207	16.186	17.528	16.208	16.345	415.42	415.34
20:47:49	16.52	16.206	16.222	17.518	16.209	16.345	415.42	415.34
20:48:49	16.52	16.206	16.229	17.503	16.211	16.345	415.42	415.34
20:49:49	16.52	16.206	16.238	17.492	16.209	16.347	415.42	415.34
20:50:49	16.519	16.206	16.242	17.493	16.21	16.345	415.42	415.34
20:51:49	16.519	16.206	16.259	17.5	16.211	16.345	415.42	415.34
20:52:49	16.52	16.206	16.255	17.509	16.208	16.344	415.42	415.34
20:53:49	16.518	16.206	16.257	17.515	16.206	16.344	415.42	415.34
20:54:49	16.519	16.203	16.265	17.442	16.206	16.344	415.42	415.34
20:55:51	16.52	16.204	16.085	17.325	16.206	16.345	415.42	415.34
20:56:49	16.519	16.204	15.92	17.244	16.205	16.344	415.42	415.34
20:57:49	16.519	16.203	15.84	17.152	16.205	16.344	415.42	415.34
20:58:49	16.519	16.203	15.792	17.079	16.207	16.346	415.42	415.34
20:59:49	16.518	16.203	15.762	17.011	16.205	16.344	415.42	415.34
21:00:49	16.518	16.202	15.782	16.974	16.204	16.342	415.42	415.34
21:01:49	16.518	16.201	15.853	16.969	16.202	16.343	415.42	415.34
21:02:49	16.518	16.201	15.968	16.955	16.205	16.344	415.42	415.34
21:03:49	16.518	16.2	16.054	17.045	16.205	16.344	415.42	415.34
21:04:49	16.518	16.2	16.106	17.16	16.206	16.343	415.42	415.34
21:05:49	16.519	16.199	16.133	17.231	16.206	16.343	415.42	415.34
21:06:49	16.518	16.2	16.155	17.285	16.205	16.343	415.42	415.34
21:07:49	16.517	16.198	16.168	17.329	16.206	16.344	415.42	415.34
21:08:49	16.518	16.199	16.184	17.353	16.204	16.343	415.42	415.34
21:09:49	16.518	16.197	16.201	17.383	16.203	16.343	415.42	415.34
21:10:49	16.517	16.198	16.206	17.408	16.205	16.344	415.42	415.34
21:11:49	16.516	16.198	16.229	17.42	16.205	16.344	415.42	415.34
21:12:49	16.517	16.198	16.234	17.436	16.204	16.345	415.42	415.34
21:13:49	16.517	16.199	16.24	17.447	16.206	16.344	415.42	415.34
21:14:49	16.516	16.198	16.245	17.455	16.207	16.346	415.42	415.34
21:15:49	16.517	16.199	16.261	17.532	16.204	16.344	415.42	415.34
21:16:49	16.518	16.199	16.264	17.578	16.207	16.347	415.42	415.34
21:17:49	16.517	16.198	16.255	17.344	16.206	16.345	415.42	415.34
21:18:49	16.517	16.197	16.187	17.19	16.204	16.345	415.42	415.34
21:19:49	16.517	16.197	16.143	16.959	16.203	16.344	415.42	415.34
21:20:49	16.515	16.198	16.138	16.846	16.203	16.343	415.42	415.34
21:21:49	16.517	16.197	16.146	16.817	16.203	16.344	415.42	415.34
21:22:49	16.516	16.197	16.172	16.953	16.202	16.345	415.42	415.34
21:23:49	16.517	16.197	16.115	17.0	16.203	16.345	415.42	415.34
21:24:49	16.516	16.197	15.986	17.013	16.203	16.346	415.42	415.34
21:25:49	16.516	16.197	15.935	16.819	16.203	16.344	415.42	415.34
21:26:49	16.515	16.195	15.823	16.867	16.202	16.343	415.42	415.34
21:27:49	16.515	16.195	15.74	16.81	16.202	16.343	415.42	415.34
21:28:49	16.516	16.194	15.767	16.851	16.203	16.345	415.42	415.34
21:29:49	16.515	16.194	15.927	16.962	16.201	16.344	415.42	415.34
21:30:49	16.516	16.194	16.022	17.078	16.202	16.344	415.42	415.34
21:31:49	16.515	16.195	16.083	17.17	16.201	16.345	415.42	415.34
21:32:49	16.515	16.194	16.122	17.24	16.201	16.344	415.42	415.34
21:33:49	16.515	16.193	16.14	17.283	16.2	16.344	415.42	415.34
21:34:49	16.515	16.194	16.168	17.319	16.201	16.345	415.42	415.34
21:35:49	16.516	16.194	16.184	17.349	16.203	16.345	415.42	415.34
21:36:49	16.517	16.193	16.19	17.389	16.202	16.346	415.42	415.34
21:37:49	16.514	16.194	16.202	17.41	16.202	16.345	415.42	415.34
21:38:49	16.514	16.193	16.22	17.415	16.2	16.343	415.42	415.34
21:39:49	16.515	16.192	16.221	17.433	16.199	16.344	415.42	415.34
21:40:49	16.514	16.19	16.234	17.449	16.198	16.343	415.42	415.34
21:41:49	16.514	16.19	16.248	17.463	16.199	16.344	415.42	415.34
21:42:49	16.514	16.19	16.25	17.433	16.201	16.345	415.42	415.34
21:43:49	16.515	16.191	16.11	17.306	16.2	16.344	415.42	415.34
21:44:49	16.514	16.19	16.096	17.207	16.202	16.344	415.42	415.34
21:45:49	16.514	16.19	16.099	17.162	16.201	16.345	415.42	415.34
21:46:49	16.512	16.189	16.087	16.918	16.199	16.345	415.42	415.34
21:47:49	16.514	16.19	16.056	16.842	16.202	16.345	415.42	415.34
21:48:49	16.514	16.189	16.089	16.909	16.201	16.344	415.42	415.34
21:49:49	16.513	16.189	16.111	16.937	16.202	16.344	415.42	415.34
21:50:49	16.514	16.19	15.94	16.926	16.202	16.345	415.42	415.34
21:51:49	16.513	16.188	15.76	16.896	16.202	16.344	415.42	415.34
21:52:49	16.513	16.189	15.606	16.878	16.201	16.345	415.42	415.34
21:53:49	16.512	16.188	15.751	16.905	16.2	16.344	415.42	415.34
21:54:49	16.513	16.189	15.921	16.994	16.2	16.344	415.42	415.34
21:55:49	16.513	16.19	16.019	17.088	16.2	16.342	415.42	415.34
21:56:49	16.512	16.189	16.068	17.163	16.201	16.345	415.42	415.34
21:57:49	16.513	16.187	16.102	17.213	16.199	16.343	415.42	415.34
21:58:49	16.513	16.188	16.127	17.248	16.2	16.344	415.42	415.34
21:59:49	16.511	16.187	16.147	17.281	16.2	16.344	415.42	415.34
22:00:49	16.513	16.187	16.149	17.307	16.2	16.344	415.42	415.34
22:01:49	16.512	16.186	16.153	17.337	16.204	16.345	415.42	415.34
22:02:49	16.512	16.186	16.152	17.368	16.203	16.346	415.42	415.34
22:03:49	16.513	16.188	16.156	17.39	16.202	16.345	415.42	415.34
22:04:49	16.512	16.187	16.159	17.418	16.205	16.347	415.42	415.34
22:05:49	16.512	16.189	16.174	17.436	16.202	16.345	415.42	415.34
22:06:49	16.511	16.188	16.179	17.447	16.203	16.345	415.42	415.34
22:07:49	16.512	16.188	16.182	17.454	16.202	16.346	415.42	415.34
22:08:49	16.51	16.187	16.19	17.469	16.202	16.346	415.42	415.34
22:09:49	16.511	16.188	16.211	17.473	16.203	16.347	415.42	415.34
22:10:49	16.512	16.186	16.222	17.481	16.201	16.347	415.42	415.34
22:11:49	16.511	16.187	16.229	17.492	16.202	16.347	415.42	415.34
22:12:49	16.511	16.186	16.237	17.481	16.203	16.347	415.42	415.34
22:13:49	16.512	16.188	16.196	17.397	16.205	16.346	415.42	415.34
22:14:49	16.509	16.187	16.106	17.215	16.203	16.346	415.42	415.34
22:15:51	16.511	16.186	16.068	17.166	16.201	16.344	415.42	415.34
22:16:49	16.51	16.185	16.07	17.113	16.199	16.345	415.42	415.34
22:17:49	16.511	16.185	16.023	17.091	16.198	16.345	415.42	415.34
22:18:49	16.51	16.183	15.874	17.067	16.198	16.344	415.42	415.34
22:19:49	16.51	16.184	15.798	17.033	16.199	16.343	415.42	415.34
22:20:49	16.51	16.183	15.738	16.984	16.198	16.345	415.42	415.34
22:21:49	16.51	16.182	15.711	16.953	16.199	16.344	415.42	415.34
22:22:49	16.51	16.184	15.697	16.936	16.198	16.344	415.42	415.34
22:23:49	16.51	16.181	15.824	16.988	16.197	16.344	415.42	415.34
22:24:49	16.51	16.182	15.928	17.105	16.199	16.345	415.42	415.34
22:25:49	16.51	16.184	16.012	17.201	16.2	16.346	415.42	415.34
22:26:49	16.51	16.184	16.107	17.27	16.2	16.346	415.42	415.34
22:27:49	16.51	16.183	16.149	17.321	16.2	16.346	415.42	415.34
22:28:49	16.51	16.184	16.169	17.361	16.199	16.345	415.42	415.34
22:29:49	16.51	16.184	16.174	17.392	16.199	16.345	415.42	415.34
22:30:49	16.509	16.183	16.172	17.413	16.198	16.345	415.42	415.34
22:31:49	16.51	16.183	16.183	17.426	16.199	16.346	415.42	415.34
22:32:49	16.509	16.182	16.185	17.445	16.2	16.347	415.42	415.34
22:33:49	16.509	16.184	16.203	17.457	16.202	16.348	415.42	415.34
22:34:49	16.509	16.184	16.216	17.464	16.201	16.345	415.42	415.34
22:35:49	16.51	16.184	16.218	17.473	16.2	16.347	415.42	415.34
22:36:49	16.509	16.184	16.215	17.488	16.203	16.347	415.42	415.34
22:37:49	16.509	16.182	16.225	17.491	16.202	16.348	415.42	415.34
22:38:51	16.509	16.183	16.16	17.451	16.201	16.348	415.42	415.34
22:39:49	16.508	16.184	15.942	17.276	16.202	16.348	415.42	415.34
22:40:49	16.509	16.184	15.914	17.167	16.202	16.348	415.42	415.34
22:41:49	16.508	16.184	15.841	17.114	16.201	16.348	415.42	415.34
22:42:49	16.51	16.185	15.8	17.06	16.202	16.35	415.42	415.34
22:43:49	16.509	16.184	15.746	17.009	16.202	16.347	415.42	415.34
22:44:49	16.51	16.185	15.73	16.929	16.202	16.349	415.42	415.34
22:45:49	16.509	16.185	15.726	16.871	16.202	16.348	415.42	415.34
22:46:49	16.508	16.184	15.692	16.88	16.2	16.347	415.42	415.34
22:47:49	16.508	16.182	15.622	16.882	16.2	16.345	415.42	415.34
22:48:49	16.508	16.183	15.633	16.845	16.201	16.347	415.42	415.34
22:49:49	16.508	16.182	15.79	16.898	16.201	16.348	415.42	415.34
22:50:49	16.508	16.182	15.908	16.996	16.2	16.348	415.42	415.34
22:51:49	16.509	16.183	15.967	17.069	16.203	16.348	415.42	415.34
22:52:49	16.508	16.183	16.017	17.128	16.204	16.348	415.42	415.34
22:53:49	16.508	16.184	16.033	17.167	16.203	16.349	415.42	415.34
22:54:49	16.508	16.184	16.052	17.191	16.205	16.349	415.42	415.34
22:55:49	16.509	16.184	16.073	17.211	16.205	16.348	415.42	415.34
22:56:49	16.508	16.184	16.093	17.227	16.204	16.35	415.42	415.34
22:57:49	16.509	16.183	16.102	17.238	16.202	16.348	415.42	415.34
22:58:49	16.508	16.183	16.112	17.245	16.203	16.349	415.42	415.34
22:59:49	16.507	16.181	16.12	17.25	16.203	16.348	415.42	415.34
23:00:49	16.508	16.18	16.127	17.255	16.202	16.347	415.42	415.34
23:01:49	16.507	16.18	16.144	17.273	16.202	16.347	415.42	415.34
23:02:49	16.508	16.181	16.158	17.292	16.204	16.349	415.42	415.34
23:03:51	16.507	16.182	16.174	17.313	16.205	16.348	415.42	415.34
23:04:49	16.508	16.18	16.178	17.315	16.204	16.349	415.42	415.34
23:05:49	16.507	16.182	16.182	17.313	16.204	16.35	415.42	415.34
23:06:49	16.509	16.182	16.192	17.31	16.207	16.35	415.42	415.34
23:07:49	16.509	16.181	16.198	17.31	16.205	16.349	415.42	415.34
23:08:49	16.507	16.182	16.207	17.307	16.207	16.35	415.42	415.34
23:09:49	16.508	16.181	16.21	17.31	16.207	16.349	415.42	415.34
23:10:49	16.507	16.181	16.216	17.313	16.205	16.349	415.42	415.34
23:11:49	16.507	16.181	16.219	17.315	16.206	16.349	415.42	415.34
23:12:49	16.507	16.181	16.22	17.316	16.204	16.349	415.42	415.34
23:13:49	16.505	16.179	16.238	17.311	16.203	16.348	415.42	415.34
23:14:49	16.507	16.179	16.238	17.31	16.203	16.349	415.42	415.34
23:15:49	16.506	16.178	16.238	17.309	16.204	16.35	415.42	415.34
23:16:49	16.506	16.177	16.244	17.317	16.205	16.348	415.42	415.34
23:17:49	16.506	16.178	16.249	17.319	16.207	16.349	415.42	415.34
23:18:49	16.507	16.178	16.254	17.326	16.208	16.35	415.42	415.34
23:19:50	16.507	16.178	16.262	17.331	16.209	16.351	415.42	415.34
23:20:49	0.0	16.179	16.265	17.35	16.206	16.35	415.42	415.34
23:21:49	16.507	16.179	16.27	17.35	16.205	16.351	415.42	415.34
23:22:49	16.507	16.179	16.276	17.349	16.205	16.35	415.42	415.34
23:23:49	16.506	16.178	16.28	17.348	16.207	16.35	415.42	415.34
23:24:49	16.506	16.18	16.284	17.352	16.208	16.35	415.42	415.34
23:25:49	16.505	16.178	16.285	17.357	16.207	16.351	415.42	415.34
23:26:51	16.505	16.179	16.288	17.354	16.205	16.352	415.42	415.34
23:27:49	16.507	16.179	16.293	17.351	16.203	16.352	415.42	415.34
23:28:49	16.507	16.18	16.298	17.347	16.205	16.351	415.42	415.34
23:29:49	16.506	16.179	16.297	17.342	16.203	16.348	415.42	415.34
23:30:49	16.506	16.178	16.304	17.338	16.204	16.349	415.42	415.34
23:31:49	16.505	16.179	16.309	17.34	16.204	16.351	415.42	415.34
23:32:49	16.506	16.178	16.311	17.348	16.204	16.35	415.42	415.34
23:33:49	16.505	16.178	16.311	17.357	16.203	16.35	415.42	415.34
23:34:49	16.505	16.177	16.314	17.359	16.204	16.351	415.42	415.34
23:35:49	16.505	16.176	16.317	17.355	16.204	16.349	415.42	415.34
23:36:49	16.505	16.175	16.32	17.363	16.206	16.351	415.42	415.34
23:37:49	16.506	16.175	16.323	17.362	16.204	16.35	415.42	415.34
23:38:49	16.505	16.176	16.326	17.36	16.202	16.349	415.42	415.34
23:39:49	16.505	16.176	16.327	17.362	16.203	16.349	415.42	415.34
23:40:49	16.504	16.175	16.33	17.367	16.203	16.349	415.42	415.34
23:41:49	16.504	16.175	16.333	17.377	16.202	16.35	415.42	415.34
23:42:49	16.504	16.174	16.336	17.372	16.203	16.349	415.42	415.34
23:43:49	16.504	16.174	16.338	17.367	16.201	16.349	415.42	415.34
23:44:49	16.505	16.173	16.339	17.366	16.203	16.35	415.42	415.34
23:45:49	16.505	16.174	16.341	17.36	16.203	16.35	415.42	415.34
23:46:49	16.505	16.175	16.343	17.354	16.202	16.349	415.42	415.34
23:47:49	16.504	16.176	16.347	17.355	16.202	16.35	415.42	415.34
23:48:49	16.505	16.175	16.352	17.357	16.204	16.349	415.42	415.34
23:49:49	16.504	16.175	16.35	17.354	16.203	16.349	415.42	415.34
23:50:49	16.505	16.174	16.349	17.354	16.203	16.35	415.42	415.34
23:51:49	16.504	16.174	16.35	17.348	16.203	16.35	415.42	415.34
23:52:49	16.504	16.173	16.353	17.344	16.204	16.349	415.42	415.34
23:53:49	16.504	16.174	16.354	17.347	16.204	16.352	415.42	415.34
23:54:49	16.503	16.175	16.364	17.345	16.203	16.35	415.42	415.34
23:55:49	16.505	16.173	16.361	17.351	16.202	16.35	415.42	415.34
23:56:51	16.504	16.174	16.364	17.357	16.202	16.35	415.42	415.34
23:57:49	16.505	16.175	16.362	17.357	16.204	16.35	415.42	415.34
23:58:49	16.503	16.174	16.363	17.359	16.204	16.351	415.42	415.34
23:59:50	16.503	16.173	16.364	17.356	16.202	16.349	415.42	415.34
