00:00:38	17.045	16.68	16.58	17.38	16.911	17.084	415.42	415.34
00:01:38	17.046	16.68	16.485	17.404	16.91	17.085	415.42	415.34
00:02:38	17.045	16.677	16.578	17.461	16.906	17.083	415.42	415.34
00:03:38	17.046	16.678	16.612	17.518	16.905	17.085	415.42	415.34
00:04:38	17.044	16.679	16.615	17.498	16.909	17.084	415.42	415.34
00:05:38	17.044	16.678	16.641	17.397	16.909	17.085	415.42	415.34
00:06:38	17.045	16.678	16.535	16.695	16.911	17.085	415.42	415.34
00:07:38	17.046	16.679	16.531	16.974	16.914	17.085	415.42	415.34
00:08:38	17.045	16.68	16.603	17.284	16.914	17.085	415.42	415.34
00:09:38	17.045	16.679	16.55	17.432	16.913	17.085	415.42	415.34
00:10:38	17.045	16.68	16.508	17.447	16.912	17.085	415.42	415.34
00:11:38	17.045	16.68	16.595	17.506	16.912	17.085	415.42	415.34
00:12:38	17.044	16.68	16.625	17.534	16.913	17.086	415.42	415.34
00:13:38	17.045	16.68	16.639	17.505	16.912	17.086	415.42	415.34
00:14:38	17.044	16.681	16.633	17.213	16.912	17.087	415.42	415.34
00:15:38	0.0	16.68	16.525	16.729	16.911	17.086	415.42	415.34
00:16:38	17.044	16.68	16.518	17.014	16.912	17.084	415.42	415.34
00:17:38	17.044	16.68	16.595	17.299	16.91	17.085	415.42	415.34
00:18:38	17.044	16.679	16.569	17.411	16.908	17.084	415.42	415.34
00:19:38	17.043	16.679	16.495	17.4	16.909	17.084	415.42	415.34
00:20:38	17.044	16.68	16.579	17.457	16.912	17.087	415.42	415.34
00:21:38	17.044	16.681	16.613	17.515	16.91	17.085	415.42	415.34
00:22:38	17.044	16.682	16.613	17.495	16.91	17.088	415.42	415.34
00:23:38	17.044	16.682	16.649	17.393	16.91	17.088	415.42	415.34
00:24:39	17.044	16.681	16.535	16.851	16.912	17.089	415.42	415.34
00:25:38	0.0	16.682	16.479	16.82	16.914	17.088	415.42	415.34
00:26:38	17.044	16.682	16.568	17.192	16.913	17.089	415.42	415.34
00:27:38	17.043	16.683	16.566	17.385	16.915	17.089	415.42	415.34
00:28:38	17.044	16.683	16.476	17.417	16.911	17.088	415.42	415.34
00:29:38	17.043	16.685	16.571	17.471	16.911	17.09	415.42	415.34
00:30:38	17.043	16.686	16.605	17.533	16.913	17.088	415.42	415.34
00:31:38	17.043	16.686	16.62	17.508	16.913	17.088	415.42	415.34
00:32:38	17.043	16.686	16.644	17.399	16.914	17.089	415.42	415.34
00:33:38	17.042	16.685	16.557	16.775	16.913	17.088	415.42	415.34
00:34:38	17.043	16.685	16.496	16.816	16.912	17.089	415.42	415.34
00:35:38	17.043	16.685	16.575	17.197	16.909	17.088	415.42	415.34
00:36:38	17.043	16.685	16.604	17.386	16.91	17.089	415.42	415.34
00:37:38	17.042	16.684	16.473	17.416	16.911	17.089	415.42	415.34
00:38:38	17.043	16.685	16.543	17.435	16.909	17.088	415.42	415.34
00:39:38	17.043	16.683	16.608	17.507	16.908	17.087	415.42	415.34
00:40:38	17.042	16.683	16.625	17.536	16.912	17.088	415.42	415.34
00:41:38	17.043	16.683	16.633	17.515	16.912	17.088	415.42	415.34
00:42:38	17.041	16.683	16.622	17.251	16.914	17.089	415.42	415.34
00:43:38	17.041	16.683	16.509	16.851	16.914	17.088	415.42	415.34
00:44:38	17.042	16.683	16.564	17.19	16.913	17.088	415.42	415.34
00:45:38	17.041	16.682	16.629	17.39	16.911	17.087	415.42	415.34
00:46:38	17.042	16.681	16.508	17.456	16.913	17.087	415.42	415.34
00:47:38	17.041	16.68	16.564	17.467	16.913	17.087	415.42	415.34
00:48:38	17.041	16.681	16.632	17.526	16.914	17.087	415.42	415.34
00:49:38	17.042	16.68	16.616	17.524	16.915	17.086	415.42	415.34
00:50:38	17.041	16.681	16.641	17.517	16.914	17.087	415.42	415.34
00:51:38	17.041	16.68	16.606	17.059	16.913	17.087	415.42	415.34
00:52:38	17.041	16.68	16.525	16.994	16.914	17.088	415.42	415.34
00:53:38	17.041	16.68	16.6	17.272	16.914	17.087	415.42	415.34
00:54:38	17.04	16.679	16.611	17.428	16.912	17.086	415.42	415.34
00:55:38	17.042	16.679	16.527	17.442	16.914	17.086	415.42	415.34
00:56:38	17.04	16.681	16.597	17.486	16.915	17.087	415.42	415.34
00:57:38	17.04	16.68	16.643	17.538	16.914	17.089	415.42	415.34
00:58:38	17.041	16.681	16.644	17.514	16.914	17.088	415.42	415.34
00:59:38	17.04	16.681	16.631	17.109	16.915	17.088	415.42	415.34
01:00:38	17.04	16.681	16.523	16.804	16.915	17.089	415.42	415.34
01:01:38	17.04	16.682	16.56	17.131	16.913	17.089	415.42	415.34
01:02:38	17.04	16.682	16.626	17.371	16.911	17.088	415.42	415.34
01:03:40	17.04	16.681	16.476	17.427	16.91	17.088	415.42	415.34
01:04:38	17.04	16.683	16.552	17.449	16.913	17.09	415.42	415.34
01:05:38	17.04	16.683	16.617	17.52	16.916	17.09	415.42	415.34
01:06:38	17.038	16.682	16.598	17.518	16.913	17.09	415.42	415.34
01:07:38	17.039	16.682	16.629	17.512	16.914	17.089	415.42	415.34
01:08:38	17.04	16.683	16.598	16.997	16.911	17.089	415.42	415.34
01:09:38	17.038	16.683	16.524	16.948	16.909	17.089	415.42	415.34
01:10:38	17.039	16.683	16.598	17.254	16.908	17.089	415.42	415.34
01:11:38	17.039	16.682	16.554	17.403	16.906	17.088	415.42	415.34
01:12:38	17.039	16.682	16.559	17.438	16.91	17.089	415.42	415.34
01:13:38	17.039	16.682	16.62	17.5	16.911	17.089	415.42	415.34
01:14:38	17.039	16.68	16.637	17.531	16.913	17.087	415.42	415.34
01:15:38	17.039	16.681	16.64	17.496	16.914	17.087	415.42	415.34
01:16:38	17.039	16.681	16.635	17.153	16.915	17.089	415.42	415.34
01:17:38	17.039	16.682	16.546	16.734	16.914	17.088	415.42	415.34
01:18:38	17.039	16.682	16.541	17.021	16.915	17.089	415.42	415.34
01:19:38	17.039	16.683	16.621	17.308	16.913	17.09	415.42	415.34
01:20:38	17.039	16.683	16.549	17.43	16.914	17.09	415.42	415.34
01:21:38	17.04	16.684	16.558	17.439	16.915	17.09	415.42	415.34
01:22:38	17.039	16.683	16.625	17.502	16.913	17.091	415.42	415.34
01:23:38	17.04	16.685	16.632	17.534	16.915	17.093	415.42	415.34
01:24:38	17.039	16.685	16.637	17.51	16.916	17.092	415.42	415.34
01:25:38	17.039	16.685	16.642	17.153	16.916	17.094	415.42	415.34
01:26:38	17.039	16.686	16.533	16.633	16.917	17.092	415.42	415.34
01:27:38	17.038	16.686	16.532	16.912	16.918	17.092	415.42	415.34
01:28:38	17.039	16.687	16.606	17.252	16.917	17.092	415.42	415.34
01:29:38	17.038	16.686	16.54	17.388	16.916	17.091	415.42	415.34
01:30:38	17.038	16.687	16.545	17.432	16.917	17.09	415.42	415.34
01:31:38	17.039	16.686	16.621	17.5	16.917	17.093	0.0	415.34
01:32:38	17.039	16.687	16.621	17.538	16.916	17.092	415.42	415.34
01:33:38	17.038	16.687	16.639	17.52	16.916	17.091	415.42	415.34
01:34:38	17.039	16.686	16.641	17.177	16.915	17.09	415.42	415.34
01:35:42	17.039	16.685	16.507	16.879	16.915	17.091	415.42	415.34
01:36:38	17.039	16.685	16.561	17.162	16.913	17.091	415.42	415.34
01:37:38	17.037	16.684	16.591	17.38	16.912	17.09	415.42	415.34
01:38:38	17.039	16.683	16.511	17.44	16.912	17.089	415.42	415.34
01:39:38	17.038	16.683	16.594	17.488	16.91	17.089	415.42	415.34
01:40:38	17.038	16.681	16.638	17.539	16.91	17.089	415.42	415.34
01:41:38	17.037	16.68	16.63	17.52	16.911	17.088	415.42	415.34
01:42:38	17.037	16.68	16.652	17.416	16.913	17.089	415.42	415.34
01:43:38	17.037	16.679	16.558	16.796	16.914	17.088	415.42	415.34
01:44:38	17.037	16.678	16.532	17.025	16.912	17.088	415.42	415.34
01:45:38	17.037	16.679	16.614	17.303	16.913	17.089	415.42	415.34
01:46:38	17.038	16.678	16.587	17.433	16.912	17.088	415.42	415.34
01:47:38	17.037	16.679	16.513	17.447	16.914	17.088	415.42	415.34
01:48:38	17.037	16.679	16.59	17.488	16.914	17.088	415.42	415.34
01:49:38	17.038	16.678	16.635	17.538	16.915	17.089	415.42	415.34
01:50:38	17.038	16.678	16.634	17.518	16.915	17.088	415.42	415.34
01:51:38	17.036	16.677	16.661	17.437	16.913	17.088	415.42	415.34
01:52:38	17.037	16.677	16.536	16.829	16.916	17.088	415.42	415.34
01:53:38	17.036	16.677	16.526	17.045	16.916	17.088	415.42	415.34
01:54:38	17.037	16.677	16.61	17.328	16.915	17.087	415.42	415.34
01:55:38	17.036	16.677	16.574	17.437	16.916	17.088	415.42	415.34
01:56:38	17.037	16.676	16.558	17.459	16.914	17.087	415.42	415.34
01:57:40	17.038	16.676	16.621	17.52	16.915	17.087	415.42	415.34
01:58:38	17.037	16.675	16.63	17.546	16.916	17.088	415.42	415.34
01:59:38	17.036	0.0	16.639	17.513	16.916	17.088	415.42	415.34
02:00:38	17.036	16.676	16.651	17.225	16.915	17.088	415.42	415.34
02:01:38	17.036	16.673	16.527	16.831	16.914	17.088	415.42	415.34
02:02:38	17.036	16.674	16.579	17.184	16.915	17.088	415.42	415.34
02:03:38	17.036	16.674	16.607	17.385	16.916	17.087	415.42	415.34
02:04:38	17.035	16.672	16.529	17.438	16.916	17.087	415.42	415.34
02:05:38	17.036	16.673	16.608	17.486	16.915	17.086	415.42	415.34
02:06:38	17.036	16.673	16.648	17.547	16.916	17.087	415.42	415.34
02:07:38	17.036	16.674	16.641	17.518	16.917	17.087	415.42	415.34
02:08:38	17.036	16.674	16.666	17.438	16.915	17.087	415.42	415.34
02:09:38	17.035	16.674	16.604	16.981	16.913	17.087	415.42	415.34
02:10:38	17.035	16.673	16.519	16.902	16.914	17.087	415.42	415.34
02:11:38	17.035	16.673	16.588	17.229	16.915	17.087	415.42	415.34
02:12:38	17.036	16.674	16.611	17.413	16.913	17.085	415.42	415.34
02:13:38	17.036	16.672	16.545	17.444	16.912	17.086	415.42	415.34
02:14:38	17.035	16.673	16.618	17.493	16.913	17.087	415.42	415.34
02:15:38	17.035	16.673	16.657	17.55	16.909	17.086	415.42	415.34
02:16:38	17.035	16.672	16.647	17.529	16.91	17.086	415.42	415.34
02:17:38	17.034	16.671	16.671	17.446	16.912	17.086	415.42	415.34
02:18:38	17.035	16.672	16.572	16.89	16.913	17.086	415.42	415.34
02:19:38	17.035	16.67	16.519	16.864	16.914	17.087	415.42	415.34
02:20:38	17.035	16.671	16.592	17.225	16.913	17.087	415.42	415.34
02:21:38	17.033	16.671	16.607	17.396	16.911	17.089	415.42	415.34
02:22:39	17.035	16.672	16.512	17.435	16.913	17.088	415.42	415.34
02:23:38	17.035	16.672	16.599	17.484	16.915	17.088	415.42	415.34
02:24:38	17.035	16.672	16.644	17.534	16.915	17.086	415.42	415.34
02:25:38	17.035	16.672	16.636	17.51	16.914	17.088	415.42	415.34
02:26:38	17.034	16.671	16.658	17.411	16.914	17.087	415.42	415.34
02:27:38	17.034	16.672	16.565	16.881	16.914	17.087	415.42	415.34
02:28:38	17.034	16.672	16.55	17.081	16.915	17.087	415.42	415.34
02:29:38	17.034	16.672	16.62	17.332	16.914	17.087	415.42	415.34
02:30:38	17.035	16.672	16.53	17.407	16.913	17.087	415.42	415.34
02:31:38	17.033	16.672	16.573	17.444	16.914	17.086	415.42	415.34
02:32:38	17.035	16.67	16.632	17.517	16.913	17.087	415.42	415.34
02:33:38	17.034	16.671	16.648	17.518	16.913	17.087	415.42	415.34
02:34:38	17.034	16.67	16.658	17.523	16.913	17.087	415.42	415.34
02:35:38	17.033	16.67	16.616	17.002	16.914	17.087	415.42	415.34
02:36:38	17.032	16.669	16.512	16.771	16.913	17.087	415.42	415.34
02:37:38	17.034	16.669	16.566	17.134	16.915	17.087	415.42	415.34
02:38:38	17.033	16.669	16.63	17.359	16.914	17.086	415.42	415.34
02:39:38	17.033	16.668	16.511	17.446	16.914	17.086	415.42	415.34
02:40:38	17.031	16.668	16.533	17.441	16.915	17.085	415.42	415.34
02:41:38	17.033	16.667	16.607	17.505	16.914	17.085	415.42	415.34
02:42:39	17.032	16.666	16.647	17.555	16.915	17.086	415.42	415.34
02:43:38	17.032	16.667	16.641	17.531	16.914	17.086	415.42	415.34
02:44:38	17.033	16.669	16.661	17.459	16.915	17.087	415.42	415.34
02:45:38	17.032	16.668	16.568	16.933	16.911	17.087	415.42	415.34
02:46:38	17.033	16.668	16.522	16.886	16.908	17.088	415.42	415.34
02:47:38	17.033	16.669	16.595	17.245	16.913	17.087	415.42	415.34
02:48:38	17.033	16.669	16.628	17.423	16.914	17.086	415.42	415.34
02:49:38	17.033	16.67	16.526	17.452	16.912	17.087	415.42	415.34
02:50:38	17.032	16.668	16.572	17.464	16.911	17.087	415.42	415.34
02:51:38	17.032	16.669	16.632	17.529	16.912	17.087	415.42	415.34
02:52:38	17.032	16.668	16.624	17.528	16.914	17.087	415.42	415.34
02:53:38	17.032	16.668	16.651	17.523	16.914	17.087	415.42	415.34
02:54:38	17.031	16.669	16.597	17.072	16.916	17.088	415.42	415.34
02:55:38	17.032	16.67	16.493	16.776	16.915	17.087	415.42	415.34
02:56:38	17.032	16.669	16.558	17.148	16.916	17.086	415.42	415.34
02:57:38	17.032	16.669	16.569	17.366	16.914	17.087	415.42	415.34
02:58:38	17.032	16.669	16.486	17.425	16.915	17.088	415.42	415.34
02:59:38	17.032	16.669	16.579	17.484	16.913	17.087	415.42	415.34
03:00:38	17.031	16.669	16.616	17.542	16.915	17.088	415.42	415.34
03:01:38	17.032	16.67	16.614	17.515	16.914	17.088	415.42	415.34
03:02:38	17.031	16.67	16.648	17.449	16.915	17.088	415.42	415.34
03:03:38	17.031	16.67	16.537	16.819	16.915	17.088	415.42	415.34
03:04:38	17.031	16.67	16.531	17.039	16.915	17.089	415.42	415.34
03:05:38	17.031	16.67	16.61	17.318	16.916	17.087	415.42	415.34
03:06:38	17.032	16.671	16.552	17.437	16.913	17.088	415.42	415.34
03:07:38	17.031	16.67	16.541	17.475	16.914	17.087	415.42	415.34
03:08:38	17.031	16.67	16.62	17.531	16.914	17.087	415.42	415.34
03:09:38	17.031	16.67	16.618	17.559	16.915	17.086	415.42	415.34
03:10:38	17.031	16.67	16.638	17.537	16.916	17.087	415.42	415.34
03:11:38	17.032	16.67	16.64	17.213	16.916	17.088	415.42	415.34
03:12:38	17.031	16.671	16.535	16.66	16.916	17.087	415.42	415.34
03:13:38	17.032	16.671	16.53	16.95	16.916	17.088	415.42	415.34
03:14:38	17.031	16.671	16.614	17.281	16.916	17.089	415.42	415.34
03:15:40	17.031	16.67	16.56	0.0	16.918	17.088	415.42	415.34
03:16:38	17.032	16.671	16.559	17.458	16.915	17.088	415.42	415.34
03:17:38	17.031	16.671	16.62	17.527	16.915	17.09	415.42	415.34
03:18:38	17.031	16.672	16.637	17.564	16.916	17.089	415.42	415.34
03:19:38	17.031	16.671	16.638	17.53	16.917	17.089	415.42	415.34
03:20:38	17.031	16.672	16.66	17.453	16.915	17.089	415.42	415.34
03:21:38	17.031	16.672	16.576	16.859	16.917	17.089	415.42	415.34
03:22:38	17.031	16.673	16.511	16.866	16.916	17.089	415.42	415.34
03:23:38	17.031	16.673	16.594	17.236	16.916	17.088	415.42	415.34
03:24:38	17.031	16.673	16.616	17.434	16.916	17.088	415.42	415.34
03:25:38	17.031	16.673	16.517	17.483	16.916	17.089	415.42	415.34
03:26:38	17.031	16.673	16.569	17.498	16.916	17.089	415.42	415.34
03:27:39	17.031	16.672	16.634	17.55	16.916	17.089	415.42	415.34
03:28:38	17.03	16.671	16.639	17.539	16.914	17.089	415.42	415.34
03:29:38	17.031	16.671	16.658	17.533	16.914	17.089	415.42	415.34
03:30:38	17.031	16.672	16.623	16.992	16.916	17.089	415.42	415.34
03:31:38	17.03	16.671	16.528	16.695	16.915	17.089	415.42	415.34
03:32:38	17.031	16.672	16.566	17.079	16.917	17.089	415.42	415.34
03:33:38	17.031	16.672	16.595	17.346	16.915	17.088	415.42	415.34
03:34:38	17.03	16.671	16.525	17.417	16.916	17.087	415.42	415.34
03:35:38	17.031	16.672	16.597	17.474	16.916	17.089	415.42	415.34
03:36:39	17.03	16.673	16.64	17.535	16.917	17.089	415.42	415.34
03:37:38	17.031	16.674	16.635	17.51	16.917	17.089	415.42	415.34
03:38:38	17.031	16.673	16.66	17.413	16.916	17.089	415.42	415.34
03:39:38	17.031	16.674	16.567	16.921	16.916	17.089	415.42	415.34
03:40:38	17.031	16.673	16.555	17.09	16.916	17.09	415.42	415.34
03:41:38	17.03	16.673	16.625	17.334	16.916	17.089	415.42	415.34
03:42:38	17.03	16.673	16.563	17.445	16.917	17.09	415.42	415.34
03:43:38	17.03	16.674	16.496	17.46	16.917	17.09	415.42	415.34
03:44:38	17.031	16.673	16.582	17.501	16.916	17.089	415.42	415.34
03:45:38	17.032	16.674	16.65	17.557	16.917	17.089	415.42	415.34
03:46:38	17.03	16.674	16.636	17.549	16.917	17.09	415.42	415.34
03:47:38	17.031	16.672	16.643	17.515	16.916	17.089	415.42	415.34
03:48:38	17.031	16.672	16.636	17.155	16.916	17.09	415.42	415.34
03:49:38	17.031	16.673	16.517	16.856	16.915	17.089	415.42	415.34
03:50:38	17.03	16.673	16.564	17.145	16.916	17.088	415.42	415.34
03:51:38	17.031	0.0	16.63	17.375	16.917	17.089	415.42	415.34
03:52:38	17.03	16.672	16.536	17.461	16.917	17.089	415.42	415.34
03:53:38	17.031	16.671	16.523	17.451	16.915	17.088	415.42	415.34
03:54:38	17.03	16.671	16.606	17.506	16.916	17.088	415.42	415.34
03:55:38	17.031	16.67	16.607	17.541	16.916	17.088	415.42	415.34
03:56:38	17.031	16.67	16.621	17.515	16.917	17.088	415.42	415.34
03:57:38	17.029	16.669	16.635	17.227	16.918	17.088	415.42	415.34
03:58:38	17.03	16.671	16.52	16.856	16.917	17.087	415.42	415.34
03:59:38	17.029	16.67	16.562	17.162	16.916	17.088	415.42	415.34
04:00:38	17.03	16.671	16.629	17.38	16.916	17.088	415.42	415.34
04:01:38	17.03	16.671	16.528	17.46	16.917	17.09	415.42	415.34
04:02:40	17.031	16.67	16.573	17.473	16.916	17.089	415.42	415.34
04:03:38	17.028	16.671	16.634	17.53	16.915	17.088	415.42	415.34
04:04:38	17.03	16.671	16.627	17.521	16.914	17.089	415.42	415.34
04:05:38	17.03	16.671	16.642	17.519	16.914	17.089	415.42	415.34
04:06:38	17.029	16.67	16.65	17.228	16.914	17.088	415.42	415.34
04:07:38	17.03	16.669	16.552	16.729	16.916	17.088	415.42	415.34
04:08:38	17.03	16.668	16.534	16.969	16.916	17.089	415.42	415.34
04:09:38	17.03	16.669	16.615	17.277	16.913	17.087	415.42	415.34
04:10:38	17.029	16.67	16.563	17.425	16.914	17.088	415.42	415.34
04:11:38	17.03	16.669	16.558	17.454	16.914	17.088	415.42	415.34
04:12:38	17.03	16.669	16.627	17.517	16.915	17.087	415.42	415.34
04:13:38	17.029	16.669	16.643	17.55	16.915	17.088	415.42	415.34
04:14:38	17.03	16.67	16.638	17.509	16.913	17.088	415.42	415.34
04:15:38	17.03	16.668	16.66	17.408	16.914	17.088	415.42	415.34
04:16:38	17.029	16.668	16.566	16.842	16.915	17.088	415.42	415.34
04:17:38	17.03	16.669	16.555	17.061	16.915	17.087	415.42	415.34
04:18:38	17.029	16.67	16.626	17.335	16.914	17.089	415.42	415.34
04:19:38	17.03	16.669	16.531	17.436	16.914	17.087	415.42	415.34
04:20:38	17.03	16.669	16.578	17.469	16.911	17.087	415.42	415.34
04:21:38	17.029	16.669	16.634	17.534	16.913	17.088	415.42	415.34
04:22:38	17.029	16.669	16.628	17.535	16.912	17.086	415.42	415.34
04:23:38	17.029	16.669	16.649	17.529	16.915	17.087	415.42	415.34
04:24:38	17.029	16.669	16.606	17.013	16.914	17.088	415.42	415.34
04:25:38	17.03	16.67	16.504	16.71	16.916	17.088	415.42	415.34
04:26:38	17.03	16.67	16.555	17.075	16.915	17.088	415.42	415.34
04:27:38	17.028	16.67	16.619	17.346	16.914	17.088	415.42	415.34
04:28:38	0.0	16.671	16.515	17.448	16.915	17.087	415.42	415.34
04:29:38	17.03	16.672	16.57	17.476	16.917	17.089	415.42	415.34
04:30:38	17.029	16.671	16.634	17.54	16.917	17.089	415.42	415.34
04:31:38	17.029	16.671	16.638	17.534	16.917	17.09	415.42	415.34
04:32:39	17.031	16.671	16.656	17.529	16.917	17.089	415.42	415.34
04:33:38	17.03	16.672	16.607	17.03	16.916	17.089	415.42	415.34
04:34:38	17.029	16.671	16.519	16.913	16.916	17.089	415.42	415.34
04:35:38	17.029	16.672	16.596	17.242	16.913	17.088	415.42	415.34
04:36:40	17.029	16.67	16.565	17.415	16.914	17.088	415.42	415.34
04:37:38	17.029	16.67	16.557	17.457	16.913	17.087	415.42	415.34
04:38:38	17.029	16.669	16.631	17.525	16.915	17.088	415.42	415.34
04:39:38	17.028	16.669	16.644	17.559	16.917	17.088	415.42	415.34
04:40:38	17.028	16.671	16.641	17.514	16.917	17.088	415.42	415.34
04:41:39	17.029	16.668	16.665	17.415	16.917	17.087	415.42	415.34
04:42:38	17.029	16.67	16.579	16.852	16.917	17.089	415.42	415.34
04:43:38	17.029	16.67	16.546	17.064	16.916	17.088	415.42	415.34
04:44:38	17.029	16.67	16.624	17.336	16.917	17.089	415.42	415.34
04:45:38	17.029	16.671	16.562	17.463	16.916	17.089	415.42	415.34
04:46:38	17.029	16.67	16.497	17.446	16.914	17.089	415.42	415.34
04:47:38	17.029	16.671	16.584	17.492	16.914	17.09	415.42	415.34
04:48:38	17.028	16.671	16.647	17.551	16.916	17.089	415.42	415.34
04:49:38	17.028	16.673	16.634	17.549	16.918	17.09	415.42	415.34
04:50:38	17.029	16.673	16.66	17.547	16.918	17.09	415.42	415.34
04:51:38	17.03	16.673	16.615	17.04	16.918	17.091	415.42	415.34
04:52:38	17.03	16.675	16.53	16.718	16.916	17.09	415.42	415.34
04:53:38	17.029	16.674	16.575	17.127	16.915	17.091	415.42	415.34
04:54:38	17.029	16.674	16.64	17.365	16.914	17.091	415.42	415.34
04:55:38	17.029	16.676	16.543	17.455	16.916	17.09	415.42	415.34
04:56:38	17.03	16.675	16.591	17.486	16.917	17.09	415.42	415.34
04:57:38	17.029	16.674	16.644	17.547	16.917	17.091	415.42	415.34
04:58:38	17.029	16.675	16.632	17.541	16.918	17.091	415.42	415.34
04:59:38	17.028	16.674	16.655	17.533	16.916	17.09	415.42	415.34
05:00:38	17.03	16.673	16.626	17.057	16.918	17.091	415.42	415.34
05:01:38	17.029	16.674	16.534	16.825	16.919	17.09	415.42	415.34
05:02:38	17.03	16.675	16.587	17.15	16.919	17.09	415.42	415.34
05:03:38	17.03	16.674	16.619	17.381	16.917	17.092	415.42	415.34
05:04:38	17.029	16.675	16.531	17.443	16.918	17.091	415.42	415.34
05:05:38	17.029	16.676	16.603	17.499	16.917	17.092	415.42	415.34
05:06:38	17.03	16.675	16.652	17.559	16.918	17.092	415.42	415.34
05:07:38	17.029	16.676	16.628	17.528	16.917	17.09	415.42	415.34
05:08:38	17.029	16.676	16.649	17.526	16.917	17.092	415.42	415.34
05:09:38	17.029	16.678	16.593	17.001	16.917	17.091	415.42	415.34
05:10:39	17.03	16.677	16.501	16.685	16.917	17.092	415.42	415.34
05:11:38	17.03	16.677	16.553	17.055	16.918	17.091	415.42	415.34
05:12:38	17.029	16.677	16.627	17.321	16.917	17.092	415.42	415.34
05:13:38	17.03	16.677	16.56	17.433	16.917	17.091	415.42	415.34
05:14:38	17.028	16.676	16.594	17.476	16.918	17.091	415.42	415.34
05:15:38	17.029	16.675	16.646	17.536	16.915	17.09	415.42	415.34
05:16:38	17.03	16.675	16.632	17.534	16.915	17.09	415.42	415.34
05:17:38	17.028	16.672	16.655	17.518	16.914	17.089	415.42	415.34
05:18:38	17.029	16.672	16.61	17.052	16.915	17.088	415.42	415.34
05:19:38	17.029	16.672	16.51	16.723	16.915	17.089	415.42	415.34
05:20:38	17.029	16.67	16.559	17.088	16.914	17.089	415.42	415.34
05:21:38	17.029	16.67	16.626	17.338	16.915	17.088	415.42	415.34
05:22:38	17.029	16.67	16.508	17.436	16.914	17.087	415.42	415.34
05:23:38	17.029	16.67	16.524	17.429	16.912	17.088	415.42	415.34
05:24:38	17.028	16.669	16.603	17.489	16.91	17.088	415.42	415.34
05:25:38	17.028	16.67	16.639	17.544	16.914	17.09	415.42	415.34
05:26:38	17.028	16.67	16.633	17.522	16.916	17.089	415.42	415.34
05:27:38	17.029	16.669	16.66	17.444	16.913	17.088	415.42	415.34
05:28:38	17.029	16.67	16.585	16.901	16.91	17.089	415.42	415.34
05:29:38	17.029	16.67	16.56	17.094	16.913	17.088	415.42	415.34
05:30:38	17.029	16.669	16.633	17.345	16.913	17.088	415.42	415.34
05:31:38	17.028	16.669	16.526	17.435	16.915	17.088	415.42	415.34
05:32:38	17.029	16.671	16.578	17.47	16.914	17.088	415.42	415.34
05:33:38	17.029	16.671	16.633	17.539	16.915	17.09	415.42	415.34
05:34:38	17.028	16.67	16.626	17.541	16.915	17.089	415.42	415.34
05:35:38	17.03	16.669	16.655	17.539	16.914	17.089	415.42	415.34
05:36:38	17.027	16.67	16.604	16.995	16.913	17.089	415.42	415.34
05:37:38	17.028	16.669	16.523	16.7	16.915	17.089	415.42	415.34
05:38:38	17.027	16.669	16.555	17.062	16.914	17.089	415.42	415.34
05:39:38	17.028	16.67	16.622	17.34	16.914	17.089	415.42	415.34
05:40:38	17.028	16.67	16.539	17.435	16.912	17.088	415.42	415.34
05:41:38	17.028	16.671	16.531	17.439	16.913	17.089	415.42	415.34
05:42:39	17.029	16.67	16.611	17.504	16.914	17.089	415.42	415.34
05:43:38	17.029	16.671	16.618	17.557	16.914	17.089	415.42	415.34
05:44:38	17.029	16.67	16.63	17.53	16.913	17.088	415.42	415.34
05:45:38	17.027	16.67	16.66	17.417	16.912	17.089	415.42	415.34
05:46:38	17.027	16.669	16.551	16.843	16.913	17.088	415.42	415.34
05:47:38	17.028	16.671	16.459	16.788	16.912	17.089	415.42	415.34
05:48:38	17.027	16.669	16.547	17.165	16.915	17.087	415.42	415.34
05:49:38	17.028	16.669	16.621	17.396	16.916	17.089	415.42	415.34
05:50:38	17.027	16.669	16.514	17.468	16.917	17.088	415.42	415.34
05:51:38	17.028	16.67	16.519	17.45	16.916	17.088	415.42	415.34
05:52:38	17.028	16.669	16.598	17.502	16.913	17.087	415.42	415.34
05:53:38	17.028	16.669	16.627	17.551	16.914	17.088	415.42	415.34
05:54:38	17.028	16.67	16.637	17.537	16.914	17.088	415.42	415.34
05:55:38	17.029	16.67	16.647	17.234	16.914	17.09	415.42	415.34
05:56:38	17.028	16.672	16.523	16.71	16.912	17.088	415.42	415.34
05:57:38	17.029	16.67	16.504	16.934	16.914	17.089	415.42	415.34
05:58:38	17.028	16.669	16.587	17.253	16.913	17.088	415.42	415.34
05:59:38	17.028	16.669	16.619	17.425	16.914	17.088	415.42	415.34
06:00:38	17.028	16.67	16.492	17.434	16.914	17.089	415.42	415.34
06:01:38	17.028	16.669	16.564	17.454	16.915	17.087	415.42	415.34
06:02:38	17.028	16.669	16.627	17.523	16.915	17.089	415.42	415.34
06:03:38	17.028	16.669	16.636	17.532	16.914	17.09	415.42	415.34
06:04:38	17.027	16.669	16.65	17.536	16.913	17.088	415.42	415.34
06:05:38	17.028	16.67	16.599	17.12	16.915	17.089	415.42	415.34
06:06:38	17.028	16.67	16.521	16.99	16.915	17.088	415.42	415.34
06:07:38	17.027	16.671	16.599	17.292	16.914	17.088	415.42	415.34
06:08:38	17.028	16.671	16.568	17.438	16.913	17.089	415.42	415.34
06:09:38	17.028	16.671	16.513	17.45	16.914	17.089	415.42	415.34
06:10:38	17.028	16.672	16.58	17.477	16.915	17.09	415.42	415.34
06:11:38	17.026	16.671	16.639	17.538	16.915	17.089	415.42	415.34
06:12:38	17.028	16.671	16.622	17.539	16.916	17.089	415.42	415.34
06:13:38	17.029	16.672	16.65	17.531	16.915	17.09	415.42	415.34
06:14:38	17.028	16.671	16.607	17.05	16.916	17.089	415.42	415.34
06:15:38	17.029	16.672	16.515	16.762	16.917	17.09	415.42	415.34
06:16:38	17.028	16.673	16.552	17.083	16.918	17.089	415.42	415.34
06:17:38	17.028	16.673	16.621	17.345	16.915	17.089	415.42	415.34
06:18:40	17.029	16.672	16.529	17.446	16.916	17.09	415.42	415.34
06:19:38	17.028	16.672	16.58	17.48	16.914	17.088	415.42	415.34
06:20:38	17.028	16.67	16.637	17.543	16.914	17.087	415.42	415.34
06:21:38	17.028	16.67	16.626	17.547	16.913	17.089	415.42	415.34
06:22:38	17.028	16.669	16.653	17.538	16.913	17.088	415.42	415.34
06:23:38	17.026	16.668	16.598	17.037	16.912	17.088	415.42	415.34
06:24:38	17.026	16.668	16.526	16.925	16.914	17.088	415.42	415.34
06:25:38	17.026	16.667	16.605	17.255	16.914	17.088	415.42	415.34
06:26:38	17.028	16.668	16.567	17.402	16.91	17.088	415.42	415.34
06:27:38	17.027	16.667	16.548	17.442	16.909	17.088	415.42	415.34
06:28:38	17.026	16.667	16.622	17.51	16.912	17.088	415.42	415.34
06:29:38	17.027	16.667	16.64	17.548	16.912	17.089	415.42	415.34
06:30:38	17.026	16.667	16.653	17.534	16.914	17.089	415.42	415.34
06:31:38	17.028	16.667	16.653	17.192	16.914	17.089	415.42	415.34
06:32:38	17.027	16.667	16.532	16.705	16.916	17.089	415.42	415.34
06:33:38	17.027	16.669	16.527	16.92	16.915	17.09	415.42	415.34
06:34:38	17.028	16.669	16.605	17.253	16.914	17.089	415.42	415.34
06:35:38	17.028	16.67	16.54	17.41	16.915	17.09	415.42	415.34
06:36:38	17.027	16.669	16.506	17.441	16.914	17.089	415.42	415.34
06:37:38	17.027	16.67	16.589	17.497	16.914	17.091	415.42	415.34
06:38:38	17.027	16.671	16.643	17.551	16.914	17.089	415.42	415.34
06:39:38	17.028	16.671	16.634	17.522	16.913	17.09	415.42	415.34
06:40:38	17.026	16.67	16.658	17.529	16.913	17.091	415.42	415.34
06:41:38	17.026	16.672	16.599	16.911	16.914	17.09	415.42	415.34
06:42:38	17.027	16.672	16.477	16.759	16.917	17.091	415.42	415.34
06:43:38	17.028	16.671	16.566	17.151	16.915	17.09	415.42	415.34
06:44:38	17.027	16.672	16.629	17.377	16.917	17.09	415.42	415.34
06:45:38	17.027	16.673	16.498	17.442	16.916	17.091	415.42	415.34
06:46:38	17.027	16.672	16.55	17.454	16.915	17.089	415.42	415.34
06:47:38	17.027	16.673	16.62	17.518	16.916	17.091	415.42	415.34
06:48:38	17.027	16.673	16.621	17.545	16.916	17.09	415.42	415.34
06:49:38	17.027	16.674	16.629	17.5	16.916	17.091	415.42	415.34
06:50:38	17.027	16.672	16.66	17.418	16.915	17.09	415.42	415.34
06:51:38	17.028	16.674	16.517	16.642	16.914	17.09	415.42	415.34
06:52:38	17.027	16.673	16.491	16.881	16.915	17.09	415.42	415.34
06:53:38	17.028	16.673	16.593	17.242	16.914	17.09	415.42	415.34
06:54:38	17.027	16.674	16.646	17.432	16.916	17.09	415.42	415.34
06:55:38	17.027	16.674	16.507	17.477	16.917	17.09	415.42	415.34
06:56:38	17.028	16.675	16.561	17.483	16.917	17.091	415.42	415.34
06:57:38	17.028	16.675	16.629	17.542	16.917	17.091	415.42	415.34
06:58:38	17.028	16.676	16.644	17.557	16.916	17.091	415.42	415.34
06:59:38	17.028	16.675	16.634	17.526	16.915	17.091	415.42	415.34
07:00:38	17.028	16.677	16.668	17.47	16.916	17.092	415.42	415.34
07:01:38	17.028	16.677	16.58	16.859	16.916	17.09	415.42	415.34
07:02:38	17.028	16.676	16.497	16.801	16.915	17.092	415.42	415.34
07:03:38	17.027	16.674	16.576	17.174	16.915	17.09	415.42	415.34
07:04:38	17.028	16.674	16.644	17.387	16.915	17.09	415.42	415.34
07:05:38	17.026	16.674	16.525	17.454	16.917	17.09	415.42	415.34
07:06:38	17.027	16.672	16.577	17.475	16.913	17.089	415.42	415.34
07:07:38	17.025	16.671	16.638	17.537	16.916	17.09	415.42	415.34
07:08:38	17.026	16.672	16.656	17.567	16.916	17.09	415.42	415.34
07:09:38	17.026	16.67	16.654	17.526	16.914	17.089	415.42	415.34
07:10:38	17.025	16.67	16.655	17.196	16.915	17.089	415.42	415.34
07:11:38	17.025	16.669	16.53	16.696	16.915	17.089	415.42	415.34
07:12:38	17.026	16.668	16.561	17.064	16.913	17.089	415.42	415.34
07:13:38	17.027	16.669	16.634	17.341	16.916	17.089	415.42	415.34
07:14:38	17.027	16.669	16.559	17.455	16.915	17.088	415.42	415.34
07:15:38	17.027	16.67	16.524	17.447	16.915	17.089	415.42	415.34
07:16:38	17.026	16.67	16.607	17.507	16.916	17.09	415.42	415.34
07:17:38	17.027	16.671	16.66	17.562	16.916	17.09	415.42	415.34
07:18:38	17.027	16.672	16.612	17.56	16.914	17.091	415.42	415.34
07:19:38	17.027	16.673	16.63	17.514	16.915	17.091	415.42	415.34
07:20:38	17.027	16.674	16.663	17.465	16.917	17.09	415.42	415.34
07:21:38	17.028	16.676	16.566	16.779	16.916	17.092	415.42	415.34
07:22:38	17.028	16.677	16.533	17.014	16.915	17.092	415.42	415.34
07:23:38	17.028	16.677	16.614	17.309	16.915	17.093	415.42	415.34
07:24:38	17.029	16.678	16.63	17.455	16.915	17.092	415.42	415.34
07:25:38	17.028	16.677	16.556	17.481	16.915	17.092	415.42	415.34
07:26:39	17.028	16.678	16.617	17.522	16.915	17.092	415.42	415.34
07:27:38	17.028	16.676	16.654	17.568	16.916	17.093	415.42	415.34
07:28:38	17.027	16.676	16.64	17.546	16.916	17.093	415.42	415.34
07:29:38	17.027	16.677	16.661	17.535	16.918	17.093	415.42	415.34
07:30:38	17.027	16.677	16.607	16.933	16.917	17.092	415.42	415.34
07:31:38	17.027	16.677	16.509	16.819	16.918	17.092	415.42	415.34
07:32:38	17.028	16.677	16.599	17.202	16.918	17.092	415.42	415.34
07:33:38	17.028	16.677	16.654	17.411	16.917	17.093	415.42	415.34
07:34:38	17.028	16.678	16.476	17.464	16.916	17.092	415.42	415.34
07:35:38	17.027	16.677	16.55	17.475	16.917	17.093	415.42	415.34
07:36:38	17.029	16.677	16.633	17.535	16.916	17.093	415.42	415.34
07:37:38	17.028	16.677	16.612	17.56	16.916	17.092	415.42	415.34
07:38:38	17.028	16.677	16.628	17.513	16.916	17.093	415.42	415.34
07:39:38	17.028	16.676	16.658	17.481	16.916	17.092	415.42	415.34
07:40:38	17.029	16.677	16.586	16.852	16.916	17.092	415.42	415.34
07:41:38	17.028	16.677	16.485	16.764	16.915	17.091	415.42	415.34
07:42:43	17.028	16.677	16.58	17.203	16.917	17.092	415.42	415.34
07:43:38	17.029	16.677	16.635	17.394	16.917	17.092	415.42	415.34
07:44:38	17.028	16.677	16.476	17.423	16.917	17.092	415.42	415.34
07:45:38	17.028	16.677	16.539	17.45	16.917	17.092	415.42	415.34
07:46:38	17.028	16.679	16.619	17.518	16.918	17.091	415.42	415.34
07:47:38	17.027	16.677	16.618	17.542	16.917	17.091	415.42	415.34
07:48:38	17.028	16.677	16.626	17.503	16.916	17.091	415.42	415.34
07:49:38	17.029	16.677	16.658	17.422	16.917	17.091	415.42	415.34
07:50:38	17.026	16.676	16.525	16.817	16.917	17.092	415.42	415.34
07:51:38	17.028	16.676	16.504	16.98	16.917	17.093	415.42	415.34
07:52:38	17.028	16.676	16.598	17.284	16.917	17.092	415.42	415.34
07:53:38	17.027	16.677	16.615	17.435	16.917	17.091	415.42	415.34
07:54:38	17.028	16.675	16.51	17.449	16.916	17.091	415.42	415.34
07:55:38	17.029	16.677	16.584	17.486	16.916	17.091	415.42	415.34
07:56:38	17.028	16.676	16.638	17.544	16.916	17.091	415.42	415.34
07:57:38	17.029	16.677	16.629	17.537	16.917	17.091	415.42	415.34
07:58:38	17.028	16.676	16.65	17.523	16.916	17.091	415.42	415.34
07:59:38	17.029	16.675	16.641	17.203	16.915	17.09	415.42	415.34
08:00:38	17.027	16.674	16.5	16.732	16.916	17.091	415.42	415.34
08:01:38	17.029	16.673	16.535	17.07	16.917	17.091	415.42	415.34
08:02:38	17.028	16.672	16.615	17.338	16.917	17.092	415.42	415.34
08:03:38	17.027	16.673	16.555	17.461	16.918	17.091	415.42	415.34
08:04:38	17.027	16.672	16.525	17.461	16.915	17.09	415.42	415.34
08:05:38	17.028	16.672	16.603	17.511	16.917	17.09	415.42	415.34
08:06:38	17.028	16.672	16.642	17.56	16.917	17.09	415.42	415.34
08:07:38	17.028	16.671	16.64	17.528	16.916	17.089	415.42	415.34
08:08:38	17.028	16.672	16.662	17.416	16.913	17.091	415.42	415.34
08:09:38	17.028	16.671	16.531	16.669	16.914	17.09	415.42	415.34
08:10:38	17.027	16.673	16.496	16.871	16.915	17.09	415.42	415.34
08:11:38	17.027	16.671	16.59	17.236	16.914	17.09	415.42	415.34
08:12:38	17.027	16.671	16.636	17.417	16.915	17.09	415.42	415.34
08:13:38	17.027	16.672	16.512	17.474	16.916	17.09	415.42	415.34
08:14:38	17.028	16.672	16.564	17.479	16.914	17.09	415.42	415.34
08:15:38	17.028	16.672	16.629	17.534	16.915	17.091	415.42	415.34
08:16:38	17.028	16.672	16.609	17.531	16.915	17.09	415.42	415.34
08:17:38	17.027	16.673	16.629	17.509	16.914	17.09	415.42	415.34
08:18:38	17.027	16.672	16.665	17.468	16.914	17.09	415.42	415.34
08:19:38	17.028	16.672	16.555	16.865	16.913	17.091	415.42	415.34
08:20:38	17.028	16.672	16.511	16.787	16.913	17.091	415.42	415.34
08:21:38	17.028	16.673	16.559	17.147	16.915	17.09	415.42	415.34
08:22:38	17.028	16.671	16.625	17.381	16.911	17.091	415.42	415.34
08:23:38	17.027	16.671	16.506	17.449	16.913	17.09	415.42	415.34
08:24:38	17.028	16.672	16.554	17.458	16.914	17.091	415.42	415.34
08:25:38	17.027	16.673	16.627	17.522	16.916	17.091	415.42	415.34
08:26:38	17.028	16.672	16.614	17.546	16.913	17.089	415.42	415.34
08:27:38	17.028	16.671	16.629	17.515	16.915	17.091	415.42	415.34
08:28:38	17.028	16.671	16.658	17.423	16.916	17.09	415.42	415.34
08:29:39	17.028	16.672	16.547	16.758	16.917	17.091	415.42	415.34
08:30:39	17.029	16.671	16.524	16.915	16.912	17.09	415.42	415.34
08:31:38	0.0	16.672	16.602	17.249	16.915	17.092	415.42	415.34
08:32:38	17.028	16.673	16.613	17.424	16.913	17.091	415.42	415.34
08:33:38	17.027	16.673	16.505	17.447	16.913	17.091	415.42	415.34
08:34:38	17.027	16.672	16.577	17.488	16.915	17.09	415.42	415.34
08:35:38	17.028	16.673	16.642	17.546	16.915	17.091	415.42	415.34
08:36:38	17.029	16.673	16.609	17.542	16.916	17.091	415.42	415.34
08:37:38	17.029	16.673	16.639	17.524	16.917	17.092	415.42	415.34
08:38:38	17.028	16.674	16.64	17.193	16.917	17.092	415.42	415.34
08:39:38	17.028	16.674	16.472	16.762	16.917	17.091	415.42	415.34
08:40:38	17.029	16.675	16.514	17.074	16.919	17.092	415.42	415.34
08:41:38	17.028	16.676	16.601	17.341	16.913	17.092	415.42	415.34
08:42:38	17.028	16.677	16.603	17.471	16.915	17.092	415.42	415.34
08:43:38	17.028	16.676	16.505	17.479	16.916	17.093	415.42	415.34
08:44:38	17.029	16.676	16.587	17.504	16.915	17.091	415.42	415.34
08:45:38	17.028	16.676	16.643	17.556	16.915	17.09	415.42	415.34
08:46:38	17.028	16.676	16.617	17.542	16.916	17.09	415.42	415.34
08:47:38	17.028	16.674	16.638	17.524	16.917	17.091	415.42	415.34
08:48:38	17.028	16.674	16.642	17.16	16.916	17.092	415.42	415.34
08:49:38	17.029	16.675	16.485	16.663	16.916	17.09	415.42	415.34
08:50:38	17.028	16.674	16.531	17.032	16.916	17.092	415.42	415.34
08:51:39	17.028	16.674	16.611	17.316	16.915	17.09	415.42	415.34
08:52:38	0.0	16.675	16.583	17.456	16.917	17.091	415.42	415.34
08:53:38	17.028	16.674	16.553	17.453	16.917	17.091	415.42	415.34
08:54:38	17.028	16.674	16.622	17.508	16.916	17.09	415.42	415.34
08:55:38	17.028	16.674	16.648	17.561	16.915	17.092	415.42	415.34
08:56:38	17.029	16.673	16.621	17.516	16.915	17.091	415.42	415.34
08:57:38	17.028	16.674	16.651	17.526	16.914	17.09	415.42	415.34
08:58:39	17.028	16.672	16.601	16.958	16.914	17.09	415.42	415.34
08:59:38	17.027	16.671	16.491	16.819	16.914	17.09	415.42	415.34
09:00:38	17.028	16.67	16.569	17.187	16.915	17.089	415.42	415.34
09:01:38	17.026	16.671	16.63	17.398	16.911	17.09	415.42	415.34
09:02:38	17.026	16.671	16.494	17.444	16.916	17.09	415.42	415.34
09:03:38	17.027	16.67	16.55	17.465	16.914	17.09	415.42	415.34
09:04:38	17.027	16.671	16.619	17.531	16.915	17.091	415.42	415.34
09:05:38	17.026	16.67	16.632	17.56	16.915	17.089	415.42	415.34
09:06:38	17.027	16.67	16.639	17.512	16.912	17.092	415.42	415.34
09:07:38	17.028	16.671	16.67	17.423	16.913	17.091	415.42	415.34
09:08:38	17.028	16.672	16.533	16.755	16.916	17.091	415.42	415.34
09:09:38	17.028	16.673	16.502	16.919	16.916	17.091	415.42	415.34
09:10:38	17.027	16.674	16.593	17.26	16.916	17.092	415.42	415.34
09:11:38	17.028	16.675	16.609	17.437	16.915	17.091	415.42	415.34
09:12:38	17.028	16.673	16.475	17.445	16.915	17.092	415.42	415.34
09:13:38	17.027	16.674	16.565	17.484	16.914	17.093	415.42	415.34
09:14:38	17.027	16.674	16.631	17.545	16.915	17.091	415.42	415.34
09:15:38	17.027	16.676	16.644	17.544	16.917	17.092	415.42	415.34
09:16:38	17.028	16.676	16.656	17.528	16.917	17.091	415.42	415.34
09:17:38	17.028	16.676	16.598	16.957	16.917	17.092	415.42	415.34
09:18:38	17.027	16.676	16.48	16.856	16.917	17.091	415.42	415.34
09:19:38	17.028	16.676	16.571	17.217	16.917	17.094	415.42	415.34
09:20:38	17.029	16.677	16.641	17.409	16.917	17.093	415.42	415.34
09:21:38	17.028	16.677	16.512	17.467	16.916	17.092	415.42	415.34
09:22:38	17.029	16.677	16.553	17.481	16.916	17.093	415.42	415.34
09:23:38	17.028	16.677	16.626	17.542	16.915	17.091	415.42	415.34
09:24:38	17.029	16.677	16.641	17.565	16.915	17.091	415.42	415.34
09:25:38	17.028	16.676	16.641	17.521	16.916	17.091	415.42	415.34
09:26:38	17.028	16.677	16.669	17.438	16.916	17.091	415.42	415.34
09:27:38	17.028	16.676	16.542	16.726	16.917	17.092	415.42	415.34
09:28:38	17.029	16.675	16.507	16.915	16.917	17.093	415.42	415.34
09:29:38	17.027	16.676	16.604	17.254	16.917	17.091	415.42	415.34
09:30:38	17.027	16.675	16.63	17.429	16.916	17.091	415.42	415.34
09:31:38	17.028	16.673	16.468	17.445	16.916	17.092	415.42	415.34
09:32:38	17.028	16.674	16.52	17.457	16.915	17.091	415.42	415.34
09:33:38	17.027	16.674	16.608	17.521	16.915	17.091	415.42	415.34
09:34:38	17.026	16.674	16.654	17.57	16.915	17.092	415.42	415.34
09:35:38	17.027	16.674	16.687	17.608	16.917	17.092	415.42	415.34
09:36:38	17.027	16.674	16.714	17.638	16.917	17.092	415.42	415.34
09:37:38	17.028	16.674	16.734	17.663	16.918	17.091	415.42	415.34
09:38:38	17.028	16.674	16.747	17.682	16.918	17.093	415.42	415.34
09:39:38	17.029	16.673	16.751	17.472	16.917	17.093	415.42	415.34
09:40:38	17.029	16.674	16.634	16.942	16.915	17.093	415.42	415.34
09:41:38	17.028	16.674	16.473	16.404	16.915	17.091	415.42	415.34
09:42:39	17.027	16.674	16.508	16.832	16.917	17.093	415.42	415.34
09:43:38	0.0	16.676	16.612	17.22	16.916	17.091	415.42	415.34
09:44:41	17.028	16.676	16.571	17.414	16.916	17.092	415.42	415.34
09:45:38	17.028	16.676	16.5	17.434	16.914	17.092	415.42	415.34
09:46:38	17.029	16.677	16.589	17.491	16.915	17.092	415.42	415.34
09:47:38	17.029	16.676	16.646	17.551	16.916	17.092	415.42	415.34
09:48:38	17.028	16.676	16.645	17.537	16.916	17.092	415.42	415.34
09:49:38	17.028	16.676	16.651	17.292	16.916	17.093	415.42	415.34
09:50:38	17.028	16.674	16.548	16.859	16.911	17.091	415.42	415.34
09:51:38	17.028	16.676	16.548	17.077	16.916	17.092	415.42	415.34
09:52:38	17.028	16.676	16.623	17.357	16.915	17.09	415.42	415.34
09:53:38	17.028	16.675	16.52	17.449	16.915	17.091	415.42	415.34
09:54:38	17.027	16.674	16.527	17.469	16.915	17.092	415.42	415.34
09:55:38	17.027	16.674	16.611	17.526	16.914	17.091	415.42	415.34
09:56:38	17.028	16.674	16.639	17.555	16.916	17.092	415.42	415.34
09:57:38	17.026	16.674	16.644	17.524	16.914	17.091	415.42	415.34
09:58:40	17.028	16.674	16.646	17.231	16.912	17.091	415.42	415.34
09:59:38	17.028	16.674	16.557	16.81	16.914	17.092	415.42	415.34
10:00:38	17.028	16.673	16.544	17.012	16.914	17.091	415.42	415.34
10:01:38	17.028	16.674	16.613	17.295	16.916	17.093	415.42	415.34
10:02:38	17.028	16.674	16.509	17.415	16.914	17.091	415.42	415.34
10:03:38	17.027	16.675	16.564	17.468	16.916	17.092	415.42	415.34
10:04:38	17.029	16.674	16.632	17.536	16.914	17.093	415.42	415.34
10:05:38	17.027	16.674	16.631	17.549	16.913	17.091	415.42	415.34
10:06:38	17.029	16.674	16.656	17.474	16.917	17.092	415.42	415.34
10:07:38	17.029	16.674	16.566	16.941	16.917	17.091	415.42	415.34
10:08:38	17.029	16.673	16.511	16.87	16.915	17.092	415.42	415.34
10:09:39	17.028	16.675	16.589	17.21	16.918	17.092	415.42	415.34
10:10:38	17.028	16.675	16.609	17.413	16.916	17.092	415.42	415.34
10:11:38	17.028	16.674	16.526	17.457	16.913	17.092	415.42	415.34
10:12:38	17.027	16.674	16.599	17.504	16.913	17.092	415.42	415.34
10:13:38	17.028	16.673	16.644	17.564	16.916	17.092	415.42	415.34
10:14:41	17.027	16.674	16.65	17.537	16.915	17.092	415.42	415.34
10:15:38	17.027	16.673	16.65	17.243	16.917	17.091	415.42	415.34
10:16:38	17.027	16.673	16.516	16.695	16.914	17.091	415.42	415.34
10:17:38	17.028	16.674	16.517	16.922	16.917	17.091	415.42	415.34
10:18:38	17.028	16.674	16.609	17.265	16.916	17.091	415.42	415.34
10:19:38	17.028	16.674	16.56	17.421	16.915	17.092	415.42	415.34
10:20:38	17.028	16.674	16.487	17.45	16.914	17.092	415.42	415.34
10:21:38	17.028	16.673	16.578	17.491	16.916	17.091	415.42	415.34
10:22:38	17.028	16.674	16.639	17.555	16.916	17.092	415.42	415.34
10:23:38	17.029	16.674	16.623	17.554	16.916	17.092	415.42	415.34
10:24:38	17.028	16.675	16.647	17.541	16.915	17.093	415.42	415.34
10:25:38	17.028	16.675	16.604	17.08	16.914	17.091	415.42	415.34
10:26:38	17.028	16.675	16.513	16.694	16.915	17.093	415.42	415.34
10:27:38	17.028	16.676	16.545	17.063	16.915	17.092	415.42	415.34
10:28:38	17.029	16.676	16.614	17.339	16.915	17.093	415.42	415.34
10:29:38	17.029	16.676	16.518	17.402	16.916	17.092	415.42	415.34
10:30:38	17.029	16.675	16.508	17.436	16.916	17.093	415.42	415.34
10:31:38	17.029	16.676	16.596	17.503	16.917	17.093	415.42	415.34
10:32:38	17.03	16.677	16.648	17.56	16.917	17.092	415.42	415.34
10:33:38	17.03	16.679	16.637	17.561	16.918	17.093	415.42	415.34
10:34:38	17.03	16.678	16.642	17.53	16.913	17.093	415.42	415.34
10:35:38	17.029	16.677	16.672	17.478	16.914	17.093	415.42	415.34
10:36:38	17.03	16.678	16.558	16.831	16.916	17.093	415.42	415.34
10:37:38	17.03	16.679	16.537	17.027	16.918	17.093	415.42	415.34
10:38:38	17.03	16.68	16.611	17.318	16.916	17.094	415.42	415.34
10:39:38	17.03	16.681	16.52	17.433	16.913	17.095	415.42	415.34
10:40:38	17.03	16.68	16.526	17.442	16.916	17.094	415.42	415.34
10:41:38	17.03	16.681	16.601	17.507	16.918	17.095	415.42	415.34
10:42:39	17.03	16.68	16.649	17.56	16.918	17.094	415.42	415.34
10:43:39	17.03	16.681	16.648	17.541	16.917	17.094	415.42	415.34
10:44:38	17.031	16.681	16.65	17.293	16.916	17.095	415.42	415.34
10:45:38	17.03	16.68	16.537	16.91	16.917	17.094	415.42	415.34
10:46:38	17.03	16.68	16.571	17.177	16.918	17.093	415.42	415.34
10:47:38	17.03	16.681	16.623	17.391	16.917	17.094	415.42	415.34
10:48:38	17.03	16.68	16.532	17.446	16.917	17.094	415.42	415.34
10:49:38	17.03	16.678	16.566	17.464	16.917	17.094	415.42	415.34
10:50:38	17.03	16.679	16.635	17.531	16.918	17.094	415.42	415.34
10:51:38	17.03	16.679	16.644	17.568	16.917	17.092	415.42	415.34
10:52:38	17.03	16.678	16.63	17.525	16.917	17.093	415.42	415.34
10:53:38	17.029	16.678	16.661	17.544	16.915	17.093	415.42	415.34
10:54:38	17.029	16.678	16.605	17.044	16.916	17.093	415.42	415.34
10:55:38	17.029	16.678	16.517	16.611	16.918	17.093	415.42	415.34
10:56:38	17.03	16.678	16.549	16.998	16.917	17.093	415.42	415.34
10:57:38	17.03	16.677	16.626	17.315	16.918	17.093	415.42	415.34
10:58:38	17.029	16.677	16.578	17.452	16.917	17.092	415.42	415.34
10:59:38	17.03	16.678	16.504	17.457	16.916	17.093	415.42	415.34
11:00:38	17.028	16.678	16.58	17.494	16.918	17.094	415.42	415.34
11:01:38	17.03	16.679	16.639	17.553	16.917	17.093	415.42	415.34
11:02:38	17.03	16.68	16.646	17.556	16.918	17.092	415.42	415.34
11:03:38	17.03	16.68	16.665	17.546	16.919	17.094	415.42	415.34
11:04:38	17.03	16.681	16.618	17.118	16.919	17.094	415.42	415.34
11:05:38	17.03	16.683	16.52	16.749	16.918	17.094	415.42	415.34
11:06:38	17.03	16.682	16.555	17.089	16.919	17.094	415.42	415.34
11:07:38	17.031	16.682	16.628	17.343	16.916	17.094	415.42	415.34
11:08:38	17.031	16.681	16.522	17.437	16.917	17.095	415.42	415.34
11:09:38	17.03	16.679	16.513	17.445	16.919	17.094	415.42	415.34
11:10:40	17.031	16.681	16.603	17.495	16.919	17.094	415.42	415.34
11:11:38	17.031	16.681	16.647	17.546	16.918	17.096	415.42	415.34
11:12:38	17.031	16.681	16.647	17.529	16.918	17.095	415.42	415.34
11:13:38	17.031	16.681	16.664	17.458	16.918	17.094	415.42	415.34
11:14:38	17.03	16.681	16.562	16.85	16.919	17.093	415.42	415.34
11:15:38	17.031	16.68	16.487	16.799	16.918	17.093	415.42	415.34
11:16:38	17.03	16.68	16.571	17.165	16.919	17.094	415.42	415.34
11:17:38	17.03	16.679	16.58	17.373	16.92	17.095	415.42	415.34
11:18:38	17.03	16.679	16.472	17.432	16.92	17.095	415.42	415.34
11:19:38	17.031	16.68	16.534	17.449	16.918	17.095	415.42	415.34
11:20:38	17.03	16.681	16.611	17.513	16.919	17.094	415.42	415.34
11:21:38	17.031	16.681	16.64	17.546	16.92	17.095	415.42	415.34
11:22:38	17.031	16.68	16.615	17.511	16.917	17.095	415.42	415.34
11:23:38	17.03	16.681	16.643	17.526	16.92	17.096	415.42	415.34
11:24:38	17.031	16.682	16.603	16.992	16.918	17.096	415.42	415.34
11:25:38	17.032	16.683	16.518	16.874	16.918	17.096	415.42	415.34
11:26:38	17.031	16.683	16.594	17.221	16.917	17.093	415.42	415.34
11:27:38	17.03	16.681	16.608	17.398	16.917	17.095	415.42	415.34
11:28:38	17.031	16.682	16.485	17.425	16.919	17.095	415.42	415.34
11:29:38	17.031	16.682	16.551	17.448	16.918	17.094	415.42	415.34
11:30:38	17.032	16.681	16.619	17.511	16.917	17.095	415.42	415.34
11:31:38	17.032	16.681	16.602	17.54	16.918	17.094	415.42	415.34
11:32:38	17.031	16.681	16.624	17.506	16.92	17.095	415.42	415.34
11:33:38	17.031	16.683	16.656	17.431	16.92	17.094	415.42	415.34
11:34:38	17.031	16.683	16.561	16.83	16.92	17.095	415.42	415.34
11:35:38	17.031	16.682	16.485	16.739	16.918	17.095	415.42	415.34
11:36:38	17.031	16.683	16.566	17.135	16.919	17.094	415.42	415.34
11:37:38	17.031	16.681	16.625	17.353	16.919	17.096	415.42	415.34
11:38:38	17.03	16.682	16.528	17.441	16.92	17.096	415.42	415.34
11:39:38	17.031	16.683	16.56	17.466	16.918	17.096	415.42	415.34
11:40:38	17.031	16.684	16.622	17.523	16.919	17.097	415.42	415.34
11:41:38	17.031	16.684	16.624	17.55	16.921	17.097	415.42	415.34
11:42:38	17.032	16.685	16.634	17.515	16.92	17.097	415.42	415.34
11:43:38	17.031	16.685	16.661	17.436	16.921	17.097	415.42	415.34
11:44:38	17.033	16.686	16.573	16.814	16.919	17.098	415.42	415.34
11:45:38	17.032	16.686	16.499	16.771	16.918	17.098	415.42	415.34
11:46:38	17.032	16.686	16.569	17.164	16.921	17.099	415.42	415.34
11:47:38	17.032	16.686	16.629	17.38	16.923	17.099	415.42	415.34
11:48:38	17.033	16.687	16.521	17.439	16.92	17.099	415.42	415.34
11:49:38	17.032	16.687	16.508	17.423	16.915	17.098	415.42	415.34
11:50:38	17.032	16.686	16.587	17.475	16.913	17.098	415.42	415.34
11:51:38	0.0	16.686	16.632	17.53	16.913	17.099	415.42	415.34
11:52:38	17.032	16.685	16.625	17.526	16.912	17.099	415.42	415.34
11:53:38	17.033	16.686	16.641	17.515	16.912	17.098	415.42	415.34
11:54:38	17.031	16.685	16.656	17.278	16.916	17.098	415.42	415.34
11:55:38	17.031	16.685	16.553	16.736	16.919	17.099	415.42	415.34
11:56:38	17.032	16.684	16.476	16.73	16.922	17.097	415.42	415.34
11:57:38	17.033	16.685	16.555	17.128	16.922	17.098	415.42	415.34
11:58:38	17.032	16.686	16.619	17.352	16.921	17.099	415.42	415.34
11:59:38	17.032	16.685	16.54	17.442	16.922	17.1	415.42	415.34
12:00:38	17.033	16.684	16.529	17.437	16.922	17.099	415.42	415.34
12:01:38	17.031	16.686	16.602	17.491	16.921	17.097	415.42	415.34
12:02:38	17.034	16.685	16.641	17.536	16.919	17.098	415.42	415.34
12:03:38	17.033	16.686	16.624	17.499	16.92	17.097	415.42	415.34
12:04:38	17.032	16.684	16.65	17.513	16.921	17.098	415.42	415.34
12:05:38	17.032	16.684	16.601	16.972	16.921	17.097	415.42	415.34
12:06:38	17.032	16.684	16.501	16.658	16.922	17.097	415.42	415.34
12:07:38	17.033	16.683	16.545	17.032	16.921	17.096	415.42	415.34
12:08:40	17.032	16.682	16.619	17.311	16.92	17.096	415.42	415.34
12:09:38	17.031	16.681	16.541	17.424	16.92	17.097	415.42	415.34
12:10:38	17.031	16.682	16.526	17.433	16.921	17.095	415.42	415.34
12:11:38	17.031	16.682	16.599	17.489	16.92	17.096	415.42	415.34
12:12:38	17.031	16.683	16.624	17.536	16.922	17.097	415.42	415.34
12:13:38	17.033	16.683	16.615	17.506	16.921	17.097	415.42	415.34
12:14:38	17.033	16.683	16.643	17.513	16.92	17.096	415.42	415.34
12:15:38	17.031	16.682	16.605	16.992	16.921	17.095	415.42	415.34
12:16:38	17.032	16.683	16.49	16.732	16.92	17.097	415.42	415.34
12:17:38	17.033	16.683	16.555	17.111	16.922	17.096	415.42	415.34
12:18:38	17.033	16.683	16.626	17.345	16.923	17.097	415.42	415.34
12:19:38	17.033	16.683	16.592	17.447	16.922	17.098	415.42	415.34
12:20:38	17.032	16.683	16.558	17.439	16.922	17.097	415.42	415.34
12:21:38	17.033	16.684	16.614	17.493	16.922	17.097	415.42	415.34
12:22:38	17.032	16.684	16.641	17.541	16.922	17.098	415.42	415.34
12:23:38	17.033	16.684	16.624	17.513	16.923	17.097	415.42	415.34
12:24:38	17.034	16.683	16.652	17.519	16.923	17.097	415.42	415.34
12:25:38	17.033	16.685	16.608	17.06	16.922	17.099	415.42	415.34
12:26:38	17.034	16.684	16.511	16.883	16.921	17.097	415.42	415.34
12:27:38	17.032	16.684	16.581	17.206	16.923	17.097	415.42	415.34
12:28:38	17.033	16.684	16.645	17.399	16.923	17.097	415.42	415.34
12:29:38	17.033	16.684	16.517	17.447	16.923	17.098	415.42	415.34
12:30:38	17.033	16.685	16.519	17.425	16.922	17.098	415.42	415.34
12:31:38	17.033	16.685	16.596	17.476	16.923	17.098	415.42	415.34
12:32:38	17.033	16.686	16.643	17.529	16.922	17.097	415.42	415.34
12:33:39	17.033	16.685	16.636	17.524	16.923	17.098	415.42	415.34
12:34:38	17.031	16.685	16.651	17.506	16.922	17.098	415.42	415.34
12:35:38	17.031	16.684	16.665	17.237	16.921	17.098	415.42	415.34
12:36:38	17.033	16.683	16.538	16.692	16.921	17.099	415.42	415.34
12:37:38	17.033	16.684	16.524	16.908	16.921	17.098	415.42	415.34
12:38:38	17.033	16.683	16.598	17.246	16.923	17.098	415.42	415.34
12:39:38	17.032	16.683	16.635	17.405	16.923	17.099	415.42	415.34
12:40:38	17.033	16.683	16.528	17.445	16.923	17.097	415.42	415.34
12:41:38	17.033	16.684	16.562	17.448	16.922	17.098	415.42	415.34
12:42:38	17.034	16.684	16.623	17.503	16.923	17.097	415.42	415.34
12:43:38	17.033	16.684	16.613	17.518	16.922	17.098	415.42	415.34
12:44:38	17.033	16.685	16.624	17.483	16.922	17.098	415.42	415.34
12:45:38	17.033	16.684	16.647	17.275	16.921	17.098	415.42	415.34
12:46:38	17.033	16.685	16.533	16.775	16.921	17.098	415.42	415.34
12:47:38	17.034	16.684	16.559	17.097	16.921	17.1	415.42	415.34
12:48:38	17.033	16.683	16.625	17.343	16.923	17.098	415.42	415.34
12:49:38	17.033	16.684	16.589	17.452	16.922	17.098	415.42	415.34
12:50:38	17.033	16.683	16.511	17.438	16.923	17.099	415.42	415.34
12:51:38	17.032	16.683	16.582	17.463	16.923	17.099	415.42	415.34
12:52:38	17.033	16.684	16.635	17.523	16.924	17.098	415.42	415.34
12:53:38	17.034	16.683	16.611	17.532	16.925	17.099	415.42	415.34
12:54:38	17.033	16.684	16.635	17.516	16.925	17.098	415.42	415.34
12:55:38	17.034	16.684	16.655	17.241	16.924	17.099	415.42	415.34
12:56:38	17.034	16.684	16.525	16.689	16.923	17.099	415.42	415.34
12:57:38	17.033	16.684	16.515	16.917	16.923	17.1	415.42	415.34
12:58:38	17.033	16.685	16.596	17.251	16.926	17.1	415.42	415.34
12:59:38	17.033	16.685	16.615	17.416	16.926	17.101	415.42	415.34
13:00:38	17.033	16.686	16.521	17.447	16.924	17.099	415.42	415.34
13:01:38	17.033	16.686	16.584	17.473	16.924	17.099	415.42	415.34
13:02:38	17.033	16.686	16.645	17.524	16.923	17.101	415.42	415.34
13:03:38	17.034	16.687	16.646	17.553	16.922	17.1	415.42	415.34
13:04:38	17.034	16.687	16.653	17.528	16.92	17.101	415.42	415.34
13:05:38	17.033	16.687	16.65	17.279	16.918	17.101	415.42	415.34
13:06:38	17.034	16.687	16.533	16.709	16.918	17.101	415.42	415.34
13:07:38	17.034	16.687	16.528	16.894	16.921	17.101	415.42	415.34
13:08:38	17.034	16.687	16.606	17.235	16.923	17.102	415.42	415.34
13:09:38	17.033	16.687	16.625	17.405	16.923	17.1	415.42	415.34
13:10:38	17.033	16.686	16.495	17.422	16.921	17.103	415.42	415.34
13:11:38	17.033	16.687	16.563	17.447	16.923	17.101	415.42	415.34
13:12:38	17.034	16.687	16.628	17.509	16.92	17.101	415.42	415.34
13:13:38	17.034	16.687	16.645	17.539	16.922	17.102	415.42	415.34
13:14:38	17.033	16.687	16.652	17.516	16.924	17.099	415.42	415.34
13:15:38	17.033	16.685	16.618	17.018	16.926	17.1	415.42	415.34
13:16:38	17.032	16.685	16.517	16.742	16.925	17.1	415.42	415.34
13:17:38	17.034	16.685	16.574	17.109	16.925	17.1	415.42	415.34
13:18:38	17.033	16.684	16.634	17.347	16.923	17.099	415.42	415.34
13:21:31	17.034	16.683	16.58	17.491	16.922	17.099	415.42	415.34
13:21:46	17.033	16.682	16.598	17.509	16.923	17.099	415.42	415.34
13:22:46	17.033	16.682	16.643	17.565	16.922	17.099	415.42	415.34
13:23:46	17.034	16.681	16.616	17.554	16.922	17.098	415.42	415.34
13:24:46	17.034	16.682	16.637	17.523	16.923	17.098	415.42	415.34
13:25:46	17.033	16.682	16.662	17.315	16.924	17.099	415.42	415.34
13:26:46	17.033	16.682	16.551	16.823	16.924	17.099	415.42	415.34
13:27:46	17.032	16.681	16.539	17.043	16.926	17.099	415.42	415.34
13:28:46	17.035	16.682	16.616	17.311	16.925	17.099	415.42	415.34
13:29:46	17.033	16.682	16.612	17.451	16.924	17.1	415.42	415.34
13:30:46	17.033	16.682	16.495	17.443	16.924	17.1	415.42	415.34
13:31:46	17.034	16.683	16.559	17.45	16.922	17.1	415.42	415.34
13:32:46	17.033	16.684	16.627	17.514	16.925	17.101	415.42	415.34
13:33:46	17.033	16.683	16.616	17.519	16.925	17.102	415.42	415.34
13:34:47	17.034	16.685	16.636	17.506	16.926	17.103	415.42	415.34
13:35:46	17.034	16.687	16.636	17.211	16.926	17.103	415.42	415.34
13:37:09	17.034	16.687	16.499	16.711	16.923	17.104	415.42	415.34
13:38:09	17.033	16.689	16.552	17.078	16.922	17.104	415.42	415.34
13:39:11	17.034	16.687	16.622	17.335	16.924	17.103	415.42	415.34
13:40:09	17.033	16.688	16.615	17.46	16.924	17.103	415.42	415.34
13:41:09	17.034	16.687	16.502	17.453	16.924	17.103	415.42	415.34
13:42:11	17.034	16.689	16.576	17.461	16.923	17.104	415.42	415.34
13:43:09	17.032	16.688	16.63	17.514	16.923	17.104	415.42	415.34
13:44:10	17.034	16.689	16.633	17.534	16.924	17.102	415.42	415.34
13:45:09	17.034	16.689	16.648	17.512	16.923	17.102	415.42	415.34
13:46:09	17.033	16.689	16.615	17.054	16.923	17.104	415.42	415.34
13:47:11	17.034	16.689	16.495	16.792	16.923	17.102	415.42	415.34
13:48:09	17.034	16.689	16.561	17.129	16.922	17.102	415.42	415.34
13:49:09	17.033	16.688	16.627	17.35	16.922	17.104	415.42	415.34
13:50:09	17.034	16.687	16.581	17.46	16.921	17.102	415.42	415.34
13:51:09	17.033	16.688	16.521	17.441	16.924	17.104	415.42	415.34
13:52:09	17.033	16.688	16.597	17.478	16.926	17.104	415.42	415.34
13:53:09	17.034	16.688	16.643	17.527	16.924	17.103	415.42	415.34
13:54:09	17.033	16.687	16.637	17.536	16.923	17.102	415.42	415.34
13:55:09	17.033	16.687	16.651	17.51	16.923	17.104	415.42	415.34
13:56:09	17.033	16.687	16.622	17.04	16.922	17.103	415.42	415.34
13:57:09	17.033	16.687	16.49	16.755	16.924	17.103	415.42	415.34
13:58:09	17.034	16.688	16.554	17.127	16.923	17.103	415.42	415.34
13:59:09	17.033	16.687	16.625	17.357	16.924	17.103	415.42	415.34
14:00:09	17.034	16.687	16.611	17.469	16.922	17.101	415.42	415.34
14:01:09	17.034	16.684	16.54	17.443	16.922	17.101	415.42	415.34
14:02:09	17.034	16.684	16.612	17.484	16.922	17.1	415.42	415.34
14:03:09	17.034	16.683	16.645	17.532	16.921	17.1	415.42	415.34
14:04:09	17.033	16.682	16.628	17.518	16.922	17.099	415.42	415.34
14:05:09	17.032	16.682	16.652	17.506	16.923	17.099	415.42	415.34
14:06:09	17.033	16.68	16.596	16.984	16.923	17.099	415.42	415.34
14:07:09	17.033	16.68	16.531	16.94	16.925	17.099	415.42	415.34
14:08:09	17.032	16.679	16.608	17.256	16.924	17.1	415.42	415.34
14:09:09	17.034	16.678	16.551	17.394	16.926	17.099	415.42	415.34
14:10:09	17.034	16.68	16.488	17.387	16.925	17.1	415.42	415.34
14:11:09	17.034	16.679	16.581	17.45	16.926	17.101	415.42	415.34
14:12:11	17.034	16.68	16.643	17.514	16.927	17.101	415.42	415.34
14:13:09	17.033	16.681	16.646	17.528	16.923	17.102	415.42	415.34
14:14:09	17.034	16.681	16.648	17.501	16.926	17.102	415.42	415.34
14:15:09	17.034	16.681	16.669	17.372	16.926	17.103	415.42	415.34
14:16:09	17.034	16.682	16.56	16.82	16.929	17.104	415.42	415.34
14:17:09	17.034	16.682	16.556	17.059	16.929	17.102	415.42	415.34
14:18:09	17.034	16.682	16.627	17.319	16.931	17.104	415.42	415.34
14:19:09	17.035	16.683	16.61	17.447	16.928	17.104	415.42	415.34
14:20:09	17.034	16.683	16.519	17.441	16.929	17.104	415.42	415.34
14:21:09	17.034	16.684	16.571	17.439	16.928	17.104	415.42	415.34
14:22:09	17.033	16.684	16.63	17.501	16.925	17.103	415.42	415.34
14:23:09	17.035	16.686	16.644	17.54	16.923	17.103	415.42	415.34
14:24:09	17.033	16.686	16.645	17.502	16.928	17.104	415.42	415.34
14:25:10	17.034	16.686	16.66	17.349	16.929	17.104	415.42	415.34
14:26:09	0.0	16.686	16.564	16.827	16.928	17.103	415.42	415.34
14:27:09	17.034	16.686	16.527	16.969	16.925	17.102	415.42	415.34
14:28:09	17.033	16.686	16.605	17.272	16.925	17.103	415.42	415.34
14:29:09	17.034	16.686	16.64	17.417	16.926	17.105	415.42	415.34
14:30:09	17.033	16.685	16.469	17.418	16.926	17.105	415.42	415.34
14:31:09	17.033	16.685	16.506	17.413	16.927	17.103	415.42	415.34
14:32:09	17.034	16.686	16.591	17.47	16.929	17.104	415.42	415.34
14:33:09	17.033	16.686	16.644	17.521	16.925	17.104	415.42	415.34
14:34:09	17.033	16.686	16.677	17.557	16.925	17.104	415.42	415.34
14:35:09	17.034	16.685	16.7	17.587	16.927	17.104	415.42	415.34
14:36:09	17.034	16.685	16.715	17.61	16.926	17.104	415.42	415.34
14:37:09	17.034	16.686	16.731	17.628	16.926	17.104	415.42	415.34
14:38:09	17.034	16.683	16.733	17.468	16.925	17.104	415.42	415.34
14:39:09	17.034	16.684	16.595	16.86	16.925	17.103	415.42	415.34
14:40:09	17.034	16.684	16.519	16.642	16.924	17.101	415.42	415.34
14:41:10	17.033	16.683	16.586	17.067	16.924	17.102	415.42	415.34
14:42:09	17.034	16.683	16.615	17.313	16.924	17.101	415.42	415.34
14:43:09	17.034	16.682	16.502	17.368	16.924	17.101	415.42	415.34
14:44:09	17.034	16.682	16.564	17.414	16.924	17.101	415.42	415.34
14:45:09	17.035	16.681	16.636	17.491	16.924	17.102	415.42	415.34
14:46:09	17.033	16.681	16.641	17.521	16.925	17.101	415.42	415.34
14:47:09	17.034	16.682	16.638	17.487	16.925	17.102	415.42	415.34
14:48:09	17.035	16.681	16.662	17.498	16.927	17.102	415.42	415.34
14:49:09	17.034	16.681	16.606	16.928	16.927	17.102	415.42	415.34
14:50:09	17.033	16.682	16.521	16.768	16.926	17.102	415.42	415.34
14:51:09	17.034	16.68	16.578	17.126	16.927	17.103	415.42	415.34
14:52:09	17.033	16.682	16.643	17.339	16.928	17.104	415.42	415.34
14:53:09	17.034	16.681	16.565	17.438	16.927	17.103	415.42	415.34
14:54:09	17.034	16.681	16.506	17.413	16.928	17.104	415.42	415.34
14:55:09	17.034	16.682	16.585	17.452	16.927	17.104	415.42	415.34
14:56:09	17.034	16.683	16.632	17.508	16.924	17.104	415.42	415.34
14:57:09	17.034	16.683	0.0	17.491	16.926	17.104	415.42	415.34
14:58:09	17.034	16.682	16.64	17.486	16.924	17.104	415.42	415.34
14:59:09	17.034	16.681	16.606	17.069	16.924	17.104	415.42	415.34
15:00:09	17.033	16.683	16.504	16.851	16.924	17.104	415.42	415.34
15:01:09	17.033	16.682	16.569	17.178	16.923	17.103	415.42	415.34
15:02:09	17.034	16.683	16.607	17.366	16.927	17.103	415.42	415.34
15:03:09	17.034	16.682	16.521	17.4	16.924	17.104	415.42	415.34
15:04:09	17.034	16.684	16.584	17.442	16.924	17.104	415.42	415.34
15:05:09	17.034	16.684	16.637	17.504	16.924	17.105	415.42	415.34
15:06:09	17.033	16.682	16.628	17.506	16.925	17.105	415.42	415.34
15:07:09	17.033	16.682	16.642	17.489	16.924	17.104	415.42	415.34
15:08:09	17.034	16.682	16.654	17.295	16.925	17.104	415.42	415.34
15:09:09	17.034	16.682	16.566	16.777	16.926	17.103	415.42	415.34
15:10:09	17.034	16.682	16.517	16.867	16.925	17.104	415.42	415.34
15:11:09	17.033	16.682	16.589	17.206	16.923	17.104	415.42	415.34
15:12:09	17.032	16.682	16.611	17.379	16.925	17.102	415.42	415.34
15:13:09	17.033	16.681	16.49	17.409	16.926	17.102	415.42	415.34
15:14:09	17.033	16.679	16.573	17.444	16.926	17.102	415.42	415.34
15:15:09	17.033	16.68	16.629	17.505	16.926	17.103	415.42	415.34
15:16:09	17.033	16.679	16.621	17.507	16.926	17.103	415.42	415.34
15:17:09	17.034	16.679	16.64	17.493	16.927	17.102	415.42	415.34
15:18:09	17.032	16.677	16.613	17.005	16.928	17.102	415.42	415.34
15:19:09	17.033	16.678	16.523	16.893	16.929	17.103	415.42	415.34
15:20:10	17.032	16.677	16.591	17.234	16.93	17.103	415.42	415.34
15:21:09	0.0	16.678	16.602	17.392	16.93	17.102	415.42	415.34
15:22:09	17.033	16.677	16.507	17.407	16.929	17.102	415.42	415.34
15:23:09	17.033	16.678	16.579	17.458	16.929	17.102	415.42	415.34
15:24:09	17.034	16.678	16.627	17.512	16.93	17.103	415.42	415.34
15:25:09	17.033	16.679	16.617	17.477	16.93	17.104	415.42	415.34
15:26:09	17.033	16.678	16.634	17.477	16.93	17.104	415.42	415.34
15:27:09	17.033	16.679	16.595	17.052	16.929	17.104	415.42	415.34
15:28:09	17.033	16.677	16.516	16.886	16.93	17.103	415.42	415.34
15:29:09	17.033	16.677	16.586	17.217	16.93	17.104	415.42	415.34
15:30:09	17.033	16.677	16.615	17.39	16.93	17.102	415.42	415.34
15:31:09	17.034	16.677	16.541	17.423	16.929	17.103	415.42	415.34
15:32:09	17.033	16.677	16.592	17.454	16.93	17.102	415.42	415.34
15:33:09	17.033	16.676	16.641	17.504	16.929	17.102	415.42	415.34
15:34:09	17.032	16.676	16.649	17.541	16.928	17.102	415.42	415.34
15:35:09	17.032	16.675	16.62	17.483	16.929	17.102	415.42	415.34
15:36:09	17.032	16.674	16.639	17.475	16.929	17.103	415.42	415.34
15:37:09	17.032	16.674	16.671	17.503	16.929	17.102	415.42	415.34
15:38:09	17.033	16.674	16.6	16.956	16.928	17.102	415.42	415.34
15:39:09	17.033	16.674	16.529	16.945	16.929	17.102	415.42	415.34
15:40:09	17.032	16.672	16.605	17.256	16.928	17.102	415.42	415.34
15:41:09	17.032	16.672	16.64	17.408	16.928	17.102	415.42	415.34
15:42:09	17.031	16.672	16.515	17.432	16.93	17.102	415.42	415.34
15:43:09	17.031	16.671	16.573	17.447	16.928	17.101	415.42	415.34
15:44:09	17.031	16.672	16.631	17.504	16.929	17.102	415.42	415.34
15:45:09	17.031	16.67	16.654	17.54	16.928	17.103	415.42	415.34
15:46:09	17.032	16.671	16.638	17.497	16.93	17.102	415.42	415.34
15:47:09	17.031	16.672	16.658	17.492	16.93	17.101	415.42	415.34
15:48:09	17.031	16.672	16.591	16.9	16.928	17.103	415.42	415.34
15:49:09	17.031	16.671	16.536	16.975	16.927	17.102	415.42	415.34
15:50:09	17.032	16.671	16.614	17.271	16.928	17.101	415.42	415.34
15:51:09	17.03	16.671	16.588	17.407	16.929	17.102	415.42	415.34
15:52:09	17.031	16.671	16.498	17.416	16.928	17.1	415.42	415.34
15:53:09	17.031	16.67	16.581	17.454	16.928	17.101	415.42	415.34
15:54:09	17.03	16.67	16.64	17.512	16.928	17.101	415.42	415.34
15:55:09	17.031	16.67	16.642	17.511	16.929	17.101	415.42	415.34
15:56:09	17.031	16.67	16.655	17.49	16.927	17.102	415.42	415.34
15:57:10	17.031	16.669	16.637	17.079	16.929	17.101	415.42	415.34
15:58:09	0.0	16.669	16.544	16.656	16.927	17.1	415.42	415.34
15:59:09	17.03	16.669	16.538	16.975	16.929	17.102	415.42	415.34
16:00:09	17.03	16.668	16.612	17.282	16.928	17.1	415.42	415.34
16:01:09	17.031	16.669	16.606	17.424	16.927	17.101	415.42	415.34
16:02:09	17.03	16.669	16.498	17.426	16.928	17.102	415.42	415.34
16:03:09	17.03	16.669	16.578	17.444	16.927	17.101	415.42	415.34
16:04:10	17.03	16.668	16.638	17.504	16.927	17.101	415.42	415.34
16:05:09	0.0	16.668	16.63	17.521	16.927	17.101	415.42	415.34
16:06:09	17.03	16.667	16.646	17.501	16.927	17.101	415.42	415.34
16:07:09	17.029	16.666	16.652	17.288	16.928	17.101	415.42	415.34
16:08:09	17.03	16.666	16.533	16.988	16.928	17.101	415.42	415.34
16:09:09	17.03	16.666	16.598	17.264	16.922	17.102	415.42	415.34
16:10:09	17.03	16.666	16.642	17.419	16.925	17.101	415.42	415.34
16:11:11	17.03	16.666	16.542	17.439	16.923	17.1	415.42	415.34
16:12:09	17.029	16.666	16.604	17.467	16.924	17.101	415.42	415.34
16:13:09	17.03	16.666	16.657	17.522	16.928	17.101	415.42	415.34
16:14:09	17.03	16.667	16.636	17.524	16.929	17.102	415.42	415.34
16:15:09	17.03	16.667	16.65	17.503	16.925	17.102	415.42	415.34
16:16:09	17.031	16.668	16.666	17.285	16.926	17.104	415.42	415.34
16:17:09	17.031	16.67	16.549	16.797	16.928	17.102	415.42	415.34
16:18:09	17.03	16.668	16.518	16.993	16.928	17.104	415.42	415.34
16:19:11	17.03	16.668	16.613	17.281	16.927	17.102	415.42	415.34
16:20:09	17.029	16.667	16.601	17.423	16.927	17.102	415.42	415.34
16:21:09	17.03	16.667	16.502	17.428	16.926	17.102	415.42	415.34
16:22:09	17.03	16.666	16.588	17.454	16.925	17.102	415.42	415.34
16:23:09	17.029	16.666	16.647	17.512	16.927	17.101	415.42	415.34
16:24:09	17.03	16.667	16.652	17.532	16.929	17.102	415.42	415.34
16:25:09	17.029	16.665	16.641	17.499	16.929	17.102	415.42	415.34
16:26:09	17.03	16.666	16.664	17.507	16.926	17.102	415.42	415.34
16:27:09	17.029	16.665	16.589	16.99	16.925	17.102	415.42	415.34
16:28:09	17.029	16.665	16.516	16.98	16.926	17.101	415.42	415.34
16:29:09	17.028	16.665	16.601	17.267	16.925	17.1	415.42	415.34
16:30:09	17.029	16.664	16.623	17.421	16.924	17.1	415.42	415.34
16:31:09	17.028	16.663	16.533	17.448	16.926	17.102	415.42	415.34
16:32:09	17.028	16.661	16.606	17.475	16.925	17.1	415.42	415.34
16:33:09	17.029	16.661	16.652	17.527	16.925	17.1	415.42	415.34
16:34:09	17.028	16.662	16.659	17.528	16.926	17.101	415.42	415.34
16:35:09	17.028	16.66	16.663	17.503	16.926	17.101	415.42	415.34
16:36:09	17.028	16.66	16.621	17.084	16.926	17.099	415.42	415.34
16:37:09	17.028	16.66	16.525	16.952	16.922	17.099	415.42	415.34
16:38:09	17.03	16.66	16.594	17.244	16.919	17.1	415.42	415.34
16:39:10	17.028	16.661	16.624	17.405	16.924	17.102	415.42	415.34
16:40:09	17.028	16.659	16.501	17.429	16.927	17.1	415.42	415.34
16:41:09	17.029	16.66	16.585	17.468	16.926	17.1	415.42	415.34
16:42:09	17.029	16.66	16.644	17.521	16.926	17.101	415.42	415.34
16:43:09	17.029	16.661	16.64	17.53	16.924	17.102	415.42	415.34
16:44:11	17.028	16.66	16.65	17.514	16.926	17.102	415.42	415.34
16:45:09	17.028	16.659	16.646	17.219	16.926	17.102	415.42	415.34
16:46:09	17.028	16.661	16.522	16.686	16.926	17.102	415.42	415.34
16:47:09	17.029	16.661	16.534	16.958	16.928	17.102	415.42	415.34
16:48:09	17.029	16.66	16.608	17.257	16.928	17.102	415.42	415.34
16:49:09	17.029	16.661	16.631	17.418	16.923	17.101	415.42	415.34
16:50:09	17.029	16.66	16.531	17.449	16.926	17.101	415.42	415.34
16:51:09	17.029	16.662	16.602	17.475	16.927	17.101	415.42	415.34
16:52:09	17.027	16.662	16.649	17.524	16.928	17.103	415.42	415.34
16:53:09	17.028	16.661	16.644	17.527	16.924	17.102	415.42	415.34
16:54:09	17.028	16.662	16.66	17.517	16.926	17.103	415.42	415.34
16:55:09	17.028	16.663	16.624	17.091	16.925	17.103	415.42	415.34
16:56:09	17.027	16.662	16.479	16.699	16.927	17.102	415.42	415.34
16:57:09	17.026	16.661	16.502	16.996	16.926	17.101	415.42	415.34
16:58:09	17.025	16.659	16.594	17.264	16.927	17.101	415.42	415.34
16:59:09	17.026	16.658	16.615	17.401	16.923	17.099	415.42	415.34
17:00:09	17.027	16.656	16.509	17.423	16.923	17.1	415.42	415.34
17:01:09	17.026	16.656	16.588	17.458	16.925	17.1	415.42	415.34
17:02:09	17.026	16.655	16.635	17.513	16.925	17.1	415.42	415.34
17:03:09	17.027	16.656	16.632	17.522	16.927	17.099	415.42	415.34
17:04:10	17.027	16.657	16.649	17.508	16.926	17.1	415.42	415.34
17:05:09	17.027	16.656	16.664	17.257	16.923	17.1	415.42	415.34
17:06:09	17.026	16.656	16.526	16.736	16.919	17.099	415.42	415.34
17:07:10	17.026	16.654	16.531	17.012	16.922	17.101	415.42	415.34
17:08:09	17.027	16.652	16.609	17.269	16.925	17.101	415.42	415.34
17:09:09	17.026	16.653	16.625	17.417	16.923	17.1	415.42	415.34
17:10:10	17.026	16.654	16.522	17.43	16.925	17.1	415.42	415.34
17:11:09	17.027	16.654	16.567	17.45	16.924	17.101	415.42	415.34
17:12:11	17.026	16.654	16.629	17.503	16.926	17.102	415.42	415.34
17:13:09	17.025	16.654	16.617	17.531	16.926	17.101	415.42	415.34
17:14:10	17.026	16.654	16.622	17.498	16.925	17.101	415.42	415.34
17:15:09	17.027	16.656	16.648	17.51	16.925	17.1	415.42	415.34
17:16:09	17.027	16.654	16.645	17.171	16.924	17.1	415.42	415.34
17:17:09	17.026	16.652	16.546	16.902	16.923	17.1	415.42	415.34
17:18:10	17.027	16.653	16.598	17.222	16.924	17.1	415.42	415.34
17:19:10	17.026	16.651	16.638	17.392	16.924	17.101	415.42	0.0
17:20:10	17.025	16.65	16.543	17.422	16.924	17.1	415.42	415.34
17:21:10	17.024	16.65	16.598	17.46	16.924	17.1	415.42	415.34
17:22:10	17.025	16.65	16.648	17.513	16.922	17.1	415.42	415.34
17:23:10	17.026	16.65	16.614	17.508	16.924	17.1	415.42	415.34
17:24:10	17.025	16.65	16.638	17.491	16.924	17.099	415.42	415.34
17:25:10	17.025	16.652	16.673	17.462	16.924	17.1	415.42	415.34
17:26:10	17.025	16.651	16.582	16.896	16.926	17.101	415.42	415.34
17:27:10	17.025	16.651	16.547	17.02	16.927	17.1	415.42	415.34
17:28:10	17.025	16.65	16.617	17.283	16.925	17.101	415.42	415.34
17:29:10	17.025	16.651	16.65	17.422	16.923	17.101	415.42	415.34
17:30:10	17.025	16.65	16.529	17.442	16.922	17.101	415.42	415.34
17:31:10	17.026	16.65	16.56	17.451	16.924	17.101	415.42	415.34
17:32:10	17.025	16.652	16.636	17.501	16.925	17.1	415.42	415.34
17:33:10	17.024	16.652	16.654	17.528	16.926	17.102	415.42	415.34
17:34:10	17.025	16.653	16.647	17.497	16.925	17.101	415.42	415.34
17:35:10	17.025	16.652	16.671	17.449	16.924	17.101	415.42	415.34
17:36:10	17.024	16.654	16.582	16.866	16.923	17.101	415.42	415.34
17:37:10	17.025	16.652	16.537	16.997	16.923	17.102	415.42	415.34
17:38:10	17.024	16.655	16.608	17.263	16.924	17.101	415.42	415.34
17:39:10	17.024	16.654	16.634	17.409	16.925	17.1	415.42	415.34
17:40:10	17.025	16.654	16.54	17.427	16.926	17.101	415.42	415.34
17:41:10	17.025	16.653	16.603	17.45	16.927	17.102	415.42	415.34
17:42:10	17.023	16.652	16.648	17.509	16.924	17.1	415.42	415.34
17:43:10	17.023	16.652	16.629	17.495	16.924	17.1	415.42	415.34
17:44:10	17.023	16.652	16.656	17.507	16.925	17.1	415.42	415.34
17:45:10	17.023	16.651	16.614	17.084	16.922	17.1	415.42	415.34
17:46:10	17.024	16.649	16.516	16.908	16.92	17.099	415.42	415.34
17:47:10	17.023	16.648	16.59	17.217	16.924	17.099	415.42	415.34
17:48:10	17.022	16.646	16.645	17.392	16.924	17.1	415.42	415.34
17:49:10	17.023	16.647	16.527	17.44	16.921	17.099	415.42	415.34
17:50:10	17.023	16.647	16.571	17.448	16.923	17.101	415.42	415.34
17:51:10	17.023	16.646	16.639	17.494	16.923	17.1	415.42	415.34
17:52:10	17.023	16.647	16.648	17.522	16.923	17.099	415.42	415.34
17:53:11	17.023	16.647	16.651	17.495	16.92	17.1	415.42	415.34
17:54:10	17.024	16.647	16.674	17.45	16.924	17.101	415.42	415.34
17:55:10	17.023	16.647	16.589	16.833	16.921	17.1	415.42	415.34
17:56:10	17.023	16.646	16.523	16.87	16.923	17.1	415.42	415.34
17:57:10	17.022	16.644	16.605	17.198	16.922	17.1	415.42	415.34
17:58:10	17.023	16.645	16.652	17.387	16.924	17.1	415.42	415.34
17:59:10	17.023	16.647	16.519	17.44	16.924	17.099	415.42	415.34
18:00:10	17.022	16.647	16.547	17.43	16.924	17.099	415.42	0.0
18:01:10	17.023	16.646	16.62	17.485	16.925	17.1	415.42	415.34
18:02:10	17.023	16.645	16.634	17.523	16.924	17.101	415.42	415.34
18:03:10	17.022	16.645	16.644	17.499	16.922	17.099	415.42	415.34
18:04:10	17.021	16.645	16.652	17.245	16.921	17.099	415.42	415.34
18:05:10	17.021	16.645	16.538	16.992	16.923	17.1	415.42	415.34
18:06:10	17.021	16.644	16.605	17.264	16.924	17.1	415.42	415.34
18:07:10	17.021	16.646	16.634	17.42	16.924	17.099	415.42	415.34
18:08:10	17.021	16.645	16.518	17.429	16.922	17.099	415.42	415.34
18:09:10	17.021	16.644	16.592	17.461	16.923	17.099	415.42	415.34
18:10:10	17.021	16.645	16.643	17.514	16.922	17.101	415.42	415.34
18:11:10	17.021	16.646	16.643	17.516	16.922	17.099	415.42	415.34
18:12:10	17.02	16.646	16.652	17.507	16.921	17.1	415.42	415.34
18:13:10	17.02	16.644	16.667	17.281	16.92	17.1	415.42	415.34
18:14:10	17.021	16.645	16.534	16.822	0.0	17.099	415.42	415.34
18:15:10	17.02	16.645	16.569	17.118	16.919	17.099	415.42	415.34
18:16:10	17.02	16.645	16.637	17.337	16.92	17.098	415.42	415.34
18:17:10	17.02	16.643	16.549	17.404	16.923	17.099	415.42	415.34
18:18:10	17.019	16.643	16.578	17.43	16.922	17.098	415.42	415.34
18:19:10	17.019	16.643	16.643	17.487	16.922	17.1	415.42	415.34
18:20:10	17.019	16.643	16.632	17.519	16.922	17.097	415.42	415.34
18:21:10	17.019	16.641	16.641	17.492	16.92	17.099	415.42	415.34
18:22:10	17.019	16.64	16.666	17.467	16.918	17.098	415.42	415.34
18:23:10	17.018	16.639	16.567	16.928	16.918	17.098	415.42	415.34
18:24:10	17.018	16.638	16.498	16.962	16.918	17.098	415.42	415.34
18:25:10	17.019	16.639	16.59	17.25	16.92	17.098	415.42	415.34
18:26:10	17.018	16.639	16.643	17.402	16.919	17.099	415.42	415.34
18:27:10	17.018	16.64	16.546	17.454	16.92	17.099	415.42	415.34
18:28:10	17.018	16.64	16.573	17.45	16.919	17.097	415.42	415.34
18:29:10	17.017	16.639	16.633	17.497	16.918	17.099	415.42	415.34
18:30:10	17.018	16.639	16.656	17.52	16.92	17.098	415.42	415.34
18:31:10	17.018	16.641	16.652	17.494	16.92	17.098	415.42	415.34
18:32:10	17.019	16.64	16.673	17.46	16.92	17.098	415.42	415.34
18:33:10	17.019	16.64	16.593	16.97	16.919	17.098	415.42	415.34
18:34:10	17.018	16.639	16.517	16.993	16.92	17.099	415.42	415.34
18:35:10	17.018	16.639	16.598	17.259	16.919	17.098	415.42	415.34
18:36:10	17.018	16.639	16.629	17.411	16.918	17.099	415.42	415.34
18:37:10	17.017	16.641	16.546	17.439	16.92	17.098	415.42	415.34
18:38:11	17.017	16.639	16.605	17.468	16.92	17.098	415.42	415.34
18:39:10	0.0	16.641	16.65	17.514	16.92	17.098	415.42	415.34
18:40:10	17.017	16.64	16.634	17.516	16.921	17.099	415.42	415.34
18:41:10	17.015	16.641	16.651	17.504	16.922	17.098	415.42	415.34
18:42:10	17.015	16.641	16.653	17.25	16.922	17.099	415.42	415.34
18:43:11	17.016	16.639	16.552	16.809	16.918	17.099	415.42	415.34
18:44:10	0.0	16.638	16.576	17.109	16.919	17.099	415.42	415.34
18:45:10	17.015	16.638	16.635	17.329	16.918	17.098	415.42	415.34
18:46:10	17.015	16.637	16.588	17.425	16.919	17.099	415.42	415.34
18:47:10	17.016	16.637	16.549	17.422	16.919	17.098	415.42	415.34
18:48:12	17.016	16.638	16.621	17.473	16.92	17.097	415.42	415.34
18:49:10	17.014	16.636	16.66	17.519	16.92	17.097	415.42	415.34
18:50:10	17.015	16.635	16.648	17.497	16.919	17.097	415.42	415.34
18:51:10	17.016	16.635	16.661	17.504	16.919	17.098	415.42	415.34
18:52:10	17.014	16.634	16.631	17.016	16.918	17.096	415.42	415.34
18:53:10	17.015	16.636	16.531	16.872	16.918	17.096	415.42	415.34
18:54:10	17.015	16.633	16.597	17.198	16.92	17.097	415.42	415.34
18:55:10	17.016	16.632	16.638	17.373	16.916	17.097	415.42	415.34
18:56:10	17.013	16.632	16.528	17.407	16.917	17.097	415.42	415.34
18:57:10	17.014	16.632	16.594	17.444	16.917	17.095	415.42	415.34
18:58:10	17.014	16.63	16.65	17.499	16.916	17.096	415.42	415.34
18:59:10	17.014	16.63	16.648	17.518	16.917	17.095	415.42	415.34
19:00:10	17.015	16.63	16.656	17.502	16.917	17.096	415.42	415.34
19:01:10	17.013	16.629	16.662	17.269	16.917	17.096	415.42	415.34
19:02:10	17.014	16.63	16.542	16.824	16.918	17.095	415.42	415.34
19:03:10	17.014	16.63	16.563	17.108	16.918	17.096	415.42	415.34
19:04:10	17.013	16.63	16.632	17.341	16.917	17.095	415.42	415.34
19:05:10	17.014	16.63	16.522	17.414	16.918	17.096	415.42	415.34
19:06:10	17.013	16.631	16.569	17.442	16.916	17.095	415.42	415.34
19:07:10	17.013	16.631	16.633	17.501	16.917	17.094	415.42	415.34
19:08:10	17.014	16.631	16.643	17.54	16.915	17.094	415.42	415.34
19:09:10	17.013	16.626	16.653	17.516	16.914	17.092	415.42	415.34
19:10:10	17.012	16.623	16.665	17.246	16.911	17.091	415.42	415.34
19:11:10	17.012	16.621	16.543	16.792	16.914	17.094	415.42	415.34
19:12:10	17.011	16.623	16.563	17.096	16.917	17.093	415.42	415.34
19:13:10	17.011	16.624	16.634	17.344	16.917	17.094	415.42	415.34
19:14:10	17.011	16.625	16.567	17.437	16.916	17.092	415.42	415.34
19:15:10	17.01	16.623	16.58	17.458	16.916	17.093	415.42	415.34
19:16:10	17.011	16.623	16.636	17.521	16.916	17.093	415.42	415.34
19:17:10	17.011	16.624	16.643	17.539	16.916	17.095	415.42	415.34
19:18:10	17.01	16.625	16.639	17.514	16.916	17.095	415.42	415.34
19:19:10	17.01	16.626	16.67	17.493	16.915	17.093	415.42	415.34
19:20:10	17.011	16.627	16.598	16.907	16.915	17.094	415.42	415.34
19:21:10	17.012	16.626	16.546	17.037	16.916	17.095	415.42	415.34
19:22:10	17.011	16.628	16.629	17.314	16.916	17.095	415.42	415.34
19:23:10	17.011	16.627	16.559	17.429	16.916	17.096	415.42	415.34
19:24:10	17.012	16.629	16.595	17.467	16.918	17.098	415.42	415.34
19:25:10	17.011	16.631	16.648	17.536	16.918	17.098	415.42	415.34
19:26:10	17.01	16.63	16.638	17.555	16.918	17.098	415.42	415.34
