00:00:37	15.923	15.603	15.558	16.687	15.839	15.987	415.42	415.34
00:01:37	15.924	15.604	15.563	16.717	15.844	15.986	415.42	415.34
00:02:37	15.924	15.603	15.565	16.729	15.841	15.986	415.42	415.34
00:03:37	15.925	15.603	15.555	16.824	15.84	15.984	415.42	415.34
00:04:37	15.926	15.603	15.559	16.841	15.84	15.986	415.42	415.34
00:05:37	15.924	15.603	15.548	16.84	15.841	15.985	415.42	415.34
00:06:37	15.925	15.601	15.558	16.784	15.842	15.985	415.42	415.34
00:07:37	15.925	15.6	15.579	16.851	15.84	15.984	415.42	415.34
00:08:37	15.924	15.6	15.565	16.825	15.84	15.985	415.42	415.34
00:09:37	15.925	15.6	15.572	16.765	15.838	15.984	415.42	415.34
00:10:37	15.925	15.6	15.553	16.858	15.836	15.984	415.42	415.34
00:11:37	15.925	15.599	15.561	16.915	15.837	15.984	415.42	415.34
00:12:37	15.925	15.599	15.581	16.842	15.835	15.983	415.42	415.34
00:13:37	15.925	15.598	15.567	16.811	15.834	15.982	415.42	415.34
00:14:37	15.926	15.597	15.562	16.877	15.834	15.984	415.42	415.34
00:15:37	15.925	15.597	15.567	16.829	15.834	15.985	415.42	415.34
00:16:37	15.926	15.598	15.574	16.8	15.836	15.985	415.42	415.34
00:17:37	15.925	15.598	15.57	16.901	15.838	15.984	415.42	415.34
00:18:37	15.925	15.598	15.591	16.906	15.833	15.984	415.42	415.34
00:19:37	15.924	15.598	15.577	16.85	15.836	15.986	415.42	415.34
00:20:37	15.926	15.599	15.578	16.891	15.838	15.986	415.42	415.34
00:21:37	15.925	15.6	15.553	16.818	15.837	15.985	415.42	415.34
00:22:37	15.926	15.6	15.515	16.634	15.84	15.987	415.42	415.34
00:23:37	15.926	15.601	15.494	16.457	15.84	15.987	415.42	415.34
00:24:37	15.926	15.602	15.481	16.359	15.844	15.988	415.42	415.34
00:25:37	15.926	15.602	15.475	16.312	15.844	15.987	415.42	415.34
00:26:38	15.926	15.602	15.486	16.308	15.842	15.987	415.42	415.34
00:27:37	15.926	15.603	15.473	16.287	15.843	15.986	415.42	415.34
00:28:38	15.926	15.602	15.459	16.252	15.838	15.985	415.42	415.34
00:29:37	0.0	15.603	15.466	16.33	15.839	15.985	415.42	415.34
00:30:37	15.927	15.602	15.456	16.392	15.838	15.986	415.42	415.34
00:31:37	15.926	15.602	15.454	16.328	15.84	15.985	415.42	415.34
00:32:37	15.926	15.602	15.448	16.279	15.839	15.986	415.42	415.34
00:33:37	15.926	15.601	15.454	16.234	15.836	15.984	415.42	415.34
00:34:37	15.927	15.601	15.454	16.2	15.836	15.985	415.42	415.34
00:35:37	15.926	15.601	15.461	16.18	15.836	15.986	415.42	415.34
00:36:37	15.926	15.601	15.455	16.172	15.835	15.987	415.42	415.34
00:37:37	15.926	15.6	15.456	16.163	15.833	15.984	415.42	415.34
00:38:37	15.926	15.599	15.448	16.147	15.834	15.984	415.42	415.34
00:39:37	15.926	15.598	15.448	16.13	15.832	15.984	415.42	415.34
00:40:37	15.925	15.598	15.451	16.24	15.833	15.986	415.42	415.34
00:41:37	15.926	15.597	15.459	16.494	15.831	15.984	415.42	415.34
00:42:37	15.926	15.597	15.47	16.609	15.832	15.984	415.42	415.34
00:43:37	15.927	15.598	15.501	16.823	15.833	15.984	415.42	415.34
00:44:37	15.926	15.597	15.511	16.842	15.833	15.985	415.42	415.34
00:45:37	15.926	15.598	15.53	16.844	15.832	15.985	415.42	415.34
00:46:37	15.926	15.598	15.522	16.882	15.831	15.985	415.42	415.34
00:47:37	15.926	15.599	15.529	16.847	15.832	15.985	415.42	415.34
00:48:37	15.926	15.599	15.536	16.845	15.83	15.985	415.42	415.34
00:49:37	15.926	15.599	15.531	16.767	15.831	15.985	415.42	415.34
00:50:37	15.926	15.599	15.524	16.754	15.83	15.985	415.42	415.34
00:51:37	15.925	15.598	15.512	16.689	15.831	15.985	415.42	415.34
00:52:37	15.925	15.599	15.532	16.83	15.832	15.986	415.42	415.34
00:53:37	15.926	15.598	15.536	16.776	15.831	15.985	415.42	415.34
00:54:37	15.925	15.599	15.533	16.726	15.835	15.985	415.42	415.34
00:55:37	15.926	15.598	15.533	16.742	15.835	15.984	415.42	415.34
00:56:37	15.926	15.598	15.521	16.773	15.836	15.982	415.42	415.34
00:57:37	15.925	15.598	15.504	16.811	15.835	15.984	415.42	415.34
00:58:37	15.926	15.599	15.499	16.688	15.838	15.986	415.42	415.34
00:59:37	15.924	15.598	15.509	16.774	15.84	15.984	415.42	415.34
01:00:37	15.926	15.598	15.503	16.846	15.84	15.983	415.42	415.34
01:01:37	15.926	15.599	15.53	16.801	15.835	15.986	415.42	415.34
01:02:37	15.926	15.599	15.522	16.696	15.834	15.986	415.42	415.34
01:03:37	15.925	15.6	15.519	16.726	15.834	15.986	415.42	415.34
01:04:37	15.926	15.599	15.526	16.644	15.836	15.987	415.42	415.34
01:05:37	15.925	15.6	15.533	16.725	15.837	15.987	415.42	415.34
01:06:37	15.926	15.6	15.53	16.843	15.836	15.988	415.42	415.34
01:07:37	15.926	15.601	15.545	16.856	15.834	15.985	415.42	415.34
01:08:37	15.926	15.6	15.552	16.926	15.836	15.986	415.42	415.34
01:09:37	15.926	15.6	15.565	16.885	15.834	15.987	415.42	415.34
01:10:38	15.925	15.601	15.567	16.901	15.835	15.986	415.42	415.34
01:11:37	15.925	15.599	15.568	17.013	15.835	15.986	415.42	415.34
01:12:37	15.925	15.599	15.57	16.987	15.834	15.985	415.42	415.34
01:13:37	15.926	15.599	15.518	16.73	15.834	15.986	415.42	415.34
01:14:37	15.926	15.598	15.485	16.533	15.836	15.986	415.42	415.34
01:15:37	15.926	15.598	15.467	16.409	15.832	15.985	415.42	415.34
01:16:37	15.925	15.597	15.455	16.331	15.833	15.986	415.42	415.34
01:17:37	15.926	15.598	15.48	16.323	15.835	15.985	415.42	415.34
01:18:37	15.925	15.598	15.469	16.319	15.836	15.986	415.42	415.34
01:19:37	15.925	15.598	15.452	16.273	15.833	15.986	415.42	415.34
01:20:37	15.925	15.598	15.437	16.233	15.832	15.986	415.42	415.34
01:21:37	15.925	15.597	15.434	16.319	15.83	15.986	415.42	415.34
01:22:37	15.925	15.597	15.443	16.311	15.828	15.986	415.42	415.34
01:23:37	15.925	15.597	15.447	16.256	15.83	15.985	415.42	415.34
01:24:37	15.925	15.597	15.43	16.223	15.829	15.985	415.42	415.34
01:25:37	15.926	15.597	15.431	16.206	15.828	15.984	415.42	415.34
01:26:38	15.925	15.596	15.442	16.168	15.828	15.984	415.42	415.34
01:27:37	15.925	15.595	15.431	16.154	15.828	15.984	415.42	415.34
01:28:38	15.924	15.595	15.431	16.148	15.829	15.984	415.42	415.34
01:29:37	15.925	15.595	15.428	16.135	15.827	15.984	415.42	415.34
01:30:39	15.924	15.594	15.431	16.128	15.827	15.983	415.42	415.34
01:31:37	15.925	15.594	15.425	16.13	15.826	15.983	415.42	415.34
01:32:37	15.926	15.593	15.428	16.12	15.826	15.983	415.42	415.34
01:33:37	15.924	15.594	15.421	16.114	15.828	15.985	415.42	415.34
01:34:37	15.925	15.595	15.414	16.105	15.828	15.984	415.42	415.34
01:35:37	15.926	15.595	15.418	16.206	15.826	15.985	415.42	415.34
01:36:37	15.925	15.597	15.427	16.321	15.829	15.985	415.42	415.34
01:37:37	15.925	15.596	15.436	16.446	15.829	15.986	415.42	415.34
01:38:37	15.924	15.596	15.451	16.546	15.829	15.986	415.42	415.34
01:39:37	15.924	15.595	15.441	16.463	15.829	0.0	415.42	415.34
01:40:37	15.925	15.596	15.444	16.371	15.828	15.986	415.42	415.34
01:41:37	15.925	15.596	15.44	16.341	15.83	15.984	415.42	415.34
01:42:37	15.924	15.596	15.457	16.375	15.828	15.984	415.42	415.34
01:43:37	15.924	15.596	15.451	16.432	15.824	15.984	415.42	415.34
01:44:37	15.924	15.595	15.475	16.598	15.825	15.984	415.42	415.34
01:45:37	15.924	15.593	15.477	16.706	15.823	15.983	415.42	415.34
01:46:37	15.924	15.592	15.476	16.761	15.827	15.984	415.42	415.34
01:47:37	15.925	15.593	15.473	16.727	15.829	15.983	415.42	415.34
01:48:37	15.924	15.593	15.471	16.577	15.829	15.984	415.42	415.34
01:49:37	15.924	15.594	15.464	16.544	15.83	15.985	415.42	415.34
01:50:37	15.924	15.594	15.463	16.629	15.828	15.984	415.42	415.34
01:51:37	15.924	15.593	15.454	16.613	15.826	15.983	415.42	415.34
01:52:37	15.923	15.592	15.444	16.564	15.825	15.984	415.42	415.34
01:53:37	15.923	15.591	15.455	16.67	15.827	15.984	415.42	415.34
01:54:37	15.924	15.59	15.466	16.691	15.828	15.982	415.42	415.34
01:55:37	15.923	15.59	15.467	16.653	15.828	15.983	415.42	415.34
01:56:37	15.923	15.591	15.467	16.502	15.827	15.983	415.42	415.34
01:57:37	15.924	15.591	15.469	16.429	15.827	15.983	415.42	415.34
01:58:37	15.924	15.588	15.454	16.412	15.826	15.983	415.42	415.34
01:59:37	15.923	15.59	15.449	16.795	15.825	15.982	415.42	415.34
02:00:37	15.922	15.588	15.459	16.961	15.824	15.982	415.42	415.34
02:01:37	15.923	15.586	15.482	17.204	15.823	15.981	415.42	415.34
02:02:37	15.922	15.588	15.523	17.211	15.823	15.983	415.42	415.34
02:03:37	15.922	15.586	15.506	17.022	15.82	15.98	415.42	415.34
02:04:37	15.923	15.585	15.462	16.725	15.821	15.981	415.42	415.34
02:05:37	15.922	15.586	15.436	16.521	15.821	15.983	415.42	415.34
02:06:37	15.922	15.586	15.42	16.396	15.825	15.981	415.42	415.34
02:07:37	15.921	15.587	15.412	16.333	15.827	15.982	415.42	415.34
02:08:37	15.922	15.586	15.414	16.405	15.825	15.983	415.42	415.34
02:09:37	15.921	15.586	15.422	16.35	15.824	15.983	415.42	415.34
02:10:37	15.921	15.587	15.413	16.297	15.825	15.981	415.42	415.34
02:11:37	15.922	15.585	15.396	16.233	15.824	15.983	415.42	415.34
02:12:38	15.92	15.585	15.39	16.202	15.824	15.981	415.42	415.34
02:13:37	15.924	15.584	15.38	16.16	15.826	15.982	415.42	415.34
02:14:37	15.921	15.586	15.389	16.349	15.828	15.982	415.42	415.34
02:15:37	15.923	15.584	15.386	16.334	15.827	15.982	415.42	415.34
02:16:39	15.92	15.586	15.388	16.264	15.826	15.982	415.42	415.34
02:17:37	15.921	15.584	15.394	16.22	15.829	15.982	415.42	415.34
02:18:39	15.92	15.583	15.385	16.181	15.828	15.982	415.42	415.34
02:19:37	15.922	15.587	15.392	16.151	15.827	15.984	415.42	415.34
02:20:39	15.922	15.587	15.395	16.143	15.823	15.983	415.42	415.34
02:21:37	15.919	15.586	15.402	16.388	15.828	15.984	415.42	415.34
02:22:37	15.921	15.588	15.428	16.558	15.825	15.984	415.42	415.34
02:23:37	15.922	15.585	15.435	16.603	15.831	15.983	415.42	415.34
02:24:37	15.919	15.59	15.447	16.591	15.827	15.984	415.42	415.34
02:25:37	15.921	15.588	15.441	16.601	15.83	15.983	415.42	415.34
02:26:37	15.922	15.586	15.459	16.746	15.831	15.985	415.42	415.34
02:27:37	15.919	15.586	15.459	16.835	15.83	15.985	415.42	415.34
02:28:37	15.92	15.587	15.474	16.828	15.829	15.984	415.42	415.34
02:29:37	15.918	15.588	15.465	16.835	15.829	15.983	415.42	415.34
02:30:37	15.918	15.585	15.475	16.777	15.829	15.984	415.42	415.34
02:31:37	15.917	15.588	15.483	16.754	15.83	15.984	415.42	415.34
02:32:37	15.92	15.588	15.474	16.827	15.828	15.984	415.42	415.34
02:33:37	15.922	15.588	15.479	16.933	15.823	15.982	415.42	415.34
02:34:37	15.92	15.585	15.497	16.95	15.824	15.982	415.42	415.34
02:35:37	15.919	15.586	15.496	16.894	15.825	15.982	415.42	415.34
02:36:37	15.921	15.584	15.501	16.822	15.825	15.982	415.42	415.34
02:37:37	15.92	15.581	15.493	16.66	15.824	15.982	415.42	415.34
02:38:37	15.918	15.583	15.485	16.582	15.821	15.982	415.42	415.34
02:39:37	15.919	15.581	15.474	16.577	15.82	15.981	415.42	415.34
02:40:37	15.92	15.58	15.458	16.59	15.817	15.98	415.42	415.34
02:41:37	0.0	15.58	15.46	16.808	15.817	15.981	415.42	415.34
02:42:37	15.918	15.579	15.483	16.916	15.817	15.98	415.42	415.34
02:43:37	15.919	15.579	15.496	16.875	15.819	15.979	415.42	415.34
02:44:37	15.92	15.577	15.485	16.865	15.818	15.98	415.42	415.34
02:45:38	15.917	15.579	15.5	16.767	15.817	15.98	415.42	415.34
02:46:37	15.917	15.579	15.509	16.795	15.818	15.981	415.42	415.34
02:47:38	15.918	15.579	15.519	16.947	15.819	15.982	415.42	415.34
02:48:37	15.918	15.58	15.503	17.147	15.818	15.981	415.42	415.34
02:49:37	15.917	15.58	15.504	17.092	15.818	15.982	415.42	415.34
02:50:37	15.917	15.578	15.521	17.112	15.817	15.981	415.42	415.34
02:51:37	15.916	15.579	15.509	16.878	15.82	15.982	415.42	415.34
02:52:37	15.917	15.579	15.462	16.647	15.817	15.982	415.42	415.34
02:53:37	15.915	15.579	15.437	16.477	15.819	15.981	415.42	415.34
02:54:37	15.917	15.579	15.419	16.37	15.82	15.982	415.42	415.34
02:55:37	15.916	15.579	15.414	16.403	15.818	15.98	415.42	415.34
02:56:37	15.917	15.578	15.404	16.415	15.819	15.98	415.42	415.34
02:57:37	15.917	15.577	15.424	16.356	15.817	15.979	415.42	415.34
02:58:37	15.916	15.575	15.409	16.298	15.817	15.98	415.42	415.34
02:59:37	15.916	15.577	15.399	16.246	15.819	15.981	415.42	415.34
03:00:37	15.915	15.578	15.381	16.181	15.822	15.981	415.42	415.34
03:01:37	15.916	15.578	15.379	16.256	15.82	15.982	415.42	415.34
03:02:37	15.916	15.579	15.393	16.328	15.819	15.982	415.42	415.34
03:03:37	15.916	15.578	15.399	16.259	15.819	15.981	415.42	415.34
03:04:37	15.915	15.58	15.397	16.197	15.822	15.983	415.42	415.34
03:05:37	15.915	15.579	15.397	16.185	15.818	15.982	415.42	415.34
03:06:37	15.916	15.578	15.397	16.155	15.818	15.981	415.42	415.34
03:07:37	15.914	15.576	15.4	16.131	15.821	15.981	415.42	415.34
03:08:37	15.915	15.578	15.393	16.127	15.819	15.981	415.42	415.34
03:09:37	15.917	15.578	15.395	16.105	15.819	15.982	415.42	415.34
03:10:37	15.914	15.576	15.397	16.122	15.818	15.982	415.42	415.34
03:11:37	15.914	15.575	15.397	16.171	15.816	15.982	415.42	415.34
03:12:37	15.917	15.579	15.411	16.305	15.817	15.981	415.42	415.34
03:13:37	15.915	15.577	15.41	16.455	15.819	15.981	415.42	415.34
03:14:37	15.914	15.575	15.421	16.582	15.82	15.982	415.42	415.34
03:15:37	15.912	15.578	15.435	16.657	15.819	15.981	415.42	415.34
03:16:37	15.915	15.576	15.425	16.646	15.815	15.981	415.42	415.34
03:17:37	15.914	15.573	15.432	16.697	15.815	15.981	415.42	415.34
03:18:37	15.913	15.574	15.421	16.741	15.819	15.98	415.42	415.34
03:19:37	15.913	15.577	15.442	16.722	15.817	15.98	415.42	415.34
03:20:37	15.915	15.575	15.441	16.72	15.817	15.98	415.42	415.34
03:21:37	15.913	15.575	15.445	16.613	15.818	15.98	415.42	415.34
03:22:38	15.914	15.576	15.428	16.705	15.821	15.98	415.42	415.34
03:23:37	15.914	15.576	15.421	16.794	15.819	15.982	415.42	415.34
03:24:39	15.913	15.576	15.447	17.037	15.817	15.981	415.42	415.34
03:25:37	15.914	15.575	15.466	17.017	15.818	15.981	415.42	415.34
03:26:37	15.914	15.578	15.476	17.116	15.821	15.984	415.42	415.34
03:27:37	15.915	15.578	15.475	17.166	15.822	15.982	415.42	415.34
03:28:37	15.912	15.575	15.471	17.118	15.818	15.98	415.42	415.34
03:29:37	15.914	15.577	15.481	17.089	15.819	15.981	415.42	415.34
03:30:37	15.911	15.575	15.48	17.185	15.818	15.98	415.42	415.34
03:31:37	15.912	15.575	15.464	17.06	15.819	15.98	415.42	415.34
03:32:37	15.913	15.574	15.437	16.751	15.821	15.982	415.42	415.34
03:33:39	15.912	15.575	15.424	16.529	15.82	15.983	415.42	415.34
03:34:37	15.913	15.575	15.4	16.41	15.819	15.982	415.42	415.34
03:35:37	15.912	15.575	15.387	16.42	15.819	15.981	415.42	415.34
03:36:37	15.911	15.575	15.394	16.566	15.817	15.981	415.42	415.34
03:37:37	15.911	15.573	15.422	16.436	15.814	15.981	415.42	415.34
03:38:37	15.912	15.573	15.42	16.342	15.815	15.981	415.42	415.34
03:39:37	15.913	15.574	15.413	16.29	15.814	15.98	415.42	415.34
03:40:37	15.912	15.575	15.394	16.23	15.817	15.982	415.42	415.34
03:41:37	15.911	15.575	15.371	16.19	15.819	15.981	415.42	415.34
03:42:37	15.912	15.573	15.353	16.153	15.817	15.979	415.42	415.34
03:43:37	15.91	15.573	15.362	16.233	15.819	15.98	415.42	0.0
03:44:37	15.911	15.573	15.365	16.285	15.816	15.98	415.42	415.34
03:45:37	15.912	15.572	15.376	16.22	15.817	15.98	415.42	415.34
03:46:37	15.909	15.575	15.368	16.18	15.816	15.981	415.42	415.34
03:47:37	15.91	15.57	15.352	16.179	15.816	15.98	415.42	415.34
03:48:37	15.912	15.572	15.37	16.17	15.814	15.981	415.42	415.34
03:49:37	15.909	15.571	15.383	16.216	15.815	15.981	415.42	415.34
03:50:37	15.909	15.57	15.402	16.51	15.815	15.978	415.42	415.34
03:51:37	15.908	15.57	15.416	16.681	15.814	15.978	415.42	415.34
03:52:37	15.911	15.572	15.435	16.81	15.813	15.979	415.42	415.34
03:53:37	15.912	15.57	15.447	16.807	15.813	15.978	415.42	415.34
03:54:37	15.911	15.569	15.457	16.807	15.813	15.979	415.42	415.34
03:55:38	15.911	15.571	15.459	16.722	15.813	15.979	415.42	415.34
03:56:37	15.908	15.57	15.482	16.81	15.815	15.98	415.42	415.34
03:57:37	15.91	15.569	15.482	16.91	15.813	15.98	415.42	415.34
03:58:37	15.908	15.569	15.483	16.943	15.813	15.978	415.42	415.34
03:59:37	15.909	15.567	15.48	16.855	15.813	15.98	415.42	415.34
04:00:37	15.909	15.567	15.495	16.89	15.811	15.979	415.42	415.34
04:01:37	15.91	15.568	15.505	16.87	15.815	15.979	415.42	415.34
04:02:37	15.912	15.57	15.498	16.878	15.815	15.98	415.42	415.34
04:03:37	15.906	15.568	15.495	16.95	15.812	15.979	415.42	415.34
04:04:37	15.908	15.566	15.506	16.918	15.809	15.977	415.42	415.34
04:05:37	15.906	15.566	15.51	17.064	15.808	15.979	415.42	415.34
04:06:37	15.906	15.566	15.507	16.89	15.811	15.98	415.42	415.34
04:07:37	15.907	15.568	15.457	16.668	15.813	15.977	415.42	415.34
04:08:37	15.907	15.566	15.421	16.465	15.813	15.977	415.42	415.34
04:09:37	15.906	15.566	15.397	16.37	15.81	15.977	415.42	415.34
04:10:37	15.906	15.564	15.383	16.307	15.809	15.978	415.42	415.34
04:11:37	15.905	15.564	15.386	16.401	15.812	15.978	415.42	415.34
04:12:37	15.903	15.565	15.396	16.317	15.81	15.977	415.42	415.34
04:13:37	15.907	15.562	15.392	16.252	15.81	15.976	415.42	415.34
04:14:37	15.905	15.562	15.371	16.186	15.808	15.976	415.42	415.34
04:15:37	15.905	15.561	15.356	16.146	15.807	15.976	415.42	415.34
04:16:37	15.905	15.564	15.362	16.162	15.809	15.978	415.42	415.34
04:17:37	15.905	15.562	15.361	16.199	15.807	15.976	415.42	415.34
04:18:37	15.906	15.562	15.372	16.168	15.81	15.977	415.42	415.34
04:19:37	15.903	15.563	15.366	16.139	15.809	15.977	415.42	415.34
04:20:37	15.905	15.562	15.37	16.133	15.808	15.978	415.42	415.34
04:21:37	15.908	15.565	15.365	16.111	15.808	15.979	415.42	415.34
04:22:37	15.904	15.564	15.365	16.088	15.809	15.979	415.42	415.34
04:23:37	15.907	15.565	15.369	16.074	15.809	15.977	415.42	415.34
04:24:37	15.906	15.561	15.358	16.063	15.807	15.976	415.42	415.34
04:25:37	15.903	15.561	15.355	16.064	15.81	15.978	0.0	415.34
04:26:37	15.906	15.563	15.355	16.05	15.809	15.977	415.42	415.34
04:27:37	15.904	15.563	15.346	16.039	15.81	15.977	415.42	415.34
04:28:38	15.906	15.563	15.343	16.034	15.812	15.978	415.42	415.34
04:29:37	15.904	15.563	15.342	16.048	15.81	15.978	415.42	415.34
04:30:38	15.904	15.566	15.355	16.393	15.814	15.978	415.42	415.34
04:31:37	0.0	15.565	15.368	16.461	15.814	15.979	415.42	415.34
04:32:37	15.905	15.565	15.395	16.596	15.812	15.979	415.42	415.34
04:33:37	15.904	15.562	15.409	16.76	15.809	15.978	415.42	415.34
04:34:37	15.905	15.566	15.404	17.124	15.81	15.978	415.42	415.34
04:35:37	15.903	15.564	15.437	17.141	15.807	15.978	415.42	415.34
04:36:37	15.902	15.562	15.452	17.25	15.81	15.977	415.42	415.34
04:37:37	15.903	15.563	15.424	16.983	15.809	15.977	415.42	415.34
04:38:37	15.902	15.561	15.395	16.691	15.81	15.976	415.42	415.34
04:39:37	15.904	15.564	15.378	16.498	15.808	15.977	415.42	415.34
04:40:37	15.903	15.562	15.365	16.359	15.807	15.976	415.42	415.34
04:41:37	15.904	15.562	15.376	16.409	15.808	15.977	415.42	415.34
04:42:37	15.904	15.562	15.378	16.415	15.811	15.979	415.42	415.34
04:43:37	15.905	15.563	15.374	16.312	15.811	15.978	415.42	415.34
04:44:37	15.905	15.565	15.377	16.229	15.809	15.978	415.42	415.34
04:45:37	15.906	15.564	15.37	16.178	15.81	15.977	415.42	415.34
04:46:37	15.905	15.564	15.358	16.139	15.811	15.978	415.42	415.34
04:47:37	15.904	15.564	15.341	16.106	15.809	15.979	415.42	415.34
04:48:37	15.903	15.565	15.327	16.09	15.808	15.977	415.42	415.34
04:49:37	15.905	15.566	15.33	16.194	15.813	15.978	415.42	415.34
04:50:37	15.902	15.564	15.327	16.249	15.811	15.978	415.42	415.34
04:51:37	15.903	15.564	15.321	16.237	15.81	15.979	415.42	415.34
04:52:37	15.901	15.565	15.331	16.176	15.809	15.978	415.42	415.34
04:53:37	15.904	15.564	15.32	16.128	15.81	15.979	415.42	415.34
04:54:37	15.904	15.564	15.334	16.112	15.811	15.979	415.42	415.34
04:55:37	15.903	15.564	15.343	16.101	15.811	15.978	415.42	415.34
04:56:37	15.903	15.566	15.334	16.073	15.808	15.978	415.42	415.34
04:57:37	15.904	15.567	15.337	16.069	15.813	15.978	415.42	415.34
04:58:37	15.901	15.566	15.344	16.112	15.811	15.978	415.42	415.34
04:59:37	15.903	15.566	15.336	16.307	15.809	15.978	415.42	415.34
05:00:37	15.902	15.567	15.349	16.436	15.812	15.98	415.42	415.34
05:01:37	15.902	15.567	15.365	16.577	15.812	15.978	415.42	415.34
05:02:37	15.903	15.566	15.372	16.587	15.812	15.979	415.42	415.34
05:03:37	15.905	15.566	15.394	16.594	15.81	15.98	415.42	415.34
05:04:37	15.903	15.565	15.405	16.592	15.809	15.979	415.42	415.34
05:05:37	15.903	15.565	15.402	16.607	15.811	15.978	415.42	415.34
05:06:37	15.904	15.565	15.415	16.576	15.812	15.979	415.42	415.34
05:07:37	15.902	15.565	15.397	16.599	15.809	15.978	415.42	415.34
05:08:37	15.901	15.566	15.392	16.754	15.807	15.98	415.42	415.34
05:09:37	15.903	15.565	15.4	16.884	15.808	15.977	415.42	415.34
05:10:37	15.9	15.567	15.42	16.935	15.81	15.979	415.42	415.34
05:11:37	15.904	15.565	15.442	16.911	15.811	15.979	415.42	415.34
05:12:37	15.9	15.562	15.453	16.856	15.81	15.976	415.42	415.34
05:13:37	15.903	15.563	15.446	16.855	15.808	15.978	415.42	415.34
05:14:37	15.9	15.563	15.426	16.9	15.81	15.979	415.42	415.34
05:15:38	15.901	15.565	15.444	16.863	15.809	15.977	415.42	415.34
05:16:37	0.0	15.563	15.44	16.799	15.812	15.978	415.42	415.34
05:17:37	15.901	15.564	15.454	16.755	15.813	15.978	415.42	415.34
05:18:37	15.903	15.565	15.451	16.635	15.814	15.98	415.42	415.34
05:19:37	15.903	15.563	15.428	16.751	15.81	15.979	415.42	415.34
05:20:37	15.901	15.565	15.436	16.868	15.81	15.978	415.42	415.34
05:21:37	15.899	15.564	15.447	16.905	15.807	15.978	415.42	415.34
05:22:37	15.9	15.56	15.469	17.031	15.807	15.978	415.42	415.34
05:23:37	15.899	15.562	15.494	17.113	15.809	15.978	415.42	415.34
05:24:37	15.898	15.559	15.507	17.04	15.808	15.978	415.42	415.34
05:25:37	15.902	15.561	15.492	16.98	15.807	15.978	415.42	415.34
05:26:37	15.9	15.559	15.509	16.97	15.806	15.978	415.42	415.34
05:27:37	15.898	15.561	15.496	16.835	15.809	15.978	415.42	415.34
05:28:37	15.898	15.559	15.506	16.862	15.81	15.976	415.42	415.34
05:29:37	15.9	15.561	15.504	16.851	15.808	15.976	415.42	415.34
05:30:37	15.897	15.559	15.513	16.815	15.807	15.977	415.42	415.34
05:31:37	15.895	15.56	15.521	16.807	15.803	15.977	415.42	415.34
05:32:37	15.895	15.559	15.516	16.857	15.804	15.976	415.42	415.34
05:33:37	15.896	15.557	15.52	16.922	15.805	15.979	415.42	415.34
05:34:37	15.895	15.558	15.518	16.92	15.807	15.976	415.42	415.34
05:35:37	15.896	15.557	15.51	16.802	15.807	15.976	415.42	415.34
05:36:39	15.895	15.557	15.495	16.83	15.807	15.977	415.42	415.34
05:37:37	15.896	15.555	15.512	16.781	15.804	15.976	415.42	415.34
05:38:37	15.895	15.555	15.514	16.84	15.806	15.977	415.42	415.34
05:39:37	15.894	15.556	15.504	16.849	15.804	15.977	415.42	415.34
05:40:37	15.893	15.554	15.5	16.821	15.802	15.974	415.42	415.34
05:41:37	15.894	15.552	15.505	16.782	15.804	15.976	415.42	415.34
05:42:37	15.893	15.554	15.481	16.823	15.803	15.976	415.42	415.34
05:43:37	15.894	15.553	15.479	16.773	15.802	15.976	415.42	415.34
05:44:37	15.893	15.553	15.478	16.655	15.802	15.974	415.42	415.34
05:45:37	15.894	15.552	15.482	16.676	15.802	15.976	415.42	415.34
05:46:37	15.895	15.551	15.474	16.659	15.802	15.976	415.42	415.34
05:47:37	15.895	0.0	15.461	16.711	15.802	15.976	415.42	415.34
05:48:37	15.893	15.551	15.47	16.8	15.8	15.976	415.42	415.34
05:49:37	15.893	15.551	15.49	16.794	15.799	15.975	415.42	415.34
05:50:37	15.894	15.552	15.497	16.737	15.798	15.975	415.42	415.34
05:51:37	15.893	15.551	15.486	16.836	15.802	15.974	415.42	415.34
05:52:37	15.893	15.549	15.483	16.838	15.803	15.973	415.42	415.34
05:53:37	15.893	15.549	15.494	16.773	15.802	15.973	415.42	415.34
05:54:37	15.893	15.549	15.508	16.879	15.803	15.972	415.42	415.34
05:55:37	15.893	15.548	15.472	16.825	15.803	15.973	415.42	415.34
05:56:37	15.893	15.55	15.466	16.71	15.804	15.973	415.42	415.34
05:57:37	15.894	15.549	15.461	16.786	15.805	15.975	415.42	415.34
05:58:37	15.893	15.549	15.499	16.726	15.804	15.974	415.42	415.34
05:59:37	15.893	15.549	15.497	16.673	15.803	15.973	415.42	415.34
06:00:37	15.893	15.548	15.505	16.596	15.802	15.974	415.42	415.34
06:01:37	15.892	15.548	15.472	16.53	15.802	15.973	415.42	415.34
06:02:37	15.893	15.548	15.461	16.451	15.801	15.973	415.42	415.34
06:03:37	15.893	15.547	15.468	16.455	15.801	15.973	415.42	415.34
06:04:37	15.893	15.545	15.47	16.759	15.803	15.973	415.42	415.34
06:05:37	15.893	15.547	15.491	16.89	15.804	15.973	415.42	415.34
06:06:37	15.892	15.546	15.511	16.784	15.806	15.973	415.42	415.34
06:07:37	15.892	15.547	15.5	16.792	15.804	15.973	415.42	415.34
06:08:37	15.893	15.547	15.503	16.687	15.806	15.973	415.42	415.34
06:09:37	15.893	15.546	15.47	16.803	15.803	15.973	415.42	415.34
06:10:37	0.0	15.546	15.479	16.85	15.803	15.972	415.42	415.34
06:11:37	15.893	15.546	15.485	16.833	15.803	15.973	415.42	415.34
06:12:38	15.892	15.547	15.48	16.862	15.805	15.974	415.42	415.34
06:13:37	15.891	15.546	15.498	16.827	15.803	15.975	415.42	415.34
06:14:37	15.891	15.547	15.487	16.761	15.801	15.974	415.42	415.34
06:15:37	15.891	15.546	15.497	16.716	15.798	15.973	415.42	415.34
06:16:37	15.889	15.546	15.504	16.954	15.8	15.974	415.42	415.34
06:17:37	15.89	15.547	15.506	16.908	15.8	15.975	415.42	415.34
06:18:39	15.891	15.548	15.512	17.091	15.799	15.975	415.42	415.34
06:19:37	15.89	15.547	15.529	17.088	15.798	15.973	415.42	415.34
06:20:39	15.889	15.548	15.532	17.091	15.798	15.973	415.42	415.34
06:21:37	15.889	15.548	15.554	17.058	15.797	15.972	415.42	415.34
06:22:38	15.89	15.546	15.512	16.853	15.797	15.972	415.42	415.34
06:23:37	15.891	15.545	15.464	16.632	15.797	15.973	415.42	415.34
06:24:37	15.892	15.544	15.434	16.473	15.797	15.971	415.42	415.34
06:25:37	15.891	15.543	15.417	16.385	15.796	15.97	415.42	415.34
06:26:37	15.891	15.542	15.413	16.346	15.795	15.969	415.42	415.34
06:27:37	15.89	15.54	15.421	16.396	15.796	15.968	415.42	415.34
06:28:37	15.891	15.54	15.445	16.322	15.795	15.967	415.42	415.34
06:29:37	15.889	15.539	15.421	16.273	15.795	15.966	415.42	415.34
06:30:37	15.89	15.538	15.399	16.214	15.795	15.965	415.42	415.34
06:31:37	15.889	15.539	15.387	16.304	15.793	15.964	415.42	415.34
06:32:37	15.89	15.536	15.389	16.325	15.792	15.962	415.42	415.34
06:33:37	15.889	15.534	15.404	16.293	15.792	15.961	415.42	415.34
06:34:37	15.889	15.532	15.402	16.248	15.794	15.961	415.42	415.34
06:35:37	15.889	15.533	15.41	16.346	15.795	15.961	415.42	415.34
06:36:37	15.888	15.534	15.446	16.565	15.794	15.964	415.42	415.34
06:37:37	15.887	15.534	15.455	16.64	15.795	15.963	415.42	415.34
06:38:37	15.887	15.534	15.456	16.74	15.793	15.96	415.42	415.34
06:39:37	15.887	15.531	15.47	16.834	15.79	15.958	415.42	415.34
06:40:37	15.886	15.534	15.474	16.894	15.792	15.961	415.42	415.34
06:41:37	15.888	15.532	15.481	16.828	15.793	15.96	415.42	415.34
06:42:37	15.886	15.531	15.466	16.814	15.792	15.96	415.42	415.34
06:43:37	15.886	15.533	15.426	16.589	15.794	15.962	415.42	415.34
06:44:37	15.886	15.528	15.393	16.404	15.791	15.962	415.42	415.34
06:45:37	15.884	15.527	15.372	16.283	15.791	15.96	415.42	415.34
06:46:37	15.885	15.531	15.36	16.223	15.793	15.962	415.42	415.34
06:47:37	15.885	15.533	15.354	16.22	15.796	15.963	415.42	415.34
06:48:37	15.886	15.534	15.348	16.168	15.796	15.963	415.42	415.34
06:49:37	15.886	15.535	0.0	16.229	15.797	15.964	415.42	415.34
06:50:38	15.887	15.536	15.352	16.333	15.797	15.964	415.42	415.34
06:51:37	15.886	15.536	15.35	16.27	15.797	15.966	415.42	415.34
06:52:37	15.887	15.539	15.355	16.237	15.799	15.967	415.42	415.34
06:53:37	15.887	15.538	15.361	16.185	15.798	15.968	415.42	415.34
06:54:37	15.887	15.541	15.371	16.137	15.796	15.967	415.42	415.34
06:55:37	15.885	15.538	15.365	16.107	15.795	15.967	415.42	415.34
06:56:37	15.887	15.538	15.357	16.095	15.799	15.97	415.42	415.34
06:57:37	15.887	15.539	15.36	16.083	15.805	15.968	415.42	415.34
06:58:37	15.887	15.54	15.371	16.103	15.801	15.968	415.42	415.34
06:59:37	15.883	15.536	15.359	16.139	15.798	15.966	415.42	415.34
07:00:37	15.888	15.538	15.356	16.123	15.797	15.966	415.42	415.34
07:01:37	15.888	15.54	15.358	16.103	15.8	15.97	415.42	415.34
07:02:38	15.886	15.541	15.362	16.126	15.796	15.968	415.42	415.34
07:03:37	0.0	15.539	15.356	16.199	15.793	15.967	415.42	415.34
07:04:37	15.887	15.538	15.365	16.281	15.796	15.97	415.42	415.34
07:05:37	15.889	15.537	15.362	16.334	15.794	15.968	415.42	415.34
07:06:37	15.886	15.54	15.366	16.278	15.796	15.971	415.42	415.34
07:07:37	15.888	15.54	15.359	16.227	15.796	15.968	415.42	415.34
07:08:37	15.885	15.534	15.351	16.186	15.79	15.966	415.42	415.34
07:09:37	15.882	15.536	15.374	16.282	15.79	15.963	415.42	415.34
07:10:37	15.884	15.537	15.376	16.32	15.797	15.966	415.42	415.34
07:11:37	15.885	15.537	15.383	16.306	15.796	15.965	415.42	415.34
07:12:37	15.886	15.536	15.371	16.307	15.797	15.967	415.42	415.34
07:13:37	15.883	15.537	15.356	16.375	15.793	15.965	415.42	415.34
07:14:37	15.886	15.538	15.372	16.53	15.795	15.966	415.42	415.34
07:15:37	15.883	15.538	15.377	16.656	15.797	15.965	415.42	415.34
07:16:37	15.887	15.537	15.388	16.693	15.795	15.967	415.42	415.34
07:17:37	15.886	15.536	15.4	16.683	15.793	15.966	415.42	415.34
07:18:37	15.881	15.537	15.417	16.756	15.795	15.967	415.42	415.34
07:19:37	15.886	15.534	15.419	16.75	15.796	15.965	415.42	415.34
07:20:37	15.884	15.533	15.432	16.778	15.793	15.961	415.42	415.34
07:21:37	15.88	15.532	15.416	16.788	15.79	15.959	415.42	415.34
07:22:37	15.882	15.532	15.42	16.864	15.797	15.965	415.42	415.34
07:23:37	15.882	15.533	15.451	16.909	15.795	15.966	415.42	415.34
07:24:37	15.88	15.534	15.442	16.982	15.793	15.961	415.42	415.34
07:25:37	15.88	15.531	15.468	17.012	15.791	15.961	415.42	415.34
07:26:38	15.885	15.533	15.486	17.037	15.795	15.965	415.42	415.34
07:27:37	15.884	15.533	15.478	16.955	15.798	15.965	415.42	415.34
07:28:37	15.885	15.531	15.477	16.985	15.795	15.963	415.42	415.34
07:29:37	15.886	15.534	15.486	16.963	15.798	15.965	415.42	415.34
07:30:37	15.88	15.535	15.499	16.968	15.799	15.966	415.42	415.34
07:31:37	15.882	15.534	15.499	16.879	15.791	15.965	415.42	415.34
07:32:37	15.884	15.533	15.49	16.76	15.794	15.965	415.42	415.34
07:33:38	15.882	15.536	15.459	16.685	15.796	15.968	415.42	415.34
07:34:37	15.883	15.534	15.458	16.652	15.794	15.969	415.42	415.34
07:35:37	15.883	15.535	15.45	16.726	15.796	15.969	415.42	415.34
07:36:37	15.881	15.534	15.462	16.665	15.793	15.962	415.42	415.34
07:37:37	15.883	15.534	15.449	16.581	15.79	15.962	415.42	415.34
07:38:39	15.882	15.535	15.465	16.656	15.797	15.969	415.42	415.34
07:39:37	15.88	15.532	15.458	16.625	15.791	15.963	415.42	415.34
07:40:38	15.879	15.531	15.437	16.612	15.788	15.96	415.42	415.34
07:41:37	15.881	15.533	15.455	16.58	15.793	15.965	415.42	415.34
07:42:37	15.88	15.531	15.442	16.532	15.793	15.965	415.42	415.34
07:43:37	15.88	15.526	15.445	16.482	15.789	15.963	415.42	415.34
07:44:37	15.879	15.528	15.418	16.412	15.789	15.962	415.42	415.34
07:45:37	15.879	15.529	15.437	16.425	15.791	15.967	415.42	415.34
07:46:37	15.88	15.531	15.432	16.466	15.79	15.967	415.42	415.34
07:47:37	15.88	15.533	15.444	16.774	15.796	15.968	415.42	415.34
07:48:37	15.881	15.536	15.461	16.794	15.795	15.966	415.42	415.34
07:49:37	15.88	15.537	15.456	16.773	15.793	15.967	415.42	415.34
07:50:37	15.881	15.537	15.455	16.773	15.795	15.968	415.42	415.34
07:51:37	15.882	15.536	15.433	16.764	15.792	15.967	415.42	415.34
07:52:37	15.881	15.537	15.439	16.869	15.794	15.968	415.42	415.34
07:53:37	15.879	15.535	15.46	16.91	15.795	15.968	415.42	415.34
07:54:37	15.879	15.536	15.465	16.896	15.796	15.969	415.42	415.34
07:55:37	15.878	15.536	15.472	16.852	15.796	15.968	415.42	415.34
07:56:37	15.877	15.536	15.481	16.807	15.795	15.968	415.42	415.34
07:57:37	15.877	15.535	15.498	16.869	15.792	15.968	415.42	415.34
07:58:37	15.879	15.535	0.0	16.874	15.794	15.971	415.42	415.34
07:59:37	15.879	15.534	15.465	16.862	15.793	15.967	0.0	415.34
08:00:37	15.879	15.532	15.501	16.983	15.792	15.967	415.42	415.34
08:01:37	15.879	15.533	15.515	17.029	15.796	15.967	415.42	415.34
08:02:37	15.879	15.531	15.523	16.863	15.793	15.966	415.42	415.34
08:03:37	15.878	15.53	15.506	16.849	15.788	15.963	415.42	415.34
08:04:37	15.877	15.529	15.505	16.788	15.787	15.961	415.42	415.34
08:05:37	15.879	15.527	15.496	16.884	15.788	15.961	415.42	415.34
08:06:37	15.878	15.527	15.488	16.777	15.791	15.963	415.42	415.34
08:07:37	15.879	15.528	15.481	16.83	15.791	15.965	415.42	415.34
08:08:37	15.876	15.53	15.472	16.917	15.79	15.962	415.42	415.34
08:09:37	15.879	15.528	15.47	16.822	15.788	15.963	415.42	415.34
08:10:37	15.879	15.528	15.476	16.847	15.789	15.963	415.42	415.34
08:11:37	15.879	15.529	15.504	16.814	15.791	15.964	415.42	415.34
08:12:38	15.877	15.529	15.494	16.85	15.789	15.964	415.42	415.34
08:13:37	0.0	15.529	15.488	16.875	15.792	15.966	415.42	415.34
08:14:37	15.879	15.531	15.509	16.904	15.794	15.968	415.42	415.34
08:15:37	15.878	15.532	15.512	16.871	15.797	15.967	415.42	415.34
08:16:38	15.879	15.531	15.492	16.914	15.794	15.967	415.42	415.34
08:17:38	15.879	15.533	15.491	16.867	15.795	0.0	415.42	415.34
08:18:37	15.879	15.534	15.495	16.732	15.792	15.968	415.42	415.34
08:19:37	15.878	15.534	15.496	16.719	15.792	15.967	415.42	415.34
08:20:37	15.878	15.532	15.488	16.886	15.788	15.966	415.42	415.34
08:21:37	15.876	15.532	15.476	16.729	15.791	15.968	415.42	415.34
08:22:39	15.876	15.53	15.499	16.699	15.79	15.969	415.42	415.34
08:23:37	15.876	15.532	15.489	16.771	15.792	15.969	415.42	415.34
08:24:38	15.875	15.532	15.484	16.887	15.793	15.969	415.42	415.34
08:25:37	15.875	15.532	15.494	16.77	15.793	15.969	415.42	415.34
08:26:37	15.875	15.532	15.476	16.895	15.786	15.966	415.42	415.34
08:27:37	15.876	15.531	15.503	16.843	15.79	15.967	415.42	415.34
08:28:37	15.876	15.532	15.489	16.703	15.79	15.968	415.42	415.34
08:29:37	15.877	15.53	15.503	16.654	15.787	15.966	415.42	415.34
08:30:37	15.876	15.527	15.475	16.59	15.788	15.965	415.42	415.34
08:31:37	15.875	15.526	15.47	16.474	15.787	15.964	415.42	415.34
08:32:37	15.876	15.526	15.455	16.371	15.79	15.966	415.42	415.34
08:33:37	15.877	15.529	15.452	16.491	15.796	15.968	415.42	415.34
08:34:37	15.877	15.53	15.452	16.666	15.792	15.967	415.42	415.34
08:35:37	15.876	15.53	15.459	16.689	15.791	15.965	415.42	415.34
08:36:37	15.876	15.531	15.467	16.774	15.792	15.967	415.42	415.34
08:37:37	15.874	15.532	15.447	16.768	15.792	15.969	415.42	415.34
08:38:37	15.875	15.533	15.473	16.911	15.792	15.968	415.42	415.34
08:39:37	15.873	15.532	15.468	16.71	15.792	15.968	415.42	415.34
08:40:37	15.874	15.53	15.48	16.83	15.793	15.969	415.42	415.34
08:41:37	15.875	15.532	15.481	16.797	15.798	15.97	415.42	415.34
08:42:37	15.873	15.531	15.478	16.729	15.797	15.968	415.42	415.34
08:43:37	15.874	15.532	15.455	16.7	15.794	15.968	415.42	415.34
08:44:37	15.876	15.532	15.458	16.676	15.795	15.97	415.42	415.34
08:45:37	15.875	15.531	15.456	16.634	15.791	15.967	415.42	415.34
08:46:37	15.876	15.532	15.473	16.644	15.796	15.97	415.42	415.34
08:47:37	15.874	15.531	15.463	16.699	15.788	15.966	415.42	415.34
08:48:37	15.875	15.529	15.466	16.62	15.793	15.969	415.42	415.34
08:49:37	15.875	15.53	15.465	16.551	15.794	15.97	415.42	415.34
08:50:37	15.874	15.529	15.456	16.607	15.787	15.967	415.42	415.34
08:51:37	15.875	15.528	15.458	16.66	15.79	15.968	415.42	415.34
08:52:37	15.874	15.529	15.457	16.704	15.795	15.97	415.42	415.34
08:53:37	15.876	15.53	15.458	16.754	15.797	15.968	415.42	415.34
08:54:38	15.874	15.53	15.474	16.811	15.795	15.968	415.42	415.34
08:55:37	0.0	15.531	15.48	16.86	15.793	15.967	415.42	415.34
08:56:37	15.874	15.532	15.491	16.907	15.794	15.967	415.42	415.34
08:57:37	15.875	15.532	15.494	16.984	15.796	15.968	415.42	415.34
08:58:38	15.875	15.532	15.504	17.094	15.794	15.968	415.42	415.34
08:59:37	15.876	15.532	15.518	17.141	15.796	15.968	415.42	415.34
09:00:37	15.875	15.53	15.507	17.096	15.793	15.968	415.42	415.34
09:01:37	15.875	15.532	15.517	16.987	15.795	15.97	415.42	415.34
09:02:38	15.874	15.531	15.529	16.955	15.795	15.968	415.42	415.34
09:03:37	15.875	15.531	15.526	16.967	15.799	15.968	415.42	415.34
09:04:37	15.873	15.53	15.533	16.89	15.794	15.965	415.42	415.34
09:05:37	15.873	15.529	15.513	16.811	15.791	15.966	415.42	415.34
09:06:38	15.873	15.53	15.512	16.76	15.797	15.969	415.42	415.34
09:07:38	15.874	15.526	15.493	16.652	15.791	15.965	415.42	415.34
09:08:38	15.874	15.526	15.494	16.624	15.795	15.965	415.42	415.34
09:09:38	15.875	15.529	15.475	16.587	15.796	15.967	415.42	415.34
09:10:38	15.874	15.528	15.483	16.666	15.791	15.963	415.42	415.34
09:11:38	15.874	15.529	15.477	16.704	15.792	15.966	415.42	415.34
09:12:38	15.874	15.53	15.461	16.772	15.796	15.969	415.42	415.34
09:13:38	15.874	15.529	15.466	16.803	15.79	15.965	415.42	415.34
09:14:38	15.874	15.532	15.495	16.681	15.794	15.967	415.42	415.34
09:15:38	15.873	15.528	15.484	16.705	15.789	15.965	415.42	415.34
09:16:38	15.875	15.529	15.461	16.623	15.794	15.968	415.42	415.34
09:17:38	15.875	15.53	15.465	16.69	15.795	15.969	415.42	415.34
09:18:38	15.874	15.529	15.466	16.763	15.792	15.968	415.42	415.34
09:19:38	15.874	15.53	15.482	16.758	15.793	15.968	415.42	415.34
09:20:38	15.875	15.53	15.479	16.739	15.796	15.968	415.42	415.34
09:21:38	15.875	15.532	15.464	16.708	15.801	15.969	415.42	415.34
09:22:38	15.875	15.534	15.46	16.605	15.799	15.967	415.42	415.34
09:23:38	15.875	15.533	15.455	16.644	15.799	15.97	415.42	415.34
09:24:38	15.875	15.533	15.482	16.594	15.795	15.97	415.42	415.34
09:25:38	15.875	15.532	15.47	16.627	15.795	15.966	415.42	415.34
09:26:38	15.873	15.528	15.471	16.66	15.79	15.963	415.42	415.34
09:27:38	15.873	15.526	15.468	16.682	15.794	15.966	415.42	415.34
09:28:38	15.873	15.528	15.472	16.685	15.797	15.969	415.42	415.34
09:29:38	15.873	15.527	15.468	16.602	15.794	15.967	415.42	415.34
09:30:38	15.874	15.53	15.461	16.609	15.796	15.969	415.42	415.34
09:31:39	15.875	15.531	15.464	16.721	15.801	15.968	415.42	415.34
09:32:38	0.0	15.533	15.452	16.767	15.797	15.968	415.42	415.34
09:33:38	15.874	15.533	15.476	16.853	15.801	15.969	415.42	415.34
09:34:40	15.874	15.536	15.481	16.839	15.8	15.971	415.42	415.34
09:35:38	15.875	15.535	15.48	16.767	15.798	15.972	415.42	415.34
09:36:40	15.872	15.537	15.478	16.838	15.803	15.972	415.42	415.34
09:37:38	15.872	15.537	15.472	16.95	15.801	15.971	415.42	415.34
09:38:38	15.871	15.535	15.489	17.092	15.801	15.972	415.42	415.34
09:39:38	15.87	15.537	15.476	17.075	15.801	15.97	415.42	415.34
09:40:38	15.871	15.535	15.482	17.117	15.799	15.971	415.42	415.34
09:41:38	15.872	15.535	15.48	17.047	15.801	15.971	415.42	415.34
09:42:38	15.872	15.536	15.509	16.99	15.801	15.973	415.42	415.34
09:43:38	15.872	15.535	15.505	16.785	15.801	15.97	415.42	415.34
09:44:38	15.87	15.533	15.485	16.752	15.796	15.968	415.42	415.34
09:45:38	15.872	15.533	15.495	16.699	15.797	15.968	415.42	415.34
09:46:38	15.872	15.531	15.5	16.721	15.796	15.968	415.42	415.34
09:47:38	15.872	15.531	15.475	16.702	15.799	15.971	415.42	415.34
09:48:38	15.873	15.533	15.473	16.736	15.801	15.969	415.42	415.34
09:49:38	15.874	15.533	15.471	16.66	15.802	15.968	415.42	415.34
09:50:38	15.873	15.533	15.469	16.733	15.797	15.967	415.42	415.34
09:51:38	15.872	15.532	15.439	16.672	15.796	15.967	415.42	415.34
09:52:38	15.872	15.532	15.452	16.684	15.797	15.968	415.42	415.34
09:53:38	15.871	15.529	15.457	16.616	15.792	15.966	415.42	415.34
09:54:38	15.869	15.527	15.465	16.768	15.794	15.965	415.42	415.34
09:55:38	15.87	15.529	15.473	16.759	15.799	15.965	415.42	415.34
09:56:38	15.871	15.528	15.461	16.844	15.799	15.967	415.42	415.34
09:57:38	15.872	15.53	15.471	16.886	15.801	15.968	415.42	415.34
09:58:38	15.873	15.531	15.481	16.854	15.801	15.968	415.42	415.34
09:59:38	15.873	15.534	15.486	16.846	15.806	15.971	415.42	415.34
10:00:38	15.872	15.535	15.488	16.924	15.8	15.968	415.42	415.34
10:01:38	15.873	15.535	15.482	16.787	15.804	15.971	415.42	415.34
10:02:38	15.873	15.536	15.462	16.675	15.801	15.969	415.42	415.34
10:03:38	15.872	15.533	15.456	16.632	15.798	15.969	415.42	415.34
10:04:38	15.873	15.532	15.465	16.76	15.798	15.971	415.42	415.34
10:05:38	15.873	15.533	15.463	16.819	15.803	15.97	415.42	415.34
10:06:39	15.872	15.532	15.479	16.863	15.797	15.968	415.42	415.34
10:07:38	15.873	15.532	15.488	16.825	15.797	15.969	415.42	415.34
10:08:38	15.872	15.532	15.489	16.979	15.8	15.969	415.42	415.34
10:09:38	15.872	15.534	15.502	17.05	15.802	15.97	415.42	415.34
10:10:38	15.872	15.533	15.518	16.999	15.799	15.97	415.42	415.34
10:11:38	15.871	15.535	15.502	16.896	15.802	15.97	415.42	415.34
10:12:38	15.871	15.536	15.515	16.928	15.802	15.972	415.42	415.34
10:13:38	15.872	15.534	15.51	16.926	15.8	15.97	415.42	415.34
10:14:38	15.872	15.534	15.505	16.863	15.801	15.97	415.42	415.34
10:15:38	15.871	15.532	15.51	16.848	15.798	15.969	415.42	415.34
10:16:38	15.872	15.532	15.496	16.794	15.802	15.97	415.42	415.34
10:17:38	15.872	15.532	15.507	16.859	15.801	15.967	415.42	415.34
10:18:38	15.872	15.531	15.495	16.885	15.801	15.968	415.42	415.34
10:19:38	15.871	15.53	15.5	16.911	15.797	15.966	415.42	415.34
10:20:38	15.872	15.529	15.518	16.795	15.796	15.966	415.42	415.34
10:21:38	15.871	15.529	15.512	16.755	15.796	15.965	415.42	415.34
10:22:38	15.871	15.529	15.505	16.723	15.8	15.968	415.42	415.34
10:23:38	15.872	15.531	15.503	16.689	15.807	15.97	415.42	415.34
10:24:38	15.87	15.533	15.507	16.822	15.804	15.967	415.42	415.34
10:25:38	15.873	15.535	15.517	16.881	15.807	15.971	415.42	415.34
10:26:38	15.873	15.538	15.515	16.853	15.805	15.971	415.42	415.34
10:27:38	15.872	15.538	15.498	16.795	15.805	15.971	415.42	415.34
10:28:38	15.872	15.539	15.492	16.66	15.804	15.972	415.42	415.34
10:29:38	15.873	15.538	15.501	16.711	15.805	15.971	415.42	415.34
10:30:39	15.872	15.537	15.488	16.731	15.804	15.973	415.42	415.34
10:31:38	0.0	15.538	15.497	16.708	15.803	15.973	415.42	415.34
10:32:38	15.872	15.536	15.48	16.753	15.799	15.971	415.42	415.34
10:33:38	15.872	15.533	15.486	16.717	15.795	15.972	415.42	415.34
10:34:38	15.871	15.533	15.472	16.721	15.799	15.973	415.42	415.34
10:35:38	0.0	15.532	15.488	16.752	15.798	15.968	415.42	415.34
10:36:38	15.872	15.531	15.484	16.767	15.8	15.968	415.42	415.34
10:37:38	15.872	15.534	15.488	16.751	15.808	15.971	415.42	415.34
10:38:38	15.872	15.535	15.474	16.766	15.807	15.969	415.42	415.34
10:39:38	15.872	15.534	15.473	16.732	15.802	15.969	415.42	415.34
10:40:38	15.872	15.535	15.47	16.763	15.801	15.97	415.42	415.34
10:41:38	15.871	15.534	15.478	16.876	15.799	15.969	415.42	415.34
10:42:38	15.872	15.533	15.487	16.873	15.802	15.971	415.42	415.34
10:43:39	15.872	15.534	15.523	16.922	15.804	15.972	415.42	415.34
10:44:38	15.871	15.535	15.534	16.941	15.803	15.971	415.42	415.34
10:45:38	15.87	15.535	15.532	17.015	15.804	15.969	415.42	415.34
10:46:38	15.87	15.532	15.533	17.038	15.8	15.967	415.42	415.34
10:47:38	15.87	15.531	15.513	16.991	15.8	15.968	415.42	415.34
10:48:38	15.87	15.532	15.502	16.825	15.806	15.97	415.42	415.34
10:49:38	15.87	15.534	15.515	16.817	15.804	15.971	415.42	415.34
10:50:38	15.871	15.535	15.517	16.823	15.809	15.972	415.42	415.34
10:51:38	15.871	15.539	15.5	16.737	15.81	15.972	415.42	415.34
10:52:38	15.871	15.539	15.517	16.68	15.807	15.971	415.42	415.34
10:53:38	15.871	15.538	15.51	16.691	15.804	15.969	415.42	415.34
10:54:38	15.87	15.534	15.478	16.663	15.8	15.97	415.42	415.34
10:55:38	15.872	15.535	15.461	16.72	15.804	15.973	415.42	415.34
10:56:38	15.871	15.535	15.478	16.717	15.802	15.971	415.42	415.34
10:57:38	15.871	15.534	15.502	16.756	15.803	15.972	415.42	415.34
10:58:38	15.872	0.0	15.509	16.772	15.803	15.97	415.42	415.34
10:59:38	15.872	15.536	15.493	16.838	15.804	15.97	415.42	415.34
11:00:38	15.87	15.534	15.493	17.013	15.799	15.968	415.42	415.34
11:01:38	15.87	15.534	15.492	16.849	15.799	15.968	415.42	415.34
11:02:38	15.871	15.533	15.508	16.738	15.802	15.97	415.42	415.34
11:03:38	15.87	15.532	15.493	16.829	15.799	15.968	415.42	415.34
11:04:38	15.871	15.532	15.504	16.931	15.803	15.97	415.42	415.34
11:05:38	15.871	15.532	15.52	16.953	15.801	15.968	415.42	415.34
11:06:38	15.87	15.531	15.515	16.93	15.801	15.968	415.42	415.34
11:07:38	15.87	15.531	15.515	16.92	15.798	15.967	415.42	415.34
11:08:38	15.87	15.532	15.512	16.825	15.801	15.968	415.42	415.34
11:09:38	15.871	15.533	15.503	16.775	15.804	15.97	415.42	415.34
11:10:38	15.87	15.532	15.512	16.903	15.801	15.968	415.42	415.34
11:11:38	15.87	15.532	15.497	16.755	15.801	15.969	415.42	415.34
11:12:39	15.87	15.53	15.495	16.738	15.799	15.966	415.42	415.34
11:13:38	15.87	15.53	15.495	16.647	15.802	15.966	415.42	415.34
11:14:38	15.869	15.53	15.473	16.703	15.804	15.967	415.42	415.34
11:15:38	15.87	15.531	15.484	16.738	15.806	15.968	415.42	415.34
11:16:38	15.872	15.533	15.482	16.735	15.806	15.97	415.42	415.34
11:17:41	15.871	15.533	15.483	16.69	15.805	15.969	415.42	415.34
11:18:38	15.871	15.533	15.479	16.73	15.802	15.968	415.42	415.34
11:19:38	15.872	15.534	15.492	16.844	15.803	15.969	415.42	415.34
11:20:38	15.872	15.533	15.489	16.781	15.802	15.969	415.42	415.34
11:21:38	15.871	15.535	15.515	16.854	15.806	15.972	415.42	415.34
11:22:38	15.869	15.531	15.499	16.902	15.8	15.968	415.42	415.34
11:23:38	15.871	15.533	15.496	16.843	15.806	15.971	415.42	415.34
11:24:38	15.871	15.534	15.512	16.875	15.804	15.97	415.42	415.34
11:25:38	15.87	15.532	15.516	16.863	15.801	15.97	415.42	415.34
11:26:39	15.87	15.532	15.515	16.929	15.801	15.968	415.42	415.34
11:27:38	0.0	15.53	15.494	16.865	15.797	15.968	415.42	415.34
11:28:39	15.871	15.528	15.508	16.783	15.797	15.968	415.42	415.34
11:29:38	0.0	15.531	15.515	16.766	15.803	15.972	415.42	415.34
11:30:39	15.87	15.531	15.514	16.916	15.799	15.965	415.42	415.34
11:31:38	15.87	15.529	15.521	16.841	15.797	15.966	415.42	415.34
11:32:39	15.869	15.528	15.524	16.866	15.797	15.967	415.42	415.34
11:33:38	0.0	15.527	15.512	16.971	15.794	15.963	415.42	415.34
11:34:38	15.87	15.529	15.52	16.863	15.799	15.967	415.42	415.34
11:35:38	15.87	15.529	15.518	16.672	15.799	15.967	415.42	415.34
11:36:38	15.871	15.532	15.484	16.53	15.803	15.97	415.42	415.34
11:37:40	15.871	15.534	15.465	16.476	15.802	15.97	415.42	415.34
11:38:38	15.87	15.534	15.468	16.473	15.806	15.972	415.42	415.34
11:39:38	15.87	15.535	15.488	16.683	15.801	15.966	415.42	415.34
11:40:38	15.87	15.533	15.484	16.835	15.801	15.969	415.42	415.34
11:41:38	15.87	15.533	15.479	16.935	15.807	15.971	415.42	415.34
11:42:38	15.87	15.531	15.476	17.048	15.806	15.969	415.42	415.34
11:43:38	15.87	15.532	15.493	16.974	15.806	15.972	415.42	415.34
11:44:38	15.871	15.535	15.5	16.865	15.812	15.972	415.42	415.34
11:45:38	15.87	15.535	15.517	16.785	15.809	15.971	415.42	415.34
11:46:38	15.87	15.534	15.518	16.777	15.805	15.971	415.42	415.34
11:47:38	15.871	15.537	15.511	16.888	15.808	15.972	415.42	415.34
11:48:38	15.869	15.537	15.501	16.888	15.806	15.973	415.42	415.34
11:49:38	15.871	15.537	15.506	16.892	15.805	15.973	415.42	415.34
11:50:38	15.87	15.538	15.515	16.804	15.803	15.972	415.42	415.34
11:51:38	15.87	15.536	15.506	16.762	15.803	15.972	415.42	415.34
11:52:38	15.87	15.539	15.503	16.79	15.808	15.974	415.42	415.34
11:53:38	15.871	15.537	15.514	16.744	15.804	15.973	415.42	415.34
11:54:38	15.872	15.54	15.499	16.892	15.811	15.975	415.42	415.34
11:55:38	15.87	15.539	15.483	16.973	15.802	15.971	415.42	415.34
11:56:38	15.868	15.536	15.472	16.997	15.804	15.974	415.42	415.34
11:57:38	15.87	15.536	15.499	16.958	15.803	15.973	415.42	415.34
11:58:38	15.87	15.535	15.509	16.878	15.807	15.973	415.42	415.34
11:59:38	15.871	15.537	15.509	16.766	15.811	15.976	415.42	415.34
12:00:38	15.871	15.537	15.506	16.73	15.811	15.973	415.42	415.34
12:01:38	15.87	15.539	15.508	16.773	15.81	15.973	415.42	415.34
12:02:38	15.871	15.541	15.516	16.792	15.812	15.975	415.42	415.34
12:03:38	15.87	15.542	15.509	16.759	15.811	15.974	415.42	415.34
12:04:38	15.87	15.541	15.507	16.802	15.812	15.976	415.42	415.34
12:05:38	15.87	15.539	15.515	16.727	15.806	15.973	415.42	415.34
12:06:38	15.871	15.539	15.503	16.611	15.809	15.975	415.42	415.34
12:07:38	15.87	15.539	15.501	16.592	15.813	15.975	415.42	415.34
12:08:40	15.872	15.542	15.502	16.666	15.82	15.977	415.42	415.34
12:09:38	15.872	15.544	15.497	16.673	15.817	15.977	415.42	415.34
12:10:38	15.87	15.545	15.486	16.634	15.813	15.975	415.42	415.34
12:11:38	15.87	15.543	15.48	16.631	15.805	15.973	415.42	415.34
12:12:38	15.869	15.541	15.475	16.546	15.808	15.975	415.42	415.34
12:13:38	15.871	15.541	15.469	16.668	15.81	15.976	415.42	415.34
12:14:38	15.871	15.541	15.491	16.699	15.81	15.976	415.42	415.34
12:15:38	15.872	15.542	15.496	16.784	15.816	15.977	415.42	415.34
12:16:38	15.871	15.544	15.497	16.872	15.811	15.977	415.42	415.34
12:17:38	15.871	15.544	15.485	16.897	15.815	15.978	415.42	415.34
12:18:39	15.871	15.546	15.484	17.036	15.816	15.977	415.42	415.34
12:19:38	15.872	15.548	15.49	17.141	15.817	15.976	415.42	415.34
12:20:38	15.871	15.546	15.515	17.023	15.809	15.975	415.42	415.34
12:21:38	15.872	15.546	15.522	16.942	15.816	15.978	415.42	415.34
12:22:38	15.871	15.545	15.529	16.889	15.815	15.979	415.42	415.34
12:23:38	15.871	15.545	15.541	16.963	15.814	15.976	415.42	415.34
12:24:38	15.87	15.544	15.535	16.902	15.809	15.974	415.42	415.34
12:25:38	15.87	15.541	15.533	16.873	15.808	15.975	415.42	415.34
12:26:38	15.871	15.542	15.521	16.884	15.811	15.978	415.42	415.34
12:27:38	15.873	15.542	15.528	16.819	15.814	15.977	415.42	415.34
12:28:38	15.871	15.543	15.526	16.761	15.815	15.977	415.42	415.34
12:29:38	15.871	15.542	15.531	16.919	15.812	15.975	415.42	415.34
12:30:38	15.872	15.541	15.513	16.856	15.811	15.976	415.42	415.34
12:31:38	15.87	15.541	15.492	17.003	15.811	15.975	415.42	415.34
12:32:38	15.873	15.541	15.515	16.99	15.812	15.977	415.42	415.34
12:33:38	15.871	15.54	15.508	16.851	15.809	15.975	415.42	415.34
12:34:38	15.872	15.541	15.504	16.854	15.815	15.975	415.42	415.34
12:35:38	15.871	15.539	15.502	16.744	15.809	15.973	415.42	415.34
12:36:38	15.871	15.539	15.502	16.741	15.81	15.973	415.42	415.34
12:37:38	15.871	15.539	15.478	16.769	15.814	15.978	415.42	415.34
12:38:38	15.871	15.542	15.487	16.693	15.814	15.976	415.42	415.34
12:39:38	15.872	15.542	15.468	16.726	15.811	15.975	415.42	415.34
12:40:38	15.872	15.543	15.497	16.831	15.815	15.977	415.42	415.34
12:41:38	15.872	15.543	15.509	16.8	15.816	15.977	415.42	415.34
12:42:38	15.872	15.544	15.5	16.773	15.815	15.977	415.42	415.34
12:43:38	15.872	15.544	15.499	16.627	15.816	15.978	415.42	415.34
12:44:38	15.871	15.544	15.503	16.525	15.817	15.977	415.42	415.34
12:45:38	15.873	15.547	15.474	16.626	15.819	15.979	415.42	415.34
12:46:38	15.871	15.546	15.48	16.8	15.819	15.978	415.42	415.34
12:47:38	15.871	15.547	15.482	16.819	15.819	15.978	415.42	415.34
12:48:38	15.871	15.546	15.475	16.854	15.817	15.975	415.42	415.34
12:49:38	15.872	15.544	15.484	16.864	15.816	15.978	415.42	415.34
12:50:39	15.873	15.545	15.495	16.754	15.817	15.981	415.42	415.34
12:51:38	15.871	15.545	15.509	16.748	15.814	15.978	415.42	415.34
12:52:38	15.87	15.544	15.503	16.717	15.812	15.977	415.42	415.34
12:53:40	15.872	15.545	15.501	16.731	15.817	15.978	415.42	415.34
12:54:38	15.872	15.546	15.514	16.935	15.817	15.978	415.42	415.34
12:55:38	15.872	15.547	15.502	16.848	15.817	15.979	415.42	415.34
12:56:38	15.872	15.547	15.505	16.805	15.815	15.978	415.42	415.34
12:57:38	15.872	15.545	15.526	16.783	15.813	15.978	415.42	415.34
12:58:38	15.872	15.544	15.491	16.829	15.812	15.977	415.42	415.34
12:59:38	15.871	15.544	15.49	16.839	15.817	15.978	415.42	415.34
13:00:38	15.872	15.545	15.491	16.747	15.819	15.98	415.42	415.34
13:01:38	15.873	15.546	15.485	16.872	15.817	15.979	415.42	415.34
13:02:38	15.872	15.548	15.514	16.822	15.82	15.979	415.42	415.34
13:03:38	15.872	15.546	15.502	16.834	15.812	15.976	415.42	415.34
13:04:38	15.872	15.546	15.508	16.888	15.815	15.979	415.42	415.34
13:05:38	15.872	15.545	15.487	16.749	15.814	15.979	415.42	415.34
13:06:38	15.871	15.544	15.438	16.558	15.815	15.979	415.42	415.34
13:07:38	15.873	15.543	15.403	16.397	15.816	15.977	415.42	415.34
13:08:38	15.873	15.543	15.383	16.295	15.816	15.976	415.42	415.34
13:09:38	15.871	15.543	15.367	16.235	15.812	15.975	415.42	415.34
13:10:38	15.872	15.542	15.365	16.269	15.817	15.978	0.0	415.34
13:11:38	15.872	15.542	15.355	16.191	15.815	15.977	415.42	415.34
13:12:38	15.873	15.543	15.352	16.144	15.819	15.979	415.42	415.34
13:13:38	15.873	15.547	15.362	16.177	15.822	15.98	415.42	415.34
13:14:38	15.872	15.547	15.372	16.166	15.822	15.978	415.42	415.34
13:15:38	15.872	15.546	15.39	16.151	15.82	15.978	415.42	415.34
13:16:39	15.872	15.546	15.366	16.143	15.819	15.978	415.42	415.34
13:17:38	15.871	15.543	15.358	16.106	15.816	15.978	415.42	415.34
13:18:39	15.872	15.544	15.365	16.086	15.817	15.981	415.42	415.34
13:19:38	15.871	15.544	15.364	16.072	15.819	15.979	415.42	415.34
13:20:39	15.872	15.544	15.362	16.066	15.819	15.979	415.42	415.34
13:21:38	0.0	15.544	15.354	16.091	15.816	15.978	415.42	415.34
13:22:39	15.873	15.543	15.347	16.3	15.815	15.976	415.42	415.34
13:23:38	15.872	15.542	15.373	16.431	15.816	15.979	415.42	415.34
13:24:38	15.873	15.542	15.384	16.527	15.815	15.977	415.42	415.34
13:25:38	15.872	15.543	15.393	16.71	15.822	15.979	415.42	415.34
13:26:38	15.871	15.545	15.412	16.7	15.823	15.979	415.42	415.34
13:27:38	15.872	15.545	15.421	16.784	15.821	15.978	415.42	415.34
13:28:38	15.872	15.546	15.436	16.856	15.821	15.979	415.42	415.34
13:29:40	15.872	15.546	15.442	16.767	15.818	15.978	415.42	415.34
13:30:38	15.872	15.545	15.444	16.788	15.82	15.979	415.42	415.34
13:31:38	15.871	15.545	15.455	16.784	15.816	15.98	415.42	415.34
13:32:38	15.872	15.545	15.455	16.817	15.818	15.98	415.42	415.34
13:33:38	15.872	15.546	15.458	16.862	15.816	15.978	415.42	415.34
13:34:40	15.872	15.543	15.466	16.936	15.815	15.977	415.42	415.34
13:35:38	15.872	15.542	15.461	16.957	15.814	15.976	415.42	415.34
13:36:38	15.873	15.54	15.487	17.034	15.812	15.975	415.42	415.34
13:37:38	15.872	15.538	15.486	16.992	15.813	15.975	415.42	415.34
13:38:38	15.873	15.54	15.488	16.969	15.819	15.979	415.42	415.34
13:39:38	15.872	15.54	15.497	16.983	15.82	15.978	415.42	415.34
13:40:38	15.873	15.544	15.51	16.896	15.82	15.98	415.42	415.34
13:41:38	15.874	15.545	15.509	16.812	15.82	15.979	415.42	415.34
13:42:38	15.873	15.549	15.494	16.746	15.828	15.981	415.42	415.34
13:43:38	15.873	15.551	15.501	16.825	15.822	15.981	415.42	415.34
13:44:38	15.871	15.549	15.485	16.717	15.818	15.978	415.42	415.34
13:45:38	15.872	15.549	15.461	16.564	15.818	15.979	415.42	415.34
13:46:38	15.872	15.547	15.459	16.578	15.815	15.98	415.42	415.34
13:47:38	15.873	15.545	15.436	16.595	15.817	15.979	415.42	415.34
13:48:38	15.872	15.543	15.431	16.747	15.816	15.979	415.42	415.34
13:49:38	15.873	15.542	15.441	16.634	15.817	15.979	415.42	415.34
13:50:38	15.873	15.543	15.447	16.668	15.824	15.979	415.42	415.34
13:51:38	15.872	15.544	15.45	16.669	15.825	15.98	415.42	415.34
13:52:38	15.873	15.546	15.459	16.669	15.819	15.978	415.42	415.34
13:53:38	15.872	15.546	15.474	16.673	15.821	15.979	415.42	415.34
13:54:38	15.872	15.546	15.49	16.744	15.823	15.98	415.42	415.34
13:55:38	15.872	15.545	15.495	16.815	15.821	15.98	415.42	415.34
13:56:38	15.872	15.545	15.479	16.852	15.82	15.981	415.42	415.34
13:57:38	15.872	15.545	15.502	16.85	15.82	15.98	415.42	415.34
13:58:38	15.872	15.544	15.494	16.856	15.823	15.981	415.42	415.34
13:59:38	15.872	15.546	15.483	16.804	15.823	15.983	415.42	415.34
14:00:38	15.872	15.547	15.491	16.787	15.82	15.979	415.42	415.34
14:01:38	15.872	15.545	15.49	16.821	15.82	15.979	415.42	415.34
14:02:38	15.873	15.546	15.508	16.785	15.82	15.982	415.42	415.34
14:03:38	15.873	15.545	15.513	16.9	15.82	15.981	415.42	415.34
14:04:39	15.872	15.544	15.509	16.875	15.818	15.98	415.42	415.34
14:05:38	15.873	15.544	15.497	16.905	15.82	15.981	415.42	415.34
14:06:39	15.872	15.542	15.5	16.809	15.818	15.98	415.42	415.34
14:07:38	15.871	15.543	15.502	16.751	15.817	15.977	415.42	415.34
14:08:38	15.873	15.539	15.492	16.815	15.813	15.976	415.42	415.34
14:09:38	15.871	15.537	15.494	16.803	15.812	15.976	415.42	415.34
14:10:38	15.871	15.536	15.497	16.761	15.81	15.975	415.42	415.34
14:11:38	15.87	15.535	15.502	16.793	15.81	15.974	415.42	415.34
14:12:38	15.871	15.534	15.488	16.804	15.811	15.975	415.42	415.34
14:13:39	15.87	15.533	15.495	16.743	15.812	15.978	415.42	415.34
14:14:38	15.871	15.535	15.476	16.623	15.814	15.977	415.42	415.34
14:15:38	15.871	15.534	15.46	16.544	15.811	15.975	415.42	415.34
14:16:38	15.87	15.535	15.442	16.575	15.813	15.976	415.42	415.34
14:17:38	15.871	15.535	15.448	16.669	15.815	15.976	415.42	415.34
14:18:38	15.869	15.534	15.451	16.752	15.81	15.976	415.42	415.34
14:19:38	15.869	15.533	15.475	16.891	15.811	15.976	415.42	415.34
14:20:38	15.87	15.533	15.467	16.913	15.811	15.976	415.42	415.34
14:21:38	15.87	15.532	15.469	16.847	15.81	15.975	415.42	415.34
14:22:38	15.87	15.533	15.482	16.856	15.811	15.975	415.42	415.34
14:23:38	15.87	15.533	15.495	16.836	15.813	15.977	415.42	415.34
14:24:38	15.87	15.535	15.491	16.776	15.82	15.977	415.42	415.34
14:25:38	15.869	15.537	15.487	16.947	15.82	15.979	415.42	415.34
14:26:38	15.869	15.538	15.499	16.898	15.82	15.978	415.42	415.34
14:27:38	15.869	15.538	15.5	16.902	15.817	15.977	415.42	415.34
14:28:38	15.87	15.537	15.522	16.817	15.814	15.977	415.42	415.34
14:29:38	15.87	15.537	15.529	16.88	15.815	15.977	415.42	415.34
14:30:38	15.87	15.536	15.524	16.835	15.809	15.978	415.42	415.34
14:31:38	15.87	15.536	15.523	16.828	15.812	15.978	415.42	415.34
14:32:38	15.868	15.534	15.529	16.893	15.81	15.976	415.42	415.34
14:33:38	15.869	15.534	15.535	16.924	15.809	15.975	415.42	415.34
14:34:38	15.87	15.534	15.531	16.776	15.811	15.977	415.42	415.34
14:35:38	15.87	15.534	15.524	16.76	15.814	15.977	415.42	415.34
14:36:38	15.869	15.534	15.511	16.699	15.811	15.976	415.42	415.34
14:37:38	15.868	15.536	15.508	16.716	15.814	15.977	415.42	415.34
14:38:38	15.868	15.535	15.502	16.744	15.811	15.975	415.42	415.34
14:39:38	15.868	15.533	15.503	16.682	15.81	15.976	415.42	415.34
14:40:38	15.868	15.533	15.49	16.574	15.815	15.978	415.42	415.34
14:41:38	15.868	15.535	15.481	16.562	15.816	15.977	415.42	415.34
14:42:39	15.87	15.536	15.472	16.519	15.815	15.977	415.42	415.34
14:43:38	15.87	15.536	15.483	16.585	15.814	15.979	415.42	415.34
14:44:38	15.87	15.536	15.48	16.657	15.815	15.978	415.42	415.34
14:45:38	15.87	15.536	15.467	16.653	15.817	15.979	415.42	415.34
14:46:38	15.869	15.538	15.458	16.686	15.817	15.978	415.42	415.34
14:47:38	15.869	15.536	15.455	16.722	15.812	15.978	415.42	415.34
14:48:38	15.868	15.536	15.466	16.798	15.812	15.977	415.42	415.34
14:49:38	15.869	15.536	15.48	16.808	15.815	15.981	415.42	415.34
14:50:38	15.869	15.535	15.488	16.814	15.813	15.978	415.42	415.34
14:51:38	15.87	15.535	15.494	16.866	15.813	15.978	415.42	415.34
14:52:38	15.868	15.535	15.488	16.709	15.813	15.977	415.42	415.34
14:53:38	15.868	15.536	15.482	16.714	15.816	15.977	415.42	415.34
14:54:38	15.869	15.537	15.475	16.773	15.814	15.978	415.42	415.34
14:55:38	15.868	15.536	15.478	16.798	15.813	15.978	415.42	415.34
14:56:38	15.868	15.535	15.481	16.802	15.813	15.978	415.42	415.34
14:57:38	15.868	15.534	15.479	16.824	15.811	15.978	415.42	415.34
14:58:38	15.868	15.533	15.481	16.755	15.813	15.979	415.42	415.34
14:59:38	15.868	15.532	15.493	16.762	15.812	15.979	415.42	415.34
15:00:38	15.869	15.534	15.509	16.861	15.82	15.98	415.42	415.34
15:01:38	15.868	15.532	15.495	16.869	15.813	15.975	415.42	415.34
15:02:38	15.867	15.531	15.496	16.863	15.816	15.978	415.42	415.34
15:03:38	15.868	15.534	15.488	17.018	15.82	15.98	415.42	415.34
15:04:38	15.868	15.537	15.483	16.98	15.823	15.979	415.42	415.34
15:05:38	15.867	15.538	15.507	16.859	15.816	15.978	415.42	415.34
15:06:38	15.868	15.539	15.515	16.77	15.819	15.979	415.42	415.34
15:07:39	15.868	15.536	15.514	16.77	15.814	15.979	415.42	415.34
15:08:38	15.868	15.535	15.491	16.847	15.814	15.98	415.42	415.34
15:09:38	15.868	15.535	15.506	16.821	15.816	15.978	415.42	415.34
15:10:39	15.869	15.535	15.525	16.911	15.815	15.98	415.42	415.34
15:11:38	15.867	15.536	15.519	16.793	15.814	15.979	415.42	415.34
15:12:40	15.867	15.535	15.524	16.812	15.818	15.98	415.42	415.34
15:13:38	15.868	15.535	15.514	16.851	15.816	15.979	415.42	415.34
15:14:38	15.868	15.534	15.499	16.869	15.811	15.977	415.42	415.34
15:15:38	15.87	15.535	15.504	16.932	15.821	15.979	415.42	415.34
15:16:38	15.868	15.536	15.516	17.017	15.821	15.978	415.42	415.34
15:17:38	15.868	15.535	15.523	17.026	15.818	15.977	415.42	415.34
15:18:38	15.868	15.536	15.523	17.001	15.816	15.979	415.42	415.34
15:19:38	15.869	15.536	15.538	17.005	15.819	15.98	415.42	415.34
15:20:38	15.869	15.535	15.544	16.879	15.814	15.978	415.42	415.34
15:21:38	15.868	15.532	15.567	16.936	15.811	15.977	415.42	415.34
15:22:38	15.869	15.533	15.568	17.099	15.817	15.98	415.42	415.34
15:23:38	15.868	15.532	15.57	17.12	15.817	15.98	415.42	415.34
15:24:38	15.867	15.535	15.563	17.06	15.815	15.978	415.42	415.34
15:25:38	15.867	15.536	15.594	17.073	15.815	15.979	415.42	415.34
15:26:38	15.868	15.536	15.581	17.006	15.815	15.978	415.42	415.34
15:27:38	15.869	15.538	15.592	17.081	15.82	15.981	415.42	415.34
15:28:38	15.867	15.539	15.581	17.051	15.822	15.98	415.42	415.34
15:29:38	15.867	15.54	15.584	17.068	15.824	15.98	415.42	415.34
15:30:38	15.868	15.541	15.587	17.147	15.818	15.981	415.42	415.34
15:31:38	15.867	15.542	15.587	17.055	15.82	15.98	415.42	415.34
15:32:38	15.868	15.542	15.589	17.047	15.823	15.981	415.42	415.34
15:33:38	15.867	15.542	15.587	17.02	15.819	15.98	415.42	415.34
15:34:38	15.869	15.541	15.594	16.983	15.819	15.981	415.42	415.34
15:35:38	15.868	15.539	15.572	16.991	15.819	15.98	415.42	415.34
15:36:38	15.869	15.538	15.578	16.941	15.817	15.981	415.42	415.34
15:37:38	15.868	15.536	15.576	16.915	15.817	15.979	415.42	415.34
15:38:38	15.869	15.536	15.586	16.972	15.815	15.977	415.42	415.34
15:39:38	15.868	15.533	15.579	16.931	15.812	15.975	415.42	415.34
15:40:38	15.869	15.534	15.58	16.939	15.818	15.978	415.42	415.34
15:41:38	15.867	15.532	15.592	16.98	15.812	15.977	415.42	415.34
15:42:38	15.869	15.532	15.593	16.87	15.817	15.978	415.42	415.34
15:43:39	15.869	15.534	15.576	16.883	15.822	15.979	415.42	415.34
15:44:38	15.87	15.536	15.555	16.818	15.823	15.981	415.42	415.34
15:45:38	15.869	15.538	15.563	16.858	15.82	15.981	415.42	415.34
15:46:38	15.87	15.542	15.58	16.884	15.824	15.983	415.42	415.34
15:47:38	15.868	15.544	15.581	16.968	15.825	15.982	415.42	415.34
15:48:38	15.869	15.545	15.576	16.928	15.827	15.982	415.42	415.34
15:49:38	15.87	15.543	15.566	16.879	15.821	15.981	415.42	415.34
15:50:38	15.868	15.542	15.567	16.779	15.822	15.982	415.42	415.34
15:51:40	15.868	15.539	15.547	16.783	15.817	15.98	415.42	415.34
15:52:38	15.868	15.538	15.556	16.81	15.82	15.982	415.42	415.34
15:53:38	15.868	15.54	15.557	16.845	15.822	15.983	415.42	415.34
15:54:38	15.869	15.539	15.581	16.81	15.82	15.98	415.42	415.34
15:55:38	15.869	15.541	15.579	16.74	15.823	15.981	415.42	415.34
15:56:38	15.869	15.54	15.573	16.618	15.823	15.982	415.42	415.34
15:57:38	15.869	15.539	15.556	16.589	15.819	15.98	415.42	415.34
15:58:38	15.87	15.539	15.558	16.584	15.822	15.981	415.42	415.34
15:59:38	15.87	15.54	15.537	16.703	15.824	15.982	415.42	415.34
16:00:38	15.87	15.541	15.555	16.856	15.823	15.981	415.42	415.34
16:01:38	15.868	15.54	15.561	17.049	15.818	15.98	415.42	415.34
16:02:38	15.869	15.538	15.584	17.131	15.818	15.982	415.42	415.34
16:03:38	15.871	15.539	15.608	17.016	15.82	15.982	415.42	415.34
16:04:38	15.869	15.54	15.601	16.963	15.825	15.982	415.42	415.34
16:05:38	15.869	15.541	15.609	17.019	15.826	15.982	415.42	415.34
16:06:38	15.867	15.54	15.617	17.003	15.82	15.98	415.42	415.34
16:07:38	15.869	15.541	15.632	16.988	15.825	15.982	415.42	415.34
16:08:39	15.87	15.54	15.614	17.109	15.82	15.981	415.42	415.34
16:09:38	15.869	15.539	15.621	17.125	15.82	15.98	415.42	415.34
16:10:39	15.87	15.539	15.611	17.099	15.821	15.981	415.42	415.34
16:11:38	0.0	15.54	15.548	16.84	15.825	15.983	415.42	415.34
16:12:38	15.869	15.541	15.507	16.674	15.825	15.982	415.42	415.34
16:13:38	15.87	15.543	15.483	16.573	15.826	15.984	415.42	415.34
16:14:38	15.871	15.544	15.468	16.485	15.825	15.982	415.42	415.34
16:15:38	15.87	15.546	15.483	16.566	15.828	15.983	415.42	415.34
16:16:38	15.869	15.545	15.486	16.585	15.827	15.984	415.42	415.34
16:17:38	15.87	15.544	15.489	16.497	15.82	15.982	415.42	415.34
16:18:38	15.87	15.546	15.484	16.432	15.824	15.982	415.42	415.34
16:19:39	15.871	15.544	15.454	16.382	15.824	15.982	415.42	415.34
16:20:38	0.0	15.542	15.437	16.357	15.818	15.978	415.42	415.34
16:21:39	15.87	15.539	15.428	16.418	15.817	15.977	415.42	415.34
16:22:38	15.87	15.537	15.466	16.415	15.822	15.981	415.42	415.34
16:23:40	15.87	15.539	15.463	16.41	15.822	15.98	415.42	415.34
16:24:38	15.87	15.536	15.455	16.479	15.82	15.98	415.42	415.34
16:25:38	15.87	15.535	15.484	16.556	15.817	15.979	415.42	415.34
16:26:38	15.871	15.538	15.512	16.724	15.825	15.982	415.42	415.34
16:27:38	15.871	15.538	15.524	16.799	15.821	15.981	415.42	415.34
16:28:38	15.87	15.539	15.535	16.858	15.82	15.98	415.42	415.34
16:29:38	15.87	15.54	15.548	16.928	15.824	15.983	415.42	415.34
16:30:38	15.871	15.543	15.557	16.882	15.824	15.981	415.42	415.34
16:31:38	15.87	15.541	15.559	16.896	15.823	15.982	415.42	415.34
16:32:38	15.872	15.544	15.574	16.969	15.829	15.983	415.42	415.34
16:33:38	15.87	15.543	15.566	16.951	15.824	15.982	415.42	415.34
16:34:39	15.87	15.543	15.566	16.944	15.82	15.98	415.42	415.34
16:35:38	15.871	15.54	15.523	16.811	15.819	15.98	415.42	415.34
16:36:38	15.871	15.54	15.482	16.625	15.823	15.982	415.42	415.34
16:37:38	15.871	15.54	15.453	16.506	15.821	15.979	415.42	415.34
16:38:38	15.871	15.538	15.434	16.412	15.819	15.977	415.42	415.34
16:39:38	15.872	15.537	15.424	16.382	15.82	15.981	415.42	415.34
16:40:38	15.871	15.54	15.449	16.425	15.829	15.982	415.42	415.34
16:41:38	15.872	15.541	15.471	16.394	15.83	15.983	415.42	415.34
16:42:38	15.872	15.544	15.435	16.336	15.824	15.983	415.42	415.34
16:43:38	15.872	15.544	15.412	16.311	15.825	15.984	415.42	415.34
16:44:38	15.87	15.544	15.42	16.347	15.82	15.982	415.42	415.34
16:45:38	15.871	15.542	15.46	16.354	15.823	15.984	415.42	415.34
16:46:38	15.872	15.544	15.461	16.346	15.829	15.984	415.42	415.34
16:47:38	15.872	15.546	15.459	16.359	15.828	15.984	415.42	415.34
16:48:38	15.873	15.548	15.457	16.355	15.832	15.985	415.42	415.34
16:49:38	15.873	15.55	15.459	16.342	15.83	15.985	415.42	415.34
16:50:38	15.873	15.549	15.455	16.344	15.828	15.984	415.42	415.34
16:51:38	15.872	15.548	15.441	16.31	15.823	15.984	415.42	415.34
16:52:38	15.873	15.545	15.443	16.286	15.82	15.981	415.42	415.34
16:53:38	15.872	15.543	15.437	16.276	15.825	15.983	415.42	415.34
16:54:38	15.873	15.544	15.433	16.312	15.828	15.982	415.42	415.34
16:55:38	15.872	15.545	15.454	16.489	15.828	15.983	415.42	415.34
16:56:38	15.873	15.547	15.475	16.619	15.828	15.985	415.42	415.34
16:57:38	15.873	15.548	15.483	16.791	15.828	15.982	415.42	415.34
16:58:38	15.874	15.546	15.498	16.92	15.825	15.983	415.42	415.34
16:59:38	15.874	15.547	15.507	17.051	15.825	15.983	415.42	415.34
17:00:38	15.874	15.546	15.52	17.156	15.826	15.983	415.42	415.34
17:01:38	15.874	15.547	15.541	17.141	15.829	15.984	415.42	415.34
17:02:38	15.874	15.546	15.548	16.999	15.826	15.983	415.42	415.34
17:03:38	15.873	15.545	15.561	16.879	15.826	15.983	415.42	415.34
17:04:38	15.871	15.544	15.541	16.841	15.825	15.982	415.42	415.34
17:05:38	15.872	15.544	15.548	16.803	15.824	15.982	415.42	415.34
17:06:38	15.873	15.543	15.539	16.834	15.823	15.982	415.42	415.34
17:07:38	15.874	15.543	15.553	16.906	15.827	15.983	415.42	415.34
17:08:38	15.873	15.542	15.572	17.065	15.824	15.979	415.42	415.34
17:09:38	15.872	15.54	15.577	16.974	15.823	15.977	415.42	415.34
17:10:38	15.873	15.54	15.554	16.886	15.822	15.981	415.42	415.34
17:11:38	15.873	15.541	15.572	16.944	15.826	15.983	415.42	415.34
17:12:39	15.874	15.545	15.563	16.843	15.833	15.986	415.42	415.34
17:13:38	15.874	15.549	15.545	16.802	15.831	15.984	415.42	415.34
17:14:38	15.872	15.547	15.524	16.812	15.822	15.981	415.42	415.34
17:15:38	15.872	15.544	15.537	16.835	15.822	15.981	415.42	415.34
17:16:38	15.873	15.544	15.558	16.842	15.824	15.984	415.42	415.34
17:17:40	15.872	15.543	15.561	16.863	15.827	15.985	415.42	415.34
17:18:38	15.873	15.546	15.565	16.808	15.831	15.987	415.42	415.34
17:19:38	15.874	15.548	15.546	16.797	15.828	15.984	415.42	415.34
17:20:38	15.874	15.55	15.559	16.735	15.828	15.984	415.42	415.34
17:21:38	15.875	15.55	15.548	16.623	15.828	15.986	415.42	415.34
17:22:38	15.873	15.55	15.535	16.634	15.832	15.985	415.42	415.34
17:23:38	15.876	15.552	15.545	16.786	15.833	15.986	415.42	415.34
17:24:38	15.875	15.553	15.544	16.71	15.833	15.985	415.42	415.34
17:25:39	15.875	15.553	15.545	16.621	15.833	15.986	415.42	415.34
17:26:38	15.876	15.555	15.534	16.682	15.838	15.988	415.42	415.34
17:27:39	15.875	15.556	15.526	16.856	15.833	15.986	415.42	415.34
17:28:38	0.0	15.556	15.555	16.953	15.833	15.989	415.42	415.34
17:29:38	15.876	15.556	15.562	17.138	15.832	15.988	415.42	415.34
17:30:38	15.875	15.556	15.557	17.124	15.829	15.986	415.42	415.34
17:31:38	15.875	15.552	15.518	16.892	15.823	15.982	415.42	415.34
17:32:38	15.875	15.549	15.488	16.704	15.821	15.981	415.42	415.34
17:33:38	15.874	15.547	15.475	16.574	15.823	15.983	415.42	415.34
17:34:38	15.875	15.549	15.475	16.518	15.829	15.988	415.42	415.34
17:35:38	15.874	15.549	15.484	16.609	15.829	15.985	415.42	415.34
17:36:38	15.876	15.55	15.501	16.599	15.83	15.985	415.42	415.34
17:37:38	15.875	15.552	15.52	16.542	15.832	15.986	415.42	415.34
17:38:38	15.874	15.551	15.513	16.481	15.826	15.984	415.42	415.34
17:39:38	15.874	15.548	15.475	16.423	15.825	15.984	415.42	415.34
17:40:38	15.874	15.546	15.444	16.383	15.822	15.984	415.42	415.34
17:41:38	15.874	15.546	15.449	16.518	15.828	15.985	415.42	415.34
17:42:38	15.875	15.547	15.467	16.586	15.828	15.984	415.42	415.34
17:43:38	15.875	15.549	15.476	16.56	15.831	15.984	415.42	415.34
17:44:38	15.876	15.551	15.487	16.509	15.833	15.986	415.42	415.34
17:45:39	15.875	15.55	15.495	16.704	15.832	15.984	415.42	415.34
17:46:38	0.0	15.55	15.537	16.906	15.829	15.985	415.42	415.34
17:47:38	15.875	15.551	15.548	16.917	15.83	15.984	415.42	415.34
17:48:38	15.875	15.547	15.565	16.915	15.823	15.981	415.42	415.34
17:49:38	15.875	15.546	15.569	16.883	15.826	15.982	415.42	415.34
17:50:40	15.875	15.546	15.579	16.874	15.826	15.983	415.42	415.34
17:51:38	15.876	15.548	15.591	16.898	15.832	15.985	415.42	415.34
17:52:40	15.874	15.548	15.613	17.013	15.827	15.984	415.42	415.34
17:53:38	15.874	15.547	15.607	16.999	15.823	15.983	415.42	415.34
17:54:38	15.874	15.545	15.593	16.942	15.817	15.978	415.42	415.34
17:55:38	15.873	15.542	15.612	16.841	15.819	15.975	415.42	415.34
17:56:38	15.871	15.539	15.593	16.91	15.817	15.973	415.42	415.34
17:57:40	15.871	15.537	15.585	16.95	15.819	15.974	415.42	415.34
17:58:38	15.872	15.54	15.596	16.939	15.826	15.981	415.42	415.34
17:59:38	15.873	15.543	15.585	17.014	15.828	15.98	415.42	415.34
18:00:38	15.875	15.545	15.578	17.069	15.827	15.982	415.42	415.34
18:01:38	15.873	15.544	15.597	17.098	15.824	15.981	415.42	415.34
18:02:38	15.874	15.545	15.598	17.09	15.825	15.981	415.42	415.34
18:03:38	15.873	15.545	15.595	17.072	15.826	15.982	415.42	415.34
18:04:38	15.874	15.547	15.601	17.046	15.829	15.985	415.42	415.34
18:05:38	15.875	15.547	15.591	16.87	15.83	15.985	415.42	415.34
18:06:38	15.875	15.548	15.587	16.863	15.829	15.984	415.42	415.34
18:07:38	15.875	15.549	15.571	16.989	15.827	15.985	415.42	415.34
18:08:38	15.875	15.549	15.592	17.089	15.825	15.984	415.42	415.34
18:09:38	15.874	15.549	15.602	17.102	15.823	15.982	415.42	415.34
18:10:38	15.875	15.547	15.617	17.078	15.825	15.983	415.42	415.34
18:11:38	15.875	15.547	15.609	17.099	15.826	15.983	415.42	415.34
18:12:38	15.875	15.548	15.619	17.087	15.826	15.982	415.42	415.34
18:13:38	15.876	15.55	15.628	17.05	15.829	15.984	415.42	415.34
18:14:38	15.875	15.549	15.625	17.083	15.826	15.985	415.42	415.34
18:15:38	15.875	15.551	15.638	17.146	15.829	15.984	415.42	415.34
18:16:38	15.875	15.551	15.648	17.164	15.825	15.984	415.42	415.34
18:17:38	15.875	15.549	15.638	17.127	15.824	15.983	415.42	415.34
18:18:38	15.876	15.55	15.575	16.906	15.827	15.984	415.42	415.34
18:19:38	15.876	15.548	15.541	16.731	15.823	15.983	415.42	415.34
18:20:38	15.874	15.547	15.521	16.618	15.822	15.982	415.42	415.34
18:21:38	15.875	15.546	15.506	16.543	15.822	15.98	415.42	415.34
18:22:38	15.874	15.545	15.511	16.548	15.82	15.98	415.42	415.34
18:23:38	15.874	15.544	15.52	16.56	15.819	15.978	415.42	415.34
18:24:38	15.874	15.543	15.532	16.535	15.82	15.978	415.42	415.34
18:25:38	15.875	15.544	15.546	16.512	15.824	15.982	415.42	415.34
18:26:38	15.875	15.545	15.513	16.479	15.825	15.982	415.42	415.34
18:27:38	15.874	15.546	15.494	16.44	15.824	15.981	415.42	415.34
18:28:38	15.875	15.547	15.504	16.46	15.823	15.98	415.42	415.34
18:29:38	15.875	15.547	15.499	16.51	15.823	15.983	415.42	415.34
18:30:38	15.875	15.548	15.521	16.531	15.827	15.983	415.42	415.34
18:31:38	15.876	15.549	15.553	16.617	15.825	15.983	415.42	415.34
18:32:38	15.875	15.547	15.554	16.729	15.82	15.981	415.42	415.34
18:33:38	15.876	15.546	15.589	16.908	15.821	15.982	415.42	415.34
18:34:38	15.874	15.544	15.59	17.008	15.82	15.981	415.42	415.34
18:35:40	15.873	15.543	15.614	17.094	15.817	15.98	415.42	415.34
18:36:38	15.874	15.543	15.618	17.226	15.823	15.983	415.42	415.34
18:37:38	15.874	15.543	15.575	16.975	15.82	15.979	415.42	415.34
18:38:38	15.875	15.543	15.54	16.762	15.824	15.981	415.42	415.34
18:39:38	15.875	15.543	15.513	16.614	15.823	15.979	415.42	415.34
18:40:38	15.876	15.545	15.501	16.543	15.829	15.983	415.42	415.34
18:41:38	15.876	15.544	15.492	16.498	15.821	15.978	415.42	415.34
18:42:38	15.875	15.545	15.502	16.549	15.822	15.979	415.42	415.34
18:43:38	15.875	15.546	15.513	16.545	15.824	15.983	415.42	415.34
18:44:38	15.874	15.548	15.523	16.49	15.828	15.982	415.42	415.34
18:45:38	15.875	15.548	15.521	16.46	15.823	15.981	415.42	415.34
18:46:38	15.875	15.548	15.497	16.411	15.823	15.982	415.42	415.34
18:47:38	15.876	15.548	15.478	16.389	15.826	15.985	415.42	415.34
18:48:38	15.876	15.549	15.496	16.448	15.823	15.983	415.42	415.34
18:49:38	15.875	15.547	15.522	16.482	15.823	15.98	415.42	415.34
18:50:38	15.876	15.548	15.538	16.477	15.824	15.985	415.42	415.34
18:51:38	15.876	15.548	15.54	16.453	15.83	15.984	415.42	415.34
18:52:38	15.876	15.549	15.535	16.595	15.829	15.983	415.42	415.34
18:53:38	15.877	15.549	15.533	16.706	15.828	15.984	415.42	415.34
18:54:38	15.876	15.549	15.547	16.751	15.826	15.983	415.42	415.34
18:55:38	15.874	15.547	15.564	16.809	15.82	15.977	415.42	415.34
18:56:38	15.875	15.544	15.555	16.757	15.818	15.978	415.42	415.34
18:57:38	15.874	15.542	15.553	16.799	15.817	15.979	415.42	415.34
18:58:38	15.876	15.543	15.573	16.738	15.822	15.981	415.42	415.34
18:59:38	15.875	15.544	15.582	16.791	15.822	15.98	415.42	415.34
19:00:38	15.876	15.544	15.593	16.852	15.827	15.982	415.42	415.34
19:01:38	15.877	15.549	15.593	16.9	15.829	15.985	415.42	415.34
19:02:38	15.877	15.551	15.617	16.945	15.826	15.983	415.42	415.34
19:03:38	15.876	15.549	15.621	16.963	15.824	15.981	415.42	415.34
19:04:38	15.876	15.549	15.627	16.919	15.825	15.983	415.42	415.34
19:05:38	15.877	15.551	15.611	16.848	15.827	15.985	415.42	415.34
19:06:38	15.876	15.549	15.585	16.874	15.823	15.982	415.42	415.34
19:07:38	15.878	15.55	15.594	16.872	15.824	15.983	415.42	415.34
19:08:38	15.878	15.549	15.599	16.886	15.825	15.984	415.42	415.34
19:09:38	15.876	15.549	15.596	16.953	15.823	15.983	415.42	415.34
19:10:39	15.878	15.548	15.605	17.076	15.823	15.983	415.42	415.34
19:11:38	15.878	15.548	15.622	17.135	15.825	15.983	415.42	415.34
19:12:40	15.879	15.55	15.629	17.107	15.826	15.983	415.42	415.34
19:13:38	15.877	15.551	15.631	17.063	15.826	15.984	415.42	415.34
19:14:38	15.878	15.551	15.635	17.168	15.829	15.984	415.42	415.34
19:15:38	15.878	15.553	15.629	17.22	15.83	15.985	415.42	415.34
19:16:38	15.878	15.552	15.648	17.167	15.825	15.984	415.42	415.34
19:17:38	15.875	15.548	15.662	17.153	15.82	15.978	415.42	415.34
19:18:38	15.876	15.547	15.624	17.041	15.82	15.98	415.42	415.34
19:19:38	15.875	15.547	15.572	16.826	15.821	15.982	415.42	415.34
19:20:38	15.875	15.548	15.544	16.681	15.823	15.982	415.42	415.34
19:21:38	15.876	15.547	15.523	16.591	15.822	15.982	415.42	415.34
19:22:38	15.876	15.547	15.519	16.565	15.82	15.979	415.42	415.34
19:23:38	15.877	15.546	15.531	16.657	15.824	15.981	415.42	415.34
19:24:38	15.877	15.547	15.573	16.62	15.826	15.983	415.42	415.34
19:25:38	15.877	15.549	15.568	16.58	15.829	15.984	415.42	415.34
19:26:38	15.878	15.551	15.544	16.542	15.828	15.983	415.42	415.34
19:27:38	15.877	15.551	15.528	16.539	15.828	15.983	415.42	415.34
19:28:38	15.878	15.551	15.515	16.511	15.824	15.982	415.42	415.34
19:29:38	15.877	15.549	15.512	16.463	15.823	15.982	415.42	415.34
19:30:38	15.877	15.548	15.495	16.413	15.823	15.983	415.42	415.34
19:31:38	15.877	15.549	15.483	16.399	15.828	15.983	415.42	415.34
19:32:38	15.877	15.548	15.492	16.504	15.824	15.98	415.42	415.34
19:33:38	15.875	15.546	15.486	16.494	15.824	15.981	415.42	415.34
19:34:39	15.878	15.548	15.517	16.494	15.829	15.984	415.42	415.34
19:35:38	0.0	15.55	15.53	16.491	15.832	15.985	415.42	415.34
19:36:39	15.878	15.552	15.543	16.567	15.827	15.982	415.42	415.34
19:37:38	15.879	15.55	15.548	16.591	15.824	15.98	415.42	415.34
19:38:38	15.877	15.55	15.568	16.743	15.824	15.981	415.42	415.34
19:39:39	15.879	15.549	15.572	16.922	15.828	15.982	415.42	415.34
19:40:38	0.0	15.549	15.596	17.057	15.827	15.982	415.42	415.34
19:41:38	15.877	15.552	15.611	17.157	15.826	15.982	415.42	415.34
19:42:38	15.877	15.551	15.615	17.117	15.824	15.982	415.42	415.34
19:43:39	15.878	15.55	15.635	17.061	15.825	15.982	415.42	415.34
19:44:38	15.879	15.551	15.64	17.037	15.826	15.985	415.42	415.34
19:45:38	15.879	15.551	15.632	17.08	15.825	15.983	415.42	415.34
19:46:38	15.879	15.55	15.619	17.035	15.824	15.983	415.42	415.34
19:47:38	15.878	15.551	15.633	17.032	15.825	15.982	415.42	415.34
19:48:41	15.878	15.549	15.633	17.143	15.823	15.981	415.42	415.34
19:49:38	15.879	15.549	15.66	17.172	15.825	15.983	415.42	415.34
19:50:41	15.879	15.55	15.65	17.097	15.827	15.984	415.42	415.34
19:51:38	15.878	15.549	15.592	16.891	15.826	15.981	415.42	415.34
19:52:42	15.878	15.549	15.551	16.686	15.825	15.982	415.42	415.34
19:53:38	0.0	15.548	15.529	16.59	15.825	15.98	415.42	415.34
19:54:38	15.877	15.548	15.517	16.532	15.826	15.98	415.42	415.34
19:55:38	15.877	15.547	15.522	16.598	15.823	15.979	415.42	415.34
19:56:38	15.877	15.547	15.522	16.6	15.826	15.979	415.42	415.34
19:57:38	15.877	15.548	15.514	16.53	15.828	15.98	415.42	415.34
19:58:38	15.877	15.548	15.504	16.477	15.825	15.981	415.42	415.34
19:59:38	15.877	15.549	15.509	16.541	15.827	15.981	415.42	415.34
20:00:38	15.878	15.55	15.536	16.556	15.826	15.981	415.42	415.34
20:01:38	15.879	15.55	15.535	16.564	15.827	15.981	415.42	415.34
20:02:38	15.879	15.551	15.514	16.663	15.828	15.983	415.42	415.34
20:03:38	15.879	15.552	15.531	16.758	15.832	15.985	415.42	415.34
20:04:38	15.88	15.554	15.558	16.814	15.836	15.987	415.42	415.34
20:05:38	15.88	15.556	15.558	16.909	15.834	15.986	415.42	415.34
20:06:38	15.88	15.556	15.548	16.988	15.834	15.988	415.42	415.34
20:07:38	15.881	15.556	15.584	16.985	15.829	15.987	415.42	415.34
20:08:38	15.88	15.555	15.595	16.952	15.826	15.985	415.42	415.34
20:09:38	15.88	15.554	15.596	16.895	15.828	15.986	415.42	415.34
20:10:38	15.88	15.553	15.602	16.875	15.827	15.987	415.42	415.34
20:11:38	15.88	15.554	15.604	16.876	15.828	15.986	415.42	415.34
20:12:38	15.881	15.555	15.592	16.893	15.829	15.987	415.42	415.34
20:13:38	15.881	15.556	15.619	17.03	15.832	15.987	415.42	415.34
20:14:38	15.88	15.557	15.618	17.004	15.832	15.987	415.42	415.34
20:15:38	15.882	15.558	15.637	17.031	15.831	15.988	415.42	415.34
20:16:38	15.881	15.559	15.642	16.877	15.83	15.988	415.42	415.34
20:17:38	15.881	15.558	15.636	16.859	15.832	15.988	415.42	415.34
20:18:38	15.882	15.558	15.609	16.796	15.83	15.989	415.42	415.34
20:19:38	15.882	15.56	15.624	16.773	15.829	15.99	415.42	415.34
20:20:38	15.883	15.56	15.602	16.845	15.833	15.99	415.42	415.34
20:21:38	15.881	15.559	15.581	16.825	15.831	15.988	415.42	415.34
20:22:38	15.882	15.559	15.541	16.663	15.831	15.989	415.42	415.34
20:23:38	15.882	15.559	15.52	16.51	15.831	15.989	415.42	415.34
20:24:38	15.882	15.559	15.507	16.425	15.831	15.989	415.42	415.34
20:25:38	15.882	15.559	15.494	16.383	15.829	15.988	415.42	415.34
20:26:38	15.883	15.558	15.499	16.446	15.829	15.988	415.42	415.34
20:27:39	15.883	15.558	15.501	16.39	15.829	15.987	415.42	415.34
20:28:38	0.0	15.556	15.512	16.366	15.829	15.987	415.42	415.34
20:29:38	15.883	15.556	15.496	16.332	15.83	15.989	415.42	415.34
20:30:38	15.883	15.558	15.483	16.302	15.831	15.988	415.42	415.34
20:31:38	15.882	15.556	15.48	16.346	15.832	15.987	415.42	415.34
20:32:38	15.883	15.557	15.483	16.324	15.83	15.986	415.42	415.34
20:33:38	15.883	15.557	15.494	16.284	15.83	15.984	415.42	415.34
20:34:41	15.882	15.555	15.489	16.268	15.831	15.985	415.42	415.34
20:35:38	15.883	15.555	15.49	16.257	15.833	15.986	415.42	415.34
20:36:39	15.882	15.556	15.493	16.247	15.833	15.987	415.42	415.34
20:37:38	15.883	15.557	15.506	16.439	15.835	15.987	415.42	415.34
20:38:38	15.883	15.559	15.517	16.704	15.836	15.989	415.42	415.34
20:39:39	15.885	15.559	15.537	16.811	15.833	15.988	415.42	415.34
20:40:38	15.885	15.559	15.552	16.897	15.834	15.986	415.42	415.34
20:41:38	15.883	15.558	15.579	17.126	15.836	15.987	415.42	415.34
20:42:38	15.884	15.558	15.589	17.12	15.833	15.985	415.42	415.34
20:43:38	15.884	15.557	15.606	17.148	15.833	15.987	415.42	415.34
20:44:38	15.882	15.557	15.6	17.03	15.833	15.987	415.42	415.34
20:45:38	15.883	15.557	15.598	17.028	15.829	15.986	415.42	415.34
20:46:40	15.881	15.556	15.596	17.166	15.832	15.986	415.42	415.34
20:47:38	15.883	15.558	15.576	16.996	15.836	15.987	415.42	415.34
20:48:41	15.883	15.557	15.533	16.734	15.833	15.986	415.42	415.34
20:49:38	15.882	15.558	15.508	16.56	15.831	15.983	415.42	415.34
20:50:38	15.883	15.556	15.495	16.456	15.832	15.984	415.42	415.34
20:51:38	15.883	15.557	15.488	16.446	15.834	15.986	415.42	415.34
20:52:38	15.884	15.559	15.513	16.452	15.836	15.988	415.42	415.34
20:53:38	15.884	15.561	15.518	16.422	15.833	15.988	415.42	415.34
20:54:38	15.884	15.56	15.496	16.378	15.833	15.989	415.42	415.34
20:55:40	15.884	15.56	15.491	16.341	15.83	15.987	415.42	415.34
20:56:38	15.886	15.56	15.487	16.315	15.832	15.989	415.42	415.34
20:57:38	15.884	15.559	15.47	16.293	15.833	15.989	415.42	415.34
20:58:38	15.885	15.559	15.456	16.271	15.83	15.988	415.42	415.34
20:59:38	15.884	15.559	15.448	16.237	15.832	15.989	415.42	415.34
21:00:38	15.884	15.56	15.448	16.236	15.833	15.989	415.42	415.34
21:01:38	15.884	15.56	15.438	16.242	15.833	15.989	415.42	415.34
21:02:38	15.884	15.56	15.459	16.243	15.832	15.988	415.42	415.34
21:03:38	15.884	15.559	15.46	16.24	15.83	15.986	415.42	415.34
21:04:38	15.884	15.558	15.473	16.478	15.83	15.986	415.42	415.34
21:05:38	15.884	15.559	15.49	16.71	15.83	15.985	415.42	415.34
21:06:38	15.884	15.557	15.489	16.733	15.829	15.984	415.42	415.34
21:07:38	15.884	15.557	15.516	16.662	15.829	15.985	415.42	415.34
21:08:38	15.884	15.556	15.501	16.58	15.827	15.984	415.42	415.34
21:09:38	15.884	15.556	15.496	16.61	15.83	15.986	415.42	415.34
21:10:40	15.883	15.554	15.501	16.618	15.829	15.985	415.42	415.34
21:11:38	15.885	15.557	15.505	16.672	15.833	15.987	415.42	415.34
21:12:38	15.884	15.558	15.51	16.663	15.833	15.988	415.42	415.34
21:13:38	15.885	15.558	15.504	16.651	15.831	15.987	415.42	415.34
21:14:38	15.884	15.558	15.488	16.634	15.83	15.988	415.42	415.34
21:15:38	15.885	15.56	15.502	16.713	15.831	15.987	415.42	415.34
21:16:38	15.885	15.56	15.501	16.793	15.83	15.989	415.42	415.34
21:17:38	15.885	15.56	15.525	16.749	15.831	15.99	415.42	415.34
21:18:38	15.884	15.559	15.539	16.754	15.829	15.988	415.42	415.34
21:19:38	15.885	15.56	15.516	16.774	15.83	15.988	415.42	415.34
21:20:38	15.886	15.561	15.504	16.854	15.833	15.991	415.42	415.34
21:21:38	15.886	15.56	15.493	16.823	15.83	15.988	415.42	415.34
21:22:38	15.885	15.56	15.505	16.76	15.831	15.99	415.42	415.34
21:23:39	15.885	15.56	15.517	16.78	15.829	15.989	415.42	415.34
21:24:38	15.886	15.559	15.51	16.843	15.831	15.988	415.42	415.34
21:25:38	15.886	15.56	15.517	16.889	15.83	15.988	415.42	415.34
21:26:38	15.885	15.559	15.537	16.895	15.831	15.99	415.42	415.34
21:27:38	15.885	15.56	15.538	16.84	15.833	15.988	415.42	415.34
21:28:38	15.886	15.56	15.528	16.941	15.833	15.989	415.42	415.34
21:29:38	15.885	15.56	15.521	17.099	15.83	15.99	415.42	415.34
21:30:38	15.886	15.559	15.548	16.995	15.829	15.988	415.42	415.34
21:31:40	15.885	15.559	15.573	17.046	15.831	15.991	415.42	415.34
21:32:38	15.885	15.559	15.577	17.079	15.828	15.988	415.42	415.34
21:33:38	15.885	15.559	15.581	16.972	15.828	15.988	415.42	415.34
21:34:38	15.885	15.557	15.579	16.898	15.828	15.989	415.42	415.34
21:35:38	15.884	15.557	15.581	16.933	15.828	15.988	415.42	415.34
21:36:41	15.885	15.557	15.596	16.989	15.829	15.988	415.42	415.34
21:37:38	15.885	15.558	15.596	17.01	15.83	15.99	415.42	415.34
21:38:38	15.885	15.557	15.594	17.043	15.831	15.99	415.42	415.34
21:39:38	15.885	15.559	15.599	17.017	15.831	15.99	415.42	415.34
21:40:38	15.885	15.559	15.613	16.919	15.83	15.99	415.42	415.34
21:41:38	15.886	15.559	15.602	16.799	15.829	15.988	415.42	415.34
21:42:38	15.885	15.558	15.578	16.769	15.828	15.988	415.42	415.34
21:43:38	15.886	15.56	15.565	16.886	15.83	15.989	415.42	415.34
21:44:38	15.884	15.558	15.577	16.967	15.83	15.991	415.42	415.34
21:45:38	15.886	15.559	15.573	16.982	15.829	15.99	415.42	415.34
21:46:38	15.886	15.559	15.578	17.078	15.828	15.988	415.42	415.34
21:47:38	15.886	15.557	15.588	16.961	15.828	15.989	415.42	415.34
21:48:38	15.886	15.559	15.595	16.839	15.833	15.991	415.42	415.34
21:49:38	15.885	15.559	15.575	16.878	15.833	15.991	415.42	415.34
21:50:38	15.886	15.561	15.594	16.844	15.833	15.991	415.42	415.34
21:51:38	15.886	15.562	15.578	16.798	15.832	15.992	415.42	415.34
21:52:38	15.887	15.56	15.569	16.814	15.83	15.991	415.42	415.34
21:53:39	15.886	15.561	15.581	16.872	15.833	15.994	415.42	415.34
21:54:39	15.886	15.562	15.58	16.865	15.838	15.994	415.42	415.34
21:55:38	15.886	15.563	15.582	16.774	15.835	15.992	415.42	415.34
21:56:38	15.886	15.562	15.594	16.721	15.833	15.993	415.42	415.34
21:57:38	15.887	15.562	15.593	16.662	15.831	15.994	415.42	415.34
21:58:38	15.886	15.562	15.562	16.656	15.83	15.993	415.42	415.34
21:59:38	15.885	15.561	15.574	16.65	15.831	15.991	415.42	415.34
22:00:38	15.886	15.561	15.596	16.858	15.83	15.99	415.42	415.34
22:01:38	15.886	15.56	15.619	17.034	15.829	15.99	415.42	415.34
22:02:38	15.886	15.559	15.631	16.895	15.829	15.99	415.42	415.34
22:03:38	15.885	15.559	15.625	16.846	15.83	15.991	415.42	415.34
22:04:38	15.886	15.559	15.638	16.798	15.831	15.991	0.0	415.34
22:05:38	15.886	15.558	15.632	16.762	15.834	15.991	415.42	415.34
22:06:38	15.886	15.559	15.622	16.749	15.833	15.991	415.42	415.34
22:07:39	15.885	15.557	15.619	16.82	15.833	15.989	415.42	415.34
22:08:38	15.886	15.557	15.638	16.809	15.832	15.99	415.42	415.34
22:09:38	15.886	15.557	15.634	16.968	15.829	15.989	415.42	415.34
22:10:38	15.886	15.555	15.647	17.102	15.828	15.986	415.42	415.34
22:11:38	15.884	15.552	15.656	17.029	15.829	15.989	415.42	415.34
22:12:41	15.885	15.555	15.65	17.077	15.833	15.988	415.42	415.34
22:13:38	15.885	15.554	15.651	16.994	15.834	15.989	415.42	415.34
22:14:41	15.885	15.555	15.657	17.054	15.835	15.99	415.42	415.34
22:15:38	0.0	15.555	15.644	17.063	15.833	15.987	415.42	415.34
22:16:38	15.886	15.556	15.652	17.139	15.832	15.989	415.42	415.34
22:17:38	15.886	15.557	15.622	17.166	15.835	15.991	415.42	415.34
22:18:38	15.887	15.558	15.654	17.039	15.834	15.991	415.42	415.34
22:19:38	15.886	15.558	15.615	16.935	15.834	15.99	415.42	415.34
22:20:38	15.886	15.559	15.591	16.787	15.834	15.992	415.42	415.34
22:21:38	15.886	15.557	15.582	16.696	15.831	15.989	415.42	415.34
22:22:38	15.886	15.557	15.574	16.693	15.831	15.99	415.42	415.34
22:23:38	15.885	15.556	15.578	16.69	15.832	15.991	415.42	415.34
22:24:38	15.886	15.559	15.577	16.682	15.833	15.992	415.42	415.34
22:25:38	15.886	15.559	15.614	16.653	15.833	15.992	415.42	415.34
22:26:38	15.886	15.557	15.603	16.623	15.831	15.99	415.42	415.34
22:27:38	15.887	15.558	15.618	16.615	15.833	15.991	415.42	415.34
22:28:38	15.887	15.558	15.601	16.623	15.83	15.991	415.42	415.34
22:29:38	15.887	15.558	15.592	16.63	15.83	15.992	415.42	415.34
22:30:38	15.887	15.56	15.571	16.617	15.832	15.993	415.42	415.34
22:31:38	15.886	15.56	15.576	16.61	15.832	15.991	415.42	415.34
22:32:38	15.887	15.56	15.569	16.585	15.829	15.989	415.42	415.34
22:33:38	15.886	15.559	15.566	16.572	15.83	15.991	415.42	415.34
22:34:38	15.886	15.558	15.583	16.62	15.832	15.991	415.42	415.34
22:35:38	15.886	15.559	15.572	16.636	15.832	15.991	415.42	415.34
22:36:38	15.887	15.559	15.565	16.616	15.83	15.991	415.42	415.34
22:37:38	15.887	15.559	15.564	16.583	15.83	15.991	415.42	415.34
22:38:38	15.887	15.559	15.567	16.55	15.832	15.991	415.42	415.34
22:39:38	15.888	15.56	15.565	16.542	15.831	15.991	415.42	415.34
22:40:38	15.888	15.562	15.561	16.549	15.833	15.993	415.42	415.34
22:41:38	15.888	15.564	15.567	16.59	15.837	15.993	415.42	415.34
22:42:39	15.888	15.564	15.568	16.614	15.839	15.995	415.42	415.34
22:43:38	15.887	15.564	15.562	16.653	15.836	15.994	415.42	415.34
22:44:38	15.888	15.565	15.566	16.643	15.836	15.994	415.42	415.34
22:45:38	15.889	15.565	15.585	16.614	15.835	15.994	415.42	415.34
22:46:40	15.889	15.565	15.594	16.597	15.833	15.994	415.42	415.34
22:47:38	15.888	15.564	15.576	16.604	15.835	15.994	415.42	415.34
22:48:38	15.89	15.565	15.571	16.613	15.838	15.993	415.42	415.34
22:49:38	15.889	15.567	15.569	16.638	15.837	15.994	415.42	415.34
22:50:38	15.889	15.566	15.584	16.657	15.836	15.993	415.42	415.34
22:51:38	15.89	15.566	15.592	16.682	15.836	15.993	415.42	415.34
22:52:38	15.891	15.567	15.586	16.663	15.836	15.993	415.42	415.34
22:53:38	15.889	15.566	15.58	16.607	15.838	15.992	415.42	415.34
22:54:38	15.891	15.566	15.574	16.571	15.839	15.993	415.42	415.34
22:55:38	15.891	15.566	15.573	16.559	15.841	15.995	415.42	415.34
22:56:38	15.89	15.567	15.577	16.542	15.841	15.993	415.42	415.34
22:57:38	15.891	15.566	15.631	16.556	15.84	15.994	415.42	415.34
22:58:38	15.891	15.566	15.619	16.622	15.843	15.994	415.42	415.34
22:59:38	15.891	15.567	15.601	16.653	15.84	15.995	415.42	415.34
23:00:38	15.893	15.569	15.619	16.637	15.841	15.996	415.42	415.34
23:01:38	15.893	15.568	15.596	16.637	15.845	15.996	415.42	415.34
23:02:38	15.892	15.569	15.6	16.622	15.845	15.997	415.42	415.34
23:03:38	15.892	15.57	15.605	16.604	15.847	15.997	415.42	415.34
23:04:38	15.893	15.57	15.592	16.614	15.843	15.995	415.42	415.34
23:05:38	15.893	15.57	15.587	16.59	15.843	15.994	415.42	415.34
23:06:38	15.892	15.569	15.579	16.562	15.842	15.996	415.42	415.34
23:07:38	15.893	15.571	15.582	16.652	15.843	15.997	415.42	415.34
23:08:39	15.894	15.572	15.585	16.7	15.845	15.996	415.42	415.34
23:09:38	15.893	15.573	15.594	16.702	15.848	15.997	415.42	415.34
23:10:38	15.893	15.574	15.604	16.675	15.848	15.996	415.42	415.34
23:11:38	15.894	15.573	15.605	0.0	15.848	15.997	415.42	415.34
23:12:38	15.895	15.574	15.631	16.629	15.849	15.997	415.42	415.34
23:13:38	15.894	15.574	15.684	16.609	15.846	15.997	415.42	415.34
23:14:38	15.894	15.573	15.73	16.61	15.845	15.997	415.42	415.34
23:15:38	15.894	15.574	15.754	16.589	15.846	15.997	415.42	415.34
23:16:38	15.894	15.574	15.757	16.583	15.844	15.995	415.42	415.34
23:17:40	15.894	15.574	15.696	16.565	15.847	15.996	415.42	415.34
23:18:38	15.895	15.574	15.686	16.627	15.847	15.996	415.42	415.34
23:19:38	15.895	15.572	15.691	16.676	15.846	15.995	415.42	415.34
23:20:38	15.896	15.573	15.671	16.699	15.847	15.996	415.42	415.34
23:21:38	15.896	15.574	15.685	16.694	15.846	15.996	415.42	415.34
23:22:38	15.896	15.573	15.682	16.701	15.848	15.997	415.42	415.34
23:23:38	15.895	15.574	15.665	16.77	15.845	15.996	415.42	415.34
23:24:38	15.896	15.574	15.685	16.76	15.845	15.996	415.42	415.34
23:25:38	15.896	15.574	15.672	16.837	15.844	15.995	415.42	415.34
23:26:38	15.896	15.574	15.665	16.853	15.844	15.997	415.42	415.34
23:27:38	15.896	15.577	15.68	16.845	15.845	15.998	415.42	415.34
23:28:38	15.896	15.578	15.669	16.884	15.845	15.998	415.42	415.34
23:29:38	15.895	15.578	15.682	16.799	15.846	15.998	415.42	415.34
23:30:38	15.896	15.577	15.672	16.826	15.841	15.998	415.42	415.34
23:31:38	15.897	15.578	15.639	16.888	15.842	15.997	415.42	415.34
23:32:38	15.898	15.576	15.637	16.799	15.842	15.998	415.42	415.34
23:33:39	15.897	15.576	15.651	16.72	15.843	15.998	415.42	415.34
23:34:38	15.897	15.577	15.654	16.647	15.844	15.997	415.42	415.34
23:35:38	15.897	15.577	15.673	16.569	15.846	15.997	415.42	415.34
23:36:38	15.898	15.579	15.671	16.547	15.846	15.996	415.42	415.34
23:37:38	15.899	15.579	15.658	16.638	15.849	15.998	415.42	415.34
23:38:38	15.899	15.579	15.645	16.845	15.847	15.997	415.42	415.34
23:39:38	15.898	15.578	15.665	16.91	15.842	15.995	415.42	415.34
23:40:38	15.898	15.577	15.673	16.971	15.842	15.995	415.42	415.34
23:41:38	15.899	15.577	15.685	16.979	15.843	15.997	415.42	415.34
23:42:38	15.9	15.579	15.662	17.0	15.847	15.999	415.42	415.34
23:43:38	15.899	15.579	15.641	17.002	15.849	15.999	415.42	415.34
23:44:38	15.9	15.581	15.653	16.947	15.846	15.999	415.42	415.34
23:45:38	15.899	15.582	15.665	17.049	15.847	15.999	415.42	415.34
23:46:38	15.9	15.583	15.672	17.004	15.848	15.999	415.42	415.34
23:47:38	15.899	15.584	15.631	16.813	15.851	16.002	415.42	415.34
23:48:38	15.901	15.585	15.607	16.65	15.852	16.001	415.42	415.34
23:49:38	15.9	15.585	15.59	16.554	15.85	16.0	415.42	415.34
23:50:38	15.9	15.586	15.58	16.486	15.85	15.999	415.42	415.34
23:51:38	15.901	15.586	15.573	16.487	15.85	16.0	415.42	415.34
23:52:38	15.902	15.585	15.575	16.47	15.848	16.001	415.42	415.34
23:53:38	15.901	15.586	15.564	16.452	15.847	16.0	415.42	415.34
23:54:38	15.903	15.586	15.557	16.427	15.845	15.997	415.42	415.34
23:55:39	15.902	15.586	15.548	16.419	15.844	15.997	415.42	415.34
23:56:38	15.902	15.585	15.555	16.395	15.846	15.998	415.42	415.34
23:57:38	15.902	15.586	15.547	16.397	15.847	15.998	415.42	415.34
23:58:40	15.903	15.585	15.541	16.365	15.846	15.999	415.42	415.34
23:59:38	15.903	15.586	15.534	16.341	15.847	16.0	415.42	415.34
