00:00:19	16.232	15.94	16.136	16.823	16.445	16.564	415.42	415.34
00:01:19	16.232	15.94	16.137	16.826	16.447	16.565	415.42	415.34
00:02:19	16.233	15.942	16.138	16.814	16.448	16.565	415.42	415.34
00:03:19	16.232	15.941	16.135	16.816	16.447	16.566	415.42	415.34
00:04:20	16.234	15.941	16.133	16.81	16.446	16.565	415.42	415.34
00:05:19	16.234	15.941	16.129	16.828	16.444	16.562	415.42	415.34
00:06:19	16.234	15.941	16.132	16.907	16.445	16.561	415.42	415.34
00:07:19	16.233	15.941	16.135	17.035	16.445	16.561	415.42	415.34
00:08:19	16.235	15.941	16.141	17.077	16.445	16.564	415.42	415.34
00:09:20	16.235	15.941	16.144	17.134	16.445	16.563	415.42	415.34
00:10:19	16.235	15.941	16.149	17.093	16.445	16.563	415.42	415.34
00:11:20	16.235	15.941	16.151	16.987	16.442	16.561	415.42	415.34
00:12:19	16.235	15.94	16.149	17.065	16.442	16.562	415.42	415.34
00:13:20	16.235	15.94	16.148	17.167	16.443	16.564	415.42	415.34
00:14:19	16.236	15.941	16.153	17.112	16.442	16.561	415.42	415.34
00:15:20	16.235	15.94	16.154	17.237	16.444	16.561	415.42	415.34
00:16:19	0.0	15.941	16.157	17.304	16.444	16.563	415.42	415.34
00:17:19	16.236	15.941	16.163	17.355	16.445	16.56	415.42	415.34
00:18:20	16.238	15.94	16.171	17.24	16.445	16.562	415.42	415.34
00:19:19	16.236	15.941	16.172	17.115	16.447	16.563	415.42	415.34
00:20:19	16.237	15.942	16.171	17.031	16.445	16.562	415.42	415.34
00:21:19	16.237	15.944	16.169	16.974	16.446	16.563	415.42	415.34
00:22:22	16.238	15.943	16.166	17.009	16.447	16.565	415.42	415.34
00:23:19	16.237	15.944	16.161	17.056	16.446	16.567	415.42	415.34
00:24:19	16.238	15.945	16.162	17.152	16.447	16.568	415.42	415.34
00:25:22	16.239	15.946	16.166	17.382	16.45	16.568	415.42	415.34
00:26:19	16.238	15.945	16.171	17.41	16.449	16.568	415.42	415.34
00:27:19	16.24	15.946	16.181	17.2	16.447	16.566	415.42	415.34
00:28:19	16.24	15.945	16.18	17.058	16.448	16.566	415.42	415.34
00:29:19	16.239	15.946	16.174	16.963	16.448	16.565	415.42	415.34
00:30:20	16.24	15.946	16.17	16.993	16.447	16.567	415.42	415.34
00:31:19	16.241	15.946	16.166	17.264	16.447	16.568	415.42	415.34
00:32:19	16.24	15.947	16.173	17.364	16.448	16.567	415.42	415.34
00:33:19	16.24	15.946	16.178	17.653	16.446	16.568	415.42	415.34
00:34:19	16.241	15.945	16.182	17.756	16.446	16.567	415.42	415.34
00:35:19	16.241	15.946	16.183	17.504	16.446	16.567	415.42	415.34
00:36:19	16.241	15.946	16.177	17.274	16.446	16.567	415.42	415.34
00:37:19	16.241	15.945	16.168	17.125	16.445	16.567	415.42	415.34
00:38:19	16.242	15.945	16.161	17.039	16.445	16.567	415.42	415.34
00:39:19	16.241	15.945	16.158	16.972	16.447	16.564	415.42	415.34
00:40:19	0.0	15.945	16.151	16.907	16.447	16.567	415.42	415.34
00:41:19	16.242	15.948	16.141	16.876	16.447	16.567	415.42	415.34
00:42:19	16.243	15.948	16.131	16.841	16.449	16.568	415.42	415.34
00:43:19	16.243	15.948	16.131	16.807	16.449	16.568	415.42	415.34
00:44:19	16.243	15.949	16.136	16.944	16.449	16.568	415.42	415.34
00:45:19	16.243	15.949	16.153	17.309	16.449	16.566	415.42	415.34
00:46:19	16.243	15.949	16.173	17.301	16.449	16.568	415.42	415.34
00:47:19	16.243	15.95	16.18	17.21	16.45	16.569	415.42	415.34
00:48:22	16.244	15.95	16.171	17.107	16.449	16.569	415.42	415.34
00:49:19	16.244	15.95	16.164	17.077	16.449	16.569	415.42	415.34
00:50:19	16.244	15.95	16.162	17.015	16.45	16.568	415.42	415.34
00:51:19	16.244	15.95	16.151	16.998	16.45	16.568	415.42	415.34
00:52:19	16.244	15.951	16.153	16.95	16.448	16.569	415.42	415.34
00:53:19	16.245	15.952	16.147	16.966	16.45	16.572	415.42	415.34
00:54:19	16.244	15.952	16.144	16.985	16.45	16.571	415.42	415.34
00:55:19	16.245	15.952	16.14	17.069	16.45	16.57	415.42	415.34
00:56:19	16.246	15.951	16.133	17.223	16.449	16.569	415.42	415.34
00:57:19	16.247	15.951	16.137	17.311	16.449	16.57	415.42	415.34
00:58:19	16.246	15.953	16.137	17.237	16.45	16.572	415.42	415.34
00:59:19	16.246	15.953	16.141	17.204	16.45	16.573	415.42	415.34
01:00:19	16.246	15.954	16.146	17.15	16.451	16.574	415.42	415.34
01:01:19	16.247	15.955	16.15	17.208	16.45	16.575	415.42	415.34
01:02:19	16.248	15.955	16.156	17.238	16.452	16.575	415.42	415.34
01:03:19	16.248	15.956	16.159	17.251	16.453	16.576	415.42	415.34
01:04:19	16.248	15.957	16.158	17.336	16.453	16.576	415.42	415.34
01:05:19	16.248	15.958	16.165	17.248	16.453	16.575	415.42	415.34
01:06:19	16.25	15.959	16.164	17.166	16.452	16.577	415.42	415.34
01:07:19	16.249	15.958	16.165	17.12	16.451	16.578	415.42	415.34
01:08:19	16.25	15.96	16.163	17.193	16.451	16.575	415.42	415.34
01:09:19	16.249	15.96	16.166	17.477	16.452	16.573	415.42	415.34
01:10:19	16.25	15.961	16.174	17.92	16.452	16.575	415.42	415.34
01:11:19	16.25	15.961	16.192	18.059	16.452	16.576	415.42	415.34
01:12:19	16.251	15.962	16.204	17.737	16.453	16.576	415.42	415.34
01:13:19	16.251	15.961	16.2	17.442	16.454	16.574	415.42	415.34
01:14:19	16.252	15.961	16.186	17.269	16.453	16.574	415.42	415.34
01:15:19	16.252	15.962	16.175	17.159	16.453	16.575	415.42	415.34
01:16:20	16.251	15.963	16.168	17.136	16.452	16.575	415.42	415.34
01:17:19	16.253	15.963	16.163	17.247	16.456	16.575	415.42	415.34
01:18:19	16.252	15.964	16.161	17.253	16.455	16.576	415.42	415.34
01:19:19	16.253	15.964	16.158	17.174	16.455	16.575	415.42	415.34
01:20:19	16.253	15.964	16.153	17.827	16.456	16.574	415.42	415.34
01:21:20	16.254	15.964	16.157	18.651	16.456	16.575	415.42	415.34
01:22:19	16.254	15.966	16.173	19.148	16.454	16.576	415.42	415.34
01:23:20	16.254	15.965	16.186	18.813	16.453	16.576	415.42	415.34
01:24:19	16.255	15.965	16.203	18.289	16.452	16.578	415.42	415.34
01:25:19	16.255	15.967	16.205	17.843	16.451	16.579	415.42	415.34
01:26:19	16.255	15.966	16.194	17.525	16.453	16.577	415.42	415.34
01:27:19	16.255	15.965	16.178	17.318	16.453	16.575	415.42	415.34
01:28:20	16.256	15.967	16.172	17.277	16.454	16.574	415.42	415.34
01:29:20	16.256	15.967	16.175	17.177	16.455	16.575	415.42	415.34
01:30:20	16.256	15.967	16.169	17.143	16.454	16.575	415.42	415.34
01:31:20	16.257	15.966	16.173	17.096	16.454	16.576	415.42	415.34
01:32:20	16.256	15.968	16.181	17.063	16.456	16.575	415.42	415.34
01:33:20	16.257	15.967	16.172	17.017	16.455	16.573	415.42	415.34
01:34:20	16.257	15.968	16.167	16.967	16.452	16.573	415.42	415.34
01:35:20	16.257	15.967	16.166	16.925	16.453	16.574	415.42	415.34
01:36:20	16.257	15.968	16.174	16.903	16.454	16.573	415.42	415.34
01:37:20	16.258	15.967	16.179	17.047	16.454	16.573	415.42	415.34
01:38:20	16.257	15.967	16.194	17.134	16.453	16.571	415.42	415.34
01:39:20	16.257	15.967	16.186	17.127	16.452	16.57	415.42	415.34
01:40:20	16.257	15.966	16.177	17.047	16.451	16.568	415.42	415.34
01:41:20	16.259	15.966	16.171	16.997	16.451	16.568	415.42	415.34
01:42:20	16.258	15.967	16.16	17.003	16.45	16.57	415.42	415.34
01:43:20	16.259	15.966	16.158	16.943	16.45	16.569	415.42	415.34
01:44:20	16.259	15.966	16.152	16.949	16.45	16.568	415.42	415.34
01:45:20	16.259	15.965	16.145	16.947	16.451	16.569	415.42	415.34
01:46:20	16.26	15.968	16.146	16.955	16.45	16.568	415.42	415.34
01:47:20	16.261	15.968	16.142	16.969	16.449	16.569	415.42	415.34
01:48:20	16.26	15.967	16.143	16.972	16.451	16.569	415.42	415.34
01:49:20	16.26	15.967	16.145	16.965	16.451	16.57	415.42	415.34
01:50:20	16.261	15.968	16.141	16.993	16.45	16.57	415.42	415.34
01:51:20	16.261	15.969	16.141	16.999	16.448	16.57	415.42	415.34
01:52:20	16.261	15.968	16.136	17.001	16.451	16.569	415.42	415.34
01:53:20	16.262	15.968	16.136	17.055	16.449	16.568	415.42	415.34
01:54:22	16.261	15.968	16.135	17.07	16.45	16.569	415.42	415.34
01:55:20	16.262	15.969	16.133	17.077	16.45	16.569	415.42	415.34
01:56:20	16.263	15.969	16.135	17.06	16.449	16.569	415.42	415.34
01:57:20	16.262	15.969	16.133	17.024	16.449	16.569	415.42	415.34
01:58:20	16.263	15.969	16.128	16.988	16.447	16.57	415.42	415.34
01:59:20	16.261	15.969	16.125	16.967	16.449	16.568	415.42	415.34
02:00:20	16.263	15.969	16.122	16.971	16.45	16.567	415.42	415.34
02:01:20	16.263	15.969	16.124	16.991	16.448	16.569	415.42	415.34
02:02:20	16.263	15.969	16.13	17.039	16.448	16.571	415.42	415.34
02:03:20	16.264	15.969	16.128	17.069	16.448	16.568	415.42	415.34
02:04:20	16.265	15.97	16.131	17.183	16.448	16.568	415.42	415.34
02:05:20	16.264	15.969	16.136	17.16	16.449	16.569	415.42	415.34
02:06:20	16.265	15.97	16.14	17.171	16.447	16.568	415.42	415.34
02:07:20	16.265	15.971	16.142	17.131	16.447	16.569	415.42	415.34
02:08:20	16.265	15.971	16.144	17.152	16.448	16.57	415.42	415.34
02:09:20	16.266	15.973	16.15	17.251	16.451	16.57	415.42	415.34
02:10:20	16.266	15.974	16.16	17.426	16.452	16.57	415.42	415.34
02:11:20	16.265	15.973	16.17	17.607	16.452	16.57	415.42	415.34
02:12:20	16.267	15.975	16.183	17.635	16.452	16.571	415.42	415.34
02:13:20	16.267	15.977	16.185	17.427	16.455	16.571	415.42	415.34
02:14:20	16.267	15.976	16.173	17.264	16.455	16.574	415.42	415.34
02:15:20	16.268	15.977	16.162	17.139	16.455	16.572	415.42	415.34
02:16:22	16.267	15.978	16.152	17.132	16.456	16.575	415.42	415.34
02:17:20	16.269	15.979	16.145	17.195	16.458	16.578	415.42	415.34
02:18:20	16.269	15.979	16.145	17.181	16.458	16.577	415.42	415.34
02:19:20	16.269	15.981	16.151	17.131	16.458	16.576	415.42	415.34
02:20:20	16.269	15.98	16.148	17.103	16.457	16.575	415.42	415.34
02:21:21	16.27	15.981	16.146	17.152	16.457	16.577	415.42	415.34
02:22:20	0.0	15.981	16.147	17.381	16.456	16.579	415.42	415.34
02:23:20	16.27	15.981	16.161	17.703	16.457	16.577	415.42	415.34
02:24:20	16.27	15.981	16.157	17.666	16.457	16.576	415.42	415.34
02:25:20	16.271	15.98	16.163	17.438	16.456	16.576	415.42	415.34
02:26:20	16.272	15.982	16.166	17.247	16.455	16.575	415.42	415.34
02:27:20	16.271	15.981	16.161	17.122	16.456	16.575	415.42	415.34
02:28:20	16.272	15.982	16.156	17.04	16.458	16.578	415.42	415.34
02:29:20	16.272	15.983	16.15	17.061	16.457	16.577	415.42	415.34
02:30:20	16.273	15.983	16.144	17.027	16.458	16.58	415.42	415.34
02:31:20	16.272	15.983	16.141	16.988	16.458	16.579	415.42	415.34
02:32:20	16.273	15.985	16.142	16.983	16.459	16.578	415.42	415.34
02:33:20	16.272	15.983	16.139	17.263	16.459	16.58	415.42	415.34
02:34:20	16.272	15.984	16.151	17.902	16.459	16.577	415.42	415.34
02:35:20	16.274	15.984	16.174	18.394	16.458	16.578	415.42	415.34
02:36:20	16.273	15.985	16.203	18.362	16.459	16.578	415.42	415.34
02:37:20	16.273	15.984	16.221	17.878	16.458	16.58	415.42	415.34
02:38:20	16.274	15.985	16.221	17.567	16.458	16.579	415.42	415.34
02:39:20	16.275	15.985	16.211	17.325	16.456	16.578	415.42	415.34
02:40:21	16.274	15.984	16.197	17.189	16.458	16.577	415.42	415.34
02:41:20	16.275	15.985	16.183	17.148	0.0	16.577	415.42	415.34
02:42:21	16.276	15.985	16.174	17.206	16.458	16.577	415.42	415.34
02:43:20	16.276	15.986	16.167	17.133	16.456	16.577	415.42	415.34
02:44:22	16.276	15.986	16.171	17.052	16.458	16.58	415.42	415.34
02:45:20	16.276	15.987	16.168	17.189	16.46	16.581	415.42	415.34
02:46:22	16.277	15.988	16.165	17.126	16.46	16.581	415.42	415.34
02:47:20	16.278	15.988	16.183	17.047	16.462	16.583	415.42	415.34
02:48:22	16.278	15.99	16.183	16.994	16.46	16.584	415.42	415.34
02:49:20	16.277	15.99	16.183	16.971	16.46	16.584	415.42	415.34
02:50:22	16.278	15.991	16.18	16.954	16.462	16.586	415.42	415.34
02:51:20	16.278	15.991	16.186	16.935	16.461	16.585	415.42	415.34
02:52:20	16.278	15.992	16.188	16.998	16.459	16.583	415.42	415.34
02:53:20	16.279	15.992	16.19	17.227	16.459	16.581	415.42	415.34
02:54:23	16.279	15.992	16.187	17.256	16.459	16.584	415.42	415.34
02:55:20	16.279	15.993	16.185	17.163	16.459	16.586	415.42	415.34
02:56:20	16.28	15.992	16.184	17.064	16.459	16.586	415.42	415.34
02:57:20	16.279	15.992	16.174	17.005	16.459	16.583	415.42	415.34
02:58:20	16.281	15.991	16.172	16.967	16.46	16.581	415.42	415.34
02:59:20	16.28	15.991	16.171	16.928	16.459	0.0	415.42	415.34
03:00:20	16.281	15.991	16.169	16.916	16.459	16.579	415.42	415.34
03:01:20	16.281	15.992	16.161	16.914	16.46	16.58	415.42	415.34
03:02:20	16.282	15.992	16.158	16.913	16.46	16.579	415.42	415.34
03:03:20	16.282	15.993	16.152	16.902	16.46	16.579	415.42	415.34
03:04:20	16.282	15.993	16.155	17.074	16.458	16.581	415.42	415.34
03:05:20	16.283	15.994	16.169	17.429	16.459	16.58	415.42	415.34
03:06:20	16.282	15.994	16.182	17.388	16.459	16.579	415.42	415.34
03:07:20	16.283	15.992	16.184	17.238	16.458	16.58	415.42	415.34
03:08:20	16.282	15.994	16.182	17.074	16.459	16.576	415.42	415.34
03:09:20	16.284	15.993	16.18	16.984	16.458	16.577	415.42	415.34
03:10:20	16.283	15.993	16.166	16.958	16.459	16.578	415.42	415.34
03:11:20	16.284	15.992	16.158	17.203	16.459	16.577	415.42	415.34
03:12:20	16.284	15.994	16.161	17.213	16.46	16.579	415.42	415.34
03:13:20	16.285	15.995	16.162	17.135	16.46	16.58	415.42	415.34
03:14:20	16.286	15.994	16.16	17.059	16.458	16.579	415.42	415.34
03:15:20	16.285	15.994	16.157	16.998	16.46	16.579	415.42	415.34
03:16:20	16.285	15.993	16.152	16.953	16.458	16.578	415.42	415.34
03:17:21	16.286	15.995	16.141	16.931	16.458	16.579	415.42	415.34
03:18:20	0.0	15.994	16.138	16.907	16.459	16.577	415.42	415.34
03:19:20	16.287	15.996	16.138	16.895	16.46	16.577	415.42	415.34
03:20:20	16.286	15.995	16.137	16.891	16.46	16.579	415.42	415.34
03:21:20	16.287	15.995	16.135	16.875	16.461	16.58	415.42	415.34
03:22:22	16.287	15.996	16.134	16.87	16.459	16.581	415.42	415.34
03:23:20	16.287	15.997	16.133	16.86	16.46	16.58	415.42	415.34
03:24:20	16.287	15.997	16.133	16.849	16.46	16.579	415.42	415.34
03:25:20	16.288	15.998	16.126	16.844	16.46	16.579	415.42	415.34
03:26:20	16.289	15.998	16.121	16.862	16.461	16.58	415.42	415.34
03:27:20	16.288	15.999	16.12	16.88	16.463	16.582	415.42	415.34
03:28:20	16.289	16.0	16.118	16.881	16.462	16.582	415.42	415.34
03:29:20	16.289	16.0	16.118	16.878	16.463	16.581	415.42	415.34
03:30:20	16.29	16.001	16.123	16.874	16.461	16.582	415.42	415.34
03:31:20	16.29	16.001	16.122	16.864	0.0	16.583	415.42	415.34
03:32:20	16.29	16.002	16.121	16.877	16.463	16.586	415.42	415.34
03:33:20	16.29	16.002	16.123	17.039	16.462	16.586	415.42	415.34
03:34:20	16.292	16.003	16.133	17.445	16.465	16.586	415.42	415.34
03:35:20	16.292	16.005	16.157	17.876	16.463	16.586	415.42	415.34
03:36:20	16.291	16.005	16.183	17.741	16.464	16.586	415.42	415.34
03:37:20	16.293	16.005	16.19	17.461	16.465	16.587	415.42	415.34
03:38:20	16.292	16.005	16.186	17.253	16.464	16.588	415.42	415.34
03:39:20	16.293	16.006	16.173	17.134	16.463	16.589	415.42	415.34
03:40:20	16.293	16.006	16.162	17.058	16.464	16.586	415.42	415.34
03:41:20	16.293	16.005	16.161	17.064	16.464	16.586	415.42	415.34
03:42:20	16.294	16.007	16.153	17.376	16.463	16.587	415.42	415.34
03:43:20	16.294	16.007	16.15	17.259	16.464	16.588	415.42	415.34
03:44:20	16.294	16.008	16.152	17.132	16.463	16.586	415.42	415.34
03:45:20	16.294	16.006	16.154	17.058	16.464	16.586	415.42	415.34
03:46:20	16.294	16.007	16.153	16.994	16.463	16.584	415.42	415.34
03:47:20	16.294	16.005	16.158	16.983	16.463	16.583	415.42	415.34
03:48:20	16.294	16.006	16.161	17.0	16.464	16.583	415.42	415.34
03:49:20	16.295	16.005	16.167	17.028	16.464	16.582	415.42	415.34
03:50:20	16.296	16.007	16.163	17.016	16.462	16.583	415.42	415.34
03:51:20	16.296	16.007	16.157	17.177	16.464	16.583	415.42	415.34
03:52:20	16.296	16.007	16.161	17.113	16.463	16.583	415.42	415.34
03:53:20	16.297	16.006	16.161	17.03	16.464	16.583	415.42	415.34
03:54:20	16.296	16.007	16.157	16.965	16.464	16.582	415.42	415.34
03:55:20	16.296	16.007	16.155	17.004	16.461	16.581	415.42	415.34
03:56:20	16.296	16.008	16.147	16.979	16.464	16.582	415.42	415.34
03:57:20	16.297	16.008	16.145	16.941	16.464	16.581	415.42	415.34
03:58:20	16.297	16.006	16.142	16.925	16.464	16.582	415.42	415.34
03:59:20	16.297	16.008	16.135	16.917	16.463	16.582	415.42	415.34
04:00:20	16.297	16.008	16.131	16.936	16.462	16.583	415.42	415.34
04:01:20	16.298	16.007	16.125	16.936	16.462	16.583	415.42	415.34
04:02:20	16.298	16.008	16.126	16.929	16.461	16.582	415.42	415.34
04:03:20	16.299	16.007	16.118	16.95	16.461	16.581	415.42	415.34
04:04:20	16.299	16.008	16.119	17.01	16.459	16.581	415.42	415.34
04:05:20	16.3	16.007	16.127	17.094	16.461	16.581	415.42	415.34
04:06:21	16.298	16.007	16.139	17.132	16.459	16.581	415.42	415.34
04:07:21	16.299	16.008	16.147	17.343	16.46	16.582	415.42	415.34
04:08:20	16.299	16.008	16.159	17.521	16.462	16.582	415.42	415.34
04:09:20	16.3	16.008	16.165	17.39	16.462	16.584	415.42	415.34
04:10:21	16.3	16.009	16.161	17.213	16.462	16.583	415.42	415.34
04:11:21	16.301	16.009	16.16	17.083	16.461	16.581	415.42	415.34
04:12:21	16.301	16.009	16.159	16.995	16.461	16.583	415.42	415.34
04:13:21	16.301	16.009	16.157	17.07	16.462	16.583	415.42	415.34
04:14:20	16.302	16.01	16.153	17.111	16.46	16.582	415.42	415.34
04:15:21	16.301	16.01	16.151	17.141	16.461	16.583	415.42	415.34
04:16:21	16.302	16.01	16.148	17.065	16.459	16.583	415.42	415.34
04:17:21	16.301	16.009	16.154	17.01	16.46	16.583	415.42	415.34
04:18:20	16.302	16.009	16.156	16.992	16.462	16.583	415.42	415.34
04:19:21	16.302	16.009	16.15	17.058	16.461	16.583	415.42	415.34
04:20:20	16.303	16.011	16.149	17.209	16.461	16.582	415.42	415.34
04:21:21	16.303	16.011	16.154	17.35	0.0	16.583	415.42	415.34
04:22:21	16.304	16.011	16.157	17.188	16.462	16.584	415.42	415.34
04:23:20	0.0	16.012	16.16	17.07	16.461	16.583	415.42	415.34
04:24:21	16.304	16.013	16.158	16.994	16.46	16.585	415.42	415.34
04:25:21	16.305	16.012	16.151	16.952	16.463	16.584	415.42	415.34
04:26:21	16.304	16.012	16.152	17.012	16.463	16.585	415.42	415.34
04:27:20	16.304	16.014	16.152	16.995	16.464	16.586	415.42	415.34
04:28:21	16.304	16.014	16.149	16.983	16.465	16.586	415.42	415.34
04:29:21	16.305	16.014	16.143	16.966	16.465	16.584	415.42	415.34
04:30:21	16.305	16.014	16.138	16.941	16.466	16.585	415.42	415.34
04:31:20	16.306	16.015	16.135	16.907	16.464	16.585	415.42	415.34
04:32:21	16.305	16.014	16.135	16.869	16.464	16.586	415.42	415.34
04:33:21	16.306	16.014	16.13	16.836	16.464	16.588	415.42	415.34
04:34:21	16.307	16.014	16.132	16.841	16.465	16.588	0.0	415.34
04:35:21	16.307	16.015	16.137	16.838	16.464	16.586	415.42	415.34
04:36:21	16.307	16.015	16.142	16.81	16.465	16.587	415.42	415.34
04:37:21	16.307	16.015	16.143	16.812	16.466	16.586	415.42	415.34
04:38:21	16.307	16.017	16.155	16.859	16.466	16.588	415.42	415.34
04:39:21	16.307	16.018	16.153	16.956	16.466	16.59	415.42	415.34
04:40:21	16.308	16.018	16.155	17.0	16.466	16.587	415.42	415.34
04:41:20	16.308	16.018	16.153	16.98	16.466	16.589	415.42	415.34
04:42:20	16.309	16.018	16.155	17.068	16.467	16.587	415.42	415.34
04:43:21	16.309	16.018	16.145	17.003	16.467	16.59	415.42	415.34
04:44:21	16.309	16.018	16.15	16.958	16.466	16.592	415.42	415.34
04:45:21	16.309	16.02	16.153	16.911	16.466	16.592	415.42	415.34
04:46:21	16.31	16.019	16.148	17.028	16.465	16.591	415.42	415.34
04:47:21	16.309	16.02	16.141	16.992	16.465	16.59	415.42	415.34
04:48:20	16.31	16.018	16.134	16.965	16.464	16.59	415.42	415.34
04:49:21	16.31	16.018	16.133	16.946	16.465	16.59	415.42	415.34
04:50:21	16.31	16.018	16.131	16.943	16.465	16.589	415.42	415.34
04:51:21	16.31	16.018	16.125	16.938	16.465	16.587	415.42	415.34
04:52:20	16.311	16.018	16.123	16.959	16.464	16.585	415.42	415.34
04:53:21	16.311	16.019	16.12	16.97	16.465	16.586	415.42	415.34
04:54:21	16.311	16.018	16.126	16.972	16.464	16.586	415.42	415.34
04:55:20	16.311	16.018	16.119	16.937	16.465	16.586	415.42	415.34
04:56:21	16.31	16.018	16.12	16.906	16.465	16.588	415.42	415.34
04:57:21	16.312	16.018	16.12	16.91	16.464	16.586	415.42	415.34
04:58:20	16.312	16.017	16.123	16.943	16.464	16.586	415.42	415.34
04:59:21	16.311	16.018	16.123	16.978	16.462	16.584	415.42	415.34
05:00:23	16.312	16.017	16.127	17.048	16.462	16.584	415.42	415.34
05:01:21	16.312	16.018	16.133	17.069	16.461	16.584	415.42	415.34
05:02:21	16.312	16.017	16.135	17.024	16.46	16.584	415.42	415.34
05:03:21	16.312	16.018	16.132	16.979	16.464	16.584	415.42	415.34
05:04:21	16.313	16.018	16.132	16.962	16.464	16.585	415.42	415.34
05:05:21	16.314	16.019	16.131	16.956	16.463	16.585	415.42	415.34
05:06:20	16.314	16.019	16.128	16.986	16.465	16.587	415.42	415.34
05:07:21	16.314	16.02	16.129	16.976	16.465	16.587	415.42	415.34
05:08:21	16.314	16.019	16.127	16.984	16.466	16.587	415.42	415.34
05:09:21	16.314	16.021	16.128	17.022	16.466	16.589	415.42	415.34
05:10:21	16.315	16.021	16.132	17.072	16.468	16.589	415.42	415.34
05:11:21	16.314	16.022	16.14	17.137	16.464	16.589	415.42	415.34
05:12:21	16.315	16.021	16.144	17.097	16.464	16.587	415.42	415.34
05:13:20	16.315	16.021	16.143	17.061	16.465	16.588	415.42	415.34
05:14:21	16.315	16.021	16.139	17.123	16.464	16.588	415.42	415.34
05:15:21	16.316	16.021	16.144	17.091	16.464	16.588	415.42	415.34
05:16:21	16.315	16.021	16.142	17.025	16.463	16.587	415.42	415.34
05:17:20	16.316	16.021	16.144	16.961	16.463	16.587	415.42	415.34
05:18:21	16.317	16.022	16.14	17.018	16.464	16.585	415.42	415.34
05:19:21	16.316	16.02	16.139	17.065	16.464	16.586	415.42	415.34
05:20:21	16.316	16.021	16.138	17.071	16.461	16.586	415.42	415.34
05:21:20	16.315	16.021	16.136	17.086	16.46	16.583	415.42	415.34
05:22:21	16.316	16.02	16.137	17.042	16.46	16.586	415.42	415.34
05:23:20	16.317	16.021	16.137	17.002	16.462	16.586	415.42	415.34
05:24:21	16.317	16.021	16.135	17.046	16.461	16.586	415.42	415.34
05:25:21	16.318	16.022	16.145	17.055	16.464	16.586	415.42	415.34
05:26:21	16.318	16.023	16.151	17.099	16.466	16.588	415.42	415.34
05:27:21	16.318	16.023	16.146	17.088	16.466	16.588	415.42	415.34
05:28:21	16.317	16.023	16.145	17.031	16.466	16.588	415.42	415.34
05:29:20	16.319	16.024	16.147	16.951	16.467	16.591	415.42	415.34
05:30:21	16.318	16.025	16.143	16.887	16.466	16.59	415.42	415.34
05:31:21	16.319	16.024	16.14	16.875	16.465	16.59	415.42	415.34
05:32:21	16.319	16.025	16.14	16.892	16.466	16.593	415.42	415.34
05:33:21	16.319	16.025	16.143	16.889	16.465	16.592	415.42	415.34
05:34:22	16.318	16.025	16.14	16.897	16.465	16.589	415.42	415.34
05:35:20	16.319	16.024	16.134	16.906	16.465	16.59	415.42	415.34
05:36:22	16.32	16.025	16.134	16.914	16.465	16.592	415.42	415.34
05:37:21	0.0	16.026	16.131	16.938	16.466	16.592	415.42	415.34
05:38:22	16.32	16.026	16.128	16.962	16.468	16.592	415.42	415.34
05:39:21	16.321	16.026	16.124	16.987	16.466	16.592	415.42	415.34
05:40:21	16.321	16.026	16.132	17.027	16.465	16.59	415.42	415.34
05:41:21	16.321	16.027	16.132	17.028	16.464	16.591	415.42	415.34
05:42:21	16.321	16.026	16.147	17.031	16.466	16.592	415.42	415.34
05:43:21	16.321	16.027	16.16	16.971	16.465	16.593	415.42	415.34
05:44:21	16.322	16.026	16.154	16.972	16.466	16.592	415.42	415.34
05:45:23	16.322	16.026	16.149	16.92	16.465	16.592	415.42	415.34
05:46:21	16.322	16.026	16.146	16.926	16.465	16.59	415.42	415.34
05:47:21	16.322	16.027	16.146	16.897	16.465	16.589	415.42	415.34
05:48:21	16.323	16.027	16.139	16.918	16.465	16.59	415.42	415.34
05:49:21	16.322	16.026	16.136	16.927	16.465	16.589	415.42	415.34
05:50:21	16.322	16.027	16.134	16.927	16.465	16.589	415.42	415.34
05:51:21	16.323	16.025	16.132	16.928	16.464	16.588	415.42	415.34
05:52:21	16.323	16.026	16.128	16.924	16.465	16.589	415.42	415.34
05:53:21	16.324	16.024	16.127	16.923	16.464	16.588	415.42	415.34
05:54:21	16.323	16.024	16.126	17.015	16.462	16.588	415.42	415.34
05:55:21	16.324	16.023	16.134	17.224	16.463	16.587	415.42	415.34
05:56:21	16.324	16.024	16.153	17.355	16.463	16.588	415.42	415.34
05:57:21	16.324	16.024	16.162	17.293	16.462	16.587	415.42	415.34
05:58:21	16.323	16.024	16.158	17.164	16.462	16.588	415.42	415.34
05:59:21	16.324	16.025	16.155	17.065	16.462	16.589	415.42	415.34
06:00:21	16.324	16.026	16.153	16.991	16.465	16.587	415.42	415.34
06:01:21	16.325	16.026	16.149	17.09	16.464	16.588	415.42	415.34
06:02:23	16.324	16.026	16.144	17.117	16.464	16.588	415.42	415.34
06:03:21	16.325	16.026	16.14	17.18	16.464	16.588	415.42	415.34
06:04:23	16.325	16.026	16.144	17.099	16.463	16.588	415.42	415.34
06:05:21	16.326	16.027	16.146	17.098	16.462	16.591	415.42	415.34
06:06:21	16.326	16.027	16.144	17.136	16.461	16.589	415.42	415.34
06:07:23	16.325	16.027	16.145	17.171	16.46	16.587	415.42	415.34
06:08:21	16.327	16.027	16.159	17.121	16.463	16.588	415.42	415.34
06:09:21	16.325	16.026	16.164	17.058	16.463	16.588	415.42	415.34
06:10:21	16.327	16.026	16.154	17.001	16.463	16.588	415.42	415.34
06:11:21	16.327	16.026	16.147	16.935	16.461	16.586	415.42	415.34
06:12:21	16.326	16.026	16.143	16.874	16.46	16.586	415.42	415.34
06:13:21	16.325	16.025	0.0	16.854	16.459	16.587	415.42	415.34
06:14:21	16.326	16.025	16.139	16.916	16.459	16.586	415.42	415.34
06:15:21	16.326	16.024	16.133	16.922	16.458	16.586	415.42	415.34
06:16:21	16.327	16.023	16.134	16.91	16.457	16.585	415.42	415.34
06:17:21	16.327	16.023	16.133	16.911	16.456	16.585	415.42	415.34
06:18:21	16.326	16.023	16.137	16.929	16.457	0.0	415.42	415.34
06:19:21	16.327	16.023	16.137	17.016	16.458	16.586	415.42	415.34
06:20:21	16.327	16.022	16.147	17.576	16.457	16.585	415.42	415.34
06:21:21	16.328	16.023	16.16	17.441	16.456	16.587	415.42	415.34
06:22:21	16.328	16.023	16.164	17.214	16.458	16.585	415.42	415.34
06:23:21	16.328	16.023	16.162	17.065	16.457	16.586	415.42	415.34
06:24:21	16.327	16.023	16.154	16.992	16.457	0.0	415.42	415.34
06:25:21	16.328	16.024	16.144	17.039	16.458	16.587	415.42	415.34
06:26:21	16.329	16.026	16.143	17.191	16.459	16.587	415.42	415.34
06:27:21	16.329	16.025	16.141	17.128	16.458	16.587	415.42	415.34
06:28:21	16.329	16.025	16.14	17.042	16.461	16.587	415.42	415.34
06:29:21	16.329	16.026	16.138	16.992	16.46	16.588	415.42	415.34
06:30:21	16.33	16.026	16.134	16.957	16.461	16.588	415.42	415.34
06:31:21	16.329	16.027	16.133	16.923	16.46	16.587	415.42	415.34
06:32:21	16.328	16.027	16.134	16.902	16.461	16.586	415.42	415.34
06:33:21	16.33	16.029	16.134	16.883	16.461	16.587	415.42	415.34
06:34:21	16.33	16.029	16.13	16.873	16.46	16.588	415.42	415.34
06:35:21	16.331	16.028	16.125	16.877	16.462	16.587	415.42	415.34
06:36:21	16.331	16.03	16.122	16.871	16.463	16.591	415.42	415.34
06:37:21	16.33	16.031	16.121	16.867	16.463	16.59	415.42	415.34
06:38:21	16.331	16.032	16.114	16.869	16.466	16.593	415.42	415.34
06:39:22	16.332	16.032	16.11	16.866	16.465	16.592	415.42	415.34
06:40:21	16.332	16.034	16.116	16.859	16.467	16.593	415.42	415.34
06:41:22	16.332	16.033	16.115	16.858	16.466	16.592	415.42	415.34
06:42:21	16.331	16.032	16.114	16.85	16.465	16.593	415.42	415.34
06:43:21	16.332	16.032	16.11	16.844	16.463	16.593	415.42	415.34
06:44:23	16.333	16.032	16.105	16.835	16.464	16.591	415.42	415.34
06:45:21	16.333	16.032	16.11	16.828	16.463	16.591	415.42	415.34
06:46:23	16.333	16.032	16.106	16.822	16.464	16.593	415.42	415.34
06:47:21	16.333	16.032	16.104	16.826	16.463	16.592	415.42	415.34
06:48:23	16.334	16.032	16.103	16.838	16.463	16.591	415.42	415.34
06:49:21	16.334	16.034	16.104	16.861	16.462	16.592	415.42	415.34
06:50:21	16.334	16.034	16.108	16.853	16.462	16.589	415.42	415.34
06:51:21	16.335	16.033	16.105	16.851	16.462	16.592	415.42	415.34
06:52:21	16.334	16.033	16.108	16.847	16.462	16.593	415.42	415.34
06:53:21	16.334	16.034	16.105	16.844	16.462	16.593	415.42	415.34
06:54:21	16.335	16.033	16.107	16.846	16.463	16.593	415.42	415.34
06:55:21	16.334	16.033	16.107	16.847	16.465	16.591	415.42	415.34
06:56:21	16.336	16.033	16.106	16.896	16.461	16.589	415.42	415.34
06:57:21	16.335	16.032	16.114	17.389	16.463	16.591	415.42	415.34
06:58:21	16.334	16.033	16.135	17.705	16.461	16.59	415.42	415.34
06:59:21	16.335	16.032	16.152	17.478	16.461	16.591	415.42	415.34
07:00:21	16.335	16.034	16.151	17.259	16.459	16.589	415.42	415.34
07:01:21	16.336	16.032	16.143	17.117	16.461	16.59	415.42	415.34
07:02:21	16.336	16.032	16.144	17.021	16.458	16.589	415.42	415.34
07:03:21	16.335	16.033	16.139	16.981	16.461	16.589	415.42	415.34
07:04:21	16.336	16.032	16.136	17.126	16.46	16.589	415.42	415.34
07:05:21	16.335	16.033	16.133	17.129	16.46	16.588	415.42	415.34
07:06:21	16.336	16.032	16.134	17.054	16.461	16.589	415.42	415.34
07:07:21	16.337	16.032	16.139	17.005	16.46	16.588	415.42	415.34
07:08:21	16.336	16.032	16.137	17.015	16.459	16.588	415.42	415.34
07:09:21	16.336	16.032	16.135	17.177	16.461	16.589	415.42	415.34
07:10:21	16.336	16.032	16.141	17.71	16.459	16.586	415.42	415.34
07:11:21	16.337	16.032	16.155	17.557	16.458	16.587	415.42	415.34
07:12:24	16.336	16.03	16.16	17.307	16.456	16.588	415.42	415.34
07:13:21	16.337	16.03	16.16	17.165	16.456	16.588	415.42	415.34
07:14:21	16.337	16.03	16.152	17.043	16.458	16.588	415.42	415.34
07:15:21	16.337	16.028	16.15	17.027	16.455	16.585	415.42	415.34
07:16:21	16.337	16.027	16.148	17.035	16.454	16.586	415.42	415.34
07:17:21	16.336	16.028	16.142	16.993	16.454	16.585	415.42	415.34
07:18:21	16.337	16.028	16.139	16.938	16.454	16.586	415.42	415.34
07:19:21	16.338	16.029	16.138	16.899	16.456	16.587	415.42	415.34
07:20:21	16.338	16.029	16.135	16.893	16.456	16.589	415.42	415.34
07:21:21	16.337	16.03	16.131	17.032	16.457	16.588	415.42	415.34
07:22:21	16.338	16.031	16.142	17.443	16.458	16.588	415.42	415.34
07:23:21	16.338	16.031	16.162	17.505	16.456	16.586	415.42	415.34
07:24:21	16.339	16.032	16.179	17.358	16.457	16.587	415.42	415.34
07:25:21	16.339	16.032	16.177	17.165	16.458	16.587	415.42	415.34
07:26:21	16.339	16.033	16.173	17.032	16.46	16.587	415.42	415.34
07:27:21	16.34	16.034	16.164	16.967	16.459	16.589	415.42	415.34
07:28:21	16.339	16.033	16.161	17.017	16.457	16.589	415.42	415.34
07:29:21	16.34	16.034	16.155	17.006	16.46	16.591	415.42	415.34
07:30:21	16.34	16.035	16.153	16.992	16.46	16.59	415.42	415.34
07:31:21	16.339	16.034	16.148	17.006	16.46	16.59	415.42	415.34
07:32:21	16.34	16.035	16.144	17.162	16.461	16.591	415.42	415.34
07:33:21	16.34	16.034	16.161	17.52	16.461	16.59	415.42	415.34
07:34:21	16.341	16.034	16.178	17.906	16.461	16.589	415.42	415.34
07:35:21	16.341	16.035	16.189	17.741	16.461	16.589	415.42	415.34
07:36:21	16.342	16.034	16.199	17.474	16.461	16.59	415.42	415.34
07:37:21	16.34	16.034	16.199	17.24	16.461	16.588	415.42	415.34
07:38:22	16.341	16.035	16.191	17.091	16.464	16.592	415.42	415.34
07:39:21	16.341	16.036	16.182	17.105	16.465	16.593	415.42	415.34
07:40:21	16.342	16.037	16.177	17.065	16.467	16.591	415.42	415.34
07:41:22	16.342	16.039	16.173	17.004	16.468	16.594	415.42	415.34
07:42:21	16.341	16.04	16.17	17.064	16.468	16.594	415.42	415.34
07:43:22	16.342	16.04	16.167	17.064	16.468	16.597	415.42	415.34
07:44:21	16.342	16.04	16.167	17.034	16.468	16.596	415.42	415.34
07:45:21	16.343	16.04	16.172	17.038	16.467	16.598	415.42	415.34
07:46:21	16.343	16.041	16.168	17.223	16.467	16.598	415.42	415.34
07:47:21	16.344	16.04	16.168	17.716	16.465	16.598	415.42	415.34
07:48:23	16.342	16.04	16.173	18.173	16.464	16.597	415.42	415.34
07:49:21	16.343	16.039	16.185	17.765	16.464	16.597	415.42	415.34
07:50:21	16.343	16.039	16.19	17.418	16.462	16.595	415.42	415.34
07:51:21	16.342	16.037	16.188	17.24	16.46	16.593	415.42	415.34
07:52:21	16.342	16.036	16.184	17.136	16.46	16.592	415.42	415.34
07:53:21	16.343	16.035	16.184	17.268	16.459	16.592	415.42	415.34
07:54:21	16.343	16.034	16.192	17.213	16.455	16.59	415.42	415.34
07:55:21	16.343	16.032	16.188	17.103	16.455	16.589	415.42	415.34
07:56:21	16.344	16.034	16.178	17.015	16.455	16.589	415.42	415.34
07:57:21	16.343	16.031	16.168	16.956	16.455	16.589	415.42	415.34
07:58:21	16.344	16.031	16.165	16.917	16.457	16.588	415.42	415.34
07:59:21	16.344	16.031	16.156	16.938	16.458	16.591	415.42	415.34
08:00:21	16.344	16.032	16.148	16.992	16.458	16.591	415.42	415.34
08:01:21	16.345	16.034	16.148	16.973	16.46	16.591	0.0	415.34
08:02:21	16.344	16.035	16.148	16.945	16.461	16.591	415.42	415.34
08:03:21	16.344	16.036	16.145	16.937	16.463	16.591	415.42	415.34
08:04:21	16.345	16.039	16.139	16.952	16.466	16.593	415.42	415.34
08:05:21	16.346	16.038	16.142	17.073	16.467	16.596	415.42	415.34
08:06:21	16.345	16.04	16.148	17.184	16.468	16.596	415.42	415.34
08:07:21	16.346	16.041	16.164	17.208	16.468	16.6	415.42	415.34
08:08:21	16.346	16.041	16.167	17.068	16.466	16.598	415.42	415.34
08:09:21	16.347	16.042	16.162	16.988	16.467	16.598	415.42	415.34
08:10:21	16.346	16.041	16.164	16.945	16.465	16.599	415.42	415.34
08:11:21	16.347	16.041	16.157	16.975	16.463	16.597	415.42	415.34
08:12:23	16.345	16.037	16.153	17.023	16.458	16.595	415.42	415.34
08:13:21	16.346	16.036	16.148	17.155	16.457	16.592	415.42	415.34
08:14:24	16.346	16.034	16.153	17.102	16.455	16.591	415.42	415.34
08:15:21	16.346	16.033	16.157	17.04	16.458	16.59	415.42	415.34
08:16:21	16.346	16.033	16.158	17.035	16.456	16.59	415.42	415.34
08:17:21	16.348	16.032	16.167	17.047	16.457	16.592	415.42	415.34
08:18:21	16.347	16.033	16.17	17.05	16.46	16.592	415.42	415.34
08:19:21	16.347	16.035	16.178	17.11	16.46	16.592	415.42	415.34
08:20:21	16.348	16.037	16.176	17.092	16.465	16.594	415.42	415.34
08:21:21	16.348	16.04	16.172	17.023	16.47	16.596	415.42	415.34
08:22:21	16.348	16.043	16.169	16.978	16.471	16.595	415.42	415.34
08:23:21	16.348	16.046	16.168	16.953	16.476	16.6	415.42	415.34
08:24:21	16.35	16.049	16.164	17.165	16.475	16.603	415.42	415.34
08:25:21	16.35	16.05	16.16	17.14	16.475	16.609	415.42	415.34
08:26:21	16.349	16.052	16.163	17.139	16.474	16.611	415.42	415.34
08:27:21	16.351	16.052	16.173	17.22	16.473	16.607	415.42	415.34
08:28:21	16.35	16.052	16.183	17.321	16.471	16.605	415.42	415.34
08:29:21	16.351	16.051	16.183	17.239	16.468	16.606	415.42	415.34
08:30:22	16.35	16.05	16.183	17.212	16.469	16.607	415.42	415.34
08:31:21	16.352	16.05	16.189	17.251	16.469	16.608	415.42	415.34
08:32:21	16.351	16.051	16.191	17.208	16.47	16.606	415.42	415.34
08:33:21	16.351	16.05	16.193	17.261	16.47	16.604	415.42	415.34
08:34:21	16.351	16.051	16.194	17.321	16.472	16.605	415.42	415.34
08:35:21	16.351	16.052	16.193	17.24	16.472	16.605	415.42	415.34
08:36:21	16.352	16.052	16.187	17.198	16.471	16.607	415.42	415.34
08:37:21	16.351	16.052	16.182	17.139	16.469	16.608	415.42	415.34
08:38:21	16.353	16.052	16.178	17.092	16.469	16.605	415.42	415.34
08:39:22	16.353	16.053	16.182	17.112	16.474	16.606	415.42	415.34
08:40:21	16.353	16.056	16.176	17.054	16.477	16.609	415.42	415.34
08:41:21	16.353	16.058	16.168	17.01	16.479	16.618	415.42	415.34
08:42:22	16.354	16.059	16.167	16.971	16.478	16.612	415.42	415.34
08:43:21	16.355	16.06	16.164	16.948	16.477	16.615	415.42	415.34
08:44:24	16.356	16.06	16.162	17.134	16.476	16.613	415.42	415.34
08:45:21	16.353	16.06	16.161	17.112	16.474	16.607	415.42	415.34
08:46:21	16.355	16.059	16.168	17.065	16.471	16.606	415.42	415.34
08:47:21	16.356	16.059	16.165	17.052	16.474	16.606	415.42	415.34
08:48:21	16.355	16.059	16.171	17.118	16.474	16.613	415.42	415.34
08:49:22	16.355	0.0	16.172	17.402	16.474	16.611	415.42	415.34
08:50:21	16.355	16.061	16.18	17.754	16.476	16.61	415.42	415.34
08:51:21	16.355	16.061	16.192	17.473	16.475	16.61	415.42	415.34
08:52:21	16.356	16.061	16.194	17.283	16.474	16.61	415.42	415.34
08:53:21	16.356	16.059	16.19	17.166	16.475	16.608	415.42	415.34
08:54:21	16.356	16.058	16.185	17.081	16.473	16.605	415.42	415.34
08:55:21	16.355	16.056	16.177	17.182	16.471	16.604	415.42	415.34
08:56:21	16.356	16.053	16.173	17.137	16.467	16.601	415.42	415.34
08:57:21	16.356	16.051	16.173	17.067	16.466	16.6	415.42	415.34
08:58:21	16.356	16.049	16.172	16.998	16.465	16.597	415.42	415.34
08:59:21	16.356	16.048	16.169	16.955	16.466	16.597	415.42	415.34
09:00:21	16.357	16.047	16.161	16.956	16.465	16.596	415.42	415.34
09:01:21	16.356	16.046	16.154	16.948	16.465	16.596	415.42	415.34
09:02:21	16.356	16.043	16.15	17.029	16.465	16.596	415.42	415.34
09:03:21	16.355	16.043	16.142	16.994	16.465	16.595	415.42	415.34
09:04:21	16.356	16.043	16.142	16.956	16.465	16.596	415.42	415.34
09:05:21	16.356	16.043	16.137	16.93	16.465	16.597	415.42	415.34
09:06:21	16.356	16.044	16.131	16.904	16.464	16.597	415.42	415.34
09:07:21	16.357	16.046	16.13	16.896	16.466	16.598	415.42	415.34
09:08:21	16.358	16.048	16.13	16.897	16.471	16.599	415.42	415.34
09:09:21	16.358	16.048	16.129	16.895	16.47	16.602	415.42	415.34
09:10:21	16.359	16.052	16.13	16.875	16.474	16.601	415.42	415.34
09:11:21	16.359	16.052	16.13	16.862	16.475	16.602	415.42	415.34
09:12:21	16.36	16.053	16.127	16.854	16.474	16.606	415.42	415.34
09:13:21	16.359	16.055	16.127	16.86	16.476	16.608	415.42	415.34
09:14:22	16.359	16.055	16.129	16.875	16.473	16.608	415.42	415.34
09:15:21	16.36	16.055	16.129	16.872	16.473	16.61	415.42	415.34
09:16:21	16.361	16.056	16.126	16.888	16.475	16.612	415.42	415.34
09:17:21	16.36	16.057	16.128	17.067	16.476	16.61	415.42	415.34
09:18:21	16.359	16.057	16.141	17.491	16.472	16.606	415.42	415.34
09:19:22	16.36	16.055	16.165	17.431	16.471	16.603	415.42	415.34
09:20:22	16.36	16.055	16.173	17.208	16.471	16.602	415.42	415.34
09:21:23	16.36	16.055	16.169	17.057	16.471	16.603	415.42	415.34
09:22:21	0.0	16.055	16.162	17.01	16.475	16.604	415.42	415.34
09:23:21	16.361	16.057	16.156	16.992	16.475	16.607	415.42	415.34
09:24:24	16.361	16.057	16.148	16.941	16.471	16.606	415.42	415.34
09:25:21	0.0	16.056	16.155	16.923	16.473	16.608	415.42	415.34
09:26:23	16.362	16.055	16.151	16.981	16.471	16.605	415.42	415.34
09:27:21	16.36	16.054	16.149	17.225	16.472	16.604	415.42	415.34
09:28:21	16.36	16.053	16.152	17.137	16.47	16.603	415.42	415.34
09:29:22	16.362	16.054	16.154	17.05	16.472	16.602	415.42	415.34
09:30:21	16.361	16.053	16.154	17.014	16.472	16.602	415.42	415.34
09:31:21	16.363	16.054	16.153	17.168	16.471	16.603	415.42	415.34
09:32:21	16.361	16.053	16.162	17.657	16.47	16.602	415.42	415.34
09:33:21	16.361	16.054	16.178	17.665	16.471	16.603	415.42	415.34
09:34:21	16.363	16.053	16.187	17.389	16.471	16.602	415.42	415.34
09:35:21	16.363	16.053	16.186	17.215	16.469	16.602	415.42	415.34
09:36:21	16.362	16.051	16.183	17.087	16.469	16.602	415.42	415.34
09:37:21	16.362	16.051	16.174	17.053	16.469	16.6	415.42	415.34
09:38:21	16.363	16.05	16.167	17.077	16.468	16.6	415.42	415.34
09:39:21	16.362	16.051	16.166	17.024	16.468	16.6	415.42	415.34
09:40:21	16.364	16.052	16.164	16.975	16.471	16.602	415.42	415.34
09:41:21	16.364	16.053	16.165	16.943	16.472	16.603	415.42	415.34
09:42:21	16.364	16.053	16.166	16.924	16.474	16.602	415.42	415.34
09:43:21	16.365	16.056	16.16	17.122	16.476	16.603	415.42	415.34
09:44:21	16.364	16.056	16.16	17.2	16.474	16.606	415.42	415.34
09:45:21	16.364	16.057	16.172	17.112	16.474	16.606	415.42	415.34
09:46:21	16.365	16.056	16.172	17.022	16.473	16.604	415.42	415.34
09:47:21	16.365	16.056	16.172	16.963	16.474	16.606	415.42	415.34
09:48:21	16.365	16.056	16.168	16.926	16.473	16.605	415.42	415.34
09:49:21	16.365	16.055	16.167	16.979	16.471	16.603	415.42	415.34
09:50:22	16.366	16.054	16.163	17.05	16.47	16.604	415.42	415.34
09:51:22	16.365	16.053	16.155	16.977	16.47	16.603	415.42	415.34
09:52:22	16.365	16.053	16.149	16.977	16.47	16.601	415.42	415.34
09:53:22	16.365	16.052	16.148	16.933	16.469	16.602	415.42	415.34
09:54:22	16.366	16.052	16.148	16.897	16.469	16.601	415.42	415.34
09:55:22	16.366	16.052	16.147	16.895	16.47	16.601	415.42	415.34
09:56:22	16.366	16.052	16.146	17.027	16.469	16.601	415.42	415.34
09:57:22	16.366	16.053	16.161	17.111	16.469	16.601	415.42	415.34
09:58:22	16.366	16.053	16.169	17.129	16.47	16.601	415.42	415.34
09:59:22	16.366	16.054	16.178	17.068	16.47	16.602	415.42	415.34
10:00:22	16.367	16.054	16.179	16.992	16.471	16.601	415.42	415.34
10:01:22	16.367	16.054	16.176	16.972	16.469	16.601	415.42	415.34
10:02:24	16.367	16.052	16.173	17.03	16.466	16.6	415.42	415.34
10:03:22	16.367	16.051	16.166	17.075	16.465	16.599	415.42	415.34
10:04:22	16.367	16.049	16.162	16.982	16.464	16.597	415.42	415.34
10:05:22	16.366	16.049	16.156	16.922	16.462	16.596	415.42	415.34
10:06:22	16.366	16.047	16.153	16.898	16.463	16.597	415.42	415.34
10:07:22	16.365	16.045	16.152	16.88	16.459	16.597	415.42	415.34
10:08:22	16.365	16.044	16.146	16.911	16.46	16.597	415.42	415.34
10:09:22	16.365	16.043	16.144	16.97	16.464	16.597	415.42	415.34
10:10:22	16.366	16.043	16.144	17.174	16.463	16.599	415.42	415.34
10:11:22	16.366	16.045	16.144	17.526	16.465	16.598	415.42	415.34
10:12:22	16.366	16.044	16.149	17.929	16.461	16.597	415.42	415.34
10:13:22	16.366	16.046	16.162	18.046	16.46	16.597	415.42	415.34
10:14:22	16.367	16.045	16.182	17.876	16.465	16.597	415.42	415.34
10:15:22	16.366	16.046	16.182	17.452	16.464	16.597	415.42	415.34
10:16:22	16.367	16.046	16.177	17.193	16.463	16.598	415.42	415.34
10:17:22	16.366	16.047	16.173	17.046	16.464	16.597	415.42	415.34
10:18:22	16.366	16.047	16.171	17.03	16.465	16.598	415.42	415.34
10:19:22	16.367	16.048	16.166	16.92	16.463	16.598	415.42	415.34
10:20:22	16.367	16.049	16.105	16.707	16.463	16.599	415.42	415.34
10:21:22	16.366	16.049	16.09	16.741	16.464	16.598	415.42	415.34
10:22:22	16.368	16.05	16.12	16.792	16.466	16.598	415.42	415.34
10:23:22	16.367	16.051	16.138	16.822	16.464	16.6	415.42	415.34
10:24:22	16.368	16.052	16.146	16.839	16.468	16.6	415.42	415.34
10:25:22	16.369	16.051	16.149	16.848	16.468	16.6	415.42	415.34
10:26:22	16.368	16.05	16.151	16.853	16.468	16.6	415.42	415.34
10:27:22	16.369	16.051	16.154	16.854	16.47	16.6	415.42	415.34
10:28:22	16.37	16.052	16.153	16.857	16.471	16.6	415.42	415.34
10:29:22	16.37	16.053	16.154	16.854	16.469	16.601	415.42	415.34
10:30:22	16.37	16.053	16.155	16.856	16.472	16.605	415.42	415.34
10:31:22	16.37	16.055	16.155	16.855	16.473	16.606	415.42	415.34
10:32:22	16.37	16.057	16.155	16.852	16.473	16.605	415.42	415.34
10:33:22	16.37	16.057	16.157	16.85	16.474	16.605	415.42	415.34
10:34:22	16.37	16.057	16.154	16.849	16.475	16.605	415.42	415.34
10:35:22	16.37	16.057	16.151	16.844	16.472	16.606	415.42	415.34
10:36:22	16.372	16.056	16.151	16.843	16.472	16.606	415.42	415.34
10:37:22	16.37	16.056	16.153	16.844	16.471	16.606	415.42	415.34
10:38:22	16.37	16.055	16.152	16.847	16.47	16.605	415.42	415.34
10:39:22	16.371	16.054	16.153	16.846	16.471	16.604	415.42	415.34
10:40:22	16.37	16.053	16.153	16.842	16.469	16.604	415.42	415.34
10:41:22	16.371	16.054	16.152	16.841	16.471	16.605	415.42	415.34
10:42:22	16.372	16.054	16.153	16.844	16.472	16.607	415.42	415.34
10:43:22	16.372	16.055	16.153	16.842	16.473	16.608	415.42	415.34
10:44:22	16.372	16.055	16.153	16.841	16.472	16.608	415.42	415.34
10:45:22	16.372	16.056	16.15	16.84	16.474	16.608	415.42	415.34
10:46:22	16.372	16.056	16.149	16.834	16.47	16.605	415.42	415.34
10:47:22	16.372	16.055	16.147	16.83	16.468	16.605	415.42	415.34
10:48:22	16.373	16.053	16.146	16.83	16.467	16.604	415.42	415.34
10:49:22	16.371	16.051	16.146	16.83	16.465	16.602	415.42	415.34
10:50:22	16.372	16.051	16.147	16.833	16.467	16.601	415.42	415.34
10:51:22	16.372	16.05	16.148	16.832	16.469	16.603	415.42	415.34
10:52:22	16.373	16.051	16.149	16.832	16.471	16.604	415.42	415.34
10:53:22	16.373	16.052	16.149	16.833	16.472	16.606	415.42	415.34
10:54:22	16.372	16.052	16.149	16.834	16.474	16.608	415.42	415.34
10:55:22	16.373	16.055	16.147	16.834	16.476	16.608	415.42	415.34
10:56:22	16.373	16.055	16.146	16.834	16.474	16.609	415.42	415.34
10:57:22	16.373	16.057	16.146	16.831	16.474	16.607	415.42	415.34
10:58:22	16.374	16.056	16.144	16.827	16.472	16.606	415.42	415.34
10:59:22	16.374	16.055	16.144	16.827	16.474	16.605	415.42	415.34
11:00:23	16.373	16.055	16.144	16.825	16.474	16.605	415.42	415.34
11:01:23	16.373	16.055	16.143	16.823	16.475	16.606	415.42	415.34
11:02:23	16.374	16.055	16.142	16.822	16.473	16.606	415.42	415.34
11:03:25	16.374	16.054	16.141	16.822	16.473	16.606	415.42	415.34
11:04:23	16.373	16.054	16.141	16.822	16.471	16.607	415.42	415.34
11:05:23	16.375	16.053	16.14	16.821	16.472	16.608	415.42	415.34
11:06:22	16.374	16.053	16.141	16.82	16.47	16.606	415.42	415.34
11:07:23	16.375	16.054	16.141	16.823	16.47	16.606	415.42	415.34
11:08:23	16.374	16.052	16.141	16.824	16.471	16.605	415.42	415.34
11:09:23	16.375	16.053	16.14	16.825	16.469	16.605	415.42	415.34
11:10:23	16.374	16.052	16.14	16.824	16.47	16.604	415.42	415.34
11:11:23	16.375	16.052	16.14	16.831	16.471	16.605	415.42	415.34
11:12:23	16.376	16.053	16.141	16.834	16.47	16.605	415.42	415.34
11:13:23	16.375	16.053	16.142	16.831	16.469	16.605	415.42	415.34
11:14:23	16.375	16.053	16.142	16.83	16.471	16.605	415.42	415.34
11:15:23	16.375	16.053	16.141	16.827	16.472	16.606	415.42	415.34
11:16:23	16.376	16.052	16.139	16.824	16.472	16.606	415.42	415.34
11:17:23	16.376	16.054	16.139	16.826	16.471	16.606	415.42	415.34
11:18:23	16.376	16.053	16.139	16.823	16.474	16.607	415.42	415.34
11:19:23	16.376	16.054	16.139	16.826	16.475	16.607	415.42	415.34
11:20:23	16.375	16.053	16.139	16.827	16.472	16.607	415.42	415.34
11:21:23	16.376	16.053	16.141	16.829	16.471	16.606	415.42	415.34
11:22:23	16.376	16.053	16.14	16.83	16.474	16.607	415.42	415.34
11:23:23	16.376	16.054	16.139	16.83	16.474	16.608	415.42	415.34
11:24:23	16.376	16.055	16.14	16.829	16.474	16.609	415.42	415.34
11:25:23	16.376	16.054	16.139	16.83	16.471	16.609	415.42	415.34
11:26:23	16.376	16.055	16.139	16.829	16.475	16.611	415.42	415.34
11:27:23	16.376	16.055	16.14	16.829	16.472	16.609	415.42	415.34
11:28:23	16.377	16.054	16.142	16.831	0.0	16.61	415.42	415.34
11:29:23	16.376	16.055	16.14	16.83	16.474	16.611	415.42	415.34
11:30:23	16.377	16.057	16.141	16.829	16.474	16.611	415.42	415.34
11:31:23	16.377	16.058	16.14	16.83	16.478	16.612	415.42	415.34
11:32:23	16.377	16.059	16.141	16.831	16.479	16.614	415.42	415.34
11:33:22	16.378	16.061	16.14	16.827	16.48	16.615	415.42	415.34
11:34:23	0.0	16.061	16.14	16.824	16.479	16.614	415.42	415.34
11:35:23	16.378	16.059	16.139	16.822	16.476	16.614	415.42	415.34
11:36:23	16.377	16.06	16.139	16.82	16.475	16.614	415.42	415.34
11:37:23	16.377	16.059	16.137	16.821	16.476	16.614	415.42	415.34
11:38:23	16.378	16.058	16.137	16.821	16.474	16.613	415.42	415.34
11:39:23	16.377	16.057	16.138	16.821	16.473	16.611	415.42	415.34
11:40:23	16.377	16.055	16.136	16.818	16.473	16.61	415.42	415.34
11:41:23	16.377	16.055	16.137	16.812	16.473	16.609	415.42	415.34
11:42:23	16.378	16.054	16.133	16.799	16.473	16.61	415.42	415.34
11:43:23	16.377	16.053	16.124	16.79	16.471	16.609	415.42	415.34
11:44:23	16.379	16.053	16.119	16.787	16.471	16.606	415.42	415.34
11:45:23	16.377	16.052	16.109	16.777	16.471	16.607	415.42	415.34
11:46:23	16.376	16.05	16.106	16.768	16.468	16.606	415.42	415.34
11:47:23	16.377	16.051	16.103	16.766	16.469	16.606	415.42	415.34
11:48:23	16.377	16.051	16.113	16.762	16.469	16.607	415.42	415.34
11:49:23	16.378	16.051	16.123	16.753	16.471	16.607	415.42	415.34
11:50:23	16.377	16.052	16.114	16.794	16.47	16.607	415.42	415.34
11:51:23	16.377	16.051	16.112	16.787	16.47	16.606	415.42	415.34
11:52:23	16.377	16.051	16.109	17.008	16.472	16.606	415.42	415.34
11:53:23	16.378	16.051	16.112	17.052	16.471	16.606	415.42	415.34
11:54:23	0.0	16.051	16.111	17.703	16.47	16.605	415.42	415.34
11:55:23	16.377	16.05	16.126	17.973	16.47	16.606	415.42	415.34
11:56:23	16.378	16.049	16.154	17.641	16.467	16.605	415.42	415.34
11:57:23	16.378	16.048	16.161	17.35	16.466	16.605	415.42	415.34
11:58:24	16.377	16.049	16.16	17.16	16.467	16.605	415.42	415.34
11:59:23	16.378	16.049	16.157	17.177	16.472	16.607	415.42	415.34
12:00:23	16.378	16.05	16.177	17.113	16.473	16.607	415.42	415.34
12:01:24	16.378	16.05	16.127	16.856	16.471	16.608	415.42	415.34
12:02:23	16.379	16.051	16.072	16.704	16.472	16.606	415.42	415.34
12:03:23	16.378	16.052	16.08	16.717	16.469	16.605	415.42	415.34
12:04:23	16.378	16.05	16.088	16.741	16.47	16.606	415.42	415.34
12:05:23	16.378	16.049	16.096	16.761	16.47	16.605	415.42	415.34
12:06:23	16.38	16.05	16.097	16.769	16.471	16.608	415.42	415.34
12:07:23	16.378	16.051	16.098	16.772	16.471	16.607	415.42	415.34
12:08:23	16.379	16.052	16.1	16.744	16.475	16.609	415.42	415.34
12:09:23	16.38	16.053	16.098	16.767	16.473	16.611	415.42	415.34
12:10:23	16.378	16.054	16.111	16.94	16.477	16.613	415.42	415.34
12:11:23	16.379	16.055	16.12	16.915	16.477	16.612	415.42	415.34
12:12:23	16.379	16.056	16.115	16.961	16.479	16.614	415.42	415.34
12:13:23	16.379	16.057	16.119	16.923	16.481	16.617	415.42	415.34
12:14:23	16.381	16.06	16.121	17.082	16.479	16.616	415.42	415.34
12:15:23	16.38	16.06	16.126	17.384	16.478	16.615	415.42	415.34
12:16:23	16.38	16.06	16.135	17.634	16.479	16.618	415.42	415.34
12:17:23	16.379	16.06	16.15	17.409	16.477	16.618	415.42	415.34
12:18:23	16.379	16.06	16.155	17.196	16.474	16.615	415.42	415.34
12:19:23	16.38	16.058	16.155	17.065	16.473	16.615	415.42	415.34
12:20:23	16.38	16.056	16.152	17.013	16.47	16.614	415.42	415.34
12:21:23	16.379	16.055	16.148	16.914	16.471	16.612	415.42	415.34
12:22:23	16.379	16.054	16.079	16.708	16.47	16.611	415.42	415.34
12:23:23	16.378	16.052	16.048	16.646	16.471	16.61	415.42	415.34
12:24:23	16.379	16.05	16.07	16.684	16.471	16.608	415.42	415.34
12:25:23	16.379	16.05	16.076	16.723	16.469	16.608	415.42	415.34
12:26:23	16.379	16.05	16.076	16.744	16.469	16.607	415.42	415.34
12:27:23	16.379	16.05	16.081	16.75	16.469	16.606	415.42	415.34
12:28:23	16.38	16.049	16.089	16.735	16.468	16.607	415.42	415.34
12:29:23	16.379	16.049	16.098	16.764	16.471	16.606	415.42	415.34
12:30:23	16.379	16.049	0.0	17.026	16.472	16.607	415.42	415.34
12:31:23	16.379	16.049	16.11	17.026	16.471	16.607	415.42	415.34
12:32:23	16.38	16.05	16.115	17.274	16.471	16.607	415.42	415.34
12:33:23	16.38	16.049	16.129	17.561	16.471	16.608	415.42	415.34
12:34:23	16.381	16.051	16.147	18.122	16.473	16.608	415.42	415.34
12:35:23	16.38	16.051	16.173	18.019	16.474	16.61	415.42	415.34
12:36:23	16.38	16.051	16.187	17.65	16.474	16.611	415.42	415.34
12:37:23	16.381	16.051	16.186	17.369	16.472	16.611	415.42	415.34
12:38:24	16.381	16.052	16.181	17.196	16.473	16.611	415.42	415.34
12:39:23	16.381	16.051	16.175	17.311	16.472	16.611	415.42	415.34
12:40:24	16.38	16.05	16.173	16.997	16.471	16.611	415.42	415.34
12:41:23	16.381	16.048	16.103	16.799	16.47	16.61	415.42	415.34
12:42:24	16.381	16.049	16.079	16.79	16.47	16.61	415.42	415.34
12:43:23	16.38	16.049	16.097	16.795	16.468	16.609	415.42	415.34
12:44:23	16.381	16.049	16.116	16.812	16.467	16.611	415.42	415.34
12:45:23	16.38	16.048	16.129	16.829	16.467	16.611	415.42	415.34
12:46:23	16.38	16.048	16.133	16.837	16.468	16.61	415.42	415.34
12:47:23	16.382	16.049	16.137	16.838	16.469	16.611	415.42	415.34
12:48:23	16.38	16.049	16.137	16.839	16.47	16.611	415.42	415.34
12:49:23	16.381	16.049	16.137	16.839	16.471	16.611	415.42	415.34
12:50:23	16.382	16.049	16.139	16.836	16.474	16.611	415.42	415.34
12:51:23	16.382	16.049	16.139	16.836	16.474	16.612	0.0	415.34
12:52:23	16.381	16.05	16.137	16.834	16.474	16.612	415.42	415.34
12:53:23	16.382	16.051	16.138	16.829	16.471	16.61	415.42	415.34
12:54:23	16.382	16.05	16.136	16.824	16.474	16.611	415.42	415.34
12:55:23	16.383	16.053	16.136	16.827	16.474	16.613	415.42	415.34
12:56:23	16.382	16.052	16.136	16.825	16.474	16.615	415.42	415.34
12:57:23	16.382	16.052	16.137	16.825	16.474	16.613	415.42	415.34
12:58:23	16.383	16.052	16.136	16.827	16.475	16.612	415.42	415.34
12:59:23	16.382	16.051	16.137	16.826	16.475	16.615	415.42	415.34
13:00:23	16.382	16.051	16.136	16.825	16.473	16.613	415.42	415.34
13:01:23	16.382	16.052	16.136	16.825	16.475	16.613	415.42	415.34
13:02:23	16.383	16.053	16.134	16.822	16.473	16.615	415.42	415.34
13:03:23	16.382	16.05	16.136	16.809	16.472	16.612	415.42	415.34
13:04:23	16.382	16.05	16.129	16.799	16.471	16.612	415.42	415.34
13:05:23	16.383	16.049	16.121	16.795	16.472	16.612	415.42	415.34
13:06:23	16.383	16.049	16.115	16.787	16.47	16.611	415.42	415.34
13:07:23	16.382	16.049	16.105	16.782	16.47	16.611	415.42	415.34
13:08:23	16.382	16.047	16.106	16.778	16.471	16.612	415.42	415.34
13:09:23	16.382	16.048	16.107	16.776	16.472	16.613	415.42	415.34
13:10:23	16.382	16.049	16.12	16.767	16.471	16.613	415.42	415.34
13:11:25	16.382	16.048	16.122	16.763	16.471	0.0	415.42	415.34
13:12:23	16.383	16.049	16.114	16.83	16.471	16.615	415.42	415.34
13:13:23	16.383	16.047	16.113	17.044	16.472	16.614	415.42	415.34
13:14:23	16.382	16.048	16.113	16.984	16.473	16.615	415.42	415.34
13:15:23	16.383	16.049	16.113	17.008	16.472	16.614	415.42	415.34
13:16:23	16.383	16.049	16.117	17.698	16.473	16.616	415.42	415.34
13:17:23	16.383	16.048	16.128	18.028	16.472	16.613	415.42	415.34
13:18:23	16.382	16.049	16.146	17.681	16.47	16.612	415.42	415.34
13:19:23	16.381	16.047	16.153	17.373	16.467	16.612	415.42	415.34
13:20:23	16.383	16.046	16.154	17.187	16.47	16.612	415.42	415.34
13:21:23	16.383	16.046	16.149	17.084	16.47	16.612	415.42	415.34
13:22:23	16.383	16.046	16.165	17.077	16.472	16.613	415.42	415.34
13:23:23	16.383	16.046	16.118	16.823	16.472	16.614	415.42	415.34
13:24:24	16.383	16.047	16.065	16.711	16.473	16.615	415.42	415.34
13:25:23	0.0	16.047	16.08	16.742	16.473	16.614	415.42	415.34
13:26:23	16.382	16.048	16.101	16.772	16.472	16.614	415.42	415.34
13:27:23	16.383	16.049	16.116	16.795	16.474	16.615	415.42	415.34
13:28:23	16.383	16.049	16.118	16.8	16.475	16.614	415.42	415.34
13:29:23	16.383	16.049	16.111	16.795	16.474	16.615	415.42	415.34
13:30:23	16.382	16.049	16.103	16.787	16.473	16.615	415.42	415.34
13:31:23	16.383	16.049	16.1	16.783	16.472	16.615	415.42	415.34
13:32:23	16.384	16.049	16.102	16.78	16.471	16.615	415.42	415.34
13:33:23	16.384	16.047	16.108	16.772	16.469	16.613	415.42	415.34
13:34:25	16.383	16.046	16.105	16.855	16.468	16.614	415.42	415.34
13:35:23	16.383	16.046	16.11	16.89	16.47	16.613	415.42	415.34
13:36:23	16.383	16.047	16.118	16.892	16.47	16.613	415.42	415.34
13:37:23	16.383	16.046	16.117	17.005	16.47	16.614	415.42	415.34
13:38:23	16.383	16.047	16.118	17.212	16.472	16.614	415.42	415.34
13:39:23	16.384	16.048	16.129	17.524	16.474	16.614	415.42	415.34
13:40:23	16.384	16.049	16.148	17.473	16.474	16.616	415.42	415.34
13:41:23	16.384	16.05	16.16	17.317	16.478	16.618	415.42	415.34
13:42:23	16.384	16.05	16.165	17.165	16.477	16.618	415.42	415.34
13:43:23	16.384	16.051	16.163	17.283	16.478	16.618	415.42	415.34
13:44:23	16.384	16.051	16.162	17.431	16.478	16.615	415.42	415.34
13:45:23	16.384	16.051	16.161	17.496	16.475	16.618	415.42	415.34
13:46:23	16.386	16.052	16.177	17.308	16.474	16.619	415.42	415.34
13:47:23	16.384	16.053	16.175	17.101	16.472	16.616	415.42	415.34
13:48:23	16.385	16.053	16.167	16.971	16.473	16.615	415.42	415.34
13:49:23	16.385	16.053	16.156	16.886	16.473	16.617	415.42	415.34
13:50:23	16.384	16.052	16.143	17.077	16.473	16.618	415.42	415.34
13:51:23	16.384	16.051	16.134	17.066	16.471	16.62	415.42	415.34
13:52:23	16.384	16.051	16.123	16.973	16.471	16.619	415.42	415.34
13:53:23	16.385	16.05	16.113	16.898	16.471	16.62	415.42	415.34
13:54:23	16.384	16.049	16.11	16.837	16.469	16.619	415.42	415.34
13:55:23	16.384	16.05	16.11	16.814	16.472	16.618	415.42	415.34
13:56:23	16.385	16.05	16.129	16.79	16.474	16.617	415.42	415.34
13:57:23	16.385	16.05	16.127	16.883	16.475	16.616	415.42	415.34
13:58:23	16.385	16.051	16.134	17.118	16.477	16.615	415.42	415.34
13:59:23	16.385	16.049	16.132	17.15	16.474	16.614	415.42	415.34
14:00:23	16.385	16.049	16.14	17.051	16.473	16.617	415.42	415.34
14:01:23	16.386	16.049	16.139	16.977	16.473	16.616	415.42	415.34
14:02:23	16.385	16.048	16.14	16.952	16.473	16.616	415.42	415.34
14:03:23	16.385	16.048	16.137	16.977	16.472	16.614	415.42	415.34
14:04:23	16.385	16.046	16.144	17.043	16.469	16.614	415.42	415.34
14:05:23	16.385	16.046	16.153	17.093	16.468	16.613	415.42	415.34
14:06:23	16.385	16.045	16.154	17.005	16.469	16.611	415.42	415.34
14:07:23	16.385	16.044	16.148	16.937	16.469	16.611	415.42	415.34
14:08:23	16.384	16.044	16.139	16.938	16.468	16.612	415.42	415.34
14:09:23	16.384	16.043	16.137	17.01	16.469	16.611	415.42	415.34
14:10:24	16.385	16.042	16.135	17.022	16.468	16.612	415.42	415.34
14:11:23	16.385	16.044	16.127	16.962	16.468	16.613	415.42	415.34
14:12:23	16.385	16.044	16.124	16.915	16.47	16.611	415.42	415.34
14:13:23	16.385	16.045	16.121	16.875	16.471	16.615	415.42	415.34
14:14:24	16.386	16.046	16.114	16.845	16.473	16.614	415.42	415.34
14:15:24	16.385	16.047	16.115	16.776	16.477	16.614	415.42	415.34
14:16:24	16.385	16.047	16.109	16.853	16.475	16.616	415.42	415.34
14:17:24	16.385	16.048	16.099	16.988	16.477	16.617	415.42	415.34
14:18:24	16.385	16.05	16.085	16.799	16.474	16.618	415.42	415.34
14:19:24	16.385	16.049	16.099	16.704	16.474	16.616	415.42	415.34
14:20:24	16.387	16.05	16.103	16.704	16.474	16.619	415.42	415.34
14:21:24	16.387	16.049	16.108	16.739	16.474	16.618	415.42	415.34
14:22:24	16.387	16.05	16.111	16.825	16.472	16.618	415.42	415.34
14:23:23	16.386	16.049	16.114	17.045	16.474	16.622	415.42	415.34
14:24:24	16.387	16.05	16.119	17.12	16.475	16.62	415.42	415.34
14:25:24	16.386	16.05	16.123	17.04	16.475	16.619	415.42	415.34
14:26:24	16.387	16.051	16.125	16.961	16.476	16.62	415.42	415.34
14:27:23	16.387	16.05	16.135	16.909	16.475	16.618	415.42	415.34
14:28:24	16.387	16.051	16.144	16.868	16.473	16.616	415.42	415.34
14:29:24	16.386	16.049	16.133	16.837	16.471	16.618	415.42	415.34
14:30:24	16.386	16.049	16.137	16.821	16.47	16.619	415.42	415.34
14:31:24	16.387	16.047	16.142	16.822	16.468	16.618	415.42	415.34
14:32:24	16.386	16.045	16.146	16.826	16.468	16.615	415.42	415.34
14:33:24	16.387	16.045	16.141	16.818	16.468	16.614	415.42	415.34
14:34:24	16.386	16.044	16.132	16.803	16.468	16.614	415.42	415.34
14:35:24	16.387	16.043	16.126	16.834	16.468	16.614	415.42	415.34
14:36:24	16.386	16.042	16.124	16.889	16.466	16.613	415.42	415.34
14:37:24	16.387	16.041	16.119	16.85	16.466	16.611	415.42	415.34
14:38:24	16.387	16.04	16.117	16.918	16.465	16.61	415.42	415.34
14:39:24	16.387	16.039	16.116	16.958	16.466	16.61	415.42	415.34
14:40:24	16.386	16.039	16.12	17.133	16.465	16.611	415.42	415.34
14:41:24	16.385	16.037	16.129	17.357	16.465	16.61	415.42	415.34
14:42:23	16.386	16.039	16.14	17.354	16.466	16.609	415.42	415.34
14:43:24	16.386	16.039	16.145	17.478	16.463	16.608	415.42	415.34
14:44:24	16.386	16.039	16.155	17.442	16.463	16.61	415.42	415.34
14:45:24	16.386	16.039	16.155	17.31	16.463	16.609	415.42	415.34
14:46:24	16.385	16.037	16.153	17.117	16.462	16.608	415.42	415.34
14:47:24	16.384	16.037	16.148	17.081	16.461	16.608	415.42	415.34
14:48:24	16.385	16.036	16.148	16.987	16.463	16.608	415.42	415.34
14:49:24	16.385	16.036	16.146	17.008	16.463	16.609	415.42	415.34
14:50:24	16.385	16.034	16.139	16.983	16.46	16.608	415.42	415.34
14:51:24	16.386	16.033	16.138	16.935	16.463	16.608	415.42	415.34
14:52:24	16.385	16.034	16.148	16.898	16.466	16.608	415.42	415.34
14:53:24	16.386	16.035	16.134	16.878	16.466	16.609	415.42	415.34
14:54:24	16.386	16.037	16.127	16.854	16.464	16.609	415.42	415.34
14:55:24	16.386	16.039	16.12	16.816	16.466	16.612	415.42	415.34
14:56:24	16.386	16.039	16.113	16.794	16.467	16.613	415.42	415.34
14:57:24	16.386	16.039	16.111	16.771	16.468	16.613	415.42	415.34
14:58:24	16.386	16.04	16.111	16.76	16.467	16.615	415.42	415.34
14:59:24	16.385	16.041	16.11	16.752	16.467	16.613	415.42	415.34
15:00:24	16.386	16.04	16.119	16.755	16.468	16.612	415.42	415.34
15:01:24	16.387	16.04	16.125	16.752	16.473	16.614	415.42	415.34
15:02:24	16.386	16.043	16.12	16.755	16.476	16.616	415.42	415.34
15:03:24	16.386	16.044	16.123	16.756	16.478	16.618	415.42	415.34
15:04:24	16.386	16.045	16.12	16.76	16.477	16.62	415.42	415.34
15:05:24	16.387	16.047	16.119	16.755	16.48	16.622	415.42	415.34
15:06:24	16.387	16.048	16.117	16.752	16.482	16.622	415.42	415.34
15:07:25	16.386	16.049	16.108	16.761	16.48	16.622	415.42	415.34
15:08:24	0.0	16.05	16.126	16.754	16.478	16.624	415.42	415.34
15:09:24	16.388	16.05	16.141	16.746	16.478	16.621	415.42	415.34
15:10:24	16.388	16.052	16.126	16.811	16.479	16.622	415.42	415.34
15:11:24	16.387	16.052	16.117	16.838	16.476	16.622	415.42	415.34
15:12:24	16.388	16.053	16.115	16.895	16.478	16.62	415.42	415.34
15:13:24	16.388	16.052	16.119	17.177	16.477	16.621	415.42	415.34
15:14:24	16.389	16.053	16.116	17.474	16.478	16.622	415.42	415.34
15:15:24	16.389	16.054	16.125	17.829	16.478	16.623	415.42	415.34
15:16:24	16.389	16.052	16.148	17.702	16.473	16.623	415.42	415.34
15:17:24	16.388	16.051	16.168	17.573	16.472	16.62	415.42	415.34
15:18:24	16.388	16.051	16.174	17.441	16.471	16.62	415.42	415.34
15:19:24	16.388	16.05	16.176	17.325	16.472	16.62	415.42	415.34
15:20:24	16.387	16.049	16.176	17.189	16.472	16.621	415.42	415.34
15:21:24	16.389	16.047	16.172	17.086	16.474	16.62	415.42	415.34
15:22:24	16.389	16.048	16.171	17.006	16.475	16.619	415.42	415.34
15:23:24	16.388	16.047	16.168	16.972	16.474	16.618	415.42	415.34
15:24:24	16.389	16.048	16.158	17.048	16.474	16.618	415.42	415.34
15:25:25	16.389	16.047	16.149	17.011	16.475	16.618	415.42	415.34
15:26:25	16.389	16.047	16.141	16.958	16.476	16.619	415.42	415.34
15:27:25	16.389	16.046	16.14	16.914	16.475	16.621	415.42	415.34
15:28:25	16.388	16.047	16.131	16.88	16.476	16.62	415.42	415.34
15:29:25	16.388	16.047	16.12	16.857	16.474	16.62	415.42	415.34
15:30:25	16.388	16.047	16.113	16.818	16.476	16.621	415.42	415.34
15:31:25	16.388	16.047	16.112	16.782	16.475	16.62	415.42	415.34
15:32:25	16.387	16.047	16.101	16.765	16.475	16.62	415.42	415.34
15:33:25	16.388	16.049	16.12	16.749	16.477	16.621	415.42	415.34
15:34:25	16.388	16.047	16.134	16.746	16.475	16.622	415.42	415.34
15:35:25	16.389	16.048	16.124	16.87	16.475	16.623	415.42	415.34
15:36:25	16.39	16.048	16.139	16.933	16.478	16.62	415.42	415.34
15:37:25	16.389	16.049	16.144	17.012	16.479	16.621	415.42	415.34
15:38:25	16.39	16.051	16.152	16.981	16.478	16.625	415.42	415.34
15:39:25	16.389	16.05	16.153	16.943	16.477	16.625	415.42	415.34
15:40:25	16.388	16.051	16.152	16.905	16.476	16.623	415.42	415.34
15:41:25	16.389	16.05	16.144	16.875	16.475	16.624	415.42	415.34
15:42:25	16.388	16.051	16.13	16.847	16.477	16.623	415.42	415.34
15:43:25	16.389	16.051	16.12	16.816	16.476	16.625	415.42	415.34
15:44:25	16.39	16.052	16.116	16.751	16.474	16.626	415.42	415.34
15:45:25	16.39	16.05	16.109	16.76	16.475	16.622	415.42	415.34
15:46:25	16.39	16.05	16.112	16.775	16.477	16.622	415.42	415.34
15:47:25	16.39	16.051	16.109	16.852	16.476	16.622	415.42	415.34
15:48:25	16.389	16.048	16.108	16.831	16.476	16.623	415.42	415.34
15:49:25	16.389	16.05	16.112	16.862	16.48	16.622	415.42	415.34
15:50:25	16.39	16.051	16.124	16.845	16.478	16.623	415.42	415.34
15:51:25	16.391	16.052	16.129	16.83	16.478	16.622	415.42	415.34
15:52:27	16.39	16.05	16.129	16.812	16.477	16.624	415.42	415.34
15:53:25	16.391	16.051	16.121	16.791	16.478	16.624	415.42	415.34
15:54:25	16.39	16.052	16.11	16.727	16.479	16.626	415.42	415.34
15:55:25	16.39	16.05	16.105	16.703	16.475	16.624	415.42	415.34
15:56:25	16.391	16.05	16.098	16.805	16.472	16.622	415.42	415.34
15:57:25	16.391	16.047	16.094	16.86	16.47	16.621	415.42	415.34
15:58:25	16.39	16.047	16.103	16.845	16.47	16.621	415.42	415.34
15:59:25	16.39	16.047	16.115	16.832	16.472	16.622	415.42	415.34
16:00:25	16.389	16.047	16.122	16.814	16.472	16.621	415.42	415.34
16:01:25	16.39	16.047	16.114	16.814	16.472	16.621	415.42	415.34
16:02:25	16.39	16.046	16.11	16.807	16.474	16.62	415.42	415.34
16:03:25	16.39	16.046	16.106	16.78	16.476	16.62	415.42	415.34
16:04:25	16.391	16.046	16.102	16.713	16.476	16.621	415.42	415.34
16:05:25	16.391	16.046	16.102	16.683	16.476	16.623	415.42	415.34
16:06:25	16.391	16.047	16.109	16.682	16.478	16.623	415.42	415.34
16:07:25	16.39	16.048	16.121	16.696	16.477	16.622	415.42	415.34
16:08:26	16.391	16.048	16.139	16.84	16.475	16.622	415.42	415.34
16:09:25	16.39	16.047	16.152	16.965	16.475	16.622	415.42	415.34
16:10:27	16.391	16.046	16.155	16.952	16.476	16.62	415.42	415.34
16:11:25	16.391	16.046	16.147	16.914	16.476	16.62	415.42	415.34
16:12:25	16.391	16.046	16.147	16.872	16.475	16.621	415.42	415.34
16:13:25	16.39	16.045	16.143	16.829	16.474	16.621	415.42	415.34
16:14:25	16.391	16.044	16.126	16.793	16.473	16.621	415.42	415.34
16:15:25	16.39	16.044	16.117	16.783	16.474	16.62	415.42	415.34
16:16:25	16.391	0.0	16.112	16.779	16.475	16.62	415.42	415.34
16:17:25	16.392	16.042	16.113	16.775	16.474	16.621	415.42	415.34
16:18:25	16.391	16.043	16.108	16.766	16.474	16.621	415.42	415.34
16:19:25	16.39	16.043	16.115	16.763	16.472	16.62	415.42	415.34
16:20:25	16.391	16.04	16.12	16.767	16.471	16.619	415.42	415.34
16:21:25	16.391	16.04	16.115	16.778	16.471	16.618	415.42	415.34
16:22:25	16.39	16.037	16.113	16.778	16.467	16.616	415.42	415.34
16:23:25	16.39	16.037	16.112	16.786	16.469	16.616	415.42	415.34
16:24:25	16.39	16.037	16.112	16.791	16.469	16.615	415.42	415.34
16:25:25	16.391	16.037	16.12	16.796	16.469	16.616	415.42	415.34
16:26:25	16.391	16.037	16.118	16.802	16.471	16.617	415.42	415.34
16:27:25	16.391	16.037	16.118	16.8	16.47	16.618	415.42	415.34
16:28:25	16.39	16.038	16.117	16.806	16.47	16.619	415.42	415.34
16:29:25	16.391	16.04	16.114	16.804	16.474	16.617	415.42	415.34
16:30:25	16.39	16.04	16.122	16.798	16.473	16.617	415.42	415.34
16:31:25	16.391	16.04	16.129	16.796	16.472	16.617	415.42	415.34
16:32:25	16.391	16.04	16.127	16.802	16.472	16.619	415.42	415.34
16:33:25	16.391	16.04	16.135	16.807	16.472	16.618	415.42	415.34
16:34:25	16.39	16.039	16.135	16.808	16.473	16.619	415.42	415.34
16:35:25	16.391	16.04	16.149	16.804	16.472	16.617	415.42	415.34
16:36:25	16.391	16.039	16.145	16.807	16.471	16.617	415.42	415.34
16:37:25	16.39	16.037	16.148	16.82	16.466	16.616	415.42	415.34
16:38:25	16.391	16.036	16.151	16.819	16.466	16.615	415.42	415.34
16:39:25	16.39	16.034	16.16	16.826	16.467	16.614	415.42	415.34
16:40:26	16.39	16.034	16.162	16.839	16.467	16.615	415.42	415.34
16:41:25	16.39	16.033	16.169	16.849	16.468	16.615	415.42	415.34
16:42:26	16.391	16.033	16.178	16.877	16.469	16.615	415.42	415.34
16:43:25	16.391	16.035	16.177	16.894	16.469	16.616	415.42	415.34
16:44:25	16.391	16.035	16.172	16.923	16.47	16.616	415.42	415.34
16:45:25	16.391	16.035	16.174	16.945	16.468	16.615	415.42	415.34
16:46:27	16.39	16.036	16.179	16.961	16.469	16.617	415.42	415.34
16:47:25	16.391	16.036	16.188	16.971	16.474	16.617	415.42	415.34
16:48:27	16.392	16.037	16.195	16.976	16.475	16.616	415.42	415.34
16:49:25	16.391	16.039	16.196	16.984	16.476	16.619	415.42	415.34
16:50:25	16.391	16.04	16.203	16.979	16.477	16.622	415.42	415.34
16:51:25	16.391	16.04	16.191	16.97	16.474	16.622	415.42	415.34
16:52:25	16.391	16.041	16.19	16.965	16.476	16.621	415.42	415.34
16:53:25	16.391	16.041	16.185	16.959	16.477	16.622	415.42	415.34
16:54:25	16.391	16.043	16.182	16.936	16.477	16.622	415.42	415.34
16:55:27	16.391	16.041	16.183	16.925	16.476	16.622	415.42	415.34
16:56:25	16.391	16.041	16.181	16.918	16.476	16.622	415.42	415.34
16:57:25	16.391	16.041	16.183	16.907	16.475	16.621	415.42	415.34
16:58:25	16.391	16.041	16.195	16.91	16.472	16.621	415.42	415.34
16:59:25	16.391	16.041	16.205	16.912	16.473	16.622	415.42	415.34
17:00:25	16.392	16.041	16.207	16.91	16.474	16.622	415.42	415.34
17:01:25	16.392	16.042	16.209	16.912	16.476	16.621	415.42	415.34
17:02:25	16.392	16.041	16.21	16.93	16.474	16.621	415.42	415.34
17:03:25	16.392	16.039	16.218	16.527	16.472	16.621	415.42	415.34
17:04:25	16.393	16.038	16.051	16.28	16.472	16.62	415.42	415.34
17:05:25	16.392	16.037	16.128	16.599	16.471	16.619	415.42	415.34
17:06:25	16.392	16.037	16.169	16.773	16.471	16.619	415.42	415.34
17:07:25	16.392	16.036	16.193	16.878	16.472	16.619	415.42	415.34
17:08:25	16.392	16.035	16.216	16.93	16.471	16.618	415.42	415.34
17:09:25	16.392	16.034	16.021	16.875	16.469	16.618	415.42	415.34
17:10:25	16.391	16.034	16.049	16.812	16.468	16.617	415.42	415.34
17:11:25	16.39	16.034	16.116	16.861	16.472	16.618	415.42	415.34
17:12:25	16.393	16.035	16.156	16.911	16.47	16.619	415.42	415.34
17:13:25	16.392	16.037	16.178	16.957	16.472	16.621	415.42	415.34
17:14:25	16.392	16.036	16.193	16.981	16.474	16.62	415.42	415.34
17:15:25	16.393	16.037	16.202	16.993	16.472	16.621	415.42	415.34
17:16:25	16.392	16.037	16.177	16.948	16.474	16.62	415.42	415.34
17:17:25	16.392	16.037	16.171	16.914	16.472	16.618	415.42	415.34
17:18:25	16.393	16.036	16.181	16.939	16.469	16.621	415.42	415.34
17:19:25	16.392	16.035	16.19	16.959	16.471	16.62	415.42	415.34
17:20:25	16.392	16.035	16.203	16.848	16.472	16.62	415.42	415.34
17:21:25	16.391	16.035	16.081	16.438	16.47	16.62	415.42	415.34
17:22:26	16.392	16.035	16.115	16.689	16.472	16.621	415.42	415.34
17:23:25	16.393	16.036	16.17	16.845	16.47	16.621	415.42	415.34
17:24:25	16.393	16.036	16.086	16.871	16.472	16.619	415.42	415.34
17:25:25	16.392	16.036	16.077	16.826	16.473	16.621	415.42	415.34
17:26:25	16.392	16.035	16.132	16.871	16.47	16.621	415.42	415.34
17:27:25	16.393	16.036	16.165	16.922	16.47	16.618	415.42	415.34
17:28:25	16.392	16.035	16.185	16.954	16.471	16.618	415.42	415.34
17:29:25	16.392	16.035	16.177	16.917	16.469	16.617	415.42	415.34
17:30:27	16.391	16.033	16.187	16.912	16.468	16.618	415.42	415.34
17:31:25	16.393	16.033	16.189	16.496	16.468	16.615	415.42	415.34
17:32:25	16.394	16.033	16.049	16.312	16.47	16.618	415.42	415.34
17:33:25	16.392	16.033	16.101	16.636	16.472	16.619	415.42	415.34
17:34:25	16.392	16.034	16.149	16.822	16.473	16.619	415.42	415.34
17:35:25	16.392	16.035	16.174	16.922	16.471	16.621	415.42	415.34
17:36:25	16.392	16.034	16.045	16.93	16.47	16.621	415.42	415.34
17:37:25	16.393	16.034	16.007	16.853	16.468	16.619	415.42	415.34
17:38:28	16.392	16.034	16.093	16.894	16.468	16.621	415.42	415.34
17:39:25	16.393	16.034	16.139	16.947	16.471	16.621	415.42	415.34
17:40:25	16.393	16.034	16.168	16.976	16.467	16.619	415.42	415.34
17:41:25	16.393	16.033	16.174	17.003	16.466	16.619	415.42	415.34
17:42:25	16.393	16.033	16.142	16.936	16.469	16.618	415.42	415.34
17:43:25	16.392	16.032	16.136	16.888	16.467	16.618	415.42	415.34
17:44:25	16.392	16.033	16.151	16.918	16.464	16.617	415.42	415.34
17:45:25	16.392	16.032	16.172	16.966	16.463	16.617	415.42	415.34
17:46:25	16.393	16.031	16.188	16.835	16.464	16.617	415.42	415.34
17:47:25	16.391	16.031	16.067	16.471	16.469	16.618	415.42	415.34
17:48:26	16.391	16.032	16.09	16.688	16.468	16.617	415.42	415.34
17:49:25	16.392	16.032	16.141	16.858	16.465	16.617	415.42	415.34
17:50:25	16.392	16.031	16.174	16.944	16.465	16.616	415.42	415.34
17:51:25	16.391	16.031	16.021	16.87	16.466	16.616	415.42	415.34
17:52:25	16.391	16.032	16.033	16.832	16.466	16.616	415.42	415.34
17:53:25	16.391	16.031	16.084	16.892	16.466	16.618	415.42	415.34
17:54:25	16.391	16.031	16.123	16.953	16.468	16.616	415.42	415.34
17:55:25	16.391	16.031	16.155	16.993	16.465	16.616	415.42	415.34
17:56:25	16.392	16.03	16.174	17.011	16.466	16.616	415.42	415.34
17:57:25	16.391	16.03	16.185	17.015	16.466	16.617	415.42	415.34
17:58:25	16.392	16.03	16.191	17.017	16.468	16.617	415.42	415.34
17:59:27	16.392	16.031	16.16	16.368	16.467	16.618	415.42	415.34
18:00:25	16.392	16.032	16.051	16.415	16.469	16.616	415.42	415.34
18:01:25	16.392	16.032	16.098	16.673	16.469	16.617	415.42	415.34
18:02:25	16.392	16.032	16.133	16.805	16.471	16.618	415.42	415.34
18:03:25	16.392	16.035	16.15	16.873	16.472	16.618	415.42	415.34
18:04:25	16.392	16.036	16.16	16.905	16.471	16.619	415.42	415.34
18:05:25	16.392	16.036	16.163	16.915	16.473	16.621	415.42	415.34
18:06:25	16.391	16.035	16.167	16.922	16.471	16.62	415.42	415.34
18:07:25	16.392	16.035	16.17	16.922	16.47	16.621	415.42	415.34
18:08:25	16.391	16.034	16.171	16.928	16.468	16.62	415.42	415.34
18:09:25	16.392	16.031	16.175	16.923	16.465	16.618	415.42	415.34
18:10:25	16.392	16.03	16.178	16.923	16.465	16.618	415.42	415.34
18:11:25	16.391	16.029	16.178	16.92	16.462	16.618	415.42	415.34
18:12:25	16.392	16.029	16.182	16.919	16.465	16.616	415.42	415.34
18:13:25	16.392	16.029	16.183	16.917	16.464	16.618	415.42	415.34
18:14:25	16.391	16.029	16.184	16.914	16.465	16.618	415.42	415.34
18:15:25	16.391	16.03	16.183	16.91	16.466	16.619	415.42	415.34
18:16:25	16.391	16.029	16.182	16.907	16.464	16.617	415.42	415.34
18:17:25	16.39	16.03	16.184	16.905	16.464	16.618	415.42	415.34
18:18:26	16.391	16.03	16.185	16.908	16.466	16.618	415.42	415.34
18:19:25	16.392	16.031	16.188	16.913	16.465	16.62	415.42	415.34
18:20:25	16.392	16.031	16.19	16.914	16.471	16.618	415.42	415.34
18:21:25	16.392	16.032	16.19	16.907	16.471	16.621	415.42	415.34
18:22:25	16.392	16.035	16.188	16.897	16.47	16.621	415.42	415.34
18:23:25	16.392	16.035	16.185	16.89	16.471	16.622	415.42	415.34
18:24:25	16.392	16.034	16.184	16.889	16.471	16.621	415.42	415.34
18:25:25	16.392	16.034	16.187	16.888	16.471	16.62	415.42	415.34
18:26:25	16.391	16.032	16.183	16.879	16.469	16.621	415.42	415.34
18:27:25	16.393	16.032	16.18	16.875	16.469	16.618	415.42	415.34
18:28:25	16.392	16.031	16.181	16.874	16.468	16.619	415.42	415.34
18:29:25	16.392	16.031	16.18	16.872	16.469	16.618	415.42	415.34
18:30:25	16.393	16.032	16.18	16.869	16.466	16.617	415.42	415.34
18:31:25	16.392	16.031	16.179	16.866	16.465	16.618	415.42	415.34
18:32:25	16.392	16.031	16.179	16.866	16.466	16.619	415.42	415.34
18:33:25	16.393	16.031	16.179	16.865	16.471	16.618	415.42	415.34
18:34:25	16.392	16.03	16.178	16.862	16.469	16.62	415.42	415.34
18:35:25	16.392	16.03	16.178	16.861	16.467	16.62	415.42	415.34
18:36:25	16.392	16.03	16.176	16.859	16.466	16.619	415.42	415.34
18:37:25	16.392	16.03	16.176	16.857	16.467	16.619	415.42	415.34
18:38:25	16.392	16.03	16.175	16.86	16.466	16.62	415.42	415.34
18:39:25	16.392	16.028	16.175	16.855	16.466	16.62	415.42	415.34
18:40:25	16.392	16.028	16.172	16.851	16.468	16.618	415.42	415.34
18:41:25	16.392	16.028	16.172	16.849	16.466	16.619	415.42	415.34
18:42:25	16.392	16.027	16.171	16.848	16.466	16.62	415.42	415.34
18:43:25	16.392	16.026	16.171	16.848	16.465	16.619	415.42	415.34
18:44:25	16.393	16.026	16.172	16.851	16.464	16.618	415.42	415.34
18:45:25	16.391	16.025	16.172	16.851	16.464	16.618	415.42	415.34
18:46:25	16.39	16.026	16.171	16.851	16.465	16.618	415.42	415.34
18:47:26	16.393	16.027	16.169	16.85	16.462	16.618	415.42	415.34
18:48:25	16.391	16.028	16.17	16.851	16.463	16.619	415.42	415.34
18:49:25	16.391	16.027	16.172	16.851	16.465	16.619	415.42	415.34
18:50:25	16.392	16.029	16.17	16.849	16.467	16.621	415.42	415.34
18:51:25	16.393	16.029	16.171	16.849	16.467	16.62	415.42	415.34
18:52:26	16.392	16.03	16.17	16.851	16.466	16.621	415.42	415.34
18:53:25	16.391	16.03	16.171	16.845	16.466	16.62	415.42	415.34
18:54:25	16.392	16.03	16.168	16.844	16.466	16.621	415.42	415.34
18:55:25	16.392	16.03	16.17	16.846	16.466	16.62	415.42	415.34
18:56:25	16.393	16.031	16.169	16.844	16.467	16.622	415.42	415.34
18:57:25	16.392	16.032	16.168	16.847	16.469	16.622	415.42	415.34
18:58:25	16.392	16.031	16.168	16.848	16.471	16.624	415.42	415.34
18:59:25	16.393	16.033	16.169	16.848	16.472	16.624	415.42	415.34
19:00:28	16.393	16.035	16.168	16.844	16.474	16.623	415.42	415.34
19:01:25	16.392	16.035	16.165	16.839	16.472	16.624	415.42	415.34
19:02:25	16.393	16.036	16.164	16.839	16.473	16.624	415.42	415.34
19:03:25	16.393	16.036	16.163	16.833	16.47	16.623	415.42	415.34
19:04:25	16.392	16.034	16.161	16.829	16.469	16.622	415.42	415.34
19:05:25	16.393	16.034	16.16	16.833	16.471	16.621	415.42	415.34
19:06:25	16.394	16.033	16.161	16.833	16.469	16.621	415.42	415.34
19:07:25	16.392	16.032	16.162	16.83	16.467	16.621	415.42	415.34
19:08:25	16.392	16.031	16.16	16.832	16.467	16.62	415.42	415.34
19:09:25	16.393	16.03	16.16	16.832	16.466	16.62	415.42	415.34
19:10:25	16.392	16.03	16.16	16.832	16.465	16.619	415.42	415.34
19:11:25	16.391	16.029	16.16	16.828	16.466	16.619	415.42	415.34
19:12:25	16.393	16.028	16.158	16.826	16.465	16.618	415.42	415.34
19:13:25	16.392	16.027	16.155	16.826	16.463	16.618	415.42	415.34
19:14:25	16.392	16.025	16.153	16.824	16.462	16.618	415.42	415.34
19:15:25	16.391	16.024	16.156	16.825	16.462	16.618	415.42	415.34
19:16:25	16.391	16.023	16.155	16.824	16.464	16.618	415.42	415.34
19:17:25	16.391	16.023	16.155	16.825	16.465	16.619	415.42	415.34
19:18:25	16.391	16.024	16.154	16.832	16.464	16.62	415.42	415.34
19:19:25	16.391	16.024	16.156	16.834	16.464	16.618	415.42	415.34
19:20:25	16.391	16.025	16.156	16.833	16.465	16.619	415.42	415.34
19:21:25	16.391	16.024	16.157	16.833	16.464	16.618	415.42	415.34
19:22:25	16.391	16.024	16.157	16.833	16.464	16.619	415.42	415.34
19:23:25	16.39	16.025	16.157	16.832	16.465	16.62	415.42	415.34
19:24:25	16.391	16.028	16.157	16.831	16.466	16.621	415.42	415.34
19:25:25	16.391	16.03	16.157	16.832	16.468	16.621	415.42	415.34
19:26:25	16.391	16.031	16.157	16.829	16.467	16.623	415.42	415.34
19:27:25	16.392	16.032	16.154	16.824	16.47	16.621	415.42	415.34
19:28:26	16.392	16.032	16.153	16.828	16.47	16.62	415.42	415.34
19:29:25	16.393	16.033	16.155	16.827	16.47	16.621	415.42	415.34
19:30:26	16.393	16.033	16.154	16.825	16.469	16.623	415.42	415.34
19:31:25	0.0	16.032	16.152	16.827	16.47	16.62	415.42	415.34
19:32:25	16.394	16.032	16.153	16.826	16.468	16.62	415.42	415.34
19:33:25	16.392	16.032	16.154	16.827	16.467	16.62	415.42	415.34
19:34:25	16.392	16.031	16.154	16.826	16.466	16.622	415.42	415.34
19:35:26	16.392	16.03	16.153	16.825	16.464	16.622	415.42	415.34
19:36:25	16.393	16.03	16.152	16.826	16.463	16.621	415.42	415.34
19:37:25	16.392	16.03	16.153	16.826	16.464	16.622	415.42	415.34
19:38:25	16.393	16.029	16.152	16.821	16.465	16.621	415.42	415.34
19:39:25	16.392	16.029	16.151	16.822	16.464	16.62	415.42	415.34
19:40:27	16.392	16.031	16.15	16.824	16.465	16.622	415.42	415.34
19:41:25	16.392	16.03	16.151	16.82	16.469	16.622	415.42	415.34
19:42:25	16.393	16.032	16.152	16.822	16.471	16.624	415.42	415.34
19:43:25	16.393	16.035	16.152	16.819	16.47	16.625	415.42	415.34
19:44:25	16.392	16.036	16.151	16.818	16.471	16.625	415.42	415.34
19:45:25	16.393	16.035	16.15	16.813	16.472	16.624	415.42	415.34
19:46:25	16.393	16.036	16.149	16.81	16.471	16.624	415.42	415.34
19:47:25	16.393	16.036	16.147	16.813	16.474	16.623	415.42	415.34
19:48:25	16.394	16.036	16.147	16.81	16.473	16.626	415.42	415.34
19:49:25	16.393	16.037	16.146	16.809	16.472	16.627	415.42	415.34
19:50:25	16.394	16.037	16.145	16.801	16.47	16.624	415.42	415.34
19:51:25	16.395	16.037	16.137	16.787	16.472	16.624	415.42	415.34
19:52:25	16.394	16.036	16.128	16.777	16.474	16.624	415.42	415.34
19:53:25	16.393	16.035	16.126	16.771	16.473	16.624	415.42	415.34
19:54:26	16.394	16.035	16.123	16.765	16.47	16.624	415.42	415.34
19:55:25	16.393	16.034	16.134	16.765	16.471	16.624	415.42	415.34
19:56:25	16.393	16.032	16.136	17.018	16.47	16.624	415.42	415.34
19:57:25	16.393	16.034	16.133	17.073	16.47	16.623	415.42	415.34
19:58:26	16.393	16.032	16.13	16.982	16.469	16.623	415.42	415.34
19:59:26	16.393	16.032	16.134	16.907	16.47	16.622	415.42	415.34
20:00:26	16.393	16.032	16.135	16.9	16.469	16.622	415.42	415.34
20:01:26	16.394	16.033	16.141	17.228	16.468	16.621	415.42	415.34
20:02:26	16.393	16.032	16.152	17.906	16.47	16.622	415.42	415.34
20:03:26	16.394	16.032	16.166	17.696	16.47	16.622	415.42	415.34
20:04:26	16.394	16.032	16.179	17.404	16.465	16.623	415.42	415.34
20:05:26	16.394	16.033	16.184	17.224	16.468	16.623	415.42	415.34
20:06:26	16.393	16.032	16.185	17.148	16.466	16.621	415.42	415.34
20:07:26	16.393	16.032	16.189	17.173	16.466	16.621	415.42	415.34
20:08:26	16.395	16.032	16.191	17.13	16.467	16.622	415.42	415.34
20:09:26	16.393	16.031	16.192	17.059	16.466	16.621	415.42	415.34
20:10:26	16.394	16.031	16.186	16.996	16.468	16.622	415.42	415.34
20:11:26	16.394	16.03	16.176	16.948	16.47	16.621	415.42	415.34
20:12:26	16.393	16.03	16.168	16.889	16.466	16.622	415.42	415.34
20:13:26	16.393	16.029	16.161	16.841	16.466	16.622	415.42	415.34
20:14:26	16.393	16.03	16.157	16.804	16.465	16.621	415.42	415.34
20:15:26	16.393	16.03	16.149	16.768	16.465	16.621	415.42	415.34
20:16:26	16.394	16.03	16.141	16.748	16.467	16.621	415.42	415.34
20:17:26	16.393	16.03	16.128	16.703	16.468	16.622	415.42	415.34
20:18:26	16.394	16.031	16.127	16.795	16.466	16.621	415.42	415.34
20:19:26	16.394	16.031	16.128	16.874	16.467	16.622	415.42	415.34
20:20:26	16.393	16.031	16.129	16.887	16.467	16.623	415.42	415.34
20:21:26	16.393	16.031	16.131	16.87	16.466	16.624	415.42	415.34
20:22:26	16.393	16.031	16.128	16.855	16.466	16.623	415.42	415.34
20:23:26	16.393	16.032	16.124	16.84	16.465	16.623	415.42	415.34
20:24:26	16.393	16.032	16.142	16.841	16.466	16.623	415.42	415.34
20:25:26	16.395	16.031	16.155	16.842	16.466	16.622	415.42	415.34
20:26:26	16.393	16.031	16.164	16.855	16.466	16.623	415.42	415.34
20:27:26	16.394	16.031	16.166	16.876	16.468	16.623	415.42	415.34
20:28:26	16.394	16.031	16.162	16.85	16.465	16.623	415.42	415.34
20:29:28	16.393	16.032	16.16	16.818	16.465	16.624	415.42	415.34
20:30:26	16.394	16.031	16.163	16.808	16.467	16.624	415.42	415.34
20:31:26	16.393	16.031	16.171	16.804	16.466	16.623	415.42	415.34
20:32:26	16.393	16.032	16.173	16.82	16.468	16.623	415.42	415.34
20:33:27	16.394	16.032	16.176	16.829	16.468	16.623	415.42	415.34
20:34:28	16.394	16.033	16.179	16.813	16.469	16.624	415.42	415.34
20:35:27	16.393	16.032	16.174	16.8	16.469	16.624	415.42	415.34
20:36:29	16.394	16.032	16.164	16.798	16.471	16.625	415.42	415.34
20:37:27	16.394	16.032	16.16	16.784	16.471	16.624	415.42	415.34
20:38:27	16.394	16.033	16.146	16.768	16.474	16.625	415.42	415.34
20:39:27	16.395	16.034	16.105	16.743	16.471	16.625	415.42	415.34
20:40:27	16.394	16.033	16.11	16.735	16.466	16.624	415.42	415.34
20:41:27	16.395	16.033	16.11	16.735	16.47	16.624	415.42	415.34
20:42:27	16.394	16.034	16.081	16.733	16.469	16.624	415.42	415.34
20:43:27	16.394	16.032	16.079	16.733	16.469	16.624	415.42	415.34
20:44:27	16.394	16.032	16.087	16.724	16.467	16.624	415.42	415.34
20:45:27	16.393	16.032	16.092	16.72	16.468	16.624	415.42	415.34
20:46:27	16.394	16.032	16.102	16.714	16.468	16.624	415.42	415.34
20:47:27	16.394	16.032	16.11	16.721	16.47	16.624	415.42	415.34
20:48:27	16.395	16.032	16.12	16.722	16.47	16.625	415.42	415.34
20:49:27	16.396	16.032	16.123	16.717	16.468	16.626	415.42	415.34
20:50:27	16.395	16.034	16.116	16.705	16.472	16.626	415.42	415.34
20:51:27	16.395	16.035	16.105	16.705	16.473	16.625	415.42	415.34
20:52:27	16.395	16.036	16.126	16.775	16.474	16.627	415.42	415.34
20:53:27	16.395	16.037	16.154	16.806	16.476	16.628	415.42	415.34
20:54:27	16.396	16.038	16.147	16.803	16.475	16.626	415.42	415.34
20:55:27	16.396	16.04	16.145	16.797	16.478	16.627	415.42	415.34
20:56:27	16.396	16.041	16.142	16.821	16.479	16.628	415.42	415.34
20:57:27	16.396	16.041	16.126	16.835	16.48	16.627	415.42	415.34
20:58:27	16.396	16.043	16.124	16.809	16.479	16.629	415.42	415.34
20:59:27	16.396	16.043	16.116	16.792	16.479	16.629	415.42	415.34
21:00:27	16.397	16.044	16.105	16.782	16.476	16.628	415.42	415.34
21:01:27	16.396	16.045	16.096	16.777	16.478	16.628	415.42	415.34
21:02:27	16.396	16.045	16.086	16.77	16.478	16.632	415.42	415.34
21:03:27	16.397	16.044	16.09	16.769	16.476	16.632	415.42	415.34
21:04:27	16.396	16.045	16.085	16.767	16.474	16.629	415.42	415.34
21:05:27	16.397	16.044	16.082	16.764	16.476	16.628	415.42	415.34
21:06:27	16.398	16.044	16.077	16.752	16.475	16.63	415.42	415.34
21:07:27	16.397	16.043	16.074	16.741	16.475	16.629	415.42	415.34
21:08:27	16.397	16.043	16.081	16.739	16.474	16.629	415.42	415.34
21:09:27	16.397	16.042	16.083	16.742	16.474	16.63	415.42	415.34
21:10:27	16.396	16.042	16.083	16.752	16.474	16.631	415.42	415.34
21:11:27	16.397	16.042	16.086	16.838	16.476	16.63	415.42	415.34
21:12:27	16.397	16.039	16.094	16.941	16.473	16.629	415.42	415.34
21:13:27	16.398	16.041	16.103	16.961	16.475	16.627	415.42	415.34
21:14:27	16.397	16.041	16.102	16.901	16.474	16.628	415.42	415.34
21:15:27	16.397	16.039	16.105	16.894	16.474	16.628	415.42	415.34
21:16:27	16.397	16.04	16.106	16.87	16.473	16.628	415.42	415.34
21:17:27	16.397	16.039	16.107	16.925	16.472	16.627	415.42	415.34
21:18:27	16.397	16.039	16.108	16.972	16.474	16.628	415.42	415.34
21:19:27	16.398	16.038	16.12	17.188	16.472	16.628	415.42	415.34
21:20:27	16.398	16.037	16.134	17.278	16.472	16.628	415.42	415.34
21:21:27	16.397	16.036	16.146	17.107	16.471	16.626	415.42	415.34
21:22:27	16.397	16.036	16.144	16.927	16.469	16.626	415.42	415.34
21:23:27	16.397	16.036	16.138	16.864	16.471	16.627	415.42	415.34
21:24:27	16.398	16.036	16.135	16.78	16.471	16.626	415.42	415.34
21:25:27	16.398	16.036	16.104	16.863	16.474	16.627	415.42	415.34
21:26:27	16.397	16.036	15.983	16.907	16.475	16.628	415.42	415.34
21:27:27	16.397	16.038	15.96	16.91	16.473	16.628	415.42	415.34
21:28:27	16.398	16.037	15.973	16.875	16.472	16.627	415.42	415.34
21:29:27	16.398	16.036	15.989	16.842	16.473	16.626	415.42	415.34
21:30:27	16.398	16.036	16.027	16.81	16.468	16.624	415.42	415.34
21:31:27	16.396	16.035	16.056	16.795	16.472	16.627	415.42	415.34
21:32:27	16.398	16.034	16.071	16.784	16.47	16.626	415.42	415.34
21:33:27	16.397	16.034	16.074	16.779	16.468	16.627	415.42	415.34
21:34:27	16.397	16.032	16.064	16.773	16.471	16.625	415.42	415.34
21:35:27	16.398	16.032	16.064	16.774	16.469	16.626	415.42	415.34
21:36:27	16.397	16.032	16.07	16.769	16.472	16.627	415.42	415.34
21:37:27	16.397	16.032	16.074	16.798	16.474	16.628	415.42	415.34
21:38:27	16.398	16.033	16.083	17.013	16.474	16.628	415.42	415.34
21:39:27	16.398	16.033	16.094	17.466	16.472	16.629	415.42	415.34
21:40:27	16.398	16.035	16.114	17.486	16.474	16.627	415.42	415.34
21:41:27	16.398	16.035	16.127	17.291	16.473	16.627	415.42	415.34
21:42:27	16.397	16.035	16.131	17.074	16.475	16.627	415.42	415.34
21:43:27	16.397	16.036	16.109	16.907	16.472	16.628	415.42	415.34
21:44:27	16.398	16.036	16.116	16.88	16.469	16.628	415.42	415.34
21:45:27	16.398	16.036	16.126	16.855	16.472	16.628	415.42	415.34
21:46:27	16.398	16.035	16.129	16.866	16.474	16.626	415.42	415.34
21:47:27	16.398	16.034	16.126	16.851	16.472	16.628	415.42	415.34
21:48:27	16.398	16.036	16.125	16.806	16.472	16.626	415.42	415.34
21:49:27	16.397	16.034	16.121	16.778	16.47	16.626	415.42	415.34
21:50:27	16.398	16.033	16.117	16.751	16.47	16.627	415.42	415.34
21:51:27	16.397	16.032	16.113	16.729	16.469	16.627	415.42	415.34
21:52:27	16.397	16.032	16.107	16.734	16.468	16.625	415.42	415.34
21:53:27	16.397	16.031	16.111	16.943	16.468	16.626	415.42	415.34
21:54:27	16.397	16.031	16.12	17.567	16.468	16.626	415.42	415.34
21:55:27	16.396	16.028	16.137	17.359	16.465	16.626	415.42	415.34
21:56:27	16.397	16.028	16.151	17.14	16.469	16.626	415.42	415.34
21:57:27	16.396	16.03	16.156	16.979	16.47	16.626	415.42	415.34
21:58:28	16.397	16.029	16.15	16.891	16.469	16.626	415.42	415.34
21:59:27	0.0	16.029	16.146	16.876	16.471	16.626	415.42	415.34
22:00:27	16.398	16.028	16.14	16.967	16.474	16.628	415.42	415.34
22:01:27	16.397	16.031	16.138	17.004	16.473	16.629	415.42	415.34
22:02:28	16.398	16.032	16.138	16.957	16.474	16.629	415.42	415.34
22:03:27	16.397	16.032	16.138	16.92	16.473	16.631	415.42	415.34
22:04:27	16.397	16.032	16.141	16.885	16.475	16.63	415.42	415.34
22:05:27	16.398	16.034	16.134	16.856	16.474	16.63	415.42	415.34
22:06:27	16.397	16.035	16.147	16.851	16.474	16.63	415.42	415.34
22:07:27	16.397	16.035	16.152	16.846	16.474	16.629	415.42	415.34
22:08:27	16.397	16.035	16.165	16.84	16.476	16.628	415.42	415.34
22:09:27	16.397	16.034	16.171	16.849	16.478	16.63	415.42	415.34
22:10:27	16.397	16.035	16.173	16.842	16.476	16.629	415.42	415.34
22:11:27	16.398	16.036	16.172	16.833	16.475	16.63	415.42	415.34
22:12:28	16.397	16.035	16.171	16.853	16.474	16.629	415.42	415.34
22:13:27	0.0	16.035	16.176	17.023	16.477	16.629	415.42	415.34
22:14:27	16.397	16.035	16.179	17.05	16.477	16.63	415.42	415.34
22:15:27	16.399	16.035	16.172	16.991	16.474	16.63	415.42	415.34
22:16:27	16.399	16.035	16.168	16.94	16.476	16.631	415.42	415.34
22:17:27	16.399	16.036	16.166	16.898	16.475	16.63	415.42	415.34
22:18:27	16.398	16.035	16.163	16.876	16.475	16.629	415.42	415.34
22:19:27	16.398	16.035	16.165	16.856	16.476	16.63	415.42	415.34
22:20:27	16.397	16.035	16.162	16.842	16.477	16.631	415.42	415.34
22:21:27	16.397	16.035	16.15	16.834	16.477	16.63	415.42	415.34
22:22:27	16.399	16.036	16.144	16.818	16.472	16.63	415.42	415.34
22:23:27	16.398	16.035	16.133	16.81	16.474	16.629	415.42	415.34
22:24:27	16.399	16.034	16.13	16.803	16.474	16.63	415.42	415.34
22:25:27	16.399	16.034	16.131	16.806	16.472	16.628	415.42	415.34
22:26:27	16.399	16.032	16.127	16.813	16.471	16.627	415.42	415.34
22:27:27	16.399	16.032	16.132	16.77	16.474	16.629	415.42	415.34
22:28:27	16.398	16.032	16.134	16.735	16.475	16.628	415.42	415.34
22:29:27	16.399	16.032	16.139	16.745	16.472	16.628	415.42	415.34
22:30:27	16.398	16.032	16.157	16.786	16.472	16.629	415.42	415.34
22:31:27	16.398	16.032	16.172	16.808	16.473	16.629	415.42	415.34
22:32:27	16.398	16.032	16.175	16.806	16.477	16.63	415.42	415.34
22:33:27	16.398	16.031	16.157	16.825	16.474	16.629	415.42	415.34
22:34:27	16.398	16.032	16.151	16.865	16.476	16.629	415.42	415.34
22:35:27	16.399	16.031	16.155	16.922	16.474	16.629	415.42	415.34
22:36:27	16.398	16.03	16.157	16.886	16.475	16.627	415.42	415.34
22:37:27	16.399	16.031	16.145	16.878	16.476	16.628	415.42	415.34
22:38:27	16.398	16.032	16.136	16.891	16.475	16.63	415.42	415.34
22:39:27	16.399	16.032	16.132	16.895	16.476	16.63	415.42	415.34
22:40:27	16.4	16.033	16.133	16.962	16.477	16.633	415.42	415.34
22:41:27	16.399	16.035	16.132	17.262	16.481	16.631	415.42	415.34
22:42:27	16.399	16.036	16.139	17.443	16.48	16.633	415.42	415.34
22:43:27	16.399	16.037	16.163	17.359	16.48	16.633	415.42	415.34
22:44:28	16.4	16.038	16.176	17.236	16.479	16.634	415.42	415.34
22:45:27	16.4	16.039	16.194	17.176	16.478	16.634	415.42	415.34
22:46:27	16.4	16.039	16.2	17.071	16.476	16.633	415.42	415.34
22:47:27	16.398	16.038	16.186	17.019	16.477	16.633	415.42	415.34
22:48:27	16.399	16.038	16.178	16.958	16.474	16.632	415.42	415.34
22:49:27	16.4	16.036	16.164	16.914	16.475	16.632	415.42	415.34
22:50:27	16.399	16.038	16.159	16.896	16.476	16.634	415.42	415.34
22:51:27	16.399	16.036	16.164	16.884	16.475	16.635	415.42	415.34
22:52:27	16.399	16.037	16.166	17.016	16.477	16.633	415.42	415.34
22:53:27	16.4	16.037	16.167	16.995	16.478	16.631	415.42	415.34
22:54:27	16.398	16.037	16.172	16.952	16.479	16.632	415.42	415.34
22:55:27	16.4	16.036	16.167	16.916	16.478	16.633	415.42	415.34
22:56:27	16.4	16.038	16.166	16.891	16.477	16.632	415.42	415.34
22:57:29	16.4	16.037	16.166	16.872	16.478	16.631	415.42	415.34
22:58:27	16.4	16.037	16.163	16.866	16.479	16.633	415.42	415.34
22:59:29	16.4	16.037	16.179	16.829	16.48	16.633	415.42	415.34
23:00:27	16.4	16.037	16.19	16.813	16.479	16.634	415.42	415.34
23:01:27	16.4	16.037	16.19	16.809	16.479	16.631	415.42	415.34
23:02:27	16.401	16.038	16.191	16.811	16.479	16.633	415.42	415.34
23:03:27	16.401	16.038	16.187	16.805	16.48	16.633	415.42	415.34
23:04:27	16.4	16.037	16.19	16.84	16.477	16.634	415.42	415.34
23:05:27	16.399	16.037	16.2	16.948	16.476	16.632	415.42	415.34
23:06:27	16.4	16.036	16.193	16.943	16.477	16.631	415.42	415.34
23:07:27	16.4	16.037	16.191	16.904	16.475	16.631	415.42	415.34
23:08:27	16.401	16.036	16.185	16.865	16.476	16.631	415.42	415.34
23:09:27	16.4	16.037	16.18	16.858	16.476	16.632	415.42	415.34
23:10:27	16.401	16.037	16.175	16.876	16.477	16.632	415.42	415.34
23:11:27	16.4	16.037	16.165	16.872	16.477	16.632	415.42	415.34
23:12:27	16.401	16.037	16.16	16.864	16.474	16.63	415.42	415.34
23:13:27	16.401	16.037	16.16	16.871	16.475	16.632	415.42	415.34
23:14:27	16.402	16.036	16.156	16.872	16.475	16.631	415.42	415.34
23:15:27	16.401	16.036	16.162	16.869	16.475	16.631	415.42	415.34
23:16:27	16.401	16.035	16.164	16.882	16.474	16.63	415.42	415.34
23:17:27	16.4	16.034	16.165	17.028	16.475	16.631	415.42	415.34
23:18:27	16.401	16.034	16.18	17.118	16.476	16.631	415.42	415.34
23:19:27	16.401	16.035	16.18	17.011	16.475	16.631	415.42	415.34
23:20:27	16.401	16.035	16.178	16.884	16.477	16.63	415.42	415.34
23:21:27	16.402	16.033	16.176	16.863	16.476	16.63	415.42	415.34
23:22:27	16.402	16.033	16.176	16.858	16.476	16.632	415.42	415.34
23:23:27	16.402	16.033	16.171	16.958	16.477	16.631	415.42	415.34
23:24:27	16.401	16.034	16.172	16.994	16.475	16.632	415.42	415.34
23:25:27	16.4	16.033	16.172	16.978	16.476	16.634	415.42	415.34
23:26:27	16.402	16.033	16.176	16.943	16.476	16.632	415.42	415.34
23:27:27	16.401	16.033	16.173	16.957	16.479	16.633	415.42	415.34
23:28:27	16.401	16.033	16.169	17.302	16.477	16.632	415.42	415.34
23:29:27	16.401	16.035	16.171	17.805	16.479	16.633	415.42	415.34
23:30:27	16.401	16.036	16.188	17.678	16.48	16.634	415.42	415.34
23:31:27	16.401	16.037	16.199	17.497	16.478	16.633	415.42	415.34
23:32:27	16.402	16.037	16.201	17.286	16.478	16.632	415.42	415.34
23:33:27	16.402	16.038	16.197	17.132	16.477	16.633	415.42	415.34
23:34:28	16.402	16.038	16.187	17.106	16.473	16.633	415.42	415.34
23:35:27	16.401	16.037	16.185	17.131	16.476	16.633	415.42	415.34
23:36:27	16.401	16.036	16.173	17.128	16.478	16.633	415.42	415.34
23:37:29	16.403	16.036	16.163	17.048	16.476	16.632	415.42	415.34
23:38:27	16.401	16.036	16.157	16.961	16.474	16.631	0.0	415.34
23:39:27	16.401	16.034	16.161	16.899	16.472	16.63	415.42	415.34
23:40:27	16.402	16.032	16.169	16.842	16.471	16.629	415.42	415.34
23:41:27	16.401	16.03	16.173	16.872	16.468	16.628	415.42	415.34
23:42:29	16.4	16.029	16.174	16.865	16.47	16.628	415.42	415.34
23:43:27	16.4	16.029	16.175	16.848	16.471	16.629	415.42	415.34
23:44:27	16.402	16.031	16.185	16.834	16.476	16.631	415.42	415.34
23:45:27	16.402	16.034	16.187	16.951	16.479	16.633	415.42	415.34
23:46:27	16.401	16.035	16.189	17.021	16.484	16.636	415.42	415.34
23:47:27	16.402	16.038	16.189	16.994	16.485	16.635	415.42	415.34
23:48:27	16.402	16.04	16.197	16.999	16.484	16.634	415.42	415.34
23:49:27	16.402	16.042	16.201	16.935	16.483	16.637	415.42	415.34
23:50:27	16.403	16.043	16.207	16.879	16.481	16.637	415.42	415.34
23:51:27	16.402	16.043	16.202	16.825	16.482	16.637	415.42	415.34
23:52:27	16.402	16.043	16.197	16.789	16.482	16.638	415.42	415.34
23:53:27	16.403	16.044	16.185	16.782	16.479	16.637	415.42	415.34
23:54:27	16.404	16.045	16.174	16.783	16.48	16.639	415.42	415.34
23:55:27	16.404	16.044	16.126	16.794	16.479	16.637	415.42	415.34
23:56:27	16.404	16.044	16.136	16.972	16.481	16.635	415.42	415.34
23:57:27	16.403	16.044	16.152	17.033	16.482	16.636	415.42	415.34
23:58:27	16.404	16.044	16.158	17.001	16.482	16.637	415.42	415.34
23:59:27	16.403	16.044	16.157	16.97	16.482	16.639	415.42	415.34
