00:00:12	16.407	16.052	16.176	16.92	16.346	16.547	415.42	415.34
00:01:12	16.408	16.053	16.171	16.91	16.346	16.548	415.42	415.34
00:02:12	16.407	16.051	16.141	16.899	16.346	16.548	415.42	415.34
00:03:12	16.407	16.052	16.133	16.89	16.346	16.549	415.42	415.34
00:04:12	16.406	16.052	16.139	16.918	16.346	16.551	415.42	415.34
00:05:12	16.406	16.052	16.148	16.957	16.346	16.551	415.42	415.34
00:06:12	16.407	16.053	16.159	16.994	16.345	16.549	415.42	415.34
00:07:12	16.407	16.054	16.175	17.047	16.346	16.547	415.42	415.34
00:08:12	16.406	16.053	16.196	17.086	16.345	16.55	415.42	415.34
00:09:12	16.406	16.053	16.211	17.109	16.347	16.548	415.42	415.34
00:10:12	16.407	16.052	16.221	17.141	16.346	16.548	415.42	415.34
00:11:12	16.407	16.053	16.226	17.167	16.346	16.549	415.42	415.34
00:12:12	16.406	16.054	16.238	17.198	16.347	16.55	415.42	415.34
00:13:12	16.407	16.054	16.248	17.226	16.348	16.55	415.42	415.34
00:14:12	16.407	16.056	16.257	17.255	16.349	16.55	415.42	415.34
00:15:12	16.408	16.057	16.268	17.28	16.351	16.553	415.42	415.34
00:16:12	16.408	16.059	16.276	17.291	16.35	16.553	415.42	415.34
00:17:12	16.408	16.058	16.296	17.32	16.35	16.555	415.42	415.34
00:18:12	16.407	16.058	16.31	17.34	16.349	16.553	415.42	415.34
00:19:12	16.407	16.059	16.319	17.355	16.349	16.554	415.42	415.34
00:20:12	16.408	16.059	16.339	17.379	16.351	16.555	415.42	415.34
00:21:12	16.408	16.059	16.346	17.383	16.35	16.555	415.42	415.34
00:22:12	16.406	16.059	16.355	17.416	16.351	16.556	415.42	415.34
00:23:12	16.407	16.059	16.371	17.443	16.349	16.556	415.42	415.34
00:24:12	16.408	16.059	16.398	17.471	16.35	16.555	415.42	415.34
00:25:12	16.408	16.06	16.432	17.497	16.35	16.554	415.42	415.34
00:26:12	16.407	16.061	16.426	17.495	16.351	16.556	415.42	415.34
00:27:12	16.408	16.06	16.422	17.5	16.35	16.555	415.42	415.34
00:28:12	16.407	16.06	16.411	17.464	16.351	16.556	415.42	415.34
00:29:12	16.407	16.06	16.396	17.41	16.351	16.555	415.42	415.34
00:30:12	16.407	16.061	16.381	17.365	16.352	16.557	415.42	415.34
00:31:12	16.407	16.061	16.378	17.322	16.351	16.556	415.42	415.34
00:32:12	16.407	16.06	16.357	17.266	16.352	16.555	415.42	415.34
00:33:12	16.407	16.061	16.337	17.215	16.351	16.555	415.42	415.34
00:34:12	16.407	16.062	16.322	17.162	16.351	16.558	415.42	415.34
00:35:12	16.407	16.061	16.303	17.124	16.353	16.559	415.42	415.34
00:36:12	16.407	16.063	16.293	17.11	16.354	16.558	415.42	415.34
00:37:12	16.407	16.062	16.281	17.082	16.353	16.559	415.42	415.34
00:38:13	16.408	16.062	16.266	17.07	16.354	16.56	415.42	415.34
00:39:12	16.408	16.062	16.251	17.056	16.352	16.559	415.42	415.34
00:40:12	16.408	16.063	16.243	17.039	16.353	16.559	415.42	415.34
00:41:12	16.408	16.064	16.22	17.014	16.352	16.561	415.42	415.34
00:42:12	16.408	16.065	16.212	16.991	16.354	16.56	415.42	415.34
00:43:12	16.408	16.064	16.193	16.968	16.352	16.56	415.42	415.34
00:44:12	16.408	16.063	16.187	16.953	16.355	16.56	415.42	415.34
00:45:12	16.408	16.064	16.19	16.963	16.355	16.561	415.42	415.34
00:46:12	16.407	16.065	16.183	16.937	16.354	16.561	415.42	415.34
00:47:12	16.409	16.065	16.179	16.951	16.355	16.562	415.42	415.34
00:48:12	16.408	16.065	16.175	16.936	16.356	16.561	415.42	415.34
00:49:12	16.409	16.066	16.16	16.929	16.355	16.562	415.42	415.34
00:50:12	16.409	16.066	16.169	16.98	16.354	16.561	415.42	415.34
00:51:12	16.409	16.067	16.185	17.018	16.354	16.562	415.42	415.34
00:52:12	16.408	16.066	16.199	17.068	16.355	16.56	415.42	415.34
00:53:12	16.408	16.064	16.206	17.091	16.353	16.561	415.42	415.34
00:54:12	16.409	16.064	16.219	17.125	16.354	16.559	415.42	415.34
00:55:12	16.409	16.064	16.226	17.143	16.353	16.56	415.42	415.34
00:56:12	16.408	16.063	16.238	17.164	16.353	16.56	415.42	415.34
00:57:12	16.409	16.063	16.253	17.188	16.355	16.56	415.42	415.34
00:58:12	16.408	16.063	16.261	17.222	16.353	16.559	415.42	415.34
00:59:12	16.408	16.063	16.279	17.261	16.354	16.559	415.42	415.34
01:00:12	16.409	16.066	16.298	17.265	16.355	16.56	415.42	415.34
01:01:12	16.408	16.065	16.306	17.298	16.355	16.559	415.42	415.34
01:02:12	16.409	16.064	16.317	17.312	16.356	16.559	415.42	415.34
01:03:12	16.41	16.065	16.323	17.332	16.355	16.56	415.42	415.34
01:04:12	16.409	16.066	16.329	17.345	16.355	16.56	415.42	415.34
01:05:12	16.411	16.065	16.34	17.362	16.355	16.559	415.42	415.34
01:06:12	16.409	16.065	16.352	17.381	16.354	16.558	415.42	415.34
01:07:12	16.41	16.065	16.387	17.409	16.355	16.559	415.42	415.34
01:08:13	16.41	16.066	16.395	17.435	16.356	16.559	415.42	415.34
01:09:12	16.408	16.067	16.395	17.461	16.356	16.56	415.42	415.34
01:10:13	16.409	16.066	16.435	17.473	16.356	16.561	415.42	415.34
01:11:12	16.41	16.067	16.428	17.463	16.357	16.561	415.42	415.34
01:12:12	16.409	16.067	16.421	17.475	16.356	16.563	415.42	415.34
01:13:12	16.409	16.069	16.426	17.463	16.359	16.563	415.42	415.34
01:14:12	16.41	16.069	16.413	17.412	16.358	16.561	415.42	415.34
01:15:12	16.41	16.069	16.399	17.379	16.358	16.563	415.42	415.34
01:16:12	16.41	16.069	16.392	17.325	16.357	16.563	415.42	415.34
01:17:12	16.411	16.071	16.373	17.256	16.358	16.563	415.42	415.34
01:18:12	16.411	16.07	16.351	17.19	16.359	16.564	415.42	415.34
01:19:12	16.409	16.071	16.334	17.153	16.358	16.564	415.42	415.34
01:20:14	16.409	16.072	16.312	17.113	16.36	16.563	415.42	415.34
01:21:12	16.41	16.071	16.292	17.068	16.359	16.564	415.42	415.34
01:22:12	16.41	16.072	16.273	17.033	16.358	16.564	415.42	415.34
01:23:12	16.409	16.071	16.257	17.006	16.359	16.563	415.42	415.34
01:24:12	16.411	16.071	16.242	17.002	16.358	16.563	415.42	415.34
01:25:12	16.41	16.072	16.234	16.962	16.358	16.563	415.42	415.34
01:26:12	16.411	16.071	16.216	16.959	16.359	16.565	415.42	415.34
01:27:12	16.41	16.073	16.204	16.954	16.361	16.564	415.42	415.34
01:28:12	16.41	16.072	16.197	16.94	16.36	16.563	415.42	415.34
01:29:12	16.411	16.073	16.188	16.926	16.361	16.563	415.42	415.34
01:30:12	16.41	16.074	16.176	16.908	16.361	16.563	415.42	415.34
01:31:12	16.411	16.074	16.163	16.878	16.36	16.562	415.42	415.34
01:32:12	16.411	16.072	16.154	16.895	16.36	16.562	415.42	415.34
01:33:12	16.412	16.073	16.147	16.879	16.359	16.561	415.42	415.34
01:34:12	16.412	16.073	16.158	16.937	16.36	16.563	415.42	415.34
01:35:12	16.412	16.072	16.176	16.969	16.36	16.564	415.42	415.34
01:36:12	16.411	16.072	16.181	17.01	16.36	16.565	415.42	415.34
01:37:12	16.412	16.072	16.195	17.044	16.359	16.564	415.42	415.34
01:38:12	16.412	16.072	16.198	17.069	16.361	16.565	415.42	415.34
01:39:12	16.411	16.074	16.21	17.094	16.36	16.563	415.42	415.34
01:40:12	16.411	16.073	16.223	17.127	16.359	16.561	415.42	415.34
01:41:12	16.412	16.073	16.234	17.154	16.361	16.564	415.42	415.34
01:42:12	16.412	16.073	16.243	17.178	16.36	16.562	415.42	415.34
01:43:12	16.412	16.073	16.251	17.193	16.362	16.564	415.42	415.34
01:44:12	16.412	16.074	16.268	17.212	16.36	16.564	415.42	415.34
01:45:12	16.413	16.074	16.277	17.246	16.36	16.565	415.42	415.34
01:46:12	16.413	16.074	16.287	17.269	16.359	16.565	415.42	415.34
01:47:12	16.413	16.073	16.296	17.293	16.359	16.563	415.42	415.34
01:48:12	16.412	16.073	16.312	17.308	16.359	16.563	415.42	415.34
01:49:12	16.412	16.073	16.329	17.338	16.359	16.563	415.42	415.34
01:50:12	16.412	16.072	16.343	17.353	16.359	16.561	415.42	415.34
01:51:12	16.413	16.073	16.351	17.374	16.36	16.562	415.42	415.34
01:52:12	16.412	16.073	16.362	17.392	16.361	16.562	415.42	415.34
01:53:12	16.412	16.073	16.365	17.416	16.361	16.562	415.42	415.34
01:54:12	16.413	16.073	16.39	17.429	16.36	16.563	415.42	415.34
01:55:13	16.412	16.073	16.4	17.451	16.361	16.563	415.42	415.34
01:56:12	16.413	16.073	16.43	17.46	16.362	16.563	415.42	415.34
01:57:12	16.413	16.074	16.437	17.435	16.36	16.564	415.42	415.34
01:58:12	16.412	16.075	16.413	17.38	16.362	16.562	415.42	415.34
01:59:12	16.413	16.074	16.397	17.337	16.36	16.564	415.42	415.34
02:00:12	16.412	16.075	16.381	17.294	16.362	16.564	415.42	415.34
02:01:13	16.413	16.076	16.356	17.245	16.362	16.565	415.42	415.34
02:02:12	0.0	16.078	16.334	17.187	16.361	16.565	415.42	415.34
02:03:12	16.412	16.078	16.312	17.144	16.363	16.565	415.42	415.34
02:04:12	16.413	16.078	16.288	17.102	16.363	16.565	415.42	415.34
02:05:12	16.414	16.077	16.281	17.081	16.362	16.565	415.42	415.34
02:06:12	16.413	16.079	16.27	17.071	16.363	16.565	415.42	415.34
02:07:12	16.414	16.078	16.259	17.038	16.362	16.565	415.42	415.34
02:08:12	16.414	16.079	16.267	17.024	16.363	16.565	415.42	415.34
02:09:12	16.414	16.079	16.242	17.015	16.362	16.565	415.42	415.34
02:10:12	16.414	16.079	16.225	16.97	16.362	16.564	415.42	415.34
02:11:12	16.414	16.079	16.211	16.952	16.361	16.565	415.42	415.34
02:12:12	16.414	16.078	16.21	16.932	16.361	16.566	415.42	415.34
02:13:12	16.414	16.078	16.197	16.94	16.362	16.567	415.42	415.34
02:14:12	16.414	16.077	16.185	16.935	16.362	16.566	415.42	415.34
02:15:12	16.414	16.077	16.171	16.93	16.362	16.565	415.42	415.34
02:16:12	16.413	16.078	16.157	16.931	16.363	16.564	415.42	415.34
02:17:12	16.414	16.078	16.143	16.903	16.362	16.563	415.42	415.34
02:18:12	16.416	16.077	16.137	16.868	16.361	16.563	415.42	415.34
02:19:12	16.415	16.078	16.128	16.894	16.363	16.564	415.42	415.34
02:20:12	16.414	16.078	16.14	16.945	16.362	16.565	415.42	415.34
02:21:12	16.415	16.079	16.157	17.009	16.362	16.566	415.42	415.34
02:22:12	16.415	16.079	16.177	17.045	16.363	16.565	415.42	415.34
02:23:12	16.415	16.077	16.187	17.082	16.362	16.565	415.42	415.34
02:24:12	16.414	16.077	16.202	17.109	16.362	16.566	415.42	415.34
02:25:12	16.415	16.078	16.208	17.134	16.363	16.565	415.42	415.34
02:26:12	16.415	16.078	16.222	17.149	16.363	16.565	415.42	415.34
02:27:12	16.415	16.078	16.239	17.169	16.364	16.568	415.42	415.34
02:28:12	16.414	16.079	16.249	17.192	16.364	16.567	415.42	415.34
02:29:12	16.415	16.08	16.259	17.23	16.363	16.566	415.42	415.34
02:30:12	16.416	16.082	16.269	17.259	16.364	16.567	415.42	415.34
02:31:12	16.415	16.08	16.278	17.278	16.366	16.566	415.42	415.34
02:32:12	16.415	16.081	16.297	17.303	16.364	16.565	415.42	415.34
02:33:12	16.415	16.083	16.303	17.323	16.365	16.567	415.42	415.34
02:34:14	16.416	16.082	16.317	17.349	16.364	16.566	415.42	415.34
02:35:12	16.416	16.083	16.335	17.369	16.365	16.567	415.42	415.34
02:36:12	16.415	16.083	16.343	17.372	16.365	16.568	415.42	415.34
02:37:12	16.417	16.082	16.344	17.392	16.367	16.566	415.42	415.34
02:38:12	16.415	16.081	16.373	17.421	16.366	16.565	415.42	415.34
02:39:12	16.416	16.084	16.39	17.441	16.364	16.562	415.42	415.34
02:40:12	16.416	16.082	16.389	17.457	16.364	16.562	415.42	415.34
02:41:12	16.415	16.083	16.394	17.457	16.365	16.564	415.42	415.34
02:42:12	16.416	16.081	16.399	17.478	16.364	16.566	415.42	415.34
02:43:12	16.416	16.082	16.416	17.436	16.365	16.566	415.42	415.34
02:44:12	16.416	16.082	16.407	17.397	16.364	16.566	415.42	415.34
02:45:12	16.417	16.082	16.391	17.362	16.365	16.563	415.42	415.34
02:46:12	16.416	16.081	16.381	17.308	16.364	16.564	415.42	415.34
02:47:12	16.416	16.08	16.359	17.251	16.364	16.566	415.42	415.34
02:48:12	16.416	16.081	16.334	17.188	16.363	16.566	415.42	415.34
02:49:12	16.416	16.079	16.313	17.146	16.363	16.565	415.42	415.34
02:50:12	16.417	16.079	16.297	17.113	16.362	16.565	415.42	415.34
02:51:12	16.415	16.079	16.276	17.05	16.363	16.564	415.42	415.34
02:52:12	16.416	0.0	16.262	17.039	16.363	16.564	415.42	415.34
02:53:12	16.416	16.078	16.249	17.026	16.362	16.564	415.42	415.34
02:54:12	16.417	16.079	16.244	17.026	16.363	16.564	415.42	415.34
02:55:12	16.416	16.079	16.24	17.024	16.362	16.564	415.42	415.34
02:56:12	16.416	16.079	16.217	16.991	16.362	16.565	415.42	415.34
02:57:12	16.416	16.079	16.209	16.969	16.362	16.565	415.42	415.34
02:58:12	16.416	16.079	16.194	16.972	16.363	16.564	415.42	415.34
02:59:12	16.416	16.079	16.183	16.939	16.362	16.565	415.42	415.34
03:00:12	16.416	16.078	16.175	16.941	16.362	16.565	415.42	415.34
03:01:12	16.416	16.078	16.17	16.933	16.363	16.566	415.42	415.34
03:02:12	16.416	16.078	16.152	16.919	16.362	16.565	415.42	415.34
03:03:12	16.416	16.077	16.139	16.891	16.362	16.564	415.42	415.34
03:04:12	16.416	16.078	16.128	16.869	16.361	16.564	415.42	415.34
03:05:12	16.417	16.077	16.12	16.866	16.361	16.564	415.42	415.34
03:06:12	16.416	16.079	16.121	16.846	16.362	16.565	415.42	415.34
03:07:12	16.416	16.078	16.106	16.831	16.36	16.562	415.42	415.34
03:08:14	16.416	16.077	16.101	16.843	16.359	16.562	415.42	0.0
03:09:12	16.417	16.077	16.103	16.885	16.36	16.562	415.42	415.34
03:10:12	16.417	16.078	16.114	16.931	16.361	16.562	415.42	415.34
03:11:12	16.416	16.078	16.134	16.973	16.36	16.561	415.42	415.34
03:12:12	16.416	16.078	16.145	17.007	16.36	16.563	415.42	415.34
03:13:12	16.417	16.078	16.151	17.043	16.362	16.563	415.42	415.34
03:14:12	16.417	16.077	16.158	17.057	16.362	16.564	415.42	415.34
03:15:12	16.415	16.077	16.172	17.085	16.36	16.564	415.42	415.34
03:16:12	16.416	16.077	16.184	17.124	16.362	16.564	415.42	415.34
03:17:12	16.418	16.078	16.202	17.16	16.362	16.565	415.42	415.34
03:18:12	16.416	16.079	16.218	17.18	16.36	16.564	415.42	415.34
03:19:12	16.417	16.078	16.239	17.212	16.362	0.0	415.42	415.34
03:20:12	16.415	16.079	16.247	17.227	16.362	16.566	415.42	415.34
03:21:12	16.417	16.079	16.254	17.237	16.362	16.566	415.42	415.34
03:22:12	16.417	16.079	16.256	17.256	16.361	16.565	415.42	415.34
03:23:12	16.417	16.08	16.266	17.257	16.362	16.567	415.42	415.34
03:24:12	16.417	16.081	16.277	17.294	16.362	16.565	415.42	415.34
03:25:12	16.417	16.08	16.291	17.335	16.362	16.565	415.42	415.34
03:26:12	16.417	16.08	16.302	17.366	16.362	16.565	415.42	415.34
03:27:12	16.416	16.081	16.336	17.384	16.363	16.566	415.42	415.34
03:28:12	16.416	16.08	16.349	17.396	16.362	16.566	415.42	415.34
03:29:12	16.417	16.08	16.351	17.413	16.363	16.566	415.42	415.34
03:30:12	16.418	16.08	16.349	17.412	16.363	16.568	415.42	415.34
03:31:12	16.417	16.081	16.359	17.444	16.363	16.565	415.42	415.34
03:32:12	16.418	16.082	16.376	17.456	16.362	16.566	415.42	415.34
03:33:12	16.417	16.08	16.384	17.472	16.362	16.565	0.0	415.34
03:34:12	16.417	16.079	16.394	17.449	16.362	16.565	415.42	415.34
03:35:12	16.417	16.08	16.39	17.404	16.361	16.565	415.42	415.34
03:36:13	16.416	16.078	16.379	17.359	16.362	16.563	415.42	415.34
03:37:12	0.0	16.078	16.36	17.311	16.362	16.563	415.42	415.34
03:38:12	16.417	16.079	16.345	17.245	16.361	16.562	415.42	415.34
03:39:12	16.416	16.078	16.326	17.188	16.361	16.564	415.42	415.34
03:40:12	16.417	16.078	16.309	17.152	16.362	16.564	415.42	415.34
03:41:12	16.417	16.079	16.287	17.1	16.363	16.564	415.42	415.34
03:42:12	16.417	16.078	16.267	17.066	16.363	16.565	415.42	415.34
03:43:12	16.417	16.079	16.256	17.025	16.363	16.567	415.42	415.34
03:44:12	16.417	16.08	16.241	17.023	16.363	16.565	415.42	415.34
03:45:12	16.418	16.08	16.223	16.999	16.364	16.564	415.42	415.34
03:46:15	16.416	16.081	16.213	16.971	16.363	16.562	415.42	415.34
03:47:12	16.417	16.08	16.198	16.955	16.363	16.563	415.42	415.34
03:48:12	16.417	16.08	16.181	16.947	16.361	16.563	415.42	415.34
03:49:12	16.417	16.08	16.182	16.932	16.36	16.565	415.42	415.34
03:50:12	16.417	16.08	16.174	16.933	16.361	16.565	415.42	415.34
03:51:12	16.417	16.08	16.166	16.938	16.361	16.565	415.42	415.34
03:52:12	16.417	16.079	16.161	16.944	16.36	16.565	415.42	415.34
03:53:12	16.416	16.078	16.148	16.926	16.361	16.565	415.42	415.34
03:54:12	16.416	16.077	16.128	16.86	16.361	16.563	415.42	415.34
03:55:12	16.416	16.078	16.118	16.861	16.36	16.563	415.42	415.34
03:56:12	16.416	16.076	16.103	16.852	16.361	16.564	415.42	415.34
03:57:12	16.416	16.077	16.095	16.832	16.361	16.563	415.42	415.34
03:58:12	16.416	16.077	16.096	16.858	16.359	16.563	415.42	415.34
03:59:12	16.416	16.077	16.112	16.907	16.359	16.562	415.42	415.34
04:00:12	16.416	16.078	16.126	16.949	16.359	16.562	415.42	415.34
04:01:12	16.417	16.077	16.144	16.994	16.359	16.563	415.42	415.34
04:02:12	16.416	16.077	16.156	17.035	16.36	16.565	415.42	415.34
04:03:12	16.415	16.077	16.163	17.054	16.359	16.564	415.42	415.34
04:04:12	16.416	16.077	16.176	17.094	16.361	16.562	415.42	415.34
04:05:12	16.416	16.077	16.19	17.111	16.36	16.562	415.42	415.34
04:06:12	16.417	16.077	16.217	17.147	16.36	16.561	415.42	415.34
04:07:12	16.416	16.077	16.228	17.161	16.36	16.562	415.42	415.34
04:08:12	16.416	16.077	16.239	17.193	16.36	16.561	415.42	415.34
04:09:12	16.416	16.078	16.241	17.19	16.359	16.562	415.42	415.34
04:10:12	16.418	16.078	16.244	17.216	16.36	16.562	415.42	415.34
04:11:12	16.417	16.076	16.252	17.252	16.359	16.561	415.42	415.34
04:12:12	16.416	16.077	16.264	17.279	16.36	16.562	415.42	415.34
04:13:13	16.416	16.076	16.276	17.29	16.358	16.56	415.42	415.34
04:14:12	16.417	16.075	16.29	17.317	16.358	16.56	415.42	415.34
04:15:12	16.417	16.075	16.308	17.34	16.358	16.56	415.42	415.34
04:16:12	16.416	16.075	16.32	17.355	16.359	16.561	415.42	415.34
04:17:12	16.417	16.075	16.33	17.379	16.359	16.56	415.42	415.34
04:18:12	16.416	16.075	16.351	17.408	16.359	16.562	415.42	415.34
04:19:12	16.416	16.076	16.377	17.433	16.36	16.562	415.42	415.34
04:20:12	16.416	16.077	16.382	17.441	16.361	16.562	415.42	415.34
04:21:12	16.417	16.077	16.392	17.466	16.36	16.561	415.42	415.34
04:22:12	16.416	16.076	16.413	17.489	16.359	16.564	415.42	415.34
04:23:12	16.416	16.077	16.424	17.494	16.36	16.562	415.42	415.34
04:24:12	16.416	16.077	16.424	17.501	16.361	16.563	415.42	415.34
04:25:12	16.417	16.078	16.421	17.463	16.36	16.564	415.42	415.34
04:26:12	16.416	16.077	16.403	17.405	16.359	16.563	415.42	415.34
04:27:12	16.417	16.078	16.387	17.342	16.36	16.563	415.42	415.34
04:28:12	16.416	16.078	16.371	17.302	16.36	16.564	415.42	415.34
04:29:12	16.416	16.078	16.355	17.258	16.36	16.563	415.42	415.34
04:30:12	16.416	16.078	16.346	17.212	16.361	16.564	415.42	415.34
04:31:12	16.416	16.077	16.345	17.204	16.359	16.563	415.42	415.34
04:32:12	16.415	16.077	16.349	17.235	16.358	16.561	415.42	415.34
04:33:12	16.415	16.076	16.355	17.262	16.357	16.561	415.42	415.34
04:34:12	16.416	16.076	16.368	17.314	16.358	16.561	415.42	415.34
04:35:12	16.415	16.076	16.383	17.364	16.357	16.561	415.42	415.34
04:36:12	16.416	16.074	16.415	17.401	16.358	16.561	415.42	415.34
04:37:12	16.416	16.075	16.434	17.44	16.358	16.562	415.42	415.34
04:38:12	16.416	16.076	16.44	17.469	16.358	16.563	415.42	415.34
04:39:12	16.417	16.075	16.484	17.492	16.359	16.562	415.42	415.34
04:40:13	16.416	16.077	16.498	17.514	16.36	16.563	415.42	415.34
04:41:12	0.0	16.077	16.524	17.483	16.36	16.563	415.42	415.34
04:42:12	16.414	16.076	16.49	17.42	16.36	16.563	415.42	415.34
04:43:12	16.416	16.078	16.463	17.381	16.361	16.564	415.42	415.34
04:44:12	16.415	16.078	16.435	17.334	16.361	16.563	415.42	415.34
04:45:12	16.415	16.079	16.401	17.268	16.36	16.564	415.42	415.34
04:46:12	16.415	16.079	16.376	17.212	16.363	16.564	415.42	415.34
04:47:12	16.416	16.079	16.358	17.167	16.362	16.564	415.42	415.34
04:48:12	16.417	16.081	16.337	17.128	16.362	16.564	415.42	415.34
04:49:12	16.417	16.079	16.318	17.083	16.361	16.564	415.42	415.34
04:50:12	16.416	16.079	16.303	17.049	16.36	16.565	415.42	415.34
04:51:12	16.416	16.079	16.294	17.026	16.36	16.564	415.42	415.34
04:52:12	16.417	16.079	16.277	16.995	16.36	16.565	415.42	415.34
04:53:12	16.417	16.078	16.254	16.996	16.359	16.564	415.42	415.34
04:54:12	16.418	16.078	16.238	16.985	16.359	16.565	415.42	415.34
04:55:12	16.417	16.078	16.226	16.966	16.357	16.561	415.42	415.34
04:56:12	16.417	16.075	16.214	16.946	16.358	16.561	415.42	415.34
04:57:12	16.417	16.076	16.198	16.922	16.356	16.559	415.42	415.34
04:58:12	16.417	16.074	16.191	16.91	16.356	16.559	415.42	415.34
04:59:12	16.417	16.074	16.176	16.889	16.357	16.559	415.42	415.34
05:00:12	16.418	16.074	16.17	16.874	16.358	16.56	415.42	415.34
05:01:12	16.418	16.076	16.159	16.874	16.358	16.56	415.42	415.34
05:02:12	16.418	16.077	16.146	16.874	16.359	16.561	415.42	415.34
05:03:12	16.42	16.076	16.136	16.86	16.36	16.562	415.42	415.34
05:04:12	16.419	16.077	16.126	16.848	16.358	16.56	415.42	415.34
05:05:12	16.418	16.077	16.122	16.842	16.359	16.559	415.42	415.34
05:06:12	16.418	16.077	16.107	16.829	16.36	16.562	415.42	415.34
05:07:12	16.419	16.077	16.105	16.854	16.36	16.561	415.42	415.34
05:08:12	16.419	16.078	16.127	16.896	16.359	16.561	415.42	415.34
05:09:12	16.42	16.079	16.137	16.938	16.36	16.564	415.42	415.34
05:10:12	16.419	16.079	16.156	16.984	16.36	16.563	415.42	415.34
05:11:12	16.419	16.079	16.165	17.019	16.36	16.564	415.42	415.34
05:12:12	16.419	16.079	16.179	17.064	16.359	16.563	415.42	415.34
05:13:12	16.42	16.079	16.198	17.085	16.36	16.565	415.42	415.34
05:14:12	16.42	16.08	16.205	17.1	16.361	16.565	415.42	415.34
05:15:12	16.42	16.08	16.212	17.118	16.36	16.565	415.42	415.34
05:16:12	16.419	16.079	16.226	17.138	16.361	16.566	415.42	415.34
05:17:12	16.42	16.081	16.241	17.166	16.362	16.564	415.42	415.34
05:18:12	16.42	16.082	16.249	17.188	16.362	16.565	415.42	415.34
05:19:12	16.419	16.083	16.256	17.195	16.364	16.567	415.42	415.34
05:20:12	16.419	16.084	16.264	17.217	16.365	16.567	415.42	415.34
05:21:12	16.421	16.086	16.274	17.244	16.365	16.568	415.42	415.34
05:22:12	16.421	16.087	16.287	17.276	16.366	16.566	415.42	415.34
05:23:12	16.42	16.087	16.295	17.303	16.365	16.568	415.42	415.34
05:24:12	16.421	16.087	16.323	17.329	16.367	16.568	415.42	415.34
05:25:12	16.421	16.088	16.34	17.356	16.365	16.568	415.42	415.34
05:26:12	16.42	16.087	16.343	17.382	16.365	16.566	415.42	415.34
05:27:12	16.421	16.086	16.36	17.406	16.364	16.567	415.42	415.34
05:28:12	16.419	16.084	16.373	17.412	16.363	16.566	415.42	415.34
05:29:12	16.42	16.084	16.389	17.435	16.363	16.566	415.42	415.34
05:30:12	16.421	16.083	16.415	17.447	16.363	16.566	415.42	415.34
05:31:12	16.421	16.083	16.409	17.448	16.364	16.565	415.42	415.34
05:32:12	16.42	16.083	16.42	17.466	16.362	16.565	415.42	415.34
05:33:12	16.42	16.082	16.448	17.481	16.362	16.565	415.42	415.34
05:34:12	16.42	16.083	16.461	17.437	16.362	16.564	415.42	415.34
05:35:12	16.42	16.082	16.434	17.394	16.362	16.564	415.42	415.34
05:36:12	16.421	16.081	16.413	17.358	16.361	16.564	415.42	415.34
05:37:12	16.42	16.081	16.39	17.31	16.361	16.563	415.42	415.34
05:38:12	16.42	16.081	16.364	17.221	16.36	16.563	415.42	415.34
05:39:12	16.421	16.078	16.337	17.154	16.359	16.562	415.42	415.34
05:40:12	16.42	16.078	16.318	17.126	16.359	16.562	415.42	415.34
05:41:12	16.421	16.077	16.293	17.097	16.359	16.562	415.42	415.34
05:42:12	16.42	16.078	16.279	17.043	16.359	16.562	415.42	415.34
05:43:12	16.421	16.077	16.253	17.001	16.359	16.562	415.42	415.34
05:44:12	16.422	16.079	16.243	16.988	16.359	16.563	415.42	415.34
05:45:12	16.421	16.078	16.24	16.982	16.359	16.565	415.42	415.34
05:46:12	16.421	16.079	16.235	16.962	16.36	16.564	415.42	415.34
05:47:12	16.421	16.08	16.228	16.946	16.36	16.561	415.42	415.34
05:48:12	16.422	16.08	16.216	16.944	16.36	16.562	415.42	415.34
05:49:12	16.421	16.081	16.192	16.922	16.36	16.562	415.42	415.34
05:50:12	16.42	16.08	16.174	16.897	16.36	16.561	415.42	415.34
05:51:12	16.421	16.08	16.163	16.885	16.36	16.56	415.42	415.34
05:52:12	16.421	16.079	16.148	16.873	16.36	16.561	415.42	415.34
05:53:14	16.421	16.08	16.143	16.858	16.361	16.561	415.42	415.34
05:54:12	16.42	16.081	16.141	16.886	16.361	16.562	415.42	415.34
05:55:12	16.421	16.081	16.154	16.931	16.362	16.563	415.42	415.34
05:56:12	16.421	16.081	16.178	16.978	16.362	16.563	415.42	415.34
05:57:12	16.42	16.081	16.192	17.021	16.362	16.563	415.42	415.34
05:58:12	16.421	16.08	16.204	17.067	16.36	16.562	415.42	415.34
05:59:12	16.42	16.081	16.209	17.091	16.362	16.563	415.42	415.34
06:00:12	16.421	16.082	16.234	17.12	16.363	16.565	415.42	415.34
06:01:12	16.421	16.082	16.245	17.15	16.361	16.564	415.42	415.34
06:02:12	16.42	16.082	16.247	17.172	16.362	16.564	415.42	415.34
06:03:12	16.42	16.081	16.264	17.197	16.361	16.564	415.42	415.34
06:04:12	16.42	16.081	16.269	17.221	16.362	16.565	415.42	415.34
06:05:12	16.421	16.082	16.275	17.237	16.361	16.563	415.42	415.34
06:06:12	16.42	16.082	16.285	17.248	16.361	16.563	415.42	415.34
06:07:12	16.421	16.082	16.3	17.283	16.361	16.563	415.42	415.34
06:08:12	16.42	16.081	16.318	17.308	16.36	16.564	415.42	415.34
06:09:12	16.421	16.08	16.322	17.326	16.359	16.564	415.42	415.34
06:10:12	16.421	16.08	16.331	17.347	16.36	16.562	415.42	415.34
06:11:12	16.421	16.079	16.342	17.362	16.36	16.562	415.42	415.34
06:12:12	16.42	16.079	16.357	17.393	16.358	16.559	415.42	415.34
06:13:12	16.42	16.078	16.38	17.416	16.358	16.559	415.42	415.34
06:14:12	16.421	16.076	16.39	17.42	16.357	16.559	415.42	415.34
06:15:14	16.421	16.076	16.397	17.447	16.358	16.557	415.42	415.34
06:16:12	16.42	16.076	16.407	17.461	16.358	16.557	415.42	415.34
06:17:13	16.42	16.076	16.407	17.464	16.357	16.557	415.42	415.34
06:18:12	16.421	16.076	16.421	17.48	16.358	16.558	415.42	415.34
06:19:12	16.421	16.077	16.425	17.452	16.357	16.559	415.42	415.34
06:20:12	16.42	16.078	16.412	17.393	16.359	16.56	415.42	415.34
06:21:12	16.421	16.079	16.402	17.352	16.359	16.559	415.42	415.34
06:22:12	16.421	16.079	16.394	17.295	16.358	16.56	415.42	415.34
06:23:12	16.42	16.079	16.37	17.237	16.359	16.56	415.42	415.34
06:24:12	16.42	16.08	16.347	17.166	16.359	16.56	415.42	415.34
06:25:13	16.42	16.079	16.326	17.112	16.359	16.559	415.42	415.34
06:26:12	16.421	16.08	16.304	17.074	16.357	16.559	415.42	415.34
06:27:12	16.422	16.08	16.29	17.052	16.358	16.56	415.42	415.34
06:28:12	16.421	16.079	16.277	17.04	16.358	16.56	415.42	415.34
06:29:12	16.42	16.078	16.262	17.011	16.357	16.558	415.42	415.34
06:30:12	16.42	16.079	16.249	16.974	16.358	16.56	415.42	415.34
06:31:12	16.421	16.078	16.225	16.938	16.358	16.559	415.42	415.34
06:32:12	16.421	16.078	16.216	16.944	16.358	16.558	415.42	415.34
06:33:12	16.421	16.077	16.203	16.932	16.356	16.558	415.42	415.34
06:34:12	16.421	16.077	16.199	16.934	16.357	16.558	415.42	415.34
06:35:12	16.42	16.077	16.183	16.916	16.357	16.557	415.42	415.34
06:36:12	16.42	16.077	16.16	16.89	16.358	16.558	415.42	415.34
06:37:12	16.421	16.078	16.143	16.876	16.357	16.557	415.42	415.34
06:38:12	16.421	16.078	16.131	16.857	16.358	16.559	415.42	415.34
06:39:13	16.421	16.077	16.132	16.866	16.358	16.559	415.42	415.34
06:40:12	0.0	16.078	16.145	16.917	16.358	16.56	415.42	415.34
06:41:12	16.42	16.079	16.163	16.977	16.358	16.561	415.42	415.34
06:42:12	16.42	16.078	16.174	17.008	16.36	16.562	415.42	415.34
06:43:12	16.421	16.079	16.188	17.043	16.36	16.562	415.42	415.34
06:44:12	16.42	16.08	16.198	17.076	16.36	16.562	415.42	415.34
06:45:12	16.421	16.081	16.213	17.114	16.359	16.562	415.42	415.34
06:46:12	16.421	16.079	16.228	17.129	16.359	16.561	415.42	415.34
06:47:13	16.421	16.08	16.242	17.158	16.358	16.561	415.42	415.34
06:48:12	16.421	16.08	16.248	17.183	16.358	16.561	415.42	415.34
06:49:12	16.421	16.08	16.262	17.198	16.359	16.56	415.42	415.34
06:50:12	16.42	16.078	16.272	17.223	16.358	16.561	415.42	415.34
06:51:12	16.42	16.079	16.277	17.256	16.358	16.561	415.42	415.34
06:52:12	16.42	16.079	16.28	17.281	16.359	16.561	415.42	415.34
06:53:12	16.42	16.079	16.297	17.293	16.358	16.561	415.42	415.34
06:54:12	16.42	16.079	16.314	17.325	16.359	16.563	415.42	415.34
06:55:12	16.421	16.08	16.346	17.355	16.36	16.561	415.42	415.34
06:56:12	16.42	16.08	16.349	17.371	16.361	16.563	415.42	415.34
06:57:12	16.421	16.08	16.357	17.369	16.36	16.564	415.42	415.34
06:58:12	16.421	16.081	16.358	17.389	16.36	16.563	415.42	415.34
06:59:12	16.42	16.081	16.37	17.42	16.361	16.564	415.42	415.34
07:00:12	16.421	16.081	16.387	17.449	16.362	16.564	415.42	415.34
07:01:12	16.42	16.081	16.401	17.455	16.361	16.563	415.42	415.34
07:02:13	16.42	16.082	16.437	17.473	16.36	16.563	415.42	415.34
07:03:12	16.422	16.082	16.441	17.482	16.36	16.563	415.42	415.34
07:04:12	16.422	16.081	16.429	17.448	16.359	16.563	415.42	415.34
07:05:12	16.421	16.081	16.424	17.398	16.36	16.565	415.42	415.34
07:06:12	16.42	16.081	16.412	17.357	16.359	16.564	415.42	415.34
07:07:12	16.421	16.081	16.404	17.299	16.359	16.563	415.42	415.34
07:08:12	16.421	16.08	16.388	17.262	16.359	16.564	415.42	415.34
07:09:12	16.421	16.08	16.363	17.211	16.359	16.563	415.42	415.34
07:10:12	16.421	16.079	16.336	17.171	16.359	16.562	415.42	415.34
07:11:12	16.42	16.079	16.323	17.127	16.358	16.563	415.42	415.34
07:12:12	16.421	16.08	16.31	17.088	16.359	16.563	415.42	415.34
07:13:13	16.422	16.079	16.289	17.04	16.359	16.562	415.42	415.34
07:14:12	0.0	16.081	16.263	17.011	16.36	16.563	415.42	415.34
07:15:13	16.421	16.08	16.242	17.001	16.36	16.562	415.42	415.34
07:16:12	16.421	16.079	16.222	16.978	16.359	16.561	415.42	415.34
07:17:12	16.422	16.08	16.21	16.962	16.358	16.56	415.42	415.34
07:18:12	16.421	16.078	16.194	16.927	16.356	16.56	415.42	415.34
07:19:12	16.421	16.077	16.186	16.929	16.357	16.558	415.42	415.34
07:20:12	16.422	16.078	16.18	16.935	16.357	16.561	415.42	415.34
07:21:12	16.421	16.078	16.178	16.929	16.356	16.561	415.42	415.34
07:22:12	16.421	16.078	16.166	16.901	16.357	16.56	415.42	415.34
07:23:12	16.421	16.078	16.146	16.883	16.357	16.56	415.42	415.34
07:24:12	16.422	16.078	16.133	16.873	16.358	16.561	415.42	415.34
07:25:12	16.421	16.078	16.133	16.884	16.358	16.56	415.42	415.34
07:26:12	16.421	16.079	16.146	16.937	16.358	16.559	415.42	415.34
07:27:12	16.422	16.078	16.157	16.987	16.359	16.558	415.42	415.34
07:28:12	16.422	16.079	16.174	17.024	16.357	16.559	415.42	415.34
07:29:12	16.422	16.078	16.186	17.06	16.358	16.559	415.42	415.34
07:30:12	16.421	16.079	16.205	17.083	16.357	16.561	415.42	415.34
07:31:12	16.421	16.079	16.217	17.111	16.357	16.559	415.42	415.34
07:32:12	16.422	16.079	16.232	17.145	16.357	16.558	415.42	415.34
07:33:12	16.423	16.078	16.242	17.164	16.358	16.558	415.42	415.34
07:34:12	16.422	16.078	16.246	17.192	16.359	16.558	415.42	415.34
07:35:12	16.421	16.078	16.255	17.213	16.358	16.559	415.42	415.34
07:36:12	16.422	16.079	16.282	17.242	16.357	16.561	415.42	415.34
07:37:12	16.421	16.079	16.312	17.269	16.36	16.561	415.42	415.34
07:38:12	16.421	16.079	16.331	17.285	16.358	16.561	415.42	415.34
07:39:12	16.422	16.079	16.324	17.286	16.36	16.561	415.42	415.34
07:40:12	16.422	16.08	16.326	17.299	16.36	16.561	415.42	415.34
07:41:12	16.422	16.08	16.332	17.33	16.361	16.562	415.42	415.34
07:42:13	16.422	16.08	16.336	17.355	16.36	16.561	415.42	415.34
07:43:12	16.422	16.08	16.359	17.387	16.359	16.56	415.42	415.34
07:44:12	16.421	16.081	16.368	17.397	16.357	16.559	415.42	415.34
07:45:12	16.421	16.08	16.37	17.394	16.358	16.559	415.42	415.34
07:46:12	16.422	16.079	16.369	17.346	16.357	16.557	415.42	415.34
07:47:12	16.422	16.08	16.364	17.312	16.356	16.558	415.42	415.34
07:48:12	16.422	16.078	16.367	17.278	16.355	16.558	415.42	415.34
07:49:12	16.422	16.079	16.349	17.246	16.356	16.558	415.42	415.34
07:50:13	16.421	16.079	16.32	17.182	16.357	16.559	415.42	415.34
07:51:12	16.421	16.078	16.302	17.139	16.356	16.559	415.42	415.34
07:52:12	16.422	16.077	16.29	17.108	16.357	16.558	415.42	415.34
07:53:13	16.421	16.079	16.266	17.069	16.355	16.557	415.42	415.34
07:54:12	0.0	16.078	16.245	17.045	16.356	16.558	415.42	415.34
07:55:12	16.422	16.078	16.228	16.996	16.355	16.558	415.42	415.34
07:56:12	16.421	16.078	16.216	16.972	16.355	16.559	415.42	415.34
07:57:12	16.421	16.079	16.209	16.962	16.357	16.559	415.42	415.34
07:58:12	16.422	16.079	16.192	16.939	16.359	16.559	415.42	415.34
07:59:12	16.422	16.08	16.19	16.933	16.357	16.562	415.42	415.34
08:00:12	16.422	16.079	16.186	16.923	16.357	16.558	415.42	415.34
08:01:12	16.421	16.078	16.169	16.896	16.357	16.559	415.42	415.34
08:02:12	16.421	16.079	16.155	16.892	16.358	16.56	415.42	415.34
08:03:12	16.421	16.08	16.139	16.9	16.359	16.562	415.42	415.34
08:04:12	16.421	16.081	16.15	16.928	16.361	16.561	415.42	415.34
08:05:12	16.422	16.081	16.167	16.97	16.361	16.563	415.42	415.34
08:06:12	16.421	16.083	16.181	17.014	16.362	16.564	415.42	415.34
08:07:12	16.421	16.082	16.198	17.052	16.361	16.564	415.42	415.34
08:08:12	16.421	16.082	16.205	17.067	16.362	16.564	415.42	415.34
08:09:12	16.422	16.084	16.222	17.096	16.362	16.564	415.42	415.34
08:10:12	16.422	16.084	16.232	17.134	16.363	16.563	415.42	415.34
08:11:12	16.422	16.084	16.237	17.157	16.361	16.564	415.42	415.34
08:12:12	16.422	16.084	16.241	17.182	16.361	16.562	415.42	415.34
08:13:12	16.42	16.082	16.253	17.204	16.36	16.562	415.42	415.34
08:14:12	16.422	16.083	16.266	17.236	16.36	16.562	415.42	415.34
08:15:12	16.422	16.084	16.31	17.257	16.359	16.562	415.42	415.34
08:16:12	16.421	16.084	16.32	17.287	16.361	16.564	415.42	415.34
08:17:12	16.422	16.082	16.323	17.3	16.36	16.563	415.42	415.34
08:18:12	16.42	16.084	16.333	17.319	16.36	16.564	415.42	415.34
08:19:12	16.422	16.083	16.336	17.331	16.36	16.563	415.42	415.34
08:20:12	16.422	16.083	16.335	17.366	16.362	16.564	415.42	415.34
08:21:12	16.422	16.084	16.343	17.373	16.361	16.565	415.42	415.34
08:22:12	16.422	16.084	16.37	17.402	16.362	16.565	415.42	415.34
08:23:12	16.422	16.084	16.38	17.438	16.363	16.564	415.42	415.34
08:24:12	16.422	16.084	16.41	17.457	16.362	16.565	415.42	415.34
08:25:12	16.421	16.085	16.425	17.475	16.362	16.563	415.42	415.34
08:26:12	16.421	16.084	16.433	17.48	16.362	16.564	415.42	415.34
08:27:12	16.422	16.085	16.436	17.485	16.364	16.563	415.42	415.34
08:28:12	16.421	16.085	16.443	17.444	16.364	16.563	415.42	415.34
08:29:12	16.422	16.086	16.429	17.4	16.365	16.564	415.42	415.34
08:30:12	16.422	16.087	16.413	17.354	16.365	16.563	415.42	415.34
08:31:12	0.0	16.088	16.397	17.298	16.365	16.564	415.42	415.34
08:32:12	16.422	16.089	16.372	17.224	16.365	16.564	415.42	415.34
08:33:12	16.422	16.088	16.351	17.178	16.366	16.564	415.42	415.34
08:34:12	16.422	16.088	16.329	17.128	16.364	16.565	415.42	415.34
08:35:13	16.423	16.088	16.312	17.084	16.365	16.565	415.42	415.34
08:36:12	16.422	16.089	16.293	17.065	16.364	16.566	415.42	415.34
08:37:12	16.421	16.087	16.279	17.044	16.366	16.565	415.42	415.34
08:38:12	16.422	16.088	16.272	17.012	16.366	16.565	415.42	415.34
08:39:12	16.421	16.087	16.249	17.006	16.364	16.565	415.42	415.34
08:40:12	16.423	16.087	16.228	16.989	16.364	16.567	415.42	415.34
08:41:12	16.421	16.087	16.219	16.983	16.363	16.567	415.42	415.34
08:42:12	16.422	16.086	16.199	16.947	16.362	16.566	415.42	415.34
08:43:12	16.421	16.086	16.193	16.924	16.363	16.568	415.42	415.34
08:44:12	16.422	16.085	16.188	16.926	16.364	16.565	415.42	415.34
08:45:12	16.423	16.085	16.184	16.915	16.363	16.566	415.42	415.34
08:46:12	16.422	16.085	16.172	16.912	16.364	16.564	415.42	415.34
08:47:12	16.423	16.085	16.161	16.911	16.363	16.565	415.42	415.34
08:48:12	16.423	16.086	16.147	16.917	16.363	16.564	415.42	415.34
08:49:12	16.422	16.085	16.145	16.892	16.361	16.564	415.42	415.34
08:50:12	16.422	16.084	16.138	16.869	16.362	16.565	415.42	415.34
08:51:12	16.422	16.084	16.119	16.857	16.361	16.564	415.42	415.34
08:52:12	16.421	16.085	16.113	16.844	16.362	16.564	415.42	415.34
08:53:12	16.422	16.084	16.12	16.883	16.362	16.564	415.42	415.34
08:54:12	16.422	16.084	16.139	16.938	16.361	16.564	415.42	415.34
08:55:12	16.423	16.084	16.151	16.974	16.361	16.564	415.42	415.34
08:56:12	16.423	16.084	16.162	16.997	16.363	16.565	415.42	415.34
08:57:12	16.422	16.085	16.179	17.036	16.363	16.565	415.42	415.34
08:58:12	16.423	16.085	16.197	17.062	16.363	16.566	415.42	415.34
08:59:12	16.423	16.084	16.202	17.087	16.362	16.564	415.42	415.34
09:00:12	16.424	16.085	16.224	17.123	16.363	16.562	415.42	415.34
09:01:12	16.423	16.083	16.236	17.138	16.36	16.562	415.42	415.34
09:02:12	16.423	16.084	16.242	17.169	16.359	16.562	415.42	415.34
09:03:12	16.424	16.082	16.255	17.195	16.359	16.561	415.42	415.34
09:04:12	16.423	16.081	16.259	17.222	16.357	16.558	415.42	415.34
09:05:12	16.422	16.08	16.269	17.235	16.356	16.559	415.42	415.34
09:06:12	16.422	16.079	16.274	17.257	16.356	16.559	415.42	415.34
09:07:13	16.422	16.078	16.282	17.267	16.356	16.559	415.42	415.34
09:08:12	0.0	16.077	16.294	17.294	16.353	16.561	415.42	415.34
09:09:12	16.423	16.075	16.3	17.307	16.352	16.556	415.42	415.34
09:10:12	16.423	16.074	16.312	17.343	16.35	16.545	415.42	415.34
09:11:12	16.423	16.072	16.324	17.361	16.348	16.542	415.42	415.34
09:12:12	16.423	16.069	16.34	17.368	16.347	16.542	415.42	415.34
09:13:12	16.423	16.069	16.352	17.387	16.346	16.547	415.42	415.34
09:14:12	16.421	16.067	16.363	17.418	16.346	16.545	415.42	415.34
09:15:12	16.422	16.067	16.378	17.442	16.344	16.552	415.42	415.34
09:16:12	16.423	16.066	16.383	17.453	16.344	16.552	415.42	415.34
09:17:12	16.423	16.066	16.394	17.471	16.345	16.544	415.42	415.34
09:18:12	16.422	16.067	16.403	17.433	16.344	16.543	415.42	415.34
09:19:12	16.42	16.067	16.389	17.38	16.345	16.546	415.42	415.34
09:20:12	16.421	16.066	16.378	17.335	16.345	16.545	415.42	415.34
09:21:12	16.421	16.066	16.364	17.287	16.345	16.543	415.42	415.34
09:22:12	16.422	16.065	16.343	17.206	16.347	16.544	415.42	415.34
09:23:13	16.422	16.065	16.327	17.15	16.349	16.545	415.42	415.34
09:24:12	16.421	16.065	16.301	17.108	16.345	16.542	415.42	415.34
09:25:12	16.422	16.065	16.282	17.079	16.343	16.539	415.42	415.34
09:26:12	16.421	16.065	16.267	17.033	16.343	16.539	415.42	415.34
09:27:12	16.421	16.065	16.262	17.027	16.345	16.54	415.42	415.34
09:28:12	16.423	16.065	16.254	17.014	16.344	16.534	415.42	415.34
09:29:12	16.422	16.065	16.24	16.987	16.349	16.54	415.42	415.34
09:30:12	16.421	16.066	16.236	16.976	16.349	16.543	415.42	415.34
09:31:12	16.421	16.068	16.226	16.985	16.351	16.548	415.42	415.34
09:32:12	16.422	16.07	16.218	16.977	16.353	16.552	415.42	415.34
09:33:12	16.421	16.07	16.204	16.966	16.352	16.552	415.42	415.34
09:34:12	16.42	16.073	16.187	16.952	16.353	16.554	415.42	415.34
09:35:12	16.42	16.076	16.183	16.931	16.354	16.555	415.42	415.34
09:36:12	16.421	16.075	16.171	16.901	16.353	16.555	415.42	415.34
09:37:12	16.42	16.076	16.153	16.876	16.352	16.553	415.42	415.34
09:38:12	16.421	16.076	16.15	16.874	16.353	16.553	415.42	415.34
09:39:12	16.42	16.076	16.133	16.893	16.353	16.553	415.42	415.34
09:40:12	16.42	16.075	16.121	16.872	16.351	16.552	415.42	415.34
09:41:14	16.419	16.075	16.117	16.879	16.351	16.551	415.42	415.34
09:42:12	16.42	16.073	16.11	16.871	16.352	16.552	415.42	415.34
09:43:12	16.42	16.073	16.108	16.852	16.351	16.554	415.42	415.34
09:44:12	16.42	16.075	16.092	16.839	16.353	16.556	415.42	415.34
09:45:12	16.42	16.075	16.086	16.828	16.351	16.553	415.42	415.34
09:46:12	16.419	16.073	16.082	16.825	16.351	16.553	415.42	415.34
09:47:12	16.419	16.074	16.073	16.822	16.352	16.553	415.42	415.34
09:48:12	16.419	16.073	16.077	16.859	16.351	16.553	415.42	415.34
09:49:13	16.419	16.074	16.087	16.92	16.351	16.553	415.42	415.34
09:50:12	16.419	16.074	16.103	16.96	16.349	16.553	415.42	415.34
09:51:12	16.419	16.073	16.131	17.008	16.35	16.555	415.42	415.34
09:52:12	16.419	16.073	16.145	17.042	16.352	16.555	415.42	415.34
09:53:12	16.419	16.073	16.162	17.079	16.352	16.555	415.42	415.34
09:54:12	16.419	16.073	16.173	17.098	16.352	16.556	415.42	415.34
09:55:12	16.418	16.073	16.186	17.118	16.352	16.556	415.42	415.34
09:56:12	16.419	16.075	16.194	17.161	16.354	16.557	415.42	415.34
09:57:12	16.418	16.074	16.21	17.183	16.354	16.557	415.42	415.34
09:58:12	16.418	16.074	16.215	17.191	16.351	16.555	415.42	415.34
09:59:12	16.419	16.072	16.22	17.208	16.35	16.554	415.42	415.34
10:00:12	16.419	16.072	16.232	17.223	16.351	16.554	415.42	415.34
10:01:12	16.42	16.072	16.246	17.268	16.351	16.554	415.42	415.34
10:02:12	16.418	16.072	16.262	17.297	16.352	16.556	415.42	415.34
10:03:12	16.417	16.072	16.284	17.322	16.352	16.554	415.42	415.34
10:04:12	16.418	16.071	16.296	17.346	16.35	16.555	415.42	415.34
10:05:15	16.417	16.072	16.343	17.37	16.352	16.556	415.42	415.34
10:06:12	16.418	16.072	16.351	17.384	16.353	16.556	415.42	415.34
10:07:13	16.417	16.072	16.355	17.41	16.352	16.554	415.42	415.34
10:08:12	16.418	16.072	16.37	17.429	16.353	16.555	415.42	415.34
10:09:12	16.417	16.073	16.372	17.439	16.351	16.554	415.42	415.34
10:10:12	16.418	16.072	16.383	17.443	16.353	16.555	415.42	415.34
10:11:12	16.417	16.072	16.379	17.411	16.352	16.554	415.42	415.34
10:12:12	16.418	16.071	16.376	17.381	16.351	16.555	415.42	415.34
10:13:12	16.418	16.071	16.363	17.347	16.352	16.555	415.42	415.34
10:14:12	16.417	16.073	16.358	17.304	16.354	16.556	415.42	415.34
10:15:12	16.417	16.074	16.342	17.252	16.354	16.555	415.42	415.34
10:16:12	16.417	16.074	16.32	17.195	16.355	16.557	415.42	415.34
10:17:12	16.417	16.074	16.3	17.14	16.356	16.558	415.42	415.34
10:18:12	16.417	16.076	16.289	17.115	16.356	16.556	415.42	415.34
10:19:12	16.416	16.076	16.282	17.098	16.357	16.558	415.42	415.34
10:20:12	16.416	16.077	16.269	17.079	16.356	16.56	415.42	415.34
10:21:12	16.417	16.076	16.26	17.054	16.355	16.559	415.42	415.34
10:22:12	16.416	16.075	16.244	17.049	16.354	16.559	415.42	415.34
10:23:12	16.417	16.076	16.242	17.008	16.355	16.557	415.42	415.34
10:24:12	16.416	16.075	16.223	16.998	16.356	16.559	415.42	415.34
10:25:12	16.416	16.074	16.212	16.991	16.353	16.555	415.42	415.34
10:26:13	16.415	16.074	16.198	16.976	16.352	16.557	415.42	415.34
10:27:12	16.417	16.074	16.203	16.952	16.354	16.558	415.42	415.34
10:28:12	16.416	16.074	16.201	16.959	16.354	16.557	415.42	415.34
10:29:12	16.417	16.074	16.193	16.946	16.355	16.559	415.42	415.34
10:30:12	16.417	16.073	16.186	16.936	16.356	16.559	415.42	415.34
10:31:12	16.416	16.075	16.171	16.929	16.357	16.559	415.42	415.34
10:32:12	16.416	16.077	16.151	16.902	16.357	16.561	415.42	415.34
10:33:12	16.416	16.077	16.15	16.897	16.358	16.559	415.42	415.34
10:34:12	16.416	16.077	16.13	16.881	16.357	16.56	415.42	415.34
10:35:12	16.416	16.078	16.127	16.854	16.356	16.559	415.42	415.34
10:36:12	16.416	16.078	16.114	16.865	16.357	16.558	0.0	415.34
10:37:12	16.416	16.078	16.106	16.86	16.357	16.558	415.42	415.34
10:38:13	16.416	16.078	16.093	16.847	16.357	16.559	415.42	415.34
10:39:12	16.417	16.078	16.098	16.882	16.357	16.561	415.42	415.34
10:40:12	16.415	16.078	16.119	16.943	16.357	16.561	415.42	415.34
10:41:12	16.415	16.077	16.147	16.99	16.356	16.56	415.42	415.34
10:42:12	16.415	16.077	16.164	17.048	16.357	16.558	415.42	415.34
10:43:12	16.416	16.077	16.175	17.08	16.357	16.56	415.42	415.34
10:44:12	16.415	16.077	16.191	17.098	16.357	16.559	415.42	415.34
10:45:12	16.415	16.076	16.203	17.124	16.355	16.56	415.42	415.34
10:46:12	16.416	16.076	16.213	17.144	16.355	16.558	415.42	415.34
10:47:12	16.416	16.075	16.226	17.167	16.355	16.558	415.42	415.34
10:48:12	16.415	16.075	16.239	17.186	16.355	16.557	415.42	415.34
10:49:12	16.416	16.074	16.245	17.216	16.354	16.557	415.42	415.34
10:50:12	16.415	16.072	16.256	17.234	16.353	16.555	415.42	415.34
10:51:12	16.415	16.07	16.272	17.258	16.352	0.0	415.42	415.34
10:52:12	16.415	16.07	16.28	17.272	16.352	16.556	415.42	415.34
10:53:12	16.415	16.071	16.291	17.292	16.352	16.557	415.42	415.34
10:54:12	16.414	16.07	16.302	17.309	16.352	16.556	415.42	415.34
10:55:12	16.415	16.069	16.311	17.307	16.351	16.555	415.42	415.34
10:56:13	16.416	16.068	16.322	17.339	16.351	16.555	415.42	415.34
10:57:12	16.415	16.068	16.336	17.362	16.35	16.554	415.42	415.34
10:58:12	16.414	16.068	16.342	17.399	16.35	16.554	415.42	415.34
10:59:12	16.415	16.067	16.384	17.425	16.35	16.555	415.42	415.34
11:00:12	16.414	16.068	16.408	17.434	16.35	16.554	415.42	415.34
11:01:12	16.415	16.067	16.41	17.449	16.349	16.553	415.42	415.34
11:02:12	16.415	16.068	16.412	17.427	16.348	16.552	415.42	415.34
11:03:12	16.414	16.067	16.394	17.389	16.349	16.554	415.42	415.34
11:04:13	16.414	16.065	16.387	17.356	16.347	16.551	415.42	415.34
11:05:12	16.414	16.065	16.368	17.311	16.348	16.551	415.42	415.34
11:06:12	16.413	16.065	16.354	17.267	16.348	16.551	415.42	415.34
11:07:12	16.414	16.066	16.334	17.214	16.349	16.55	415.42	415.34
11:08:12	16.413	16.066	16.326	17.167	16.349	16.552	415.42	415.34
11:09:12	16.413	16.067	16.314	17.121	16.349	16.551	415.42	415.34
11:10:12	16.413	16.066	16.298	17.098	16.348	16.552	415.42	415.34
11:11:12	16.414	16.066	16.281	17.078	16.347	16.553	415.42	415.34
11:12:13	16.414	16.066	16.281	17.057	16.348	16.553	415.42	415.34
11:13:12	16.413	16.066	16.261	17.027	16.348	16.55	415.42	415.34
11:14:12	16.414	16.066	16.246	16.984	16.347	16.552	415.42	415.34
11:15:12	16.413	16.066	16.242	16.982	16.347	16.551	415.42	415.34
11:16:13	16.413	16.066	16.24	16.972	16.35	16.551	415.42	415.34
11:17:12	16.413	16.065	16.226	16.959	16.35	16.551	415.42	415.34
11:18:12	16.414	16.066	16.214	16.934	16.35	16.553	415.42	415.34
11:19:12	16.413	16.067	16.206	16.94	16.35	16.552	415.42	415.34
11:20:12	16.414	16.066	16.198	16.95	16.351	16.553	415.42	415.34
11:21:12	16.413	16.067	16.185	16.942	16.35	16.553	415.42	415.34
11:22:12	16.413	16.067	16.168	16.904	16.349	16.552	415.42	415.34
11:23:12	16.414	16.067	16.16	16.887	16.349	16.551	415.42	415.34
11:24:14	16.414	16.067	16.156	16.875	16.349	16.551	415.42	415.34
11:25:12	0.0	16.065	16.149	16.865	16.348	16.551	415.42	415.34
11:26:12	16.413	16.065	16.133	16.831	16.348	16.553	415.42	415.34
11:27:12	16.413	16.064	16.127	16.82	16.347	16.55	415.42	415.34
11:28:12	16.412	16.064	16.135	16.883	16.349	16.55	415.42	415.34
11:29:12	16.413	16.065	16.147	16.95	16.35	16.551	415.42	415.34
11:30:12	16.412	16.064	16.171	17.009	16.349	16.551	415.42	415.34
11:31:14	16.413	16.063	16.193	17.048	16.348	16.551	415.42	415.34
11:32:12	16.412	16.064	16.204	17.08	16.348	16.551	415.42	415.34
11:33:12	16.413	16.065	16.211	17.116	16.349	16.552	415.42	415.34
11:34:12	16.412	16.064	16.219	17.132	16.349	16.552	415.42	415.34
11:35:12	16.412	16.065	16.229	17.157	16.349	16.55	415.42	415.34
11:36:12	16.412	16.064	16.238	17.188	16.348	16.55	415.42	415.34
11:37:12	16.412	16.064	16.256	17.204	16.348	16.551	415.42	415.34
11:38:12	16.413	16.065	16.263	17.222	16.349	16.553	415.42	415.34
11:39:12	16.412	16.065	16.266	17.247	16.347	16.552	415.42	415.34
11:40:12	16.412	16.064	16.286	17.279	16.348	16.552	415.42	415.34
11:41:12	16.412	16.064	16.305	17.307	16.349	16.554	415.42	415.34
11:42:12	16.413	16.064	16.347	17.327	16.349	16.551	415.42	415.34
11:43:12	16.411	16.064	16.346	17.34	16.347	16.55	415.42	415.34
11:44:12	16.412	16.065	16.349	17.349	16.349	16.552	415.42	415.34
11:45:13	16.411	16.065	16.353	17.362	16.348	16.552	415.42	415.34
11:46:12	16.412	16.065	16.391	17.39	16.348	16.553	415.42	415.34
11:47:12	16.411	16.065	16.395	17.405	16.349	16.551	415.42	415.34
11:48:12	16.413	16.066	16.394	17.431	16.349	16.552	415.42	415.34
11:49:12	16.412	16.066	16.395	17.419	16.348	16.553	415.42	415.34
11:50:12	16.412	16.065	16.388	17.374	16.348	16.553	415.42	415.34
11:51:13	16.412	16.064	16.375	17.344	16.349	16.551	415.42	415.34
11:52:12	16.412	16.064	16.367	17.327	16.348	16.552	415.42	415.34
11:53:12	16.412	16.065	16.36	17.275	16.348	16.552	415.42	415.34
11:54:12	16.411	16.065	16.336	17.22	16.348	16.554	415.42	415.34
11:55:12	16.412	16.065	16.313	17.16	16.348	16.553	415.42	415.34
11:56:12	16.413	16.065	16.298	17.11	16.35	16.553	415.42	415.34
11:57:13	16.411	16.065	16.288	17.081	16.35	16.553	415.42	415.34
11:58:12	16.413	16.065	16.262	17.035	16.348	16.552	415.42	415.34
11:59:12	16.412	16.066	16.25	17.015	16.349	16.553	415.42	415.34
12:00:13	16.41	16.066	16.242	16.983	16.348	16.553	415.42	415.34
12:01:12	16.412	16.067	16.225	16.967	16.349	16.554	415.42	415.34
12:02:13	16.412	16.067	16.206	16.961	16.348	16.553	415.42	415.34
12:03:13	16.411	16.066	16.203	16.943	16.351	16.554	415.42	415.34
12:04:12	16.411	16.067	16.191	16.939	16.35	16.553	415.42	415.34
12:05:12	16.412	16.066	16.176	16.934	16.348	16.553	415.42	415.34
12:06:12	16.412	16.065	16.164	16.921	16.349	16.553	415.42	415.34
12:07:12	16.412	16.065	16.152	16.919	16.348	16.553	415.42	415.34
12:08:12	16.411	16.066	16.147	16.905	16.347	16.553	415.42	415.34
12:09:12	16.411	16.065	16.141	16.896	16.348	16.552	415.42	415.34
12:10:12	16.411	16.065	16.138	16.893	16.349	16.552	415.42	415.34
12:11:12	16.412	16.066	16.129	16.853	16.348	16.553	415.42	415.34
12:12:12	16.412	16.065	16.12	16.835	16.349	16.553	415.42	415.34
12:13:12	16.411	16.066	16.105	16.807	16.351	16.556	415.42	415.34
12:14:12	16.412	16.067	16.114	16.862	16.351	16.557	415.42	415.34
12:15:12	16.411	16.066	16.133	16.922	16.351	16.556	415.42	415.34
12:16:12	16.412	16.068	16.148	16.983	16.351	16.556	415.42	415.34
12:17:12	16.411	16.068	16.168	17.03	16.351	16.557	415.42	415.34
12:18:13	16.411	16.07	16.182	17.071	16.352	16.558	415.42	415.34
12:19:12	16.412	16.069	16.191	17.109	16.35	16.557	415.42	415.34
12:20:12	16.412	16.071	16.207	17.137	16.352	16.556	415.42	415.34
12:21:13	16.411	16.069	16.219	17.165	16.352	16.559	415.42	415.34
12:22:13	16.411	16.07	16.234	17.196	16.353	16.558	415.42	415.34
12:23:12	16.411	16.071	16.245	17.212	16.353	16.557	415.42	415.34
12:24:12	16.413	16.071	16.266	17.226	16.352	16.557	415.42	415.34
12:25:12	16.411	16.07	16.28	17.245	16.353	16.559	415.42	415.34
12:26:12	16.412	16.07	16.295	17.269	16.353	16.559	415.42	415.34
12:27:12	16.412	16.071	16.323	17.286	16.353	16.558	415.42	415.34
12:28:13	16.411	16.071	16.329	17.311	16.351	16.557	415.42	415.34
12:29:13	16.412	16.072	16.341	17.343	16.354	16.559	415.42	415.34
12:30:13	16.411	16.071	16.376	17.36	16.353	16.558	415.42	415.34
12:31:13	16.411	16.072	16.378	17.381	16.354	16.559	415.42	415.34
12:32:12	16.412	16.071	16.372	17.401	16.354	16.559	415.42	415.34
12:33:13	16.411	16.07	16.376	17.42	16.355	16.559	415.42	415.34
12:34:12	16.412	16.07	16.382	17.434	16.354	16.558	415.42	415.34
12:35:12	16.411	16.07	16.423	17.445	16.352	16.557	415.42	415.34
12:36:12	16.412	16.071	16.427	17.467	16.353	16.558	415.42	415.34
12:37:13	16.412	16.071	16.439	17.487	16.353	16.558	415.42	0.0
12:38:14	16.412	16.071	16.449	17.462	16.354	16.558	415.42	415.34
12:39:13	16.411	16.072	16.426	17.402	16.354	16.557	415.42	415.34
12:40:12	16.411	16.07	16.404	17.354	16.354	16.558	415.42	415.34
12:41:12	16.412	16.071	16.392	17.309	16.353	16.557	415.42	415.34
12:42:12	16.412	16.071	16.373	17.256	16.354	16.557	415.42	415.34
12:43:13	16.412	16.072	16.354	17.217	16.353	16.558	415.42	415.34
12:44:12	16.411	16.073	16.339	17.188	16.354	16.559	415.42	415.34
12:45:14	16.411	16.073	16.336	17.168	16.355	16.56	415.42	415.34
12:46:12	16.412	16.074	16.321	17.134	16.356	16.561	415.42	415.34
12:47:12	16.412	16.075	16.31	17.121	16.356	16.557	415.42	415.34
12:48:12	16.411	16.074	16.301	17.097	16.356	16.559	415.42	415.34
12:49:12	16.411	16.075	16.289	17.065	16.356	16.558	415.42	415.34
12:50:13	16.412	16.076	16.278	17.052	16.357	16.558	415.42	415.34
12:51:12	16.412	16.076	16.261	17.004	16.356	16.558	415.42	415.34
12:52:12	16.412	16.074	16.252	16.996	16.355	16.558	415.42	415.34
12:53:12	16.412	16.073	16.238	16.993	16.355	16.558	415.42	415.34
12:54:13	16.412	16.074	16.227	16.966	16.355	16.558	415.42	415.34
12:55:13	16.413	16.074	16.215	16.972	16.355	16.557	415.42	415.34
12:56:12	16.412	16.073	16.207	16.953	16.354	16.558	415.42	415.34
12:57:13	16.411	16.072	16.2	16.95	16.353	16.56	415.42	415.34
12:58:12	16.411	16.07	16.187	16.934	16.353	16.561	415.42	415.34
12:59:12	16.411	16.071	16.173	16.909	16.355	16.56	415.42	415.34
13:00:12	16.412	16.072	16.162	16.907	16.355	16.556	415.42	415.34
13:01:13	16.412	16.071	16.175	16.95	16.356	16.56	415.42	415.34
13:02:12	16.413	16.072	16.196	17.016	16.354	16.56	415.42	415.34
13:03:12	16.412	16.072	16.211	17.072	16.357	16.56	415.42	415.34
13:04:13	16.413	16.073	16.223	17.107	16.358	16.559	415.42	415.34
13:05:13	16.412	16.073	16.235	17.121	16.356	16.56	415.42	415.34
13:06:12	16.412	16.073	16.25	17.148	16.356	16.561	415.42	415.34
13:07:12	16.413	16.074	16.265	17.164	16.355	16.561	415.42	415.34
13:08:12	16.412	16.072	16.29	17.195	16.357	16.562	415.42	415.34
13:09:12	16.413	16.074	16.292	17.214	16.355	16.562	415.42	415.34
13:10:12	16.413	16.073	16.296	17.23	16.356	16.562	415.42	415.34
13:11:12	16.413	16.074	16.308	17.25	16.355	16.562	415.42	415.34
13:12:12	16.412	16.073	16.315	17.269	16.355	16.562	415.42	415.34
13:13:12	16.413	16.074	16.316	17.287	16.355	16.562	415.42	415.34
13:14:12	16.413	16.074	16.322	17.303	16.356	16.56	415.42	415.34
13:15:12	16.414	16.072	16.335	17.33	16.356	16.561	415.42	415.34
13:16:12	16.413	16.073	16.35	17.348	16.356	16.562	415.42	415.34
13:17:12	16.414	16.074	16.36	17.374	16.357	16.56	415.42	415.34
13:18:12	16.413	16.074	16.372	17.387	16.358	16.561	415.42	415.34
13:19:13	16.413	16.076	16.394	17.402	16.359	16.563	415.42	415.34
13:20:12	16.413	16.077	16.424	17.42	16.359	16.563	415.42	415.34
13:21:12	16.415	16.078	16.422	17.429	16.36	16.563	415.42	415.34
13:22:12	16.414	16.077	16.412	17.396	16.362	16.562	415.42	415.34
13:23:12	16.414	16.078	16.406	17.367	16.36	16.563	415.42	415.34
13:24:12	16.414	16.08	16.399	17.328	16.36	16.562	415.42	415.34
13:25:13	16.415	16.079	16.383	17.273	16.359	16.562	415.42	415.34
13:26:12	16.415	16.079	16.362	17.201	16.357	16.561	415.42	415.34
13:27:12	16.413	16.078	16.346	17.146	16.358	16.562	415.42	415.34
13:28:12	16.415	16.078	16.325	17.105	16.358	16.562	415.42	415.34
13:29:12	16.414	16.076	16.317	17.083	16.355	16.562	415.42	415.34
13:30:12	16.414	16.077	16.309	17.053	16.356	16.562	415.42	415.34
13:31:12	16.414	16.076	16.283	17.024	16.356	16.562	415.42	415.34
13:32:12	16.415	16.076	16.273	17.008	16.357	16.561	415.42	415.34
13:33:13	16.415	16.078	16.26	16.995	16.356	16.562	415.42	415.34
13:34:13	16.415	16.077	16.247	17.002	16.358	16.562	415.42	415.34
13:35:13	16.414	16.076	16.227	16.992	16.358	16.561	415.42	415.34
13:36:13	16.414	16.076	16.223	16.965	16.358	16.561	415.42	415.34
13:37:13	16.415	16.076	16.208	16.95	16.358	16.563	415.42	415.34
13:38:12	16.415	16.077	16.196	16.936	16.358	16.564	415.42	415.34
13:39:13	16.417	16.076	16.192	16.937	16.359	16.562	415.42	415.34
13:40:13	16.416	16.077	16.178	16.929	16.358	16.561	415.42	415.34
13:41:12	16.415	16.077	16.159	16.893	16.358	16.561	415.42	415.34
13:42:12	16.415	16.077	16.146	16.863	16.359	16.561	415.42	415.34
13:43:13	16.416	16.077	16.14	16.854	16.357	16.563	415.42	415.34
13:44:12	16.415	16.077	16.126	16.854	16.358	16.564	415.42	415.34
13:45:12	16.416	16.078	16.122	16.855	16.359	16.561	415.42	415.34
13:46:13	16.416	16.078	16.11	16.849	16.36	16.564	415.42	415.34
13:47:12	16.417	16.079	16.127	16.854	16.359	16.563	415.42	415.34
13:48:12	16.416	16.079	16.137	16.916	16.36	16.564	415.42	415.34
13:49:12	16.416	16.079	16.151	16.964	16.36	16.563	415.42	415.34
13:50:13	16.417	16.079	16.164	17.007	16.359	16.563	415.42	415.34
13:51:12	16.417	16.08	16.167	17.04	16.359	16.564	415.42	415.34
13:52:13	16.417	16.079	16.179	17.061	16.361	16.564	415.42	415.34
13:53:12	16.416	16.079	16.19	17.083	16.361	16.562	415.42	415.34
13:54:12	16.416	16.078	16.205	17.114	16.361	16.562	415.42	415.34
13:55:12	16.418	16.078	16.219	17.136	16.359	16.562	415.42	415.34
13:56:12	16.417	16.079	16.229	17.164	16.36	16.561	415.42	415.34
13:57:12	16.417	16.079	16.239	17.18	16.359	16.561	415.42	415.34
13:58:12	16.417	16.078	16.254	17.206	16.359	16.562	415.42	415.34
13:59:13	16.417	16.079	16.265	17.23	16.357	16.561	415.42	415.34
14:00:12	16.416	16.079	16.276	17.25	16.359	16.563	415.42	415.34
14:01:13	16.416	16.078	16.317	17.286	16.359	16.564	415.42	415.34
14:02:13	16.416	16.078	16.323	17.296	16.358	16.561	415.42	415.34
14:03:12	16.417	16.078	16.324	17.312	16.358	16.561	415.42	415.34
14:04:12	16.417	16.078	16.33	17.324	16.358	16.561	415.42	415.34
14:05:13	16.418	16.078	16.335	17.346	16.358	16.562	415.42	415.34
14:06:13	16.417	16.077	16.342	17.361	16.357	16.56	415.42	415.34
14:07:12	16.417	16.078	16.345	17.387	16.358	16.561	415.42	415.34
14:08:13	16.417	16.077	16.36	17.412	16.358	16.561	415.42	415.34
14:09:13	16.418	16.077	16.372	17.435	16.357	16.56	415.42	415.34
14:10:13	16.417	16.078	16.393	17.432	16.359	16.562	415.42	415.34
14:11:13	16.417	16.079	16.39	17.402	16.358	16.561	415.42	415.34
14:12:12	16.416	16.077	16.378	17.354	16.357	16.562	415.42	415.34
14:13:12	16.416	16.077	16.363	17.308	16.357	16.56	415.42	415.34
14:14:12	16.416	16.077	16.358	17.276	16.357	16.56	415.42	415.34
14:15:13	16.416	16.076	16.332	17.208	16.359	16.562	415.42	415.34
14:16:13	16.417	16.077	16.316	17.165	16.358	16.561	415.42	415.34
14:17:13	16.416	16.078	16.294	17.125	16.36	16.563	415.42	415.34
14:18:13	16.416	16.078	16.277	17.072	16.359	16.562	415.42	415.34
14:19:13	16.417	16.077	16.268	17.029	16.359	16.561	415.42	415.34
14:20:13	16.416	16.078	16.255	16.998	16.358	16.563	415.42	415.34
14:21:12	16.417	16.078	16.238	16.969	16.36	16.562	415.42	415.34
14:22:13	16.417	16.078	16.225	16.982	16.359	16.562	415.42	415.34
14:23:12	16.416	16.08	16.205	16.957	16.36	16.563	415.42	415.34
14:24:13	16.417	16.079	16.199	16.948	16.359	16.562	415.42	415.34
14:25:13	16.417	16.08	16.194	16.951	16.359	16.562	415.42	415.34
14:26:12	16.417	16.079	16.183	16.946	16.361	16.563	415.42	415.34
14:27:13	16.417	16.08	16.165	16.914	16.36	16.563	415.42	415.34
14:28:12	16.418	16.079	16.151	16.906	16.359	16.563	415.42	415.34
14:29:14	16.417	16.079	16.153	16.902	16.359	16.562	415.42	415.34
14:30:12	16.417	16.079	16.151	16.883	16.358	16.561	415.42	415.34
14:31:12	16.417	16.078	16.148	16.877	16.358	16.563	415.42	415.34
14:32:12	16.417	16.077	16.14	16.865	16.357	16.563	415.42	415.34
14:33:13	16.417	16.077	16.128	16.874	16.359	16.562	415.42	415.34
14:34:13	16.417	16.078	16.133	16.894	16.358	16.563	415.42	415.34
14:35:13	16.417	16.077	16.141	16.942	16.358	16.562	415.42	415.34
14:36:13	16.416	16.077	16.151	16.987	16.359	16.562	415.42	415.34
14:37:13	16.417	16.078	16.168	17.031	16.359	16.562	415.42	415.34
14:38:12	16.416	16.078	16.178	17.07	16.358	16.562	415.42	415.34
14:39:13	16.416	16.077	16.193	17.092	16.36	16.563	415.42	415.34
14:40:13	16.416	16.078	16.204	17.112	16.357	16.561	415.42	415.34
14:41:13	16.417	16.078	16.213	17.126	16.357	16.561	415.42	415.34
14:42:13	16.417	16.077	16.222	17.146	16.357	16.562	415.42	415.34
14:43:13	16.417	16.076	16.234	17.163	16.357	16.561	415.42	415.34
14:44:12	16.417	16.077	16.244	17.184	16.356	16.561	415.42	415.34
14:45:13	16.416	16.076	16.247	17.206	16.357	16.563	415.42	415.34
14:46:12	16.416	16.076	16.261	17.226	16.357	16.559	415.42	415.34
14:47:13	16.417	16.077	16.272	17.249	16.357	16.56	415.42	415.34
14:48:12	16.417	16.076	16.286	17.27	16.356	16.56	415.42	415.34
14:49:13	16.417	16.076	16.302	17.29	16.358	16.56	415.42	415.34
14:50:12	16.417	16.076	16.311	17.312	16.358	16.562	415.42	415.34
14:51:13	16.415	16.076	16.324	17.339	16.356	16.561	415.42	415.34
14:52:13	16.418	16.076	16.331	17.352	16.358	16.562	415.42	415.34
14:53:13	16.418	16.077	16.352	17.368	16.359	16.563	415.42	415.34
14:54:13	16.418	16.078	16.366	17.386	16.358	16.562	415.42	415.34
14:55:13	16.417	16.078	16.367	17.402	16.358	16.562	415.42	415.34
14:56:13	16.417	16.078	16.384	17.431	16.359	16.561	415.42	415.34
14:57:13	16.417	16.078	16.408	17.453	16.356	16.562	415.42	415.34
14:58:12	16.416	16.078	16.409	17.452	16.357	16.562	415.42	415.34
14:59:12	16.417	16.078	16.413	17.433	16.359	16.563	415.42	415.34
15:00:13	16.417	16.078	16.406	17.392	16.358	16.562	415.42	415.34
15:01:13	0.0	16.078	16.393	17.351	16.358	16.561	415.42	415.34
15:02:12	16.417	16.078	16.383	17.318	16.358	16.562	415.42	415.34
15:03:12	16.417	16.077	16.36	17.252	16.357	16.562	415.42	415.34
15:04:13	16.416	16.077	16.343	17.202	16.358	16.562	415.42	415.34
15:05:13	16.416	16.077	16.325	17.137	16.356	16.561	415.42	415.34
15:06:12	16.417	16.075	16.305	17.087	16.357	16.562	415.42	415.34
15:07:13	16.417	16.076	16.28	17.058	16.357	16.561	415.42	415.34
15:08:13	16.417	16.078	16.263	17.017	16.357	16.562	415.42	415.34
15:09:13	16.418	16.076	16.249	16.992	16.357	16.561	415.42	415.34
15:10:13	16.417	16.077	16.235	16.963	16.357	16.563	415.42	415.34
15:11:13	16.417	16.076	16.224	16.962	16.356	16.56	415.42	415.34
15:12:13	16.417	16.076	16.212	16.952	16.357	16.559	415.42	415.34
15:13:12	16.417	16.077	16.203	16.926	16.358	16.562	415.42	415.34
15:14:13	16.417	16.077	16.195	16.922	16.358	16.562	415.42	415.34
15:15:13	16.416	16.078	16.184	16.897	16.357	16.562	415.42	415.34
15:16:13	16.417	16.077	16.161	16.873	16.358	16.562	415.42	415.34
15:17:13	16.416	16.078	16.158	16.853	16.358	16.562	415.42	415.34
15:18:13	16.417	16.077	16.159	16.839	16.357	16.561	415.42	415.34
15:19:13	16.417	16.076	16.148	16.834	16.358	16.56	415.42	415.34
15:20:13	16.417	16.076	16.133	16.847	16.357	16.56	415.42	415.34
15:21:13	16.416	16.076	16.12	16.848	16.357	16.562	415.42	415.34
15:22:13	16.417	16.076	16.125	16.885	16.357	16.561	415.42	415.34
15:23:13	16.417	16.076	16.146	16.938	16.357	16.561	415.42	415.34
15:24:13	16.417	16.074	16.161	16.972	16.356	16.562	415.42	415.34
15:25:13	16.417	16.076	16.179	17.017	16.357	16.564	415.42	415.34
15:26:13	16.417	16.077	16.199	17.04	16.357	16.563	415.42	415.34
15:27:13	16.417	16.077	16.212	17.07	16.358	16.563	415.42	415.34
15:28:13	16.417	16.077	16.219	17.108	16.359	16.564	415.42	415.34
15:29:13	16.417	16.077	16.233	17.122	16.359	16.563	415.42	415.34
15:30:13	16.419	16.078	16.236	17.158	16.359	16.563	415.42	415.34
15:31:13	16.417	16.079	16.252	17.187	16.359	16.562	415.42	415.34
15:32:13	16.417	16.079	16.266	17.195	16.36	16.564	415.42	415.34
15:33:13	16.418	16.079	16.269	17.201	16.361	16.564	415.42	415.34
15:34:13	16.417	16.08	16.271	17.232	16.36	16.563	415.42	415.34
15:35:13	16.417	16.08	16.279	17.247	16.359	16.564	415.42	415.34
15:36:13	16.418	16.079	16.295	17.261	16.36	16.562	415.42	415.34
15:37:13	16.418	16.08	16.305	17.286	16.36	16.563	415.42	415.34
15:38:13	16.418	16.08	16.32	17.305	16.359	16.561	415.42	415.34
15:39:13	16.417	16.079	16.345	17.326	16.359	16.561	415.42	415.34
15:40:13	16.418	16.079	16.344	17.342	16.357	16.561	415.42	415.34
15:41:12	16.418	16.078	16.353	17.352	16.357	16.56	415.42	415.34
15:42:13	16.418	16.078	16.36	17.369	16.357	16.559	415.42	415.34
15:43:13	16.416	16.077	16.394	17.399	16.356	16.559	415.42	415.34
15:44:13	16.417	16.076	16.415	17.41	16.358	16.559	415.42	415.34
15:45:13	16.417	16.076	16.411	17.42	16.357	16.56	415.42	415.34
15:46:13	16.417	16.075	16.413	17.438	16.356	16.56	415.42	415.34
15:47:13	16.418	16.075	16.41	17.409	16.357	16.559	415.42	415.34
15:48:13	16.417	16.076	16.396	17.361	16.356	16.559	415.42	415.34
15:49:13	16.416	16.075	16.382	17.314	16.357	16.558	415.42	415.34
15:50:13	16.417	16.076	16.363	17.275	16.357	16.56	415.42	415.34
15:51:13	16.416	16.075	16.345	17.215	16.356	16.558	415.42	415.34
15:52:13	16.417	16.075	16.322	17.165	16.355	16.557	415.42	415.34
15:53:13	16.416	16.075	16.302	17.129	16.356	16.559	415.42	415.34
15:54:13	16.417	16.076	16.288	17.081	16.355	16.558	415.42	415.34
15:55:13	16.415	16.075	16.283	17.028	16.356	16.559	415.42	415.34
15:56:13	16.417	16.075	16.269	17.006	16.356	16.56	415.42	415.34
15:57:13	16.416	16.075	16.253	17.001	16.357	16.558	415.42	415.34
15:58:13	16.418	16.074	16.244	16.988	16.355	16.559	415.42	415.34
15:59:13	16.417	16.075	16.227	16.965	16.355	16.56	415.42	415.34
16:00:13	16.418	16.074	16.217	16.945	16.356	16.559	415.42	415.34
16:01:13	16.415	16.075	16.197	16.933	16.356	16.558	415.42	415.34
16:02:13	16.416	16.075	16.2	16.928	16.356	16.558	415.42	415.34
16:03:13	16.417	16.074	16.184	16.919	16.354	16.558	415.42	415.34
16:04:13	16.416	16.075	16.19	16.938	16.354	16.557	415.42	415.34
16:05:13	16.417	16.073	16.204	16.99	16.355	16.556	415.42	415.34
16:06:13	16.418	16.073	16.213	17.028	16.354	16.557	415.42	415.34
16:07:13	16.417	16.073	16.215	17.059	16.354	16.557	415.42	415.34
16:08:13	16.417	16.073	16.229	17.08	16.356	16.558	415.42	415.34
16:09:13	16.418	16.073	16.244	17.112	16.355	16.558	415.42	415.34
16:10:12	16.417	16.074	16.252	17.139	16.356	16.558	415.42	415.34
16:11:13	16.417	16.075	16.261	17.174	16.355	16.559	415.42	415.34
16:12:13	16.417	16.075	16.274	17.189	16.356	16.558	415.42	415.34
16:13:13	16.417	16.075	16.281	17.213	16.355	16.559	415.42	415.34
16:14:13	16.417	16.075	16.289	17.221	16.355	16.559	415.42	415.34
16:15:13	16.417	16.075	16.304	17.24	16.356	16.56	415.42	415.34
16:16:13	16.417	16.075	16.311	17.264	16.355	16.56	415.42	415.34
16:17:13	16.417	16.075	16.316	17.282	16.355	16.559	415.42	415.34
16:18:13	16.416	16.076	16.333	17.303	16.356	16.561	415.42	415.34
16:19:13	16.416	16.076	16.353	17.318	16.355	16.559	415.42	415.34
16:20:13	16.417	16.077	16.368	17.341	16.356	16.559	415.42	415.34
16:21:12	16.417	16.077	16.386	17.359	16.356	16.56	415.42	415.34
16:22:13	16.417	16.076	16.393	17.38	16.357	16.56	415.42	415.34
16:23:13	16.417	16.078	16.398	17.405	16.356	16.561	415.42	415.34
16:24:13	16.417	16.078	16.4	17.407	16.357	16.561	415.42	415.34
16:25:13	16.418	16.078	16.403	17.428	16.355	16.559	415.42	415.34
16:26:13	16.418	16.077	16.411	17.447	16.356	16.559	415.42	415.34
16:27:13	16.418	16.077	16.409	17.413	16.357	16.561	415.42	415.34
16:28:13	16.418	16.077	16.402	17.359	16.357	16.56	415.42	415.34
16:29:13	16.417	16.076	16.396	17.315	16.356	16.56	415.42	415.34
16:30:13	16.417	16.077	16.374	17.267	16.356	16.56	415.42	415.34
16:31:13	16.418	16.077	16.354	17.198	16.356	16.56	415.42	415.34
16:32:13	16.417	16.077	16.331	17.143	16.356	16.561	415.42	415.34
16:33:13	16.417	16.077	16.304	17.107	16.356	16.561	415.42	415.34
16:34:13	16.418	16.077	16.288	17.073	16.356	16.56	415.42	415.34
16:35:13	16.418	16.078	16.281	17.053	16.356	16.561	415.42	415.34
16:36:13	16.417	16.077	16.279	17.046	16.358	16.561	415.42	415.34
16:37:13	16.418	16.076	16.274	17.034	16.356	16.56	415.42	415.34
16:38:13	16.418	16.077	16.263	17.007	16.357	16.561	415.42	415.34
16:39:13	16.418	16.078	16.243	16.976	16.356	16.561	415.42	415.34
16:40:13	16.419	16.079	16.223	16.957	16.357	16.561	415.42	415.34
16:41:13	16.419	16.078	16.213	16.951	16.358	16.561	415.42	415.34
16:42:13	16.418	16.078	16.211	16.933	16.357	16.56	415.42	415.34
16:43:13	16.419	16.079	16.207	16.94	16.358	16.561	415.42	415.34
16:44:13	16.419	16.078	16.2	16.962	16.357	16.561	415.42	415.34
16:45:13	16.418	16.079	16.188	16.946	16.357	16.562	415.42	415.34
16:46:13	16.419	16.078	16.185	16.934	16.358	16.562	415.42	415.34
16:47:13	16.419	16.079	16.188	16.94	16.358	16.562	415.42	415.34
16:48:13	16.419	16.079	16.183	16.895	16.358	16.561	415.42	415.34
16:49:13	16.418	16.079	16.17	16.898	16.357	16.561	415.42	415.34
16:50:13	16.42	16.079	16.163	16.902	16.357	16.561	415.42	415.34
16:51:13	16.42	16.08	16.146	16.879	16.357	16.56	415.42	415.34
16:52:13	16.42	16.08	16.145	16.92	16.357	16.56	415.42	415.34
16:53:13	16.42	16.079	16.161	16.968	16.357	16.562	415.42	415.34
16:54:13	16.419	16.078	16.173	17.014	16.358	16.562	415.42	415.34
16:55:15	16.419	16.079	16.186	17.04	16.358	16.561	415.42	415.34
16:56:13	16.419	16.079	16.199	17.075	16.357	16.563	415.42	415.34
16:57:13	16.419	16.079	16.21	17.101	16.357	16.56	415.42	415.34
16:58:13	16.42	16.079	16.216	17.133	16.358	16.562	415.42	415.34
16:59:13	16.419	16.079	16.226	17.142	16.358	16.561	415.42	415.34
17:00:13	16.42	16.081	16.241	17.165	16.359	16.563	415.42	415.34
17:01:13	16.42	16.081	16.256	17.189	16.358	16.562	415.42	415.34
17:02:13	16.42	16.08	16.257	17.199	16.359	16.562	415.42	415.34
17:03:13	16.42	16.08	16.266	17.204	16.359	16.562	415.42	415.34
17:04:13	16.421	16.081	16.27	17.222	16.358	16.563	415.42	415.34
17:05:13	16.419	16.08	16.279	17.235	16.359	16.563	415.42	415.34
17:06:13	16.421	16.081	16.297	17.254	16.359	16.562	415.42	415.34
17:07:13	16.421	16.08	16.303	17.274	16.358	16.561	415.42	415.34
17:08:13	16.42	16.08	16.309	17.282	16.358	16.561	415.42	415.34
17:09:13	16.42	16.08	16.317	17.295	16.358	16.56	415.42	415.34
17:10:13	16.42	16.08	16.332	17.331	16.357	16.561	415.42	415.34
17:11:13	16.42	16.079	16.372	17.354	16.357	16.561	415.42	415.34
17:12:13	16.419	16.079	16.377	17.369	16.356	16.562	415.42	415.34
17:13:13	16.42	16.079	16.386	17.386	16.358	16.561	415.42	415.34
17:14:13	16.42	16.079	16.39	17.4	16.356	16.559	415.42	415.34
17:15:13	16.421	16.078	16.395	17.413	16.355	16.559	415.42	415.34
17:16:13	16.421	16.077	16.401	17.439	16.355	16.558	415.42	415.34
17:17:13	16.42	16.077	16.415	17.463	16.356	16.558	415.42	415.34
17:18:13	16.42	16.076	16.434	17.48	16.355	16.558	415.42	415.34
17:19:13	16.42	16.078	16.43	17.43	16.356	16.559	415.42	415.34
17:20:13	0.0	16.078	16.419	17.387	16.357	16.559	415.42	415.34
17:21:13	16.42	16.078	16.401	17.353	16.356	16.557	415.42	415.34
17:22:13	0.0	16.078	16.389	17.303	16.355	16.558	415.42	415.34
17:23:13	16.42	16.078	16.367	17.22	16.357	16.559	415.42	415.34
17:24:13	16.42	16.077	16.343	17.161	16.357	16.56	415.42	415.34
17:25:13	16.42	16.078	16.327	17.129	16.357	16.558	415.42	415.34
17:26:13	16.419	16.078	16.317	17.101	16.355	16.558	415.42	415.34
17:27:13	16.42	16.077	16.287	17.075	16.356	16.561	415.42	415.34
17:28:13	16.421	16.077	16.277	17.033	16.355	16.556	415.42	415.34
17:29:13	16.421	16.076	16.252	17.006	16.356	16.558	415.42	415.34
17:30:13	16.42	16.077	16.243	16.989	16.355	16.557	415.42	415.34
17:31:13	16.42	16.077	16.234	16.967	16.356	16.558	415.42	415.34
17:32:13	16.42	16.078	16.231	16.964	16.356	16.557	415.42	415.34
17:33:13	16.42	16.077	16.237	16.967	16.357	16.558	415.42	415.34
17:34:13	16.42	16.077	16.23	16.964	16.356	16.558	415.42	415.34
17:35:13	16.422	16.079	16.222	16.966	16.357	16.558	415.42	415.34
17:36:13	16.42	16.078	16.215	16.944	16.357	16.559	415.42	415.34
17:37:13	16.421	16.078	16.184	16.892	16.356	16.558	415.42	415.34
17:38:13	16.42	16.078	16.162	16.892	16.356	16.559	415.42	415.34
17:39:13	16.42	16.077	16.167	16.926	16.358	16.56	415.42	415.34
17:40:13	16.421	16.078	16.18	16.975	16.356	16.559	415.42	415.34
17:41:13	16.42	16.078	16.193	17.03	16.356	16.558	415.42	415.34
17:42:13	16.42	16.077	16.21	17.065	16.355	16.558	415.42	415.34
17:43:13	16.421	16.076	16.225	17.085	16.355	16.556	415.42	415.34
17:44:13	16.421	16.077	16.232	17.115	16.355	16.556	415.42	415.34
17:45:13	16.42	16.078	16.244	17.129	16.354	16.557	415.42	415.34
17:46:13	16.42	16.077	16.256	17.153	16.354	16.555	415.42	415.34
17:47:13	16.421	16.076	16.268	17.175	16.354	16.557	415.42	415.34
17:48:13	16.421	16.076	16.273	17.197	16.354	16.555	415.42	415.34
17:49:13	16.42	16.076	16.292	17.215	16.355	16.556	415.42	415.34
17:50:13	16.421	16.077	16.298	17.232	16.356	16.557	415.42	415.34
17:51:13	16.421	16.078	16.302	17.25	16.355	16.556	415.42	415.34
17:52:13	16.421	16.077	16.319	17.268	16.355	16.556	415.42	415.34
17:53:13	16.421	16.076	16.315	17.278	16.356	16.557	415.42	415.34
17:54:13	16.42	16.077	16.325	17.307	16.358	16.557	415.42	415.34
17:55:13	16.421	16.078	16.329	17.332	16.357	16.557	415.42	415.34
17:56:13	16.421	16.078	16.346	17.356	16.356	16.557	415.42	415.34
17:57:13	16.421	16.078	16.36	17.373	16.356	16.557	415.42	415.34
17:58:13	16.421	16.08	16.37	17.387	16.357	16.561	415.42	415.34
17:59:13	16.422	16.079	16.385	17.403	16.355	16.558	415.42	415.34
18:00:13	16.421	16.078	16.395	17.425	16.357	16.558	415.42	415.34
18:01:13	16.421	16.077	16.398	17.443	16.356	16.557	415.42	415.34
18:02:13	16.421	16.078	16.415	17.472	16.355	16.557	415.42	415.34
18:03:13	16.422	16.077	16.435	17.456	16.354	16.556	415.42	415.34
18:04:13	16.421	16.078	16.427	17.4	16.354	16.557	415.42	415.34
18:05:13	16.422	16.077	16.407	17.349	16.354	16.556	415.42	415.34
18:06:13	16.422	16.076	16.398	17.298	16.354	16.558	415.42	415.34
18:07:13	16.422	16.077	16.381	17.261	16.355	16.558	415.42	415.34
18:08:13	16.422	16.077	16.36	17.201	16.354	16.556	415.42	415.34
18:09:13	16.422	16.077	16.34	17.162	16.355	16.556	415.42	415.34
18:10:13	16.421	16.077	16.336	17.137	16.354	16.555	415.42	415.34
18:11:13	16.422	16.076	16.321	17.121	16.354	16.556	415.42	415.34
18:12:13	16.423	16.076	16.312	17.109	16.355	16.555	415.42	415.34
18:13:13	16.422	16.076	16.309	17.113	16.354	16.556	415.42	415.34
18:14:13	16.422	16.076	16.292	17.099	16.353	16.557	415.42	415.34
18:15:13	16.421	16.076	16.274	17.053	16.354	16.557	415.42	415.34
18:16:13	16.421	16.077	16.261	17.028	16.354	16.556	415.42	415.34
18:17:13	16.423	16.076	16.24	16.983	16.353	16.555	415.42	415.34
18:18:13	16.422	16.077	16.232	16.968	16.352	16.554	415.42	415.34
18:19:13	16.422	16.076	16.211	16.946	16.353	16.555	415.42	415.34
18:20:13	16.422	16.076	16.214	16.974	16.353	16.554	415.42	415.34
18:21:13	16.422	16.075	16.23	17.014	16.352	16.553	415.42	415.34
18:22:13	16.421	16.075	16.248	17.056	16.352	16.553	415.42	415.34
18:23:13	16.422	16.075	16.262	17.101	16.352	16.552	415.42	415.34
18:24:13	16.422	16.074	16.273	17.13	16.353	16.555	415.42	415.34
18:25:13	16.422	16.076	16.279	17.169	16.352	16.553	415.42	415.34
18:26:13	16.423	16.075	16.291	17.19	16.352	16.554	415.42	415.34
18:27:13	16.423	16.075	16.294	17.201	16.352	16.552	415.42	415.34
18:28:13	16.422	16.075	16.309	17.219	16.351	16.553	415.42	415.34
18:29:13	16.423	16.076	16.318	17.259	16.352	16.553	415.42	415.34
18:30:13	16.422	16.076	16.332	17.284	16.353	16.553	415.42	415.34
18:31:13	16.424	16.077	16.337	17.31	16.353	16.553	415.42	415.34
18:32:13	16.423	16.077	16.351	17.333	16.354	16.553	415.42	415.34
18:33:13	16.423	16.078	16.368	17.365	16.355	16.555	415.42	415.34
18:34:13	16.423	16.078	16.393	17.388	16.355	16.556	415.42	415.34
18:35:13	16.423	16.079	16.401	17.4	16.354	16.555	415.42	415.34
18:36:13	16.423	16.078	16.401	17.422	16.352	16.555	415.42	415.34
18:37:13	16.421	16.079	16.419	17.444	16.352	16.555	415.42	415.34
18:38:14	16.422	16.079	16.455	17.469	16.354	16.555	415.42	415.34
18:39:13	0.0	16.078	16.46	17.449	16.353	16.553	415.42	415.34
18:40:13	16.423	16.078	16.437	17.394	16.354	16.551	415.42	415.34
18:41:13	16.423	16.078	16.421	17.368	16.353	16.553	415.42	415.34
18:42:13	16.424	16.078	16.407	17.323	16.353	16.552	415.42	415.34
18:43:13	0.0	0.0	16.387	17.259	16.354	16.555	415.42	415.34
18:44:13	16.423	16.079	16.365	17.211	16.354	16.555	415.42	415.34
18:45:13	16.423	16.079	16.351	17.178	16.354	16.555	415.42	415.34
18:46:13	16.424	16.078	16.343	17.139	16.354	16.555	415.42	415.34
18:47:13	16.423	16.078	16.342	17.137	16.356	16.556	415.42	415.34
18:48:13	16.424	16.08	16.336	17.137	16.355	16.556	415.42	415.34
18:49:15	16.423	16.079	16.325	17.096	16.353	16.556	415.42	415.34
18:50:13	16.423	16.079	16.305	17.063	16.353	16.556	415.42	415.34
18:51:13	16.422	16.08	16.288	17.04	16.354	16.555	415.42	415.34
18:52:13	16.423	16.078	16.28	17.01	16.354	16.555	415.42	415.34
18:53:15	16.423	16.079	16.26	16.99	16.353	16.556	415.42	415.34
18:54:13	16.423	16.077	16.242	16.98	16.353	16.555	415.42	415.34
18:55:13	16.423	16.077	16.241	16.962	16.351	16.554	415.42	415.34
18:56:13	16.424	16.077	16.224	16.953	16.352	16.553	415.42	415.34
18:57:13	16.424	16.077	16.204	16.916	16.351	16.553	415.42	415.34
18:58:13	16.424	16.076	16.194	16.897	16.351	16.553	415.42	415.34
18:59:13	16.424	16.076	16.177	16.892	16.351	16.553	415.42	415.34
19:00:13	16.424	16.076	16.158	16.874	16.351	16.553	415.42	415.34
19:01:13	16.424	16.075	16.144	16.853	16.351	16.555	415.42	415.34
19:02:13	16.424	16.076	16.15	16.875	16.351	16.556	415.42	415.34
19:03:13	16.424	16.077	16.14	16.868	16.351	16.556	415.42	415.34
19:04:13	16.423	16.078	16.132	16.835	16.352	16.554	415.42	415.34
19:05:13	16.423	16.077	16.119	16.839	16.355	16.555	415.42	415.34
19:06:13	16.424	16.078	16.115	16.853	16.354	16.556	415.42	415.34
19:07:13	16.424	16.078	16.115	16.847	16.353	16.558	415.42	415.34
19:08:13	16.425	16.077	16.107	16.799	16.353	16.559	415.42	415.34
19:09:13	16.425	16.078	16.093	16.821	16.354	16.557	415.42	415.34
19:10:13	16.423	16.078	16.096	16.86	16.351	16.554	415.42	415.34
19:11:13	16.424	16.078	16.115	16.915	16.351	16.552	415.42	415.34
19:12:14	16.424	16.077	16.138	16.959	16.352	16.551	415.42	415.34
19:13:13	16.425	16.076	16.147	17.002	16.351	16.551	415.42	415.34
19:14:13	16.426	16.076	16.158	17.053	16.351	16.556	415.42	415.34
19:15:13	16.425	16.076	16.179	17.078	16.351	16.559	415.42	415.34
19:16:15	16.425	16.075	16.185	17.099	16.35	16.554	415.42	415.34
19:17:13	16.424	16.076	16.198	17.125	16.349	16.55	415.42	415.34
19:18:13	16.424	16.075	16.218	17.156	16.349	16.552	415.42	415.34
19:19:13	16.424	16.075	16.233	17.183	16.351	16.558	415.42	415.34
19:20:13	16.424	16.074	16.251	17.204	16.35	16.557	415.42	415.34
19:21:13	16.425	16.074	16.252	17.222	16.351	16.559	415.42	415.34
19:22:13	16.425	16.072	16.27	17.248	16.351	16.553	415.42	415.34
19:23:13	16.425	16.074	16.279	17.275	16.351	16.55	415.42	415.34
19:24:13	16.425	16.074	16.31	17.305	16.351	16.551	415.42	415.34
19:25:13	16.423	16.074	16.32	17.32	16.351	16.552	415.42	415.34
19:26:13	16.426	16.074	16.332	17.336	16.351	16.549	415.42	415.34
19:27:13	16.424	16.075	16.338	17.355	16.351	16.547	415.42	415.34
19:28:13	16.425	16.075	16.348	17.382	16.351	16.549	415.42	415.34
19:29:13	16.424	16.077	16.373	17.398	16.353	16.553	415.42	415.34
19:30:13	16.424	16.075	16.362	17.391	16.352	16.556	415.42	415.34
19:31:13	16.424	16.076	16.355	17.406	16.353	16.551	415.42	415.34
19:32:13	16.424	16.076	16.358	17.403	16.351	16.549	415.42	415.34
19:33:13	16.423	16.078	16.364	17.422	16.353	16.55	415.42	415.34
19:34:13	16.424	16.077	16.374	17.441	16.352	16.549	415.42	415.34
19:35:13	16.424	16.076	16.396	17.469	16.352	16.552	415.42	415.34
19:36:13	16.423	16.075	16.406	17.436	16.351	16.551	415.42	415.34
19:37:13	16.424	16.076	16.398	17.389	16.351	16.55	415.42	415.34
19:38:13	16.424	16.077	16.387	17.34	16.354	16.553	415.42	415.34
19:39:13	16.423	16.078	16.369	17.286	16.353	16.553	415.42	415.34
19:40:13	16.424	16.079	16.35	17.232	16.354	16.556	415.42	415.34
19:41:13	16.424	16.078	16.338	17.181	16.353	16.553	415.42	415.34
19:42:13	16.423	16.077	16.316	17.149	16.352	16.553	415.42	415.34
19:43:13	16.423	16.078	16.292	17.085	16.354	16.553	415.42	415.34
19:44:13	16.423	16.078	16.276	17.059	16.354	16.556	415.42	415.34
19:45:13	16.422	16.078	16.265	17.048	16.355	16.556	415.42	415.34
19:46:13	16.422	16.079	16.251	17.025	16.355	16.556	415.42	415.34
19:47:13	16.422	16.08	16.238	16.992	16.355	16.558	415.42	415.34
19:48:13	16.423	16.081	16.228	16.979	16.356	16.558	415.42	415.34
19:49:13	16.423	16.08	16.216	16.957	16.354	16.558	415.42	415.34
19:50:13	16.422	16.08	16.207	16.966	16.356	16.558	415.42	415.34
19:51:13	16.423	16.08	16.196	16.959	16.355	16.559	415.42	415.34
19:52:13	16.423	16.08	16.185	16.942	16.354	16.558	415.42	415.34
19:53:13	16.422	16.079	16.171	16.911	16.354	16.557	415.42	415.34
19:54:13	16.422	16.08	16.169	16.903	16.355	16.557	415.42	415.34
19:55:14	16.424	16.08	16.165	16.881	16.353	16.556	415.42	415.34
19:56:13	16.422	16.078	16.152	16.875	16.351	16.553	415.42	415.34
19:57:13	16.421	16.076	16.142	16.858	16.349	16.551	415.42	415.34
19:58:13	16.422	16.074	16.115	16.86	16.347	16.55	415.42	415.34
19:59:13	16.421	16.071	16.117	16.853	16.344	16.548	415.42	415.34
20:00:13	16.42	16.068	16.112	16.843	16.343	16.547	415.42	415.34
20:01:13	16.421	16.067	16.114	16.845	16.344	16.549	415.42	415.34
20:02:13	16.421	16.067	16.114	16.846	16.345	16.551	415.42	415.34
20:03:13	16.422	16.067	16.107	16.852	16.344	16.55	415.42	415.34
20:04:13	16.421	16.066	16.096	16.847	16.344	16.543	415.42	415.34
20:05:13	16.421	16.067	16.078	16.832	16.345	16.545	415.42	415.34
20:06:13	16.423	16.07	16.067	16.823	16.349	16.543	415.42	415.34
20:07:13	16.421	16.07	16.072	16.825	16.351	16.546	415.42	415.34
20:08:13	16.422	16.072	16.065	16.826	16.351	16.552	415.42	415.34
20:09:13	16.422	16.072	16.049	16.847	16.353	16.554	415.42	415.34
20:10:13	16.422	16.074	16.07	16.901	16.351	16.552	415.42	415.34
20:11:13	16.421	16.075	16.083	16.946	16.354	16.553	415.42	415.34
20:12:13	16.421	16.077	16.107	17.0	16.352	16.556	415.42	415.34
20:13:13	16.422	16.076	16.116	17.043	16.352	16.553	415.42	415.34
20:14:13	16.42	16.076	16.146	17.07	16.352	16.553	415.42	415.34
20:15:13	16.421	16.075	16.168	17.099	16.351	16.555	415.42	415.34
20:16:13	16.421	16.074	16.176	17.119	16.352	16.554	415.42	415.34
20:17:13	16.42	16.075	16.178	17.137	16.351	16.553	415.42	415.34
20:18:13	16.421	16.074	16.189	17.165	16.351	16.551	415.42	415.34
20:19:13	16.421	16.073	16.209	17.183	16.346	16.551	415.42	415.34
20:20:13	16.42	16.07	16.216	17.198	16.347	16.55	415.42	415.34
20:21:13	16.42	16.069	16.24	17.221	16.343	16.546	415.42	415.34
20:22:13	16.42	16.068	16.246	17.237	16.345	16.552	415.42	415.34
20:23:13	16.42	16.068	16.26	17.258	16.346	16.554	415.42	415.34
20:24:13	16.42	16.068	16.289	17.281	16.346	16.552	415.42	415.34
20:25:13	16.42	16.068	16.295	17.313	16.346	16.551	415.42	415.34
20:26:13	16.419	16.068	16.299	17.334	16.347	16.552	415.42	415.34
20:27:13	16.42	16.069	16.308	17.359	16.348	16.553	415.42	415.34
20:28:13	16.42	16.068	16.323	17.362	16.348	16.552	415.42	415.34
20:29:13	16.419	16.069	16.325	17.38	16.35	16.551	415.42	415.34
20:30:14	16.419	16.069	16.341	17.385	16.35	16.55	415.42	415.34
20:31:13	16.419	16.071	16.343	17.387	16.35	16.553	415.42	415.34
20:32:13	16.419	16.071	16.339	17.363	16.352	16.552	415.42	415.34
20:33:13	16.419	16.073	16.334	17.326	16.353	16.554	415.42	415.34
20:34:13	16.419	16.073	16.339	17.303	16.35	16.554	415.42	415.34
20:35:13	16.419	16.072	16.329	17.266	16.352	16.553	415.42	415.34
20:36:13	16.418	16.073	16.31	17.22	16.349	16.552	415.42	415.34
20:37:13	16.418	16.071	16.297	17.181	16.347	16.549	415.42	415.34
20:38:13	16.417	16.071	16.287	17.139	16.349	16.549	415.42	415.34
20:39:14	16.417	16.07	16.269	17.096	16.349	16.55	415.42	415.34
20:40:13	16.418	16.07	16.241	17.062	16.35	16.552	415.42	415.34
20:41:13	16.417	16.07	16.233	17.055	16.349	16.551	415.42	415.34
20:42:13	16.418	16.07	16.22	17.024	16.349	16.552	415.42	415.34
20:43:14	16.418	16.071	16.211	16.992	16.349	16.552	415.42	415.34
20:44:13	16.416	16.071	16.208	16.978	16.351	16.553	415.42	415.34
20:45:13	16.417	16.07	16.195	16.981	16.35	16.554	415.42	415.34
20:46:13	16.416	16.069	16.188	16.976	16.351	16.553	415.42	415.34
20:47:13	16.416	16.07	16.176	16.964	16.348	16.552	415.42	415.34
20:48:13	16.416	16.07	16.168	16.945	16.348	16.551	415.42	415.34
20:49:13	16.416	16.068	16.165	16.944	16.348	16.551	415.42	415.34
20:50:13	16.414	16.068	16.164	16.922	16.346	16.55	415.42	415.34
20:51:13	16.415	16.066	16.154	16.903	16.345	16.549	415.42	415.34
20:52:13	16.414	16.065	16.153	16.897	16.343	16.546	415.42	415.34
20:53:13	16.414	16.062	16.134	16.867	16.341	16.543	415.42	415.34
20:54:13	16.414	16.06	16.119	16.871	16.338	16.539	415.42	415.34
20:55:13	16.414	16.058	16.104	16.867	16.339	16.537	415.42	415.34
20:56:13	16.415	16.058	16.105	16.858	16.339	16.539	415.42	415.34
20:57:13	16.414	16.058	16.114	16.85	16.339	16.54	415.42	415.34
20:58:13	16.414	16.058	16.11	16.857	16.341	16.54	415.42	415.34
20:59:13	16.414	16.057	16.115	16.901	16.343	16.541	415.42	415.34
21:00:13	16.414	16.057	16.13	16.944	16.343	16.542	415.42	415.34
21:01:13	16.412	16.058	16.139	16.99	16.343	16.542	415.42	415.34
21:02:13	16.414	16.058	16.15	17.035	16.344	16.544	415.42	415.34
21:03:13	16.414	16.058	16.163	17.065	16.343	16.542	415.42	415.34
21:04:13	16.414	16.059	16.175	17.093	16.343	16.544	415.42	415.34
21:05:13	16.412	16.06	16.189	17.125	16.344	16.546	415.42	415.34
21:06:13	16.414	16.06	16.208	17.147	16.345	16.546	415.42	415.34
21:07:13	16.413	16.061	16.227	17.171	16.346	16.547	415.42	415.34
21:08:13	16.414	16.062	16.225	17.189	16.344	16.546	415.42	415.34
21:09:13	16.413	16.062	16.226	17.212	16.346	16.548	415.42	415.34
21:10:13	16.412	16.061	16.24	17.23	16.344	16.546	415.42	415.34
21:11:13	16.412	16.06	16.255	17.259	16.344	16.543	415.42	415.34
21:12:13	16.412	16.061	16.272	17.28	16.343	16.542	415.42	415.34
21:13:13	16.413	16.059	16.278	17.31	16.344	16.545	415.42	415.34
21:14:13	16.413	16.06	16.301	17.329	16.343	16.547	415.42	415.34
21:15:13	16.411	16.06	16.314	17.34	16.341	16.547	415.42	415.34
21:16:13	16.411	16.059	16.326	17.354	16.342	16.546	415.42	415.34
21:17:13	16.412	16.059	16.336	17.359	16.343	16.544	415.42	415.34
21:18:13	16.411	16.059	16.337	17.37	16.344	16.543	415.42	415.34
21:19:14	16.412	16.059	16.349	17.395	16.344	16.545	415.42	415.34
21:20:13	0.0	16.059	16.361	17.415	16.343	16.546	415.42	415.34
21:21:13	16.411	16.06	16.363	17.421	16.343	16.546	415.42	415.34
21:22:13	16.411	16.059	16.374	17.451	16.344	16.546	415.42	415.34
21:23:13	16.41	16.059	16.376	17.429	16.343	16.546	415.42	415.34
21:24:13	16.41	16.06	16.386	17.367	16.343	16.546	415.42	415.34
21:25:13	16.411	16.059	16.375	17.324	16.342	16.545	415.42	415.34
21:26:13	16.41	16.058	16.355	17.262	16.341	16.544	415.42	415.34
21:27:13	16.41	16.056	16.34	17.226	16.342	16.543	415.42	415.34
21:28:13	16.409	16.056	16.314	17.191	16.342	16.542	415.42	415.34
21:29:13	16.409	16.056	16.306	17.158	16.34	16.543	415.42	415.34
21:30:13	16.409	16.054	16.298	17.125	16.34	16.542	415.42	415.34
21:31:13	16.409	16.056	16.277	17.103	16.338	16.542	415.42	415.34
21:32:13	16.409	16.055	16.269	17.083	16.339	16.541	415.42	415.34
21:33:13	16.409	16.053	16.264	17.087	16.34	16.542	415.42	415.34
21:34:13	16.411	16.055	16.259	17.047	16.34	16.542	415.42	415.34
21:35:13	16.409	16.054	16.252	17.051	16.339	16.54	415.42	415.34
21:36:13	16.409	16.053	16.232	17.017	16.34	16.541	415.42	415.34
21:37:13	16.408	16.051	16.22	16.982	16.339	16.54	415.42	415.34
21:38:13	16.407	16.051	16.205	16.979	16.336	16.536	415.42	415.34
21:39:13	16.408	16.051	16.202	16.988	16.336	16.536	415.42	415.34
21:40:13	16.408	16.051	16.187	16.987	16.335	16.537	415.42	415.34
21:41:13	16.408	16.05	16.174	16.977	16.335	16.541	415.42	415.34
21:42:13	16.408	16.05	16.167	16.975	16.337	16.541	415.42	415.34
21:43:13	16.408	16.051	16.167	16.949	16.338	16.539	415.42	415.34
21:44:13	16.408	16.052	16.156	16.953	16.338	16.542	415.42	415.34
21:45:13	16.408	16.052	16.148	16.93	16.34	16.542	415.42	415.34
21:46:13	16.409	16.052	16.137	16.889	16.34	16.542	415.42	415.34
21:47:13	16.408	16.053	16.13	16.878	16.34	16.541	415.42	415.34
21:48:13	16.407	16.053	16.114	16.877	16.339	16.541	415.42	415.34
21:49:13	16.407	16.054	16.124	16.883	16.341	16.543	415.42	415.34
21:50:13	16.407	16.054	16.115	16.888	16.342	16.543	415.42	415.34
21:51:13	16.407	16.054	16.109	16.894	16.34	16.545	415.42	415.34
21:52:13	16.407	16.055	16.106	16.868	16.341	16.545	415.42	415.34
21:53:13	16.408	16.053	16.109	16.874	16.341	16.543	415.42	415.34
21:54:13	16.407	16.054	16.106	16.863	16.339	16.544	415.42	415.34
21:55:13	16.408	16.053	16.09	16.847	16.339	16.542	415.42	415.34
21:56:13	16.407	16.052	16.082	16.868	16.34	16.539	415.42	415.34
21:57:13	16.407	16.049	16.084	16.859	16.338	16.537	415.42	415.34
21:58:13	16.406	16.049	16.084	16.86	16.337	16.538	415.42	415.34
21:59:13	16.406	16.049	16.077	16.884	16.339	16.541	415.42	415.34
22:00:13	16.406	16.05	16.089	16.934	16.338	16.54	415.42	415.34
22:01:13	16.406	16.05	16.101	16.977	16.339	16.54	415.42	415.34
22:02:13	16.406	16.051	16.124	17.025	16.339	16.542	415.42	415.34
22:03:13	16.407	16.051	16.151	17.059	16.341	16.543	415.42	415.34
22:04:13	16.406	16.052	16.172	17.074	16.341	16.545	415.42	415.34
22:05:13	16.407	16.052	16.187	17.102	16.341	16.544	415.42	415.34
22:06:13	16.406	16.052	16.188	17.118	16.34	16.545	415.42	415.34
22:07:13	16.405	16.052	16.199	17.141	16.34	16.546	415.42	415.34
22:08:13	16.405	16.051	16.198	17.16	16.34	16.544	415.42	415.34
22:09:13	16.406	16.051	16.211	17.183	16.339	16.544	415.42	415.34
22:10:13	16.406	16.05	16.214	17.203	16.338	16.542	415.42	415.34
22:11:13	16.406	16.049	16.223	17.224	16.337	16.54	415.42	415.34
22:12:13	16.406	16.049	16.237	17.244	16.338	16.54	415.42	415.34
22:13:13	16.406	16.049	16.246	17.278	16.339	16.541	415.42	415.34
22:14:13	16.405	16.05	16.275	17.289	16.34	16.542	415.42	415.34
22:15:13	16.406	16.051	16.287	17.31	16.342	16.545	415.42	415.34
22:16:13	16.405	16.053	16.309	17.341	16.343	16.547	415.42	415.34
22:17:13	16.406	16.055	16.311	17.354	16.345	16.547	415.42	415.34
22:18:13	16.405	16.055	16.323	17.381	16.345	16.547	415.42	415.34
22:19:13	16.405	16.053	16.357	17.392	16.34	16.545	415.42	415.34
22:20:13	16.404	16.053	16.376	17.411	16.338	16.542	415.42	415.34
22:21:13	16.404	16.051	16.389	17.432	16.34	16.539	415.42	415.34
22:22:13	16.403	16.051	16.405	17.437	16.338	16.54	415.42	415.34
22:23:13	16.403	16.049	16.42	17.448	16.337	16.539	415.42	415.34
22:24:13	16.403	16.048	16.405	17.458	16.335	16.537	415.42	415.34
22:25:13	16.403	16.046	16.411	17.469	16.332	16.53	415.42	415.34
22:26:13	16.402	16.044	16.428	17.483	16.332	16.525	415.42	415.34
22:27:13	16.403	16.044	16.433	17.501	16.332	16.538	415.42	415.34
22:28:13	16.403	16.045	16.437	17.483	16.337	16.539	415.42	415.34
22:29:13	16.403	16.045	16.425	17.474	16.338	16.542	415.42	415.34
22:30:13	16.402	16.048	16.417	17.41	16.341	16.541	415.42	415.34
22:31:13	16.402	16.049	16.404	17.381	16.342	16.544	415.42	415.34
22:32:13	16.402	16.051	16.399	17.343	16.341	16.546	415.42	415.34
22:33:13	16.402	16.05	16.392	17.285	16.341	16.545	415.42	415.34
22:34:13	16.403	16.05	16.372	17.243	16.339	16.543	415.42	415.34
22:35:13	16.402	16.051	16.358	17.176	16.341	16.545	415.42	415.34
22:36:13	16.402	16.053	16.334	17.149	16.341	16.547	415.42	415.34
22:37:14	16.402	16.051	16.32	17.111	16.339	16.545	415.42	415.34
22:38:13	0.0	16.05	16.308	17.064	16.339	16.544	415.42	415.34
22:39:13	16.401	16.05	16.292	17.062	16.338	16.542	415.42	415.34
22:40:13	16.402	16.048	16.277	17.045	16.337	16.539	415.42	415.34
22:41:13	16.401	16.047	16.265	17.034	16.337	16.537	415.42	415.34
22:42:13	16.401	16.047	16.252	17.007	16.337	16.538	415.42	415.34
22:43:13	16.401	16.046	16.247	16.982	16.337	16.541	415.42	415.34
22:44:13	16.4	16.045	16.234	16.979	16.336	16.54	415.42	415.34
22:45:13	16.401	16.045	16.219	16.969	16.336	16.538	415.42	415.34
22:46:13	16.4	16.043	16.219	16.967	16.334	16.538	415.42	415.34
22:47:13	16.4	16.044	16.216	16.934	16.334	16.538	415.42	415.34
22:48:14	16.399	16.043	16.201	16.93	16.334	16.536	415.42	415.34
22:49:13	0.0	16.042	16.19	16.93	16.334	16.536	415.42	415.34
22:50:13	16.401	16.042	16.176	16.915	16.334	16.539	415.42	415.34
22:51:13	16.401	16.042	16.168	16.894	16.335	16.538	415.42	415.34
22:52:13	16.401	16.044	16.142	16.858	16.337	16.539	415.42	415.34
22:53:13	16.401	16.044	16.13	16.866	16.339	16.542	415.42	415.34
22:54:13	16.4	16.046	16.13	16.864	16.34	16.543	415.42	415.34
22:55:13	16.4	16.046	16.133	16.883	16.341	16.545	415.42	415.34
22:56:13	16.401	16.049	16.135	16.875	16.342	16.544	415.42	415.34
22:57:13	16.401	16.05	16.13	16.863	16.343	16.547	415.42	415.34
22:58:13	16.4	16.052	16.122	16.849	16.343	16.549	415.42	415.34
22:59:13	16.401	16.054	16.103	16.811	16.343	16.551	415.42	415.34
23:00:13	16.4	16.054	16.079	16.82	16.344	16.552	415.42	415.34
23:01:13	16.401	16.054	16.072	16.831	16.346	16.553	415.42	415.34
23:02:13	16.4	16.054	16.086	16.861	16.348	16.555	415.42	415.34
23:03:13	16.401	16.057	16.101	16.908	16.348	16.554	415.42	415.34
23:04:13	16.4	16.058	16.113	16.948	16.349	16.558	415.42	415.34
23:05:13	16.4	16.059	16.127	16.975	16.349	16.553	415.42	415.34
23:06:13	16.4	16.059	16.138	17.007	16.348	16.555	415.42	415.34
23:07:13	16.4	16.06	16.158	17.049	16.349	16.552	415.42	415.34
23:08:13	16.4	16.059	16.166	17.067	16.349	16.549	415.42	415.34
23:09:13	16.401	16.06	16.184	17.097	16.351	16.549	415.42	415.34
23:10:13	16.401	16.06	16.186	17.112	16.349	16.55	415.42	415.34
23:11:13	16.4	16.061	16.196	17.127	16.349	16.551	415.42	415.34
23:12:13	16.401	16.06	16.204	17.14	16.349	16.553	415.42	415.34
23:13:13	16.401	16.059	16.212	17.152	16.348	16.548	415.42	415.34
23:14:13	16.4	16.059	16.222	17.178	16.348	16.549	415.42	415.34
23:15:13	16.401	16.057	16.236	17.212	16.348	16.549	415.42	415.34
23:16:13	16.402	16.057	16.249	17.238	16.345	16.549	415.42	415.34
23:17:13	16.4	16.056	16.269	17.248	16.344	16.548	415.42	415.34
23:18:13	16.401	16.055	16.304	17.262	16.344	16.547	415.42	415.34
23:19:13	16.401	16.053	16.326	17.281	16.345	16.547	415.42	415.34
23:20:13	16.401	16.052	16.314	17.302	16.344	16.546	415.42	415.34
23:21:14	16.401	16.051	16.318	17.321	16.343	16.548	415.42	415.34
23:22:13	16.4	16.05	16.323	17.343	16.342	16.545	415.42	415.34
23:23:13	16.4	16.049	16.327	17.357	16.341	16.542	415.42	415.34
23:24:13	16.4	16.049	16.334	17.373	16.342	16.542	415.42	415.34
23:25:13	16.402	16.049	16.342	17.389	16.343	16.544	415.42	415.34
23:26:13	16.4	16.049	16.344	17.383	16.341	16.544	415.42	415.34
23:27:13	16.399	16.049	16.35	17.382	16.342	16.546	415.42	415.34
23:28:13	16.4	16.048	16.355	17.413	16.344	16.547	415.42	415.34
23:29:13	16.399	16.049	16.393	17.444	16.344	16.548	0.0	415.34
23:30:13	16.4	16.05	16.429	17.455	16.345	16.55	415.42	415.34
23:31:13	16.4	16.05	16.419	17.464	16.346	16.55	415.42	415.34
23:32:13	16.401	16.052	16.406	17.43	16.347	16.549	415.42	415.34
23:33:13	16.4	16.053	16.391	17.377	16.346	16.552	415.42	415.34
23:34:13	16.4	16.055	16.391	17.345	16.346	16.554	415.42	415.34
23:35:13	16.401	16.055	16.387	17.331	16.348	16.553	415.42	415.34
23:36:13	16.4	16.054	16.37	17.312	16.346	16.555	415.42	415.34
23:37:13	16.4	16.056	16.361	17.283	16.346	16.553	415.42	415.34
23:38:13	16.399	16.054	16.341	17.252	16.345	16.553	415.42	415.34
23:39:13	16.399	16.053	16.322	17.225	16.344	16.55	415.42	415.34
23:40:13	16.399	16.053	16.319	17.264	16.346	16.55	415.42	415.34
23:41:13	16.399	16.053	16.327	17.317	16.345	16.55	415.42	415.34
23:42:13	16.398	16.052	16.334	17.374	16.345	16.552	415.42	415.34
23:43:13	16.399	16.053	16.346	17.42	16.345	16.551	415.42	415.34
23:44:13	16.4	16.053	16.352	17.442	16.346	16.551	415.42	415.34
23:45:13	16.399	16.052	16.347	17.427	16.345	16.552	415.42	415.34
23:46:13	16.398	16.052	16.347	17.416	16.345	16.55	415.42	415.34
23:47:13	16.4	16.052	16.341	17.447	16.347	16.553	415.42	415.34
23:48:13	16.399	16.052	16.334	17.454	16.344	16.55	415.42	415.34
23:49:13	16.399	16.05	16.338	17.454	16.346	16.55	415.42	415.34
23:50:13	16.399	16.051	16.34	17.479	16.344	16.55	415.42	415.34
23:51:13	16.399	16.051	16.351	17.517	16.344	16.549	415.42	415.34
23:52:13	16.399	16.05	16.355	17.531	16.344	16.549	415.42	415.34
23:53:13	16.399	16.05	16.345	17.484	16.342	16.547	415.42	415.34
23:54:13	16.399	16.048	16.338	17.491	16.341	16.548	415.42	415.34
23:55:13	16.399	16.048	16.343	17.474	16.34	16.545	415.42	415.34
23:56:14	16.399	16.047	16.345	17.48	16.342	16.546	415.42	415.34
23:57:13	0.0	16.048	16.344	17.501	16.341	16.545	415.42	415.34
23:58:13	16.399	16.048	16.34	17.58	16.342	16.546	415.42	415.34
23:59:13	16.399	16.048	16.337	17.544	16.342	16.546	415.42	415.34
