00:00:21	16.034	15.634	15.628	16.122	15.618	15.812	415.42	415.34
00:01:21	16.034	15.635	15.611	16.099	15.602	15.802	415.42	415.34
00:02:21	16.035	15.636	15.618	16.089	15.609	15.802	415.42	415.34
00:03:21	16.035	15.636	15.607	16.079	15.603	15.791	415.42	415.34
00:04:21	16.034	15.636	15.612	16.069	15.592	15.798	415.42	415.34
00:05:21	16.035	15.637	15.613	16.053	15.6	15.801	415.42	415.34
00:06:21	16.036	15.637	15.566	16.028	15.588	15.781	415.42	415.34
00:07:21	16.037	15.638	15.539	15.997	15.572	15.761	415.42	415.34
00:08:21	16.035	15.64	15.534	15.984	15.557	15.747	415.42	415.34
00:09:21	16.035	15.641	15.539	15.983	15.544	15.731	415.42	415.34
00:10:21	16.035	15.64	15.554	15.984	15.54	15.725	415.42	415.34
00:11:21	16.037	15.641	15.566	16.07	15.534	15.739	415.42	415.34
00:12:21	16.037	15.641	15.576	16.155	15.547	15.75	415.42	415.34
00:13:21	16.037	15.642	15.582	16.2	15.564	15.774	415.42	415.34
00:14:22	16.037	15.642	15.586	16.206	15.574	15.782	415.42	415.34
00:15:21	16.037	15.642	15.591	16.227	15.58	15.789	415.42	415.34
00:16:21	16.038	15.643	15.596	16.268	15.585	15.799	415.42	415.34
00:17:21	16.038	15.642	15.602	16.322	15.591	15.802	415.42	415.34
00:18:21	16.038	15.643	15.612	16.367	15.593	15.81	415.42	415.34
00:19:21	16.039	15.643	15.621	16.376	15.6	15.813	415.42	415.34
00:20:21	16.038	15.642	15.626	16.355	15.606	15.822	415.42	415.34
00:21:21	16.038	15.641	15.626	16.297	15.608	15.825	415.42	415.34
00:22:21	16.038	15.641	15.623	16.273	15.607	15.822	415.42	415.34
00:23:21	16.039	15.641	15.624	16.251	15.61	15.824	415.42	415.34
00:24:21	16.039	15.642	15.625	16.204	15.606	15.817	415.42	415.34
00:25:21	16.039	15.642	15.611	16.154	15.602	15.809	415.42	415.34
00:26:21	16.038	15.642	15.611	16.138	15.6	15.804	415.42	415.34
00:27:21	16.04	15.642	15.613	16.173	15.595	15.802	415.42	415.34
00:28:21	16.04	15.642	15.61	16.2	15.594	15.802	415.42	415.34
00:29:21	16.041	15.643	15.613	16.167	15.594	15.804	415.42	415.34
00:30:21	16.039	15.642	15.608	16.078	15.594	15.798	415.42	415.34
00:31:21	16.041	15.644	15.599	15.997	15.589	15.786	415.42	415.34
00:32:21	16.041	15.644	15.595	15.99	15.576	15.777	415.42	415.34
00:33:23	16.041	15.643	15.598	16.012	15.57	15.776	415.42	415.34
00:34:22	16.041	15.643	15.589	16.022	15.577	15.771	415.42	415.34
00:35:21	16.04	15.642	15.597	16.061	15.572	15.781	415.42	415.34
00:36:21	16.042	15.642	15.607	16.087	15.582	15.78	415.42	415.34
00:37:22	16.041	15.643	15.604	16.101	15.58	15.79	415.42	415.34
00:38:21	16.042	15.644	15.603	16.061	15.575	15.782	415.42	415.34
00:39:21	16.042	15.645	15.604	16.053	15.574	15.778	415.42	415.34
00:40:21	16.042	15.644	15.6	16.09	15.573	15.782	415.42	415.34
00:41:21	16.042	15.645	15.613	16.108	15.576	15.781	415.42	415.34
00:42:21	16.042	15.646	15.619	16.157	15.581	15.788	415.42	415.34
00:43:22	16.042	15.647	15.615	16.138	15.583	15.797	415.42	415.34
00:44:21	16.043	15.648	15.612	16.051	15.583	15.792	415.42	415.34
00:45:22	16.042	15.648	15.598	15.947	15.576	15.779	415.42	415.34
00:46:21	16.042	15.65	15.602	15.978	15.564	15.769	415.42	415.34
00:47:21	16.043	15.649	15.602	16.02	15.564	15.771	415.42	415.34
00:48:21	16.043	15.649	15.604	16.023	15.564	15.769	415.42	415.34
00:49:21	16.044	15.649	15.594	16.055	15.564	15.762	415.42	415.34
00:50:21	16.043	15.648	15.589	16.081	15.561	15.766	415.42	415.34
00:51:21	16.044	15.647	15.587	16.071	15.568	15.772	415.42	415.34
00:52:21	16.044	15.65	15.587	16.115	15.565	15.77	415.42	415.34
00:53:21	16.044	15.649	15.604	16.203	15.572	15.784	415.42	415.34
00:54:21	16.044	15.65	15.607	16.224	15.581	15.794	415.42	415.34
00:55:21	16.044	15.651	15.606	16.201	15.587	15.799	415.42	415.34
00:56:23	16.044	15.651	15.598	16.171	15.585	15.796	415.42	415.34
00:57:21	16.045	15.651	15.593	16.16	15.583	15.801	415.42	415.34
00:58:21	16.045	15.65	15.596	16.163	15.585	15.794	415.42	415.34
00:59:21	16.045	15.651	15.597	16.174	15.587	15.798	415.42	415.34
01:00:21	16.045	15.651	15.609	16.172	15.586	15.795	415.42	415.34
01:01:21	16.045	15.651	15.615	16.202	15.59	15.809	415.42	415.34
01:02:22	16.046	15.652	15.62	16.239	15.592	15.81	415.42	415.34
01:03:21	16.045	15.653	15.621	16.296	15.598	15.816	415.42	415.34
01:04:21	16.046	15.653	15.62	16.306	15.602	15.82	415.42	415.34
01:05:21	16.045	15.653	15.624	16.331	15.61	15.824	415.42	415.34
01:06:21	16.046	15.654	15.629	16.351	15.615	15.83	415.42	415.34
01:07:21	16.047	15.653	15.636	16.352	15.618	15.834	415.42	415.34
01:08:21	16.047	15.654	15.642	16.36	15.62	15.838	415.42	415.34
01:09:21	16.046	15.655	15.638	16.314	15.623	15.841	415.42	415.34
01:10:21	16.047	15.655	15.64	16.253	15.624	15.836	415.42	415.34
01:11:21	16.047	15.658	15.636	16.187	15.612	15.821	415.42	415.34
01:12:21	16.048	15.658	15.624	16.099	15.608	15.815	415.42	415.34
01:13:22	16.047	15.658	15.624	16.122	15.602	15.801	415.42	415.34
01:14:21	16.048	15.658	15.621	16.202	15.599	15.796	415.42	415.34
01:15:22	16.048	15.658	15.629	16.305	15.601	15.818	415.42	415.34
01:16:21	16.049	15.657	15.64	16.345	15.609	15.824	415.42	415.34
01:17:21	16.048	15.656	15.645	16.369	15.617	15.834	415.42	415.34
01:18:21	16.048	15.657	15.648	16.395	15.622	15.839	415.42	415.34
01:19:21	16.048	15.659	15.646	16.322	15.628	15.84	415.42	415.34
01:20:21	16.048	15.659	15.647	16.326	15.628	15.832	415.42	415.34
01:21:21	16.048	15.659	15.651	16.415	15.624	15.835	415.42	415.34
01:22:21	16.049	15.658	15.657	16.438	15.625	15.84	415.42	415.34
01:23:21	16.049	15.658	15.659	16.456	15.631	15.847	415.42	415.34
01:24:21	16.049	15.657	15.659	16.386	15.635	15.85	415.42	415.34
01:25:21	16.049	15.655	15.656	16.269	15.631	15.844	415.42	415.34
01:26:21	16.049	15.654	15.652	16.268	15.627	15.83	415.42	415.34
01:27:21	16.05	15.655	15.647	16.3	15.626	15.828	415.42	415.34
01:28:21	16.049	15.655	15.655	16.273	15.624	15.827	415.42	415.34
01:29:21	16.049	15.657	15.655	16.279	15.62	15.831	415.42	415.34
01:30:21	16.05	15.656	15.656	16.303	15.62	15.835	415.42	415.34
01:31:22	16.05	15.656	15.659	16.385	15.625	15.835	415.42	415.34
01:32:21	16.049	15.655	15.656	16.374	15.629	15.836	415.42	415.34
01:33:21	16.051	15.656	15.658	16.364	15.63	15.837	415.42	415.34
01:34:21	16.05	15.656	15.657	16.375	15.632	15.843	415.42	415.34
01:35:21	16.05	15.654	15.659	16.379	15.631	15.843	415.42	415.34
01:36:21	16.051	15.655	15.662	16.377	15.633	15.842	415.42	415.34
01:37:21	16.051	15.654	15.667	16.328	15.631	15.847	415.42	415.34
01:38:21	16.051	15.655	15.658	16.262	15.628	15.839	415.42	415.34
01:39:21	16.051	15.654	15.649	16.163	15.626	15.83	415.42	415.34
01:40:21	16.05	15.654	15.633	16.061	15.614	15.809	415.42	415.34
01:41:21	16.051	15.654	15.635	16.069	15.603	15.795	415.42	415.34
01:42:21	16.051	15.654	15.636	16.113	15.599	15.794	415.42	415.34
01:43:21	16.051	15.654	15.641	16.164	15.596	15.804	415.42	415.34
01:44:22	16.05	15.655	15.636	16.195	15.604	15.807	415.42	415.34
01:45:21	16.051	15.654	15.638	16.26	15.604	15.814	415.42	415.34
01:46:21	16.052	15.655	15.644	16.331	15.607	15.817	415.42	415.34
01:47:21	16.051	15.655	15.648	16.308	15.613	15.822	415.42	415.34
01:48:21	16.052	15.654	15.653	16.259	15.612	15.824	415.42	415.34
01:49:21	16.052	15.653	15.653	16.263	15.61	15.822	415.42	415.34
01:50:22	16.052	15.653	15.645	16.23	15.611	15.824	415.42	415.34
01:51:21	16.051	15.653	15.64	16.185	15.607	15.827	415.42	415.34
01:52:21	16.052	15.652	15.641	16.11	15.61	15.816	415.42	415.34
01:53:21	16.052	15.653	15.636	16.057	15.601	15.797	415.42	415.34
01:54:21	16.053	15.651	15.642	16.065	15.589	15.788	415.42	415.34
01:55:21	16.053	15.65	15.644	16.07	15.59	15.793	415.42	415.34
01:56:21	16.052	15.649	15.64	16.092	15.588	15.79	415.42	415.34
01:57:21	16.052	15.648	15.627	16.141	15.587	15.783	415.42	415.34
01:58:21	16.051	15.648	15.622	16.195	15.585	15.795	415.42	415.34
01:59:21	16.053	15.647	15.625	16.217	15.589	15.796	415.42	415.34
02:00:22	16.052	15.645	15.633	16.245	15.59	15.801	415.42	415.34
02:01:22	16.052	15.647	15.638	16.297	15.594	15.801	415.42	415.34
02:02:21	16.053	15.646	15.64	16.316	15.599	15.814	415.42	415.34
02:03:21	16.051	15.645	15.646	16.359	15.606	15.822	415.42	415.34
02:04:21	16.053	15.644	15.645	16.347	15.611	15.83	415.42	415.34
02:05:22	16.053	15.644	15.645	16.268	15.611	15.828	415.42	415.34
02:06:21	16.053	15.643	15.644	16.26	15.607	15.815	415.42	415.34
02:07:21	16.052	15.643	15.646	16.336	15.607	15.817	415.42	415.34
02:08:21	16.053	15.643	15.656	16.38	15.611	15.824	415.42	415.34
02:09:22	16.053	15.643	15.661	16.425	15.62	15.838	415.42	415.34
02:10:21	16.052	15.644	15.664	16.401	15.626	15.847	415.42	415.34
02:11:21	16.052	15.645	15.664	16.441	15.629	15.843	415.42	415.34
02:12:21	16.053	15.646	15.663	16.452	15.632	15.849	415.42	415.34
02:13:21	16.053	15.645	15.67	16.385	15.634	15.855	415.42	415.34
02:14:21	16.053	15.645	15.665	16.346	15.634	15.843	415.42	415.34
02:15:21	16.053	15.645	15.659	16.303	15.629	15.841	415.42	415.34
02:16:21	16.054	15.645	15.655	16.272	15.627	15.835	415.42	415.34
02:17:21	16.052	15.646	15.66	16.327	15.627	15.835	415.42	415.34
02:18:21	16.053	15.646	15.654	16.336	15.624	15.838	415.42	415.34
02:19:22	16.054	15.647	15.661	16.317	15.628	15.84	415.42	415.34
02:20:22	16.053	15.647	15.662	16.286	15.627	15.834	415.42	415.34
02:21:21	16.054	15.648	15.665	16.219	15.626	15.835	415.42	415.34
02:22:21	16.054	15.648	15.659	16.145	15.622	15.821	415.42	415.34
02:23:21	16.054	15.649	15.655	16.182	15.613	15.816	415.42	415.34
02:24:21	16.053	15.65	15.654	16.279	15.611	15.814	415.42	415.34
02:25:21	16.054	15.649	15.655	16.368	15.614	15.827	415.42	415.34
02:26:21	16.055	15.65	15.657	16.445	15.624	15.837	415.42	415.34
02:27:22	16.054	15.651	15.668	16.506	15.631	15.848	415.42	415.34
02:28:21	16.053	15.651	15.675	16.509	15.641	15.856	415.42	415.34
02:29:21	16.054	15.65	15.675	16.486	15.644	15.862	415.42	415.34
02:30:21	16.054	15.652	15.68	16.431	15.649	15.862	415.42	415.34
02:31:21	16.054	15.652	15.681	16.354	15.648	15.861	415.42	415.34
02:32:21	16.055	15.653	15.674	16.273	15.644	15.854	415.42	415.34
02:33:21	16.055	15.654	15.672	16.135	15.637	15.834	415.42	415.34
02:34:22	16.055	15.655	15.655	16.127	15.623	15.822	415.42	415.34
02:35:21	16.056	15.655	15.659	16.193	15.616	15.817	415.42	415.34
02:36:21	16.055	15.655	15.661	16.317	15.615	15.821	415.42	415.34
02:37:21	16.055	15.654	15.665	16.474	15.62	15.834	415.42	415.34
02:38:21	16.056	15.654	15.672	16.535	15.63	15.846	415.42	415.34
02:39:21	16.055	15.655	15.68	16.452	15.64	15.855	415.42	415.34
02:40:21	16.056	15.654	15.683	16.35	15.643	15.854	415.42	415.34
02:41:22	16.056	15.653	15.677	16.333	15.638	15.845	415.42	415.34
02:42:22	16.056	15.654	15.674	16.346	15.638	15.854	415.42	415.34
02:43:21	16.056	15.652	15.671	16.33	15.638	15.846	415.42	415.34
02:44:22	16.056	15.653	15.671	16.321	15.636	15.843	415.42	415.34
02:45:21	16.056	15.653	15.668	16.244	15.634	15.842	415.42	415.34
02:46:21	16.056	15.653	15.66	16.177	15.631	15.831	415.42	415.34
02:47:21	16.056	15.652	15.66	16.144	15.615	15.812	415.42	415.34
02:48:21	16.057	15.651	15.658	16.133	15.615	15.82	415.42	415.34
02:49:21	16.057	15.652	15.653	16.14	15.608	15.806	415.42	415.34
02:50:21	16.057	15.655	15.652	16.173	15.607	15.811	415.42	415.34
02:51:21	16.057	15.655	15.649	16.205	15.605	15.804	415.42	415.34
02:52:21	16.056	15.658	15.656	16.216	15.607	15.811	415.42	415.34
02:53:21	16.056	15.658	15.651	16.27	15.607	15.814	415.42	415.34
02:54:21	16.058	15.66	15.659	16.336	15.614	15.822	415.42	415.34
02:55:21	16.056	15.661	15.661	16.439	15.622	15.834	415.42	415.34
02:56:21	16.057	15.661	15.667	16.458	15.629	15.845	415.42	415.34
02:57:21	16.057	15.66	15.673	16.447	15.634	15.848	415.42	415.34
02:58:21	16.057	15.659	15.682	16.447	15.637	15.855	415.42	415.34
02:59:21	16.058	15.659	15.683	16.488	15.642	15.857	415.42	415.34
03:00:21	16.058	15.659	15.687	16.454	15.646	15.861	415.42	415.34
03:01:21	16.057	15.658	15.689	16.426	15.648	15.861	415.42	415.34
03:02:22	16.058	15.658	15.688	16.395	15.645	15.854	415.42	415.34
03:03:21	16.058	15.658	15.688	16.399	15.644	15.855	415.42	415.34
03:04:21	16.058	15.66	15.687	16.458	15.647	15.858	415.42	415.34
03:05:22	16.059	15.66	15.69	16.412	15.652	15.866	415.42	415.34
03:06:21	16.058	15.659	15.691	16.302	15.65	15.859	415.42	415.34
03:07:22	16.059	15.66	15.675	16.236	15.641	15.843	415.42	415.34
03:08:21	16.058	15.661	15.672	16.285	15.634	15.832	415.42	415.34
03:09:21	16.059	15.661	15.675	16.315	15.634	15.84	415.42	415.34
03:10:21	16.059	15.66	15.676	16.37	15.632	15.846	415.42	415.34
03:11:21	16.059	15.661	15.678	16.386	15.638	15.852	415.42	415.34
03:12:21	16.06	15.66	15.678	16.368	15.642	15.854	415.42	415.34
03:13:21	16.059	15.661	15.679	16.32	15.642	15.853	415.42	415.34
03:14:22	16.059	15.661	15.677	16.263	15.638	15.85	415.42	415.34
03:15:22	16.059	15.66	15.682	16.15	15.632	15.834	415.42	415.34
03:16:21	16.059	15.66	15.671	16.027	15.621	15.825	415.42	415.34
03:17:21	16.059	15.661	15.667	16.04	15.619	15.815	415.42	415.34
03:18:21	16.059	15.661	15.659	16.127	15.608	15.81	415.42	415.34
03:19:21	16.06	15.66	15.656	16.194	15.604	15.802	415.42	415.34
03:20:21	16.06	15.66	15.652	16.238	15.607	15.813	415.42	415.34
03:21:21	16.059	15.66	15.653	16.2	15.611	15.821	415.42	415.34
03:22:22	16.059	15.659	15.654	16.122	15.611	15.816	415.42	415.34
03:23:21	16.06	15.661	15.651	16.015	15.607	15.811	415.42	415.34
03:24:21	16.061	15.662	15.634	15.998	15.594	15.785	415.42	415.34
03:25:21	16.06	15.662	15.636	16.086	15.592	15.784	415.42	415.34
03:26:21	16.061	15.662	15.645	16.184	15.589	15.787	415.42	415.34
03:27:21	16.062	15.662	15.643	16.173	15.595	15.804	415.42	415.34
03:28:22	16.06	15.662	15.643	16.179	15.602	15.804	415.42	415.34
03:29:22	16.061	15.663	15.64	16.204	15.602	15.806	415.42	415.34
03:30:21	16.062	15.664	15.641	16.257	15.602	15.807	415.42	415.34
03:31:21	16.063	15.665	15.649	16.258	15.609	15.811	415.42	415.34
03:32:22	16.061	15.664	15.65	16.274	15.611	15.818	415.42	415.34
03:33:21	16.062	15.666	15.651	16.309	15.612	15.822	415.42	415.34
03:34:21	16.062	15.665	15.654	16.267	15.613	15.822	415.42	415.34
03:35:22	16.063	15.665	15.654	16.172	15.614	15.822	415.42	415.34
03:36:22	16.063	15.666	15.65	16.203	15.605	15.804	415.42	415.34
03:37:21	16.063	15.664	15.648	16.249	15.609	15.813	415.42	415.34
03:38:21	16.063	15.662	15.649	16.217	15.609	15.814	415.42	415.34
03:39:22	16.063	15.662	15.652	16.193	15.601	15.807	415.42	415.34
03:40:22	16.064	15.661	15.643	16.149	15.599	15.809	415.42	415.34
03:41:22	16.065	15.66	15.635	16.141	15.597	15.801	415.42	415.34
03:42:21	16.063	15.661	15.628	16.169	15.599	15.799	415.42	415.34
03:43:22	16.064	15.659	15.63	16.222	15.597	15.809	415.42	415.34
03:44:21	16.064	15.659	15.642	16.284	15.606	15.805	415.42	415.34
03:45:21	16.064	15.661	15.651	16.337	15.61	15.819	415.42	415.34
03:46:22	16.065	15.663	15.653	16.376	15.617	15.832	415.42	415.34
03:47:21	16.064	15.665	15.665	16.45	15.624	15.838	415.42	415.34
03:48:22	16.064	15.666	15.673	16.443	15.631	15.851	415.42	415.34
03:49:21	16.063	15.667	15.675	16.507	15.637	15.853	415.42	415.34
03:50:21	16.064	15.667	15.678	16.513	15.644	15.86	415.42	415.34
03:51:21	16.065	15.666	15.676	16.48	15.645	15.867	415.42	415.34
03:52:22	16.065	15.667	15.683	16.413	15.649	15.863	415.42	415.34
03:53:21	16.066	15.666	15.677	16.289	15.643	15.857	415.42	415.34
03:54:21	16.065	15.666	15.668	16.203	15.638	15.848	415.42	415.34
03:55:21	16.064	15.665	15.668	16.191	15.628	15.829	415.42	415.34
03:56:21	16.064	15.666	15.66	16.211	15.622	15.823	415.42	415.34
03:57:22	16.065	15.666	15.661	16.234	15.614	15.823	415.42	415.34
03:58:22	16.065	15.664	15.66	16.182	15.622	15.824	415.42	415.34
03:59:22	16.065	15.663	15.652	16.118	15.61	15.821	415.42	415.34
04:00:22	16.065	15.663	15.654	16.117	15.611	15.812	415.42	415.34
04:01:21	16.066	15.663	15.657	16.18	15.607	15.814	415.42	415.34
04:02:22	16.065	15.664	15.657	16.195	15.613	15.822	415.42	415.34
04:03:21	16.065	15.664	15.655	16.198	15.612	15.811	415.42	415.34
04:04:21	16.066	15.664	15.651	16.175	15.612	15.818	415.42	415.34
04:05:22	16.066	15.665	15.641	16.142	15.605	15.812	415.42	415.34
04:06:22	16.066	15.666	15.638	16.158	15.608	15.805	415.42	415.34
04:07:22	16.066	15.666	15.651	16.196	15.607	15.811	415.42	415.34
04:08:22	16.065	15.667	15.659	16.298	15.613	15.818	415.42	415.34
04:09:22	16.067	15.667	15.661	16.346	15.617	15.828	415.42	415.34
04:10:21	16.067	15.668	15.666	16.413	15.624	15.838	415.42	415.34
04:11:21	16.067	15.666	15.673	16.425	15.631	15.841	415.42	415.34
04:12:22	16.068	15.667	15.676	16.405	15.636	15.851	415.42	415.34
04:13:22	16.068	15.667	15.677	16.478	15.641	15.856	415.42	415.34
04:14:22	16.067	15.665	15.679	16.465	15.647	15.862	415.42	415.34
04:15:21	16.068	15.665	15.682	16.404	15.651	15.868	415.42	415.34
04:16:22	16.067	15.664	15.681	16.32	15.649	15.86	415.42	415.34
04:17:21	16.069	15.666	15.678	16.319	15.643	15.851	415.42	415.34
04:18:22	16.068	15.667	15.675	16.378	15.641	15.849	415.42	415.34
04:19:21	16.067	15.666	15.683	16.448	15.648	15.859	415.42	415.34
04:20:22	16.068	15.668	15.689	16.508	15.654	15.867	415.42	415.34
04:21:21	16.068	15.669	15.694	16.5	15.657	15.871	415.42	415.34
04:22:22	16.067	15.669	15.695	16.499	15.658	15.872	415.42	415.34
04:23:22	16.068	15.668	15.692	16.425	15.661	15.872	415.42	415.34
04:24:22	16.068	15.67	15.694	16.406	15.656	15.865	415.42	415.34
04:25:22	16.069	15.669	15.694	16.418	15.656	15.867	415.42	415.34
04:26:22	16.068	15.667	15.692	16.367	15.655	15.869	415.42	415.34
04:27:22	16.069	15.667	15.685	16.242	15.66	15.862	415.42	415.34
04:28:22	16.068	15.669	15.675	16.2	15.649	15.854	415.42	415.34
04:29:22	16.068	15.669	15.674	16.185	15.639	15.847	415.42	415.34
04:30:22	16.068	15.669	15.68	16.156	15.634	15.836	415.42	415.34
04:31:21	16.069	15.669	15.67	16.141	15.634	15.837	415.42	415.34
04:32:22	16.069	15.669	15.663	16.126	15.631	15.827	415.42	415.34
04:33:21	16.069	15.67	15.672	16.092	15.622	15.827	415.42	415.34
04:34:22	16.069	15.67	15.665	16.044	15.621	15.813	415.42	415.34
04:35:22	16.069	15.67	15.646	16.004	15.608	15.806	415.42	415.34
04:36:22	16.07	15.672	15.638	16.016	15.607	15.791	415.42	415.34
04:37:22	16.07	15.672	15.633	16.021	15.606	15.8	415.42	415.34
04:38:22	16.07	15.674	15.633	16.056	15.593	15.799	415.42	415.34
04:39:21	16.07	15.673	15.637	16.105	15.599	15.798	415.42	415.34
04:40:22	16.07	15.673	15.646	16.129	15.597	15.804	415.42	415.34
04:41:22	16.069	15.673	15.646	16.11	15.6	15.802	415.42	415.34
04:42:22	16.07	15.673	15.651	16.068	15.599	15.808	415.42	415.34
04:43:21	16.069	15.673	15.646	15.991	15.6	15.797	415.42	415.34
04:44:22	16.07	15.674	15.627	15.918	15.583	15.783	415.42	415.34
04:45:21	16.071	15.673	15.621	15.97	15.58	15.775	415.42	415.34
04:46:22	16.071	15.674	15.633	16.033	15.585	15.787	415.42	415.34
04:47:21	16.071	15.675	15.636	16.107	15.579	15.795	415.42	415.34
04:48:22	16.072	15.677	15.634	16.189	15.589	15.797	415.42	415.34
04:49:22	16.071	15.675	15.642	16.237	15.599	15.802	415.42	415.34
04:50:21	16.071	15.675	15.647	16.239	15.606	15.81	415.42	415.34
04:51:22	16.071	15.675	15.649	16.215	15.606	15.813	415.42	415.34
04:52:21	16.072	15.673	15.654	16.199	15.603	15.813	415.42	415.34
04:53:22	16.071	15.672	15.647	16.207	15.606	15.818	415.42	415.34
04:54:21	16.071	15.67	15.642	16.226	15.609	15.815	415.42	415.34
04:55:22	16.072	15.67	15.641	16.21	15.618	15.83	415.42	415.34
04:56:22	16.072	15.671	15.64	16.162	15.614	15.825	415.42	415.34
04:57:22	16.072	15.672	15.634	16.126	15.607	15.823	415.42	415.34
04:58:22	16.072	15.672	15.63	16.081	15.611	15.814	415.42	415.34
04:59:21	16.072	15.673	15.64	16.067	15.601	15.813	415.42	415.34
05:00:22	16.073	15.673	15.632	16.043	15.601	15.803	415.42	415.34
05:01:21	16.072	15.674	15.626	16.05	15.595	15.796	415.42	415.34
05:02:21	16.073	15.673	15.634	16.094	15.591	15.796	415.42	415.34
05:03:21	16.073	15.675	15.633	16.139	15.595	15.8	415.42	415.34
05:04:22	16.072	15.674	15.636	16.177	15.6	15.807	415.42	415.34
05:05:22	16.073	15.674	15.643	16.244	15.602	15.815	415.42	415.34
05:06:21	16.073	15.674	15.65	16.298	15.609	15.825	415.42	415.34
05:07:22	16.074	15.674	15.655	16.366	15.618	15.831	415.42	415.34
05:08:21	16.074	15.673	15.658	16.39	15.626	15.84	415.42	415.34
05:09:22	16.072	15.673	15.665	16.396	15.629	15.848	415.42	415.34
05:10:22	0.0	15.672	15.664	16.383	15.636	15.85	415.42	415.34
05:11:22	16.074	15.672	15.667	16.339	15.638	15.853	415.42	415.34
05:12:22	16.073	15.672	15.672	16.261	15.64	15.857	415.42	415.34
05:13:22	16.074	15.672	15.671	16.262	15.637	15.845	415.42	415.34
05:14:22	16.074	15.673	15.675	16.344	15.638	15.851	415.42	415.34
05:15:22	16.074	15.674	15.668	16.299	15.641	15.858	415.42	415.34
05:16:21	16.074	15.672	15.662	16.172	15.639	15.845	415.42	415.34
05:17:22	16.074	15.672	15.646	16.108	15.627	15.834	415.42	415.34
05:18:21	16.075	15.671	15.639	16.122	15.613	15.818	415.42	415.34
05:19:22	16.075	15.671	15.639	16.102	15.619	15.818	415.42	415.34
05:20:22	16.074	15.673	15.647	16.03	15.619	15.817	415.42	415.34
05:21:21	16.075	15.673	15.648	15.995	15.612	15.802	415.42	415.34
05:22:21	16.074	15.673	15.644	15.979	15.607	15.802	415.42	415.34
05:23:21	16.076	15.675	15.635	16.009	15.599	15.795	415.42	415.34
05:24:21	16.075	15.677	15.619	16.061	15.596	15.793	415.42	415.34
05:25:21	16.074	15.677	15.625	16.1	15.596	15.799	415.42	415.34
05:26:22	16.075	15.677	15.63	16.136	15.598	15.806	415.42	415.34
05:27:22	16.075	15.678	15.647	16.173	15.605	15.812	415.42	415.34
05:28:22	16.075	15.678	15.655	16.202	15.616	15.824	415.42	415.34
05:29:22	16.075	15.678	15.65	16.221	15.618	15.823	415.42	415.34
05:30:22	16.076	15.68	15.647	16.212	15.616	15.828	415.42	415.34
05:31:21	16.075	15.679	15.657	16.213	15.615	15.824	415.42	415.34
05:32:22	16.075	15.68	15.654	16.174	15.62	15.827	415.42	415.34
05:33:21	16.076	15.679	15.648	16.128	15.617	15.825	415.42	415.34
05:34:21	16.076	15.68	15.646	16.047	15.611	15.817	415.42	415.34
05:35:22	16.077	15.677	15.64	16.047	15.608	15.81	415.42	415.34
05:36:22	16.075	15.676	15.628	16.09	15.596	15.804	415.42	415.34
05:37:22	16.075	15.676	15.638	16.202	15.603	15.81	415.42	415.34
05:38:22	16.076	15.675	15.643	16.253	15.607	15.825	415.42	415.34
05:39:22	16.076	15.674	15.652	16.255	15.616	15.83	415.42	415.34
05:40:22	16.076	15.674	15.656	16.237	15.62	15.835	415.42	415.34
05:41:22	16.077	15.675	15.65	16.198	15.622	15.833	415.42	415.34
05:42:22	16.077	15.676	15.64	16.187	15.621	15.83	415.42	415.34
05:43:22	16.076	15.676	15.633	16.165	15.62	15.824	415.42	415.34
05:44:21	16.077	15.676	15.623	16.139	15.621	15.829	415.42	415.34
05:45:21	16.077	15.678	15.632	16.172	15.614	15.825	415.42	415.34
05:46:22	16.076	15.677	15.646	16.148	15.613	15.822	415.42	415.34
05:47:21	16.078	15.678	15.653	16.185	15.616	15.824	415.42	415.34
05:48:22	16.077	15.678	15.649	16.24	15.614	15.817	415.42	415.34
05:49:22	16.078	15.677	15.65	16.264	15.618	15.834	415.42	415.34
05:50:21	16.078	15.677	15.657	16.226	15.623	15.832	415.42	415.34
05:51:22	16.077	15.678	15.664	16.209	15.625	15.832	415.42	415.34
05:52:21	16.078	15.677	15.657	16.19	15.62	15.826	415.42	415.34
05:53:22	16.077	15.676	15.661	16.23	15.617	15.825	415.42	415.34
05:54:22	16.078	15.675	15.669	16.305	15.623	15.832	415.42	415.34
05:55:22	16.078	15.674	15.678	16.362	15.631	15.842	415.42	415.34
05:56:21	16.078	15.674	15.678	16.302	15.636	15.849	415.42	415.34
05:57:21	16.077	15.675	15.678	16.277	15.636	15.848	415.42	415.34
05:58:22	16.077	15.678	15.674	16.315	15.635	15.85	415.42	415.34
05:59:22	16.078	15.678	15.67	16.294	15.638	15.849	415.42	415.34
06:00:22	16.078	15.68	15.67	16.222	15.638	15.852	415.42	415.34
06:01:22	16.077	15.677	15.672	16.142	15.634	15.843	415.42	415.34
06:02:22	16.078	15.676	15.658	16.164	15.626	15.832	415.42	415.34
06:03:21	16.077	15.677	15.654	16.221	15.628	15.838	415.42	415.34
06:04:22	16.079	15.678	15.654	16.263	15.629	15.84	415.42	415.34
06:05:21	16.078	15.678	15.665	16.313	15.635	15.845	415.42	415.34
06:06:22	16.078	15.678	15.668	16.315	15.639	15.854	415.42	415.34
06:07:21	16.079	15.678	15.673	16.294	15.644	15.856	415.42	415.34
06:08:21	16.078	15.68	15.672	16.284	15.644	15.855	415.42	415.34
06:09:22	16.078	15.68	15.674	16.216	15.642	15.848	415.42	415.34
06:10:22	16.078	15.68	15.664	16.136	15.632	15.844	415.42	415.34
06:11:22	16.078	15.679	15.647	16.05	15.629	15.825	415.42	415.34
06:12:21	16.078	15.68	15.654	16.061	15.614	15.813	415.42	415.34
06:13:22	16.077	15.68	15.654	16.11	15.615	15.819	415.42	415.34
06:14:22	16.078	15.678	15.659	16.143	15.615	15.821	415.42	415.34
06:15:22	16.08	15.68	15.663	16.185	15.62	15.829	415.42	415.34
06:16:22	16.078	15.68	15.661	16.213	15.62	15.831	415.42	415.34
06:17:21	16.078	15.679	15.661	16.236	15.624	15.828	415.42	415.34
06:18:22	16.079	15.678	15.668	16.256	15.624	15.838	415.42	415.34
06:19:22	16.079	15.678	15.677	16.283	15.627	15.843	415.42	415.34
06:20:22	16.078	15.68	15.678	16.304	15.633	15.844	415.42	415.34
06:21:21	16.078	15.677	15.671	16.287	15.635	15.849	415.42	415.34
06:22:22	16.078	15.676	15.668	16.24	15.637	15.846	415.42	415.34
06:23:22	16.078	15.676	15.666	16.206	15.635	15.847	415.42	415.34
06:24:22	16.079	15.677	15.655	16.191	15.627	15.832	415.42	415.34
06:25:22	16.078	15.676	15.659	16.151	15.628	15.831	415.42	415.34
06:26:22	16.078	15.676	15.641	16.06	15.617	15.821	415.42	415.34
06:27:22	16.079	15.676	15.639	16.063	15.61	15.819	415.42	415.34
06:28:22	16.078	15.676	15.643	16.084	15.612	15.819	415.42	415.34
06:29:22	16.079	15.676	15.643	16.093	15.609	15.81	415.42	415.34
06:30:22	16.078	15.675	15.643	16.042	15.609	15.812	415.42	415.34
06:31:21	16.078	15.674	15.638	15.99	15.606	15.804	415.42	415.34
06:32:22	16.079	15.675	15.644	15.996	15.604	15.803	415.42	415.34
06:33:22	16.079	15.678	15.645	16.029	15.597	15.796	415.42	415.34
06:34:22	16.078	15.677	15.648	16.146	15.595	15.802	415.42	415.34
06:35:22	16.078	15.678	15.654	16.237	15.603	15.812	415.42	415.34
06:36:22	16.079	15.68	15.657	16.343	15.616	15.827	415.42	415.34
06:37:21	16.078	15.679	15.659	16.384	15.622	15.845	415.42	415.34
06:38:22	16.079	15.678	15.66	16.35	15.63	15.847	415.42	415.34
06:39:22	16.079	15.678	15.664	16.252	15.635	15.851	415.42	415.34
06:40:22	16.08	15.679	15.666	16.136	15.632	15.838	415.42	415.34
06:41:22	16.078	15.678	15.668	16.123	15.624	15.826	415.42	415.34
06:42:22	16.079	15.677	15.66	16.227	15.62	15.829	415.42	415.34
06:43:22	16.079	15.677	15.66	16.322	15.624	15.84	415.42	415.34
06:44:22	16.079	15.678	15.663	16.37	15.633	15.847	415.42	415.34
06:45:22	16.08	15.679	15.661	16.304	15.637	15.852	415.42	415.34
06:46:22	16.08	15.68	15.662	16.297	15.635	15.846	415.42	415.34
06:47:22	16.08	15.679	15.668	16.292	15.633	15.854	415.42	415.34
06:48:22	16.079	15.68	15.664	16.223	15.635	15.848	415.42	415.34
06:49:22	16.081	15.679	15.663	16.146	15.632	15.835	415.42	415.34
06:50:22	16.079	15.678	15.655	16.053	15.628	15.831	415.42	415.34
06:51:22	16.08	15.678	15.636	16.031	15.614	15.82	415.42	415.34
06:52:22	16.079	15.678	15.633	16.114	15.61	15.804	415.42	415.34
06:53:21	16.082	15.678	15.645	16.214	15.612	15.815	415.42	415.34
06:54:22	16.081	15.677	15.657	16.341	15.62	15.834	415.42	415.34
06:55:22	16.08	15.677	15.666	16.336	15.63	15.845	415.42	415.34
06:56:22	16.08	15.677	15.663	16.263	15.636	15.849	415.42	415.34
06:57:22	16.081	15.678	15.661	16.163	15.633	15.836	415.42	415.34
06:58:22	16.079	15.677	15.66	16.064	15.623	15.827	415.42	415.34
06:59:22	16.081	15.678	15.66	16.022	15.612	15.815	415.42	415.34
07:00:22	16.08	15.678	15.646	15.968	15.607	15.806	415.42	415.34
07:01:22	16.08	15.678	15.642	15.957	15.6	15.799	415.42	415.34
07:02:22	16.08	15.677	15.629	15.995	15.597	15.805	415.42	415.34
07:03:22	16.081	15.679	15.632	16.034	15.601	15.79	415.42	415.34
07:04:22	16.08	15.68	15.619	16.07	15.594	15.796	415.42	415.34
07:05:22	16.08	15.68	15.615	16.13	15.588	15.798	415.42	415.34
07:06:22	16.081	15.681	15.623	16.2	15.589	15.805	415.42	415.34
07:07:22	16.081	15.681	15.631	16.268	15.601	15.816	415.42	415.34
07:08:22	16.081	15.678	15.642	16.329	15.611	15.824	415.42	415.34
07:09:22	16.081	15.679	15.654	16.356	15.616	15.836	415.42	415.34
07:10:22	16.081	15.677	15.658	16.386	15.627	15.843	415.42	415.34
07:11:22	16.08	15.678	15.669	16.402	15.635	15.854	415.42	415.34
07:12:22	16.08	15.677	15.669	16.335	15.638	15.859	415.42	415.34
07:13:22	16.08	15.676	15.671	16.251	15.636	15.856	415.42	415.34
07:14:22	16.081	15.677	15.667	16.302	15.631	15.846	415.42	415.34
07:15:22	16.081	15.677	15.665	16.336	15.632	15.849	415.42	415.34
07:16:21	16.081	15.677	15.674	16.359	15.638	15.852	415.42	415.34
07:17:22	16.08	15.676	15.67	16.292	15.64	15.856	415.42	415.34
07:18:22	16.08	15.677	15.665	16.179	15.643	15.852	415.42	415.34
07:19:22	16.081	15.676	15.656	16.157	15.634	15.842	415.42	415.34
07:20:21	16.081	15.676	15.656	16.216	15.628	15.838	415.42	415.34
07:21:22	16.08	15.677	15.663	16.254	15.627	15.838	415.42	415.34
07:22:22	16.082	15.677	15.663	16.26	15.633	15.845	415.42	415.34
07:23:22	16.081	15.678	15.669	16.214	15.637	15.845	415.42	415.34
07:24:22	16.081	15.679	15.662	16.193	15.632	15.84	415.42	415.34
07:25:22	16.082	15.682	15.658	16.159	15.63	15.833	415.42	415.34
07:26:21	16.082	15.682	15.651	16.149	15.622	15.828	415.42	415.34
07:27:22	16.082	15.683	15.642	16.138	15.621	15.824	415.42	415.34
07:28:22	16.082	15.684	15.645	16.196	15.623	15.826	415.42	415.34
07:29:21	16.082	15.685	15.657	16.237	15.62	15.832	415.42	415.34
07:30:22	16.081	15.685	15.657	16.207	15.627	15.835	415.42	415.34
07:31:22	16.082	15.686	15.66	16.144	15.624	15.837	415.42	415.34
07:32:22	16.082	15.684	15.66	16.134	15.625	15.828	415.42	415.34
07:33:21	16.081	15.684	15.667	16.151	15.622	15.825	415.42	415.34
07:34:22	16.082	15.683	15.66	16.155	15.616	15.83	415.42	415.34
07:35:22	16.081	15.682	15.658	16.18	15.622	15.822	415.42	415.34
07:36:22	16.082	15.682	15.654	16.138	15.619	15.823	415.42	415.34
07:37:22	16.082	15.681	15.655	16.179	15.619	15.82	415.42	415.34
07:38:21	16.081	15.683	15.659	16.225	15.618	15.825	415.42	415.34
07:39:22	16.082	15.682	15.671	16.237	15.621	15.835	415.42	415.34
07:40:21	16.083	15.683	15.664	16.271	15.626	15.839	415.42	415.34
07:41:22	16.082	15.683	15.668	16.25	15.632	15.841	415.42	415.34
07:42:22	16.082	15.683	15.674	16.172	15.629	15.839	415.42	415.34
07:43:22	16.082	15.683	15.662	16.126	15.628	15.837	415.42	415.34
07:44:22	16.082	15.683	15.666	16.098	15.625	15.829	415.42	415.34
07:45:21	16.083	15.684	15.663	16.06	15.618	15.828	415.42	415.34
07:46:22	16.083	15.683	15.667	16.056	15.608	15.817	415.42	415.34
07:47:22	16.083	15.682	15.657	16.094	15.603	15.818	415.42	415.34
07:48:22	16.083	15.681	15.662	16.162	15.604	15.816	415.42	415.34
07:49:22	16.082	15.681	15.668	16.236	15.614	15.823	415.42	415.34
07:50:22	16.082	15.68	15.67	16.273	15.62	15.837	415.42	415.34
07:51:22	16.083	15.68	15.662	16.249	15.619	15.838	415.42	415.34
07:52:22	16.083	15.681	15.662	16.2	15.627	15.842	415.42	415.34
07:53:22	16.083	15.683	15.67	16.148	15.626	15.829	415.42	415.34
07:54:22	16.082	15.682	15.65	16.118	15.622	15.834	415.42	415.34
07:55:22	16.083	15.683	15.641	16.127	15.616	15.82	415.42	415.34
07:56:22	16.083	15.684	15.637	16.132	15.613	15.825	415.42	415.34
07:57:22	16.082	15.684	15.64	16.142	15.611	15.811	415.42	415.34
07:58:22	16.083	15.683	15.654	16.127	15.612	15.816	415.42	415.34
07:59:22	16.083	15.683	15.664	16.106	15.612	15.814	415.42	415.34
08:00:22	16.082	15.68	15.658	16.107	15.606	15.817	415.42	415.34
08:01:22	16.083	15.682	15.65	16.106	15.609	15.811	415.42	415.34
08:02:22	16.083	15.682	15.642	16.12	15.61	15.816	415.42	415.34
08:03:22	16.083	15.682	15.641	16.146	15.609	15.812	415.42	415.34
08:04:21	16.083	15.682	15.648	16.183	15.61	15.821	415.42	415.34
08:05:21	16.083	15.683	15.658	16.206	15.611	15.823	415.42	415.34
08:06:22	16.084	15.683	15.661	16.224	15.613	15.824	415.42	415.34
08:07:22	16.083	15.683	15.667	16.217	15.616	15.836	415.42	415.34
08:08:22	16.082	15.684	15.656	16.199	15.62	15.831	415.42	415.34
08:09:22	16.083	15.684	15.648	16.202	15.621	15.83	415.42	415.34
08:10:22	16.083	15.684	15.649	16.176	15.617	15.831	415.42	415.34
08:11:22	16.082	15.685	15.648	16.174	15.62	15.827	415.42	415.34
08:12:22	16.083	15.685	15.646	16.195	15.618	15.826	415.42	415.34
08:13:22	16.084	15.685	15.644	16.159	15.617	15.828	415.42	415.34
08:14:22	16.084	15.685	15.638	16.092	15.615	15.824	415.42	415.34
08:15:22	16.083	15.685	15.648	16.096	15.609	15.816	415.42	415.34
08:16:22	16.084	15.684	15.656	16.14	15.608	15.822	415.42	415.34
08:17:23	16.083	15.685	15.656	16.159	15.609	15.821	415.42	415.34
08:18:22	16.084	15.685	15.652	16.237	15.613	15.824	415.42	415.34
08:19:22	16.083	15.685	15.656	16.307	15.619	15.832	415.42	415.34
08:20:22	16.084	15.683	15.662	16.326	15.626	15.841	415.42	415.34
08:21:22	16.084	15.682	15.669	16.278	15.63	15.842	415.42	415.34
08:22:21	16.084	15.681	15.668	16.172	15.629	15.843	415.42	415.34
08:23:22	16.083	15.682	15.666	16.138	15.625	15.828	415.42	415.34
08:24:22	16.084	15.681	15.661	16.191	15.623	15.829	415.42	415.34
08:25:22	16.084	15.68	15.667	16.274	15.623	15.83	415.42	415.34
08:26:22	16.084	15.68	15.663	16.284	15.629	15.838	415.42	415.34
08:27:22	16.083	15.681	15.659	16.243	15.632	15.848	415.42	415.34
08:28:22	16.085	15.682	15.658	16.247	15.629	15.842	415.42	415.34
08:29:22	16.084	15.682	15.659	16.311	15.632	15.845	415.42	415.34
08:30:22	16.085	15.682	15.667	16.296	15.637	15.849	415.42	415.34
08:31:22	16.084	15.682	15.662	16.215	15.638	15.846	415.42	415.34
08:32:22	16.083	15.681	15.645	16.103	15.631	15.842	415.42	415.34
08:33:22	16.084	15.681	15.638	16.079	15.609	15.815	415.42	415.34
08:34:22	16.083	15.681	15.639	16.142	15.615	15.824	415.42	415.34
08:35:22	16.084	15.681	15.647	16.242	15.613	15.821	415.42	415.34
08:36:22	16.085	15.68	15.659	16.27	15.621	15.834	415.42	415.34
08:37:22	16.084	15.681	15.659	16.229	15.622	15.837	415.42	415.34
08:38:22	16.084	15.681	15.652	16.274	15.625	15.839	415.42	415.34
08:39:22	16.083	15.681	15.658	16.285	15.633	15.847	415.42	415.34
08:40:22	16.085	15.681	15.672	16.258	15.635	15.848	415.42	415.34
08:41:22	16.083	15.681	15.67	16.274	15.635	15.848	415.42	415.34
08:42:22	16.084	15.68	15.659	16.212	15.638	15.852	415.42	415.34
08:43:22	16.084	15.68	15.656	16.15	15.631	15.836	415.42	415.34
08:44:22	16.084	15.682	15.664	16.107	15.63	15.835	415.42	415.34
08:45:22	16.084	15.684	15.661	16.032	15.626	15.829	415.42	415.34
08:46:22	16.084	15.684	15.647	15.926	15.619	15.812	415.42	415.34
08:47:22	16.084	15.683	15.622	15.832	15.593	15.793	415.42	415.34
08:48:22	16.084	15.684	15.606	15.87	15.582	15.781	415.42	415.34
08:49:22	16.084	15.684	15.614	16.007	15.578	15.783	415.42	415.34
08:50:22	16.085	15.684	15.632	16.131	15.592	15.796	415.42	415.34
08:51:22	16.084	15.685	15.643	16.209	15.599	15.809	415.42	415.34
08:52:22	16.085	15.684	15.644	16.217	15.607	15.818	415.42	415.34
08:53:22	16.084	15.683	15.648	16.181	15.61	15.825	415.42	415.34
08:54:21	16.084	15.682	15.643	16.136	15.616	15.825	415.42	415.34
08:55:22	16.085	15.683	15.648	16.081	15.616	15.818	415.42	415.34
08:56:22	16.085	15.685	15.654	16.062	15.613	15.815	415.42	415.34
08:57:22	16.085	15.683	15.635	16.06	15.609	15.815	415.42	415.34
08:58:22	16.084	15.683	15.645	16.094	15.598	15.804	415.42	415.34
08:59:22	16.084	15.681	15.634	16.113	15.601	15.81	415.42	415.34
09:00:22	16.083	15.68	15.641	16.138	15.598	15.807	415.42	415.34
09:01:22	16.084	15.681	15.643	16.185	15.602	15.812	415.42	415.34
09:02:22	16.084	15.682	15.658	16.22	15.609	15.819	415.42	415.34
09:03:22	16.085	15.682	15.66	16.268	15.615	15.824	415.42	415.34
09:04:22	16.084	15.681	15.664	16.309	15.623	15.838	415.42	415.34
09:05:22	16.085	15.683	15.665	16.316	15.627	15.847	415.42	415.34
09:06:22	16.086	15.685	15.664	16.332	15.632	15.85	415.42	415.34
09:07:22	16.086	15.685	15.664	16.337	15.639	15.856	415.42	415.34
09:08:22	16.084	15.687	15.66	16.315	15.643	15.859	415.42	415.34
09:09:22	16.085	15.686	15.659	16.256	15.64	15.853	415.42	415.34
09:10:22	16.086	15.686	15.663	16.19	15.64	15.848	415.42	415.34
09:11:22	16.085	15.684	15.651	16.107	15.63	15.832	415.42	415.34
09:12:22	16.085	15.685	15.649	16.031	15.62	15.824	415.42	415.34
09:13:22	16.085	15.684	15.642	15.963	15.613	15.814	415.42	415.34
09:14:22	16.084	15.685	15.648	15.919	15.603	15.801	415.42	415.34
09:15:22	16.084	15.686	15.635	15.899	15.596	15.79	415.42	415.34
09:16:22	16.085	15.686	15.617	15.923	15.585	15.78	415.42	415.34
09:17:22	16.085	15.686	15.609	16.043	15.585	15.772	415.42	415.34
09:18:22	16.086	15.686	15.622	16.185	15.588	15.795	415.42	415.34
09:19:22	16.086	15.686	15.632	16.257	15.6	15.814	415.42	415.34
09:20:22	16.085	15.686	15.628	16.205	15.613	15.822	415.42	415.34
09:21:22	16.085	15.685	15.634	16.21	15.615	15.825	415.42	415.34
09:22:22	16.085	15.685	15.635	16.292	15.609	15.825	415.42	415.34
09:23:22	16.086	15.684	15.641	16.308	15.618	15.837	415.42	415.34
09:24:21	16.085	15.684	15.642	16.291	15.622	15.839	415.42	415.34
09:25:22	16.085	15.684	15.646	16.272	15.624	15.843	415.42	415.34
09:26:22	16.087	15.685	15.645	16.231	15.629	15.839	415.42	415.34
09:27:22	16.085	15.686	15.644	16.263	15.624	15.841	415.42	415.34
09:28:22	16.086	15.688	15.653	16.372	15.628	15.847	415.42	415.34
09:29:22	16.087	15.687	15.66	16.402	15.638	15.86	415.42	415.34
09:30:22	16.086	15.687	15.665	16.405	15.646	15.865	415.42	415.34
09:31:22	16.086	15.687	15.669	16.332	15.65	15.866	415.42	415.34
09:32:22	16.086	15.686	15.669	16.23	15.65	15.864	415.42	415.34
09:33:22	16.085	15.685	15.664	16.173	15.641	15.85	415.42	415.34
09:34:22	16.086	15.684	15.649	16.14	15.637	15.845	415.42	415.34
09:35:22	16.086	15.685	15.641	16.046	15.627	15.834	415.42	415.34
09:36:22	16.086	15.686	15.629	16.0	15.621	15.821	415.42	415.34
09:37:22	16.086	15.686	15.616	16.004	15.606	15.807	415.42	415.34
09:38:22	16.085	15.685	15.616	16.097	15.61	15.807	415.42	415.34
09:39:22	16.085	15.685	15.629	16.198	15.608	15.814	415.42	415.34
09:40:22	16.086	15.687	15.639	16.24	15.615	15.828	415.42	415.34
09:41:22	16.085	15.685	15.65	16.265	15.624	15.834	415.42	415.34
09:42:22	16.086	15.685	15.654	16.297	15.626	15.845	415.42	415.34
09:43:22	16.086	15.685	15.665	16.304	15.631	15.847	415.42	415.34
09:44:22	16.086	15.685	15.671	16.301	15.635	15.853	415.42	415.34
09:45:22	16.087	15.685	15.666	16.293	15.637	15.852	415.42	415.34
09:46:22	16.086	15.684	15.671	16.278	15.637	15.851	415.42	415.34
09:47:22	16.085	15.684	15.663	16.239	15.637	15.849	415.42	415.34
09:48:22	16.086	15.683	15.663	16.207	15.636	15.846	415.42	415.34
09:49:22	16.086	15.684	15.655	16.136	15.632	15.843	415.42	415.34
09:50:22	16.086	15.683	15.655	16.057	15.631	15.828	415.42	415.34
09:51:22	16.086	15.683	15.655	15.971	15.615	15.817	415.42	415.34
09:52:22	16.085	15.683	15.64	15.94	15.608	15.811	415.42	415.34
09:53:22	16.085	15.682	15.632	15.993	15.606	15.798	415.42	415.34
09:54:22	16.087	15.683	15.625	16.023	15.603	15.804	415.42	415.34
09:55:22	16.085	15.683	15.631	16.043	15.597	15.801	415.42	415.34
09:56:22	16.086	15.684	15.627	16.101	15.602	15.802	415.42	415.34
09:57:22	16.085	15.684	15.635	16.132	15.605	15.813	415.42	415.34
09:58:22	16.085	15.684	15.643	16.215	15.606	15.81	415.42	415.34
09:59:22	16.085	15.685	15.656	16.31	15.614	15.829	415.42	415.34
10:00:22	16.085	15.686	15.665	16.398	15.629	15.848	415.42	415.34
10:01:22	16.086	15.685	15.667	16.434	15.637	15.856	415.42	415.34
10:02:22	16.085	15.684	15.67	16.38	15.644	15.862	415.42	415.34
10:03:22	16.086	15.685	15.67	16.291	15.645	15.864	415.42	415.34
10:04:22	16.087	15.685	15.664	16.295	15.642	15.86	415.42	415.34
10:05:23	16.087	15.685	15.67	16.295	15.643	15.861	415.42	415.34
10:06:22	0.0	15.685	15.68	16.272	15.646	15.859	415.42	415.34
10:07:22	16.087	15.684	15.684	16.232	15.645	15.854	415.42	415.34
10:08:22	16.086	15.683	15.677	16.178	15.642	15.844	415.42	415.34
10:09:22	16.086	15.683	15.66	16.141	15.636	15.839	415.42	415.34
10:10:22	16.086	15.683	15.653	16.107	15.63	15.839	415.42	415.34
10:11:22	16.085	15.683	15.651	16.084	15.623	15.826	415.42	415.34
10:12:22	16.086	15.683	15.643	16.062	15.621	15.824	415.42	415.34
10:13:22	16.085	15.681	15.645	16.089	15.615	15.818	415.42	415.34
10:14:22	16.085	15.681	15.653	16.147	15.613	15.821	415.42	415.34
10:15:22	16.086	15.68	15.654	16.188	15.619	15.828	415.42	415.34
10:16:22	16.085	15.68	15.657	16.192	15.623	15.837	415.42	415.34
10:17:22	16.085	15.681	15.652	16.167	15.625	15.835	415.42	415.34
10:18:22	16.086	15.682	15.645	16.113	15.625	15.832	415.42	415.34
10:19:22	16.086	15.683	15.637	16.065	15.618	15.832	415.42	415.34
10:20:22	16.086	15.683	15.632	16.031	15.612	15.816	415.42	415.34
10:21:22	16.086	15.683	15.622	16.064	15.606	15.822	415.42	415.34
10:22:22	16.086	15.683	15.631	16.121	15.609	15.819	415.42	415.34
10:23:22	16.085	15.685	15.623	16.063	15.614	15.825	415.42	415.34
10:24:22	16.085	15.684	15.627	16.019	15.606	15.81	415.42	415.34
10:25:22	16.086	15.685	15.64	16.035	15.608	15.803	415.42	415.34
10:26:22	16.086	15.684	15.636	16.07	15.609	15.811	415.42	415.34
10:27:22	16.087	15.687	15.64	16.037	15.601	15.808	415.42	415.34
10:28:22	16.087	15.688	15.629	15.986	15.604	15.807	415.42	415.34
10:29:22	16.086	15.686	15.614	16.034	15.599	15.802	415.42	415.34
10:30:22	16.086	15.687	15.61	16.056	15.599	15.8	415.42	415.34
10:31:22	16.086	15.688	15.625	16.078	15.602	15.807	415.42	415.34
10:32:22	16.087	15.688	15.638	16.114	15.596	15.807	415.42	415.34
10:33:22	16.086	15.687	15.634	16.174	15.6	15.819	415.42	415.34
10:34:22	16.087	15.687	15.635	16.21	15.605	15.819	415.42	415.34
10:35:22	16.086	15.686	15.644	16.215	15.614	15.827	415.42	415.34
10:36:22	16.085	15.685	15.647	16.19	15.618	15.831	415.42	415.34
10:37:22	16.085	15.685	15.644	16.107	15.619	15.831	415.42	415.34
10:38:22	16.086	15.686	15.635	16.06	15.612	15.82	415.42	415.34
10:39:22	16.086	15.686	15.632	16.172	15.609	15.824	415.42	415.34
10:40:22	16.085	15.687	15.633	16.305	15.614	15.826	415.42	415.34
10:41:22	16.087	15.687	15.639	16.35	15.622	15.84	415.42	415.34
10:42:22	16.086	15.688	15.643	16.328	15.631	15.851	415.42	415.34
10:43:22	16.086	15.689	15.653	16.282	15.633	15.851	415.42	415.34
10:44:22	16.087	15.689	15.649	16.229	15.638	15.847	415.42	415.34
10:45:22	16.087	15.691	15.643	16.22	15.633	15.844	415.42	415.34
10:46:22	16.087	15.691	15.648	16.274	15.634	15.847	415.42	415.34
10:47:22	16.087	15.691	15.649	16.278	15.635	15.849	415.42	415.34
10:48:22	16.087	15.69	15.654	16.232	15.638	15.853	415.42	415.34
10:49:22	16.087	15.69	15.653	16.175	15.637	15.847	415.42	415.34
10:50:22	16.086	15.691	15.653	16.111	15.635	15.843	415.42	415.34
10:51:22	16.087	15.69	15.636	16.044	15.629	15.829	415.42	415.34
10:52:22	16.086	15.69	15.639	16.053	15.625	15.828	415.42	415.34
10:53:23	16.088	15.691	15.655	16.077	15.62	15.836	415.42	415.34
10:54:22	0.0	15.689	15.646	16.077	15.614	15.827	415.42	415.34
10:55:23	16.087	15.688	15.633	16.098	15.615	15.826	415.42	415.34
10:56:22	0.0	15.689	15.638	16.129	15.62	15.827	415.42	415.34
10:57:23	16.087	15.689	15.656	16.163	15.616	15.832	415.42	415.34
10:58:22	16.087	15.687	15.648	16.18	15.619	15.83	415.42	415.34
10:59:23	16.087	15.688	15.642	16.198	15.619	15.832	415.42	415.34
11:00:22	16.087	15.687	15.644	16.218	15.624	15.843	415.42	415.34
11:01:22	16.086	15.687	15.651	16.222	15.63	15.841	415.42	415.34
11:02:22	16.087	15.685	15.65	16.227	15.628	15.844	415.42	415.34
11:03:22	16.087	15.686	15.659	16.217	15.634	15.849	415.42	415.34
11:04:22	16.087	15.685	15.657	16.195	15.631	15.84	415.42	415.34
11:05:22	16.087	15.684	15.643	16.152	15.631	15.843	415.42	415.34
11:06:22	16.087	15.683	15.638	16.098	15.629	15.835	415.42	415.34
11:07:22	16.087	15.684	15.624	16.049	15.624	15.815	415.42	415.34
11:08:22	16.087	15.684	15.624	16.047	15.613	15.821	415.42	415.34
11:09:22	16.087	15.686	15.626	16.076	15.611	15.814	415.42	415.34
11:10:22	16.086	15.685	15.629	16.122	15.614	15.815	415.42	415.34
11:11:22	16.087	15.685	15.63	16.106	15.612	15.827	415.42	415.34
11:12:22	16.086	15.686	15.629	16.054	15.615	15.822	415.42	415.34
11:13:22	16.087	15.685	15.624	16.075	15.606	15.821	415.42	415.34
11:14:22	16.086	15.685	15.624	16.158	15.606	15.816	415.42	415.34
11:15:22	16.086	15.685	15.633	16.256	15.612	15.826	415.42	415.34
11:16:22	16.086	15.683	15.644	16.302	15.622	15.84	415.42	415.34
11:17:22	16.088	15.683	15.654	16.314	15.63	15.847	415.42	415.34
11:18:22	16.087	15.683	15.664	16.288	15.636	15.853	415.42	415.34
11:19:22	16.085	15.682	15.66	16.212	15.64	15.855	415.42	415.34
11:20:22	16.087	15.683	15.663	16.216	15.638	15.854	415.42	415.34
11:21:22	16.086	15.684	15.655	16.221	15.635	15.85	415.42	415.34
11:22:22	16.087	15.684	15.652	16.157	15.634	15.845	415.42	415.34
11:23:22	16.086	15.685	15.642	16.16	15.631	15.835	415.42	415.34
11:24:22	16.086	15.685	15.649	16.16	15.631	15.843	415.42	415.34
11:25:22	16.086	15.686	15.658	16.103	15.627	15.837	415.42	415.34
11:26:22	16.086	15.686	15.646	15.968	15.624	15.836	415.42	415.34
11:27:22	16.085	15.686	15.63	15.978	15.61	15.813	415.42	415.34
11:28:22	16.087	15.685	15.626	16.002	15.609	15.805	415.42	415.34
11:29:22	16.087	15.686	15.62	16.018	15.607	15.808	415.42	415.34
11:30:22	16.088	15.684	15.612	16.035	15.601	15.816	415.42	415.34
11:31:22	16.087	15.683	15.612	16.003	15.602	15.81	415.42	415.34
11:32:22	16.085	15.683	15.605	15.955	15.602	15.802	415.42	415.34
11:33:22	16.088	15.683	15.606	16.04	15.608	15.802	415.42	415.34
11:34:22	16.087	15.684	15.613	16.166	15.601	15.81	415.42	415.34
11:35:23	16.087	15.684	15.637	16.226	15.612	15.825	415.42	415.34
11:36:22	0.0	15.685	15.649	16.205	15.618	15.834	415.42	415.34
11:37:22	16.087	15.686	15.644	16.205	15.624	15.835	415.42	415.34
11:38:22	16.086	15.685	15.651	16.241	15.628	15.841	415.42	415.34
11:39:22	16.087	15.686	15.648	16.25	15.623	15.838	415.42	415.34
11:40:22	16.087	15.686	15.648	16.294	15.63	15.849	415.42	415.34
11:41:22	16.087	15.687	15.653	16.372	15.636	15.849	415.42	415.34
11:42:22	16.087	15.687	15.656	16.406	15.643	15.864	415.42	415.34
11:43:22	16.087	15.687	15.663	16.418	15.651	15.875	415.42	415.34
11:44:22	16.087	15.687	15.67	16.413	15.658	15.879	415.42	415.34
11:45:22	16.088	15.687	15.673	16.404	15.662	15.881	415.42	415.34
11:46:22	16.087	15.686	15.672	16.372	15.663	15.885	415.42	415.34
11:47:22	16.087	15.688	15.676	16.308	15.66	15.877	415.42	415.34
11:48:22	16.087	15.687	15.662	16.221	15.659	15.868	415.42	415.34
11:49:22	16.086	15.687	15.657	16.144	15.654	15.858	415.42	415.34
11:50:22	16.086	15.686	15.659	16.038	15.644	15.854	415.42	415.34
11:51:23	16.087	15.686	15.655	15.984	15.631	15.836	415.42	415.34
11:52:22	16.087	15.685	15.652	16.012	15.622	15.824	415.42	415.34
11:53:22	16.087	15.685	15.642	16.03	15.615	15.822	415.42	415.34
11:54:22	16.087	15.684	15.639	16.068	15.605	15.814	415.42	415.34
11:55:22	16.087	15.685	15.646	16.19	15.614	15.819	415.42	415.34
11:56:22	16.088	15.685	15.654	16.23	15.622	15.833	415.42	415.34
11:57:22	16.087	15.685	15.651	16.221	15.628	15.841	415.42	415.34
11:58:22	16.087	15.686	15.641	16.149	15.629	15.84	415.42	415.34
11:59:22	16.085	15.687	15.646	16.155	15.628	15.844	415.42	415.34
12:00:22	16.087	15.687	15.662	16.143	15.626	15.839	415.42	415.34
12:01:22	16.086	15.687	15.666	16.141	15.627	15.836	415.42	415.34
12:02:22	16.088	15.687	15.652	16.139	15.626	15.832	415.42	415.34
12:03:22	16.087	15.686	15.645	16.127	15.627	15.837	415.42	415.34
12:04:22	16.087	15.687	15.641	16.226	15.625	15.835	415.42	415.34
12:05:22	16.087	15.686	15.648	16.254	15.628	15.844	415.42	415.34
12:06:22	16.087	15.684	15.65	16.233	15.631	15.846	415.42	415.34
12:07:22	16.087	15.686	15.66	16.199	15.635	15.849	415.42	415.34
12:08:22	16.087	15.687	15.648	16.096	15.638	15.849	415.42	415.34
12:09:22	16.087	15.686	15.641	16.064	15.63	15.836	415.42	415.34
12:10:22	16.087	15.686	15.649	16.146	15.626	15.834	415.42	415.34
12:11:22	16.087	15.687	15.658	16.239	15.63	15.841	415.42	415.34
12:12:22	16.087	15.687	15.653	16.241	15.633	15.848	415.42	415.34
12:13:22	16.087	15.69	15.652	16.184	15.639	15.851	415.42	415.34
12:14:22	16.087	15.689	15.649	16.136	15.638	15.848	415.42	415.34
12:15:22	16.087	15.691	15.655	16.164	15.634	15.844	415.42	415.34
12:16:22	16.087	15.689	15.653	16.19	15.631	15.84	415.42	415.34
12:17:22	16.087	15.691	15.646	16.192	15.631	15.84	415.42	415.34
12:18:22	16.087	15.692	15.649	16.159	15.632	15.847	415.42	415.34
12:19:22	16.087	15.693	15.644	16.095	15.63	15.838	415.42	415.34
12:20:22	16.087	15.693	15.646	16.112	15.627	15.832	415.42	415.34
12:21:22	16.088	15.693	15.659	16.199	15.625	15.834	415.42	415.34
12:22:22	16.087	15.693	15.659	16.262	15.631	15.845	415.42	415.34
12:23:22	16.087	15.694	15.666	16.289	15.636	15.85	415.42	415.34
12:24:22	16.088	15.693	15.662	16.298	15.643	15.858	415.42	415.34
12:25:22	16.087	15.694	15.666	16.269	15.645	15.859	415.42	415.34
12:26:22	16.087	15.694	15.678	16.252	15.643	15.856	415.42	415.34
12:27:22	16.087	15.695	15.677	16.285	15.643	15.855	415.42	415.34
12:28:22	16.087	15.696	15.668	16.324	15.65	15.864	415.42	415.34
12:29:22	16.088	15.696	15.67	16.329	15.651	15.87	415.42	415.34
12:30:22	16.087	15.695	15.667	16.261	15.658	15.87	415.42	415.34
12:31:22	16.088	15.696	15.67	16.18	15.655	15.862	415.42	415.34
12:32:22	16.088	15.697	15.66	16.129	15.651	15.858	415.42	415.34
12:33:22	16.088	15.698	15.659	16.105	15.64	15.847	415.42	415.34
12:34:22	16.087	15.696	15.652	16.14	15.639	15.838	415.42	415.34
12:35:22	16.088	15.698	15.664	16.208	15.636	15.844	415.42	415.34
12:36:22	16.087	15.698	15.666	16.234	15.639	15.849	415.42	415.34
12:37:22	16.088	15.696	15.661	16.167	15.643	15.856	415.42	415.34
12:38:22	16.088	15.698	15.654	16.1	15.639	15.847	415.42	415.34
12:39:22	16.088	15.696	15.659	16.105	15.638	15.839	415.42	415.34
12:40:22	16.088	15.696	15.663	16.14	15.632	15.843	415.42	415.34
12:41:22	16.089	15.697	15.661	16.156	15.632	15.84	415.42	415.34
12:42:22	16.088	15.696	15.657	16.155	15.628	15.838	415.42	415.34
12:43:22	16.088	15.696	15.658	16.074	15.628	15.843	415.42	415.34
12:44:22	16.089	15.694	15.654	15.99	15.629	15.827	415.42	415.34
12:45:22	16.088	15.694	15.648	16.134	15.619	15.824	415.42	415.34
12:46:22	16.089	15.694	15.65	16.242	15.626	15.837	415.42	415.34
12:47:22	16.09	15.696	15.656	16.259	15.631	15.844	415.42	415.34
12:48:22	16.088	15.696	15.664	16.213	15.634	15.848	415.42	415.34
12:49:22	16.089	15.695	15.662	16.215	15.637	15.849	415.42	415.34
12:50:22	16.09	15.695	15.662	16.202	15.636	15.849	415.42	415.34
12:51:22	16.09	15.695	15.662	16.21	15.637	15.853	415.42	415.34
12:52:22	16.088	15.693	15.673	16.261	15.638	15.853	415.42	415.34
12:53:22	16.09	15.696	15.679	16.288	15.642	15.857	415.42	415.34
12:54:22	16.089	15.696	15.675	16.324	15.647	15.859	415.42	415.34
12:55:22	16.09	15.696	15.674	16.343	15.651	15.867	415.42	415.34
12:56:22	16.091	15.697	15.685	16.358	15.658	15.875	415.42	415.34
12:57:22	16.088	15.696	15.682	16.346	15.663	15.877	415.42	415.34
12:58:22	16.09	15.696	15.693	16.347	15.663	15.879	415.42	415.34
12:59:22	16.09	15.697	15.701	16.383	15.665	15.883	415.42	415.34
13:00:22	16.089	15.696	15.7	16.368	15.671	15.888	415.42	415.34
13:01:22	16.091	15.696	15.694	16.26	15.67	15.879	415.42	415.34
13:02:22	16.09	15.694	15.685	16.13	15.665	15.876	415.42	415.34
13:03:22	16.089	15.694	15.662	16.021	15.651	15.853	415.42	415.34
13:04:22	16.09	15.692	15.663	15.908	15.636	15.834	415.42	415.34
13:05:22	16.09	15.692	15.658	15.895	15.617	15.819	415.42	415.34
13:06:22	16.089	15.693	15.646	15.954	15.61	15.817	415.42	415.34
13:07:22	16.089	15.691	15.64	16.012	15.605	15.815	415.42	415.34
13:08:22	16.09	15.692	15.639	16.029	15.61	15.82	415.42	415.34
13:09:22	16.091	15.693	15.645	16.065	15.611	15.814	415.42	415.34
13:10:22	16.091	15.692	15.647	16.131	15.607	15.821	415.42	415.34
13:11:23	16.089	15.694	15.639	16.176	15.616	15.827	415.42	415.34
13:12:22	0.0	15.694	15.651	16.171	15.623	15.838	415.42	415.34
13:13:22	16.091	15.695	15.649	16.16	15.626	15.833	415.42	415.34
13:14:22	16.091	15.697	15.664	16.163	15.628	15.838	415.42	415.34
13:15:22	16.09	15.696	15.668	16.146	15.627	15.84	415.42	415.34
13:16:22	16.091	15.696	15.658	16.144	15.629	15.837	415.42	415.34
13:17:22	16.091	15.696	15.648	16.144	15.626	15.835	415.42	415.34
13:18:22	16.091	15.697	15.644	16.182	15.629	15.831	415.42	415.34
13:19:22	16.091	15.697	15.644	16.221	15.625	15.834	415.42	415.34
13:20:22	16.09	15.697	15.654	16.201	15.63	15.841	415.42	415.34
13:21:22	16.091	15.694	15.658	16.151	15.631	15.844	415.42	415.34
13:22:22	16.09	15.696	15.65	16.11	15.628	15.826	415.42	415.34
13:23:22	16.091	15.696	15.643	16.087	15.622	15.829	415.42	415.34
13:24:23	16.09	15.695	15.637	16.09	15.624	15.822	415.42	415.34
13:25:22	0.0	15.693	15.645	16.049	15.615	15.821	415.42	415.34
13:26:22	16.09	15.692	15.642	15.97	15.613	15.822	415.42	415.34
13:27:24	16.09	15.692	15.636	15.907	15.61	15.804	415.42	415.34
13:28:24	16.091	15.693	15.628	15.895	15.599	15.795	415.42	415.34
13:29:24	16.09	15.693	15.619	15.934	15.591	15.787	415.42	415.34
13:30:24	16.092	15.694	15.625	16.0	15.588	15.789	415.42	415.34
13:31:24	16.091	15.694	15.624	16.063	15.589	15.791	415.42	415.34
13:32:24	16.091	15.694	15.616	16.132	15.595	15.803	415.42	415.34
13:33:24	16.091	15.693	15.626	16.195	15.602	15.821	415.42	415.34
13:34:24	16.091	15.694	15.641	16.215	15.614	15.824	415.42	415.34
13:35:24	16.091	15.694	15.645	16.215	15.619	15.829	415.42	415.34
13:36:24	16.092	15.696	15.641	16.248	15.623	15.837	415.42	415.34
13:37:24	16.091	15.696	15.646	16.271	15.628	15.843	415.42	415.34
13:38:24	16.092	15.696	15.658	16.317	15.634	15.851	415.42	415.34
13:39:24	16.091	15.697	15.657	16.318	15.638	15.854	415.42	415.34
13:40:24	16.091	15.697	15.65	16.255	15.644	15.853	415.42	415.34
13:41:24	16.092	15.698	15.649	16.207	15.64	15.853	415.42	415.34
13:42:24	16.092	15.698	15.644	16.183	15.632	15.844	415.42	415.34
13:43:24	16.091	15.699	15.661	16.197	15.632	15.848	415.42	415.34
13:44:24	16.091	15.698	15.656	16.217	15.634	15.847	415.42	415.34
13:45:24	16.092	15.698	15.663	16.233	15.635	15.846	415.42	415.34
13:46:24	16.092	15.699	15.657	16.264	15.636	15.846	415.42	415.34
13:47:24	16.092	15.699	15.66	16.299	15.639	15.853	415.42	415.34
13:48:24	16.092	15.7	15.67	16.333	15.641	15.859	415.42	415.34
13:49:24	16.092	15.699	15.674	16.331	15.648	15.867	415.42	415.34
13:50:24	16.092	15.7	15.672	16.327	15.652	15.87	415.42	415.34
13:51:24	16.091	15.7	15.666	16.3	15.657	15.874	415.42	415.34
13:52:24	16.092	15.701	15.664	16.258	15.655	15.866	415.42	415.34
13:53:24	16.092	15.701	15.665	16.174	15.651	15.862	415.42	415.34
13:54:24	16.091	15.701	15.66	16.108	15.65	15.853	415.42	415.34
13:55:24	16.093	15.7	15.669	16.125	15.64	15.85	415.42	415.34
13:56:24	16.092	15.701	15.664	16.156	15.638	15.851	415.42	415.34
13:57:24	16.092	15.701	15.664	16.182	15.637	15.846	415.42	415.34
13:58:24	16.092	15.699	15.666	16.233	15.639	15.849	415.42	415.34
13:59:24	16.092	15.698	15.668	16.32	15.644	15.855	415.42	415.34
14:00:24	16.092	15.698	15.672	16.339	15.65	15.864	415.42	415.34
14:01:24	16.093	15.698	15.67	16.222	15.653	15.866	415.42	415.34
14:02:24	16.092	15.699	15.672	16.159	15.648	15.856	415.42	415.34
14:03:24	16.093	15.7	15.676	16.155	15.646	15.853	415.42	415.34
14:04:24	16.094	15.7	15.675	16.124	15.641	15.847	415.42	415.34
14:05:24	16.093	15.699	15.674	16.156	15.642	15.848	415.42	415.34
14:06:24	16.092	15.7	15.679	16.172	15.642	15.85	415.42	415.34
14:07:24	16.092	15.701	15.67	16.155	15.645	15.854	415.42	415.34
14:08:24	16.093	15.7	15.664	16.014	15.638	15.844	415.42	415.34
14:09:24	16.094	15.699	15.657	16.104	15.625	15.831	415.42	415.34
14:10:24	16.093	15.699	15.665	16.244	15.626	15.833	415.42	415.34
14:11:24	16.093	15.7	15.668	16.34	15.636	15.85	415.42	415.34
14:12:24	16.092	15.7	15.672	16.39	15.646	15.862	415.42	415.34
14:13:24	16.091	15.7	15.682	16.46	15.656	15.875	415.42	415.34
14:14:24	16.092	15.701	15.69	16.497	15.663	15.887	415.42	415.34
14:15:24	16.092	15.7	15.692	16.526	15.672	15.894	415.42	415.34
14:16:24	16.093	15.699	15.697	16.508	15.68	15.902	415.42	415.34
14:17:24	16.092	15.7	15.696	16.403	15.686	15.902	415.42	415.34
14:18:24	16.094	15.7	15.688	16.277	15.684	15.9	415.42	415.34
14:19:24	16.093	15.7	15.684	16.243	15.673	15.888	415.42	415.34
14:20:24	16.093	15.702	15.683	16.245	15.669	15.873	415.42	415.34
14:21:24	16.093	15.703	15.686	16.252	15.663	15.876	415.42	415.34
14:22:24	16.094	15.703	15.692	16.238	15.664	15.872	415.42	415.34
14:23:24	16.095	15.705	15.687	16.222	15.665	15.87	415.42	415.34
14:24:24	16.093	15.705	15.682	16.175	15.658	15.862	415.42	415.34
14:25:24	16.093	15.703	15.672	16.057	15.65	15.858	415.42	415.34
14:26:24	16.093	15.702	15.664	15.969	15.646	15.838	415.42	415.34
14:27:24	16.093	15.701	15.651	15.919	15.632	15.822	415.42	415.34
14:28:24	16.093	15.7	15.622	15.957	15.622	15.81	415.42	415.34
14:29:24	16.095	15.7	15.626	16.057	15.612	15.81	415.42	415.34
14:30:24	16.094	15.7	15.627	16.132	15.617	15.823	415.42	415.34
14:31:24	16.095	15.7	15.635	16.17	15.62	15.831	415.42	415.34
14:32:24	16.095	15.698	15.642	16.195	15.623	15.834	415.42	415.34
14:33:24	16.094	15.7	15.657	16.237	15.634	15.849	415.42	415.34
14:34:24	16.094	15.702	15.668	16.286	15.641	15.854	415.42	415.34
14:35:24	16.095	15.701	15.671	16.259	15.645	15.862	415.42	415.34
14:36:24	16.093	15.701	15.669	16.157	15.647	15.86	415.42	415.34
14:37:24	16.095	15.702	15.66	16.038	15.644	15.838	415.42	415.34
14:38:24	16.094	15.702	15.646	16.002	15.638	15.834	415.42	415.34
14:39:24	16.095	15.702	15.64	16.022	15.623	15.828	415.42	415.34
14:40:24	16.096	15.702	15.646	16.069	15.627	15.825	415.42	415.34
14:41:24	16.096	15.702	15.657	16.111	15.622	15.826	415.42	415.34
14:42:24	16.096	15.7	15.665	16.128	15.622	15.826	415.42	415.34
14:43:24	16.095	15.702	15.671	16.152	15.624	15.837	415.42	415.34
14:44:24	16.096	15.703	15.678	16.212	15.629	15.843	415.42	415.34
14:45:24	16.096	15.703	15.686	16.235	15.634	15.846	415.42	415.34
14:46:24	16.096	15.704	15.688	16.243	15.638	15.85	415.42	415.34
14:47:24	16.097	15.705	15.685	16.226	15.645	15.855	415.42	415.34
14:48:24	16.096	15.705	15.672	16.163	15.646	15.855	415.42	415.34
14:49:24	16.096	15.703	15.665	16.175	15.637	15.845	415.42	415.34
14:50:24	16.094	15.703	15.666	16.23	15.64	15.85	415.42	415.34
14:51:24	16.096	15.703	15.671	16.291	15.644	15.853	415.42	415.34
14:52:24	16.096	15.704	15.678	16.287	15.647	15.863	415.42	415.34
14:53:24	16.096	15.705	15.685	16.216	15.653	15.863	415.42	415.34
14:54:24	16.096	15.704	15.667	16.075	15.646	15.852	415.42	415.34
14:55:24	16.096	15.704	15.645	16.064	15.637	15.833	415.42	415.34
14:56:24	16.096	15.704	15.647	16.15	15.631	15.832	415.42	415.34
14:57:24	16.096	15.703	15.652	16.196	15.632	15.84	415.42	415.34
14:58:24	16.097	15.703	15.657	16.157	15.638	15.852	415.42	415.34
14:59:24	16.097	15.703	15.652	16.189	15.636	15.845	415.42	415.34
15:00:24	16.096	15.703	15.662	16.233	15.638	15.85	415.42	415.34
15:01:24	16.097	15.702	15.667	16.24	15.64	15.855	415.42	415.34
15:02:24	16.096	15.702	15.663	16.216	15.644	15.855	415.42	415.34
15:03:24	16.097	15.702	15.672	16.147	15.643	15.844	415.42	415.34
15:04:24	16.096	15.702	15.673	16.085	15.633	15.842	415.42	415.34
15:05:24	16.097	15.7	15.668	16.053	15.639	15.842	415.42	415.34
15:06:24	16.097	15.7	15.654	16.013	15.621	15.824	415.42	415.34
15:07:24	16.097	15.701	15.641	15.981	15.617	15.82	415.42	415.34
15:08:24	16.096	15.703	15.626	15.963	15.617	15.81	415.42	415.34
15:09:24	16.098	15.702	15.626	15.982	15.608	15.811	415.42	415.34
15:10:24	16.097	15.703	15.628	16.026	15.605	15.806	415.42	415.34
15:11:24	16.097	15.702	15.624	16.084	15.61	15.815	415.42	415.34
15:12:24	16.098	15.702	15.628	16.113	15.612	15.82	415.42	415.34
15:13:24	16.096	15.701	15.649	16.117	15.618	15.83	415.42	415.34
15:14:24	16.097	15.702	15.665	16.126	15.615	15.828	415.42	415.34
15:15:24	16.096	15.701	15.658	16.127	15.615	15.826	415.42	415.34
15:16:24	16.096	15.7	15.646	16.127	15.622	15.825	415.42	415.34
15:17:24	16.096	15.698	15.638	16.145	15.619	15.823	415.42	415.34
15:18:24	16.096	15.699	15.641	16.131	15.62	15.822	415.42	415.34
15:19:24	16.096	15.698	15.638	16.066	15.616	15.831	415.42	415.34
15:20:24	16.097	15.697	15.64	16.055	15.616	15.822	415.42	415.34
15:21:24	16.096	15.699	15.643	16.12	15.615	15.826	415.42	415.34
15:22:24	16.095	15.698	15.64	16.205	15.622	15.828	415.42	415.34
15:23:24	16.098	15.698	15.645	16.245	15.627	15.843	415.42	415.34
15:24:24	16.097	15.698	15.647	16.161	15.633	15.851	415.42	415.34
15:25:24	16.096	15.701	15.639	16.09	15.633	15.839	415.42	415.34
15:26:24	16.096	15.703	15.644	16.019	15.624	15.824	415.42	415.34
15:27:24	16.097	15.703	15.637	16.047	15.615	15.817	415.42	415.34
15:28:24	16.097	15.703	15.63	16.146	15.617	15.822	415.42	415.34
15:29:24	16.097	15.703	15.637	16.289	15.622	15.834	415.42	415.34
15:30:24	16.097	15.704	15.657	16.381	15.638	15.851	415.42	415.34
15:31:24	16.097	15.703	15.665	16.441	15.648	15.871	415.42	415.34
15:32:24	16.098	15.704	15.665	16.373	15.657	15.873	415.42	415.34
15:33:24	16.098	15.704	15.665	16.319	15.661	15.88	415.42	415.34
15:34:24	16.098	15.705	15.664	16.266	15.661	15.876	415.42	415.34
15:35:24	16.099	15.702	15.661	16.205	15.654	15.865	415.42	415.34
15:36:24	16.099	15.702	15.658	16.12	15.654	15.857	415.42	415.34
15:37:24	16.097	15.703	15.652	16.03	15.645	15.849	415.42	415.34
15:38:24	16.098	15.703	15.643	16.0	15.64	15.83	415.42	415.34
15:39:24	16.098	15.704	15.634	15.993	15.63	15.835	415.42	415.34
15:40:24	16.098	15.704	15.625	16.002	15.624	15.822	415.42	415.34
15:41:24	16.098	15.705	15.616	16.04	15.621	15.819	415.42	415.34
15:42:24	16.098	15.708	15.627	16.099	15.623	15.828	415.42	415.34
15:43:24	16.099	15.707	15.647	16.162	15.623	15.833	415.42	415.34
15:44:24	16.098	15.707	15.651	16.184	15.628	15.841	415.42	415.34
15:45:24	16.098	15.707	15.649	16.163	15.635	15.841	415.42	415.34
15:46:24	16.098	15.706	15.648	16.12	15.638	15.845	415.42	415.34
15:47:24	16.098	15.704	15.645	16.093	15.631	15.836	415.42	415.34
15:48:24	16.099	15.704	15.647	16.086	15.63	15.836	415.42	415.34
15:49:24	16.1	15.706	15.644	16.075	15.624	15.829	415.42	415.34
15:50:24	16.099	15.706	15.632	16.073	15.624	15.826	415.42	415.34
15:51:24	16.098	15.707	15.645	16.096	15.621	15.828	415.42	415.34
15:52:24	16.099	15.708	15.648	16.207	15.624	15.832	415.42	415.34
15:53:24	16.098	15.704	15.653	16.286	15.631	15.852	415.42	415.34
15:54:24	16.098	15.704	15.661	16.294	15.64	15.856	415.42	415.34
15:55:24	16.099	15.705	15.668	16.34	15.648	15.86	415.42	415.34
15:56:24	16.099	15.705	15.665	16.346	15.653	15.868	415.42	415.34
15:57:24	16.098	15.704	15.668	16.281	15.657	15.874	415.42	415.34
15:58:24	16.098	15.703	15.662	16.242	15.657	15.87	415.42	415.34
15:59:24	16.098	15.702	15.664	16.168	15.655	15.869	415.42	415.34
16:00:24	16.099	15.702	15.672	16.111	15.652	15.86	415.42	415.34
16:01:24	16.099	15.702	15.659	16.093	15.646	15.85	415.42	415.34
16:02:24	16.1	15.703	15.65	16.017	15.647	15.855	415.42	415.34
16:03:24	16.099	15.702	15.64	16.019	15.634	15.845	415.42	415.34
16:04:24	16.098	15.703	15.644	16.139	15.634	15.835	415.42	415.34
16:05:24	16.098	15.701	15.661	16.205	15.635	15.853	415.42	415.34
16:06:24	16.099	15.704	15.67	16.233	15.639	15.855	415.42	415.34
16:07:24	16.099	15.703	15.672	16.229	15.643	15.861	415.42	415.34
16:08:24	16.099	15.703	15.66	16.179	15.643	15.852	415.42	415.34
16:09:24	16.099	15.703	15.651	16.151	15.642	15.852	415.42	415.34
16:10:24	16.098	15.702	15.65	16.145	15.639	15.851	415.42	415.34
16:11:24	16.098	15.702	15.651	16.134	15.639	15.85	415.42	415.34
16:12:24	16.098	15.7	15.664	16.142	15.639	15.844	415.42	415.34
16:13:24	16.098	15.701	15.659	16.194	15.64	15.848	415.42	415.34
16:14:24	16.099	15.702	15.659	16.237	15.643	15.857	415.42	415.34
16:15:24	16.098	15.701	15.664	16.259	15.647	15.859	415.42	415.34
16:16:24	16.098	15.7	15.67	16.274	15.65	15.866	415.42	415.34
16:17:24	16.098	15.699	15.677	16.307	15.657	15.87	415.42	415.34
16:18:24	16.099	15.699	15.674	16.282	15.659	15.874	415.42	415.34
16:19:24	16.099	15.699	15.666	16.261	15.661	15.874	415.42	415.34
16:20:24	16.099	15.699	15.673	16.215	15.659	15.869	415.42	415.34
16:21:24	16.098	15.699	15.678	16.201	15.655	15.862	415.42	415.34
16:22:24	16.098	15.7	15.666	16.191	15.651	15.861	415.42	415.34
16:23:24	16.099	15.699	15.661	16.192	15.651	15.86	415.42	415.34
16:24:24	16.1	15.697	15.659	16.201	15.648	15.869	415.42	415.34
16:25:24	16.099	15.699	15.655	16.142	15.653	15.856	415.42	415.34
16:26:24	16.098	15.699	15.654	16.146	15.644	15.848	415.42	415.34
16:27:24	16.099	15.7	15.668	16.181	15.644	15.856	415.42	415.34
16:28:24	16.098	15.699	15.678	16.193	15.647	15.861	415.42	415.34
16:29:24	16.099	15.699	15.682	16.193	15.65	15.862	415.42	415.34
16:30:24	16.098	15.699	15.682	16.189	15.651	15.866	415.42	415.34
16:31:24	16.098	15.698	15.664	16.182	15.654	15.861	415.42	415.34
16:32:24	16.098	15.699	15.67	16.182	15.648	15.858	415.42	415.34
16:33:24	16.099	15.698	15.667	16.193	15.652	15.86	415.42	415.34
16:34:24	16.098	15.698	15.667	16.184	15.649	15.852	415.42	415.34
16:35:24	16.098	15.697	15.655	16.168	15.642	15.847	415.42	415.34
16:36:24	16.098	15.698	15.634	16.134	15.636	15.826	415.42	415.34
16:37:24	16.098	15.696	15.619	16.118	15.621	15.81	415.42	415.34
16:38:24	16.098	15.696	15.616	16.122	15.619	15.815	415.42	415.34
16:39:24	16.098	15.696	15.622	16.128	15.615	15.818	415.42	415.34
16:40:24	16.098	15.698	15.627	16.144	15.619	15.829	415.42	415.34
16:41:24	16.098	15.696	15.636	16.283	15.624	15.83	415.42	415.34
16:42:24	16.098	15.695	15.647	16.394	15.634	15.85	415.42	415.34
16:43:24	16.098	15.696	15.663	16.409	15.65	15.873	415.42	415.34
16:44:24	16.098	15.695	15.67	16.384	15.656	15.88	415.42	415.34
16:45:24	16.098	15.696	15.676	16.371	15.667	15.885	415.42	415.34
16:46:24	16.098	15.695	15.68	16.341	15.668	15.884	415.42	415.34
16:47:24	16.098	15.695	15.676	16.315	15.668	15.885	415.42	415.34
16:48:24	16.097	15.694	15.676	16.266	15.669	15.883	415.42	415.34
16:49:24	16.097	15.695	15.668	16.234	15.668	15.877	415.42	415.34
16:50:24	16.097	15.693	15.666	16.22	15.662	15.872	415.42	415.34
16:51:25	16.098	15.693	15.654	16.099	15.659	15.864	415.42	415.34
16:52:24	0.0	15.692	15.632	16.022	15.652	15.852	415.42	415.34
16:53:24	16.098	15.691	15.636	16.019	15.645	15.842	415.42	415.34
16:54:24	16.097	15.692	15.651	16.083	15.634	15.844	415.42	415.34
16:55:24	16.098	15.691	15.648	16.177	15.639	15.847	415.42	415.34
16:56:24	16.098	15.691	15.65	16.18	15.641	15.86	415.42	415.34
16:57:24	16.098	15.693	15.657	16.142	15.649	15.861	415.42	415.34
16:58:24	16.097	15.692	15.656	16.148	15.645	15.854	415.42	415.34
16:59:24	16.098	15.692	15.655	16.158	15.646	15.849	415.42	415.34
17:00:24	16.097	15.691	15.654	16.159	15.646	15.859	415.42	415.34
17:01:24	16.098	15.691	15.655	16.154	15.647	15.853	415.42	415.34
17:02:24	16.098	15.691	15.648	16.153	15.643	15.86	415.42	415.34
17:03:24	16.097	15.692	15.652	16.19	15.644	15.855	415.42	415.34
17:04:24	16.098	15.691	15.655	16.259	15.649	15.857	415.42	415.34
17:05:24	16.097	15.693	15.658	16.277	15.653	15.87	415.42	415.34
17:06:24	16.097	15.693	15.659	16.206	15.657	15.869	415.42	415.34
17:07:24	16.096	15.693	15.65	16.088	15.654	15.859	415.42	415.34
17:08:24	16.097	15.691	15.657	16.024	15.645	15.855	415.42	415.34
17:09:24	16.097	15.692	15.647	16.054	15.64	15.837	415.42	415.34
17:10:24	16.097	15.691	15.649	16.172	15.636	15.844	415.42	415.34
17:11:24	16.097	15.692	15.659	16.249	15.642	15.856	415.42	415.34
17:12:24	16.097	15.691	15.664	16.258	15.65	15.864	415.42	415.34
17:13:24	16.096	15.691	15.662	16.194	15.652	15.866	415.42	415.34
17:14:24	16.097	15.691	15.667	16.193	15.652	15.866	415.42	415.34
17:15:24	16.097	15.689	15.67	16.281	15.651	15.861	415.42	415.34
17:16:24	16.098	15.689	15.677	16.329	15.659	15.875	415.42	415.34
17:17:24	16.096	15.687	15.679	16.286	15.665	15.881	415.42	415.34
17:18:24	16.097	15.688	15.678	16.168	15.666	15.878	415.42	415.34
17:19:24	16.096	15.687	15.667	16.062	15.661	15.864	415.42	415.34
17:20:24	16.097	15.688	15.645	15.95	15.655	15.851	415.42	415.34
17:21:24	16.096	15.688	15.629	15.93	15.637	15.826	415.42	415.34
17:22:24	16.096	15.69	15.627	15.981	15.628	15.83	415.42	415.34
17:23:24	16.096	15.689	15.636	16.061	15.627	15.826	415.42	415.34
17:24:24	16.097	15.691	15.655	16.179	15.632	15.843	415.42	415.34
17:25:24	16.096	15.691	15.657	16.277	15.639	15.85	415.42	415.34
17:26:24	16.096	15.688	15.653	16.272	15.644	15.858	415.42	415.34
17:27:24	16.096	15.689	15.658	16.312	15.651	15.864	415.42	415.34
17:28:24	16.096	15.688	15.663	16.342	15.656	15.873	415.42	415.34
17:29:24	16.096	15.687	15.668	16.335	15.665	15.88	415.42	415.34
17:30:24	16.096	15.687	15.675	16.373	15.667	15.883	415.42	415.34
17:31:24	16.096	15.687	15.683	16.365	15.671	15.889	415.42	415.34
17:32:24	16.096	15.687	15.689	16.331	15.673	15.889	415.42	415.34
17:33:24	16.096	15.688	15.686	16.216	15.673	15.884	415.42	415.34
17:34:24	16.096	15.688	15.675	16.087	15.665	15.865	415.42	415.34
17:35:24	16.096	15.687	15.663	16.017	15.651	15.851	415.42	415.34
17:36:24	16.097	15.689	15.664	15.995	15.642	15.844	415.42	415.34
17:37:24	16.097	15.688	15.671	15.996	15.64	15.835	415.42	415.34
17:38:24	16.096	15.688	15.675	16.012	15.632	15.839	415.42	415.34
17:39:24	16.096	15.687	15.686	16.107	15.634	15.834	415.42	415.34
17:40:24	16.096	15.686	15.683	16.206	15.636	15.843	415.42	415.34
17:41:24	16.096	15.686	15.678	16.268	15.642	15.858	415.42	415.34
17:42:24	16.096	15.684	15.673	16.281	15.649	15.865	415.42	415.34
17:43:24	16.097	15.685	15.673	16.267	15.654	15.866	415.42	415.34
17:44:24	16.096	15.684	15.681	16.222	15.654	15.865	415.42	415.34
17:45:24	16.096	15.685	15.676	16.177	15.659	15.869	415.42	415.34
17:46:24	16.095	15.684	15.667	16.164	15.654	15.862	415.42	415.34
17:47:24	16.096	15.685	15.674	16.182	15.652	15.859	415.42	415.34
17:48:24	16.096	15.686	15.673	16.209	15.645	15.861	415.42	415.34
17:49:24	16.096	15.688	15.675	16.168	15.649	15.862	415.42	415.34
17:50:24	16.095	15.686	15.666	16.09	15.649	15.86	415.42	415.34
17:51:24	16.095	15.685	15.655	16.051	15.641	15.846	415.42	415.34
17:52:24	16.095	15.688	15.652	16.098	15.637	15.839	415.42	415.34
17:53:24	16.096	15.688	15.668	16.173	15.638	15.844	415.42	415.34
17:54:24	16.096	15.688	15.682	16.235	15.643	15.855	415.42	415.34
17:55:24	16.096	15.686	15.686	16.256	15.65	15.864	415.42	415.34
17:56:24	16.095	15.687	15.692	16.201	15.655	15.868	415.42	415.34
17:57:24	16.095	15.687	15.695	16.17	15.655	15.862	415.42	415.34
17:58:24	16.094	15.688	15.698	16.242	15.651	15.859	415.42	415.34
17:59:24	16.096	15.688	15.702	16.275	15.657	15.874	415.42	415.34
18:00:24	16.095	15.687	15.692	16.239	15.661	15.876	415.42	415.34
18:01:24	16.095	15.689	15.684	16.134	15.661	15.869	415.42	415.34
18:02:24	16.095	15.688	15.659	16.006	15.649	15.858	415.42	415.34
18:03:24	16.095	15.685	15.646	15.957	15.636	15.831	415.42	415.34
18:04:24	16.095	15.687	15.653	15.946	15.624	15.822	415.42	415.34
18:05:24	16.095	15.687	15.653	16.059	15.619	15.822	415.42	415.34
18:06:24	16.095	15.687	15.669	16.184	15.624	15.842	415.42	415.34
18:07:24	16.095	15.687	15.68	16.283	15.636	15.847	415.42	415.34
18:08:24	16.095	15.687	15.691	16.304	15.645	15.863	415.42	415.34
18:09:24	16.095	15.685	15.681	16.24	15.652	15.865	415.42	415.34
18:10:24	16.095	15.686	15.676	16.226	15.653	15.866	415.42	415.34
18:11:24	16.095	15.685	15.674	16.289	15.654	15.869	415.42	415.34
18:12:24	16.095	15.686	15.673	16.315	15.656	15.872	415.42	415.34
18:13:24	16.095	15.685	15.675	16.308	15.659	15.872	415.42	415.34
18:14:24	16.095	15.682	15.678	16.276	15.659	15.872	415.42	415.34
18:15:24	16.095	15.683	15.686	16.245	15.659	15.872	415.42	415.34
18:16:24	16.093	15.681	15.682	16.195	15.659	15.872	415.42	415.34
18:17:24	16.094	15.681	15.68	16.159	15.655	15.86	415.42	415.34
18:18:24	16.094	15.679	15.678	16.14	15.649	15.855	415.42	415.34
18:19:24	16.095	15.68	15.683	16.116	15.645	15.853	415.42	415.34
18:20:24	16.094	15.681	15.685	16.096	15.644	15.851	415.42	415.34
18:21:24	16.095	15.679	15.676	16.106	15.638	15.851	415.42	415.34
18:22:24	16.095	15.681	15.671	16.119	15.642	15.847	415.42	415.34
18:23:24	16.094	15.679	15.664	16.09	15.639	15.84	415.42	415.34
18:24:24	16.095	15.679	15.659	16.107	15.635	15.841	415.42	415.34
18:25:24	16.093	15.679	15.659	16.095	15.634	15.844	415.42	415.34
18:26:24	16.094	15.679	15.644	16.021	15.631	15.839	415.42	415.34
18:27:24	16.095	15.68	15.646	16.035	15.635	15.84	415.42	415.34
18:28:24	16.093	15.678	15.644	16.04	15.629	15.832	415.42	415.34
18:29:24	16.094	15.68	15.645	16.041	15.63	15.828	415.42	415.34
18:30:24	16.094	15.679	15.64	16.035	15.624	15.837	415.42	415.34
18:31:24	16.093	15.68	15.642	16.082	15.622	15.824	415.42	415.34
18:32:24	16.093	15.68	15.648	16.149	15.626	15.836	415.42	415.34
18:33:24	16.093	15.681	15.658	16.2	15.635	15.844	415.42	415.34
18:34:24	16.093	15.68	15.67	16.215	15.639	15.85	415.42	415.34
18:35:24	16.093	15.681	15.675	16.236	15.642	15.856	415.42	415.34
18:36:24	16.093	15.678	15.669	16.232	15.647	15.856	415.42	415.34
18:37:24	16.092	15.677	15.667	16.288	15.646	15.862	415.42	415.34
18:38:24	16.092	15.679	15.674	16.335	15.654	15.867	415.42	415.34
18:39:24	16.092	15.678	15.683	16.303	15.66	15.876	415.42	415.34
18:40:24	16.092	15.678	15.683	16.224	15.659	15.877	415.42	415.34
18:41:24	16.091	15.677	0.0	16.145	15.655	15.865	415.42	415.34
18:42:24	16.092	15.678	15.667	16.12	15.651	15.861	415.42	415.34
18:43:24	16.092	15.679	15.67	16.086	15.646	15.853	415.42	415.34
18:44:24	16.092	15.677	15.668	16.034	15.64	15.847	415.42	415.34
18:45:24	16.092	15.678	15.662	16.083	15.636	15.843	415.42	415.34
18:46:24	16.091	15.677	15.665	16.186	15.637	15.845	415.42	415.34
18:47:24	16.092	15.679	15.665	16.277	15.642	15.856	415.42	415.34
18:48:24	16.092	15.679	15.681	16.278	15.652	15.867	415.42	415.34
18:49:24	16.092	15.678	15.692	16.229	15.655	15.869	415.42	415.34
18:50:24	16.092	15.678	15.69	16.146	15.651	15.862	415.42	415.34
18:51:24	16.091	15.678	15.674	16.067	15.644	15.849	415.42	415.34
18:52:24	16.092	15.677	15.669	16.074	15.646	15.839	415.42	415.34
18:53:24	16.091	15.678	15.665	16.123	15.64	15.844	415.42	415.34
18:54:24	16.092	15.677	15.662	16.127	15.642	15.843	415.42	415.34
18:55:24	16.092	15.675	15.651	16.078	15.638	15.848	415.42	415.34
18:56:24	16.091	15.676	15.659	16.031	15.632	15.835	415.42	415.34
18:57:24	16.091	15.677	15.651	16.066	15.632	15.838	415.42	415.34
18:58:24	16.092	15.677	15.657	16.156	15.629	15.84	415.42	415.34
18:59:24	16.09	15.677	15.661	16.18	15.632	15.849	415.42	415.34
19:00:24	16.091	15.678	15.66	16.138	15.637	15.857	415.42	415.34
19:01:24	16.091	15.678	15.668	16.153	15.64	15.847	415.42	415.34
19:02:24	16.092	15.677	15.665	16.256	15.639	15.852	415.42	415.34
19:03:24	16.091	15.678	15.67	16.29	15.645	15.866	415.42	415.34
19:04:24	16.091	15.679	15.684	16.272	15.653	15.867	415.42	415.34
19:05:24	16.091	15.68	15.691	16.225	15.656	15.868	415.42	415.34
19:06:24	16.091	15.677	15.685	16.143	15.65	15.865	415.42	415.34
19:07:24	16.091	15.679	15.672	16.08	15.649	15.853	415.42	415.34
19:08:24	16.091	15.679	15.673	16.015	15.644	15.844	415.42	415.34
19:09:24	16.091	15.679	15.655	16.043	15.636	15.838	415.42	415.34
19:10:24	16.091	15.678	15.656	16.124	15.636	15.835	415.42	415.34
19:11:24	16.091	15.677	15.662	16.174	15.638	15.849	415.42	415.34
19:12:24	16.091	15.679	15.668	16.218	15.641	15.851	415.42	415.34
19:13:24	16.091	15.678	15.669	16.263	15.646	15.856	415.42	415.34
19:14:24	16.091	15.681	15.672	16.279	15.652	15.869	415.42	415.34
19:15:24	16.09	15.679	15.68	16.3	15.656	15.874	415.42	415.34
19:16:24	16.091	15.678	15.684	16.339	15.658	15.879	415.42	415.34
19:17:24	16.091	15.676	15.687	16.337	15.667	15.883	415.42	415.34
19:18:24	16.09	15.678	15.698	16.343	15.669	15.887	415.42	415.34
19:19:24	16.09	15.679	15.701	16.35	15.672	15.888	415.42	415.34
19:20:24	16.089	15.679	15.696	16.359	15.673	15.889	415.42	415.34
19:21:24	16.09	15.678	15.692	16.281	15.676	15.894	415.42	415.34
19:22:24	16.091	15.677	15.682	16.158	15.673	15.884	415.42	415.34
19:23:24	16.091	15.678	15.681	16.094	15.666	15.859	415.42	415.34
19:24:24	16.09	15.678	15.674	16.025	15.65	15.855	415.42	415.34
19:25:24	16.091	15.678	15.668	15.962	15.64	15.835	415.42	415.34
19:26:24	16.09	15.679	15.652	15.975	15.628	15.837	415.42	415.34
19:27:24	16.091	15.679	15.652	16.023	15.624	15.831	415.42	415.34
19:28:24	16.09	15.68	15.653	16.096	15.631	15.83	415.42	415.34
19:29:24	16.09	15.68	15.666	16.192	15.635	15.845	415.42	415.34
19:30:24	16.09	15.68	15.669	16.27	15.639	15.849	415.42	415.34
19:31:24	16.089	15.681	15.673	16.383	15.647	15.863	415.42	415.34
19:32:24	16.09	15.68	15.676	16.45	15.661	15.881	415.42	415.34
19:33:24	16.09	15.681	15.691	16.417	15.673	15.895	415.42	415.34
19:34:24	16.089	15.681	15.69	16.345	15.679	15.897	415.42	415.34
19:35:24	16.09	15.68	15.694	16.248	15.675	15.888	415.42	415.34
19:36:24	16.09	15.681	15.698	16.262	15.671	15.878	415.42	415.34
19:37:24	16.09	15.681	15.69	16.319	15.669	15.886	415.42	415.34
19:38:24	16.091	15.68	15.691	16.314	15.674	15.889	415.42	415.34
19:39:24	16.09	15.68	15.688	16.273	15.677	15.893	415.42	415.34
19:40:24	16.089	15.679	15.684	16.208	15.674	15.886	415.42	415.34
19:41:24	16.09	15.679	15.678	16.159	15.665	15.87	415.42	415.34
19:42:24	16.089	15.68	15.668	16.118	15.661	15.866	415.42	415.34
19:43:24	16.09	15.681	15.668	16.13	15.661	15.861	415.42	415.34
19:44:24	16.089	15.681	15.668	16.125	15.66	15.863	415.42	415.34
19:45:24	16.089	15.68	15.673	16.101	15.653	15.856	415.42	415.34
19:46:24	16.091	15.678	15.677	16.114	15.647	15.853	415.42	415.34
19:47:24	16.089	15.678	15.671	16.084	15.647	15.856	415.42	415.34
19:48:24	16.089	15.68	15.668	16.062	15.644	15.849	415.42	415.34
19:49:24	16.09	15.679	15.667	16.051	15.642	15.845	415.42	415.34
19:50:24	16.089	15.678	15.667	16.124	15.637	15.843	415.42	415.34
19:51:24	16.089	15.678	15.68	16.186	15.642	15.853	415.42	415.34
19:52:24	16.089	15.679	15.669	16.153	15.648	15.858	415.42	415.34
19:53:24	16.088	15.68	15.662	16.106	15.649	15.856	415.42	415.34
19:54:24	16.089	15.679	15.664	16.064	15.641	15.856	415.42	415.34
19:55:24	16.088	15.679	15.662	16.118	15.643	15.85	415.42	415.34
19:56:24	16.089	15.681	15.672	16.195	15.645	15.858	415.42	415.34
19:57:24	16.089	15.679	15.674	16.178	15.651	15.857	415.42	415.34
19:58:24	16.088	15.678	15.679	16.174	15.647	15.856	415.42	415.34
19:59:24	16.088	15.678	15.687	16.217	15.653	15.862	415.42	415.34
20:00:24	16.088	15.68	15.683	16.243	15.653	15.868	415.42	415.34
20:01:24	16.089	15.68	15.682	16.263	15.658	15.871	415.42	415.34
20:02:24	16.089	15.679	15.682	16.262	15.661	15.874	415.42	415.34
20:03:24	16.088	15.68	15.676	16.164	15.666	15.879	415.42	415.34
20:04:24	16.088	15.68	15.668	16.074	15.653	15.871	415.42	415.34
20:05:24	16.089	15.678	15.649	15.95	15.65	15.847	415.42	415.34
20:06:24	16.089	15.679	15.63	15.916	15.641	15.832	415.42	415.34
20:07:24	16.089	15.68	15.63	15.991	15.632	15.825	415.42	415.34
20:08:24	16.089	15.68	15.634	16.14	15.624	15.828	415.42	415.34
20:09:24	16.088	15.679	15.647	16.249	15.633	15.849	415.42	415.34
20:10:24	16.088	15.677	15.661	16.302	15.646	15.865	415.42	415.34
20:11:24	16.088	15.679	15.666	16.363	15.655	15.874	415.42	415.34
20:12:24	16.089	15.68	15.674	16.364	15.664	15.882	415.42	415.34
20:13:24	16.089	15.682	15.684	16.342	15.67	15.888	415.42	415.34
20:14:24	16.089	15.681	15.693	16.319	15.671	15.89	415.42	415.34
20:15:24	16.088	15.68	15.697	16.264	15.675	15.887	415.42	415.34
20:16:24	16.089	15.68	15.702	16.214	15.671	15.882	415.42	415.34
20:17:24	16.089	15.681	15.704	16.218	15.669	15.883	415.42	415.34
20:18:24	16.088	15.681	15.694	16.223	15.666	15.878	415.42	415.34
20:19:24	16.089	15.681	15.685	16.246	15.669	15.882	415.42	415.34
20:20:24	16.088	15.682	15.684	16.289	15.667	15.883	415.42	415.34
20:21:24	16.089	15.681	15.685	16.286	15.67	15.883	415.42	415.34
20:22:24	16.089	15.68	15.683	16.22	15.668	15.883	415.42	415.34
20:23:24	16.088	15.681	15.684	16.121	15.661	15.873	415.42	415.34
20:24:24	16.088	15.68	15.68	16.05	15.661	15.863	415.42	415.34
20:25:24	16.088	15.679	15.67	16.024	15.652	15.855	415.42	415.34
20:26:24	16.088	15.68	15.669	16.103	15.645	15.849	415.42	415.34
20:27:24	16.088	15.68	15.663	16.166	15.648	15.858	415.42	415.34
20:28:24	16.089	15.678	15.663	16.146	15.651	15.865	415.42	415.34
20:29:24	16.088	15.68	15.663	16.082	15.644	15.851	415.42	415.34
20:30:24	16.088	15.679	15.663	15.995	15.644	15.85	415.42	415.34
20:31:24	16.088	15.681	15.652	15.964	15.642	15.84	415.42	415.34
20:32:24	16.088	15.682	15.636	16.034	15.628	15.835	415.42	415.34
20:33:24	16.088	15.682	15.635	16.104	15.632	15.838	415.42	415.34
20:34:24	16.087	15.682	15.64	16.15	15.637	15.845	415.42	415.34
20:35:24	16.088	15.681	15.647	16.168	15.64	15.853	415.42	415.34
20:36:24	16.088	15.68	15.649	16.214	15.643	15.851	415.42	415.34
20:37:24	16.088	15.681	15.658	16.286	15.65	15.865	415.42	415.34
20:38:24	16.087	15.68	15.667	16.299	15.656	15.872	415.42	415.34
20:39:24	16.088	15.679	15.671	16.234	15.661	15.878	415.42	415.34
20:40:24	16.088	15.68	15.662	16.127	15.663	15.876	415.42	415.34
20:41:24	16.088	15.68	15.654	16.071	15.656	15.868	415.42	415.34
20:42:24	16.088	15.68	15.661	16.065	15.649	15.855	415.42	415.34
20:43:24	16.088	15.68	15.657	16.136	15.64	15.848	415.42	415.34
20:44:24	16.089	15.681	15.658	16.201	15.644	15.854	415.42	415.34
20:45:24	16.088	15.679	15.674	16.217	15.651	15.866	415.42	415.34
20:46:24	16.088	15.679	15.686	16.215	15.657	15.869	415.42	415.34
20:47:24	16.088	15.677	15.69	16.222	15.654	15.872	415.42	415.34
20:48:24	16.088	15.679	15.695	16.213	15.659	15.871	415.42	415.34
20:49:24	16.088	15.679	15.664	16.201	15.661	15.873	415.42	415.34
20:50:24	16.088	15.679	15.667	16.193	15.657	15.869	415.42	415.34
20:51:24	16.088	15.679	15.673	16.203	15.657	15.865	415.42	415.34
20:52:24	16.088	15.676	15.667	16.192	15.652	15.857	415.42	415.34
20:53:24	16.088	15.677	15.658	16.176	15.65	15.857	415.42	415.34
20:54:24	16.088	15.677	15.636	16.157	15.634	15.828	415.42	415.34
20:55:24	16.088	15.677	15.615	16.135	15.625	15.828	415.42	415.34
20:56:24	16.088	15.678	15.596	16.111	15.624	15.823	415.42	415.34
20:57:24	16.089	15.679	15.594	16.109	15.614	15.808	415.42	415.34
20:58:24	16.088	15.681	15.596	16.081	15.606	15.808	415.42	415.34
20:59:24	16.088	15.682	15.595	16.072	15.601	15.792	415.42	415.34
21:00:24	16.088	15.682	15.603	16.137	15.603	15.81	415.42	415.34
21:01:24	16.088	15.682	15.617	16.171	15.61	15.824	415.42	415.34
21:02:24	16.088	15.684	15.631	16.202	15.625	15.835	415.42	415.34
21:03:24	16.088	15.685	15.641	16.208	15.629	15.844	415.42	415.34
21:04:24	16.088	15.686	15.644	16.182	15.636	15.85	415.42	415.34
21:05:24	16.088	15.685	15.651	16.161	15.641	15.853	415.42	415.34
21:06:24	16.088	15.685	15.648	16.177	15.638	15.851	415.42	415.34
21:07:24	16.089	15.686	15.656	16.166	15.64	15.851	415.42	415.34
21:08:24	16.088	15.686	15.654	16.146	15.644	15.852	415.42	415.34
21:09:24	16.088	15.686	15.648	16.169	15.642	15.854	415.42	415.34
21:10:25	16.089	15.687	15.644	16.177	15.643	15.854	415.42	415.34
21:11:24	0.0	15.686	15.647	16.24	15.645	15.858	415.42	415.34
21:12:24	16.089	15.687	15.651	16.308	15.649	15.866	415.42	415.34
21:13:24	16.089	15.686	15.662	16.322	15.657	15.879	415.42	415.34
21:14:24	16.089	15.686	15.664	16.302	15.664	15.882	415.42	415.34
21:15:24	16.089	15.686	15.676	16.301	15.664	15.878	415.42	415.34
21:16:24	16.088	15.686	15.681	16.262	15.666	15.881	415.42	415.34
21:17:24	16.089	15.686	15.675	16.238	15.67	15.887	415.42	415.34
21:18:24	16.09	15.687	15.67	16.228	15.665	15.879	415.42	415.34
21:19:24	16.089	15.686	15.668	16.19	15.662	15.877	415.42	415.34
21:20:24	16.088	15.684	15.669	16.131	15.66	15.867	415.42	415.34
21:21:24	16.088	15.683	15.664	16.057	15.656	15.865	415.42	415.34
21:22:24	16.089	15.683	15.663	16.034	15.65	15.855	415.42	415.34
21:23:24	16.089	15.685	15.656	16.054	15.644	15.85	415.42	415.34
21:24:24	16.088	15.686	15.655	16.114	15.639	15.848	415.42	415.34
21:25:24	16.088	15.686	15.658	16.17	15.643	15.856	415.42	415.34
21:26:24	16.089	15.685	15.657	16.162	15.65	15.862	415.42	415.34
21:27:24	16.089	15.685	15.647	16.103	15.655	15.859	415.42	415.34
21:28:24	16.088	15.685	15.65	16.094	15.645	15.849	415.42	415.34
21:29:24	16.088	15.686	15.658	16.2	15.647	15.858	415.42	415.34
21:30:24	16.088	15.685	15.664	16.294	15.651	15.869	415.42	415.34
21:31:24	16.088	15.685	15.673	16.313	15.659	15.875	415.42	415.34
21:32:24	16.089	15.686	15.682	16.28	15.669	15.887	415.42	415.34
21:33:24	16.089	15.687	15.676	16.216	15.669	15.882	415.42	415.34
21:34:24	16.089	15.688	15.673	16.159	15.666	15.873	415.42	415.34
21:35:24	16.088	15.687	15.661	16.095	15.653	15.864	415.42	415.34
21:36:24	16.088	15.687	15.656	16.029	15.65	15.857	415.42	415.34
21:37:24	16.088	15.687	15.651	16.005	15.638	15.845	415.42	415.34
21:38:24	16.088	15.686	15.644	16.028	15.636	15.839	415.42	415.34
21:39:24	16.088	15.686	15.65	16.117	15.634	15.838	415.42	415.34
21:40:25	16.088	15.688	15.651	16.157	15.641	15.852	415.42	415.34
21:41:24	16.089	15.689	15.661	16.172	15.646	15.862	415.42	415.34
21:42:24	16.089	15.689	15.669	16.254	15.649	15.867	415.42	415.34
21:43:24	16.089	15.689	15.675	16.257	15.655	15.873	415.42	415.34
21:44:24	16.088	15.69	15.677	16.18	15.662	15.873	415.42	415.34
21:45:24	16.089	15.688	15.669	16.047	15.659	15.867	415.42	415.34
21:46:24	16.088	15.688	15.656	15.967	15.653	15.843	415.42	415.34
21:47:24	16.09	15.69	15.622	15.926	15.642	15.838	415.42	415.34
21:48:24	16.088	15.689	15.621	16.071	15.632	15.831	415.42	415.34
21:49:24	16.09	15.687	15.635	16.227	15.635	15.845	415.42	415.34
21:50:24	16.088	15.688	15.651	16.253	15.643	15.862	415.42	415.34
21:51:24	16.088	15.688	15.655	16.232	15.653	15.874	415.42	415.34
21:52:24	16.089	15.689	15.662	16.177	15.66	15.871	415.42	415.34
21:53:24	16.09	15.689	15.662	16.152	15.658	15.868	415.42	415.34
21:54:24	16.089	15.688	15.664	16.21	15.654	15.863	415.42	415.34
21:55:24	16.089	15.69	15.668	16.263	15.66	15.872	415.42	415.34
21:56:24	16.09	15.687	15.676	16.247	15.664	15.875	415.42	415.34
21:57:24	16.088	15.685	15.672	16.184	15.663	15.875	415.42	415.34
21:58:24	16.09	15.687	15.676	16.133	15.659	15.866	415.42	415.34
21:59:24	16.09	15.689	15.665	16.137	15.653	15.862	415.42	415.34
22:00:24	16.089	15.688	15.663	16.147	15.655	15.866	415.42	415.34
22:01:24	16.089	15.688	15.674	16.151	15.655	15.866	415.42	415.34
22:02:24	16.09	15.687	15.672	16.103	15.652	15.868	415.42	415.34
22:03:24	16.09	15.689	15.67	16.061	15.649	15.86	415.42	415.34
22:04:24	16.09	15.689	15.663	16.066	15.645	15.847	415.42	415.34
22:05:24	16.09	15.688	15.661	16.096	15.645	15.848	415.42	415.34
22:06:24	16.09	15.688	15.67	16.095	15.642	15.847	415.42	415.34
22:07:24	16.09	15.689	15.656	16.118	15.638	15.851	415.42	415.34
22:08:24	16.09	15.69	15.648	16.203	15.643	15.849	415.42	415.34
22:09:24	16.09	15.69	15.657	16.254	15.649	15.858	415.42	415.34
22:10:24	16.089	15.689	15.665	16.247	15.655	15.874	415.42	415.34
22:11:24	16.089	15.688	15.661	16.237	15.658	15.868	415.42	415.34
22:12:24	16.09	15.687	15.662	16.238	15.658	15.871	415.42	415.34
22:13:24	16.09	15.688	15.671	16.223	15.66	15.872	415.42	415.34
22:14:24	16.089	15.688	15.674	16.198	15.663	15.875	415.42	415.34
22:15:24	16.091	15.687	15.68	16.163	15.664	15.876	415.42	415.34
22:16:24	16.09	15.687	15.672	16.133	15.662	15.873	415.42	415.34
22:17:24	16.09	15.686	15.664	16.144	15.66	15.867	415.42	415.34
22:18:24	16.089	15.686	15.668	16.199	15.656	15.861	415.42	415.34
22:19:24	16.089	15.685	15.668	16.24	15.656	15.873	415.42	415.34
22:20:24	16.091	15.685	15.669	16.217	15.662	15.875	415.42	415.34
22:21:24	16.091	15.686	15.669	16.193	15.663	15.874	415.42	415.34
22:22:24	16.089	15.685	15.668	16.231	15.661	15.878	415.42	415.34
22:23:24	16.09	15.685	15.67	16.227	15.669	15.884	415.42	415.34
22:24:24	16.09	15.687	15.67	16.19	15.666	15.88	415.42	415.34
22:25:24	16.09	15.685	15.671	16.213	15.664	15.881	415.42	415.34
22:26:24	16.09	15.686	15.68	16.246	15.666	15.881	415.42	415.34
22:27:24	16.09	15.686	15.686	16.243	15.672	15.883	415.42	415.34
22:28:24	16.09	15.687	15.698	16.18	15.671	15.883	415.42	415.34
22:29:24	16.09	15.684	15.686	16.131	15.663	15.875	415.42	415.34
22:30:24	16.09	15.687	15.674	16.159	15.66	15.871	415.42	415.34
22:31:24	16.09	15.688	15.675	16.184	15.659	15.873	415.42	415.34
22:32:24	16.091	15.685	15.679	16.178	15.66	15.873	415.42	415.34
22:33:24	16.09	15.685	15.676	16.189	15.661	15.875	415.42	415.34
22:34:24	16.089	15.685	15.675	16.238	15.665	15.876	415.42	415.34
22:35:24	16.09	15.686	15.677	16.225	15.667	15.879	415.42	415.34
22:36:24	16.09	15.688	15.676	16.141	15.672	15.883	415.42	415.34
22:37:24	16.09	15.688	15.666	16.094	15.668	15.864	415.42	415.34
22:38:24	16.091	15.687	15.657	16.001	15.658	15.862	415.42	415.34
22:39:24	16.09	15.687	15.655	15.943	15.65	15.854	415.42	415.34
22:40:24	16.091	15.688	15.631	15.92	15.635	15.836	415.42	415.34
22:41:24	16.091	15.689	15.625	15.892	15.629	15.832	415.42	415.34
22:42:24	16.091	15.689	15.619	15.906	15.62	15.831	415.42	415.34
22:43:24	16.09	15.687	15.626	15.938	15.616	15.82	415.42	415.34
22:44:24	16.09	15.689	15.641	16.056	15.621	15.823	415.42	415.34
22:45:24	16.09	15.689	15.648	16.156	15.632	15.84	415.42	415.34
22:46:24	16.09	15.689	15.652	16.231	15.64	15.855	415.42	415.34
22:47:24	16.091	15.689	15.657	16.272	15.648	15.867	415.42	415.34
22:48:24	16.09	15.689	15.664	16.261	15.656	15.873	415.42	415.34
22:49:24	16.09	15.689	15.672	16.241	15.661	15.875	415.42	415.34
22:50:24	16.091	15.689	15.668	16.191	15.663	15.874	415.42	415.34
22:51:24	16.091	15.69	15.663	16.11	15.661	15.871	415.42	415.34
22:52:24	16.092	15.689	15.649	16.028	15.659	15.859	415.42	415.34
22:53:24	16.091	15.689	15.636	15.958	15.645	15.845	415.42	415.34
22:54:24	16.091	15.689	15.638	15.907	15.635	15.828	415.42	415.34
22:55:24	16.091	15.69	15.643	15.926	15.622	15.825	415.42	415.34
22:56:24	16.091	15.689	15.649	15.993	15.629	15.826	415.42	415.34
22:57:24	16.09	15.689	15.648	16.155	15.625	15.834	415.42	415.34
22:58:24	16.091	15.69	15.655	16.271	15.636	15.851	415.42	415.34
22:59:24	16.091	15.69	15.668	16.287	15.65	15.865	415.42	415.34
23:00:24	16.091	15.689	15.673	16.279	15.66	15.873	415.42	415.34
23:01:24	16.092	15.691	15.675	16.286	15.66	15.876	415.42	415.34
23:02:24	16.091	15.689	15.681	16.289	15.669	15.881	415.42	415.34
23:03:24	16.091	15.691	15.689	16.267	15.67	15.887	415.42	415.34
23:04:24	16.09	15.69	15.685	16.218	15.675	15.886	415.42	415.34
23:05:24	16.092	15.69	15.689	16.141	15.67	15.883	415.42	415.34
23:06:24	16.09	15.691	15.668	16.074	15.662	15.875	415.42	415.34
23:07:24	16.091	15.69	15.645	16.044	15.648	15.851	415.42	415.34
23:08:24	16.09	15.691	15.654	16.078	15.646	15.851	415.42	415.34
23:09:24	16.091	15.69	15.657	16.141	15.644	15.847	415.42	415.34
23:10:24	16.091	15.689	15.668	16.193	15.646	15.86	415.42	415.34
23:11:24	16.09	15.689	15.672	16.194	15.655	15.865	415.42	415.34
23:12:24	16.091	15.689	15.671	16.178	15.656	15.869	415.42	415.34
23:13:24	16.091	15.688	15.669	16.125	15.66	15.862	415.42	415.34
23:14:24	16.091	15.688	15.657	16.085	15.657	15.857	415.42	415.34
23:15:24	16.091	15.686	15.642	16.074	15.652	15.86	415.42	415.34
23:16:24	16.092	15.687	15.655	16.099	15.652	15.856	415.42	415.34
23:17:24	16.091	15.688	15.67	16.185	15.65	15.863	415.42	415.34
23:18:24	16.091	15.688	15.671	16.246	15.656	15.87	415.42	415.34
23:19:24	16.091	15.686	15.671	16.24	15.661	15.875	415.42	415.34
23:20:24	16.091	15.687	15.679	16.218	15.662	15.883	415.42	415.34
23:21:24	16.091	15.686	15.681	16.226	15.668	15.877	415.42	415.34
23:22:24	16.091	15.688	15.689	16.198	15.67	15.884	415.42	415.34
23:23:24	16.091	15.688	15.688	16.155	15.667	15.876	415.42	415.34
23:24:24	16.091	15.689	15.686	16.106	15.666	15.874	415.42	415.34
23:25:24	16.091	15.689	15.683	16.037	15.661	15.867	415.42	415.34
23:26:24	16.091	15.689	15.677	16.065	15.654	15.858	415.42	415.34
23:27:24	16.091	15.689	15.668	16.113	15.647	15.856	415.42	415.34
23:28:24	16.09	15.689	15.668	16.227	15.655	15.863	415.42	415.34
23:29:24	16.092	15.688	15.674	16.337	15.66	15.875	415.42	415.34
23:30:24	16.091	15.688	15.688	16.358	15.669	15.889	415.42	415.34
23:31:24	16.091	15.688	15.703	16.323	15.678	15.895	415.42	415.34
23:32:24	16.091	15.688	15.698	16.239	15.681	15.893	415.42	415.34
23:33:24	16.091	15.687	15.686	16.154	15.68	15.892	415.42	415.34
23:34:24	16.091	15.686	15.675	16.051	15.676	15.874	415.42	415.34
23:35:24	16.091	15.687	15.647	15.975	15.663	15.866	415.42	415.34
23:36:24	16.09	15.687	15.627	15.927	15.648	15.852	415.42	415.34
23:37:24	16.091	15.688	15.635	16.008	15.643	15.843	415.42	415.34
23:38:24	16.09	15.687	15.644	16.117	15.639	15.844	415.42	415.34
23:39:24	16.091	15.687	15.654	16.216	15.65	15.861	415.42	415.34
23:40:25	16.091	15.688	15.676	16.284	15.659	15.874	415.42	415.34
23:41:24	16.091	15.687	15.691	16.309	15.669	15.884	415.42	415.34
23:42:24	16.092	15.688	15.688	16.26	15.674	15.889	415.42	415.34
23:43:24	16.092	15.689	15.677	16.182	15.674	15.892	415.42	415.34
23:44:24	16.091	15.689	15.679	16.223	15.671	15.887	415.42	415.34
23:45:24	16.092	15.688	15.695	16.296	15.673	15.888	415.42	415.34
23:46:24	16.091	15.688	15.696	16.317	15.68	15.896	415.42	415.34
23:47:24	16.091	15.688	15.693	16.278	15.682	15.9	415.42	415.34
23:48:24	16.091	15.687	15.686	16.253	15.682	15.899	415.42	415.34
23:49:24	16.092	15.687	15.686	16.277	15.683	15.897	415.42	415.34
23:50:24	16.091	15.688	15.693	16.243	15.685	15.902	415.42	415.34
23:51:24	16.092	15.689	15.691	16.13	15.683	15.894	415.42	415.34
23:52:24	16.091	15.689	15.675	16.056	15.675	15.885	415.42	415.34
23:53:24	16.092	15.689	15.657	15.997	15.668	15.872	415.42	415.34
23:54:24	16.09	15.689	15.644	15.945	15.661	15.866	415.42	415.34
23:55:24	16.09	15.689	15.64	15.99	15.651	15.852	415.42	415.34
23:56:24	16.091	15.69	15.637	16.02	15.648	15.853	415.42	415.34
23:57:24	16.091	15.691	15.635	16.017	15.649	15.855	415.42	415.34
23:58:24	16.091	15.691	15.637	16.039	15.65	15.857	415.42	415.34
23:59:24	16.091	15.693	15.64	16.075	15.651	15.858	415.42	415.34
