00:00:57	16.435	16.137	15.999	16.368	16.13	16.281	415.42	415.34
00:01:57	16.432	16.132	15.983	16.33	16.119	16.277	415.42	415.34
00:03:13	16.426	16.119	15.967	16.288	16.116	16.257	415.42	415.34
00:04:58	16.428	16.115	15.954	16.266	16.12	16.263	415.42	415.34
00:06:02	16.422	16.112	15.942	16.235	16.107	16.249	415.42	415.34
00:07:08	16.42	16.107	15.915	16.218	16.098	16.245	415.42	415.34
00:08:13	16.417	16.102	15.91	16.165	16.097	16.247	415.42	415.34
00:09:18	16.416	16.101	15.908	16.156	16.1	16.236	415.42	415.34
00:11:02	16.42	16.109	15.914	16.145	16.104	16.247	415.42	415.34
00:12:07	16.421	16.111	15.906	16.134	16.097	16.254	415.42	415.34
00:13:12	16.421	16.11	15.885	16.151	16.092	16.253	415.42	415.34
00:14:16	16.422	16.113	15.855	16.143	16.108	16.26	415.42	415.34
00:16:01	16.424	16.117	15.836	16.142	16.099	16.259	415.42	415.34
00:17:06	16.425	16.116	15.845	16.117	16.101	16.26	415.42	415.34
00:18:11	16.424	16.115	15.852	16.101	16.098	16.258	415.42	415.34
00:19:16	16.423	16.112	15.836	16.077	16.1	16.266	415.42	415.34
00:20:20	16.423	16.11	15.823	16.099	16.107	16.263	415.42	415.34
00:22:05	16.422	16.109	15.815	16.067	16.086	16.251	415.42	415.34
00:23:10	16.425	16.109	15.822	16.017	16.108	16.262	415.42	415.34
00:24:15	16.425	16.111	15.804	16.021	16.099	16.257	415.42	415.34
00:25:19	16.419	16.103	15.799	16.001	16.089	16.249	415.42	415.34
00:27:04	16.421	16.102	15.811	15.951	16.09	16.252	415.42	415.34
00:28:09	16.426	16.112	15.813	16.008	16.114	16.274	415.42	415.34
00:29:14	16.428	16.116	15.799	16.027	16.11	16.273	415.42	415.34
00:30:18	16.429	16.12	15.762	16.01	16.114	16.279	415.42	415.34
00:31:23	16.431	16.124	15.753	15.992	16.118	16.281	415.42	415.34
00:33:08	16.435	16.135	15.761	16.03	16.13	16.285	415.42	415.34
00:34:12	16.438	16.143	15.748	16.059	16.141	16.288	415.42	415.34
00:35:17	16.438	16.145	15.754	16.064	16.14	16.285	415.42	415.34
00:36:22	16.438	16.148	15.757	16.056	16.14	16.289	415.42	415.34
00:38:07	16.445	16.167	15.771	16.103	16.175	16.298	415.42	415.34
00:39:11	16.445	16.174	15.774	16.112	16.173	16.298	415.42	415.34
00:40:16	16.441	16.174	15.789	16.108	16.167	16.3	415.42	415.34
00:41:21	16.445	16.178	15.782	16.114	16.179	16.31	415.42	415.34
00:42:26	16.446	16.181	15.778	16.115	16.177	16.305	415.42	415.34
00:44:10	16.453	16.204	15.789	16.223	16.22	16.323	415.42	415.34
00:45:15	16.452	16.209	15.774	16.277	16.221	16.313	415.42	415.34
00:46:22	16.445	16.199	15.756	16.227	16.187	16.303	415.42	415.34
00:47:26	16.433	16.176	15.751	16.144	16.138	16.271	415.42	415.34
00:49:11	16.423	16.145	15.745	16.1	16.132	16.269	415.42	415.34
00:50:16	16.422	16.135	15.74	16.11	16.121	16.27	415.42	415.34
00:51:21	16.421	16.125	15.753	16.118	16.123	16.269	415.42	415.34
00:52:25	16.424	16.124	15.733	16.133	16.126	16.279	415.42	415.34
00:53:30	16.429	16.126	15.739	16.139	16.135	16.287	415.42	415.34
00:55:15	16.42	16.111	15.73	16.096	16.096	16.263	415.42	415.34
00:56:19	16.409	16.094	15.714	16.037	16.099	16.248	415.42	415.34
00:57:26	16.408	16.088	15.716	16.041	16.104	16.257	415.42	415.34
00:58:31	16.411	16.088	15.721	16.046	16.105	16.266	415.42	415.34
01:00:16	16.416	16.089	15.719	16.032	16.101	16.267	415.42	415.34
01:01:21	16.42	16.098	15.721	16.069	16.118	16.279	415.42	415.34
01:02:25	16.421	16.103	15.728	16.069	16.122	16.284	415.42	415.34
01:03:32	16.424	16.105	15.718	16.062	16.117	16.283	415.42	415.34
01:05:18	16.425	16.11	15.707	16.064	16.125	16.285	415.42	415.34
01:06:23	16.425	16.112	15.713	16.106	16.122	16.283	415.42	415.34
01:07:27	16.425	16.11	15.708	16.104	16.114	16.282	415.42	415.34
01:08:32	16.423	16.108	15.695	16.05	16.113	16.282	415.42	415.34
01:09:37	16.425	16.112	15.699	16.051	16.126	16.288	415.42	415.34
01:11:22	16.426	16.122	15.712	16.11	16.138	16.287	415.42	415.34
01:12:26	16.426	16.124	15.706	16.139	16.14	16.285	415.42	415.34
01:13:31	16.428	16.127	15.695	16.135	16.148	16.291	415.42	415.34
01:14:36	16.427	16.13	15.685	16.14	16.149	16.287	415.42	415.34
01:15:41	16.427	16.134	15.679	16.121	16.157	16.29	415.42	415.34
01:17:25	16.426	16.134	15.667	16.263	16.144	16.287	415.42	415.34
01:18:30	16.423	16.126	15.655	16.186	16.125	16.285	415.42	415.34
01:19:35	16.42	16.121	15.65	16.17	16.126	16.286	415.42	415.34
01:20:40	16.422	16.118	15.65	16.213	16.128	16.287	415.42	415.34
01:22:24	16.422	16.114	15.66	16.226	16.135	16.288	415.42	415.34
01:23:29	16.423	16.119	15.658	16.282	16.143	16.287	415.42	415.34
01:24:34	16.424	16.127	15.658	16.321	16.154	16.293	415.42	415.34
01:25:40	16.424	16.138	15.652	16.358	16.175	16.29	415.42	415.34
01:27:25	16.424	16.145	15.664	16.385	16.176	16.293	415.42	415.34
01:28:30	16.424	16.147	15.668	16.402	16.176	16.298	415.42	415.34
01:29:35	16.424	16.147	15.662	16.409	16.169	16.292	415.42	415.34
01:30:39	16.422	16.142	15.654	16.423	16.163	16.292	415.42	415.34
01:31:44	16.421	16.138	15.647	16.431	16.162	16.29	415.42	415.34
01:33:29	16.419	16.132	15.663	16.448	16.156	16.288	415.42	415.34
01:34:33	16.417	16.125	15.659	16.42	16.151	16.287	415.42	415.34
01:35:38	16.415	16.116	15.66	16.334	16.14	16.285	415.42	415.34
01:36:43	16.412	16.106	15.65	16.335	16.126	16.282	415.42	415.34
01:37:49	16.412	16.098	15.659	16.327	16.122	16.28	415.42	415.34
01:39:34	16.412	16.095	15.656	16.371	16.124	16.286	415.42	415.34
01:40:39	16.412	16.094	15.659	16.393	16.131	16.284	415.42	415.34
01:41:44	16.41	16.093	15.672	16.42	16.124	16.284	415.42	415.34
01:42:48	16.407	16.087	15.668	16.405	16.117	16.281	415.42	415.34
01:44:33	16.406	16.085	15.657	16.418	16.115	16.282	415.42	415.34
01:45:38	16.405	16.084	15.666	16.439	16.117	16.282	415.42	415.34
01:46:43	16.405	16.081	15.673	16.445	16.116	16.281	415.42	415.34
01:47:47	16.404	16.08	15.673	16.456	16.112	16.281	415.42	415.34
01:48:52	16.402	16.078	15.681	16.462	16.111	16.279	415.42	415.34
01:50:37	16.4	16.07	15.679	16.465	16.103	16.279	415.42	415.34
01:51:42	16.4	16.07	15.675	16.478	16.109	16.282	415.42	415.34
01:52:46	16.402	16.073	15.688	16.491	16.121	16.281	415.42	415.34
01:53:51	16.399	16.072	15.694	16.495	16.116	16.278	415.42	415.34
01:55:36	16.397	16.068	15.707	16.5	16.102	16.277	415.42	415.34
01:56:41	16.395	16.064	15.708	16.503	16.099	16.278	415.42	415.34
01:57:45	16.395	16.062	15.714	16.51	16.096	16.277	415.42	415.34
01:58:52	16.393	16.061	15.723	16.514	16.091	16.275	415.42	415.34
02:00:37	16.389	16.053	15.719	16.517	16.086	16.27	415.42	415.34
02:01:42	16.389	16.05	15.715	16.513	16.083	16.271	415.42	415.34
02:02:48	16.39	16.049	15.71	16.458	16.087	16.275	415.42	415.34
02:03:53	16.39	16.05	15.699	16.471	16.092	16.275	415.42	415.34
02:04:58	0.0	16.054	15.697	16.449	16.099	16.277	415.42	415.34
02:06:43	16.389	16.062	15.695	16.44	16.114	16.276	415.42	415.34
02:07:48	16.39	16.067	15.707	16.46	16.12	16.275	415.42	415.34
02:08:53	16.388	16.071	15.713	16.485	16.112	16.273	415.42	415.34
02:09:58	16.386	16.067	15.702	16.448	16.1	16.272	415.42	415.34
02:11:03	16.383	16.063	15.707	16.455	16.097	16.273	415.42	415.34
02:12:47	16.38	16.052	15.702	16.449	16.081	16.269	415.42	415.34
02:13:55	16.378	16.045	15.692	16.45	16.077	16.269	415.42	415.34
02:14:59	16.378	16.037	15.679	16.45	16.069	16.261	415.42	415.34
02:16:04	16.377	16.028	15.677	16.36	16.063	16.254	415.42	415.34
02:17:49	16.373	16.019	15.677	16.272	16.063	16.258	415.42	415.34
02:18:49	16.373	16.02	15.685	16.257	16.061	16.259	415.42	415.34
02:19:49	16.373	16.022	15.696	16.264	16.068	16.264	415.42	415.34
02:20:49	16.373	16.024	15.714	16.288	16.072	16.269	415.42	415.34
02:21:49	16.374	16.027	15.708	16.377	16.077	16.271	415.42	415.34
02:22:49	16.375	16.032	15.729	16.439	16.088	16.268	415.42	415.34
02:23:50	16.374	16.037	15.738	16.473	16.087	16.265	415.42	415.34
02:24:49	0.0	16.036	15.735	16.501	16.086	16.265	415.42	415.34
02:25:49	16.371	16.036	15.735	16.511	16.084	16.262	415.42	415.34
02:26:49	16.369	16.034	15.73	16.502	16.081	16.265	415.42	415.34
02:27:49	16.369	16.03	15.729	16.489	16.077	16.263	415.42	415.34
02:28:49	16.369	16.029	15.726	16.524	16.071	16.264	415.42	415.34
02:29:49	16.37	16.029	15.732	16.595	16.075	16.265	415.42	415.34
02:30:49	16.369	16.031	15.744	16.676	16.081	16.268	415.42	415.34
02:31:49	16.368	16.031	15.744	16.676	16.076	16.265	415.42	415.34
02:32:49	16.367	16.027	15.743	16.667	16.073	16.262	415.42	415.34
02:33:49	16.366	16.025	15.748	16.658	16.07	16.261	415.42	415.34
02:34:49	16.363	16.022	15.748	16.645	16.067	16.262	415.42	415.34
02:35:49	16.362	16.019	15.756	16.629	16.065	16.265	415.42	415.34
02:36:49	16.362	16.02	15.763	16.622	16.066	16.261	415.42	415.34
02:37:49	16.362	16.014	15.763	16.624	16.061	16.261	415.42	415.34
02:38:49	16.36	16.013	15.769	16.671	16.061	16.262	415.42	415.34
02:39:49	16.358	16.011	15.773	16.682	16.055	16.262	415.42	415.34
02:40:49	16.355	16.006	15.798	16.642	16.051	16.252	415.42	415.34
02:41:49	16.353	16.005	15.819	16.612	16.055	16.25	415.42	415.34
02:42:49	16.352	16.001	15.827	16.586	16.05	16.247	415.42	415.34
02:43:49	16.347	15.997	15.826	16.587	16.044	16.249	415.42	415.34
02:44:49	16.344	15.989	15.823	16.591	16.039	16.242	415.42	415.34
02:45:49	16.341	15.982	15.808	16.572	16.03	16.239	415.42	415.34
02:46:49	16.336	15.969	15.808	16.565	16.026	16.23	415.42	415.34
02:47:49	16.328	15.954	15.795	16.52	16.015	16.215	415.42	415.34
02:48:49	16.324	15.952	15.781	16.463	16.02	16.216	415.42	415.34
02:49:49	16.325	15.953	15.787	16.48	16.019	16.216	415.42	415.34
02:50:49	16.324	15.956	15.779	16.497	16.023	16.216	415.42	415.34
02:51:49	16.326	15.961	15.771	16.498	16.029	16.22	415.42	415.34
02:52:49	16.326	15.963	15.766	16.5	16.021	16.223	415.42	415.34
02:53:49	16.33	15.968	15.768	16.508	16.024	16.23	415.42	415.34
02:54:49	16.333	15.971	15.774	16.516	16.03	16.241	415.42	415.34
02:55:49	16.335	15.977	15.787	16.526	16.037	16.25	415.42	415.34
02:56:49	16.338	15.984	15.791	16.536	16.047	16.253	415.42	415.34
02:57:49	16.337	15.99	15.79	16.537	16.045	16.252	415.42	415.34
02:58:49	16.339	15.993	15.792	16.537	16.045	16.25	415.42	415.34
02:59:49	16.34	15.996	15.799	16.536	16.045	16.24	415.42	415.34
03:00:49	16.339	15.996	15.795	16.532	16.044	16.243	415.42	415.34
03:01:49	16.339	15.994	15.788	16.527	16.041	16.243	415.42	415.34
03:02:49	16.338	15.992	15.789	16.524	16.039	16.241	415.42	415.34
03:03:49	16.338	15.99	15.785	16.523	16.037	16.241	415.42	415.34
03:04:49	16.337	15.988	15.781	16.519	16.032	16.238	415.42	415.34
03:05:49	16.338	15.983	15.781	16.518	16.03	16.238	415.42	415.34
03:06:49	16.338	15.981	15.785	16.517	16.031	16.242	415.42	415.34
03:07:49	16.337	15.981	15.788	16.522	16.035	16.248	415.42	415.34
03:08:49	16.337	15.983	15.797	16.528	16.036	16.254	415.42	415.34
03:09:49	16.337	15.987	15.805	16.53	16.044	16.256	415.42	415.34
03:10:49	16.337	15.991	15.806	16.533	16.05	16.253	415.42	415.34
03:11:49	16.335	15.996	15.797	16.53	16.046	16.251	415.42	415.34
03:12:49	16.333	15.993	15.793	16.523	16.04	16.247	415.42	415.34
03:13:49	16.331	15.988	15.798	16.521	16.031	16.243	415.42	415.34
03:14:49	16.332	15.983	15.796	16.519	16.03	16.243	415.42	415.34
03:15:49	16.331	15.978	15.792	16.514	16.031	16.248	415.42	415.34
03:16:49	16.331	15.98	15.79	16.517	16.04	16.25	415.42	415.34
03:17:49	16.331	15.983	15.787	16.515	16.045	16.256	415.42	415.34
03:18:49	16.333	15.987	15.786	16.518	16.051	16.253	415.42	415.34
03:19:49	16.334	15.99	15.787	16.519	16.051	16.252	415.42	415.34
03:20:49	16.33	15.989	15.787	16.515	16.046	16.243	415.42	415.34
03:21:49	16.329	15.985	15.783	16.508	16.038	16.245	415.42	415.34
03:22:49	16.327	15.981	15.787	16.501	16.035	16.244	415.42	415.34
03:23:49	16.326	15.976	15.78	16.499	16.03	16.246	415.42	415.34
03:24:49	16.326	15.975	15.78	16.502	16.032	16.24	415.42	415.34
03:25:49	16.327	15.973	15.78	16.503	16.032	16.245	415.42	415.34
03:26:49	16.329	15.974	15.783	16.501	16.035	16.246	415.42	415.34
03:27:49	16.328	15.973	15.785	16.501	16.038	16.241	415.42	415.34
03:28:49	16.327	15.975	15.785	16.499	16.04	16.246	415.42	415.34
03:29:49	16.325	15.972	15.778	16.498	16.03	16.235	415.42	415.34
03:30:49	16.321	15.967	15.777	16.496	16.029	16.241	415.42	415.34
03:31:49	16.322	15.97	15.79	16.506	16.036	16.25	415.42	415.34
03:32:49	16.324	15.975	15.807	16.52	16.047	16.256	415.42	415.34
03:33:49	16.325	15.981	15.806	16.525	16.051	16.255	415.42	415.34
03:34:49	16.324	15.984	15.803	16.524	16.049	16.257	415.42	415.34
03:35:49	16.325	15.987	15.801	16.519	16.052	16.252	415.42	415.34
03:36:49	16.325	15.987	15.791	16.51	16.047	16.24	415.42	415.34
03:37:49	16.325	15.983	15.785	16.512	16.043	16.241	415.42	415.34
03:38:49	16.324	15.983	15.79	16.51	16.046	16.248	415.42	415.34
03:39:49	16.326	15.983	15.79	16.516	16.046	16.247	415.42	415.34
03:40:49	16.327	15.982	15.796	16.521	16.047	16.249	415.42	415.34
03:41:49	16.327	15.985	15.803	16.524	16.052	16.246	415.42	415.34
03:42:49	16.326	15.987	15.814	16.53	16.057	16.251	415.42	415.34
03:43:49	16.325	15.987	15.809	16.523	16.056	16.248	415.42	415.34
03:44:49	16.323	15.983	15.809	16.521	16.047	16.244	415.42	415.34
03:45:49	16.323	15.981	15.813	16.523	16.046	16.252	415.42	415.34
03:46:49	16.323	15.983	15.818	16.532	16.056	16.256	415.42	415.34
03:47:49	16.324	15.985	15.816	16.536	16.062	16.253	415.42	415.34
03:48:49	16.324	15.98	15.814	16.531	16.057	16.246	415.42	415.34
03:49:49	16.322	15.976	15.81	16.526	16.047	16.241	415.42	415.34
03:50:49	16.321	15.97	15.811	16.527	16.039	16.242	415.42	415.34
03:51:49	16.323	15.971	15.819	16.536	16.047	16.254	415.42	415.34
03:52:49	16.323	15.976	15.832	16.545	16.056	16.255	415.42	415.34
03:53:49	16.322	15.974	15.837	16.541	16.048	16.243	415.42	415.34
03:54:49	16.32	15.972	15.828	16.541	16.043	16.244	415.42	415.34
03:55:49	16.322	15.972	15.826	16.541	16.044	16.249	415.42	415.34
03:56:49	16.322	15.974	15.833	16.548	16.05	16.253	415.42	415.34
03:57:49	16.322	15.975	15.835	16.551	16.051	16.251	415.42	415.34
03:58:49	16.321	15.973	15.837	16.55	16.05	16.253	415.42	415.34
03:59:49	16.321	15.973	15.844	16.547	16.049	16.252	415.42	415.34
04:00:49	16.322	15.975	15.846	16.555	16.05	16.253	415.42	415.34
04:01:49	16.321	15.978	15.848	16.555	16.054	16.253	415.42	415.34
04:02:49	16.32	15.979	15.849	16.559	16.056	16.254	415.42	415.34
04:03:49	16.32	15.98	15.851	16.561	16.056	16.256	415.42	415.34
04:04:49	16.321	15.98	15.855	16.561	16.056	16.253	415.42	415.34
04:05:49	16.321	15.983	15.859	16.565	16.06	16.252	415.42	415.34
04:06:49	16.321	15.986	15.857	16.572	16.066	16.254	415.42	415.34
04:07:49	16.321	15.989	15.853	16.569	16.069	16.253	415.42	415.34
04:08:49	16.321	15.99	15.85	16.573	16.073	16.251	415.42	415.34
04:09:49	16.322	15.989	15.856	16.574	16.069	16.251	415.42	415.34
04:10:49	16.321	15.99	15.859	16.574	16.069	16.254	415.42	415.34
04:11:49	16.321	15.99	15.862	16.579	16.063	16.252	415.42	415.34
04:12:49	16.321	15.986	15.863	16.581	16.06	16.251	415.42	415.34
04:13:49	16.319	15.982	15.86	16.584	16.052	16.254	415.42	415.34
04:14:49	16.318	15.979	15.865	16.577	16.05	16.253	415.42	415.34
04:15:49	16.318	15.974	15.869	16.575	16.046	16.248	415.42	415.34
04:16:49	16.318	15.969	15.867	16.575	16.043	16.25	415.42	415.34
04:17:49	16.316	15.965	15.866	16.575	16.039	16.244	415.42	415.34
04:18:49	16.314	15.958	15.866	16.567	16.035	16.237	415.42	415.34
04:19:49	16.313	15.953	15.876	16.559	16.032	16.235	415.42	415.34
04:20:49	16.31	15.949	15.878	16.56	16.027	16.24	415.42	415.34
04:21:49	16.307	15.944	15.87	16.557	16.02	16.246	415.42	415.34
04:22:49	16.307	15.94	15.875	16.564	16.024	16.247	415.42	415.34
04:23:49	16.307	15.941	15.88	16.561	16.026	16.249	415.42	415.34
04:24:49	16.308	15.944	15.874	16.562	16.027	16.249	415.42	415.34
04:25:49	16.308	15.945	15.876	16.562	16.027	16.253	415.42	415.34
04:26:49	16.308	15.947	15.874	16.563	16.027	16.252	415.42	415.34
04:27:49	16.305	15.945	15.879	16.554	16.028	16.249	415.42	415.34
04:28:49	16.305	15.944	15.883	16.554	16.029	16.245	415.42	415.34
04:29:49	16.305	15.945	15.886	16.557	16.029	16.247	415.42	415.34
04:30:49	16.307	15.947	15.881	16.561	16.031	16.25	415.42	415.34
04:31:49	16.307	15.948	15.882	16.562	16.033	16.254	415.42	415.34
04:32:49	16.31	15.951	15.879	16.564	16.038	16.254	415.42	415.34
04:33:49	16.311	15.953	15.878	16.566	16.039	16.255	415.42	415.34
04:34:49	16.312	15.958	15.886	16.574	16.047	16.255	415.42	415.34
04:35:49	16.31	15.963	15.888	16.579	16.05	16.245	415.42	415.34
04:36:49	16.312	15.966	15.891	16.575	16.051	16.242	415.42	415.34
04:37:49	16.311	15.968	15.884	16.573	16.052	16.249	415.42	415.34
04:38:49	16.311	15.97	15.878	16.571	16.048	16.249	415.42	415.34
04:39:49	16.309	15.968	15.876	16.57	16.043	16.247	415.42	415.34
04:40:49	16.311	15.966	15.874	16.572	16.044	16.247	415.42	415.34
04:41:49	16.31	15.965	15.874	16.569	16.042	16.246	415.42	415.34
04:42:49	16.309	15.961	15.874	16.571	16.038	16.246	415.42	415.34
04:43:49	16.309	15.958	15.88	16.571	16.037	16.246	415.42	415.34
04:44:49	16.308	15.955	15.882	16.566	16.032	16.248	415.42	415.34
04:45:49	16.307	15.953	15.882	16.567	16.03	16.243	415.42	415.34
04:46:49	16.307	15.949	15.886	16.567	16.032	16.245	415.42	415.34
04:47:49	16.308	15.952	15.885	16.57	16.035	16.244	415.42	415.34
04:48:49	16.308	15.951	15.893	16.571	16.036	16.247	415.42	415.34
04:49:50	16.307	15.949	15.891	16.567	16.032	16.246	415.42	415.34
04:50:49	0.0	15.945	15.891	16.569	16.028	16.239	415.42	415.34
04:51:49	16.303	15.939	15.896	16.572	16.024	16.243	415.42	415.34
04:52:49	16.299	15.935	15.896	16.571	16.02	16.234	415.42	415.34
04:53:49	16.292	15.932	15.895	16.571	16.021	16.23	415.42	415.34
04:54:51	16.297	15.934	15.898	16.58	16.023	16.238	415.42	415.34
04:55:49	16.3	15.935	15.898	16.578	16.023	16.237	415.42	415.34
04:56:49	16.299	15.93	15.89	16.569	16.015	16.229	415.42	415.34
04:57:49	16.294	15.923	15.886	16.555	16.012	16.214	415.42	415.34
04:58:49	16.288	15.918	15.89	16.554	16.009	16.214	415.42	415.34
04:59:49	16.29	15.918	15.894	16.566	16.016	16.225	415.42	415.34
05:00:49	16.293	15.924	15.892	16.571	16.02	16.229	415.42	415.34
05:01:49	16.292	15.926	15.893	16.566	16.014	16.224	415.42	415.34
05:02:49	16.286	15.919	15.889	16.554	16.005	16.214	415.42	415.34
05:03:49	16.279	15.913	15.891	16.546	16.008	16.212	415.42	415.34
05:04:49	16.277	15.911	15.891	16.55	16.009	16.216	415.42	415.34
05:05:49	16.282	15.914	15.9	16.562	16.014	16.215	415.42	415.34
05:06:49	16.287	15.918	15.899	16.567	16.013	16.227	415.42	415.34
05:07:49	16.29	15.922	15.896	16.568	16.018	16.236	415.42	415.34
05:08:49	16.292	15.928	15.894	16.57	16.02	16.238	415.42	415.34
05:09:49	16.294	15.931	15.895	16.565	16.025	16.243	415.42	415.34
05:10:49	16.295	15.935	15.892	16.571	16.028	16.237	415.42	415.34
05:11:49	16.295	15.937	15.893	16.572	16.029	16.241	415.42	415.34
05:12:49	16.296	15.94	15.891	16.577	16.031	16.241	415.42	415.34
05:13:49	16.296	15.942	15.891	16.579	16.033	16.242	415.42	415.34
05:14:49	16.297	15.945	15.892	16.576	16.036	16.241	415.42	415.34
05:15:49	16.298	15.945	15.898	16.573	16.032	16.238	415.42	415.34
05:16:49	16.299	15.946	15.899	16.578	16.035	16.238	415.42	415.34
05:17:49	16.298	15.949	15.9	16.582	16.037	16.242	415.42	415.34
05:18:49	16.299	15.951	15.898	16.583	16.034	16.24	415.42	415.34
05:19:49	16.298	15.952	15.902	16.578	16.033	16.24	415.42	415.34
05:20:49	16.299	15.951	15.907	16.579	16.037	16.248	415.42	415.34
05:21:49	16.299	15.952	15.906	16.582	16.034	16.241	415.42	415.34
05:22:49	16.299	15.951	15.91	16.577	16.035	16.242	415.42	415.34
05:23:49	16.298	15.947	15.912	16.576	16.033	16.247	415.42	415.34
05:24:49	16.299	15.947	15.91	16.581	16.035	16.248	415.42	415.34
05:25:49	16.299	15.948	15.909	16.586	16.034	16.247	415.42	415.34
05:26:49	16.299	15.946	15.912	16.585	16.032	16.245	415.42	415.34
05:27:49	16.298	15.943	15.908	16.582	16.031	16.248	415.42	415.34
05:28:49	16.297	15.942	15.911	16.58	16.03	16.247	415.42	415.34
05:29:49	16.296	15.941	15.911	16.574	16.029	16.242	415.42	415.34
05:30:49	16.297	15.938	15.915	16.573	16.029	16.239	415.42	415.34
05:31:49	16.299	15.938	15.909	16.579	16.029	16.242	415.42	415.34
05:32:49	16.297	15.936	15.908	16.577	16.028	16.244	415.42	415.34
05:33:49	16.296	15.935	15.91	16.578	16.029	16.245	415.42	415.34
05:34:49	16.296	15.933	15.913	16.583	16.033	16.248	415.42	415.34
05:35:49	16.297	15.935	15.908	16.582	16.033	16.246	415.42	415.34
05:36:49	16.297	15.935	15.908	16.58	16.033	16.249	415.42	415.34
05:37:49	16.296	15.936	15.91	16.582	16.033	16.253	415.42	415.34
05:38:49	16.296	15.939	15.912	16.577	16.034	16.25	415.42	415.34
05:39:49	16.295	15.937	15.915	16.581	16.031	16.249	415.42	415.34
05:40:49	16.296	15.939	15.915	16.585	16.038	16.25	415.42	415.34
05:41:49	16.297	15.942	15.917	16.583	16.038	16.249	415.42	415.34
05:42:49	16.297	15.941	15.917	16.586	16.035	16.243	415.42	415.34
05:43:49	16.296	15.941	15.917	16.586	16.035	16.243	415.42	415.34
05:44:49	16.296	15.942	15.918	16.59	16.036	16.244	415.42	415.34
05:45:49	16.297	15.943	15.922	16.594	16.038	16.245	415.42	415.34
05:46:49	16.295	15.944	15.921	16.594	16.038	16.248	415.42	415.34
05:47:49	16.296	15.945	15.92	16.592	16.039	16.248	415.42	415.34
05:48:49	16.297	15.944	15.925	16.59	16.041	16.249	415.42	415.34
05:49:49	16.296	15.944	15.926	16.59	16.038	16.247	415.42	415.34
05:50:49	16.296	15.942	15.919	16.587	16.038	16.25	415.42	415.34
05:51:49	16.295	15.941	15.919	16.589	16.038	16.248	415.42	415.34
05:52:49	16.297	15.941	15.922	16.595	16.038	16.249	415.42	415.34
05:53:50	16.295	15.941	15.919	16.597	16.038	16.245	415.42	415.34
05:54:49	16.296	15.941	15.926	16.596	16.039	16.251	415.42	415.34
05:55:49	16.295	15.938	15.927	16.591	16.033	16.241	415.42	415.34
05:56:49	16.296	15.937	15.927	16.59	16.033	16.245	415.42	415.34
05:57:49	16.296	15.936	15.924	16.59	16.034	16.246	415.42	415.34
05:58:50	16.294	15.937	15.931	16.596	16.037	16.25	415.42	415.34
05:59:49	16.293	15.936	15.93	16.588	16.036	16.248	415.42	415.34
06:00:49	16.294	15.933	15.923	16.591	16.032	16.244	415.42	415.34
06:01:49	16.295	15.931	15.925	16.588	16.029	16.242	415.42	415.34
06:02:49	16.294	15.928	15.923	16.583	16.028	16.239	415.42	415.34
06:03:49	16.294	15.928	15.925	16.592	16.028	16.242	415.42	415.34
06:04:49	16.292	15.926	15.927	16.592	16.029	16.243	415.42	415.34
06:05:49	16.292	15.924	15.921	16.59	16.026	16.243	415.42	415.34
06:06:49	16.293	15.924	15.927	16.59	16.026	16.246	415.42	415.34
06:07:49	16.291	15.924	15.927	16.591	16.021	16.248	415.42	415.34
06:08:49	16.291	15.923	15.927	16.593	16.024	16.245	415.42	415.34
06:09:49	16.29	15.922	15.922	16.594	16.023	16.245	415.42	415.34
06:10:49	16.288	15.919	15.918	16.586	16.019	16.24	415.42	415.34
06:11:49	16.286	15.919	15.921	16.588	16.024	16.245	415.42	415.34
06:12:49	16.286	15.92	15.921	16.586	16.025	16.25	415.42	415.34
06:13:49	16.286	15.921	15.918	16.581	16.022	16.243	415.42	415.34
06:14:49	16.285	15.921	15.922	16.584	16.023	16.243	415.42	415.34
06:15:49	16.285	15.919	15.927	16.588	16.021	16.245	415.42	415.34
06:16:49	16.284	15.919	15.923	16.58	16.02	16.235	415.42	415.34
06:17:49	16.283	15.914	15.924	16.582	16.019	16.227	415.42	415.34
06:18:49	16.283	15.912	15.92	16.579	16.019	16.232	415.42	415.34
06:19:49	16.282	15.911	15.925	16.58	16.021	16.235	415.42	415.34
06:20:49	16.283	15.913	15.93	16.579	16.018	16.233	415.42	415.34
06:21:49	16.284	15.913	15.929	16.586	16.021	16.239	415.42	415.34
06:22:49	16.284	15.913	15.925	16.586	16.018	16.238	415.42	415.34
06:23:49	16.284	15.914	15.925	16.586	16.021	16.239	415.42	415.34
06:24:49	16.283	15.911	15.924	16.584	16.022	16.231	415.42	415.34
06:25:49	16.284	15.914	15.924	16.581	16.022	16.227	415.42	415.34
06:26:49	16.285	15.915	15.929	16.582	16.023	16.231	415.42	415.34
06:27:49	16.285	15.915	15.933	16.576	16.023	16.231	415.42	415.34
06:28:49	16.285	15.917	15.935	16.58	16.024	16.232	415.42	415.34
06:29:49	16.286	15.919	15.931	16.583	16.025	16.237	415.42	415.34
06:30:49	16.286	15.92	15.933	16.586	16.027	16.239	415.42	415.34
06:31:49	16.287	15.922	15.931	16.589	16.03	16.242	415.42	415.34
06:32:49	16.288	15.925	15.932	16.593	16.028	16.243	415.42	415.34
06:33:49	16.286	15.926	15.935	16.596	16.032	16.244	415.42	415.34
06:34:49	16.289	15.926	15.937	16.593	16.032	16.25	415.42	415.34
06:35:49	16.29	15.928	15.937	16.598	16.031	16.251	415.42	415.34
06:36:49	16.29	15.928	15.935	16.599	16.031	16.251	415.42	415.34
06:37:49	16.289	15.931	15.938	16.601	16.033	16.248	415.42	415.34
06:38:49	16.29	15.931	15.935	16.596	16.031	16.247	415.42	415.34
06:39:49	16.289	15.931	15.936	16.596	16.032	16.247	415.42	415.34
06:40:49	16.29	15.932	15.935	16.598	16.034	16.242	415.42	415.34
06:41:49	16.291	15.933	15.934	16.601	16.037	16.245	415.42	415.34
06:42:49	16.291	15.935	15.932	16.604	16.039	16.246	415.42	415.34
06:43:49	16.29	15.936	15.932	16.605	16.04	16.247	415.42	415.34
06:44:49	16.29	15.938	15.934	16.603	16.041	16.247	415.42	415.34
06:45:49	16.289	15.937	15.929	16.604	16.039	16.249	415.42	415.34
06:46:49	16.287	15.935	15.93	16.601	16.038	16.248	415.42	415.34
06:47:49	16.29	15.934	15.93	16.601	16.037	16.247	415.42	415.34
06:48:49	16.289	15.936	15.93	16.6	16.039	16.246	415.42	415.34
06:49:49	16.288	15.935	15.932	16.596	16.039	16.247	415.42	415.34
06:50:49	16.289	15.936	15.935	16.603	16.039	16.25	415.42	415.34
06:51:49	16.289	15.937	15.935	16.609	16.04	16.249	415.42	415.34
06:52:49	16.288	15.937	15.935	16.607	16.039	16.243	415.42	415.34
06:53:50	16.288	15.937	15.936	16.606	16.041	16.246	415.42	415.34
06:54:49	0.0	15.936	15.935	16.603	16.042	16.245	415.42	415.34
06:55:49	16.288	15.936	15.931	16.595	16.041	16.243	415.42	415.34
06:56:49	16.288	15.936	15.931	16.597	16.04	16.249	415.42	415.34
06:57:49	16.286	15.933	15.926	16.591	16.039	16.248	415.42	415.34
06:58:49	16.286	15.933	15.927	16.589	16.041	16.248	415.42	415.34
06:59:49	16.286	15.934	15.93	16.595	16.043	16.252	415.42	415.34
07:00:49	16.286	15.934	15.927	16.592	16.041	16.245	415.42	415.34
07:01:49	16.286	15.934	15.93	16.59	16.04	16.244	415.42	415.34
07:02:49	16.286	15.932	15.932	16.585	16.037	16.242	415.42	415.34
07:03:49	16.286	15.93	15.935	16.585	16.036	16.24	415.42	415.34
07:04:49	16.287	15.929	15.932	16.584	16.037	16.246	415.42	415.34
07:05:49	16.287	15.929	15.931	16.582	16.035	16.246	415.42	415.34
07:06:49	16.286	15.928	15.93	16.578	16.038	16.247	415.42	415.34
07:07:49	16.287	15.929	15.933	16.575	16.04	16.25	415.42	415.34
07:08:49	16.288	15.929	15.929	16.572	16.038	16.252	415.42	415.34
07:09:49	16.288	15.93	15.916	16.573	16.042	16.256	415.42	415.34
07:10:49	16.285	15.93	15.916	16.573	16.039	16.253	415.42	415.34
07:11:49	16.287	15.929	15.917	16.573	16.04	16.253	415.42	415.34
07:12:49	16.286	15.93	15.923	16.569	16.04	16.245	415.42	415.34
07:13:49	16.283	15.928	15.929	16.567	16.038	16.248	415.42	415.34
07:14:49	16.285	15.929	15.931	16.571	16.042	16.255	415.42	415.34
07:15:49	16.285	15.928	15.931	16.564	16.039	16.25	415.42	415.34
07:16:49	16.286	15.93	15.931	16.564	16.042	16.252	415.42	415.34
07:17:49	16.287	15.932	15.917	16.562	16.044	16.248	415.42	415.34
07:18:49	16.286	15.932	15.917	16.557	16.041	16.238	415.42	415.34
07:19:49	16.286	15.931	15.918	16.559	16.041	16.242	415.42	415.34
07:20:49	16.287	15.932	15.919	16.56	16.044	16.25	415.42	415.34
07:21:49	16.286	15.931	15.916	16.555	16.038	16.251	415.42	415.34
07:22:49	16.287	15.931	15.922	16.563	16.039	16.253	415.42	415.34
07:23:49	16.285	15.93	15.925	16.559	16.039	16.254	415.42	415.34
07:24:49	16.286	15.928	15.926	16.558	16.039	16.252	415.42	415.34
07:25:50	16.287	15.929	15.931	16.559	16.04	16.253	415.42	415.34
07:26:49	16.288	15.93	15.932	16.561	16.044	16.257	415.42	415.34
07:27:50	16.288	15.93	15.932	16.563	16.042	16.256	415.42	415.34
07:28:49	0.0	15.928	15.93	16.559	16.038	16.251	415.42	415.34
07:29:50	16.286	15.927	15.93	16.559	16.038	16.251	415.42	415.34
07:30:49	0.0	15.925	15.925	16.559	16.037	16.25	415.42	415.34
07:31:49	16.286	15.924	15.916	16.551	16.035	16.247	0.0	415.34
07:32:49	16.287	15.924	15.916	16.549	16.038	16.252	415.42	415.34
07:33:49	16.286	15.924	15.912	16.548	16.037	16.251	415.42	415.34
07:34:49	16.288	15.926	15.912	16.549	16.039	16.251	415.42	415.34
07:35:50	16.286	15.926	15.909	16.553	16.041	16.252	415.42	415.34
07:36:49	16.284	15.927	15.906	16.555	16.038	16.251	415.42	415.34
07:37:49	16.286	15.928	15.914	16.56	16.04	16.252	415.42	415.34
07:38:49	16.286	15.925	15.921	16.558	16.036	16.25	415.42	415.34
07:39:49	16.286	15.924	15.92	16.553	16.034	16.252	415.42	415.34
07:40:49	16.287	15.924	15.923	16.555	16.036	16.253	415.42	415.34
07:41:49	16.286	15.924	15.918	16.558	16.037	16.253	415.42	415.34
07:42:49	16.284	15.922	15.917	16.557	16.034	16.251	415.42	415.34
07:43:49	16.283	15.92	15.916	16.556	16.033	16.253	415.42	415.34
07:44:49	16.284	15.92	15.92	16.562	16.033	16.25	415.42	415.34
07:45:49	16.284	15.92	15.92	16.563	16.031	16.248	415.42	415.34
07:46:49	16.284	15.918	15.919	16.559	16.029	16.246	415.42	415.34
07:47:49	16.283	15.917	15.923	16.56	16.029	16.244	415.42	415.34
07:48:49	16.284	15.915	15.923	16.567	16.028	16.248	415.42	415.34
07:49:49	16.285	15.914	15.925	16.565	16.031	16.247	415.42	415.34
07:50:49	16.282	15.914	15.922	16.566	16.025	16.244	415.42	415.34
07:51:49	16.279	15.912	15.922	16.562	16.024	16.242	415.42	415.34
07:52:49	16.279	15.911	15.923	16.562	16.023	16.246	415.42	415.34
07:53:49	16.276	15.91	15.917	16.557	16.022	16.24	415.42	415.34
07:54:49	16.275	15.91	15.92	16.559	16.024	16.235	415.42	415.34
07:55:49	16.276	15.908	15.921	16.563	16.024	16.24	415.42	415.34
07:56:49	16.276	15.908	15.921	16.57	16.025	16.238	415.42	415.34
07:57:49	16.276	15.904	15.921	16.571	16.022	16.238	415.42	415.34
07:58:49	16.277	15.904	15.92	16.573	16.022	16.24	415.42	415.34
07:59:49	16.276	15.904	15.922	16.575	16.025	16.232	415.42	415.34
08:00:49	16.277	15.906	15.922	16.581	16.028	16.239	415.42	415.34
08:01:49	16.278	15.91	15.926	16.581	16.023	16.24	415.42	415.34
08:02:50	16.278	15.91	15.926	16.577	16.025	16.241	415.42	415.34
08:03:49	0.0	15.91	15.925	16.575	16.026	16.24	415.42	415.34
08:04:49	16.281	15.913	15.928	16.573	16.03	16.238	415.42	415.34
08:05:50	16.281	15.915	15.927	16.58	16.034	16.243	415.42	415.34
08:06:49	16.28	15.918	15.927	16.582	16.034	16.249	415.42	415.34
08:07:50	16.28	15.918	15.926	16.582	16.034	16.25	415.42	415.34
08:08:49	16.28	15.92	15.927	16.584	16.038	16.251	415.42	415.34
08:09:50	16.282	15.923	15.929	16.584	16.04	16.252	415.42	415.34
08:10:49	0.0	15.923	15.932	16.583	16.04	16.25	415.42	415.34
08:11:51	16.282	15.922	15.929	16.58	16.037	16.252	415.42	415.34
08:12:49	16.281	15.925	15.929	16.581	16.038	16.251	415.42	415.34
08:13:49	16.283	15.924	15.925	16.57	16.037	16.247	415.42	415.34
08:14:49	16.283	15.924	15.92	16.565	16.036	16.248	415.42	415.34
08:15:49	16.283	15.927	15.917	16.565	16.041	16.248	415.42	415.34
08:16:49	16.282	15.925	15.919	16.561	16.039	16.247	415.42	415.34
08:17:49	16.283	15.925	15.92	16.564	16.039	16.247	415.42	415.34
08:18:49	16.282	15.924	15.918	16.563	16.038	16.244	415.42	415.34
08:19:49	16.283	15.924	15.917	16.56	16.039	16.249	415.42	415.34
08:20:49	16.282	15.925	15.916	16.56	16.041	16.246	415.42	415.34
08:21:50	16.279	15.922	15.916	16.555	16.037	16.239	415.42	415.34
08:22:50	16.278	15.918	15.913	16.548	16.029	16.231	415.42	415.34
08:23:50	16.279	15.917	15.912	16.549	16.031	16.239	415.42	415.34
08:24:50	16.278	15.916	15.917	16.553	16.033	16.241	415.42	415.34
08:25:50	16.279	15.914	15.913	16.553	16.032	16.244	415.42	415.34
08:26:50	16.279	15.915	15.918	16.555	16.032	16.247	415.42	415.34
08:27:50	16.28	15.914	15.919	16.553	16.034	16.251	415.42	415.34
08:28:50	16.279	15.916	15.919	16.555	16.032	16.249	415.42	415.34
08:29:50	16.28	15.917	15.922	16.561	16.034	16.25	415.42	415.34
08:30:50	16.279	15.915	15.913	16.563	16.032	16.247	415.42	415.34
08:31:50	16.278	15.913	15.909	16.553	16.03	16.248	415.42	415.34
08:32:50	16.277	15.912	15.905	16.546	16.028	16.247	415.42	415.34
08:33:50	16.278	15.912	15.901	16.549	16.032	16.249	415.42	415.34
08:34:50	16.276	15.91	15.898	16.539	16.028	16.248	415.42	415.34
08:35:50	16.275	15.909	15.899	16.539	16.029	16.245	415.42	415.34
08:36:50	16.274	15.909	15.904	16.538	16.029	16.249	415.42	415.34
08:37:50	16.274	15.909	15.902	16.535	16.025	16.248	415.42	415.34
08:38:50	16.273	15.907	15.904	16.524	16.025	16.242	415.42	415.34
08:39:50	16.273	15.905	15.9	16.521	16.021	16.241	415.42	415.34
08:40:50	16.273	15.906	15.898	16.517	16.024	16.247	415.42	415.34
08:41:50	16.273	15.906	15.891	16.512	16.021	16.239	415.42	415.34
08:42:50	16.273	15.904	15.884	16.51	16.021	16.232	415.42	415.34
08:43:50	16.273	15.904	15.886	16.506	16.022	16.231	415.42	415.34
08:44:50	16.273	15.904	15.887	16.506	16.018	16.238	415.42	415.34
08:45:50	16.272	15.898	15.889	16.498	16.02	16.234	415.42	415.34
08:46:50	16.272	15.9	15.891	16.503	16.027	16.237	415.42	415.34
08:47:50	16.273	15.902	15.887	16.507	16.025	16.239	415.42	415.34
08:48:50	16.273	15.902	15.887	16.505	16.024	16.239	415.42	415.34
08:49:50	16.274	15.904	15.893	16.504	16.027	16.24	415.42	415.34
08:50:50	16.273	15.905	15.885	16.497	16.024	16.24	415.42	415.34
08:51:50	0.0	15.908	15.884	16.501	16.029	16.238	415.42	415.34
08:52:50	16.274	15.909	15.884	16.503	16.032	16.241	415.42	415.34
08:53:50	16.276	15.91	15.872	16.5	16.035	16.247	415.42	415.34
08:54:50	16.274	15.91	15.865	16.487	16.03	16.239	415.42	415.34
08:55:50	16.274	15.909	15.863	16.487	16.03	16.239	415.42	415.34
08:56:50	16.273	15.906	15.86	16.482	16.029	16.238	415.42	415.34
08:57:52	16.273	15.905	15.864	16.482	16.027	16.239	415.42	415.34
08:58:50	16.273	15.908	15.866	16.483	16.033	16.248	415.42	415.34
08:59:50	16.273	15.911	15.868	16.488	16.034	16.249	415.42	415.34
09:00:50	16.274	15.912	15.868	16.489	16.036	16.248	415.42	415.34
09:01:50	16.276	15.916	15.877	16.494	16.041	16.25	415.42	415.34
09:02:50	16.275	15.917	15.878	16.488	16.038	16.245	415.42	415.34
09:03:50	16.275	15.916	15.875	16.483	16.037	16.241	415.42	415.34
09:04:50	16.277	15.917	15.866	16.48	16.038	16.245	415.42	415.34
09:05:50	16.276	15.917	15.864	16.478	16.037	16.246	415.42	415.34
09:06:50	16.275	15.919	15.873	16.485	16.041	16.249	415.42	415.34
09:07:50	16.274	15.921	15.87	16.489	16.043	16.248	415.42	415.34
09:08:50	16.274	15.92	15.872	16.487	16.038	16.24	415.42	415.34
09:09:50	16.275	15.921	15.869	16.489	16.04	16.239	415.42	415.34
09:10:50	16.274	15.918	15.87	16.489	16.04	16.242	415.42	415.34
09:11:50	16.276	15.92	15.875	16.49	16.041	16.246	415.42	415.34
09:12:50	16.276	15.921	15.874	16.486	16.041	16.245	415.42	415.34
09:13:50	16.276	15.922	15.856	16.479	16.042	16.243	415.42	415.34
09:14:50	16.274	15.921	15.844	16.473	16.042	16.243	415.42	415.34
09:15:50	16.273	15.919	15.845	16.473	16.04	16.24	415.42	415.34
09:16:50	0.0	15.919	15.844	16.473	16.043	16.242	415.42	415.34
09:17:50	16.274	15.919	15.844	16.473	16.041	16.243	415.42	415.34
09:18:50	16.274	15.919	15.851	16.474	16.041	16.246	415.42	415.34
09:19:50	16.273	15.919	15.851	16.476	16.039	16.242	415.42	415.34
09:20:50	16.272	15.917	15.852	16.478	16.037	16.244	415.42	415.34
09:21:50	16.273	15.917	15.842	16.477	16.039	16.249	415.42	415.34
09:22:50	16.274	15.916	15.834	16.476	16.04	16.25	415.42	415.34
09:23:50	16.273	15.917	15.837	16.479	16.041	16.248	415.42	415.34
09:24:50	16.273	15.918	15.844	16.476	16.042	16.251	415.42	415.34
09:25:50	16.274	15.917	15.848	16.475	16.041	16.251	415.42	415.34
09:26:50	16.272	15.915	15.848	16.469	16.037	16.249	415.42	415.34
09:27:50	16.272	15.914	15.846	16.471	16.037	16.25	415.42	415.34
09:28:50	16.272	15.913	15.849	16.473	16.038	16.25	415.42	415.34
09:29:50	16.273	15.913	15.855	16.473	16.038	16.249	415.42	415.34
09:30:50	16.272	15.911	15.847	16.48	16.035	16.25	415.42	415.34
09:31:50	16.271	15.908	15.838	16.479	16.031	16.251	415.42	415.34
09:32:50	16.272	15.908	15.834	16.48	16.034	16.252	415.42	415.34
09:33:50	16.271	15.906	15.837	16.481	16.033	16.251	415.42	415.34
09:34:50	16.272	15.905	15.838	16.481	16.034	16.251	415.42	415.34
09:35:50	16.272	15.907	15.842	16.479	16.037	16.252	415.42	415.34
09:36:50	16.271	15.907	15.849	16.48	16.036	16.252	415.42	415.34
09:37:50	16.272	15.907	15.849	16.479	16.036	16.25	415.42	415.34
09:38:50	16.27	15.905	15.842	16.478	16.03	16.244	415.42	415.34
09:39:50	16.27	15.904	15.834	16.473	16.033	16.246	415.42	415.34
09:40:50	16.27	15.901	15.827	16.466	16.027	16.245	415.42	415.34
09:41:50	16.269	15.896	15.828	16.463	16.027	16.244	415.42	415.34
09:42:50	16.269	15.895	15.826	16.471	16.027	16.242	415.42	415.34
09:43:50	16.269	15.897	15.827	16.481	16.028	16.242	415.42	415.34
09:44:50	16.27	15.899	15.827	16.484	16.025	16.247	415.42	415.34
09:45:50	16.268	15.901	15.835	16.48	16.025	16.248	415.42	415.34
09:46:50	16.269	15.902	15.84	16.48	16.027	16.247	415.42	415.34
09:47:50	16.269	15.902	15.841	16.475	16.028	16.249	415.42	415.34
09:48:50	16.269	15.902	15.84	16.473	16.028	16.25	415.42	415.34
09:49:50	16.27	15.901	15.847	16.473	16.029	16.252	415.42	415.34
09:50:50	16.269	15.903	15.855	16.473	16.032	16.252	415.42	415.34
09:51:50	16.268	15.902	15.845	16.471	16.033	16.251	415.42	415.34
09:52:50	16.268	15.902	15.834	16.465	16.032	16.248	415.42	415.34
09:53:50	16.269	15.903	15.826	16.464	16.032	16.248	415.42	415.34
09:54:50	16.268	15.904	15.829	16.46	16.029	16.248	415.42	415.34
09:55:50	16.268	15.904	15.83	16.46	16.032	16.246	415.42	415.34
09:56:50	16.268	15.902	15.824	16.455	16.029	16.246	415.42	415.34
09:57:50	16.269	15.904	15.83	16.461	16.033	16.251	415.42	415.34
09:58:50	16.268	15.904	15.829	16.464	16.035	16.25	415.42	415.34
09:59:51	16.267	15.904	15.823	16.462	16.032	16.248	415.42	415.34
10:00:50	16.267	15.904	15.823	16.467	16.031	16.25	415.42	415.34
10:01:50	16.266	15.906	15.829	16.47	16.034	16.251	415.42	415.34
10:02:50	16.265	15.904	15.833	16.468	16.032	16.251	415.42	415.34
10:03:50	16.266	15.903	15.839	16.467	16.033	16.25	415.42	415.34
10:04:50	16.265	15.901	15.844	16.464	16.029	16.243	415.42	415.34
10:05:50	16.265	15.9	15.846	16.466	16.031	16.245	415.42	415.34
10:06:50	16.265	15.901	15.839	16.465	16.031	16.247	415.42	415.34
10:07:52	16.265	15.901	15.835	16.46	16.031	16.248	415.42	415.34
10:08:50	16.265	15.898	15.835	16.456	16.031	16.249	415.42	415.34
10:09:50	16.264	15.897	15.835	16.453	16.029	16.246	415.42	0.0
10:10:50	16.263	15.896	15.832	16.451	16.028	16.236	415.42	415.34
10:11:50	16.263	15.896	15.841	16.446	16.026	16.238	415.42	415.34
10:12:50	16.261	15.893	15.838	16.444	16.022	16.242	415.42	415.34
10:13:50	16.261	15.889	15.838	16.439	16.02	16.242	415.42	415.34
10:14:50	16.261	15.89	15.837	16.443	16.022	16.239	415.42	415.34
10:15:50	16.258	15.888	15.816	16.439	16.019	16.239	415.42	415.34
10:16:50	16.257	15.885	15.807	16.443	16.019	16.237	415.42	415.34
10:17:50	16.256	15.884	15.814	16.446	16.016	16.235	415.42	415.34
10:18:50	16.252	15.884	15.823	16.446	16.017	16.237	415.42	415.34
10:19:50	16.249	15.881	15.822	16.441	16.013	16.237	415.42	415.34
10:20:50	16.25	15.881	15.832	16.445	16.019	16.237	415.42	415.34
10:21:50	16.251	15.882	15.83	16.439	16.017	16.235	415.42	415.34
10:22:50	16.25	15.882	15.826	16.435	16.016	16.231	415.42	415.34
10:23:50	16.25	15.882	15.831	16.438	16.018	16.234	415.42	415.34
10:24:50	16.253	15.885	15.828	16.438	16.022	16.243	415.42	415.34
10:25:50	16.254	15.888	15.823	16.441	16.023	16.236	415.42	415.34
10:26:50	16.253	15.886	15.823	16.435	16.017	16.231	415.42	415.34
10:27:50	16.254	15.885	15.83	16.435	16.019	16.238	415.42	415.34
10:28:50	16.255	15.885	15.825	16.437	16.02	16.242	415.42	415.34
10:29:50	16.255	15.887	15.828	16.435	16.023	16.241	415.42	415.34
10:30:50	16.254	15.887	15.826	16.444	16.024	16.236	415.42	415.34
10:31:50	16.255	15.887	15.825	16.448	16.02	16.234	415.42	415.34
10:32:50	16.254	15.888	15.829	16.452	16.024	16.236	415.42	415.34
10:33:50	16.255	15.888	15.83	16.453	16.024	16.24	415.42	415.34
10:34:50	16.253	15.888	15.828	16.452	16.02	16.239	415.42	415.34
10:35:50	16.254	15.888	15.825	16.446	16.02	16.235	415.42	415.34
10:36:50	16.254	15.887	15.82	16.447	16.02	16.238	415.42	415.34
10:37:51	16.255	15.888	15.816	16.445	16.023	16.244	415.42	415.34
10:38:50	0.0	15.887	15.812	16.451	16.022	16.242	415.42	415.34
10:39:50	16.254	15.888	15.815	16.455	16.022	16.243	415.42	415.34
10:40:50	16.254	15.889	15.82	16.455	16.024	16.242	415.42	415.34
10:41:50	16.253	15.889	15.819	16.453	16.024	16.241	415.42	415.34
10:42:50	16.255	15.887	15.826	16.449	16.025	16.242	415.42	415.34
10:43:50	16.254	15.888	15.834	16.449	16.025	16.244	415.42	415.34
10:44:50	16.256	15.887	15.832	16.446	16.023	16.245	415.42	415.34
10:45:50	16.255	15.887	15.819	16.447	16.023	16.245	415.42	415.34
10:46:50	16.255	15.888	15.827	16.448	16.024	16.246	415.42	415.34
10:47:50	16.254	15.889	15.82	16.451	16.026	16.247	415.42	415.34
10:48:50	16.255	15.891	15.825	16.45	16.029	16.248	415.42	415.34
10:49:50	16.254	15.89	15.825	16.448	16.026	16.243	415.42	415.34
10:50:50	16.256	15.89	15.82	16.439	16.025	16.239	415.42	415.34
10:51:50	16.255	15.892	15.815	16.44	16.025	16.238	415.42	415.34
10:52:50	16.253	15.89	15.812	16.437	16.025	16.235	415.42	415.34
10:53:50	16.255	15.89	15.815	16.437	16.025	16.238	415.42	415.34
10:54:50	16.253	15.887	15.818	16.434	16.021	16.229	415.42	415.34
10:55:50	16.253	15.886	15.819	16.441	16.022	16.235	415.42	415.34
10:56:50	16.252	15.883	15.826	16.432	16.018	16.235	415.42	415.34
10:57:50	16.252	15.881	15.83	16.431	16.018	16.24	415.42	415.34
10:58:50	16.254	15.881	15.823	16.435	16.02	16.238	415.42	415.34
10:59:50	16.253	15.881	15.822	16.435	16.02	16.239	415.42	415.34
11:00:50	16.252	15.879	15.816	16.437	16.016	16.239	415.42	415.34
11:01:50	16.252	15.879	15.815	16.439	16.017	16.242	415.42	415.34
11:02:50	16.251	15.878	15.816	16.439	16.017	16.242	415.42	415.34
11:03:50	16.253	15.879	15.822	16.44	16.02	16.244	415.42	415.34
11:04:50	16.251	15.881	15.816	16.441	16.023	16.245	415.42	415.34
11:05:50	16.249	15.88	15.807	16.434	16.019	16.243	415.42	415.34
11:06:50	16.247	15.878	15.805	16.428	16.017	16.243	415.42	415.34
11:07:50	16.248	15.878	15.806	16.43	16.017	16.243	415.42	415.34
11:08:50	16.247	15.877	15.805	16.432	16.016	16.243	415.42	415.34
11:09:50	16.247	15.872	15.801	16.425	16.013	16.244	415.42	415.34
11:10:50	16.247	15.872	15.805	16.424	16.015	16.241	415.42	415.34
11:11:50	16.243	15.87	15.806	16.419	16.01	16.232	415.42	415.34
11:12:50	16.243	15.869	15.799	16.412	16.008	16.231	415.42	415.34
11:13:50	16.243	15.868	15.8	16.417	16.013	16.232	415.42	415.34
11:14:50	16.243	15.871	15.802	16.421	16.013	16.234	415.42	415.34
11:15:50	16.241	15.87	15.799	16.417	16.008	16.231	415.42	415.34
11:16:50	16.241	15.868	15.797	16.42	16.009	16.228	415.42	415.34
11:17:50	16.24	15.868	15.794	16.417	16.008	16.228	415.42	415.34
11:18:50	16.239	15.866	15.806	16.408	16.006	16.226	415.42	415.34
11:19:50	16.238	15.865	15.811	16.412	16.011	16.23	415.42	415.34
11:20:50	16.24	15.867	15.811	16.415	16.014	16.228	415.42	415.34
11:21:50	16.238	15.867	15.808	16.417	16.012	16.228	415.42	415.34
11:22:50	16.239	15.868	15.809	16.416	16.012	16.227	415.42	415.34
11:23:50	16.238	15.864	15.8	16.41	16.006	16.223	415.42	415.34
11:24:50	16.235	15.862	15.797	16.406	16.009	16.223	415.42	415.34
11:25:50	16.231	15.857	15.799	16.403	16.009	16.221	415.42	415.34
11:26:50	16.232	15.86	15.795	16.403	16.008	16.221	415.42	415.34
11:27:50	16.233	15.863	15.79	16.403	16.007	16.222	415.42	415.34
11:28:50	16.233	15.866	15.783	16.41	16.013	16.23	415.42	415.34
11:29:51	16.234	15.867	15.784	16.402	16.009	16.227	415.42	415.34
11:30:50	16.235	15.866	15.779	16.402	16.011	16.225	415.42	415.34
11:31:50	16.233	15.863	15.775	16.396	16.007	16.223	415.42	415.34
11:32:50	16.227	15.857	15.767	16.38	15.995	16.212	415.42	415.34
11:33:50	16.228	15.853	15.77	16.378	16.003	16.223	415.42	415.34
11:34:52	16.23	15.854	15.768	16.381	16.002	16.221	415.42	415.34
11:35:50	16.23	15.855	15.768	16.368	16.007	16.226	415.42	415.34
11:36:50	16.232	15.86	15.776	16.374	16.012	16.229	415.42	415.34
11:37:50	16.233	15.862	15.774	16.378	16.009	16.226	415.42	415.34
11:38:50	16.234	15.862	15.778	16.378	16.009	16.229	415.42	415.34
11:39:50	16.234	15.863	15.778	16.375	16.013	16.232	415.42	415.34
11:40:50	16.236	15.862	15.771	16.369	16.011	16.23	415.42	415.34
11:41:51	16.237	15.866	15.761	16.372	16.014	16.232	415.42	415.34
11:42:50	16.236	15.865	15.763	16.368	16.011	16.226	415.42	415.34
11:43:51	16.233	15.865	15.768	16.365	16.009	16.225	415.42	415.34
11:44:50	16.232	15.862	15.77	16.361	16.007	16.225	415.42	415.34
11:45:50	16.232	15.862	15.775	16.352	16.012	16.234	415.42	415.34
11:46:51	16.229	15.859	15.762	16.334	16.007	16.233	415.42	415.34
11:47:51	16.233	15.862	15.758	16.347	16.016	16.239	415.42	415.34
11:48:50	16.234	15.865	15.748	16.345	16.015	16.235	415.42	415.34
11:49:51	16.234	15.867	15.753	16.345	16.016	16.239	415.42	415.34
11:50:51	16.235	15.869	15.75	16.346	16.018	16.238	415.42	415.34
11:51:50	16.235	15.866	15.734	16.339	16.011	16.233	415.42	415.34
11:52:51	16.23	15.863	15.73	16.33	16.007	16.233	415.42	415.34
11:53:51	16.229	15.865	15.735	16.333	16.012	16.231	415.42	415.34
11:54:51	16.233	15.866	15.739	16.334	16.019	16.238	415.42	415.34
11:55:51	16.233	15.87	15.735	16.33	16.021	16.242	415.42	415.34
11:56:50	16.231	15.867	15.724	16.322	16.013	16.222	415.42	415.34
11:57:51	16.233	15.867	15.738	16.322	16.015	16.229	415.42	415.34
11:58:51	16.233	15.871	15.728	16.327	16.022	16.237	415.42	415.34
11:59:51	16.234	15.875	15.722	16.331	16.031	16.233	415.42	415.34
12:00:51	16.233	15.88	15.723	16.337	16.034	16.232	415.42	415.34
12:01:51	16.235	15.882	15.734	16.342	16.031	16.228	415.42	415.34
12:02:51	16.232	15.88	15.728	16.34	16.019	16.229	415.42	415.34
12:03:51	16.234	15.879	15.728	16.338	16.021	16.23	415.42	415.34
12:04:52	16.234	15.877	15.733	16.333	16.021	16.235	415.42	415.34
12:05:51	16.234	15.876	15.732	16.335	16.022	16.236	415.42	415.34
12:06:50	16.232	15.878	15.729	16.336	16.023	16.234	415.42	415.34
12:07:51	16.232	15.875	15.732	16.336	16.018	16.233	415.42	415.34
12:08:51	16.233	15.873	15.731	16.337	16.019	16.231	415.42	415.34
12:09:53	16.234	15.872	15.727	16.333	16.019	16.234	415.42	415.34
12:10:50	16.232	15.868	15.734	16.333	16.015	16.23	415.42	415.34
12:11:51	16.231	15.864	15.728	16.329	16.012	16.23	415.42	415.34
12:12:50	16.233	15.862	15.715	16.329	16.016	16.238	415.42	415.34
12:13:50	16.234	15.863	15.715	16.333	16.019	16.238	415.42	415.34
12:14:51	16.227	15.853	15.706	16.316	16.005	16.222	415.42	415.34
12:15:51	16.223	15.849	15.697	16.315	16.008	16.229	415.42	415.34
12:16:51	16.226	15.852	15.695	16.318	16.015	16.232	415.42	415.34
12:17:50	16.226	15.853	15.69	16.313	16.007	16.233	415.42	415.34
12:18:51	16.226	15.852	15.686	16.315	16.006	16.233	415.42	415.34
12:19:51	16.225	15.854	15.689	16.318	16.009	16.231	415.42	415.34
12:20:50	16.221	15.851	15.696	16.32	16.008	16.232	415.42	415.34
12:21:50	16.223	15.854	15.699	16.322	16.014	16.239	415.42	415.34
12:22:51	16.222	15.854	15.683	16.316	16.009	16.237	415.42	415.34
12:23:50	16.222	15.854	15.682	16.316	16.008	16.237	415.42	415.34
12:24:51	16.222	15.85	15.677	16.307	16.002	16.234	415.42	415.34
12:25:51	16.223	15.854	15.689	16.312	16.01	16.233	415.42	415.34
12:26:52	16.226	15.853	15.701	16.317	16.012	16.235	415.42	415.34
12:27:51	0.0	15.854	15.688	16.312	16.011	16.234	415.42	415.34
12:28:52	16.224	15.854	15.688	16.312	16.013	16.235	415.42	415.34
12:29:51	0.0	15.853	15.684	16.311	16.012	16.237	415.42	415.34
12:30:51	16.224	15.854	15.674	16.311	16.014	16.236	415.42	415.34
12:31:51	16.223	15.856	15.682	16.311	16.016	16.239	415.42	415.34
12:32:52	16.224	15.858	15.688	16.316	16.017	16.239	415.42	415.34
12:33:51	16.222	15.855	15.699	16.315	16.012	16.239	415.42	415.34
12:34:51	16.222	15.853	15.712	16.322	16.013	16.23	415.42	415.34
12:35:51	16.225	15.854	15.713	16.323	16.013	16.239	415.42	415.34
12:36:51	16.226	15.855	15.715	16.331	16.014	16.238	415.42	415.34
12:37:51	16.224	15.855	15.698	16.328	16.014	16.237	415.42	415.34
12:38:51	16.225	15.855	15.698	16.333	16.013	16.228	415.42	415.34
12:39:51	16.225	15.857	15.694	16.333	16.017	16.234	415.42	415.34
12:40:51	16.225	15.858	15.695	16.325	16.014	16.231	415.42	415.34
12:41:51	16.225	15.857	15.701	16.323	16.016	16.236	415.42	415.34
12:42:51	16.224	15.857	15.689	16.317	16.012	16.235	415.42	415.34
12:43:51	16.222	15.855	15.684	16.309	16.006	16.232	415.42	415.34
12:44:51	16.22	15.849	15.677	16.299	16.003	16.232	415.42	415.34
12:45:51	16.222	15.849	15.685	16.304	16.012	16.235	415.42	415.34
12:46:51	16.221	15.851	15.683	16.305	16.013	16.237	415.42	415.34
12:47:51	16.221	15.854	15.687	16.309	16.018	16.238	415.42	415.34
12:48:51	16.222	15.858	15.69	16.31	16.021	16.238	415.42	415.34
12:49:51	16.222	15.861	15.689	16.313	16.023	16.238	415.42	415.34
12:50:52	16.22	15.864	15.681	16.312	16.023	16.229	415.42	415.34
12:51:51	16.218	15.861	15.675	16.307	16.016	16.229	415.42	415.34
12:52:51	16.22	15.859	0.0	16.308	16.017	16.233	415.42	415.34
12:53:51	16.217	15.857	15.671	16.305	16.015	16.235	415.42	415.34
12:54:51	16.218	15.856	15.666	16.306	16.012	16.231	415.42	415.34
12:55:51	16.212	15.852	15.666	16.301	16.011	16.232	415.42	415.34
12:56:51	16.215	15.853	15.669	16.297	16.013	16.235	415.42	415.34
12:57:51	16.213	15.85	15.665	16.296	16.011	16.229	415.42	415.34
12:58:51	16.214	15.845	15.666	16.291	16.009	16.227	415.42	415.34
12:59:51	16.217	15.846	15.668	16.296	16.015	16.236	415.42	415.34
13:00:51	16.214	15.846	15.66	16.291	16.006	16.233	415.42	415.34
13:01:51	16.215	15.845	15.66	16.291	16.01	16.234	415.42	415.34
13:02:51	16.217	15.845	15.663	16.285	16.014	16.238	415.42	415.34
13:03:51	16.219	15.849	15.671	16.292	16.02	16.237	415.42	415.34
13:04:51	16.215	15.849	15.667	16.29	16.015	16.232	415.42	415.34
13:05:51	16.213	15.843	15.66	16.275	16.003	16.229	415.42	415.34
13:06:51	16.213	15.841	15.66	16.264	16.001	16.231	415.42	415.34
13:07:51	16.21	15.839	15.649	16.265	16.005	16.229	415.42	415.34
13:08:51	16.212	15.841	15.641	16.264	16.011	16.237	415.42	415.34
13:09:51	16.207	15.837	15.623	16.249	16.001	16.232	415.42	415.34
13:10:51	16.21	15.843	15.629	16.255	16.018	16.235	415.42	415.34
13:11:51	16.211	15.85	15.637	16.252	16.019	16.233	415.42	415.34
13:12:51	16.205	15.845	15.639	16.242	16.005	16.218	415.42	415.34
13:13:51	16.208	15.844	15.629	16.244	16.009	16.229	415.42	415.34
13:14:51	16.207	15.844	15.63	16.242	16.01	16.229	415.42	415.34
13:15:51	16.206	15.84	15.623	16.23	16.003	16.227	415.42	415.34
13:16:51	16.206	15.838	15.61	16.232	16.006	16.227	415.42	415.34
13:17:51	16.207	15.839	15.608	16.232	16.007	16.224	415.42	415.34
13:18:51	16.207	15.837	15.593	16.224	16.006	16.22	415.42	415.34
13:19:51	16.206	15.837	15.589	16.22	16.008	16.227	415.42	415.34
13:20:53	16.204	15.835	15.594	16.21	16.006	16.22	415.42	415.34
13:21:51	16.205	15.837	15.596	16.215	16.009	16.227	415.42	415.34
13:22:51	16.204	15.839	15.598	16.216	16.011	16.229	415.42	415.34
13:23:51	16.204	15.845	15.595	16.224	16.017	16.224	415.42	415.34
13:24:51	16.202	15.841	15.593	16.215	16.004	16.216	415.42	415.34
13:25:51	16.206	15.846	15.606	16.224	16.022	16.229	415.42	415.34
13:26:51	16.204	15.848	15.602	16.218	16.018	16.225	415.42	415.34
13:27:51	16.203	15.849	15.606	16.222	16.015	16.223	415.42	415.34
13:28:51	16.204	15.846	15.599	16.218	16.011	16.219	415.42	415.34
13:29:51	16.201	15.84	15.591	16.211	16.007	16.222	415.42	415.34
13:30:51	16.199	15.836	15.581	16.198	16.002	16.227	415.42	415.34
13:31:51	16.198	15.834	15.571	16.197	16.005	16.22	415.42	415.34
13:32:51	16.2	15.834	15.584	16.194	16.008	16.229	415.42	415.34
13:33:51	16.2	15.835	15.595	16.2	16.008	16.231	415.42	415.34
13:34:51	16.202	15.832	15.585	16.197	16.006	16.235	415.42	415.34
13:35:51	16.204	15.836	15.586	16.204	16.015	16.237	415.42	415.34
13:36:51	16.201	15.839	15.587	16.205	16.016	16.231	415.42	415.34
13:37:51	16.2	15.837	15.581	16.2	16.009	16.224	415.42	415.34
13:38:51	16.197	15.834	15.578	16.199	16.007	16.225	415.42	415.34
13:39:51	16.196	15.836	15.577	16.2	16.008	16.218	415.42	415.34
13:40:51	16.192	15.832	15.564	16.194	16.007	16.216	415.42	415.34
13:41:51	16.194	15.833	15.553	16.191	16.008	16.221	415.42	415.34
13:42:51	16.195	15.831	15.565	16.186	16.005	16.222	415.42	415.34
13:43:51	16.197	15.833	15.576	16.193	16.016	16.232	415.42	415.34
13:44:51	16.194	15.836	15.574	16.188	16.013	16.226	415.42	415.34
13:45:51	16.196	15.837	15.576	16.194	16.018	16.226	415.42	415.34
13:46:51	16.197	15.84	15.563	16.192	16.017	16.221	415.42	415.34
13:47:51	16.198	15.836	15.56	16.191	16.011	16.225	415.42	415.34
13:48:51	16.196	15.837	15.551	16.193	16.009	16.221	415.42	415.34
13:49:51	16.194	15.834	15.559	16.189	16.007	16.226	415.42	415.34
13:50:51	16.195	15.834	15.556	16.192	16.012	16.229	415.42	415.34
13:51:51	16.195	15.836	15.554	16.193	16.013	16.228	415.42	415.34
13:52:51	16.194	15.838	15.559	16.199	16.017	16.23	415.42	415.34
13:53:51	16.197	15.841	15.558	16.206	16.019	16.233	415.42	415.34
13:54:51	16.193	15.84	15.561	16.206	16.018	16.219	415.42	415.34
13:55:51	16.193	15.843	15.559	16.209	16.022	16.226	415.42	415.34
13:56:51	16.191	15.844	15.553	16.21	16.021	16.223	415.42	415.34
13:57:51	16.188	15.839	15.559	16.201	16.012	16.211	415.42	415.34
13:58:51	16.192	15.837	15.576	16.205	16.017	16.224	415.42	415.34
13:59:51	16.191	15.837	15.579	16.205	16.023	16.231	415.42	415.34
14:00:51	16.192	15.838	15.583	16.202	16.021	16.23	415.42	415.34
14:01:51	16.191	15.836	15.573	16.204	16.015	16.229	415.42	415.34
14:02:51	16.19	15.831	15.573	16.198	16.008	16.22	415.42	415.34
14:03:51	16.189	15.83	15.578	16.2	16.009	16.226	415.42	415.34
14:04:51	16.187	15.822	15.565	16.183	16.001	16.22	415.42	415.34
14:05:51	16.187	15.821	15.552	16.184	16.005	16.223	415.42	415.34
14:06:51	16.183	15.816	15.544	16.174	15.996	16.22	415.42	415.34
14:07:51	16.184	15.816	15.541	16.179	16.006	16.23	415.42	415.34
14:08:51	16.185	15.82	15.54	16.179	16.014	16.226	415.42	415.34
14:09:51	16.18	15.817	15.521	16.166	15.997	16.209	415.42	415.34
14:10:51	16.176	15.809	15.537	16.163	15.992	16.211	415.42	415.34
14:11:51	16.179	15.808	15.531	16.163	15.996	16.222	415.42	415.34
14:12:51	16.18	15.808	15.522	16.16	15.998	16.222	415.42	415.34
14:13:51	16.183	15.807	15.528	16.162	15.996	16.228	415.42	415.34
14:14:51	16.18	15.808	15.543	16.162	15.996	16.224	415.42	415.34
14:15:51	16.175	15.803	15.532	16.147	15.986	16.224	415.42	415.34
14:16:51	16.171	15.797	15.525	16.146	15.985	16.221	415.42	415.34
14:17:51	16.173	15.798	15.52	16.144	15.988	16.222	415.42	415.34
14:18:51	16.172	15.797	15.519	16.145	15.986	16.223	415.42	415.34
14:19:51	16.171	15.792	15.509	16.135	15.976	16.206	415.42	415.34
14:20:51	16.166	15.784	15.51	16.124	15.974	16.193	415.42	415.34
14:21:51	16.163	15.779	15.497	16.116	15.981	16.198	415.42	415.34
14:22:51	16.163	15.784	15.495	16.122	15.982	16.197	415.42	415.34
14:23:52	16.162	15.782	15.488	16.114	15.976	16.205	415.42	415.34
14:24:51	0.0	15.779	15.481	16.114	15.971	16.205	415.42	415.34
14:25:52	16.157	15.782	15.488	16.114	15.978	16.203	415.42	415.34
14:26:51	16.159	15.78	15.491	16.113	15.977	16.206	415.42	415.34
14:27:53	16.16	15.78	15.491	16.11	15.977	16.196	415.42	415.34
14:28:51	16.161	15.782	15.484	16.111	15.974	16.193	415.42	415.34
14:29:53	16.16	15.782	15.489	16.112	15.975	16.194	415.42	415.34
14:30:51	16.156	15.777	15.476	16.102	15.966	16.181	415.42	415.34
14:31:51	16.152	15.776	15.455	16.105	15.97	16.187	415.42	415.34
14:32:51	16.151	15.768	15.452	16.095	15.962	16.169	415.42	415.34
14:33:51	16.152	15.764	15.459	16.102	15.966	16.18	415.42	415.34
14:34:51	16.149	15.766	15.471	16.105	15.965	16.194	415.42	415.34
14:35:51	16.152	15.768	15.488	16.116	15.977	16.201	415.42	415.34
14:36:51	16.156	15.774	15.497	16.13	15.98	16.2	415.42	415.34
14:37:51	16.157	15.779	15.487	16.129	15.979	16.202	415.42	415.34
14:38:51	16.16	15.782	15.496	16.133	15.981	16.199	415.42	415.34
14:39:51	16.16	15.783	15.489	16.139	15.98	16.197	415.42	415.34
14:40:51	16.159	15.784	15.492	16.139	15.978	16.208	415.42	415.34
14:41:51	16.163	15.788	15.5	16.151	15.987	16.213	415.42	415.34
14:42:51	16.16	15.789	15.493	16.146	15.987	16.217	415.42	415.34
14:43:51	16.161	15.792	15.489	16.146	15.988	16.217	415.42	415.34
14:44:51	16.156	15.786	15.487	16.129	15.973	16.19	415.42	415.34
14:45:51	16.158	15.786	15.481	16.127	15.985	16.208	415.42	415.34
14:46:51	16.159	15.787	15.478	16.12	15.978	16.21	415.42	415.34
14:47:51	16.15	15.78	15.47	16.097	15.964	16.188	415.42	415.34
14:48:51	16.15	15.778	15.463	16.094	15.972	16.199	415.42	415.34
14:49:51	16.152	15.778	15.466	16.078	15.972	16.209	415.42	415.34
14:50:51	16.15	15.773	15.464	16.079	15.968	16.201	415.42	415.34
14:51:51	16.148	15.775	15.451	16.079	15.972	16.198	415.42	415.34
14:52:51	16.145	15.774	15.447	16.068	15.975	16.201	415.42	415.34
14:53:51	16.145	15.774	15.447	16.061	15.969	16.203	415.42	415.34
14:54:51	16.148	15.77	15.442	16.059	15.971	16.201	415.42	415.34
14:55:51	16.141	15.768	15.426	16.057	15.959	16.199	415.42	415.34
14:56:51	16.139	15.764	15.419	16.051	15.966	16.201	415.42	415.34
14:57:51	16.143	15.763	15.421	16.034	15.968	16.195	415.42	415.34
14:58:51	16.143	15.764	15.416	16.025	15.965	16.202	415.42	415.34
14:59:51	16.14	15.763	15.41	16.028	15.96	16.209	415.42	415.34
15:00:51	16.14	15.764	15.406	16.026	15.959	16.2	415.42	415.34
15:01:51	16.141	15.762	15.404	16.019	15.959	16.19	415.42	415.34
15:02:53	16.143	15.766	15.396	16.028	15.97	16.197	415.42	415.34
15:03:51	16.143	15.768	15.385	16.027	15.97	16.201	415.42	415.34
15:04:51	16.143	15.763	15.376	16.021	15.965	16.199	415.42	415.34
15:05:51	16.142	15.765	15.365	16.019	15.964	16.2	415.42	415.34
15:06:51	16.138	15.762	15.355	16.007	15.96	16.203	415.42	415.34
15:07:51	16.135	15.756	15.356	15.998	15.956	16.205	415.42	415.34
15:08:51	16.136	15.759	15.367	15.996	15.966	16.201	415.42	415.34
15:09:51	16.142	15.767	15.366	16.01	15.978	16.206	415.42	415.34
15:10:51	16.143	15.771	15.38	16.017	15.979	16.212	415.42	415.34
15:11:51	16.141	15.768	15.371	16.005	15.967	16.207	415.42	415.34
15:12:51	16.137	15.763	15.377	15.997	15.964	16.198	415.42	415.34
15:13:51	16.141	15.771	15.38	16.011	15.984	16.209	415.42	415.34
15:14:51	16.135	15.765	15.375	15.996	15.971	16.178	415.42	415.34
15:15:51	16.135	15.763	15.374	0.0	15.966	16.184	415.42	415.34
15:16:51	16.139	15.764	15.366	15.993	15.975	16.199	415.42	415.34
15:17:51	16.14	15.765	15.357	15.993	15.974	16.205	415.42	415.34
15:18:51	16.141	15.767	15.349	16.001	15.98	16.204	415.42	415.34
15:19:51	16.139	15.768	15.338	15.984	15.974	16.19	415.42	415.34
15:20:51	16.133	15.763	15.326	15.968	15.967	16.184	415.42	415.34
15:21:51	16.134	15.762	15.317	15.964	15.965	16.193	415.42	415.34
15:22:51	16.136	15.76	15.316	15.963	15.969	16.196	415.42	415.34
15:23:51	16.14	15.763	15.333	15.972	15.978	16.206	415.42	415.34
15:24:51	16.14	15.767	15.332	15.972	15.978	16.196	415.42	415.34
15:25:51	16.139	15.769	15.331	15.968	15.981	16.198	415.42	415.34
15:26:51	16.139	15.766	15.335	15.966	15.979	16.199	415.42	415.34
15:27:51	16.135	15.77	15.315	15.969	15.982	16.192	415.42	415.34
15:28:51	16.132	15.767	15.311	15.964	15.976	16.186	415.42	415.34
15:29:51	16.133	15.761	15.309	15.964	15.974	16.199	415.42	415.34
15:30:51	16.131	15.758	15.302	15.962	15.971	16.191	415.42	415.34
15:31:51	16.129	15.758	15.299	15.961	15.973	16.197	415.42	415.34
15:32:51	16.127	15.751	15.299	15.954	15.967	16.196	415.42	415.34
15:33:51	16.131	15.758	15.308	15.963	15.986	16.211	415.42	415.34
15:34:51	16.13	15.762	15.3	15.957	15.98	16.2	415.42	415.34
15:35:51	16.131	15.766	15.308	15.954	15.988	16.2	415.42	415.34
15:36:51	16.131	15.767	15.311	15.951	15.988	16.202	415.42	415.34
15:37:51	16.132	15.769	15.298	15.95	15.987	16.2	415.42	415.34
15:38:52	16.131	15.766	15.297	15.952	15.99	16.202	415.42	415.34
15:39:51	16.128	15.771	15.302	15.958	16.0	16.203	415.42	415.34
15:40:51	16.126	15.773	15.304	15.954	16.0	16.196	415.42	415.34
15:41:51	16.124	15.773	15.306	15.955	16.0	16.193	415.42	415.34
15:42:51	16.125	15.776	15.303	15.957	16.004	16.2	415.42	415.34
15:43:51	16.124	15.775	15.301	15.962	16.004	16.202	415.42	415.34
15:44:51	16.121	15.772	15.303	15.956	15.992	16.2	415.42	415.34
15:45:51	16.121	15.765	15.29	15.949	15.984	16.204	415.42	415.34
15:46:51	16.114	15.755	15.281	15.937	15.974	16.209	415.42	415.34
15:47:51	16.121	15.756	15.302	15.949	15.99	16.214	415.42	415.34
15:48:51	16.115	15.759	15.303	15.946	15.989	16.195	415.42	415.34
15:49:51	16.118	15.754	15.303	15.938	15.986	16.194	415.42	415.34
15:50:51	16.116	15.757	15.284	15.934	15.99	16.206	415.42	415.34
15:51:51	16.117	15.756	15.279	15.929	15.988	16.209	415.42	415.34
15:52:51	16.118	15.757	15.269	15.927	15.993	16.211	415.42	415.34
15:53:51	16.117	15.756	15.273	15.925	15.985	16.193	415.42	415.34
15:54:51	16.113	15.752	15.266	15.917	15.981	16.199	415.42	415.34
15:55:51	16.115	15.751	15.276	15.931	15.984	16.213	415.42	415.34
15:56:51	16.116	15.75	15.277	15.929	15.979	16.208	415.42	415.34
15:57:51	16.112	15.743	15.264	15.911	15.975	16.208	415.42	415.34
15:58:51	16.111	15.744	15.267	15.91	15.978	16.207	415.42	415.34
15:59:51	16.111	15.748	15.294	15.918	15.982	16.215	415.42	415.34
16:00:51	16.113	15.751	15.297	15.921	15.991	16.214	415.42	415.34
16:01:51	16.108	15.752	15.29	15.919	15.986	16.201	415.42	415.34
16:02:51	16.11	15.752	15.281	15.921	15.986	16.197	415.42	415.34
16:03:51	16.109	15.753	15.277	15.928	15.992	16.189	415.42	415.34
16:04:51	16.107	15.753	15.282	15.927	15.991	16.195	415.42	415.34
16:05:51	16.107	15.751	15.283	15.92	15.984	16.185	415.42	415.34
16:06:51	16.109	15.751	15.283	15.929	15.994	16.204	415.42	415.34
16:07:51	16.104	15.755	15.279	15.934	15.995	16.195	415.42	415.34
16:08:51	16.105	15.759	15.282	15.94	15.998	16.196	415.42	415.34
16:09:51	16.104	15.759	15.276	15.938	15.999	16.206	415.42	415.34
16:10:51	16.103	15.757	15.28	15.928	15.993	16.201	415.42	415.34
16:11:51	16.103	15.756	15.285	15.936	15.997	16.205	415.42	415.34
16:12:51	16.101	15.758	15.279	15.938	15.999	16.207	415.42	415.34
16:13:51	16.096	15.753	15.273	15.93	15.99	16.206	415.42	415.34
16:14:51	16.099	15.753	15.267	15.939	15.991	16.209	415.42	415.34
16:15:51	16.098	15.751	15.267	15.942	15.992	16.205	415.42	415.34
16:16:51	16.098	15.751	15.26	15.941	16.001	16.206	415.42	415.34
16:17:52	16.096	15.746	15.256	15.928	15.988	16.188	415.42	415.34
16:18:51	16.096	15.743	15.264	15.929	15.99	16.194	415.42	415.34
16:19:51	16.095	15.742	15.263	15.931	15.993	16.203	415.42	415.34
16:20:51	16.097	15.744	15.264	15.933	15.996	16.206	415.42	415.34
16:21:51	16.1	15.742	15.26	15.927	15.995	16.205	415.42	415.34
16:22:51	16.099	15.749	15.281	15.932	16.007	16.21	415.42	415.34
16:23:51	16.093	15.748	15.264	15.923	15.999	16.195	415.42	415.34
16:24:51	16.095	15.743	15.259	15.919	15.991	16.203	415.42	415.34
16:25:51	16.094	15.747	15.256	15.929	16.004	16.211	415.42	415.34
16:26:51	16.093	15.751	15.258	15.938	16.007	16.208	415.42	415.34
16:27:51	16.097	15.757	15.261	15.952	16.011	16.209	415.42	415.34
16:28:51	16.097	15.762	15.258	15.949	16.021	16.205	415.42	415.34
16:29:51	16.098	15.762	15.262	15.953	16.025	16.206	415.42	415.34
16:30:51	16.1	15.761	15.268	15.96	16.029	16.204	415.42	415.34
16:31:51	16.096	15.757	15.258	15.951	16.019	16.196	415.42	415.34
16:32:51	16.091	15.755	15.254	15.947	16.013	16.202	415.42	415.34
16:33:51	16.089	15.749	15.267	15.949	16.004	16.206	415.42	415.34
16:34:51	16.091	15.75	15.283	15.954	16.017	16.212	415.42	415.34
16:35:51	16.089	15.752	15.276	15.96	16.017	16.199	415.42	415.34
16:36:51	16.087	15.753	15.277	15.962	16.015	16.199	415.42	415.34
16:37:51	16.084	15.746	15.273	15.949	16.003	16.205	415.42	415.34
16:38:51	16.084	15.742	15.277	15.946	16.005	16.209	415.42	415.34
16:39:51	16.084	15.744	15.276	15.954	16.011	16.206	415.42	415.34
16:40:51	16.084	15.747	15.276	15.954	16.017	16.2	415.42	415.34
16:41:51	16.086	15.743	15.277	15.946	16.018	16.201	415.42	415.34
16:42:51	16.087	15.743	15.274	15.957	16.016	16.204	415.42	415.34
16:43:51	16.085	15.742	15.279	15.958	16.014	16.2	415.42	415.34
16:44:51	16.083	15.739	15.273	15.951	16.009	16.194	415.42	415.34
16:45:51	16.082	15.736	15.271	15.941	16.003	16.201	415.42	415.34
16:46:51	16.083	15.739	15.275	15.945	16.009	16.207	415.42	415.34
16:47:51	16.084	15.741	15.276	15.941	16.015	16.203	415.42	415.34
16:48:51	16.083	15.741	15.271	15.942	16.011	16.206	415.42	415.34
16:49:51	16.082	15.737	15.26	15.93	16.002	16.2	415.42	415.34
16:50:51	16.083	15.737	15.266	15.932	16.008	16.205	415.42	415.34
16:51:51	16.082	15.739	15.278	15.93	16.019	16.202	415.42	415.34
16:52:51	16.079	15.74	15.277	15.934	16.015	16.197	415.42	415.34
16:53:51	16.076	15.735	15.266	15.931	16.002	16.194	415.42	415.34
16:54:51	16.074	15.731	15.274	15.932	15.993	16.201	415.42	415.34
16:55:51	16.076	15.727	15.27	15.93	15.99	16.202	415.42	415.34
16:56:51	16.075	15.728	15.272	15.938	15.997	16.202	415.42	415.34
16:57:51	16.072	15.726	15.274	15.937	16.0	16.199	415.42	415.34
16:58:51	16.072	15.719	15.281	15.939	15.987	16.194	415.42	415.34
16:59:51	16.074	15.716	15.274	15.934	15.981	16.195	415.42	415.34
17:00:51	16.073	15.717	15.272	15.94	15.988	16.205	415.42	415.34
17:01:52	16.071	15.714	15.278	15.938	15.981	16.195	415.42	415.34
17:02:51	16.073	15.71	15.277	15.93	15.98	16.194	415.42	415.34
17:03:51	16.065	15.703	15.271	15.921	15.969	16.182	415.42	415.34
17:04:51	16.066	15.697	15.265	15.907	15.968	16.188	415.42	415.34
17:05:51	16.07	15.698	15.284	15.913	15.977	16.192	415.42	415.34
17:06:51	16.067	15.701	15.266	15.918	15.973	16.178	415.42	415.34
17:07:51	16.068	15.701	15.258	15.918	15.972	16.187	415.42	415.34
17:08:51	16.067	15.702	15.257	15.916	15.974	16.191	415.42	415.34
17:09:51	16.064	15.698	15.249	15.907	15.968	16.186	415.42	415.34
17:10:51	16.068	15.702	15.258	15.917	15.981	16.198	415.42	415.34
17:11:51	16.062	15.708	15.248	15.914	15.981	16.187	415.42	415.34
17:12:51	16.058	15.703	15.24	15.904	15.969	16.183	415.42	415.34
17:13:51	16.06	15.704	15.249	15.912	15.975	16.188	415.42	415.34
17:14:51	16.06	15.704	15.251	15.913	15.979	16.19	415.42	415.34
17:15:51	16.058	15.702	15.246	15.905	15.97	16.187	415.42	415.34
17:16:51	16.059	15.704	15.248	15.911	15.976	16.19	415.42	415.34
17:17:51	16.058	15.702	15.248	15.907	15.968	16.198	415.42	415.34
17:18:51	16.06	15.701	15.238	15.906	15.974	16.189	415.42	415.34
17:19:51	16.059	15.697	15.242	15.9	15.97	16.179	415.42	415.34
17:20:51	16.059	15.692	15.248	15.896	15.962	16.186	415.42	415.34
17:21:51	16.057	15.688	15.247	15.89	15.958	16.18	415.42	415.34
17:22:51	16.057	15.689	15.242	15.899	15.965	16.192	415.42	415.34
17:23:51	16.054	15.686	15.246	15.895	15.96	16.184	415.42	415.34
17:24:51	16.051	15.682	15.237	15.889	15.952	16.176	415.42	415.34
17:25:51	16.052	15.68	15.24	15.888	15.953	16.177	415.42	415.34
17:26:51	16.056	15.676	15.251	15.88	15.951	16.184	415.42	415.34
17:27:51	16.056	15.674	15.256	15.892	15.953	16.185	415.42	415.34
17:28:51	16.053	15.678	15.25	15.899	15.956	16.182	415.42	415.34
17:29:51	16.051	15.672	15.241	15.894	15.945	16.169	415.42	415.34
17:30:51	16.054	15.677	15.248	15.901	15.959	16.18	415.42	415.34
17:31:51	16.05	15.682	15.247	15.906	15.96	16.183	415.42	415.34
17:32:51	16.046	15.684	15.25	15.901	15.957	16.179	415.42	415.34
17:33:51	16.048	15.685	15.246	15.906	15.964	16.18	415.42	415.34
17:34:52	16.051	15.687	15.247	15.908	15.968	16.182	415.42	415.34
17:35:51	16.053	15.69	15.257	15.915	15.975	16.185	415.42	415.34
17:36:51	16.047	15.685	15.244	15.907	15.962	16.168	415.42	415.34
17:37:51	16.048	15.682	15.244	15.91	15.963	16.177	415.42	415.34
17:38:51	16.046	15.678	15.236	15.901	15.956	16.175	415.42	415.34
17:39:51	16.046	15.678	15.229	15.896	15.956	16.18	415.42	415.34
17:40:51	16.042	15.674	15.221	15.889	15.952	16.169	415.42	415.34
17:41:51	16.043	15.672	15.219	15.883	15.956	16.177	415.42	415.34
17:42:51	16.043	15.673	15.218	15.883	15.958	16.168	415.42	415.34
17:43:51	16.041	15.674	15.217	15.885	15.961	16.172	415.42	415.34
17:44:51	16.041	15.678	15.224	15.89	15.968	16.178	415.42	415.34
17:45:51	16.039	15.681	15.228	15.888	15.97	16.179	415.42	415.34
17:46:51	16.036	15.68	15.219	15.882	15.957	16.179	415.42	415.34
17:47:51	16.038	15.677	15.217	15.881	15.961	16.182	415.42	415.34
17:48:51	16.036	15.677	15.225	15.878	15.96	16.191	415.42	415.34
17:49:51	16.038	15.675	15.218	15.876	15.957	16.188	415.42	415.34
17:50:51	16.037	15.673	15.224	15.889	15.965	16.19	415.42	415.34
17:51:51	16.041	15.677	15.231	15.901	15.968	16.184	415.42	415.34
17:52:51	16.04	15.675	15.232	15.893	15.963	16.185	415.42	415.34
17:53:51	16.037	15.675	15.232	15.892	15.958	16.188	415.42	415.34
17:54:51	16.032	15.673	15.234	15.897	15.964	16.182	415.42	415.34
17:55:51	16.032	15.671	15.233	15.908	15.965	16.184	415.42	415.34
17:56:51	16.037	15.669	15.236	15.917	15.959	16.178	415.42	415.34
17:57:51	16.033	15.669	15.24	15.936	15.961	16.19	415.42	415.34
17:58:51	16.035	15.667	15.248	15.954	15.96	16.173	415.42	415.34
17:59:51	16.033	15.666	15.259	15.973	15.957	16.169	415.42	415.34
18:00:51	16.029	15.659	15.27	15.982	15.95	16.169	415.42	415.34
18:01:51	16.03	15.658	15.294	15.999	15.952	16.174	415.42	415.34
18:02:51	16.03	15.659	15.295	16.019	15.952	16.176	415.42	415.34
18:03:51	16.031	15.663	15.312	16.045	15.96	16.178	415.42	415.34
18:04:51	16.028	15.666	15.32	16.06	15.952	16.173	415.42	415.34
18:05:51	16.026	15.667	15.334	16.075	15.96	16.172	415.42	415.34
18:06:51	16.026	15.668	15.335	16.088	15.964	16.176	415.42	415.34
18:07:51	16.026	15.668	15.338	16.101	15.962	16.185	415.42	415.34
18:08:51	16.022	15.665	15.345	16.104	15.96	16.176	415.42	415.34
18:09:51	16.021	15.663	15.346	16.114	15.956	16.173	415.42	415.34
18:10:51	16.022	15.664	15.356	16.125	15.967	16.177	415.42	415.34
18:11:51	16.026	15.665	15.373	16.127	15.965	16.179	415.42	415.34
18:12:52	16.025	15.662	15.386	16.123	15.962	16.17	415.42	415.34
18:13:51	16.024	15.661	15.385	16.13	15.962	16.18	415.42	415.34
18:14:51	16.018	15.657	15.379	16.13	15.957	16.176	415.42	415.34
18:15:51	16.014	15.655	15.376	16.127	15.954	16.169	415.42	415.34
18:16:51	16.018	15.655	15.388	16.128	15.956	16.178	415.42	415.34
18:17:51	16.019	15.657	0.0	16.131	15.963	16.181	415.42	415.34
18:18:51	16.019	15.657	15.406	16.128	15.963	16.181	415.42	415.34
18:19:51	16.017	15.653	15.414	16.126	15.951	16.168	415.42	415.34
18:20:51	16.017	15.648	15.422	16.133	15.948	16.172	415.42	415.34
18:21:51	16.017	15.646	15.422	16.137	15.949	16.169	415.42	415.34
18:22:51	16.018	15.646	15.428	16.137	15.95	16.164	415.42	415.34
18:23:51	16.016	15.648	15.437	16.138	15.956	16.179	415.42	415.34
18:24:51	16.012	15.646	15.446	16.134	15.95	16.173	415.42	415.34
18:25:51	16.012	15.645	15.448	16.138	15.947	16.169	415.42	415.34
18:26:51	16.013	15.642	15.445	16.137	15.946	16.168	415.42	415.34
18:27:51	16.009	15.64	15.439	16.139	15.943	16.165	415.42	415.34
18:28:51	16.011	15.639	15.445	16.139	15.945	16.174	415.42	415.34
18:29:51	16.01	15.639	15.457	16.147	15.945	16.172	415.42	415.34
18:30:51	16.01	15.635	15.454	16.147	15.939	16.17	415.42	415.34
18:31:51	16.01	15.636	15.45	16.146	15.942	16.161	415.42	415.34
18:32:51	16.007	15.633	15.46	16.149	15.942	16.166	415.42	415.34
18:33:51	16.009	15.633	15.471	16.15	15.94	16.165	415.42	415.34
18:34:51	16.008	15.628	15.475	16.144	15.934	16.161	415.42	415.34
18:35:51	16.008	15.627	15.478	16.141	15.935	16.165	415.42	415.34
18:36:51	16.009	15.628	15.48	16.135	15.936	16.164	415.42	415.34
18:37:51	16.004	15.625	15.479	16.133	15.932	16.16	415.42	415.34
18:38:51	16.003	15.622	15.476	16.134	15.932	16.156	415.42	415.34
18:39:51	16.001	15.619	15.475	16.132	15.929	16.159	415.42	415.34
18:40:51	15.999	15.614	15.47	16.123	15.924	16.148	415.42	415.34
18:41:51	15.996	15.609	15.47	16.119	15.919	16.156	415.42	415.34
18:42:51	15.994	15.606	15.472	16.116	15.918	16.155	415.42	415.34
18:43:51	15.997	15.608	15.485	16.119	15.928	16.163	415.42	415.34
18:44:53	15.995	15.61	15.492	16.117	15.926	16.171	415.42	415.34
18:45:51	15.995	15.612	15.488	16.12	15.928	16.17	415.42	415.34
18:46:51	15.995	15.61	15.493	16.11	15.917	16.16	415.42	415.34
18:47:51	15.992	15.608	15.488	16.106	15.916	16.155	415.42	415.34
18:48:51	15.989	15.607	15.478	16.1	15.916	16.157	415.42	415.34
18:49:51	15.986	15.605	15.484	16.09	15.912	16.157	415.42	415.34
18:50:51	15.987	15.599	15.49	16.081	15.911	16.172	415.42	415.34
18:51:51	15.992	15.606	15.489	16.082	15.924	16.171	415.42	415.34
18:52:51	15.993	15.611	15.491	16.088	15.932	16.178	415.42	415.34
18:53:51	15.993	15.615	15.489	16.092	15.933	16.182	415.42	415.34
18:54:51	15.994	15.621	15.498	16.099	15.938	16.176	415.42	415.34
18:55:51	15.999	15.624	15.491	16.094	15.935	16.162	415.42	415.34
18:56:51	15.998	15.622	15.482	16.088	15.925	16.143	415.42	415.34
18:57:51	15.998	15.622	15.49	16.098	15.933	16.16	415.42	415.34
18:58:51	16.001	15.622	15.492	16.096	15.93	16.16	415.42	415.34
18:59:51	15.993	15.614	15.49	16.081	15.92	16.143	415.42	415.34
19:00:51	15.993	15.614	15.495	16.085	15.927	16.161	415.42	415.34
19:01:51	15.995	15.612	15.494	16.083	15.928	16.164	415.42	415.34
19:02:51	15.997	15.612	15.495	16.084	15.928	16.159	415.42	415.34
19:03:51	15.993	15.612	15.493	16.085	15.926	16.159	415.42	415.34
19:04:51	15.992	15.613	15.488	16.09	15.927	16.149	415.42	415.34
19:05:51	15.992	15.611	15.48	16.083	15.922	16.15	415.42	415.34
19:06:51	15.99	15.61	15.478	16.08	15.922	16.149	415.42	415.34
19:07:51	15.989	15.604	15.478	16.077	15.915	16.142	415.42	415.34
19:08:51	15.987	15.6	15.48	16.081	15.92	16.146	415.42	415.34
19:09:51	15.984	15.602	15.492	16.083	15.924	16.153	415.42	415.34
19:10:51	15.983	15.6	15.489	16.079	15.919	16.155	415.42	415.34
19:11:51	15.981	15.597	15.486	16.07	15.917	16.142	415.42	415.34
19:12:51	15.981	15.595	15.486	16.06	15.915	16.145	415.42	415.34
19:13:51	15.983	15.598	15.479	16.065	15.921	16.157	415.42	415.34
19:14:51	15.982	15.599	15.491	16.062	15.918	16.153	415.42	415.34
19:15:51	15.984	15.599	15.479	16.064	15.922	16.156	415.42	415.34
19:16:51	15.981	15.6	15.473	16.066	15.923	16.164	415.42	415.34
19:17:51	15.984	15.604	15.472	16.067	15.931	16.17	415.42	415.34
19:18:51	15.984	15.604	15.475	16.065	15.925	16.167	415.42	415.34
19:19:51	15.98	15.598	15.475	16.062	15.911	16.151	415.42	415.34
19:20:51	15.976	15.592	15.478	16.064	15.916	16.144	415.42	415.34
19:21:51	15.978	15.592	15.487	16.061	15.918	16.154	415.42	415.34
19:22:51	15.977	15.587	15.487	16.055	15.911	16.15	415.42	415.34
19:23:51	15.979	15.593	15.488	16.067	15.925	16.171	415.42	415.34
19:24:51	15.974	15.593	15.482	16.052	15.912	16.173	415.42	415.34
19:25:51	15.978	15.597	15.472	16.061	15.923	16.173	415.42	415.34
19:26:51	15.975	15.595	15.467	16.055	15.915	16.16	415.42	415.34
19:27:51	15.977	15.596	15.471	16.052	15.916	16.178	415.42	415.34
19:28:51	15.98	15.597	15.472	16.054	15.926	16.181	415.42	415.34
19:29:51	15.983	15.599	15.471	16.054	15.925	16.177	415.42	415.34
19:30:51	15.98	15.6	15.463	16.048	15.924	16.171	415.42	415.34
19:31:51	15.98	15.599	15.478	16.05	15.925	16.169	415.42	415.34
19:32:51	15.981	15.602	15.474	16.049	15.924	16.164	415.42	415.34
19:33:51	15.981	15.603	15.475	16.047	15.926	16.16	415.42	415.34
19:34:51	15.982	15.603	15.46	16.05	15.93	16.157	415.42	415.34
19:35:51	15.983	15.602	15.45	16.046	15.925	16.155	415.42	415.34
19:36:51	15.984	15.605	15.469	16.047	15.933	16.16	415.42	415.34
19:37:51	15.986	15.609	15.472	16.051	15.939	16.168	415.42	415.34
19:38:51	15.985	15.613	15.469	16.056	15.947	16.159	415.42	415.34
19:39:51	15.985	15.618	15.471	16.057	15.953	16.169	415.42	415.34
19:40:51	15.987	15.621	15.475	16.057	15.954	16.165	415.42	415.34
19:41:52	15.988	15.622	15.478	16.055	15.956	16.169	415.42	415.34
19:42:51	15.988	15.619	15.469	16.054	15.949	16.166	415.42	415.34
19:43:52	15.986	15.617	15.468	16.055	15.946	16.161	415.42	415.34
19:44:51	15.987	15.618	15.479	16.061	15.946	16.156	415.42	415.34
19:45:51	15.985	15.621	15.493	16.073	15.947	16.161	415.42	415.34
19:46:51	15.983	15.623	15.497	16.073	15.951	16.164	415.42	415.34
19:47:51	15.983	15.624	15.498	16.082	15.96	16.164	415.42	415.34
19:48:51	15.98	15.627	15.489	16.088	15.964	16.162	415.42	415.34
19:49:51	15.98	15.624	15.492	16.088	15.964	16.168	415.42	415.34
19:50:51	15.98	15.621	15.491	16.089	15.962	16.176	415.42	415.34
19:51:52	15.977	15.621	15.485	16.087	15.963	16.169	415.42	415.34
19:52:51	15.981	15.621	15.475	16.087	15.961	16.171	415.42	415.34
19:53:51	15.983	15.619	15.472	16.088	15.96	16.17	415.42	415.34
19:54:51	15.979	15.618	15.485	16.088	15.955	16.169	415.42	415.34
19:55:51	15.975	15.616	15.489	16.09	15.954	16.163	415.42	415.34
19:56:51	15.974	15.611	15.502	16.085	15.947	16.165	415.42	415.34
19:57:51	15.977	15.607	15.504	16.086	15.943	16.165	415.42	415.34
19:58:51	15.979	15.605	15.509	16.087	15.943	16.166	415.42	415.34
19:59:51	15.981	15.603	15.502	16.091	15.942	16.165	415.42	415.34
20:00:51	15.977	15.602	15.501	16.092	15.943	16.167	415.42	415.34
20:01:51	15.975	15.6	15.503	16.087	15.938	16.161	415.42	415.34
20:02:51	15.974	15.597	15.505	16.084	15.936	16.167	415.42	415.34
20:03:51	15.973	15.599	15.513	16.088	15.941	16.174	415.42	415.34
20:04:51	15.97	15.599	15.515	16.09	15.937	16.17	415.42	415.34
20:05:51	15.966	15.593	15.515	16.084	15.93	16.154	415.42	415.34
20:06:51	15.963	15.586	15.517	16.077	15.923	16.147	415.42	415.34
20:07:51	15.964	15.584	15.515	16.082	15.926	16.152	415.42	415.34
20:08:51	15.968	15.584	15.509	16.085	15.927	16.164	415.42	415.34
20:09:51	15.97	15.584	15.508	16.082	15.927	16.168	415.42	415.34
20:10:51	15.971	15.584	15.515	16.081	15.928	16.169	415.42	415.34
20:11:51	15.971	15.585	15.516	16.08	15.929	16.172	415.42	415.34
20:12:51	15.966	15.582	15.509	16.071	15.922	16.163	415.42	415.34
20:13:51	15.965	15.584	15.506	16.072	15.926	16.177	415.42	415.34
20:14:51	15.968	15.588	15.503	16.08	15.933	16.175	415.42	415.34
20:15:51	15.97	15.591	15.493	16.084	15.934	16.181	415.42	415.34
20:16:51	15.971	15.595	15.493	16.087	15.936	16.183	415.42	415.34
20:17:51	15.975	15.597	15.492	16.085	15.936	16.176	415.42	415.34
20:18:51	15.975	15.598	15.493	16.088	15.934	16.164	415.42	415.34
20:19:51	15.975	15.599	15.491	16.088	15.936	16.157	415.42	415.34
20:20:51	15.976	15.599	15.487	16.085	15.938	16.162	415.42	415.34
20:21:51	15.974	15.597	15.487	16.083	15.937	16.158	415.42	415.34
20:22:51	15.974	15.596	15.504	16.084	15.935	16.16	415.42	415.34
20:23:51	15.972	15.595	15.507	16.087	15.939	16.161	415.42	415.34
20:24:51	15.974	15.598	15.489	16.088	15.941	16.166	415.42	415.34
20:25:52	15.974	15.595	15.485	16.084	15.932	16.157	415.42	415.34
20:26:51	15.973	15.594	15.482	16.078	15.935	16.157	415.42	415.34
20:27:51	15.971	15.593	15.483	16.078	15.936	16.161	415.42	415.34
20:28:51	15.968	15.595	15.487	16.08	15.937	16.16	415.42	415.34
20:29:51	15.968	15.592	15.484	16.078	15.931	16.161	415.42	415.34
20:30:51	15.969	15.59	15.488	16.083	15.93	16.157	415.42	415.34
20:31:51	15.971	15.589	15.503	16.086	15.93	16.155	415.42	415.34
20:32:51	15.969	15.589	15.508	16.088	15.933	16.169	415.42	415.34
20:33:51	15.973	15.591	15.504	16.09	15.939	16.16	415.42	415.34
20:34:51	15.976	15.592	15.505	16.09	15.94	16.162	415.42	415.34
20:35:51	15.975	15.592	15.505	16.085	15.934	16.153	415.42	415.34
20:36:51	15.975	15.59	15.511	16.08	15.93	16.154	415.42	415.34
20:37:51	15.97	15.591	15.513	16.084	15.932	16.16	415.42	415.34
20:38:51	15.97	15.591	15.517	16.084	15.934	16.162	415.42	415.34
20:39:51	15.971	15.589	15.515	16.084	15.935	16.158	415.42	415.34
20:40:51	15.97	15.59	15.518	16.085	15.934	16.158	415.42	415.34
20:41:51	15.963	15.586	15.516	16.081	15.928	16.143	415.42	415.34
20:42:51	15.961	15.582	15.521	16.08	15.924	16.156	415.42	415.34
20:43:51	15.962	15.582	15.531	16.083	15.925	16.157	415.42	415.34
20:44:51	15.965	15.58	15.53	16.08	15.925	16.162	415.42	415.34
20:45:51	15.968	15.581	15.528	16.083	15.932	16.166	415.42	415.34
20:46:51	15.965	15.58	15.523	16.082	15.925	16.162	415.42	415.34
20:47:51	15.962	15.58	15.528	16.08	15.925	16.162	415.42	415.34
20:48:51	15.962	15.581	15.53	16.077	15.93	16.165	415.42	415.34
20:49:51	15.962	15.579	15.523	16.074	15.925	16.169	415.42	415.34
20:50:51	15.964	15.579	0.0	16.07	15.928	16.177	415.42	415.34
20:51:51	15.966	15.583	15.526	16.074	15.933	16.178	415.42	415.34
20:52:51	15.967	15.585	15.528	16.077	15.936	16.168	415.42	415.34
20:53:51	15.969	15.591	15.528	16.082	15.946	16.17	415.42	415.34
20:54:51	15.969	15.593	15.529	16.08	15.946	16.168	415.42	415.34
20:55:51	15.967	15.595	15.516	16.079	15.945	16.163	415.42	415.34
20:56:51	15.968	15.595	15.514	16.074	15.946	16.161	415.42	415.34
20:57:51	15.965	15.592	15.521	16.07	15.944	16.162	415.42	415.34
20:58:51	15.967	15.594	15.514	16.076	15.945	16.168	415.42	415.34
20:59:51	15.965	15.593	15.517	16.073	15.943	16.168	415.42	415.34
21:00:51	15.969	15.596	15.515	16.078	15.949	16.171	415.42	415.34
21:01:51	15.971	15.597	15.517	16.077	15.947	16.158	415.42	415.34
21:02:51	15.971	15.599	15.524	16.081	15.951	16.16	415.42	415.34
21:03:51	15.973	15.595	15.512	16.069	15.939	16.158	415.42	415.34
21:04:51	15.971	15.592	15.523	16.069	15.941	16.163	415.42	415.34
21:05:51	15.97	15.589	15.518	16.063	15.94	16.165	415.42	415.34
21:06:51	15.968	15.589	15.513	16.066	15.942	16.163	415.42	415.34
21:07:51	15.966	15.589	15.517	16.068	15.941	16.164	415.42	415.34
21:08:51	15.966	15.588	15.519	16.068	15.937	16.157	415.42	415.34
21:09:51	15.961	15.585	15.514	16.06	15.934	16.157	415.42	415.34
21:10:51	15.96	15.583	15.517	16.058	15.931	16.16	415.42	415.34
21:11:51	15.963	15.585	15.506	16.062	15.94	16.164	415.42	415.34
21:12:51	15.966	15.589	15.502	16.064	15.943	16.165	415.42	415.34
21:13:51	15.966	15.594	15.506	16.06	15.952	16.168	415.42	415.34
21:14:51	15.965	15.594	15.498	16.058	15.946	16.168	415.42	415.34
21:15:51	15.962	15.588	15.501	16.053	15.939	16.164	415.42	415.34
21:16:51	15.962	15.584	15.51	16.045	15.938	16.161	415.42	415.34
21:17:51	15.959	15.584	15.51	16.042	15.933	16.163	415.42	415.34
21:18:51	15.958	15.584	15.506	16.04	15.937	16.163	415.42	415.34
21:19:51	15.958	15.583	15.483	16.041	15.937	16.165	415.42	415.34
21:20:51	15.959	15.585	15.492	16.045	15.938	16.155	415.42	415.34
21:21:51	15.96	15.583	15.5	16.043	15.929	16.157	415.42	415.34
21:22:51	15.962	15.581	15.492	16.044	15.929	16.156	415.42	415.34
21:23:51	15.961	15.579	15.484	16.042	15.93	16.163	415.42	415.34
21:24:51	15.96	15.576	15.477	16.039	15.925	16.152	415.42	415.34
21:25:51	15.959	15.572	15.483	16.038	15.925	16.157	415.42	415.34
21:26:51	15.955	15.568	15.483	16.036	15.919	16.146	415.42	415.34
21:27:51	15.956	15.571	15.492	16.048	15.929	16.156	415.42	415.34
21:28:51	15.954	15.572	15.491	16.071	15.927	16.163	415.42	415.34
21:29:51	15.958	15.574	15.492	16.1	15.931	16.166	415.42	415.34
21:30:51	15.959	15.575	15.498	16.113	15.929	16.171	415.42	415.34
21:31:52	15.961	15.575	15.506	16.132	15.924	16.171	415.42	415.34
21:32:51	15.962	15.576	15.519	16.155	15.925	16.174	415.42	415.34
21:33:51	15.964	15.578	15.533	16.167	15.931	16.171	415.42	415.34
21:34:51	15.966	15.582	15.533	16.182	15.94	16.168	415.42	415.34
21:35:51	15.967	15.587	15.529	16.2	15.947	16.174	415.42	415.34
21:36:51	15.968	15.595	15.526	16.209	15.951	16.171	415.42	415.34
21:37:51	15.969	15.601	15.522	16.224	15.964	16.174	415.42	415.34
21:38:51	15.967	15.607	15.517	16.232	15.965	16.167	415.42	415.34
21:39:51	15.964	15.608	15.521	16.244	15.965	16.168	415.42	415.34
21:40:51	15.961	15.605	15.533	16.241	15.965	16.169	415.42	415.34
21:41:51	15.963	15.607	15.54	16.247	15.967	16.172	415.42	415.34
21:42:51	15.963	15.608	15.546	16.248	15.967	16.165	415.42	415.34
21:43:51	15.963	15.61	15.55	16.258	15.973	16.163	415.42	415.34
21:44:51	15.965	15.609	15.548	16.266	15.971	16.167	415.42	415.34
21:45:51	15.963	15.61	15.544	16.259	15.973	16.161	415.42	415.34
21:46:51	15.964	15.611	15.552	16.278	15.975	16.166	415.42	415.34
21:47:51	15.963	15.609	15.564	16.279	15.972	16.172	415.42	415.34
21:48:51	15.963	15.609	15.571	16.286	15.974	16.177	415.42	415.34
21:49:51	15.965	15.61	15.571	16.29	15.965	16.176	415.42	415.34
21:50:51	15.963	15.612	15.572	16.291	15.98	16.172	415.42	415.34
21:51:51	15.963	15.612	15.571	16.292	15.982	16.168	415.42	415.34
21:52:51	15.961	15.612	15.58	16.31	15.985	16.171	415.42	415.34
21:53:51	15.962	15.614	15.581	16.313	15.989	16.174	415.42	415.34
21:54:51	15.964	15.615	15.58	16.318	15.985	16.171	415.42	415.34
21:55:51	15.961	15.611	15.581	16.325	15.979	16.169	415.42	415.34
21:56:51	15.961	15.611	15.588	16.331	15.977	16.174	415.42	415.34
21:57:51	15.955	15.605	15.59	16.318	15.96	16.169	415.42	415.34
21:58:51	15.958	15.601	15.589	16.312	15.959	16.171	415.42	415.34
21:59:51	15.959	15.598	15.586	16.309	15.962	16.174	415.42	415.34
22:00:51	15.963	15.599	15.587	16.317	15.971	16.178	415.42	415.34
22:01:51	15.961	15.601	15.592	16.326	15.974	16.175	415.42	415.34
22:02:51	15.965	15.605	15.597	16.326	15.964	16.174	415.42	415.34
22:03:51	15.965	15.607	15.601	16.325	15.969	16.179	415.42	415.34
22:04:53	15.962	15.607	15.602	16.344	15.974	16.165	415.42	415.34
22:05:51	15.962	15.606	15.607	16.361	15.972	16.17	415.42	415.34
22:06:51	15.961	15.603	15.612	16.346	15.969	16.176	415.42	415.34
22:07:51	15.96	15.601	15.619	16.338	15.967	16.179	415.42	415.34
22:08:51	15.959	15.599	15.627	16.337	15.964	16.18	415.42	415.34
22:09:51	15.958	15.594	15.628	16.338	15.957	16.174	415.42	415.34
22:10:51	15.96	15.595	15.628	16.348	15.958	16.176	415.42	415.34
22:11:51	15.958	15.594	15.624	16.357	15.95	16.176	415.42	415.34
22:12:51	15.96	15.593	15.622	16.355	15.954	16.175	415.42	415.34
22:13:51	15.961	15.592	15.621	16.364	15.952	16.168	415.42	415.34
22:14:51	15.964	15.594	15.629	16.372	15.958	16.173	415.42	415.34
22:15:51	15.962	15.596	15.634	16.386	15.958	16.165	415.42	415.34
22:16:51	15.963	15.598	15.641	16.382	15.96	16.176	415.42	415.34
22:17:51	15.961	15.598	15.644	16.385	15.96	16.18	415.42	415.34
22:18:51	15.96	15.596	15.642	16.386	15.958	16.173	415.42	415.34
22:19:51	15.961	15.594	15.652	16.399	15.957	16.173	415.42	415.34
22:20:51	15.961	15.594	15.657	16.411	15.954	16.167	415.42	415.34
22:21:52	15.961	15.592	15.66	16.416	15.954	16.165	415.42	415.34
22:22:51	15.961	15.592	15.665	16.411	15.954	16.171	415.42	415.34
22:23:51	15.96	15.592	15.665	16.404	15.954	16.169	415.42	415.34
22:24:51	15.958	15.592	15.664	16.4	15.956	16.168	415.42	415.34
22:25:51	15.959	15.592	15.671	16.402	15.954	16.174	415.42	415.34
22:26:51	15.961	15.59	15.674	16.416	15.952	16.169	415.42	415.34
22:27:51	15.961	15.59	15.677	16.417	15.951	16.165	415.42	415.34
22:28:51	15.961	15.591	15.678	16.421	15.953	16.169	415.42	415.34
22:29:51	15.961	15.591	15.679	16.431	15.948	16.167	415.42	415.34
22:30:51	15.96	15.587	15.683	16.437	15.945	16.167	415.42	415.34
22:31:51	15.957	15.585	15.687	16.441	15.944	16.162	415.42	415.34
22:32:51	15.959	15.583	15.69	16.441	15.943	16.163	415.42	415.34
22:33:52	15.956	15.58	15.691	16.446	15.939	16.161	415.42	415.34
22:34:51	15.954	15.579	15.694	16.448	15.94	16.166	415.42	415.34
22:35:51	15.954	15.58	15.694	16.434	15.944	16.174	415.42	415.34
22:36:51	15.955	15.58	15.687	16.4	15.937	16.166	415.42	415.34
22:37:51	15.951	15.575	15.665	16.368	15.932	16.159	415.42	415.34
22:38:51	15.948	15.572	15.664	16.346	15.932	16.155	415.42	415.34
22:39:51	15.95	15.569	15.667	16.328	15.931	16.154	415.42	415.34
22:40:51	15.948	15.566	15.672	16.317	15.931	16.163	415.42	415.34
22:41:52	15.949	15.564	15.658	16.304	15.926	16.153	415.42	415.34
22:42:51	0.0	15.563	15.668	16.293	15.928	16.156	415.42	415.34
22:43:51	15.955	15.563	15.67	16.292	15.929	16.166	415.42	415.34
22:44:51	15.955	15.565	15.661	16.303	15.927	16.17	415.42	415.34
22:45:51	15.956	15.567	15.665	16.3	15.93	16.163	415.42	415.34
22:46:53	15.955	15.57	15.668	16.283	15.928	16.171	415.42	415.34
22:47:51	15.956	15.57	15.666	16.279	15.932	16.165	415.42	415.34
22:48:51	15.958	15.571	15.663	16.271	15.929	16.166	415.42	415.34
22:49:51	15.959	15.573	15.656	16.267	15.935	16.173	415.42	415.34
22:50:51	15.96	15.578	15.652	16.263	15.936	16.177	415.42	415.34
22:51:51	15.959	15.583	15.659	16.265	15.942	16.178	415.42	415.34
22:52:51	15.958	15.586	15.648	16.259	15.945	16.175	415.42	415.34
22:53:51	15.958	15.587	15.639	16.245	15.945	16.165	415.42	415.34
22:54:51	15.961	15.59	15.643	16.254	15.946	16.161	415.42	415.34
22:55:51	15.958	15.589	15.649	16.246	15.939	16.16	415.42	415.34
22:56:51	15.96	15.587	15.651	16.256	15.941	16.165	415.42	415.34
22:57:51	15.961	15.587	15.652	16.262	15.939	16.158	415.42	415.34
22:58:51	15.959	15.587	15.637	16.261	15.938	16.161	415.42	415.34
22:59:51	15.961	15.587	15.62	16.246	15.941	16.163	415.42	415.34
23:00:51	15.961	15.588	15.625	16.262	15.946	16.168	415.42	415.34
23:01:51	15.958	15.589	15.635	16.259	15.941	16.161	415.42	415.34
23:02:51	15.959	15.588	15.635	16.257	15.939	16.162	415.42	415.34
23:03:51	15.956	15.585	15.636	16.249	15.939	16.16	415.42	415.34
23:04:51	15.958	15.585	15.632	16.241	15.941	16.164	415.42	415.34
23:05:51	15.961	15.589	15.634	16.236	15.946	16.17	415.42	415.34
23:06:51	15.961	15.592	15.638	16.238	15.95	16.169	415.42	415.34
23:07:51	15.964	15.597	15.641	16.233	15.957	16.167	415.42	415.34
23:08:51	15.963	15.6	15.648	16.237	15.954	16.161	415.42	415.34
23:09:51	15.962	15.601	15.617	16.249	15.958	16.173	415.42	415.34
23:10:51	15.964	15.6	15.622	16.267	15.958	16.169	415.42	415.34
23:11:51	15.965	15.604	15.63	16.266	15.958	16.168	415.42	415.34
23:12:51	15.963	15.602	15.631	16.255	15.954	16.161	415.42	415.34
23:13:51	15.965	15.6	15.624	16.242	15.955	16.169	415.42	415.34
23:14:51	15.963	15.598	15.607	16.25	15.954	16.167	415.42	415.34
23:15:51	15.962	15.595	15.607	16.265	15.948	16.168	415.42	415.34
23:16:51	15.964	15.595	15.594	16.278	15.95	16.174	415.42	415.34
23:17:51	15.964	15.593	15.603	16.294	15.947	16.17	415.42	415.34
23:18:51	15.966	15.593	15.608	16.307	15.952	16.177	415.42	415.34
23:19:51	15.965	15.596	15.622	16.306	15.952	16.179	415.42	415.34
23:20:51	15.961	15.593	15.64	16.301	15.948	16.17	415.42	415.34
23:21:51	15.962	15.595	15.644	16.291	15.95	16.169	415.42	415.34
23:22:51	15.962	15.594	15.643	16.28	15.946	16.168	415.42	415.34
23:23:51	15.961	15.592	15.644	16.271	15.944	16.17	415.42	415.34
23:24:51	15.962	15.592	15.639	16.269	15.947	16.177	415.42	415.34
23:25:51	15.964	15.596	15.642	16.265	15.953	16.184	415.42	415.34
23:26:51	15.966	15.597	15.647	16.254	15.954	16.183	415.42	415.34
23:27:53	15.968	15.6	15.636	16.247	15.956	16.181	415.42	415.34
23:28:51	15.967	15.599	15.634	16.241	15.954	16.18	415.42	415.34
23:29:52	15.97	15.6	15.641	16.244	15.958	16.181	415.42	415.34
23:30:51	0.0	15.601	15.643	16.243	15.957	16.167	415.42	415.34
23:31:51	15.967	15.602	15.644	16.24	15.956	16.172	415.42	415.34
23:32:51	15.967	15.604	15.637	16.238	15.959	16.173	415.42	415.34
23:33:51	15.969	15.606	15.628	16.232	15.959	16.167	415.42	415.34
23:34:51	15.971	15.603	15.631	16.222	15.954	16.171	415.42	415.34
23:35:51	15.969	15.599	15.619	16.214	15.953	16.17	415.42	415.34
23:36:51	15.968	15.598	15.627	16.21	15.954	16.17	415.42	415.34
23:37:51	15.969	15.599	15.621	16.207	15.954	16.172	415.42	415.34
23:38:51	15.964	15.597	15.616	16.203	15.951	16.167	415.42	415.34
23:39:51	15.966	15.594	15.626	16.199	15.947	16.167	415.42	415.34
23:40:51	15.965	15.592	15.633	16.196	15.948	16.173	415.42	415.34
23:41:51	15.967	15.594	15.621	16.194	15.949	16.176	415.42	415.34
23:42:51	15.968	15.594	15.608	16.159	15.946	16.175	415.42	415.34
23:43:51	15.966	15.592	15.608	16.14	15.945	16.171	415.42	415.34
23:44:51	15.966	15.59	15.612	16.14	15.945	16.174	415.42	415.34
23:45:51	15.964	15.589	15.619	16.145	15.943	16.165	415.42	415.34
23:46:51	15.964	15.586	15.613	16.145	15.942	16.165	415.42	415.34
23:47:51	15.963	15.583	15.602	16.147	15.942	16.164	415.42	415.34
23:48:51	15.964	15.583	15.603	16.145	15.941	16.167	415.42	415.34
23:49:51	15.967	15.584	15.601	16.152	15.947	16.178	415.42	415.34
23:50:51	15.971	15.589	15.586	16.156	15.948	16.182	415.42	415.34
23:51:51	15.967	15.591	15.595	16.157	15.946	16.18	415.42	415.34
23:52:51	15.965	15.59	15.606	16.156	15.941	16.176	415.42	415.34
23:53:51	15.965	15.587	15.606	16.148	15.939	16.179	415.42	415.34
23:54:53	15.961	15.587	15.609	16.142	15.942	16.175	415.42	415.34
23:55:51	15.964	15.586	15.597	16.139	15.944	16.173	415.42	415.34
23:56:51	15.963	15.586	15.602	16.142	15.938	16.169	415.42	415.34
23:57:53	15.962	15.584	15.602	16.142	15.939	16.168	415.42	415.34
23:58:51	15.963	15.584	15.595	16.138	15.94	16.163	415.42	415.34
23:59:51	15.964	15.584	15.594	16.134	15.936	16.161	415.42	415.34
