00:00:57	16.747	16.348	16.319	17.154	16.912	17.11	415.42	415.34
00:01:57	16.748	16.347	16.319	17.121	16.914	17.099	415.42	415.34
00:02:57	16.749	16.35	16.353	17.136	16.917	17.102	415.42	415.34
00:03:57	16.749	16.35	16.374	17.17	16.919	17.1	415.42	415.34
00:04:57	16.748	16.349	16.395	17.2	16.918	17.112	415.42	415.34
00:05:57	16.749	16.35	16.411	17.234	16.918	17.103	415.42	415.34
00:06:57	16.749	16.351	16.429	17.266	16.918	17.108	415.42	415.34
00:07:57	16.748	16.35	16.443	17.29	16.918	17.109	415.42	415.34
00:08:57	16.749	16.35	16.433	17.298	16.918	17.101	415.42	415.34
00:09:57	0.0	16.35	16.386	17.23	16.912	17.105	415.42	415.34
00:10:57	16.748	16.349	16.33	17.176	16.911	17.107	415.42	415.34
00:11:57	16.749	16.35	16.289	17.126	16.919	17.104	415.42	415.34
00:12:57	16.748	16.351	16.281	17.073	16.918	17.104	415.42	415.34
00:13:57	16.75	16.351	16.319	17.085	16.917	17.106	415.42	415.34
00:14:57	16.75	16.353	16.35	17.115	16.912	17.101	415.42	415.34
00:15:57	16.75	16.353	16.372	17.151	16.918	17.105	415.42	415.34
00:16:57	16.749	16.351	16.39	17.187	16.918	17.105	415.42	415.34
00:17:57	16.75	16.353	16.409	17.225	16.918	17.103	415.42	415.34
00:18:57	16.75	16.352	16.425	17.256	16.917	17.105	415.42	415.34
00:19:58	16.75	16.353	16.428	17.264	16.915	17.104	415.42	415.34
00:20:57	16.752	16.353	16.403	17.214	16.918	17.109	415.42	415.34
00:21:59	16.751	16.351	16.363	17.172	16.916	17.111	415.42	415.34
00:22:57	16.752	16.352	16.322	17.124	16.918	17.11	415.42	415.34
00:23:57	16.752	16.352	16.318	17.08	16.918	17.11	415.42	415.34
00:24:57	16.752	16.351	16.333	17.086	16.92	17.099	415.42	415.34
00:25:57	16.752	16.352	16.358	17.116	16.919	17.11	415.42	415.34
00:26:57	16.751	16.354	16.381	17.155	16.918	17.107	415.42	415.34
00:27:57	16.753	16.354	16.399	17.199	16.918	17.106	415.42	415.34
00:28:57	16.753	16.354	16.419	17.241	16.916	17.106	415.42	415.34
00:29:57	16.753	16.354	16.435	17.268	16.919	17.109	415.42	415.34
00:30:57	16.752	16.354	16.416	17.282	16.92	17.1	415.42	415.34
00:31:57	16.753	16.355	16.367	17.219	16.921	17.106	415.42	415.34
00:32:57	16.752	16.355	16.334	17.165	16.92	17.101	415.42	415.34
00:33:59	16.753	16.356	16.336	17.122	16.92	17.104	415.42	415.34
00:34:57	16.753	16.355	16.362	17.135	16.919	17.106	415.42	415.34
00:35:57	16.753	16.355	16.392	17.177	16.918	17.11	415.42	415.34
00:36:57	16.752	16.355	16.413	17.22	16.916	17.105	415.42	415.34
00:37:57	16.753	16.355	16.428	17.256	16.918	17.101	415.42	415.34
00:38:57	16.753	16.355	16.443	17.283	16.92	17.104	415.42	415.34
00:39:57	16.754	16.356	16.452	17.304	16.92	17.108	415.42	415.34
00:40:57	16.753	16.355	16.442	17.31	16.918	17.11	415.42	415.34
00:41:57	16.753	16.356	16.396	17.251	16.92	17.104	415.42	415.34
00:42:57	16.754	16.356	16.358	17.191	16.917	17.109	415.42	415.34
00:43:57	16.754	16.357	16.328	17.137	16.919	17.109	415.42	415.34
00:44:57	16.754	16.356	16.312	17.081	16.92	17.103	415.42	415.34
00:45:57	16.755	16.358	16.34	17.086	16.921	17.105	415.42	415.34
00:46:57	16.756	16.356	16.369	17.127	16.922	17.103	415.42	415.34
00:47:57	16.754	16.358	16.396	17.178	16.921	17.111	415.42	415.34
00:48:57	16.754	16.358	16.416	17.227	16.921	17.112	415.42	415.34
00:49:57	16.755	16.357	16.432	17.259	16.92	17.1	415.42	415.34
00:50:57	16.754	16.356	16.447	17.283	16.922	17.114	415.42	415.34
00:51:57	16.755	16.358	16.436	17.295	16.922	17.112	415.42	415.34
00:52:57	16.756	16.357	16.391	17.238	16.923	17.11	415.42	415.34
00:53:57	16.754	16.358	16.363	17.182	16.921	17.111	415.42	415.34
00:54:57	16.756	16.359	16.327	17.137	16.921	17.104	415.42	415.34
00:55:59	16.755	16.359	16.297	17.086	16.922	17.101	415.42	415.34
00:56:57	16.756	16.359	16.329	17.094	16.92	17.113	415.42	415.34
00:57:57	16.756	16.359	0.0	17.127	16.922	17.105	415.42	415.34
00:58:57	16.756	16.359	16.386	17.17	16.922	17.114	415.42	415.34
00:59:57	16.754	16.359	16.408	17.205	16.922	17.101	415.42	415.34
01:00:59	16.755	16.359	16.426	17.242	16.919	17.104	415.42	415.34
01:01:57	16.756	16.359	16.441	17.271	16.922	17.102	415.42	415.34
01:02:58	16.756	16.361	16.408	17.285	16.923	17.1	415.42	415.34
01:03:58	16.755	16.36	16.351	17.226	16.924	17.106	415.42	415.34
01:04:58	16.756	16.361	16.324	0.0	16.923	17.111	415.42	415.34
01:05:58	0.0	16.361	16.348	17.133	16.924	17.112	415.42	415.34
01:06:57	16.757	16.362	16.365	17.15	16.924	17.115	415.42	415.34
01:07:57	16.757	16.363	16.384	17.178	16.922	17.114	415.42	415.34
01:08:58	16.757	16.364	16.402	17.207	16.925	17.106	415.42	415.34
01:09:58	16.758	16.363	16.426	17.242	16.923	17.106	415.42	415.34
01:10:58	16.758	16.363	16.437	17.271	16.924	17.107	415.42	415.34
01:11:58	16.758	16.364	16.449	17.294	16.925	17.107	415.42	415.34
01:12:58	16.758	16.363	16.439	17.299	16.921	17.107	415.42	415.34
01:13:57	16.758	16.364	16.355	17.24	16.921	17.115	415.42	415.34
01:14:58	16.759	16.364	16.343	17.187	16.926	17.108	415.42	415.34
01:15:58	16.758	16.364	16.313	17.141	16.924	17.106	415.42	415.34
01:16:58	16.757	16.365	16.276	17.081	16.925	17.119	415.42	415.34
01:17:57	16.758	16.365	16.316	17.087	16.926	17.112	415.42	415.34
01:18:57	16.758	16.366	16.349	17.12	16.926	17.103	415.42	415.34
01:19:57	16.76	16.366	16.375	17.157	16.92	17.112	415.42	415.34
01:20:57	16.76	16.366	16.396	17.195	16.922	17.109	415.42	415.34
01:21:58	16.76	16.367	16.413	17.233	16.923	17.102	415.42	415.34
01:22:57	16.76	16.367	16.43	17.268	16.925	17.11	415.42	415.34
01:23:59	16.759	16.366	16.424	17.285	16.922	17.105	415.42	415.34
01:24:58	0.0	16.365	16.343	17.232	16.923	17.105	415.42	415.34
01:25:57	16.76	16.367	16.269	17.158	16.926	17.115	415.42	415.34
01:26:57	16.76	16.366	16.296	17.119	16.926	17.112	415.42	415.34
01:27:57	16.76	16.366	16.336	17.136	16.924	17.106	415.42	415.34
01:28:57	16.761	16.367	16.374	17.18	16.924	17.105	415.42	415.34
01:29:58	16.76	16.366	16.4	17.23	16.922	17.104	415.42	415.34
01:30:57	16.761	16.368	16.42	17.265	16.926	17.104	415.42	415.34
01:31:57	16.761	16.368	16.439	17.296	16.927	17.106	415.42	415.34
01:32:58	16.761	16.369	16.453	17.321	16.923	17.111	415.42	415.34
01:33:57	16.761	16.371	16.437	17.33	16.927	17.105	415.42	415.34
01:34:58	16.762	16.371	16.39	17.266	16.926	17.106	415.42	415.34
01:35:57	16.762	16.372	16.354	17.214	16.927	17.115	415.42	415.34
01:36:57	16.762	16.373	16.284	17.173	16.928	17.104	415.42	415.34
01:37:58	16.763	16.373	16.304	17.124	16.928	17.108	415.42	415.34
01:38:58	16.763	16.372	16.336	17.137	16.927	17.114	415.42	415.34
01:39:58	16.762	16.374	16.369	17.168	16.924	17.107	415.42	415.34
01:40:58	16.763	16.372	16.393	17.201	16.921	17.111	415.42	415.34
01:41:58	16.763	16.373	16.412	17.236	16.922	17.114	415.42	415.34
01:42:58	16.763	16.373	16.431	17.274	16.922	17.111	415.42	415.34
01:43:57	16.764	16.372	16.443	17.301	16.925	17.123	415.42	415.34
01:44:58	16.763	16.372	16.441	17.314	16.926	17.118	415.42	415.34
01:45:58	16.763	16.372	16.415	17.266	16.927	17.116	415.42	415.34
01:46:58	16.763	16.375	16.389	17.209	16.929	17.113	415.42	415.34
01:47:58	16.763	16.373	16.335	17.159	16.928	17.115	415.42	415.34
01:48:58	16.764	16.374	16.329	17.105	16.923	17.11	415.42	415.34
01:49:58	16.764	16.374	16.35	17.107	16.924	17.111	415.42	415.34
01:51:00	16.763	16.374	16.381	17.145	16.926	17.11	415.42	415.34
01:51:58	16.764	16.375	16.402	17.193	16.927	17.108	415.42	415.34
01:52:58	16.764	16.375	16.427	17.238	16.928	17.115	415.42	415.34
01:53:58	16.763	16.375	16.442	17.275	16.928	17.111	415.42	415.34
01:54:58	16.764	16.375	16.458	17.305	16.929	17.112	415.42	415.34
01:55:58	16.764	16.375	16.443	17.315	16.929	17.111	415.42	415.34
01:56:58	16.765	16.375	16.412	17.255	16.927	17.113	415.42	415.34
01:57:58	16.765	16.374	16.385	17.193	16.927	17.113	415.42	415.34
01:58:58	16.764	16.374	16.322	17.145	16.928	17.113	415.42	415.34
01:59:58	16.765	16.374	16.323	17.099	16.929	17.114	415.42	415.34
02:00:58	16.764	16.373	16.351	17.111	16.929	17.115	415.42	415.34
02:01:58	16.765	16.375	16.375	17.141	16.928	17.114	415.42	415.34
02:02:58	16.765	16.374	16.398	17.176	16.927	17.108	415.42	415.34
02:03:58	16.765	16.374	16.412	17.211	16.926	17.114	415.42	415.34
02:04:58	16.766	16.375	16.432	17.248	16.929	17.106	415.42	415.34
02:05:58	16.766	16.375	16.451	17.281	16.927	17.113	415.42	415.34
02:06:58	16.766	16.375	16.45	17.297	16.928	17.104	415.42	415.34
02:07:58	16.766	16.375	16.396	17.246	16.93	17.11	415.42	415.34
02:08:58	16.768	16.374	16.373	17.182	16.93	17.108	415.42	415.34
02:09:58	16.768	16.375	16.319	17.132	16.93	17.109	415.42	415.34
02:10:57	16.767	16.375	16.288	17.087	16.927	17.108	415.42	415.34
02:11:58	16.768	16.375	16.322	17.094	16.931	17.108	415.42	415.34
02:12:58	16.767	16.375	16.356	17.126	16.927	17.113	415.42	415.34
02:13:58	16.767	16.375	16.385	17.17	16.928	17.109	415.42	415.34
02:14:58	16.767	16.376	16.409	17.222	16.926	17.11	415.42	415.34
02:15:58	16.768	16.375	16.43	17.257	16.928	17.107	415.42	415.34
02:16:58	16.767	16.375	16.447	17.288	16.929	17.114	415.42	415.34
02:17:57	16.768	16.374	16.429	17.305	16.929	17.112	415.42	415.34
02:18:58	16.767	16.374	16.4	17.248	16.927	17.109	415.42	415.34
02:19:58	16.768	16.374	16.363	17.184	16.925	17.112	415.42	415.34
02:20:58	16.767	16.374	16.311	17.13	16.926	17.112	415.42	415.34
02:21:58	16.769	16.376	16.327	17.083	16.927	17.113	415.42	415.34
02:22:58	16.769	16.373	16.344	17.1	16.925	17.105	415.42	415.34
02:23:58	16.769	16.375	16.373	17.144	16.925	17.111	415.42	415.34
02:24:57	16.768	16.374	16.404	17.2	16.928	17.113	415.42	415.34
02:25:58	16.768	16.375	16.425	17.249	16.926	17.112	415.42	415.34
02:26:59	16.768	16.375	16.447	17.288	16.927	17.114	415.42	415.34
02:27:58	16.768	16.376	16.463	17.315	16.927	17.104	415.42	415.34
02:28:57	16.768	16.376	16.452	17.326	16.927	17.116	415.42	415.34
02:29:58	16.768	16.377	16.407	17.258	16.931	17.106	415.42	415.34
02:30:58	16.769	16.376	16.345	17.195	16.931	17.111	415.42	415.34
02:31:58	16.769	16.376	16.287	17.137	16.933	17.109	415.42	415.34
02:32:58	16.769	16.377	16.292	17.087	16.932	17.109	415.42	415.34
02:33:58	16.77	16.379	16.331	17.112	16.933	17.111	415.42	415.34
02:34:58	16.771	16.379	16.367	17.151	16.928	17.111	415.42	415.34
02:35:58	16.77	16.381	16.397	17.199	16.929	17.112	415.42	415.34
02:36:58	16.77	16.381	16.421	17.248	16.931	17.114	415.42	415.34
02:37:58	16.77	16.38	16.44	17.284	16.93	17.109	415.42	415.34
02:38:58	16.77	16.38	16.455	17.313	16.931	17.111	415.42	415.34
02:39:58	16.77	16.38	16.453	17.326	16.93	17.112	415.42	415.34
02:40:59	16.771	16.38	16.404	17.28	16.93	17.106	415.42	415.34
02:41:58	16.772	16.382	16.377	17.218	16.931	17.109	415.42	415.34
02:42:59	16.771	16.382	16.342	17.164	16.933	17.112	415.42	415.34
02:43:58	16.771	16.382	16.338	17.115	16.935	17.114	415.42	415.34
02:44:58	16.771	16.383	16.36	17.124	16.931	17.113	415.42	415.34
02:45:58	0.0	16.382	16.387	17.163	16.932	17.113	415.42	415.34
02:46:58	16.772	16.384	16.41	17.215	16.93	17.113	415.42	415.34
02:47:58	16.772	16.383	16.431	17.264	16.93	17.115	415.42	415.34
02:48:58	16.771	16.383	16.454	17.298	16.931	17.116	415.42	415.34
02:49:58	16.773	16.383	16.468	17.324	16.933	17.106	415.42	415.34
02:50:58	16.773	16.384	16.471	17.336	16.929	17.11	415.42	415.34
02:51:58	16.773	16.383	16.417	17.274	16.927	17.113	415.42	415.34
02:52:59	16.773	16.384	16.382	17.206	16.931	17.113	415.42	415.34
02:53:58	16.773	16.384	16.322	17.165	16.93	17.111	415.42	415.34
02:54:58	16.774	16.383	16.325	17.111	16.93	17.112	415.42	415.34
02:55:58	16.774	16.381	16.355	17.117	16.928	17.112	415.42	415.34
02:57:00	16.772	16.382	16.386	17.159	16.929	17.109	415.42	415.34
02:57:58	16.773	16.382	16.412	17.206	16.93	17.112	415.42	415.34
02:58:58	16.773	16.382	16.433	17.255	16.929	17.112	415.42	415.34
02:59:58	16.773	16.381	16.452	17.297	16.932	17.113	415.42	415.34
03:00:58	16.774	16.381	16.465	17.325	16.929	17.115	415.42	415.34
03:01:58	16.773	16.38	16.455	17.34	16.931	17.112	415.42	415.34
03:02:58	16.773	16.382	16.408	17.281	16.927	17.113	415.42	415.34
03:03:58	16.773	16.383	16.38	17.214	16.931	17.112	415.42	415.34
03:04:58	16.773	16.383	16.303	17.153	16.927	17.111	415.42	415.34
03:05:58	16.773	16.383	16.301	17.118	16.93	17.112	415.42	415.34
03:06:58	16.773	16.381	16.343	17.137	16.931	17.11	415.42	415.34
03:07:58	16.773	16.382	16.375	17.167	16.929	17.11	415.42	415.34
03:08:58	16.774	16.381	16.398	17.203	16.929	17.107	415.42	415.34
03:09:58	16.774	16.383	16.421	17.243	16.929	17.109	415.42	415.34
03:10:58	16.774	16.383	16.444	17.28	16.931	17.111	415.42	415.34
03:11:58	16.776	16.381	16.46	17.314	16.932	17.115	415.42	415.34
03:12:58	16.775	16.382	16.461	17.329	16.93	17.111	415.42	415.34
03:13:58	16.774	16.382	16.415	17.272	16.931	17.115	415.42	415.34
03:14:58	16.775	16.383	16.38	17.215	16.929	17.109	415.42	415.34
03:15:58	16.775	16.383	16.338	17.177	16.929	17.112	415.42	415.34
03:16:58	16.776	16.384	16.308	17.117	16.93	17.111	415.42	415.34
03:17:58	16.775	16.384	16.34	17.133	16.931	17.109	415.42	415.34
03:18:58	16.776	16.383	16.376	17.161	16.931	17.109	415.42	415.34
03:19:58	16.775	16.385	16.4	17.201	16.931	17.113	415.42	415.34
03:20:58	16.776	16.385	16.422	17.24	16.931	17.112	415.42	415.34
03:21:58	16.776	16.384	16.439	17.281	16.931	17.111	415.42	415.34
03:22:58	16.776	16.384	16.457	17.315	16.931	17.112	415.42	415.34
03:23:58	16.776	16.385	16.424	17.33	16.931	17.11	415.42	415.34
03:24:58	16.776	16.384	16.337	17.268	16.931	17.108	415.42	415.34
03:25:58	16.776	16.386	16.349	17.208	16.932	17.109	415.42	415.34
03:26:58	16.775	16.386	16.342	17.162	16.931	17.112	415.42	415.34
03:27:58	16.776	16.385	16.376	17.178	16.93	17.113	415.42	415.34
03:28:58	16.776	16.384	16.397	17.206	16.931	17.109	415.42	415.34
03:29:58	16.776	16.385	16.416	17.238	16.931	17.111	415.42	415.34
03:30:58	16.777	16.385	16.445	17.284	16.933	17.111	415.42	415.34
03:31:58	16.776	16.386	16.464	17.323	16.934	17.109	415.42	415.34
03:33:00	16.778	16.386	16.473	17.35	16.933	17.109	415.42	415.34
03:33:58	16.777	16.386	16.464	17.362	16.932	17.117	415.42	415.34
03:34:59	16.778	16.388	16.404	17.305	16.934	17.116	415.42	415.34
03:35:58	16.777	16.388	16.381	17.235	16.932	17.109	415.42	415.34
03:36:58	16.778	16.388	16.338	17.183	16.932	17.114	415.42	415.34
03:37:58	16.778	16.388	16.337	17.139	16.933	17.11	415.42	415.34
03:38:58	16.778	16.389	16.367	17.152	16.934	17.113	415.42	415.34
03:39:58	16.778	16.389	16.392	17.189	16.932	17.115	415.42	415.34
03:40:58	16.778	16.389	16.413	17.222	16.934	17.112	415.42	415.34
03:41:58	16.779	16.389	16.431	17.251	16.936	17.11	415.42	415.34
03:42:58	16.779	16.39	16.445	17.287	16.933	17.11	415.42	415.34
03:43:58	16.779	16.391	16.463	17.32	16.935	17.111	415.42	415.34
03:44:58	16.778	16.39	16.462	17.344	16.935	17.114	415.42	415.34
03:45:58	16.779	16.39	16.422	17.297	16.932	17.115	415.42	415.34
03:46:58	16.779	16.391	16.383	17.241	16.933	17.111	415.42	415.34
03:47:58	16.779	16.391	16.351	17.193	16.935	17.113	415.42	415.34
03:48:58	16.779	16.39	16.347	17.153	16.933	17.11	415.42	415.34
03:49:58	16.78	16.39	16.375	17.167	16.934	17.11	415.42	415.34
03:50:58	16.78	16.39	16.396	17.203	16.934	17.114	415.42	415.34
03:51:58	16.779	16.39	16.416	17.233	16.934	17.113	415.42	415.34
03:52:58	16.78	16.389	16.436	17.267	16.931	17.108	415.42	415.34
03:53:58	16.781	16.391	16.451	17.3	16.932	17.11	415.42	415.34
03:54:58	16.78	16.389	16.465	17.336	16.933	17.111	415.42	415.34
03:55:58	16.78	16.388	16.444	17.349	16.935	17.111	415.42	415.34
03:56:58	16.781	16.39	16.392	17.288	16.934	17.112	415.42	415.34
03:57:58	16.782	16.391	16.366	17.222	16.934	17.113	415.42	415.34
03:58:58	16.78	16.39	16.353	17.182	16.933	17.111	415.42	415.34
03:59:58	16.78	16.391	16.386	17.186	16.934	17.113	415.42	415.34
04:00:58	16.78	16.391	16.404	17.216	16.932	17.113	415.42	415.34
04:01:58	16.781	16.391	16.429	17.257	16.933	17.111	415.42	415.34
04:02:58	16.782	16.391	16.454	17.299	16.934	17.113	415.42	415.34
04:03:58	16.782	16.392	16.47	17.336	16.935	17.112	415.42	415.34
04:04:59	16.782	16.393	16.485	17.365	16.933	17.112	415.42	415.34
04:05:58	16.782	16.393	16.476	17.377	16.933	17.111	415.42	415.34
04:07:00	16.782	16.394	16.441	17.317	16.934	17.112	415.42	415.34
04:07:58	16.782	16.394	16.413	17.264	16.937	17.112	415.42	415.34
04:08:58	16.782	16.396	16.362	17.221	16.936	17.112	415.42	415.34
04:09:58	16.783	16.396	16.238	17.157	16.937	17.114	0.0	415.34
04:10:58	16.782	16.397	16.238	17.108	16.936	17.115	415.42	415.34
04:11:58	16.783	16.397	16.284	17.116	16.935	17.117	415.42	415.34
04:12:58	16.783	16.398	16.338	17.142	16.934	17.113	415.42	415.34
04:14:00	16.783	16.397	16.37	17.178	16.933	17.112	415.42	415.34
04:14:58	16.784	16.398	16.395	17.223	16.934	17.114	415.42	415.34
04:15:58	16.784	16.398	16.418	17.268	16.936	17.114	415.42	415.34
04:16:58	16.784	16.397	16.435	17.312	16.935	17.115	415.42	415.34
04:17:58	16.784	16.396	16.446	17.333	16.933	17.114	415.42	415.34
04:18:58	16.784	16.396	16.392	17.279	16.931	17.114	415.42	415.34
04:19:58	16.785	16.396	16.339	17.214	16.934	17.114	415.42	415.34
04:20:58	16.784	16.397	16.299	17.169	16.935	17.112	415.42	415.34
04:21:58	16.784	16.397	16.305	17.131	16.936	17.113	415.42	415.34
04:22:58	16.784	16.398	16.349	17.157	16.935	17.111	415.42	415.34
04:23:58	16.785	16.4	16.383	17.192	16.936	17.116	415.42	415.34
04:24:58	16.786	16.398	16.402	17.229	16.935	17.114	415.42	415.34
04:25:58	16.785	16.398	16.415	17.265	16.934	17.114	415.42	415.34
04:26:58	16.785	16.396	16.438	17.304	16.935	17.112	415.42	415.34
04:27:58	16.786	16.398	16.453	17.332	16.932	17.112	415.42	415.34
04:28:58	16.786	16.397	16.453	17.35	16.934	17.114	415.42	415.34
04:29:58	16.786	16.399	16.404	17.302	16.935	17.114	415.42	415.34
04:30:58	16.786	16.4	16.384	17.257	16.935	17.112	415.42	415.34
04:31:58	16.786	16.399	16.326	17.217	16.937	17.114	415.42	415.34
04:32:58	16.786	16.399	16.317	17.172	16.934	17.114	415.42	415.34
04:33:58	16.786	16.398	16.354	17.177	16.936	17.112	415.42	415.34
04:34:58	16.786	16.399	16.388	17.206	16.936	17.111	415.42	415.34
04:35:58	16.787	16.399	16.414	17.242	16.933	17.111	415.42	415.34
04:36:58	16.786	16.4	16.432	17.278	16.934	17.117	415.42	415.34
04:37:58	16.786	16.4	16.447	17.31	16.935	17.109	415.42	415.34
04:38:58	16.787	16.401	16.467	17.343	16.936	17.113	415.42	415.34
04:39:58	16.786	0.0	16.46	17.361	16.935	17.112	415.42	415.34
04:40:58	16.787	16.402	16.397	17.296	16.933	17.115	415.42	415.34
04:41:58	16.787	16.401	16.357	17.23	16.935	17.114	415.42	415.34
04:42:58	16.787	16.401	16.27	17.172	16.934	17.116	415.42	415.34
04:43:58	16.788	16.401	16.294	17.124	16.933	17.114	415.42	415.34
04:44:58	16.789	16.4	16.33	17.138	16.935	17.115	415.42	415.34
04:45:58	16.787	16.401	16.369	17.174	16.935	17.113	415.42	415.34
04:46:58	16.79	16.402	16.396	17.215	16.933	17.115	415.42	415.34
04:47:58	16.789	16.401	16.419	17.26	16.934	17.114	415.42	415.34
04:48:58	16.79	16.402	16.437	17.303	16.936	17.112	415.42	415.34
04:49:58	16.789	16.401	16.457	17.345	16.933	17.117	415.42	415.34
04:50:58	16.789	16.401	16.453	17.367	16.934	17.113	415.42	415.34
04:51:58	16.789	16.402	16.38	17.321	16.934	17.115	415.42	415.34
04:52:58	16.789	16.402	16.351	17.265	16.934	17.112	415.42	415.34
04:53:58	16.789	16.402	16.334	17.229	16.935	17.116	415.42	415.34
04:54:58	16.789	16.402	16.341	17.17	16.935	17.115	415.42	415.34
04:55:59	16.789	16.402	16.37	17.187	16.933	17.114	415.42	415.34
04:56:58	16.789	16.402	16.398	17.22	16.935	17.115	415.42	415.34
04:57:58	16.79	16.402	16.417	17.263	16.937	17.113	415.42	415.34
04:58:58	16.789	16.404	16.44	17.31	16.933	17.113	415.42	415.34
04:59:58	16.789	16.404	16.462	17.348	16.934	17.116	415.42	415.34
05:00:58	16.789	16.404	16.477	17.369	16.934	17.113	415.42	415.34
05:01:58	16.789	16.404	16.473	17.379	16.935	17.115	415.42	415.34
05:02:58	16.791	16.405	16.407	17.311	16.935	17.114	415.42	415.34
05:03:58	16.79	16.405	16.364	17.233	16.936	17.116	415.42	415.34
05:04:58	16.791	16.406	16.331	17.188	16.935	17.113	415.42	415.34
05:05:58	16.79	16.405	16.358	17.187	16.936	17.111	415.42	415.34
05:06:58	16.79	16.406	16.398	17.222	16.936	17.112	415.42	415.34
05:07:59	16.792	16.406	16.422	17.264	16.937	17.116	415.42	415.34
05:08:58	16.792	16.407	16.446	17.302	16.937	17.114	415.42	415.34
05:09:58	16.791	16.405	16.469	17.337	16.935	17.112	415.42	415.34
05:10:58	16.791	16.407	16.482	17.368	16.935	17.108	415.42	415.34
05:11:58	16.791	16.405	16.493	17.388	16.934	17.108	415.42	415.34
05:12:58	16.792	16.404	16.497	17.397	16.935	17.111	415.42	415.34
05:13:58	16.791	16.404	16.455	17.345	16.937	17.113	415.42	415.34
05:14:58	16.792	16.403	16.415	17.293	16.935	17.113	415.42	415.34
05:15:58	16.792	16.404	16.354	17.25	16.934	17.117	415.42	415.34
05:17:00	16.793	16.406	16.341	17.191	16.935	17.116	415.42	415.34
05:17:58	16.793	16.407	16.309	17.14	16.937	17.114	415.42	415.34
05:18:59	16.793	16.408	16.354	17.153	16.937	17.113	415.42	415.34
05:19:58	0.0	16.407	16.385	17.183	16.937	17.113	415.42	415.34
05:20:58	16.794	16.409	16.415	17.226	16.933	17.114	415.42	415.34
05:21:58	16.793	16.41	16.437	17.277	16.934	17.114	415.42	415.34
05:22:58	16.793	16.409	16.46	17.318	16.935	17.114	415.42	415.34
05:23:58	16.793	16.409	16.482	17.353	16.933	17.11	415.42	415.34
05:24:58	16.794	16.409	16.479	17.368	16.933	17.115	415.42	415.34
05:25:58	16.793	16.408	16.413	0.0	16.935	17.114	415.42	415.34
05:26:58	16.793	16.409	16.404	17.27	16.934	17.112	415.42	415.34
05:27:58	16.794	16.407	16.357	17.233	16.933	17.113	415.42	415.34
05:28:58	16.794	16.406	16.309	17.185	16.933	17.11	415.42	415.34
05:29:58	16.795	16.406	16.311	17.119	16.934	17.112	415.42	415.34
05:30:58	16.795	16.406	16.338	17.128	16.934	17.113	415.42	415.34
05:31:58	16.794	16.407	16.373	17.153	16.934	17.11	415.42	415.34
05:32:58	16.794	16.407	16.391	17.19	16.931	17.116	415.42	415.34
05:33:58	16.795	16.407	16.414	0.0	16.931	17.114	415.42	415.34
05:34:58	16.795	16.408	16.437	17.273	16.932	17.113	415.42	415.34
05:35:59	16.796	16.409	16.451	17.305	16.934	17.112	415.42	415.34
05:36:58	16.796	16.409	16.432	17.328	16.933	17.114	415.42	415.34
05:37:58	16.795	16.407	16.361	17.272	16.934	17.112	415.42	415.34
05:38:58	16.795	16.407	16.318	17.201	16.934	17.112	415.42	415.34
05:39:58	16.796	16.409	16.313	17.147	16.936	17.111	0.0	415.34
05:40:58	16.795	16.408	16.354	17.156	16.933	17.115	415.42	415.34
05:41:58	16.796	16.408	16.39	17.193	16.933	17.112	415.42	415.34
05:42:58	16.796	16.409	16.421	17.245	16.935	17.115	415.42	415.34
05:43:58	16.796	16.408	16.446	17.294	16.935	17.111	415.42	415.34
05:44:58	16.795	16.409	16.461	17.333	16.934	17.113	415.42	415.34
05:45:58	16.797	16.41	16.474	17.356	16.934	17.112	415.42	415.34
05:46:58	16.797	16.41	16.465	17.366	16.934	17.113	415.42	415.34
05:47:58	16.797	16.41	16.383	17.282	16.935	17.112	415.42	415.34
05:48:58	16.796	16.41	16.353	17.217	16.937	17.114	415.42	415.34
05:49:58	16.797	16.411	16.32	17.176	16.935	17.114	415.42	415.34
05:50:59	16.796	16.411	16.333	17.139	16.933	17.112	415.42	415.34
05:51:58	16.797	16.41	16.372	17.169	16.934	17.111	415.42	415.34
05:52:58	16.797	16.411	16.39	17.21	16.935	17.113	415.42	415.34
05:53:58	16.799	16.411	16.414	17.249	16.934	17.111	415.42	415.34
05:54:58	16.798	16.411	16.435	17.282	16.93	17.112	415.42	415.34
05:55:58	16.799	16.412	16.45	17.313	16.934	17.112	415.42	415.34
05:56:58	16.798	16.412	16.469	17.342	16.935	17.115	415.42	415.34
05:58:00	16.799	16.411	16.456	17.357	16.935	17.113	415.42	415.34
05:58:58	16.799	16.412	16.426	17.318	16.937	17.112	415.42	415.34
05:59:58	16.799	16.413	16.394	17.272	16.935	17.114	415.42	415.34
06:00:58	16.799	16.413	16.363	17.241	16.936	17.114	415.42	415.34
06:01:58	16.799	16.414	16.316	17.182	16.935	17.113	415.42	415.34
06:02:58	16.798	16.413	16.292	17.136	16.932	17.111	415.42	415.34
06:03:58	16.799	16.413	16.33	17.136	16.933	17.112	415.42	415.34
06:04:58	16.799	16.412	16.37	17.165	16.934	17.113	415.42	415.34
06:05:58	16.8	16.413	16.393	17.209	16.932	17.112	415.42	415.34
06:06:58	16.799	16.413	16.415	17.25	16.933	17.111	415.42	415.34
06:07:58	16.799	16.413	16.441	17.294	16.933	17.113	415.42	415.34
06:08:58	16.799	16.413	16.453	17.325	16.933	17.112	415.42	415.34
06:09:58	16.8	16.412	16.458	17.342	16.934	17.114	415.42	415.34
06:10:58	16.8	16.412	16.424	17.298	16.933	17.113	415.42	415.34
06:11:58	16.8	16.413	16.377	17.237	16.933	17.117	415.42	415.34
06:12:58	16.801	16.412	16.31	17.179	16.931	17.11	415.42	415.34
06:13:58	16.801	16.413	16.309	17.116	16.932	17.111	415.42	415.34
06:14:59	16.8	16.412	16.341	17.133	16.933	17.11	415.42	415.34
06:15:58	16.801	16.413	16.371	17.163	16.933	17.11	415.42	415.34
06:17:00	16.802	16.413	16.396	17.208	16.932	17.11	415.42	415.34
06:17:58	16.8	16.412	16.422	17.253	16.93	17.114	415.42	415.34
06:18:58	16.802	16.413	16.438	17.293	16.931	17.109	415.42	415.34
06:19:58	16.801	16.413	16.455	17.329	16.934	17.113	415.42	415.34
06:20:58	16.801	16.414	16.435	17.345	16.933	17.112	415.42	415.34
06:21:58	16.802	16.414	16.38	17.269	16.934	17.113	415.42	415.34
06:22:58	16.801	16.414	16.341	17.212	16.935	17.114	415.42	415.34
06:23:58	16.802	16.415	16.316	17.164	16.936	17.114	415.42	415.34
06:24:58	16.802	16.416	16.329	17.124	16.937	17.113	415.42	415.34
06:25:58	16.803	16.416	16.361	17.157	16.934	17.114	415.42	415.34
06:26:58	16.802	16.419	16.395	17.204	16.936	17.114	415.42	415.34
06:27:58	16.802	16.419	16.424	17.26	16.937	17.113	415.42	415.34
06:28:58	16.803	16.42	16.445	17.3	16.936	17.114	415.42	415.34
06:29:58	16.802	16.42	16.463	17.331	16.935	17.115	415.42	415.34
06:30:58	16.802	16.419	16.476	17.356	16.935	17.108	415.42	415.34
06:31:58	16.802	16.419	16.478	17.36	16.936	17.116	415.42	415.34
06:32:58	16.802	16.418	16.442	17.303	16.936	17.112	415.42	415.34
06:33:58	16.803	16.419	16.409	17.241	16.934	17.113	415.42	415.34
06:34:58	16.804	16.419	16.383	17.192	16.933	17.113	415.42	415.34
06:35:58	16.803	16.42	16.349	17.137	16.936	17.115	415.42	415.34
06:36:58	16.804	16.42	16.379	17.158	16.937	17.114	415.42	415.34
06:37:58	16.803	16.42	16.405	17.193	16.937	17.114	415.42	415.34
06:38:58	16.804	16.42	16.426	17.226	16.938	17.114	415.42	415.34
06:39:58	16.805	16.421	16.447	17.265	16.938	17.117	415.42	415.34
06:40:58	16.804	16.422	16.459	17.3	16.939	17.118	415.42	415.34
06:41:58	16.804	16.422	16.477	17.328	16.938	17.112	415.42	415.34
06:42:58	16.804	16.422	16.474	17.341	16.938	17.115	415.42	415.34
06:43:58	16.804	16.424	16.422	17.292	16.938	17.113	415.42	415.34
06:44:58	16.804	16.423	16.41	17.232	16.937	17.114	415.42	415.34
06:45:58	16.805	16.423	16.343	17.191	16.939	17.117	415.42	415.34
06:46:58	16.805	16.424	16.328	17.145	16.94	17.113	415.42	415.34
06:47:58	16.805	16.425	16.373	17.163	16.938	17.117	415.42	415.34
06:48:58	16.806	16.424	16.401	17.196	16.937	17.113	415.42	415.34
06:49:58	16.806	16.425	16.419	17.225	16.938	17.114	415.42	415.34
06:50:58	16.806	16.424	16.435	17.252	16.937	17.113	415.42	415.34
06:51:58	16.806	16.425	16.45	17.277	16.935	17.116	415.42	415.34
06:52:59	16.805	16.425	16.462	17.305	16.934	17.112	415.42	415.34
06:53:58	16.806	16.424	16.441	17.321	16.935	17.112	415.42	415.34
06:54:58	16.806	16.422	16.394	17.261	16.931	17.112	415.42	415.34
06:55:58	16.806	16.422	16.312	17.19	16.931	17.114	415.42	415.34
06:56:58	16.806	16.421	16.323	17.128	16.93	17.113	415.42	415.34
06:58:00	16.806	16.421	16.354	17.13	16.934	17.113	415.42	415.34
06:58:58	16.806	16.422	16.384	17.164	16.931	17.112	415.42	415.34
06:59:58	16.807	0.0	16.418	17.22	16.935	17.113	415.42	415.34
07:00:58	16.807	16.421	16.439	17.271	16.935	17.112	415.42	415.34
07:01:58	16.806	16.42	16.456	17.308	16.936	17.111	415.42	415.34
07:02:58	16.807	16.421	16.471	17.33	16.932	17.113	415.42	415.34
07:03:58	16.807	16.421	16.475	17.345	16.933	17.117	415.42	415.34
07:04:58	16.807	16.421	16.437	17.29	16.935	17.111	415.42	415.34
07:05:58	16.807	16.422	16.406	17.234	16.936	17.111	415.42	415.34
07:06:58	16.806	16.421	16.371	17.195	16.935	17.112	415.42	415.34
07:07:58	16.807	16.422	16.34	17.141	16.932	17.113	415.42	415.34
07:08:58	16.807	16.423	16.323	17.098	16.936	17.114	415.42	415.34
07:09:58	16.807	16.422	16.349	17.105	16.934	17.113	415.42	415.34
07:10:58	16.807	16.421	16.376	17.143	16.933	17.114	415.42	415.34
07:11:58	16.807	16.424	16.401	17.187	16.934	17.113	415.42	415.34
07:12:58	16.808	16.425	16.43	17.237	16.937	17.115	415.42	415.34
07:13:58	16.808	16.426	16.447	17.28	16.937	17.117	415.42	415.34
07:14:58	16.808	16.426	16.461	17.315	16.939	17.116	415.42	415.34
07:15:58	16.808	16.428	16.456	17.331	16.937	17.113	415.42	415.34
07:16:58	16.808	16.427	16.39	17.274	16.938	17.114	415.42	415.34
07:17:59	16.808	16.428	16.351	17.205	16.937	17.115	415.42	415.34
07:18:58	16.809	16.428	16.357	17.152	16.935	17.119	415.42	415.34
07:19:58	16.809	16.431	16.381	17.164	16.937	17.113	415.42	415.34
07:20:58	16.808	16.431	16.406	17.199	16.935	17.112	415.42	415.34
07:21:58	16.809	16.43	16.428	17.245	16.934	17.113	415.42	415.34
07:22:58	16.808	16.427	16.453	17.29	16.936	17.114	415.42	415.34
07:23:58	16.81	16.428	16.472	17.324	16.935	17.115	415.42	415.34
07:24:58	16.809	16.426	16.481	17.351	16.938	17.114	415.42	415.34
07:25:58	16.809	16.426	16.492	17.376	16.937	17.113	415.42	415.34
07:26:58	16.809	16.426	16.502	17.392	16.936	17.114	415.42	415.34
07:27:58	16.809	16.426	16.509	17.403	16.936	17.113	415.42	415.34
07:28:58	16.809	16.427	16.49	17.403	16.938	17.113	415.42	415.34
07:29:58	16.81	16.427	16.458	17.351	16.937	17.113	415.42	415.34
07:30:58	16.809	16.427	16.426	17.29	16.937	17.114	415.42	415.34
07:31:58	16.81	16.426	16.392	17.235	16.938	17.114	415.42	415.34
07:32:58	16.809	16.427	16.31	17.173	16.936	17.112	415.42	415.34
07:33:58	16.811	16.427	16.305	17.112	16.937	17.113	415.42	415.34
07:34:58	16.811	16.429	16.347	17.133	16.936	17.113	415.42	415.34
07:35:58	16.811	16.43	16.39	17.171	16.934	17.112	415.42	415.34
07:36:58	16.812	16.429	16.423	17.222	16.935	17.114	415.42	415.34
07:37:59	16.81	16.429	16.452	17.275	16.939	17.114	415.42	415.34
07:38:58	16.811	16.429	16.472	17.312	16.94	17.114	415.42	415.34
07:39:58	16.811	16.428	16.484	17.342	16.938	17.115	415.42	415.34
07:40:58	16.811	16.429	16.483	17.352	16.935	17.112	415.42	415.34
07:41:58	16.812	16.429	16.459	17.296	16.938	17.113	415.42	415.34
07:42:58	16.812	16.43	16.427	17.248	16.938	17.115	415.42	415.34
07:43:58	16.813	16.43	16.361	17.212	16.938	17.114	415.42	415.34
07:44:58	16.812	16.431	16.246	17.162	16.937	17.112	415.42	415.34
07:45:58	16.811	16.43	16.275	17.109	16.936	17.113	415.42	415.34
07:46:58	16.812	16.429	16.315	17.109	16.936	17.114	415.42	415.34
07:47:58	16.812	16.429	16.348	17.135	16.935	17.113	415.42	415.34
07:48:58	16.812	16.43	16.378	17.17	16.937	17.113	415.42	415.34
07:49:58	16.814	16.43	16.402	17.211	16.938	17.113	415.42	415.34
07:50:58	16.813	16.43	16.422	17.255	16.939	17.115	415.42	415.34
07:51:58	16.813	16.429	16.443	17.294	16.938	17.116	415.42	415.34
07:52:58	16.814	16.431	16.45	17.318	16.936	17.115	415.42	415.34
07:53:58	16.813	16.43	16.396	17.271	16.938	17.116	415.42	415.34
07:54:58	16.813	16.429	16.352	17.217	16.934	17.115	415.42	415.34
07:55:58	16.814	16.429	16.299	17.181	16.936	17.113	415.42	415.34
07:56:58	16.814	16.428	16.291	17.132	16.935	17.113	415.42	415.34
07:57:58	16.814	16.428	16.319	17.132	16.935	17.114	415.42	415.34
07:58:58	16.812	16.428	16.351	17.156	16.937	17.115	415.42	415.34
07:59:58	16.814	16.428	16.387	17.203	16.935	17.114	415.42	415.34
08:00:58	16.813	16.428	16.416	17.257	16.934	17.113	415.42	415.34
08:01:58	16.814	16.429	16.436	17.296	16.934	17.114	415.42	415.34
08:02:58	16.813	16.428	16.452	17.324	16.936	17.114	415.42	415.34
08:03:58	16.814	16.428	16.447	17.34	16.936	17.113	415.42	415.34
08:04:58	16.814	16.426	16.395	17.271	16.935	17.113	415.42	415.34
08:05:58	16.813	16.427	16.373	17.205	16.933	17.113	415.42	415.34
08:06:58	16.813	16.428	16.351	17.167	16.933	17.114	415.42	415.34
08:07:58	16.813	16.428	16.372	17.171	16.933	17.112	415.42	415.34
08:08:58	16.815	16.428	16.401	17.203	16.935	17.113	415.42	415.34
08:09:58	16.814	16.428	16.42	17.241	16.935	17.116	415.42	415.34
08:10:58	16.813	16.427	16.441	17.277	16.934	17.113	415.42	415.34
08:11:58	16.815	16.428	16.461	17.308	16.933	17.114	415.42	415.34
08:12:58	16.814	16.429	16.474	17.338	16.938	17.114	415.42	415.34
08:13:58	16.814	16.428	16.485	17.361	16.936	17.114	415.42	415.34
08:14:58	16.814	16.428	16.472	17.369	16.937	17.116	415.42	415.34
08:15:58	16.814	16.429	16.444	17.329	16.937	17.115	415.42	415.34
08:16:58	16.814	16.431	16.389	17.279	16.938	17.113	415.42	415.34
08:17:59	16.815	16.43	16.36	17.218	16.937	17.114	415.42	415.34
08:18:58	0.0	16.431	16.303	17.152	16.935	17.112	415.42	415.34
08:19:58	16.814	16.431	16.299	17.099	16.935	17.115	415.42	415.34
08:20:58	16.815	16.432	16.341	17.122	16.937	17.115	415.42	415.34
08:21:58	16.815	16.433	16.372	17.155	16.936	17.114	415.42	415.34
08:22:58	16.815	16.433	16.398	17.193	16.936	17.114	415.42	415.34
08:23:58	16.815	16.433	16.418	17.24	16.936	17.114	415.42	415.34
08:24:58	16.814	16.433	16.441	17.284	16.937	17.114	415.42	415.34
08:25:59	16.816	16.432	16.46	17.319	16.938	17.115	415.42	415.34
08:26:58	16.816	16.431	16.461	17.338	16.937	17.114	415.42	415.34
08:27:58	16.816	16.432	16.425	17.283	16.937	17.114	415.42	415.34
08:28:58	16.817	16.432	16.388	17.233	16.936	17.115	415.42	415.34
08:29:58	16.816	16.43	16.353	17.196	16.937	17.113	415.42	415.34
08:30:58	16.816	16.432	16.334	17.155	16.936	17.113	415.42	415.34
08:31:58	16.816	16.431	16.369	17.166	16.935	17.117	415.42	415.34
08:32:58	16.817	16.432	16.396	17.208	16.936	17.117	415.42	415.34
08:33:58	16.816	16.431	16.411	17.241	16.935	17.118	415.42	415.34
08:34:58	16.816	16.432	16.432	17.267	16.937	17.114	415.42	415.34
08:35:58	16.816	16.432	16.448	17.305	16.936	17.115	415.42	415.34
08:36:58	16.817	16.431	16.465	17.334	16.937	17.115	415.42	415.34
08:37:58	16.816	16.432	16.471	17.355	16.935	17.115	415.42	415.34
08:38:58	16.816	16.433	16.435	17.297	16.934	17.115	415.42	415.34
08:39:58	16.816	16.434	16.406	17.246	16.937	17.112	415.42	415.34
08:40:58	16.817	16.434	16.376	17.212	16.935	17.112	415.42	415.34
08:41:58	16.818	16.433	16.287	17.158	16.937	17.114	415.42	415.34
08:42:58	16.816	16.434	16.314	17.106	16.934	17.113	415.42	415.34
08:43:58	16.816	16.432	16.346	17.128	16.933	17.114	415.42	415.34
08:44:58	16.817	16.432	16.371	17.162	16.935	17.113	415.42	415.34
08:45:58	16.818	16.431	16.397	17.199	16.935	17.113	415.42	415.34
08:46:58	16.816	16.432	16.413	17.24	16.936	17.112	415.42	415.34
08:47:58	16.817	16.431	16.428	17.271	16.936	17.114	415.42	415.34
08:48:58	16.817	16.431	16.445	17.302	16.937	17.114	415.42	415.34
08:49:58	16.816	16.431	16.448	17.319	16.936	17.113	415.42	415.34
08:50:58	16.817	16.431	16.415	17.272	16.935	17.112	415.42	415.34
08:51:58	16.817	16.432	16.37	17.199	16.935	17.113	415.42	415.34
08:52:58	16.818	16.431	16.361	17.162	16.936	17.113	415.42	415.34
08:53:58	16.817	16.43	16.39	17.192	16.936	17.114	415.42	415.34
08:54:59	16.816	16.432	16.418	17.223	16.935	17.112	415.42	415.34
08:55:59	16.818	16.431	16.434	17.257	16.933	17.114	415.42	415.34
08:56:58	16.817	16.429	16.455	17.301	16.934	17.115	415.42	415.34
08:57:58	16.818	16.43	16.473	17.337	16.934	17.114	415.42	415.34
08:58:58	16.819	16.431	16.485	17.363	16.931	17.113	415.42	415.34
08:59:59	16.818	16.429	16.485	17.377	16.932	17.113	415.42	415.34
09:00:58	16.818	16.428	16.422	17.325	16.935	17.113	415.42	415.34
09:01:58	16.818	16.43	16.393	17.272	16.935	17.113	415.42	415.34
09:02:58	16.818	16.431	16.344	17.228	16.935	17.111	415.42	415.34
09:03:59	16.818	16.431	16.326	17.181	16.935	17.114	415.42	415.34
09:04:58	16.817	16.431	16.322	17.111	16.936	17.114	415.42	415.34
09:05:58	16.818	16.433	16.356	17.13	16.938	17.115	415.42	415.34
09:06:58	16.819	16.433	16.382	17.163	16.937	17.114	415.42	415.34
09:07:59	16.819	16.433	16.402	17.198	16.936	17.114	415.42	415.34
09:08:58	16.819	16.434	16.421	17.239	16.939	17.115	415.42	415.34
09:09:58	16.819	16.436	16.434	17.269	16.939	17.116	415.42	415.34
09:10:58	16.819	16.437	16.453	17.302	16.938	17.113	415.42	415.34
09:11:58	16.819	16.437	16.455	17.327	16.94	17.115	415.42	415.34
09:12:58	16.82	16.437	16.407	17.292	16.938	17.115	415.42	415.34
09:13:58	16.819	16.437	16.388	17.242	16.94	17.113	415.42	415.34
09:14:58	16.82	16.436	16.338	17.208	16.939	17.113	415.42	415.34
09:15:59	16.819	16.437	16.315	17.165	16.938	17.112	415.42	415.34
09:16:58	16.819	16.436	16.357	17.18	16.938	17.118	415.42	415.34
09:17:59	16.819	16.436	16.392	17.209	16.939	17.113	415.42	415.34
09:18:59	16.82	16.436	16.413	17.244	16.94	17.116	415.42	415.34
09:19:58	16.821	16.437	16.431	17.28	16.939	17.114	415.42	415.34
09:20:58	16.82	16.437	16.448	17.315	16.938	17.116	415.42	415.34
09:21:58	16.819	16.437	16.467	17.349	16.938	17.116	415.42	415.34
09:22:59	16.82	16.437	16.463	17.365	16.937	17.112	415.42	415.34
09:23:58	16.82	16.437	16.406	17.302	16.937	17.116	415.42	415.34
09:24:59	16.821	16.436	16.369	17.228	16.937	17.117	415.42	415.34
09:25:59	16.819	16.435	16.365	17.177	16.937	17.116	415.42	415.34
09:26:59	16.82	16.435	16.388	17.189	16.936	17.115	415.42	415.34
09:27:58	16.82	16.434	16.413	17.22	16.935	17.114	415.42	415.34
09:28:58	16.82	16.434	16.437	17.264	16.935	17.115	415.42	415.34
09:29:59	16.82	16.435	16.461	17.316	16.935	17.115	415.42	415.34
09:30:59	16.819	16.432	16.48	17.347	16.935	17.114	415.42	415.34
09:31:58	16.82	16.434	16.497	17.373	16.935	17.113	415.42	415.34
09:32:58	16.82	16.432	16.482	17.39	16.936	17.113	415.42	415.34
09:33:58	16.82	16.433	16.449	17.338	16.935	17.113	415.42	415.34
09:34:59	16.82	16.433	16.422	17.296	16.937	17.112	415.42	415.34
09:35:59	16.82	16.432	16.378	17.252	16.937	17.119	415.42	415.34
09:36:58	16.819	16.432	16.315	17.187	16.935	17.114	415.42	415.34
09:37:58	16.819	16.434	16.324	17.137	16.935	17.112	415.42	415.34
09:38:58	16.82	16.433	16.347	17.154	16.934	17.113	415.42	415.34
09:39:59	16.82	16.433	16.385	17.181	16.933	17.109	415.42	415.34
09:40:58	16.821	16.434	16.407	17.214	16.935	17.112	415.42	415.34
09:41:58	16.82	16.435	16.424	17.254	16.931	17.115	415.42	415.34
09:42:59	16.82	16.434	16.443	17.293	16.935	17.114	415.42	415.34
09:43:59	16.821	16.434	16.463	17.331	16.935	17.115	415.42	415.34
09:44:58	16.821	16.434	16.474	17.354	16.938	17.115	415.42	415.34
09:45:58	16.821	16.435	16.427	17.318	16.937	17.115	415.42	415.34
09:46:58	16.82	16.435	16.413	17.272	16.937	17.115	415.42	415.34
09:47:58	16.821	16.436	16.373	17.214	16.937	17.113	415.42	415.34
09:48:59	16.822	16.436	16.348	17.158	16.936	17.116	415.42	415.34
09:49:58	16.822	16.436	16.377	17.179	16.938	17.117	415.42	415.34
09:50:59	16.821	16.438	16.406	17.213	16.939	17.12	415.42	415.34
09:51:59	16.822	16.439	16.426	17.246	16.939	17.114	415.42	415.34
09:52:58	16.821	16.439	16.445	17.288	16.937	17.115	415.42	415.34
09:53:59	16.821	16.44	16.465	17.324	16.937	17.114	415.42	415.34
09:54:58	16.822	16.44	16.479	17.353	16.938	17.114	415.42	415.34
09:55:59	16.822	16.44	16.486	17.367	16.939	17.116	415.42	415.34
09:56:59	16.821	16.44	16.455	17.332	16.939	17.115	415.42	415.34
09:57:58	16.823	16.44	16.432	17.29	16.938	17.11	415.42	415.34
09:58:58	16.824	16.441	16.394	17.256	16.94	17.114	415.42	415.34
09:59:58	16.823	16.441	16.291	17.195	16.938	17.113	415.42	415.34
10:00:59	16.823	16.442	16.288	17.145	16.939	17.115	415.42	415.34
10:01:59	16.822	16.441	16.345	17.162	16.938	17.119	415.42	415.34
10:02:58	16.824	16.441	16.384	17.196	16.938	17.11	415.42	415.34
10:03:59	16.824	16.443	16.411	17.237	16.937	17.117	415.42	415.34
10:04:59	16.822	16.441	16.431	17.277	16.937	17.116	415.42	415.34
10:05:59	16.823	16.441	16.45	17.316	16.938	17.114	415.42	415.34
10:06:58	16.824	16.441	16.468	17.35	16.937	17.116	415.42	415.34
10:07:59	16.825	16.44	16.475	17.368	16.939	17.115	415.42	415.34
10:08:59	16.824	16.441	16.43	17.323	16.941	17.117	415.42	415.34
10:09:59	16.824	16.441	16.399	17.268	16.94	17.111	415.42	415.34
10:10:59	16.823	16.442	16.386	17.23	16.939	17.109	415.42	415.34
10:11:59	16.825	16.441	16.32	17.176	16.94	17.112	415.42	415.34
10:12:59	16.824	16.44	16.291	17.119	16.937	17.116	415.42	415.34
10:13:59	16.826	16.439	16.337	17.133	16.935	17.116	415.42	415.34
10:14:59	16.826	16.44	16.372	17.164	16.934	17.115	415.42	415.34
10:16:00	16.825	16.439	16.399	17.204	16.935	17.115	415.42	415.34
10:16:59	0.0	16.438	16.415	17.242	16.936	17.115	415.42	415.34
10:18:00	16.824	16.437	16.43	17.287	16.935	17.115	415.42	415.34
10:18:59	16.824	16.438	16.45	17.328	16.934	17.115	415.42	415.34
10:19:59	16.826	16.439	16.458	17.349	16.936	17.115	415.42	415.34
10:20:58	16.824	16.441	16.429	17.304	16.939	17.115	415.42	415.34
10:22:00	16.825	16.439	16.38	17.242	16.939	17.116	415.42	415.34
10:22:59	16.825	16.44	16.347	17.206	16.939	17.114	415.42	415.34
10:23:58	16.826	16.44	16.335	17.147	16.936	17.116	415.42	415.34
10:24:59	16.825	16.441	16.372	17.162	16.936	17.117	415.42	415.34
10:25:58	16.825	16.442	16.395	17.2	16.938	17.115	415.42	415.34
10:26:58	16.826	16.442	16.415	17.237	16.938	17.115	415.42	415.34
10:27:59	16.826	16.443	16.427	17.271	16.942	17.116	415.42	415.34
10:28:59	16.827	16.446	16.445	17.306	16.946	17.118	415.42	415.34
10:29:59	16.827	16.448	16.459	17.338	16.946	17.119	415.42	415.34
10:30:59	16.826	16.45	16.464	17.358	16.944	17.117	415.42	415.34
10:31:58	16.827	16.45	16.417	17.306	16.943	17.118	415.42	415.34
10:32:59	16.827	16.45	16.376	17.251	16.94	17.113	415.42	415.34
10:33:59	16.827	16.45	16.31	17.206	16.938	17.115	415.42	415.34
10:34:59	16.827	16.449	16.305	17.159	16.938	17.117	415.42	415.34
10:35:59	16.828	16.449	16.349	17.161	16.939	17.114	415.42	415.34
10:36:59	16.827	16.447	16.385	17.193	16.938	17.117	415.42	415.34
10:37:59	16.828	16.448	16.411	17.23	16.94	17.118	415.42	415.34
10:38:59	16.827	16.448	16.435	17.276	16.94	17.119	415.42	415.34
10:39:59	16.827	16.449	16.456	17.313	16.94	17.117	415.42	415.34
10:40:59	16.827	16.448	16.475	17.343	16.94	17.123	415.42	415.34
10:41:59	16.827	16.448	16.465	17.362	16.942	17.116	415.42	415.34
10:42:59	16.828	16.449	16.418	17.298	16.941	17.119	415.42	415.34
10:43:59	0.0	16.45	16.375	17.237	16.941	17.118	415.42	415.34
10:44:59	16.828	16.449	16.352	17.189	16.942	17.12	415.42	415.34
10:45:59	16.828	16.449	16.362	17.154	16.941	17.12	415.42	415.34
10:46:59	16.83	16.45	16.392	17.184	16.942	17.116	415.42	415.34
10:47:59	16.829	16.453	16.409	17.218	16.942	17.117	415.42	415.34
10:48:59	16.828	16.451	16.428	17.257	16.939	17.117	415.42	415.34
10:49:59	16.828	16.452	16.447	17.295	16.94	17.115	415.42	415.34
10:50:59	16.829	16.451	16.461	17.336	16.942	17.115	415.42	415.34
10:51:59	16.83	16.451	16.48	17.358	16.94	17.118	415.42	415.34
10:52:59	16.829	16.452	16.475	17.361	16.939	17.118	415.42	415.34
10:53:59	16.829	16.452	16.437	17.31	16.939	17.116	415.42	415.34
10:54:59	16.831	16.452	16.412	17.267	16.939	17.117	415.42	415.34
10:55:59	16.831	16.452	16.388	17.226	16.94	17.119	415.42	415.34
10:56:59	16.831	16.452	16.334	17.171	16.941	17.117	415.42	415.34
10:57:59	16.83	16.452	16.304	17.111	16.943	17.115	415.42	415.34
10:58:59	16.83	16.453	16.347	17.13	16.943	17.119	415.42	415.34
10:59:59	16.83	16.454	16.38	17.16	16.942	17.119	415.42	415.34
11:00:59	16.83	16.452	16.402	17.195	16.94	17.119	415.42	415.34
11:01:58	16.831	16.454	16.417	17.228	16.942	17.117	415.42	415.34
11:02:59	16.831	16.455	16.432	17.261	16.942	17.121	415.42	415.34
11:03:59	16.831	16.456	16.447	17.294	16.943	17.117	415.42	415.34
11:04:59	16.831	16.455	16.445	17.314	16.942	17.116	415.42	415.34
11:05:59	16.831	16.455	16.413	17.276	16.944	17.119	415.42	415.34
11:06:59	16.831	16.456	16.371	17.226	16.942	17.12	415.42	415.34
11:07:59	16.831	16.456	16.313	17.189	16.943	17.12	415.42	415.34
11:08:59	16.832	16.458	16.309	17.144	16.942	17.123	415.42	415.34
11:09:59	16.832	16.457	16.355	17.157	16.942	17.121	415.42	415.34
11:10:59	16.832	16.457	16.389	17.191	16.94	17.119	415.42	415.34
11:11:59	16.833	16.457	16.409	17.231	16.94	17.118	415.42	415.34
11:12:59	16.833	16.458	16.429	17.26	16.942	17.121	415.42	415.34
11:13:59	16.833	16.458	16.442	17.285	16.941	17.122	415.42	415.34
11:14:59	16.832	16.457	16.453	17.314	16.941	17.119	415.42	415.34
11:15:59	16.833	16.458	16.456	17.327	16.942	17.115	415.42	415.34
11:16:59	16.833	16.458	16.413	17.283	16.938	17.117	415.42	415.34
11:17:59	16.833	16.459	16.388	17.226	16.937	17.117	415.42	415.34
11:18:59	16.833	16.458	16.368	17.178	16.937	17.117	415.42	415.34
11:19:59	16.834	16.458	16.352	17.131	16.942	17.121	415.42	415.34
11:20:59	16.834	16.457	16.381	17.153	16.94	17.121	415.42	415.34
11:21:59	16.834	16.459	16.401	17.189	16.943	17.119	415.42	415.34
11:22:59	16.834	16.458	16.415	17.219	16.943	17.119	415.42	415.34
11:23:59	16.834	16.457	16.433	17.252	16.941	17.116	415.42	415.34
11:24:59	16.835	16.459	16.45	17.288	16.944	17.12	415.42	415.34
11:25:59	16.835	16.459	16.465	17.315	16.941	17.116	415.42	415.34
11:26:59	16.834	16.458	16.466	17.332	16.942	17.119	415.42	415.34
11:27:59	16.834	16.459	16.409	17.288	16.941	17.119	415.42	415.34
11:28:59	16.836	16.459	16.392	17.227	16.942	17.119	415.42	415.34
11:29:59	0.0	16.46	16.359	17.178	16.941	17.112	415.42	415.34
11:31:00	16.834	16.459	16.333	17.12	16.942	17.12	415.42	415.34
11:31:59	0.0	16.459	16.362	17.133	16.941	17.118	415.42	415.34
11:32:59	16.835	16.457	16.388	17.168	16.941	17.119	415.42	415.34
11:33:59	16.835	16.457	16.415	17.21	16.941	17.116	415.42	415.34
11:34:59	16.837	16.458	16.437	17.256	16.941	17.115	415.42	415.34
11:35:59	16.836	16.457	16.455	17.295	16.942	17.121	415.42	415.34
11:36:59	16.835	16.457	16.473	17.325	16.941	17.119	415.42	415.34
11:37:59	16.836	16.456	16.457	17.342	16.944	17.118	415.42	415.34
11:38:59	16.836	16.456	16.431	17.298	16.94	17.119	415.42	415.34
11:39:59	16.835	16.457	16.409	17.239	16.943	17.12	415.42	415.34
11:40:59	16.836	16.458	16.37	17.183	16.943	17.118	415.42	415.34
11:41:59	16.836	16.456	16.273	17.128	16.942	17.118	415.42	415.34
11:42:59	16.835	16.456	16.262	17.071	16.943	17.118	415.42	415.34
11:43:59	16.835	16.457	16.317	17.087	16.941	17.116	415.42	415.34
11:44:59	16.836	16.457	16.351	17.125	16.944	17.115	415.42	415.34
11:45:59	16.837	16.459	16.374	17.154	16.941	17.119	415.42	415.34
11:46:59	16.837	16.458	16.392	17.196	16.943	17.12	415.42	415.34
11:47:59	16.838	16.459	16.411	17.235	16.944	17.118	415.42	415.34
11:48:59	16.836	16.46	16.428	17.274	16.945	17.119	415.42	415.34
11:49:59	16.837	16.46	16.43	17.304	16.945	17.118	415.42	415.34
11:50:59	16.837	16.461	16.381	17.258	16.946	17.122	415.42	415.34
11:51:59	16.837	16.461	16.334	17.189	16.945	17.123	415.42	415.34
11:52:59	16.838	16.461	16.302	17.136	16.942	17.12	415.42	415.34
11:53:59	16.838	16.462	16.316	17.104	16.941	17.118	415.42	415.34
11:54:59	16.837	16.462	16.35	17.13	16.94	17.124	415.42	415.34
11:55:59	16.838	16.461	16.379	17.17	16.941	17.125	415.42	415.34
11:56:59	16.837	16.461	16.4	17.212	16.941	17.12	415.42	415.34
11:57:59	16.837	16.46	16.421	17.257	16.94	17.118	415.42	415.34
11:58:59	16.838	16.46	16.44	17.293	16.943	17.123	415.42	415.34
11:59:59	16.838	16.459	16.454	17.321	16.942	17.116	415.42	415.34
12:00:59	16.838	16.46	16.449	17.327	16.943	17.118	415.42	415.34
12:02:01	16.838	16.46	16.409	0.0	16.942	17.12	415.42	415.34
12:02:59	16.838	16.462	16.364	17.224	16.942	17.115	415.42	415.34
12:03:59	16.839	16.461	16.326	17.176	16.944	17.122	415.42	415.34
12:04:59	16.839	16.461	16.313	17.121	16.945	17.117	415.42	415.34
12:05:59	16.838	16.463	16.348	17.139	16.942	17.12	415.42	415.34
12:06:59	16.839	16.463	16.377	17.172	16.944	17.119	415.42	415.34
12:07:59	16.838	16.463	16.404	17.211	16.945	17.118	415.42	415.34
12:08:59	16.84	16.463	16.42	17.243	16.946	17.119	415.42	415.34
12:09:59	16.838	16.463	16.434	17.27	16.944	17.12	415.42	415.34
12:10:59	16.838	16.464	16.448	17.297	16.943	17.121	415.42	415.34
12:11:59	16.84	16.464	16.452	17.316	16.944	17.117	415.42	415.34
12:12:59	16.84	16.464	16.424	17.268	16.94	17.116	415.42	415.34
12:13:59	16.839	16.462	16.389	17.217	16.942	17.115	415.42	415.34
12:14:59	16.839	16.463	16.332	17.175	16.937	17.118	415.42	415.34
12:15:59	16.84	16.462	16.34	17.13	16.942	17.122	415.42	415.34
12:16:59	16.839	16.462	16.371	17.144	16.943	17.118	415.42	415.34
12:17:59	16.84	16.462	16.394	17.177	16.942	17.116	415.42	415.34
12:18:59	16.839	16.464	16.412	17.212	16.942	17.116	415.42	415.34
12:19:59	16.84	16.463	16.429	17.244	16.944	17.124	415.42	415.34
12:20:59	16.84	16.464	16.443	17.272	16.943	17.119	415.42	415.34
12:21:59	16.84	16.463	16.459	17.305	16.942	17.115	415.42	415.34
12:22:59	16.84	16.462	16.459	17.318	16.942	17.122	415.42	415.34
12:23:59	16.84	16.462	16.428	17.259	16.942	17.12	415.42	415.34
12:24:59	16.84	16.461	16.379	17.199	16.944	17.122	415.42	415.34
12:25:59	16.838	16.461	16.331	17.151	16.943	17.124	415.42	415.34
12:26:59	16.84	16.462	16.309	17.101	16.945	17.12	415.42	415.34
12:27:59	16.84	16.463	16.343	17.109	16.942	17.121	415.42	415.34
12:28:59	16.84	16.463	16.371	17.139	16.943	17.119	415.42	415.34
12:29:59	16.839	16.462	16.395	17.175	16.944	17.119	415.42	415.34
12:30:59	16.839	16.461	16.415	17.218	16.942	17.12	415.42	415.34
12:31:59	16.84	16.461	16.437	17.26	16.941	17.119	415.42	415.34
12:32:59	16.84	16.461	16.455	17.295	16.943	17.122	415.42	415.34
12:33:59	16.841	16.461	16.453	17.318	16.942	17.125	415.42	415.34
12:34:59	16.839	16.461	16.411	17.269	16.941	17.116	415.42	415.34
12:35:59	16.84	16.46	16.387	17.214	16.943	17.115	415.42	415.34
12:36:59	16.84	16.461	16.347	17.167	16.943	17.12	415.42	415.34
12:37:59	0.0	16.459	16.331	17.121	16.944	17.12	415.42	415.34
12:38:59	16.84	16.459	16.366	17.135	16.94	17.118	415.42	415.34
12:39:59	16.84	16.461	16.393	17.175	16.941	17.118	415.42	415.34
12:40:59	16.84	16.461	16.421	17.223	16.939	17.114	415.42	415.34
12:41:59	16.84	16.46	16.441	17.268	16.941	17.116	415.42	415.34
12:42:59	16.84	16.461	16.459	17.307	16.943	17.125	415.42	415.34
12:44:00	16.841	16.461	16.472	17.33	16.944	17.114	415.42	415.34
12:44:59	16.841	16.461	16.468	17.341	16.943	17.119	415.42	415.34
12:46:00	16.842	16.462	16.436	17.278	16.945	17.12	415.42	415.34
12:46:59	16.842	16.464	16.381	17.23	16.944	17.119	415.42	415.34
12:47:59	16.841	16.462	16.339	17.184	16.945	17.12	415.42	415.34
12:48:59	16.843	16.463	16.342	17.128	16.944	17.119	415.42	415.34
12:49:59	16.842	16.463	16.371	17.15	16.942	17.116	415.42	415.34
12:51:01	16.842	16.463	16.396	17.18	16.944	17.118	415.42	415.34
12:51:59	16.842	16.466	16.416	17.216	16.946	17.119	415.42	415.34
12:52:59	16.842	16.466	16.436	17.257	16.946	17.121	415.42	415.34
12:53:59	16.842	16.465	16.458	17.294	16.944	17.122	415.42	415.34
12:54:59	16.841	16.466	16.475	17.322	16.944	17.121	415.42	415.34
12:55:59	16.843	16.464	16.451	17.333	16.943	17.119	415.42	415.34
12:56:59	16.842	16.466	16.411	17.266	16.943	17.119	415.42	415.34
12:57:59	16.842	16.465	16.36	17.211	16.942	17.119	415.42	415.34
12:58:59	16.842	16.464	16.311	17.156	16.944	17.122	415.42	415.34
12:59:59	16.842	16.464	16.326	17.114	16.941	17.119	415.42	415.34
13:00:59	16.842	16.462	16.365	17.139	16.942	17.12	415.42	415.34
13:01:59	16.842	16.462	16.383	17.171	16.942	17.117	415.42	415.34
13:02:59	16.842	16.462	16.402	17.208	16.942	17.12	415.42	415.34
13:03:59	16.843	16.464	16.421	17.239	16.941	17.118	415.42	415.34
13:04:59	16.842	16.463	16.439	17.274	16.943	17.115	415.42	415.34
13:05:59	16.842	16.463	16.456	17.304	16.942	17.118	415.42	415.34
13:06:59	16.842	16.464	16.441	17.317	16.943	17.122	415.42	415.34
13:07:59	16.842	16.463	16.404	17.255	16.943	17.12	415.42	415.34
13:08:59	16.843	16.464	16.379	17.218	16.942	17.12	415.42	415.34
13:09:59	16.843	16.465	16.345	17.192	16.943	17.117	415.42	415.34
13:11:00	16.843	16.466	16.341	17.133	16.944	17.12	415.42	415.34
13:11:59	16.843	16.464	16.376	17.154	16.943	17.118	415.42	415.34
13:12:59	16.843	0.0	16.401	17.186	16.944	17.121	415.42	415.34
13:13:59	16.842	16.462	16.417	17.223	16.943	17.117	415.42	415.34
13:14:59	16.843	16.462	16.433	17.258	16.943	17.12	415.42	415.34
13:15:59	16.842	16.462	16.445	17.289	16.943	17.12	415.42	415.34
13:16:59	16.842	16.462	16.46	17.316	16.942	17.12	415.42	415.34
13:17:59	16.842	16.462	16.446	17.322	16.943	17.12	415.42	415.34
13:18:59	16.842	16.461	16.38	17.254	16.942	17.119	415.42	415.34
13:19:59	16.843	16.462	16.37	17.209	16.943	17.119	415.42	415.34
13:20:59	16.843	16.462	16.378	17.2	16.942	17.119	415.42	415.34
13:21:59	16.843	16.462	16.324	17.161	16.943	17.118	415.42	415.34
13:22:59	16.843	16.461	16.327	17.122	16.942	17.119	415.42	415.34
13:23:59	16.843	16.462	16.362	0.0	16.941	17.118	415.42	415.34
13:24:59	16.843	16.462	16.39	17.172	16.939	17.118	415.42	415.34
13:25:59	16.844	16.463	16.412	17.217	16.943	17.12	415.42	415.34
13:26:59	16.843	16.462	16.43	17.256	16.942	17.119	415.42	415.34
13:27:59	16.843	16.464	16.449	17.291	16.944	17.12	415.42	415.34
13:28:59	16.843	16.464	16.458	17.316	16.944	17.118	415.42	415.34
13:29:59	16.843	16.464	16.447	17.329	16.944	17.12	415.42	415.34
13:30:59	16.844	16.463	16.397	17.266	16.944	17.121	415.42	415.34
13:31:59	16.843	16.464	16.366	17.21	16.945	17.12	415.42	415.34
13:32:59	16.844	16.464	16.326	17.156	16.942	17.12	415.42	415.34
13:33:59	16.844	16.464	16.339	17.117	16.944	17.119	415.42	415.34
13:34:59	16.843	16.464	16.371	17.143	16.944	17.12	415.42	415.34
13:35:59	16.843	16.464	16.387	17.183	16.944	17.118	415.42	415.34
13:36:59	16.844	16.464	16.404	17.215	16.947	17.119	415.42	415.34
13:37:59	16.844	16.465	16.422	17.249	16.945	17.12	415.42	415.34
13:38:59	16.844	16.465	16.445	17.281	16.945	17.12	415.42	415.34
13:39:59	16.844	16.465	16.458	17.31	16.946	17.119	415.42	415.34
13:40:59	16.844	16.465	16.438	17.323	16.947	17.119	415.42	415.34
13:41:59	16.844	16.465	16.412	17.25	16.943	17.121	415.42	415.34
13:42:59	16.845	16.465	16.375	17.207	16.941	17.12	415.42	415.34
13:43:59	16.845	16.465	16.34	17.164	16.943	17.121	415.42	415.34
13:44:59	16.844	16.464	16.257	17.106	16.941	17.12	415.42	415.34
13:45:59	16.844	16.464	16.272	17.066	16.942	17.121	415.42	415.34
13:46:59	16.844	16.464	16.316	17.082	16.942	17.119	415.42	415.34
13:47:59	16.845	16.465	16.345	17.111	16.944	17.117	415.42	415.34
13:48:59	16.844	16.464	16.366	17.145	16.944	17.121	415.42	415.34
13:49:59	16.845	16.464	16.387	17.183	16.941	17.121	415.42	415.34
13:50:59	16.844	16.464	16.405	17.221	16.944	17.121	415.42	415.34
13:51:59	16.844	16.463	16.423	17.254	16.944	17.119	415.42	415.34
13:52:59	16.845	16.463	16.437	17.286	16.945	17.119	415.42	415.34
13:53:59	16.844	16.465	16.433	17.294	16.947	17.12	415.42	415.34
13:54:59	16.845	16.464	16.367	17.242	16.945	17.121	415.42	415.34
13:56:01	16.844	16.465	16.328	17.193	16.945	17.12	415.42	415.34
13:56:59	16.845	16.465	16.309	17.155	16.945	17.12	415.42	415.34
13:57:59	16.845	16.465	16.311	17.113	16.944	17.122	415.42	415.34
13:59:01	16.846	16.465	16.345	17.13	16.945	17.122	415.42	415.34
13:59:59	16.846	16.466	16.368	17.163	16.944	17.121	415.42	415.34
14:00:59	16.845	16.466	16.388	17.201	16.945	17.12	415.42	415.34
14:01:59	16.846	16.466	16.406	17.242	16.945	17.118	415.42	415.34
14:02:59	16.845	16.467	16.426	17.269	16.945	17.121	415.42	415.34
14:03:59	16.845	16.467	16.44	17.303	16.944	17.121	415.42	415.34
14:04:59	16.845	16.468	16.427	17.312	16.946	17.121	415.42	415.34
14:05:59	16.844	16.466	16.369	17.256	16.945	17.12	415.42	415.34
14:06:59	16.846	16.467	16.337	17.199	16.945	17.121	415.42	415.34
14:07:59	16.844	16.468	16.277	17.163	16.944	17.122	415.42	415.34
14:08:59	16.846	16.468	16.296	17.124	16.945	17.12	415.42	415.34
14:09:59	16.846	16.468	16.335	17.135	16.944	17.12	415.42	415.34
14:10:59	16.846	16.468	16.363	17.162	16.943	17.124	415.42	415.34
14:11:59	16.845	16.467	16.386	17.198	16.942	17.123	415.42	415.34
14:12:59	16.846	16.467	16.408	17.229	16.943	17.121	415.42	415.34
14:13:59	16.847	16.467	16.424	17.264	16.942	17.119	415.42	415.34
14:14:59	16.845	16.467	16.439	17.299	16.945	17.12	415.42	415.34
14:15:59	16.846	16.466	16.42	17.311	16.943	17.122	415.42	415.34
14:16:59	16.846	16.466	16.386	17.248	16.941	17.121	415.42	415.34
14:17:59	16.845	16.466	16.363	17.199	16.943	17.118	415.42	415.34
14:19:01	16.846	16.465	16.315	17.15	16.943	17.121	415.42	415.34
14:19:59	16.847	16.465	16.313	17.116	16.945	17.121	415.42	415.34
14:20:59	16.846	16.464	16.343	17.136	16.946	17.119	415.42	415.34
14:21:59	16.847	16.465	16.371	17.161	16.943	17.121	415.42	415.34
14:22:59	16.846	16.465	16.39	17.195	16.943	17.123	415.42	415.34
14:23:59	16.846	16.466	16.405	17.228	16.943	17.123	415.42	415.34
14:24:59	16.846	16.465	16.424	17.26	16.942	17.118	415.42	415.34
14:25:59	16.847	16.465	16.444	17.29	16.943	17.121	415.42	415.34
14:26:59	16.846	16.465	16.423	17.302	16.946	17.121	415.42	415.34
14:27:59	16.846	16.466	16.393	17.248	16.946	17.12	415.42	415.34
14:29:00	16.846	16.466	16.356	17.198	16.945	17.124	415.42	415.34
14:29:59	0.0	16.467	16.322	17.157	16.945	17.125	415.42	415.34
14:30:59	16.847	16.468	16.322	17.113	16.941	17.127	415.42	415.34
14:31:59	16.847	16.466	16.35	17.13	16.944	17.122	415.42	415.34
14:32:59	16.847	16.465	16.374	17.165	16.946	17.123	415.42	415.34
14:34:00	16.846	16.466	16.401	17.206	16.948	17.127	415.42	415.34
14:34:59	16.846	16.466	16.418	17.246	16.946	17.125	415.42	415.34
14:35:59	16.846	16.466	16.435	17.284	16.945	17.121	415.42	415.34
14:36:59	16.847	16.466	16.452	17.31	16.945	17.12	415.42	415.34
14:37:59	16.847	16.465	16.426	17.321	16.944	17.122	415.42	415.34
14:39:01	16.847	16.463	16.407	17.257	16.945	17.12	415.42	415.34
14:39:59	16.847	16.465	16.333	17.195	16.942	17.12	415.42	415.34
14:40:59	16.846	16.465	16.279	17.152	16.941	17.117	415.42	415.34
14:41:59	16.847	16.465	16.303	17.108	16.943	17.119	415.42	415.34
14:42:59	16.846	16.465	16.344	17.125	16.943	17.12	415.42	415.34
14:43:59	16.847	16.466	16.372	17.157	16.943	17.12	415.42	415.34
14:44:59	16.848	16.466	16.394	17.204	16.942	17.118	415.42	415.34
14:46:00	16.847	16.465	16.416	17.245	16.946	17.12	415.42	415.34
14:47:00	16.846	16.467	16.431	17.281	16.946	17.122	415.42	415.34
14:48:00	16.847	16.465	16.452	17.313	16.945	17.121	415.42	415.34
14:49:00	16.847	16.467	16.446	17.322	16.945	17.118	415.42	415.34
14:50:00	16.847	16.465	16.407	17.262	16.945	17.122	415.42	415.34
14:51:00	16.846	16.466	16.368	17.209	16.946	17.121	415.42	415.34
14:52:00	16.846	16.466	16.318	17.165	16.945	17.123	415.42	415.34
14:53:00	16.847	16.466	16.325	17.128	16.944	17.122	415.42	415.34
14:54:00	16.848	16.466	16.365	17.15	16.945	17.124	415.42	415.34
14:55:00	16.847	16.466	16.384	17.18	16.944	17.12	415.42	415.34
14:56:00	16.848	16.467	16.405	17.213	16.944	17.124	415.42	415.34
14:57:00	16.848	16.467	16.421	17.244	16.945	17.12	415.42	415.34
14:58:00	16.848	16.467	16.44	17.278	16.945	17.12	415.42	415.34
14:59:00	16.847	16.467	16.457	17.303	16.945	17.122	415.42	415.34
15:00:00	16.848	16.467	16.424	17.316	16.945	17.123	415.42	415.34
15:01:00	16.847	16.467	16.406	17.258	16.944	17.123	415.42	415.34
15:02:00	16.847	16.467	16.379	17.208	16.943	17.126	415.42	415.34
15:03:00	16.848	16.465	16.322	17.166	16.943	17.125	415.42	415.34
15:04:00	16.848	16.465	16.333	17.115	16.942	17.124	415.42	415.34
15:05:00	16.847	16.465	16.361	17.133	16.944	17.123	415.42	415.34
15:06:00	16.847	16.465	16.388	17.165	16.945	17.123	415.42	0.0
15:07:00	16.848	16.465	16.407	17.208	16.948	17.124	415.42	415.34
15:08:00	16.847	16.466	16.422	17.238	16.946	17.121	415.42	415.34
15:09:00	16.847	16.464	16.435	17.269	16.944	17.123	415.42	415.34
15:10:00	16.847	16.464	16.448	17.296	16.942	17.121	415.42	415.34
15:11:00	16.847	16.464	16.429	17.306	16.942	17.123	415.42	415.34
15:12:00	16.847	16.463	16.386	17.253	16.942	17.121	415.42	415.34
15:13:00	16.848	16.462	16.361	17.197	16.942	17.121	415.42	415.34
15:14:00	16.847	16.463	16.302	17.15	16.943	17.12	415.42	415.34
15:15:01	16.847	16.463	16.317	17.107	16.943	17.119	415.42	415.34
15:16:00	16.846	16.463	16.346	17.128	16.945	17.12	415.42	415.34
15:17:00	16.847	16.462	16.376	17.164	16.945	17.119	415.42	415.34
15:18:00	16.846	16.463	16.396	17.199	16.943	17.121	415.42	415.34
15:19:01	16.847	16.462	16.413	17.231	16.945	17.12	415.42	415.34
15:20:00	16.847	16.464	16.428	17.266	16.944	17.122	415.42	415.34
15:21:00	16.847	16.464	16.443	17.295	16.943	17.12	415.42	415.34
15:22:00	16.846	16.463	16.432	17.307	16.944	17.122	415.42	415.34
15:23:00	16.848	16.463	16.383	17.256	16.944	17.12	415.42	415.34
15:24:00	16.847	16.463	16.352	17.208	16.945	17.119	415.42	415.34
15:25:00	16.847	16.463	16.317	17.165	16.947	17.121	415.42	415.34
15:26:00	16.846	16.464	16.315	17.117	16.948	17.122	415.42	415.34
15:27:00	16.847	16.463	16.347	17.139	16.947	17.122	415.42	415.34
15:28:00	16.847	16.464	16.379	17.18	16.946	17.122	415.42	415.34
15:29:00	16.847	16.464	16.407	17.232	16.947	17.121	415.42	415.34
15:30:00	16.848	16.463	16.43	0.0	16.947	17.121	415.42	415.34
15:31:00	16.846	16.463	16.452	17.32	16.944	17.121	415.42	415.34
15:32:00	16.846	16.464	16.462	17.354	16.945	17.122	415.42	415.34
15:33:00	16.847	16.462	16.45	17.36	16.944	17.123	415.42	415.34
15:34:00	16.847	16.462	16.407	17.302	16.942	17.12	415.42	415.34
15:35:00	16.847	16.46	16.38	17.242	16.944	17.12	415.42	415.34
15:36:00	16.848	16.459	16.332	17.189	16.942	17.121	415.42	415.34
15:37:00	16.847	16.46	16.343	17.141	16.942	17.119	415.42	415.34
15:38:00	16.847	16.461	16.37	17.166	16.942	17.119	415.42	415.34
15:39:00	16.848	16.46	16.397	17.21	16.944	17.12	415.42	415.34
15:40:00	16.846	16.461	16.421	17.262	16.944	17.118	415.42	415.34
15:41:00	16.847	16.459	16.46	17.32	16.946	17.119	415.42	415.34
15:42:00	16.846	16.46	16.475	17.373	16.946	17.12	415.42	415.34
15:43:00	16.847	16.46	16.496	17.415	16.947	17.118	415.42	415.34
15:44:00	16.848	16.461	16.482	17.422	16.946	17.12	415.42	415.34
15:45:00	16.847	16.46	16.452	17.356	16.944	17.12	415.42	415.34
15:46:00	16.847	16.461	16.428	17.281	16.944	17.119	415.42	415.34
15:47:00	16.847	16.461	16.369	17.229	16.946	17.122	415.42	415.34
15:48:00	16.846	16.461	16.307	17.161	16.944	17.122	415.42	415.34
15:49:00	16.848	16.46	16.307	17.111	16.943	17.121	415.42	415.34
15:50:00	16.847	16.461	16.341	17.129	16.943	17.122	415.42	415.34
15:51:00	16.846	16.459	16.38	17.157	16.943	17.12	415.42	415.34
15:52:00	16.847	16.459	16.399	17.19	16.944	17.12	415.42	415.34
15:53:00	16.847	16.459	16.416	17.227	16.944	17.121	415.42	415.34
15:54:00	16.847	16.458	16.436	17.266	16.946	17.12	415.42	415.34
15:55:00	16.846	16.458	16.458	17.297	16.944	17.12	415.42	415.34
15:56:01	16.846	16.459	16.459	17.313	16.945	17.121	415.42	415.34
15:57:00	16.846	16.458	16.432	17.265	16.946	17.118	415.42	415.34
15:58:01	16.845	16.459	16.382	17.214	16.945	17.12	415.42	415.34
15:59:00	16.846	16.459	16.327	17.182	16.943	17.12	415.42	415.34
16:00:00	16.846	16.46	16.337	17.135	16.944	17.12	415.42	415.34
16:01:00	16.846	16.458	16.369	17.155	16.944	17.12	415.42	415.34
16:02:00	16.846	16.459	16.393	17.181	16.947	17.12	415.42	415.34
16:03:00	16.847	16.46	16.414	17.215	16.945	17.121	415.42	415.34
16:04:00	16.847	16.46	16.437	17.25	16.945	17.119	415.42	415.34
16:05:00	16.846	16.46	16.451	17.285	16.945	17.119	415.42	415.34
16:06:00	16.847	16.46	16.467	17.318	16.944	17.12	415.42	415.34
16:07:00	16.847	16.458	16.447	17.331	16.944	17.12	415.42	415.34
16:08:00	16.846	16.458	16.421	17.268	16.943	17.121	415.42	415.34
16:09:00	16.847	16.458	16.363	17.208	16.944	17.119	415.42	415.34
16:10:00	16.846	16.458	16.302	17.156	16.945	17.12	415.42	415.34
16:11:00	16.846	16.457	16.32	17.117	16.945	17.119	415.42	415.34
16:12:00	16.846	16.457	16.349	17.131	16.943	17.118	415.42	415.34
16:13:00	16.846	16.457	16.377	17.161	16.944	17.12	415.42	415.34
16:14:00	16.846	16.456	16.403	17.202	16.942	17.119	415.42	415.34
16:15:00	16.846	16.456	16.427	17.247	16.943	17.12	415.42	415.34
16:16:00	16.844	16.455	16.446	17.284	16.943	17.119	415.42	415.34
16:17:00	16.845	16.455	16.463	17.318	16.944	17.118	415.42	415.34
16:18:00	16.845	16.457	16.446	17.326	16.945	17.122	415.42	415.34
16:19:00	16.845	16.455	16.407	17.275	16.942	17.12	415.42	415.34
16:20:00	16.845	16.456	16.387	17.22	16.945	17.119	415.42	415.34
16:21:00	16.846	16.456	16.359	17.17	16.942	17.121	415.42	415.34
16:22:00	16.845	16.456	16.349	17.13	16.941	17.12	415.42	415.34
16:23:00	16.844	16.454	16.365	17.144	16.943	17.119	415.42	415.34
16:24:00	16.845	16.456	16.393	17.176	16.943	17.118	415.42	415.34
16:25:00	16.845	16.456	16.416	17.215	16.943	17.12	415.42	415.34
16:26:00	16.845	16.456	16.434	17.254	16.94	17.12	415.42	415.34
16:27:00	16.846	16.456	16.453	17.29	16.944	17.123	415.42	415.34
16:28:00	16.845	16.455	16.469	17.319	16.944	17.119	415.42	415.34
16:29:00	16.845	16.458	16.461	17.332	16.943	17.117	415.42	415.34
16:30:00	16.845	16.456	16.4	17.278	16.943	17.117	415.42	415.34
16:31:00	16.845	16.456	16.387	17.219	16.944	17.118	415.42	415.34
16:32:00	16.846	16.456	16.316	17.172	16.944	17.119	415.42	415.34
16:33:00	16.844	16.456	16.331	17.118	16.944	17.118	415.42	415.34
16:34:00	16.844	16.457	16.365	17.139	16.943	17.118	415.42	415.34
16:35:00	16.845	16.454	16.392	17.17	16.945	17.12	415.42	415.34
16:36:00	16.845	16.455	16.417	17.208	16.945	17.119	415.42	415.34
16:37:00	16.843	16.456	16.432	17.248	16.944	17.118	415.42	415.34
16:38:00	16.845	16.456	16.447	17.286	16.942	17.119	415.42	415.34
16:39:00	16.845	16.455	16.462	17.316	16.942	17.119	415.42	415.34
16:40:00	16.845	16.455	16.451	17.327	16.944	17.116	415.42	415.34
16:41:00	16.846	16.455	16.411	17.267	16.942	17.119	415.42	415.34
16:42:00	16.845	16.456	16.372	17.216	16.943	17.119	415.42	415.34
16:43:00	16.845	16.455	16.343	17.174	16.944	17.122	415.42	415.34
16:44:00	16.845	16.455	16.334	17.129	16.944	17.12	415.42	415.34
16:45:00	16.843	16.454	16.367	17.142	16.94	17.116	415.42	415.34
16:46:00	16.844	16.454	16.389	17.173	16.941	17.115	415.42	415.34
16:47:00	16.844	16.451	16.411	17.212	16.94	17.118	415.42	415.34
16:48:00	16.844	16.451	16.426	17.246	16.939	17.12	415.42	415.34
16:49:00	16.845	16.451	16.445	17.278	16.94	17.113	415.42	415.34
16:50:00	16.844	16.45	16.457	17.308	16.941	17.114	415.42	415.34
16:51:00	16.844	16.451	16.454	17.322	16.941	17.12	415.42	415.34
16:52:00	16.844	16.451	16.424	17.263	16.939	17.113	415.42	415.34
16:53:00	16.845	16.451	16.352	17.215	16.94	17.117	415.42	415.34
16:54:00	16.845	16.451	16.321	17.173	16.941	17.116	415.42	415.34
16:55:00	16.844	16.452	16.332	17.123	16.94	17.121	415.42	415.34
16:56:00	16.845	16.454	16.363	17.141	16.942	17.115	415.42	415.34
16:57:00	16.844	16.452	16.391	17.177	16.942	17.115	415.42	415.34
16:58:00	16.845	16.452	16.408	17.209	16.938	17.117	415.42	415.34
16:59:00	16.844	16.452	16.428	17.244	16.941	17.118	415.42	415.34
17:00:00	16.844	16.453	16.449	17.28	16.941	17.118	415.42	415.34
17:01:00	16.844	16.452	16.46	17.304	16.939	17.121	415.42	415.34
17:02:01	16.844	16.452	16.462	17.315	16.94	17.119	415.42	415.34
17:03:00	16.844	16.452	16.389	17.256	16.941	17.115	415.42	415.34
17:04:00	16.845	16.451	16.358	17.19	16.941	17.119	415.42	415.34
17:05:00	16.844	16.45	16.312	17.136	16.939	17.119	415.42	415.34
17:06:00	16.844	16.45	16.32	17.103	16.94	17.12	415.42	415.34
17:07:00	16.845	16.45	16.353	17.135	16.939	17.116	415.42	415.34
17:08:00	16.844	16.449	16.378	17.165	16.939	17.118	415.42	415.34
17:09:00	16.844	16.45	16.408	17.205	16.936	17.119	415.42	415.34
17:10:00	16.844	16.451	16.431	17.249	16.938	17.119	415.42	415.34
17:11:00	16.844	16.45	16.449	17.286	16.94	17.12	415.42	415.34
17:12:00	16.844	16.451	16.464	17.317	16.941	17.12	415.42	415.34
17:13:00	16.844	16.451	16.443	17.328	16.94	17.119	415.42	415.34
17:14:00	16.843	16.451	16.424	17.277	16.941	17.116	415.42	415.34
17:15:00	16.843	16.45	16.408	17.226	16.939	17.12	415.42	415.34
17:16:00	16.844	16.45	16.349	17.193	16.94	17.124	415.42	415.34
17:17:00	16.844	16.45	16.3	17.135	16.941	17.119	415.42	415.34
17:18:00	16.844	16.451	16.304	17.083	16.938	17.119	415.42	415.34
17:19:00	16.844	16.451	16.334	17.098	16.941	17.117	415.42	415.34
17:20:00	16.844	16.45	16.356	17.131	16.941	17.119	415.42	415.34
17:21:00	16.844	16.452	16.383	17.167	16.942	17.117	415.42	415.34
17:22:00	16.843	16.453	16.403	17.209	16.942	17.117	415.42	415.34
17:23:00	16.844	16.452	16.421	17.243	16.942	17.117	415.42	415.34
17:24:00	16.844	16.452	16.441	17.275	16.941	17.12	415.42	415.34
17:25:01	16.843	16.452	16.431	17.297	16.943	17.12	415.42	415.34
17:26:00	16.844	16.453	16.401	17.241	16.941	17.12	415.42	415.34
17:27:00	16.843	16.454	16.374	17.19	16.941	17.116	415.42	415.34
17:28:00	16.843	16.451	16.342	17.147	16.942	17.119	415.42	415.34
17:29:00	16.843	16.452	16.353	17.109	16.941	17.119	415.42	415.34
17:30:00	16.844	16.45	16.369	17.133	16.942	17.12	415.42	415.34
17:31:00	16.843	16.45	16.393	17.166	16.94	17.117	415.42	415.34
17:32:00	16.843	16.451	16.411	17.204	16.941	17.119	415.42	415.34
17:33:00	16.843	16.452	16.427	17.246	16.941	17.118	415.42	415.34
17:34:00	16.843	16.452	16.447	17.28	16.943	17.119	415.42	415.34
17:35:00	16.843	16.452	16.459	17.309	16.944	17.115	415.42	415.34
17:36:00	16.844	16.451	16.449	17.321	16.943	17.12	415.42	415.34
17:37:00	16.845	16.452	16.391	17.267	16.943	17.113	415.42	415.34
17:38:00	16.844	16.452	16.369	17.211	16.94	17.12	415.42	415.34
17:39:00	16.844	16.452	16.333	17.168	16.939	17.119	415.42	415.34
17:40:00	16.843	16.451	16.332	17.126	16.94	17.12	415.42	415.34
17:41:00	16.845	16.451	16.361	17.135	16.94	17.116	415.42	415.34
17:42:00	16.843	16.451	16.389	17.163	16.94	17.121	415.42	415.34
17:43:01	16.843	16.449	16.408	17.202	16.939	17.119	415.42	415.34
17:44:00	0.0	16.448	16.427	17.242	16.938	17.119	415.42	415.34
17:45:00	16.843	16.448	16.44	17.282	16.938	17.119	415.42	415.34
17:46:00	16.842	16.449	16.459	17.31	16.939	17.12	415.42	415.34
17:47:00	16.842	16.449	16.446	17.324	16.939	17.119	415.42	415.34
17:48:00	16.842	16.448	16.412	17.26	16.939	17.119	0.0	415.34
17:49:00	16.842	16.447	16.387	17.199	16.94	17.118	415.42	415.34
17:50:02	16.843	16.448	16.321	17.161	16.94	17.116	415.42	415.34
17:51:00	16.843	16.448	16.34	17.117	16.94	17.117	415.42	415.34
17:52:00	16.841	16.446	16.368	17.129	16.938	17.118	415.42	415.34
17:53:00	16.843	16.447	16.388	17.162	16.938	17.119	415.42	415.34
17:54:00	16.842	16.447	16.411	17.196	16.937	17.114	415.42	415.34
17:55:00	16.842	16.446	16.432	17.243	16.937	17.122	415.42	415.34
17:56:00	16.841	16.446	16.448	17.282	16.937	17.116	415.42	415.34
17:57:00	16.841	16.446	16.459	17.314	16.935	17.114	415.42	415.34
17:58:00	16.842	16.445	16.458	17.327	16.933	17.119	415.42	415.34
17:59:00	16.841	16.446	16.424	17.273	16.937	17.12	415.42	415.34
18:00:00	16.841	16.445	16.388	17.212	16.938	17.116	415.42	415.34
18:01:00	16.841	16.444	16.346	17.167	16.938	17.113	415.42	415.34
18:02:00	16.841	16.445	16.334	17.125	16.939	17.119	415.42	415.34
18:03:00	16.84	16.446	16.37	17.136	16.938	17.117	415.42	415.34
18:04:00	16.841	16.446	16.396	17.168	16.938	17.118	415.42	415.34
18:05:00	16.842	16.445	16.416	17.209	16.937	17.119	415.42	415.34
18:06:00	16.842	16.445	16.434	17.25	16.937	17.117	415.42	415.34
18:07:00	16.841	16.443	16.452	17.287	16.938	17.116	415.42	415.34
18:08:00	16.84	16.443	16.463	17.313	16.936	17.118	415.42	415.34
18:09:00	16.84	16.444	16.458	17.321	16.937	17.117	415.42	415.34
18:10:00	16.84	16.444	16.426	17.267	16.936	17.115	415.42	415.34
18:11:00	16.84	16.443	16.401	17.218	16.937	17.115	415.42	415.34
18:12:00	16.839	16.444	16.372	17.177	16.935	17.116	415.42	415.34
18:13:00	16.841	16.443	16.359	17.119	16.935	17.117	415.42	415.34
18:14:00	16.84	16.444	16.379	17.134	16.936	17.116	415.42	415.34
18:15:00	16.839	16.442	16.398	17.164	16.935	17.114	415.42	415.34
18:16:00	16.839	16.441	16.418	17.205	16.936	17.114	415.42	415.34
18:17:01	16.839	16.441	16.442	17.248	16.933	17.115	415.42	415.34
18:18:00	16.839	16.441	16.457	17.282	16.932	17.114	415.42	415.34
18:19:00	16.84	16.442	16.465	17.315	16.936	17.115	415.42	415.34
18:20:00	16.841	16.442	16.459	17.324	16.932	17.117	415.42	415.34
18:21:00	16.839	16.443	16.411	17.266	16.935	17.117	415.42	415.34
18:22:00	16.839	16.441	16.385	17.208	16.932	17.114	415.42	415.34
18:23:01	16.839	16.441	16.37	17.163	16.932	17.116	415.42	415.34
18:24:00	16.839	16.441	16.359	17.119	16.931	17.117	415.42	415.34
18:25:00	16.839	16.441	16.384	17.144	16.931	17.116	415.42	415.34
18:26:00	16.839	16.44	16.404	17.179	16.932	17.12	415.42	415.34
18:27:00	16.839	16.44	16.43	17.222	16.933	17.117	415.42	415.34
18:28:00	16.839	16.44	16.449	17.262	0.0	17.116	415.42	415.34
18:29:00	16.839	16.44	16.462	17.299	16.934	17.114	415.42	415.34
18:30:00	16.84	16.441	16.473	17.328	16.935	17.118	415.42	415.34
18:31:00	16.84	16.441	16.465	17.336	16.937	17.111	415.42	415.34
18:32:00	16.839	16.441	16.431	17.276	16.937	17.116	415.42	415.34
18:33:00	16.84	16.441	16.396	17.225	16.934	17.117	415.42	415.34
18:34:00	16.84	16.441	16.351	17.179	16.935	17.114	415.42	415.34
18:35:00	16.839	16.442	16.277	17.125	16.932	17.115	415.42	415.34
18:36:00	16.839	16.44	16.287	17.075	16.931	17.116	415.42	415.34
18:37:00	16.839	16.44	16.331	17.086	16.932	17.115	415.42	415.34
18:38:00	16.839	16.439	16.363	17.117	16.934	17.117	415.42	415.34
18:39:00	16.837	16.439	16.384	17.159	16.933	17.115	415.42	415.34
18:40:00	16.838	16.437	16.405	17.204	16.934	17.114	415.42	415.34
18:41:00	16.838	16.439	16.424	17.242	16.933	17.116	415.42	415.34
18:42:00	16.839	16.441	16.443	17.273	16.932	17.115	415.42	415.34
18:43:00	16.837	16.44	16.438	17.292	16.933	17.114	415.42	415.34
18:44:00	16.837	16.44	16.404	17.239	16.933	17.116	415.42	415.34
18:45:00	16.838	16.44	16.364	17.196	16.93	17.114	415.42	415.34
18:46:00	16.838	16.44	16.351	17.15	16.931	17.115	415.42	415.34
18:47:00	16.836	16.439	16.34	17.106	16.93	17.114	415.42	415.34
18:48:00	16.837	16.439	16.364	17.131	16.935	17.119	415.42	415.34
18:49:00	16.836	16.439	16.388	17.166	16.933	17.112	415.42	415.34
18:50:00	16.837	16.439	16.41	17.207	16.933	17.115	415.42	415.34
18:51:00	16.838	16.439	16.428	17.248	16.935	17.112	415.42	415.34
18:52:00	16.837	16.44	16.447	17.282	16.935	17.118	415.42	415.34
18:53:00	16.838	16.44	16.46	17.307	16.935	17.121	415.42	415.34
18:54:00	16.838	16.441	16.447	17.316	16.933	17.119	415.42	415.34
18:55:00	16.838	16.442	16.399	17.261	16.935	17.121	415.42	415.34
18:56:00	16.837	16.442	16.354	17.206	16.937	17.114	415.42	415.34
18:57:00	16.836	16.442	16.31	17.172	16.937	17.114	415.42	415.34
18:58:00	16.838	16.441	16.319	17.129	16.938	17.114	415.42	415.34
18:59:00	16.837	16.441	16.359	17.147	16.935	17.116	415.42	415.34
19:00:00	16.838	16.441	16.388	17.176	16.93	17.114	415.42	415.34
19:01:00	16.838	16.441	16.406	17.212	16.934	17.117	415.42	415.34
19:02:00	16.839	16.44	16.423	17.249	16.934	17.112	415.42	415.34
19:03:00	16.838	16.44	16.439	17.278	16.936	17.113	415.42	415.34
19:04:00	16.838	16.44	16.457	17.303	16.935	17.115	415.42	415.34
19:05:00	16.837	16.438	16.474	17.33	16.931	17.114	415.42	415.34
19:06:00	16.838	16.439	16.484	17.345	16.934	17.115	415.42	415.34
19:07:00	16.839	16.439	16.404	17.336	16.936	17.115	415.42	415.34
19:08:00	16.838	16.439	16.336	17.261	16.935	17.116	415.42	415.34
19:09:00	16.839	16.438	16.307	17.207	16.934	17.117	415.42	415.34
19:10:01	16.838	16.44	16.241	17.14	16.935	17.12	415.42	415.34
19:11:00	16.838	16.44	16.229	17.091	16.935	17.116	415.42	415.34
19:12:00	16.837	16.441	16.265	17.112	16.932	17.112	415.42	415.34
19:13:00	16.836	16.44	16.317	17.165	16.935	17.11	415.42	415.34
19:14:00	16.837	16.44	16.365	17.216	16.935	17.113	415.42	415.34
19:15:00	16.837	16.44	16.4	17.257	16.931	17.12	415.42	415.34
19:16:00	16.836	16.44	16.42	17.294	16.934	17.12	415.42	415.34
19:17:00	16.837	16.441	16.442	17.32	16.935	17.111	415.42	415.34
19:18:00	16.837	16.439	16.354	17.292	16.934	17.118	415.42	415.34
19:19:02	16.836	16.44	16.253	17.235	16.933	17.109	415.42	415.34
19:20:00	16.838	16.439	16.233	17.177	16.933	17.111	415.42	415.34
19:21:00	16.837	16.44	16.16	17.123	16.932	17.118	415.42	415.34
19:22:00	16.835	0.0	16.145	17.061	16.934	17.117	415.42	415.34
19:23:00	16.837	16.437	16.201	17.078	16.93	17.113	415.42	415.34
19:24:00	16.837	16.435	16.258	17.139	16.93	17.109	415.42	415.34
19:25:00	16.835	16.435	16.307	17.19	16.929	17.113	415.42	415.34
19:26:00	16.835	16.433	16.347	17.235	16.929	17.113	415.42	415.34
19:27:00	16.834	16.432	16.38	17.271	16.928	17.114	415.42	415.34
19:28:00	16.835	16.434	16.401	17.301	16.929	17.119	415.42	415.34
19:29:00	16.835	16.433	16.325	17.296	16.929	17.117	415.42	415.34
19:30:00	16.834	16.436	16.243	17.226	16.931	17.114	415.42	415.34
19:31:00	16.836	16.437	16.18	17.156	16.929	17.114	415.42	415.34
19:32:00	16.835	16.438	16.146	17.086	16.932	17.115	415.42	415.34
19:33:00	16.835	16.437	16.113	17.01	16.932	17.115	415.42	415.34
19:34:00	16.835	16.435	16.179	17.051	16.931	17.112	415.42	415.34
19:35:00	16.835	16.436	16.228	17.112	16.932	17.115	415.42	415.34
19:36:00	16.834	16.436	16.278	17.172	16.931	17.111	415.42	415.34
19:37:00	16.834	16.437	16.324	17.226	16.934	17.113	415.42	415.34
19:38:00	16.835	16.437	16.35	17.267	16.932	17.114	415.42	415.34
19:39:00	16.834	16.436	16.381	17.303	16.931	17.114	415.42	415.34
19:40:00	16.834	16.437	16.296	17.301	16.934	17.117	415.42	415.34
19:41:00	16.834	16.436	16.23	17.231	16.934	17.113	415.42	415.34
19:42:00	16.834	16.435	16.172	17.172	16.934	0.0	415.42	415.34
19:43:00	16.835	16.437	16.101	17.105	16.933	17.113	415.42	415.34
19:44:00	16.836	16.435	16.097	17.041	16.933	17.115	415.42	415.34
19:45:00	16.834	16.436	16.15	17.058	16.931	17.12	415.42	415.34
19:46:00	16.834	16.434	16.204	17.127	16.931	17.114	415.42	415.34
19:47:00	16.834	16.435	16.269	17.187	16.933	17.117	415.42	415.34
19:48:00	16.833	16.433	16.313	17.235	16.932	17.115	415.42	415.34
19:49:00	16.833	16.433	16.339	17.27	16.932	17.116	415.42	415.34
19:50:00	16.834	16.433	16.367	17.304	16.929	17.114	415.42	415.34
19:51:00	16.834	16.432	16.282	17.302	16.929	17.115	415.42	415.34
19:52:00	16.834	16.433	16.216	17.23	16.93	17.113	415.42	415.34
19:53:00	16.834	16.431	16.172	17.172	16.932	17.115	415.42	415.34
19:54:00	16.833	16.431	16.071	17.104	16.931	17.112	415.42	415.34
19:55:00	16.834	16.431	16.081	17.056	16.928	17.115	415.42	415.34
19:56:00	16.833	16.429	16.154	17.086	16.929	17.114	415.42	415.34
19:57:00	16.832	16.431	16.225	17.145	16.928	17.111	415.42	415.34
19:58:00	16.832	16.429	16.278	17.197	16.93	17.111	415.42	415.34
19:59:00	16.832	16.43	16.307	17.246	16.931	17.112	415.42	415.34
20:00:00	16.832	16.429	16.34	17.281	16.927	17.113	415.42	415.34
20:01:00	16.832	16.428	16.373	17.307	16.929	17.113	415.42	415.34
20:02:00	16.831	16.429	16.269	17.303	16.93	17.113	415.42	415.34
20:03:00	16.831	16.429	16.21	17.228	16.93	17.114	415.42	415.34
20:04:00	16.832	16.431	16.164	17.162	16.928	17.113	415.42	415.34
20:05:00	16.833	16.431	16.109	17.097	16.929	17.112	415.42	415.34
20:06:00	16.833	16.431	16.101	17.044	16.93	17.114	415.42	415.34
20:07:00	16.832	16.429	16.153	17.067	16.929	17.115	415.42	415.34
20:08:00	16.832	16.432	16.199	17.128	16.928	17.114	415.42	415.34
20:09:00	16.831	16.428	16.256	17.184	16.927	17.113	415.42	415.34
20:10:02	16.832	16.428	16.309	17.236	16.93	17.115	415.42	415.34
20:11:00	16.831	16.428	16.34	17.27	16.929	17.114	415.42	415.34
20:12:00	16.831	16.427	16.361	17.3	16.928	17.113	415.42	415.34
20:13:02	16.831	16.427	16.281	17.295	16.93	17.112	415.42	415.34
20:14:00	16.831	16.426	16.213	17.221	16.928	17.113	415.42	415.34
20:15:00	16.832	16.426	16.178	17.162	16.926	17.112	415.42	415.34
20:16:00	16.83	16.426	16.067	17.094	16.928	17.112	415.42	415.34
20:17:00	16.83	16.425	16.049	17.037	16.927	17.113	415.42	415.34
20:18:00	16.829	16.425	16.123	17.062	16.926	17.111	415.42	415.34
20:19:00	16.828	16.425	16.185	17.123	16.928	17.112	415.42	415.34
20:20:00	16.829	16.423	16.249	17.188	16.929	17.114	415.42	415.34
20:21:00	16.828	16.425	16.287	17.242	16.93	17.114	415.42	415.34
20:22:00	16.828	16.426	16.322	17.279	16.93	17.111	415.42	415.34
20:23:00	16.828	16.426	16.351	17.31	16.929	17.114	415.42	415.34
20:24:00	16.829	16.426	16.288	17.3	16.927	17.114	415.42	415.34
20:25:00	16.828	16.424	16.197	17.215	16.929	17.111	415.42	415.34
20:26:00	16.828	16.423	16.12	17.152	16.928	17.114	415.42	415.34
20:27:00	16.828	16.423	16.083	17.103	16.926	17.113	415.42	415.34
20:28:00	16.827	16.422	16.087	17.042	16.929	17.113	415.42	415.34
20:29:00	16.827	16.423	16.135	17.071	16.93	17.113	415.42	415.34
20:30:00	16.828	16.423	16.195	17.123	16.928	17.114	415.42	415.34
20:31:00	16.828	16.423	16.243	17.185	16.927	17.112	415.42	415.34
20:32:00	16.827	16.423	16.28	17.237	16.929	17.114	415.42	415.34
20:33:00	16.827	16.423	16.324	17.274	16.929	17.113	415.42	415.34
20:34:00	16.827	16.422	16.349	17.308	16.93	17.113	415.42	415.34
20:35:00	16.826	16.422	16.275	17.309	16.927	17.112	415.42	415.34
20:36:00	16.826	16.423	16.184	17.234	16.928	17.113	415.42	415.34
20:37:00	16.826	16.422	16.148	17.175	16.927	17.113	415.42	415.34
20:38:00	16.826	16.422	16.092	17.105	16.928	17.113	415.42	415.34
20:39:00	16.825	16.421	16.097	17.07	16.929	17.113	415.42	415.34
20:40:00	16.824	16.421	16.136	17.094	16.93	17.112	415.42	415.34
20:41:00	16.826	16.421	16.2	17.157	16.931	17.115	415.42	415.34
20:42:00	16.825	16.421	16.261	17.211	16.927	17.112	415.42	415.34
20:43:00	16.825	16.42	16.299	17.265	16.931	17.112	415.42	415.34
20:44:00	16.824	16.422	16.332	17.307	16.93	17.113	415.42	415.34
20:45:00	16.825	16.42	16.352	17.345	16.927	17.113	415.42	415.34
20:46:00	16.824	16.42	16.282	17.331	16.93	17.113	415.42	415.34
20:47:00	16.824	16.421	16.209	17.255	16.93	17.115	415.42	415.34
20:48:00	16.825	16.421	16.164	17.195	16.924	17.112	415.42	415.34
20:49:00	16.824	16.421	16.101	17.147	16.927	17.115	415.42	415.34
20:50:00	16.823	16.421	16.108	17.086	16.928	17.113	415.42	415.34
20:51:00	16.823	16.422	16.158	17.111	16.931	17.114	415.42	415.34
20:52:00	16.822	16.422	16.217	17.167	16.931	17.115	415.42	415.34
20:53:00	16.823	16.421	16.263	17.22	16.93	17.113	415.42	415.34
20:54:00	16.823	16.421	16.31	17.266	16.93	17.113	415.42	415.34
20:55:00	16.822	16.42	16.331	17.3	16.931	17.115	415.42	415.34
20:56:00	16.823	16.42	16.362	17.326	16.932	17.113	415.42	415.34
20:57:00	16.823	16.42	16.291	17.314	16.931	17.112	415.42	415.34
20:58:01	16.822	16.42	16.204	17.249	16.931	17.114	415.42	415.34
20:59:00	16.824	16.419	16.146	17.196	16.931	17.114	415.42	415.34
21:00:00	16.823	16.42	16.059	17.094	16.93	17.113	415.42	415.34
21:01:00	16.82	16.418	16.061	17.046	16.931	17.113	415.42	415.34
21:02:00	16.821	16.418	16.133	17.067	16.933	17.113	415.42	415.34
21:03:00	16.821	16.418	16.191	17.131	16.931	17.115	415.42	415.34
21:04:00	16.822	16.418	16.238	17.191	16.93	17.114	415.42	415.34
21:05:00	16.82	16.419	16.289	17.239	16.932	17.114	415.42	415.34
21:06:00	16.82	16.418	16.327	17.28	16.933	17.113	415.42	415.34
21:07:00	16.82	16.418	16.358	17.311	16.931	17.115	415.42	415.34
21:08:00	16.82	16.418	16.217	16.934	16.931	17.112	415.42	415.34
21:09:00	16.82	16.418	16.029	16.474	16.931	17.114	415.42	415.34
21:10:00	16.82	16.416	15.908	16.411	16.929	17.112	415.42	415.34
21:11:00	16.819	16.416	15.868	16.649	16.928	17.112	415.42	415.34
21:12:00	16.82	16.415	15.959	16.783	16.928	17.11	415.42	415.34
21:13:00	16.82	16.415	16.062	16.925	16.932	17.112	415.42	415.34
21:14:00	16.82	16.415	16.152	17.063	16.931	17.112	415.42	415.34
21:15:00	0.0	16.415	16.197	17.158	16.929	17.113	415.42	415.34
21:16:00	16.819	16.415	16.248	17.218	16.93	17.112	415.42	415.34
21:17:00	16.819	16.415	16.28	17.261	16.928	17.11	415.42	415.34
21:18:00	16.82	16.413	16.318	17.292	16.928	17.112	415.42	415.34
21:19:00	16.818	16.414	16.271	17.284	16.929	17.112	415.42	415.34
21:20:00	16.818	16.413	16.096	16.816	16.929	17.111	415.42	415.34
21:21:01	16.818	16.412	16.004	16.765	16.928	17.115	415.42	415.34
21:22:00	16.818	16.412	15.932	16.854	16.929	17.114	415.42	415.34
21:23:00	16.817	16.412	15.865	16.852	16.931	17.115	415.42	415.34
21:24:00	16.819	16.412	15.896	16.838	16.928	17.116	415.42	415.34
21:25:00	16.818	16.413	15.949	16.889	16.928	17.113	415.42	415.34
21:26:00	16.818	16.413	16.049	16.99	16.932	17.113	415.42	415.34
21:27:00	16.818	16.414	16.122	17.088	16.933	17.112	415.42	415.34
21:28:00	16.817	16.414	16.18	17.159	16.928	17.113	415.42	415.34
21:29:00	16.816	16.413	16.221	17.209	16.928	17.114	415.42	415.34
21:30:00	16.815	16.413	16.258	17.246	16.931	17.114	415.42	415.34
21:31:00	16.816	16.413	16.213	17.245	16.93	17.114	415.42	415.34
21:32:00	16.816	16.412	16.137	17.183	16.929	17.114	415.42	415.34
21:33:00	16.815	16.412	0.0	17.116	16.93	17.113	415.42	415.34
21:34:00	16.814	16.411	16.052	17.057	16.93	17.112	415.42	415.34
21:35:00	16.815	16.411	15.9	16.977	16.931	17.113	415.42	415.34
21:36:00	16.815	16.41	15.859	16.892	16.932	17.114	415.42	415.34
21:37:00	16.814	16.41	15.878	16.846	16.932	17.114	415.42	415.34
21:38:00	16.815	16.411	15.932	16.897	16.932	17.113	415.42	415.34
21:39:00	16.815	16.409	16.014	16.983	16.933	17.113	415.42	415.34
21:40:00	16.814	16.41	16.099	17.081	16.933	17.113	415.42	415.34
21:41:00	16.815	16.409	16.159	17.169	16.931	17.113	415.42	415.34
21:42:00	16.814	16.41	16.181	17.224	16.933	17.115	415.42	415.34
21:43:00	16.813	16.408	16.229	17.265	16.934	17.115	415.42	415.34
21:44:00	16.814	16.408	16.153	17.239	16.928	17.115	415.42	415.34
21:45:00	16.813	16.408	16.108	17.176	16.927	17.115	415.42	415.34
21:46:00	16.813	16.408	16.051	17.12	16.93	17.113	415.42	415.34
21:47:00	16.813	16.409	15.959	17.061	16.931	17.114	415.42	415.34
21:48:00	16.813	16.406	15.783	16.952	16.927	17.113	415.42	415.34
21:49:00	16.814	16.406	15.747	16.866	16.93	17.116	415.42	415.34
21:50:00	16.814	16.405	15.777	16.807	16.928	17.115	415.42	415.34
21:51:00	16.814	16.405	15.846	16.85	16.931	17.115	415.42	415.34
21:52:00	16.814	16.405	15.911	16.919	16.931	17.115	415.42	415.34
21:53:00	16.813	16.405	15.975	16.992	16.931	17.112	415.42	415.34
21:54:00	16.812	16.404	16.059	17.067	16.932	17.113	415.42	415.34
21:55:00	16.813	16.406	16.114	17.135	16.93	17.111	415.42	415.34
21:56:00	16.812	16.403	16.156	17.186	16.931	17.115	415.42	415.34
21:57:00	16.811	16.404	16.087	17.184	16.932	17.115	415.42	415.34
21:58:00	16.812	16.404	16.044	17.111	16.93	17.115	415.42	415.34
21:59:00	16.809	16.402	15.984	17.049	16.932	17.115	415.42	415.34
22:00:00	16.809	16.402	15.881	16.991	16.93	17.113	415.42	415.34
22:01:00	16.809	16.4	15.656	16.91	16.929	17.113	415.42	415.34
22:02:00	16.808	16.4	15.771	16.849	16.927	17.112	415.42	415.34
22:03:00	16.809	16.399	15.846	16.887	16.928	17.111	415.42	415.34
22:04:00	16.808	16.397	15.921	16.968	16.93	17.113	415.42	415.34
22:05:00	16.808	16.401	16.007	17.048	16.931	17.112	415.42	415.34
22:06:00	16.808	16.4	16.088	17.122	16.931	17.113	415.42	415.34
22:07:00	16.807	16.4	16.141	17.178	16.933	17.115	415.42	415.34
22:08:00	16.807	16.399	16.169	17.218	16.933	17.113	415.42	415.34
22:09:00	16.806	16.4	16.103	17.209	16.93	17.113	415.42	415.34
22:10:00	16.806	16.399	15.944	16.715	16.929	17.112	415.42	415.34
22:11:00	16.807	16.399	15.81	16.326	16.931	17.111	415.42	415.34
22:12:00	16.806	16.4	15.711	16.363	16.932	17.112	415.42	415.34
22:13:00	16.804	16.398	0.0	16.499	16.931	17.111	415.42	415.34
22:14:00	16.804	16.399	15.648	16.605	16.929	17.111	415.42	415.34
22:15:00	16.804	16.397	15.771	16.734	16.926	17.111	415.42	415.34
22:16:00	16.805	16.397	15.874	16.858	16.921	17.117	415.42	415.34
22:17:00	16.804	16.398	15.944	16.962	16.923	17.12	415.42	415.34
22:18:00	16.803	16.397	16.005	17.048	16.929	17.11	415.42	415.34
22:19:00	16.804	16.396	16.072	17.117	16.928	17.11	415.42	415.34
22:20:00	16.802	16.396	16.105	17.167	16.927	17.115	415.42	415.34
22:21:00	16.802	16.396	16.046	17.171	16.929	17.11	415.42	415.34
22:22:00	16.803	16.396	15.993	17.096	16.926	17.111	415.42	415.34
22:23:00	16.803	16.394	15.86	16.623	16.923	17.11	415.42	415.34
22:24:00	16.803	16.395	15.748	16.55	16.928	17.116	415.42	415.34
22:25:00	16.802	16.396	15.63	16.652	16.926	17.108	415.42	415.34
22:26:00	16.802	16.395	15.544	16.644	16.927	17.11	415.42	415.34
22:27:00	16.802	16.394	15.648	16.682	16.927	17.109	415.42	415.34
22:28:00	16.801	16.394	15.702	16.749	16.925	17.112	415.42	415.34
22:29:00	16.8	16.392	15.798	16.843	16.927	17.111	415.42	415.34
22:30:00	16.799	16.391	15.886	16.934	16.927	17.117	415.42	415.34
22:31:00	16.799	16.39	15.965	17.016	16.927	17.107	415.42	415.34
22:32:00	16.8	16.389	16.018	17.1	16.927	17.116	415.42	415.34
22:33:01	16.799	16.388	16.072	17.171	16.927	17.112	415.42	415.34
22:34:01	16.799	16.389	16.017	17.179	16.925	17.113	415.42	415.34
22:35:01	16.798	16.388	15.965	17.103	16.925	17.114	415.42	415.34
22:36:01	16.798	16.387	15.831	16.67	16.924	17.109	415.42	415.34
22:37:01	16.797	16.387	15.68	16.615	16.923	17.104	415.42	415.34
22:38:01	16.796	16.385	15.595	16.693	16.922	17.112	415.42	415.34
22:39:01	16.797	16.386	15.521	16.697	16.922	17.111	415.42	415.34
22:40:01	16.796	16.386	15.641	16.685	16.925	17.108	415.42	415.34
22:41:01	16.795	16.386	15.715	16.769	16.926	17.108	415.42	415.34
22:42:01	16.795	16.385	15.819	16.857	16.925	17.107	415.42	415.34
22:43:01	16.795	16.384	15.904	16.951	16.926	17.111	415.42	415.34
22:44:01	16.794	16.384	15.978	17.044	16.926	17.114	415.42	415.34
22:45:01	16.795	16.383	16.025	17.112	16.924	17.111	415.42	415.34
22:46:01	16.795	16.382	16.059	17.157	16.925	17.111	415.42	415.34
22:47:01	16.793	16.381	16.007	17.158	16.921	17.112	415.42	415.34
22:48:01	16.793	16.381	15.931	17.08	16.921	17.112	415.42	415.34
22:49:01	16.791	16.38	15.899	17.026	16.923	17.111	415.42	415.34
22:50:01	16.79	16.379	15.828	16.97	16.924	17.108	415.42	415.34
22:51:01	16.789	16.377	15.686	16.879	16.921	17.11	415.42	415.34
22:52:01	16.789	16.377	15.597	16.79	16.919	17.113	415.42	415.34
22:53:01	16.788	16.377	15.595	16.724	16.921	17.111	415.42	415.34
22:54:01	16.789	16.376	15.65	16.717	16.92	17.11	415.42	415.34
22:55:01	16.788	16.374	15.705	16.766	16.922	17.111	415.42	415.34
22:56:01	16.789	16.373	15.763	16.83	16.924	17.111	415.42	415.34
22:57:01	16.788	16.373	15.833	16.906	16.924	17.111	415.42	415.34
22:58:01	16.787	16.371	15.917	16.987	16.923	17.11	415.42	415.34
22:59:01	16.786	16.371	15.977	17.058	16.925	17.109	415.42	415.34
23:00:01	16.785	16.37	16.029	17.12	16.924	17.111	415.42	415.34
23:01:01	16.784	16.371	15.975	17.121	16.919	17.11	415.42	415.34
23:02:01	16.785	16.37	15.937	17.062	16.921	17.109	415.42	415.34
23:03:01	16.785	16.371	15.879	17.006	16.922	17.11	415.42	415.34
23:04:01	16.785	16.369	15.811	16.957	16.923	17.111	415.42	415.34
23:05:01	16.785	16.368	15.706	16.865	16.92	17.109	415.42	415.34
23:06:01	16.784	16.369	15.609	16.771	16.92	17.109	415.42	415.34
23:07:01	16.782	16.367	15.656	16.733	16.92	17.109	415.42	415.34
23:08:01	16.781	16.366	15.711	16.789	16.919	17.107	415.42	415.34
23:09:01	16.781	16.364	15.779	16.858	16.921	17.107	415.42	415.34
23:10:01	16.782	16.364	15.843	16.925	16.921	17.108	415.42	415.34
23:11:01	16.782	16.364	15.905	16.988	16.918	17.109	415.42	415.34
23:12:02	16.781	16.362	15.969	17.057	16.92	17.108	415.42	415.34
23:13:01	16.781	16.362	16.021	17.112	16.922	17.109	415.42	415.34
23:14:01	16.781	16.36	15.968	17.12	16.919	17.109	415.42	415.34
23:15:01	16.78	16.362	15.912	17.063	16.921	17.11	415.42	415.34
23:16:01	16.78	16.361	15.862	17.016	16.92	17.11	415.42	415.34
23:17:01	16.778	16.359	15.782	16.96	16.921	17.109	415.42	415.34
23:18:01	16.779	16.36	15.633	16.862	16.917	17.108	415.42	415.34
23:19:03	16.778	16.358	15.486	16.764	16.919	17.112	415.42	415.34
23:20:01	16.778	16.357	15.427	16.676	16.919	17.11	415.42	415.34
23:21:01	16.777	16.357	15.537	16.66	16.918	17.108	415.42	415.34
23:22:01	16.776	16.356	15.641	16.717	16.917	17.109	415.42	415.34
23:23:01	16.775	16.354	15.699	16.791	16.914	17.109	415.42	415.34
23:24:01	16.775	16.354	15.745	16.855	16.916	17.108	415.42	415.34
23:25:01	16.773	16.354	15.813	16.919	16.916	17.109	415.42	415.34
23:26:01	16.774	16.353	15.891	16.989	16.916	17.109	415.42	415.34
23:27:01	16.773	16.353	15.944	17.054	16.916	17.107	415.42	415.34
23:28:01	16.774	16.352	15.873	17.071	16.915	17.108	415.42	415.34
23:29:01	16.773	16.352	15.83	17.015	16.917	17.108	415.42	415.34
23:30:01	16.772	16.351	15.816	16.972	16.916	17.109	415.42	415.34
23:31:01	16.771	16.35	15.686	16.912	16.917	17.106	415.42	415.34
23:32:01	16.769	16.35	15.613	16.837	16.916	17.107	415.42	415.34
23:33:01	16.77	16.349	15.651	16.767	16.917	17.107	415.42	415.34
23:34:01	16.77	16.347	15.724	16.795	16.916	17.11	415.42	415.34
23:35:01	16.769	16.346	15.772	16.864	16.914	17.107	415.42	415.34
23:36:01	16.768	16.345	15.865	16.953	16.916	17.107	415.42	415.34
23:37:01	16.768	16.345	15.942	17.027	16.917	17.108	415.42	415.34
23:38:01	16.768	16.346	15.978	17.089	16.917	17.109	415.42	415.34
23:39:01	16.768	16.344	16.034	17.137	16.913	17.11	415.42	415.34
23:40:01	16.767	16.344	15.936	17.139	16.912	17.108	415.42	415.34
23:41:01	16.766	16.343	15.931	17.066	16.912	17.106	415.42	415.34
23:42:01	16.764	16.341	15.86	17.014	16.915	17.104	415.42	415.34
23:43:01	16.764	16.341	15.747	16.949	16.914	17.106	415.42	415.34
23:44:01	16.764	16.341	15.605	16.843	16.913	17.103	415.42	415.34
23:45:01	16.762	16.34	15.429	16.748	16.915	17.111	415.42	415.34
23:46:01	16.76	16.339	15.549	16.686	16.913	17.107	415.42	415.34
23:47:01	16.76	16.339	15.652	16.734	16.908	17.105	415.42	415.34
23:48:01	16.759	16.336	15.708	16.805	16.915	17.108	415.42	415.34
23:49:01	16.759	16.336	15.771	16.88	16.916	17.106	415.42	415.34
23:50:01	16.76	16.336	15.845	16.952	16.915	17.108	415.42	415.34
23:51:01	16.759	16.336	15.924	17.014	16.914	17.105	415.42	415.34
23:52:01	16.759	16.335	15.973	17.069	16.912	17.105	415.42	415.34
23:53:01	16.757	16.336	15.907	17.087	16.916	17.108	415.42	415.34
23:54:01	16.757	16.334	15.857	17.03	16.915	17.106	415.42	415.34
23:55:02	16.756	16.333	15.808	16.984	16.913	17.106	415.42	415.34
23:56:01	16.757	16.333	15.744	16.931	16.908	17.108	415.42	415.34
23:57:01	16.755	16.333	15.673	16.85	16.909	17.108	415.42	415.34
23:58:01	16.754	16.332	15.681	16.788	16.905	17.106	415.42	415.34
23:59:02	16.753	16.329	15.745	16.822	16.909	17.104	415.42	415.34
