00:00:54	16.259	15.927	15.931	16.481	16.065	16.253	415.42	415.34
00:01:54	16.259	15.926	15.928	16.484	16.065	16.253	415.42	415.34
00:02:54	16.26	15.926	15.926	16.485	16.065	16.254	415.42	415.34
00:03:54	16.26	15.927	15.923	16.481	16.065	16.255	415.42	415.34
00:04:54	16.261	15.927	15.923	16.471	16.065	16.253	415.42	415.34
00:05:54	16.261	15.928	15.921	16.463	16.065	16.254	415.42	415.34
00:06:54	16.261	15.927	15.917	16.461	16.064	16.254	415.42	415.34
00:07:54	16.261	15.928	15.914	16.457	16.065	16.253	415.42	415.34
00:08:54	16.262	15.928	15.912	16.462	16.064	16.254	415.42	415.34
00:09:54	16.262	15.928	15.908	16.455	16.066	16.254	415.42	415.34
00:10:54	16.262	15.928	15.908	16.455	16.065	16.256	415.42	415.34
00:11:54	16.263	15.93	15.904	16.455	16.066	16.257	415.42	415.34
00:12:54	16.262	15.93	15.9	16.452	16.068	16.255	415.42	415.34
00:13:54	16.261	15.93	15.893	16.452	16.067	16.254	415.42	415.34
00:14:54	16.263	15.932	15.89	16.449	16.066	16.254	415.42	415.34
00:15:54	16.263	15.931	15.894	16.469	16.069	16.256	415.42	415.34
00:16:54	16.263	15.932	15.896	16.492	16.068	16.255	415.42	415.34
00:17:54	16.263	15.932	15.899	16.491	16.068	16.253	415.42	415.34
00:18:54	16.264	15.933	15.898	16.486	16.068	16.255	415.42	415.34
00:19:54	16.263	15.932	15.895	16.476	16.067	16.255	415.42	415.34
00:20:54	16.263	15.932	15.894	16.468	16.068	16.257	415.42	415.34
00:21:54	16.265	15.933	15.893	16.471	16.07	16.258	415.42	415.34
00:22:54	16.264	15.934	15.886	16.476	16.071	16.257	415.42	415.34
00:23:54	16.264	15.934	15.891	16.489	16.072	16.256	415.42	415.34
00:24:54	16.265	15.935	15.897	16.511	16.071	16.254	415.42	415.34
00:25:54	16.265	15.936	15.901	16.53	16.069	16.257	415.42	415.34
00:26:54	16.265	15.936	15.904	16.548	16.07	16.256	415.42	415.34
00:27:54	16.266	15.936	15.905	16.558	16.069	16.254	415.42	415.34
00:28:54	16.266	15.936	15.908	16.577	16.07	16.254	415.42	415.34
00:29:54	16.266	15.935	15.912	16.586	16.07	16.255	415.42	415.34
00:30:54	16.266	15.935	15.914	16.593	16.07	16.256	415.42	415.34
00:31:54	16.267	15.935	15.917	16.603	16.068	16.253	415.42	415.34
00:32:54	16.266	15.934	15.919	16.608	16.07	16.254	415.42	415.34
00:33:54	16.267	15.934	15.92	16.612	16.067	16.256	415.42	415.34
00:34:54	16.266	15.934	15.922	16.617	16.068	16.255	415.42	415.34
00:35:54	16.266	15.934	15.923	16.618	16.068	16.256	415.42	415.34
00:36:54	16.268	15.934	15.923	16.616	16.069	16.256	415.42	415.34
00:37:54	16.268	15.934	15.926	16.613	16.07	16.256	415.42	0.0
00:38:54	16.268	15.935	15.927	16.623	16.07	16.256	415.42	415.34
00:39:54	16.268	15.935	15.928	16.616	16.071	16.256	415.42	415.34
00:40:54	16.268	15.935	15.928	16.607	16.071	16.255	415.42	415.34
00:41:54	16.269	15.937	15.929	16.609	16.071	16.256	415.42	415.34
00:42:54	16.267	15.936	15.929	16.608	16.07	16.257	415.42	415.34
00:43:54	16.268	15.935	15.929	16.607	16.07	16.255	415.42	415.34
00:44:54	16.269	15.935	15.929	16.611	16.067	16.252	415.42	415.34
00:45:54	16.269	15.934	15.931	16.611	16.067	16.256	415.42	415.34
00:46:54	16.268	15.935	15.931	16.616	16.067	16.255	415.42	415.34
00:47:54	16.269	15.932	15.932	16.621	16.065	16.253	415.42	415.34
00:48:54	16.269	15.931	15.931	16.631	16.065	16.252	415.42	415.34
00:49:54	16.268	15.931	15.934	16.629	16.064	16.254	415.42	415.34
00:50:54	16.269	15.929	15.936	16.632	16.064	16.256	415.42	415.34
00:51:54	16.268	15.93	15.938	16.632	16.065	16.256	415.42	415.34
00:52:54	16.27	15.93	15.942	16.639	16.063	16.254	415.42	415.34
00:53:54	16.268	15.929	15.943	16.644	16.064	16.256	415.42	415.34
00:54:54	16.268	15.929	15.942	16.642	16.063	16.255	415.42	415.34
00:55:54	16.27	15.929	15.94	16.626	16.063	16.255	415.42	415.34
00:56:54	16.269	15.928	15.938	16.622	16.061	16.25	415.42	415.34
00:57:54	16.269	15.929	15.939	16.618	16.063	16.25	415.42	415.34
00:58:54	16.269	15.929	15.939	16.623	16.063	16.253	415.42	415.34
00:59:54	16.27	15.929	15.94	16.629	16.062	16.254	415.42	415.34
01:00:54	16.27	15.93	15.94	16.625	16.063	16.254	415.42	415.34
01:01:54	16.27	15.929	15.941	16.624	16.063	16.254	415.42	415.34
01:02:54	16.269	15.93	15.941	16.623	16.063	16.253	415.42	415.34
01:03:54	16.27	15.928	15.941	16.623	16.063	16.253	415.42	415.34
01:04:54	16.27	15.929	15.941	16.619	16.061	16.25	415.42	415.34
01:05:54	16.27	15.928	15.94	16.621	16.062	16.249	415.42	415.34
01:06:54	16.27	15.928	15.941	16.621	16.061	16.248	415.42	415.34
01:07:54	16.27	15.928	15.941	16.618	16.061	16.247	415.42	415.34
01:08:54	16.271	15.928	15.942	16.621	16.061	16.249	415.42	415.34
01:09:54	16.27	15.927	15.944	16.63	16.059	16.248	415.42	415.34
01:10:54	16.269	15.925	15.944	16.63	16.057	16.251	415.42	415.34
01:11:54	16.27	15.925	15.944	16.634	16.054	16.253	415.42	415.34
01:12:54	16.27	15.924	15.947	16.647	16.053	16.253	415.42	415.34
01:13:54	16.27	15.924	15.952	16.692	16.056	16.253	415.42	415.34
01:14:54	16.27	15.924	15.955	16.697	16.058	16.249	415.42	415.34
01:15:54	16.27	15.924	15.956	16.686	16.058	16.249	415.42	415.34
01:16:54	16.27	15.925	15.957	16.695	16.057	16.25	415.42	415.34
01:17:54	16.27	15.927	15.961	16.739	16.057	16.25	415.42	415.34
01:18:54	16.27	15.927	15.965	16.816	16.057	16.253	415.42	415.34
01:19:54	16.27	15.927	15.973	16.834	16.06	16.253	415.42	415.34
01:20:54	16.271	15.928	15.979	16.807	16.06	16.252	415.42	415.34
01:21:54	16.272	15.927	15.982	16.774	16.061	16.252	415.42	415.34
01:22:54	16.271	15.928	15.981	16.749	16.062	16.254	415.42	415.34
01:23:54	16.27	15.929	15.981	16.729	16.063	16.252	415.42	415.34
01:24:54	16.27	15.93	15.98	16.725	16.063	16.253	415.42	415.34
01:25:54	16.271	15.93	15.979	16.72	16.063	16.255	415.42	415.34
01:26:54	16.271	15.93	15.979	16.714	16.062	16.255	415.42	415.34
01:27:54	16.271	15.93	15.979	16.704	16.063	16.255	415.42	415.34
01:28:54	16.271	15.928	15.978	16.697	16.062	16.255	415.42	415.34
01:29:54	16.271	15.928	15.977	16.692	16.062	16.254	415.42	415.34
01:30:54	16.271	15.927	15.977	16.686	16.062	16.255	415.42	415.34
01:31:54	16.271	15.927	15.976	16.684	16.062	16.254	415.42	415.34
01:32:54	16.272	15.929	15.973	16.661	16.063	16.254	415.42	415.34
01:33:54	16.272	15.929	15.971	16.658	16.063	16.252	415.42	415.34
01:34:54	16.272	15.93	15.973	16.659	16.064	16.252	415.42	415.34
01:35:54	16.271	15.93	15.971	16.657	16.064	16.252	415.42	415.34
01:36:54	16.271	15.93	15.973	16.663	16.064	16.251	415.42	415.34
01:37:54	16.272	15.932	15.97	16.665	16.064	16.253	415.42	415.34
01:38:54	16.272	15.931	15.971	16.666	16.064	16.252	415.42	415.34
01:39:54	16.272	15.931	15.971	16.671	16.064	16.252	415.42	415.34
01:40:54	16.272	15.932	15.973	16.67	16.064	16.252	415.42	415.34
01:41:54	16.272	15.932	15.973	16.67	16.063	16.255	415.42	415.34
01:42:54	16.272	15.93	15.972	16.668	16.062	16.254	415.42	415.34
01:43:54	16.273	15.93	15.974	16.676	16.06	16.253	415.42	415.34
01:44:54	16.272	15.929	15.973	16.679	16.061	16.252	415.42	415.34
01:45:54	16.273	15.928	15.975	16.677	16.06	16.252	415.42	415.34
01:46:54	16.272	15.928	15.976	16.674	16.063	16.253	415.42	415.34
01:47:54	16.272	15.928	15.977	16.678	16.061	16.252	415.42	415.34
01:48:54	16.273	15.928	15.977	16.687	16.062	16.252	415.42	415.34
01:49:54	16.273	15.928	15.979	16.698	16.063	16.253	415.42	415.34
01:50:54	16.272	15.929	15.98	16.7	16.064	16.253	415.42	415.34
01:51:54	16.273	15.929	15.981	16.7	16.066	16.253	415.42	415.34
01:52:54	16.273	15.931	0.0	16.702	16.065	16.252	415.42	415.34
01:53:54	16.273	15.932	15.982	16.7	16.065	16.254	415.42	415.34
01:54:54	16.273	15.933	15.985	16.706	16.065	16.253	415.42	415.34
01:55:54	16.273	15.934	15.991	16.713	16.066	16.253	415.42	415.34
01:56:54	16.274	15.934	15.991	16.705	16.066	16.252	415.42	415.34
01:57:54	16.273	15.935	15.991	16.706	16.065	16.253	415.42	415.34
01:58:54	16.275	15.935	15.99	16.699	16.065	16.253	415.42	415.34
01:59:54	16.274	15.935	15.986	16.683	16.065	16.253	415.42	415.34
02:00:54	16.274	15.935	15.975	16.661	16.063	16.253	415.42	415.34
02:01:54	16.275	15.934	15.975	16.661	16.063	16.252	415.42	415.34
02:02:54	16.274	15.934	15.976	16.662	16.063	16.252	415.42	415.34
02:03:54	16.274	15.933	15.975	16.663	16.063	16.251	415.42	415.34
02:04:54	16.273	15.934	15.974	16.662	16.065	16.254	415.42	415.34
02:05:54	16.274	15.934	15.977	16.668	16.065	16.253	415.42	415.34
02:06:54	16.274	15.935	15.979	16.673	16.067	16.251	415.42	415.34
02:07:54	16.274	15.934	15.978	16.667	16.064	16.25	415.42	415.34
02:08:54	16.274	15.934	15.974	16.655	16.065	16.253	415.42	415.34
02:09:54	16.275	15.935	15.972	16.643	16.066	16.253	415.42	415.34
02:10:54	16.276	15.935	15.97	16.634	16.066	16.253	415.42	415.34
02:11:54	16.276	15.936	15.967	16.628	16.066	16.252	415.42	415.34
02:12:54	16.275	15.935	15.965	16.621	16.065	16.253	415.42	415.34
02:13:54	16.275	15.935	15.966	16.621	16.066	16.253	415.42	415.34
02:14:54	16.275	15.936	15.956	16.598	16.064	16.252	415.42	415.34
02:15:54	16.276	15.935	15.951	16.597	16.065	16.254	415.42	415.34
02:16:54	16.277	15.936	15.951	16.596	16.065	16.253	415.42	415.34
02:17:54	16.276	15.936	15.95	16.596	16.067	16.255	415.42	415.34
02:18:54	16.276	15.937	15.952	16.597	16.068	16.253	415.42	415.34
02:19:54	16.277	15.938	15.951	16.598	16.068	16.255	415.42	415.34
02:20:54	16.277	15.937	15.95	16.6	16.067	16.254	415.42	415.34
02:21:54	16.277	15.939	15.951	16.599	16.067	16.253	415.42	415.34
02:22:54	16.277	15.94	15.949	16.599	16.068	16.255	415.42	415.34
02:23:54	16.277	15.939	15.948	16.594	16.069	16.253	415.42	415.34
02:24:54	16.277	15.938	15.919	16.574	16.068	16.253	415.42	415.34
02:25:54	16.278	15.938	15.906	16.535	16.069	16.255	415.42	415.34
02:26:54	16.278	15.939	15.907	16.532	16.071	16.255	415.42	415.34
02:27:54	16.277	15.94	15.91	16.536	16.071	16.256	415.42	415.34
02:28:54	16.279	15.94	15.911	16.544	16.073	16.255	415.42	415.34
02:29:54	16.278	15.941	15.917	16.564	16.073	16.253	415.42	415.34
02:30:54	16.277	15.942	15.923	16.578	16.073	16.255	415.42	415.34
02:31:54	16.277	15.942	15.927	16.593	16.073	16.254	415.42	415.34
02:32:54	16.279	15.944	15.929	16.607	16.073	16.254	415.42	415.34
02:33:54	16.279	15.943	15.931	16.615	0.0	16.255	415.42	415.34
02:34:54	16.279	15.944	15.934	16.62	16.072	16.254	415.42	415.34
02:35:54	16.279	15.944	15.934	16.63	16.073	16.255	415.42	415.34
02:36:54	16.28	15.943	15.935	16.63	16.073	16.256	415.42	415.34
02:37:54	16.279	15.943	15.934	16.627	16.073	16.256	415.42	415.34
02:38:54	16.278	15.942	15.937	16.623	16.075	16.256	415.42	415.34
02:39:54	16.279	15.944	15.939	16.62	16.074	16.255	415.42	415.34
02:40:54	16.279	15.944	15.939	16.626	16.074	16.256	415.42	415.34
02:41:54	16.281	15.944	15.941	0.0	16.072	16.256	415.42	415.34
02:42:54	16.281	15.945	15.943	16.639	16.072	16.255	415.42	415.34
02:43:54	16.28	15.946	15.944	16.64	16.075	16.256	415.42	415.34
02:44:54	16.281	15.947	15.944	16.647	16.075	16.256	415.42	415.34
02:45:54	16.28	15.948	15.947	16.647	16.075	16.255	415.42	415.34
02:46:54	16.281	15.949	15.946	16.644	16.075	16.255	415.42	415.34
02:47:54	16.28	15.947	15.948	16.649	16.075	16.256	415.42	415.34
02:48:54	16.28	15.947	15.949	16.644	16.072	16.255	415.42	415.34
02:49:54	16.281	15.948	15.949	16.643	16.073	16.255	415.42	415.34
02:50:54	16.281	15.947	15.949	16.642	16.073	16.256	415.42	415.34
02:51:54	16.281	15.945	15.951	16.649	16.072	16.257	415.42	415.34
02:52:54	16.281	15.944	15.953	16.651	16.072	16.256	415.42	415.34
02:53:54	16.281	15.944	15.952	16.656	16.07	16.256	415.42	415.34
02:54:54	16.281	15.943	15.954	16.658	16.069	16.256	415.42	415.34
02:55:54	16.281	15.943	15.954	16.657	16.069	16.255	415.42	415.34
02:56:54	16.282	15.943	15.957	16.658	16.069	16.255	415.42	415.34
02:57:54	16.281	15.943	15.956	16.66	16.07	16.256	415.42	415.34
02:58:54	16.282	15.943	15.958	16.655	16.069	16.254	415.42	415.34
02:59:54	16.281	15.941	15.96	16.655	16.068	16.258	415.42	415.34
03:00:54	16.282	15.941	15.96	16.657	16.068	16.256	415.42	415.34
03:01:54	16.282	15.939	15.96	16.654	16.068	16.255	415.42	415.34
03:02:54	16.282	15.937	15.959	16.658	16.065	16.254	415.42	415.34
03:03:54	16.281	15.937	15.962	16.662	16.067	16.256	415.42	415.34
03:04:54	16.281	15.938	15.962	16.663	16.066	16.254	415.42	415.34
03:05:54	16.282	15.937	15.964	16.662	16.065	16.256	415.42	415.34
03:06:54	16.282	15.936	15.964	16.657	16.065	16.255	415.42	415.34
03:07:54	16.282	15.936	15.964	16.658	16.063	16.256	415.42	415.34
03:08:54	16.282	15.936	15.966	16.666	16.063	16.256	415.42	415.34
03:09:54	16.282	15.937	15.967	16.667	16.062	16.255	415.42	415.34
03:10:54	16.281	15.934	15.967	16.658	16.063	16.254	415.42	415.34
03:11:54	16.281	15.934	15.968	16.66	16.061	16.253	415.42	415.34
03:12:54	16.281	15.934	15.97	16.657	16.06	16.252	415.42	415.34
03:13:54	16.281	15.935	15.968	16.663	16.061	16.254	415.42	415.34
03:14:54	16.281	15.934	15.968	16.66	16.061	16.253	415.42	415.34
03:15:54	16.282	15.934	15.969	16.66	16.059	16.252	415.42	415.34
03:16:54	16.281	15.933	15.97	16.661	16.06	16.253	415.42	415.34
03:17:54	16.282	15.935	15.971	16.661	16.058	16.253	415.42	415.34
03:18:54	16.281	15.933	15.973	16.662	16.058	16.255	415.42	415.34
03:19:54	16.282	15.932	15.972	16.663	16.058	16.251	415.42	415.34
03:20:54	16.283	15.932	15.972	16.671	16.059	16.251	415.42	415.34
03:21:54	16.282	15.933	15.974	16.669	16.059	16.254	415.42	415.34
03:22:54	16.282	15.933	15.972	16.665	16.058	16.252	415.42	415.34
03:23:54	16.282	15.933	15.973	16.667	16.058	16.252	415.42	415.34
03:24:54	16.282	15.933	15.975	16.67	16.057	16.253	415.42	415.34
03:25:54	16.281	15.932	15.974	16.668	16.054	16.252	415.42	415.34
03:26:54	16.281	15.933	15.975	16.668	16.055	16.253	415.42	415.34
03:27:54	16.282	15.931	15.974	16.669	16.056	16.252	415.42	415.34
03:28:54	16.282	15.932	15.975	16.67	16.055	16.252	415.42	415.34
03:29:54	16.281	15.932	15.976	16.672	16.057	16.252	415.42	415.34
03:30:54	16.281	15.932	15.978	16.674	16.058	16.252	415.42	415.34
03:31:54	16.281	15.933	15.978	16.681	16.059	16.253	415.42	415.34
03:32:54	16.283	15.935	15.978	16.69	16.058	16.253	415.42	415.34
03:33:54	16.282	15.935	15.98	16.689	16.057	16.254	415.42	415.34
03:34:54	16.282	15.933	15.98	16.687	16.057	16.253	415.42	415.34
03:35:54	16.28	15.933	15.979	16.681	16.056	16.252	415.42	415.34
03:36:54	16.281	15.933	15.98	16.685	16.057	16.253	415.42	415.34
03:37:54	16.282	15.934	15.982	16.686	16.058	16.253	415.42	415.34
03:38:54	16.281	15.934	15.983	16.691	16.059	16.253	415.42	415.34
03:39:54	16.283	15.934	15.983	16.694	16.06	16.253	415.42	415.34
03:40:54	16.282	15.933	15.985	16.695	16.06	16.255	415.42	415.34
03:41:54	16.282	15.936	15.986	16.696	16.059	16.256	415.42	415.34
03:42:54	16.282	15.936	15.988	16.699	16.058	16.254	415.42	415.34
03:43:54	16.282	15.935	15.988	16.708	16.059	16.252	415.42	415.34
03:44:54	16.281	15.936	15.989	16.711	16.06	16.251	415.42	415.34
03:45:54	16.282	15.936	15.989	16.713	16.062	16.252	415.42	415.34
03:46:54	16.282	15.937	15.991	16.715	16.062	16.253	415.42	415.34
03:47:54	16.282	15.937	15.991	16.71	16.063	16.254	415.42	415.34
03:48:54	16.283	15.937	15.991	16.704	16.06	16.252	415.42	415.34
03:49:54	16.282	15.937	15.992	16.705	16.061	16.253	415.42	415.34
03:50:54	16.283	15.937	15.994	16.704	16.061	16.251	415.42	415.34
03:51:54	16.282	15.937	15.993	16.703	16.06	16.252	415.42	415.34
03:52:54	16.282	15.936	15.994	16.705	16.059	16.253	415.42	415.34
03:53:54	16.283	15.936	15.997	16.709	16.06	16.252	415.42	415.34
03:54:54	16.283	15.935	15.997	16.712	16.059	16.252	415.42	415.34
03:55:54	16.283	15.935	15.998	16.711	16.058	16.254	415.42	415.34
03:56:54	16.283	15.935	15.999	16.716	16.059	16.254	415.42	415.34
03:57:54	16.283	15.936	15.999	16.716	16.059	16.253	415.42	415.34
03:58:57	16.283	15.936	15.999	16.716	16.061	16.252	415.42	415.34
03:59:54	16.283	15.936	16.0	16.715	16.059	16.252	415.42	415.34
04:00:54	16.284	15.936	15.999	16.711	16.058	16.253	415.42	415.34
04:01:54	16.283	15.935	16.001	16.71	16.057	16.252	415.42	415.34
04:02:54	16.283	15.934	16.001	16.712	16.058	16.252	415.42	415.34
04:03:54	16.283	15.935	16.002	16.712	16.058	16.251	415.42	415.34
04:04:54	16.283	15.935	16.004	16.718	16.059	16.253	415.42	415.34
04:05:54	16.284	15.935	16.004	16.715	16.06	16.253	415.42	415.34
04:06:54	16.284	15.935	16.004	16.718	16.062	16.253	415.42	415.34
04:07:54	16.284	15.937	16.004	16.718	16.063	16.253	415.42	415.34
04:08:54	16.284	15.939	16.006	16.716	16.061	16.255	415.42	415.34
04:09:54	16.285	15.939	16.005	16.715	16.061	16.253	415.42	415.34
04:10:54	16.284	15.937	16.006	16.711	16.06	16.253	415.42	415.34
04:11:54	16.284	15.937	16.007	16.708	16.061	16.253	415.42	415.34
04:12:54	16.284	15.937	16.007	16.71	16.062	16.253	415.42	415.34
04:13:54	16.284	15.937	16.006	16.7	16.06	16.251	415.42	415.34
04:14:54	16.284	15.937	16.006	16.698	16.06	16.255	415.42	415.34
04:15:54	16.284	15.939	16.007	16.695	16.06	16.253	415.42	415.34
04:16:54	16.284	15.937	16.007	16.698	16.062	16.255	415.42	415.34
04:17:54	16.284	15.939	16.006	16.696	16.063	16.256	415.42	415.34
04:18:56	16.285	15.941	16.008	16.701	16.064	16.256	415.42	415.34
04:19:54	16.286	15.941	16.006	16.7	16.063	16.254	415.42	415.34
04:20:54	16.285	15.94	16.006	16.693	16.064	16.254	415.42	415.34
04:21:54	16.284	15.941	16.005	16.683	16.064	16.253	415.42	415.34
04:22:54	16.285	15.94	16.005	16.679	16.064	16.254	415.42	415.34
04:23:54	16.286	15.94	16.006	16.671	16.065	16.256	415.42	415.34
04:24:54	16.286	15.941	16.005	16.67	16.066	16.256	415.42	415.34
04:25:54	16.287	15.943	16.004	16.661	16.064	16.252	415.42	415.34
04:26:54	16.286	15.943	16.001	16.66	16.066	16.25	415.42	415.34
04:27:54	16.285	15.944	16.0	16.663	16.064	16.253	415.42	415.34
04:28:54	16.286	15.943	15.998	16.658	16.064	16.253	415.42	415.34
04:29:54	16.286	15.943	15.999	16.66	16.062	16.251	415.42	415.34
04:30:54	16.286	15.943	16.0	16.656	16.063	16.252	415.42	415.34
04:31:54	16.285	15.943	16.0	16.652	16.062	16.254	415.42	415.34
04:32:54	16.287	15.943	15.999	16.65	16.064	16.253	415.42	415.34
04:33:54	16.286	15.945	15.997	16.647	16.065	16.255	415.42	415.34
04:34:54	16.287	15.945	15.997	16.642	16.065	16.255	415.42	415.34
04:35:54	16.287	15.944	15.995	16.64	16.065	16.254	415.42	415.34
04:36:54	16.288	15.943	15.993	16.636	16.065	16.255	415.42	415.34
04:37:54	16.287	15.943	15.993	16.644	16.062	16.253	415.42	415.34
04:38:54	16.287	15.942	15.992	16.64	16.063	16.255	415.42	415.34
04:39:54	16.287	15.941	15.992	16.632	16.063	16.252	415.42	415.34
04:40:54	16.288	15.941	15.991	16.629	16.063	16.254	415.42	415.34
04:41:54	16.287	15.942	15.99	16.63	16.062	16.253	415.42	415.34
04:42:54	16.288	15.942	15.989	16.628	16.064	16.256	415.42	415.34
04:43:54	16.287	15.942	15.989	16.622	16.063	16.256	415.42	415.34
04:44:54	16.287	15.943	15.989	16.62	16.062	16.255	415.42	415.34
04:45:54	16.287	15.945	15.986	16.622	16.063	16.256	415.42	415.34
04:46:54	16.288	15.943	15.985	16.62	16.064	16.255	415.42	415.34
04:47:54	16.288	15.944	15.985	16.619	16.064	16.255	415.42	415.34
04:48:54	16.289	15.944	15.986	16.614	16.063	16.256	415.42	415.34
04:49:54	16.288	15.944	15.985	16.617	16.063	16.256	415.42	415.34
04:50:54	16.289	15.942	15.984	16.623	16.064	16.254	415.42	415.34
04:51:54	16.288	15.942	15.983	16.626	16.062	16.255	415.42	415.34
04:52:54	16.289	15.943	15.983	16.625	16.062	16.253	415.42	415.34
04:53:54	16.288	15.944	15.982	16.628	16.064	16.254	415.42	415.34
04:54:54	16.289	15.944	15.981	16.626	16.063	16.254	415.42	415.34
04:55:54	16.288	15.944	15.98	16.63	16.063	16.255	415.42	415.34
04:56:54	16.29	15.944	15.979	16.626	16.063	16.256	415.42	415.34
04:57:54	16.288	15.943	15.979	16.623	16.063	16.253	415.42	415.34
04:58:54	16.288	15.941	15.98	16.621	16.061	16.252	415.42	415.34
04:59:54	16.289	15.941	15.981	16.621	16.061	16.253	415.42	415.34
05:00:54	16.29	15.939	15.979	16.623	16.06	16.255	415.42	415.34
05:01:54	16.289	15.94	15.977	16.62	16.057	16.255	415.42	415.34
05:02:54	16.29	15.937	15.978	16.619	16.057	16.252	415.42	415.34
05:03:54	16.289	15.937	15.978	16.624	16.055	16.254	415.42	415.34
05:04:54	16.289	15.936	15.98	16.623	16.053	16.254	415.42	415.34
05:05:54	16.29	15.936	15.979	16.624	16.054	16.254	415.42	415.34
05:06:54	16.29	15.935	15.977	16.628	16.055	16.25	415.42	415.34
05:07:54	16.29	15.934	15.976	16.63	16.055	16.251	415.42	415.34
05:08:54	16.29	15.934	15.975	16.627	16.054	16.254	415.42	415.34
05:09:54	16.29	15.934	15.975	16.625	16.051	16.255	415.42	415.34
05:10:54	16.29	15.933	15.975	16.623	16.052	16.255	415.42	415.34
05:11:54	16.289	15.933	15.974	16.618	16.052	16.253	415.42	415.34
05:12:54	16.288	15.935	15.973	16.62	16.052	16.253	415.42	415.34
05:13:54	16.289	15.936	15.974	16.623	16.052	16.252	415.42	415.34
05:14:54	16.289	15.937	15.973	16.618	16.052	16.251	415.42	415.34
05:15:54	16.29	15.937	15.971	16.619	16.055	16.251	415.42	415.34
05:16:54	16.29	15.939	15.973	16.62	16.056	16.25	415.42	415.34
05:17:54	16.288	15.938	15.972	16.629	16.054	16.252	415.42	415.34
05:18:54	16.289	15.938	15.973	16.63	16.055	16.251	415.42	415.34
05:19:54	16.289	15.938	15.974	16.63	16.056	16.252	415.42	415.34
05:20:54	16.289	15.939	15.973	16.63	16.057	16.252	415.42	415.34
05:21:54	16.289	15.939	15.972	16.606	16.057	16.254	415.42	415.34
05:22:54	16.289	15.939	15.965	16.577	16.057	16.254	415.42	415.34
05:23:54	16.289	15.938	15.958	16.548	16.055	16.253	415.42	415.34
05:24:54	16.29	15.938	15.954	16.528	16.053	16.254	415.42	415.34
05:25:54	16.289	15.938	15.95	16.503	16.052	16.253	415.42	415.34
05:26:54	16.29	15.938	15.945	16.488	16.053	16.254	415.42	415.34
05:27:54	16.289	15.938	15.942	16.474	16.055	16.253	415.42	415.34
05:28:54	16.29	15.938	15.936	16.462	16.055	16.253	415.42	415.34
05:29:54	16.29	15.939	15.931	16.456	16.054	16.25	415.42	415.34
05:30:54	16.291	15.939	15.925	16.443	16.054	16.253	415.42	415.34
05:31:54	16.29	15.938	15.921	16.433	16.053	16.253	415.42	415.34
05:32:54	16.29	15.939	15.917	16.424	16.051	16.251	415.42	415.34
05:33:54	16.289	15.94	15.911	16.418	16.051	16.253	415.42	415.34
05:34:54	16.29	15.94	15.908	16.411	16.052	16.253	415.42	415.34
05:35:54	16.29	15.938	15.903	16.41	16.051	16.251	415.42	415.34
05:36:54	16.29	15.939	15.899	16.402	16.052	16.252	415.42	415.34
05:37:54	16.291	15.938	15.895	16.396	16.055	16.253	415.42	415.34
05:38:54	16.291	15.94	15.892	16.392	16.054	16.253	415.42	415.34
05:39:54	16.291	15.94	15.887	16.383	16.055	16.255	415.42	415.34
05:40:54	16.291	15.94	15.884	16.38	16.053	16.253	415.42	415.34
05:41:54	16.291	15.941	15.878	16.39	16.054	16.253	415.42	415.34
05:42:54	16.29	15.942	15.87	16.389	16.054	16.256	415.42	415.34
05:43:54	16.29	15.942	15.873	16.427	16.053	16.252	415.42	415.34
05:44:54	16.29	15.941	15.877	16.432	16.053	16.253	415.42	415.34
05:45:54	16.29	15.942	15.879	16.45	16.052	16.252	415.42	415.34
05:46:54	16.291	15.942	15.885	16.576	16.054	16.252	415.42	415.34
05:47:54	16.291	15.941	15.893	16.768	16.054	16.25	415.42	415.34
05:48:54	16.291	15.942	15.9	16.935	16.055	16.253	415.42	415.34
05:49:54	16.291	15.941	15.907	17.045	16.054	16.254	415.42	415.34
05:50:54	16.291	15.942	15.917	16.889	16.054	16.253	415.42	415.34
05:51:54	16.291	15.941	15.916	16.731	16.055	16.255	415.42	415.34
05:52:54	16.291	15.941	15.907	16.637	16.055	16.256	415.42	415.34
05:53:54	16.291	15.942	15.899	16.569	16.054	16.252	415.42	415.34
05:54:54	16.291	15.941	15.899	16.529	16.055	16.252	415.42	415.34
05:55:54	16.291	15.94	15.896	16.496	16.056	16.253	415.42	415.34
05:56:54	16.291	15.941	15.889	16.467	16.055	16.255	415.42	415.34
05:57:54	16.291	15.941	15.886	16.444	16.056	16.254	415.42	415.34
05:58:54	16.292	15.943	15.881	16.426	16.056	16.255	415.42	415.34
05:59:54	16.291	15.944	15.875	16.406	16.054	16.253	415.42	415.34
06:00:54	16.292	15.943	15.871	16.39	16.055	16.253	415.42	415.34
06:01:54	16.292	15.943	15.867	16.371	16.056	16.253	415.42	415.34
06:02:54	16.291	15.943	15.863	16.361	16.055	16.253	415.42	415.34
06:03:54	16.29	15.943	15.858	16.355	16.057	16.254	415.42	415.34
06:04:54	16.291	15.944	15.853	16.35	16.057	16.254	415.42	415.34
06:05:54	16.292	15.943	15.85	16.349	16.057	16.254	415.42	415.34
06:06:54	16.291	15.941	15.84	16.344	16.057	16.252	415.42	415.34
06:07:54	16.292	15.941	15.835	16.342	16.056	16.252	415.42	415.34
06:08:54	16.291	15.941	15.83	16.341	16.055	16.254	415.42	415.34
06:09:54	16.29	15.941	15.835	16.344	16.054	16.252	415.42	415.34
06:10:54	16.292	15.94	15.834	16.34	16.054	16.255	415.42	415.34
06:11:54	16.291	15.94	15.835	16.341	16.055	16.255	415.42	415.34
06:12:54	16.291	15.939	15.841	16.432	16.053	16.254	415.42	415.34
06:13:54	16.291	15.939	15.846	16.536	16.053	16.253	415.42	415.34
06:14:54	16.292	15.939	15.855	16.709	16.053	16.253	415.42	415.34
06:15:54	16.291	15.939	15.863	16.677	16.052	16.253	415.42	415.34
06:16:54	16.291	15.939	15.86	16.592	16.052	16.252	415.42	415.34
06:17:54	16.291	15.937	15.854	16.516	16.052	16.249	415.42	415.34
06:18:54	16.291	15.937	15.847	16.474	16.052	16.248	415.42	415.34
06:19:55	16.289	15.937	15.841	16.437	16.052	16.25	415.42	415.34
06:20:54	16.29	15.936	15.839	16.404	16.052	16.251	415.42	415.34
06:21:54	16.291	15.938	15.838	16.375	16.052	16.25	415.42	415.34
06:22:55	16.29	15.937	15.832	16.357	16.051	16.252	415.42	415.34
06:23:54	0.0	15.936	15.829	16.342	16.051	16.252	415.42	415.34
06:24:54	16.289	15.935	15.823	16.332	16.05	16.252	415.42	415.34
06:25:54	16.29	15.934	15.822	16.324	16.049	16.252	415.42	415.34
06:26:54	16.291	15.934	15.819	16.318	16.048	16.252	415.42	415.34
06:27:54	16.291	15.934	15.813	16.308	16.047	16.251	415.42	415.34
06:28:54	16.29	15.933	15.809	16.296	16.046	16.25	415.42	415.34
06:29:54	16.291	15.932	15.802	16.304	16.048	16.249	415.42	415.34
06:30:54	16.29	15.931	15.797	16.308	16.049	16.251	415.42	415.34
06:31:54	16.29	15.93	15.8	16.309	16.046	16.247	415.42	415.34
06:32:54	16.29	15.932	15.802	16.318	16.047	16.247	415.42	415.34
06:33:54	16.289	15.93	15.799	16.31	16.046	16.246	415.42	415.34
06:34:54	16.289	15.929	15.801	16.306	16.047	16.246	415.42	415.34
06:35:54	16.29	15.93	15.8	16.315	16.048	16.245	415.42	415.34
06:36:54	16.289	15.928	15.805	16.363	16.046	16.248	415.42	415.34
06:37:54	16.288	15.927	15.81	16.413	16.045	16.249	415.42	415.34
06:38:54	16.288	15.927	15.815	16.433	16.044	16.249	415.42	415.34
06:39:54	16.288	15.926	15.809	16.417	16.045	16.25	415.42	415.34
06:40:54	16.289	15.927	15.804	16.391	16.046	16.25	415.42	415.34
06:41:54	16.288	15.927	15.799	16.375	16.043	16.25	415.42	415.34
06:42:54	16.288	15.925	15.796	16.357	16.042	16.25	415.42	415.34
06:43:54	16.287	15.925	15.795	16.345	16.044	16.249	415.42	415.34
06:44:54	16.286	15.924	15.797	16.333	16.043	16.245	415.42	415.34
06:45:54	16.286	15.924	15.791	16.323	16.042	16.248	415.42	415.34
06:46:54	16.286	15.924	15.779	16.287	16.042	16.248	415.42	415.34
06:47:54	16.287	15.923	15.773	16.273	16.045	16.25	415.42	415.34
06:48:54	16.286	15.924	15.769	16.273	16.045	16.249	415.42	415.34
06:49:54	16.287	15.924	15.763	16.276	16.046	16.25	415.42	415.34
06:50:54	16.286	15.925	15.766	16.277	16.044	16.25	415.42	415.34
06:51:54	16.286	15.924	15.775	16.303	16.041	16.249	415.42	415.34
06:52:54	16.286	15.924	15.778	16.305	16.045	16.245	415.42	415.34
06:53:54	16.286	15.924	15.777	16.297	16.044	16.246	415.42	415.34
06:54:54	16.285	15.924	15.776	16.288	16.044	16.246	415.42	415.34
06:55:54	16.285	15.923	15.772	16.281	16.043	16.246	415.42	415.34
06:56:54	16.286	15.922	15.769	16.277	16.044	16.247	415.42	415.34
06:57:54	16.285	15.922	15.762	16.255	16.043	16.247	415.42	415.34
06:58:54	16.285	15.921	15.736	16.275	16.043	16.247	415.42	415.34
06:59:54	16.285	15.92	15.747	16.42	16.045	16.249	415.42	415.34
07:00:54	16.285	15.92	15.789	16.69	16.041	16.249	415.42	415.34
07:01:54	16.284	15.92	15.815	16.852	16.041	16.246	415.42	415.34
07:02:54	16.284	15.92	15.823	16.954	16.043	16.248	415.42	415.34
07:03:54	16.283	15.919	15.858	16.888	16.042	16.246	415.42	415.34
07:04:54	16.284	15.918	15.887	16.74	16.044	16.248	415.42	415.34
07:05:54	16.284	15.918	15.883	16.716	16.044	16.248	415.42	415.34
07:06:54	16.283	15.918	15.883	16.748	16.046	16.248	415.42	415.34
07:07:54	16.283	15.917	15.874	16.735	16.044	16.248	415.42	415.34
07:08:54	16.283	15.917	15.847	16.613	16.043	16.247	415.42	415.34
07:09:54	16.283	15.916	15.828	16.514	16.04	16.249	415.42	415.34
07:10:54	16.282	15.916	15.811	16.453	16.038	16.248	415.42	415.34
07:11:54	16.281	15.916	15.805	16.409	16.04	16.245	415.42	415.34
07:12:54	16.28	15.917	15.803	16.385	16.042	16.248	415.42	415.34
07:13:54	16.28	15.916	15.803	16.364	16.041	16.247	415.42	415.34
07:14:54	16.281	15.916	15.798	16.339	16.039	16.244	415.42	415.34
07:15:54	16.281	15.916	15.794	16.33	16.039	16.245	415.42	415.34
07:16:54	16.281	15.916	15.784	16.322	16.039	16.244	415.42	415.34
07:17:54	16.28	15.915	15.777	16.313	16.04	16.243	415.42	415.34
07:18:54	16.28	15.915	15.777	16.324	16.042	16.244	415.42	415.34
07:19:54	16.279	15.914	15.778	16.322	16.041	16.247	415.42	415.34
07:20:54	16.28	15.914	15.778	16.313	16.04	16.248	415.42	415.34
07:21:54	16.279	15.913	15.778	16.316	16.038	16.243	415.42	415.34
07:22:54	16.28	15.913	15.786	16.356	16.038	16.244	415.42	415.34
07:23:54	16.278	15.909	15.79	16.394	16.038	16.242	415.42	415.34
07:24:54	16.278	15.908	15.795	16.426	16.037	16.242	415.42	415.34
07:25:54	16.278	15.907	15.79	16.412	16.039	16.244	415.42	415.34
07:26:54	16.278	15.905	15.783	16.396	16.038	16.246	415.42	415.34
07:27:54	16.277	15.905	15.778	16.375	16.037	16.245	415.42	415.34
07:28:54	16.277	15.906	15.773	16.347	16.038	16.245	415.42	415.34
07:29:54	16.276	15.904	15.774	16.334	16.036	16.245	415.42	415.34
07:30:54	16.275	15.904	15.774	16.321	16.035	16.242	415.42	415.34
07:31:54	16.276	15.904	15.768	16.307	16.037	16.241	415.42	415.34
07:32:54	16.275	15.904	15.765	16.297	16.037	16.243	415.42	415.34
07:33:54	16.275	15.904	15.762	16.286	16.035	16.243	415.42	415.34
07:34:54	16.275	15.904	15.76	16.272	16.035	16.245	415.42	415.34
07:35:54	16.275	15.904	15.757	16.262	16.033	16.246	415.42	415.34
07:36:54	16.273	15.902	15.752	16.261	16.031	16.24	415.42	415.34
07:37:54	16.274	15.901	15.748	16.256	16.033	16.244	415.42	415.34
07:38:54	16.273	15.902	15.741	16.256	16.034	16.242	415.42	415.34
07:39:54	16.274	15.901	15.741	16.251	16.035	16.242	415.42	415.34
07:40:54	16.273	15.902	15.744	16.273	16.036	16.244	415.42	415.34
07:41:54	16.273	15.9	15.749	16.283	16.036	16.241	415.42	415.34
07:42:54	16.272	15.9	15.737	16.262	16.035	16.242	415.42	415.34
07:43:54	16.272	15.901	15.721	16.247	16.037	16.242	415.42	415.34
07:44:54	16.271	15.9	15.719	16.333	16.035	16.242	415.42	415.34
07:45:54	16.271	15.9	15.731	16.363	16.035	16.242	415.42	415.34
07:46:54	16.271	15.9	15.74	16.429	16.036	16.241	415.42	415.34
07:47:54	16.271	15.901	15.768	16.543	16.036	16.242	415.42	415.34
07:48:54	16.271	15.9	15.784	16.648	16.03	16.242	415.42	415.34
07:49:54	16.27	15.899	15.821	16.76	16.032	16.243	415.42	415.34
07:50:54	16.27	15.898	15.847	16.696	16.032	16.243	415.42	415.34
07:51:54	16.269	15.898	15.862	16.9	16.035	16.246	415.42	415.34
07:52:54	16.269	15.897	15.845	16.922	16.035	16.244	415.42	415.34
07:53:54	16.268	15.898	15.841	17.161	16.035	16.243	415.42	415.34
07:54:54	16.267	15.897	15.844	17.109	16.034	16.244	415.42	415.34
07:55:54	16.267	15.897	15.828	16.854	16.036	16.242	415.42	415.34
07:56:54	16.267	15.896	15.812	16.674	16.035	16.245	415.42	415.34
07:57:54	16.267	15.894	15.801	16.552	16.034	16.242	415.42	415.34
07:58:54	16.265	15.893	15.788	16.476	16.029	16.239	415.42	415.34
07:59:54	16.265	15.892	15.783	16.421	16.027	16.238	415.42	415.34
08:00:54	16.265	15.89	15.78	16.386	16.03	16.241	415.42	415.34
08:01:54	16.266	15.889	15.779	16.359	16.03	16.239	415.42	415.34
08:02:54	16.265	15.888	15.772	16.335	16.032	16.239	415.42	415.34
08:03:54	16.265	15.888	15.767	16.317	16.027	16.24	415.42	415.34
08:04:54	16.264	15.887	15.761	16.302	16.026	16.239	415.42	415.34
08:05:54	16.265	15.888	15.764	16.29	16.028	16.24	415.42	415.34
08:06:54	16.265	15.888	15.758	16.277	16.029	16.239	415.42	415.34
08:07:54	16.263	15.887	15.753	16.267	16.029	16.239	415.42	415.34
08:08:54	16.264	15.887	15.744	16.268	16.029	16.238	415.42	415.34
08:09:54	16.262	15.887	15.741	16.276	16.03	16.238	415.42	415.34
08:10:54	16.262	15.886	15.741	16.272	16.03	16.238	415.42	415.34
08:11:54	16.261	15.886	15.746	16.283	16.029	16.238	415.42	415.34
08:12:54	16.261	15.885	15.744	16.28	16.029	16.237	415.42	415.34
08:13:54	16.262	15.883	15.746	16.275	16.029	16.237	415.42	415.34
08:14:54	16.261	15.883	15.749	16.297	16.029	16.24	415.42	415.34
08:15:54	16.261	15.881	15.754	16.364	16.028	16.239	415.42	415.34
08:16:54	16.261	15.881	15.759	16.394	16.027	16.238	415.42	415.34
08:17:55	16.259	15.88	15.763	16.437	16.028	16.237	415.42	415.34
08:18:54	0.0	15.879	15.759	16.401	16.024	16.232	415.42	415.34
08:19:54	16.259	15.877	15.751	16.368	16.022	16.229	415.42	415.34
08:20:54	16.258	15.877	15.746	16.336	16.02	16.231	415.42	415.34
08:21:54	16.257	15.875	15.746	16.315	16.024	16.231	415.42	415.34
08:22:54	16.256	15.875	15.749	16.308	16.025	16.232	415.42	415.34
08:23:54	16.256	15.876	15.747	16.295	16.026	16.232	415.42	415.34
08:24:54	16.257	15.874	15.747	16.283	16.027	16.231	415.42	415.34
08:25:54	16.257	15.875	15.741	16.267	16.025	16.238	415.42	415.34
08:26:54	16.257	15.874	15.736	16.254	16.027	16.238	415.42	415.34
08:27:54	16.257	15.872	15.735	16.244	16.024	16.232	415.42	415.34
08:28:54	16.257	15.872	15.728	16.243	16.021	16.236	415.42	415.34
08:29:54	16.254	15.872	15.724	16.252	16.019	16.238	415.42	415.34
08:30:54	16.254	15.871	15.72	16.25	16.023	16.239	415.42	415.34
08:31:54	16.253	15.873	15.726	16.259	16.024	16.242	415.42	415.34
08:32:54	16.254	15.873	15.724	16.251	16.024	16.239	415.42	415.34
08:33:54	16.253	15.871	15.725	16.247	16.025	16.237	415.42	415.34
08:34:54	16.254	15.871	15.724	16.254	16.025	16.238	415.42	415.34
08:35:54	16.254	15.87	15.733	16.312	16.023	16.233	415.42	415.34
08:36:54	16.252	15.87	15.742	16.38	16.024	16.237	415.42	415.34
08:37:54	16.252	15.869	15.745	16.389	16.025	16.234	415.42	415.34
08:38:54	16.25	15.868	15.741	16.36	16.025	16.229	415.42	415.34
08:39:54	16.25	15.868	15.736	16.328	16.023	16.231	415.42	415.34
08:40:54	16.251	15.869	15.728	16.308	16.021	16.233	415.42	415.34
08:41:54	16.25	15.868	15.724	16.283	16.022	16.234	415.42	415.34
08:42:54	16.249	15.868	15.726	16.279	16.019	16.232	415.42	415.34
08:43:54	16.248	15.867	15.726	16.266	16.017	16.236	415.42	415.34
08:44:54	16.248	15.865	15.723	16.248	16.017	16.236	415.42	415.34
08:45:54	16.249	15.865	15.721	16.237	16.02	16.235	415.42	415.34
08:46:54	16.248	15.867	15.718	16.236	16.018	16.233	415.42	415.34
08:47:54	16.248	15.865	15.711	16.251	16.021	16.233	415.42	415.34
08:48:54	16.247	15.865	15.704	16.254	16.022	16.232	415.42	415.34
08:49:54	16.247	15.866	15.708	16.24	16.021	16.234	415.42	415.34
08:50:54	16.247	15.866	15.706	16.228	16.02	16.23	415.42	415.34
08:51:54	16.247	15.865	15.707	16.219	16.022	16.233	415.42	415.34
08:52:54	16.246	15.864	15.706	16.218	16.022	16.236	415.42	415.34
08:53:54	16.245	15.864	15.706	16.218	16.022	16.231	415.42	415.34
08:54:54	16.245	15.864	15.713	16.301	16.022	16.235	415.42	415.34
08:55:54	16.244	15.862	15.72	16.424	16.022	16.235	415.42	415.34
08:56:54	16.244	15.862	15.751	16.677	16.022	16.234	415.42	415.34
08:57:54	16.245	15.862	15.784	16.73	16.022	16.233	415.42	415.34
08:58:54	16.244	15.862	15.789	16.761	16.021	16.235	415.42	415.34
08:59:54	16.244	15.86	15.819	16.79	16.018	16.232	415.42	415.34
09:00:54	16.243	15.86	15.809	16.824	16.016	16.231	415.42	415.34
09:01:54	16.242	15.858	15.804	16.724	16.018	16.229	415.42	415.34
09:02:54	16.241	15.858	15.782	16.583	16.019	16.233	415.42	415.34
09:03:54	16.241	15.857	15.763	16.472	16.017	16.229	415.42	415.34
09:04:54	16.241	15.856	15.751	16.409	16.017	16.223	415.42	415.34
09:05:54	16.241	15.855	15.744	16.367	16.016	16.22	415.42	415.34
09:06:54	16.237	15.855	15.741	16.335	16.018	16.224	415.42	415.34
09:07:55	16.238	15.854	15.738	16.305	16.019	16.228	415.42	415.34
09:08:54	0.0	15.853	15.736	16.286	16.019	16.227	415.42	415.34
09:09:54	16.238	15.852	15.731	16.27	16.019	16.225	415.42	415.34
09:10:54	16.237	15.851	15.726	16.256	16.018	16.225	415.42	415.34
09:11:54	16.237	15.85	15.721	16.241	16.017	16.22	415.42	415.34
09:12:54	16.237	15.849	15.717	16.233	16.018	16.226	415.42	415.34
09:13:54	16.237	15.851	15.71	16.231	16.02	16.23	415.42	415.34
09:14:54	16.237	0.0	15.704	16.23	16.02	16.231	415.42	415.34
09:15:54	16.237	15.852	15.71	16.241	16.018	16.231	415.42	415.34
09:16:54	16.235	15.85	15.714	16.248	16.018	16.228	415.42	415.34
09:17:54	16.235	15.849	15.712	16.238	16.015	16.224	415.42	415.34
09:18:54	16.235	15.848	15.713	16.23	16.011	16.223	415.42	415.34
09:19:54	16.235	15.846	15.708	16.226	16.013	16.228	415.42	415.34
09:20:54	16.234	15.846	15.712	16.248	16.014	16.226	415.42	415.34
09:21:54	16.234	15.845	15.717	16.374	16.013	16.224	415.42	415.34
09:22:54	16.233	15.845	15.739	16.529	16.014	16.221	415.42	415.34
09:23:54	16.232	15.843	15.748	16.482	16.013	16.224	415.42	415.34
09:24:54	16.232	15.842	15.752	16.52	16.013	16.222	415.42	415.34
09:25:54	16.232	15.842	15.778	16.657	16.015	16.22	415.42	415.34
09:26:54	16.231	15.842	15.781	16.714	16.015	16.229	415.42	415.34
09:27:54	16.23	15.842	15.789	16.863	16.015	16.226	415.42	415.34
09:28:54	16.229	15.841	15.829	16.974	16.015	16.23	415.42	415.34
09:29:54	16.23	15.842	15.821	16.979	16.014	16.232	415.42	415.34
09:30:54	16.229	15.84	15.818	17.008	16.015	16.23	415.42	415.34
09:31:54	16.228	15.839	15.807	16.888	16.012	16.228	415.42	415.34
09:32:54	16.228	15.84	15.79	16.688	16.011	16.227	415.42	415.34
09:33:54	16.227	15.84	15.777	16.554	16.012	16.227	415.42	415.34
09:34:54	16.226	15.838	15.76	16.474	16.011	16.221	415.42	415.34
09:35:54	16.225	15.838	15.752	16.402	16.009	16.224	415.42	415.34
09:36:54	16.225	15.837	15.753	16.363	16.009	16.224	415.42	415.34
09:37:54	16.225	15.837	15.747	16.332	16.01	16.224	415.42	415.34
09:38:54	16.225	15.838	15.743	16.307	16.011	16.227	415.42	415.34
09:39:54	16.225	15.838	15.739	16.289	16.013	16.227	415.42	415.34
09:40:55	16.225	15.838	15.736	16.268	16.011	16.226	415.42	415.34
09:41:54	16.225	15.838	15.731	16.258	16.011	16.228	415.42	415.34
09:42:54	16.224	15.837	15.727	16.247	16.011	16.23	415.42	415.34
09:43:54	16.223	15.838	15.719	16.239	16.013	16.232	415.42	415.34
09:44:54	16.224	15.837	15.715	16.244	16.015	16.232	415.42	415.34
09:45:54	16.223	15.837	15.71	16.238	16.012	16.226	415.42	415.34
09:46:54	16.222	15.837	15.714	16.237	16.011	16.231	415.42	415.34
09:47:54	16.221	15.837	15.715	16.232	16.011	16.23	415.42	415.34
09:48:54	16.221	15.835	15.714	16.265	16.01	16.227	415.42	415.34
09:49:54	16.221	15.836	15.724	16.373	16.01	16.226	415.42	415.34
09:50:54	16.22	15.835	15.731	16.462	16.01	16.229	415.42	415.34
09:51:54	16.22	15.833	15.738	16.569	16.008	16.226	415.42	415.34
09:52:54	16.218	15.834	15.745	16.624	16.008	16.227	415.42	415.34
09:53:54	16.219	15.832	15.745	16.533	16.008	16.225	415.42	415.34
09:54:54	16.22	15.832	15.74	16.451	16.009	16.224	415.42	415.34
09:55:54	16.218	15.833	15.734	16.389	16.01	16.226	415.42	415.34
09:56:55	16.218	15.833	15.726	16.344	16.011	16.223	415.42	415.34
09:57:54	0.0	15.833	15.727	16.32	16.011	16.221	415.42	415.34
09:58:54	16.216	15.832	15.726	16.297	16.011	16.221	415.42	415.34
09:59:54	16.216	15.832	15.726	16.272	16.01	16.226	415.42	415.34
10:00:54	16.217	15.832	15.721	16.255	16.008	16.221	415.42	415.34
10:01:54	16.215	15.83	15.718	16.241	16.006	16.219	415.42	415.34
10:02:55	16.215	15.83	15.714	16.23	16.007	16.215	415.42	415.34
10:03:55	16.216	15.829	15.707	16.224	16.006	16.217	415.42	415.34
10:04:55	16.214	15.828	15.696	16.223	16.009	16.221	415.42	415.34
10:05:55	16.214	15.826	15.696	16.215	16.012	16.224	415.42	415.34
10:06:55	16.213	15.828	15.701	16.232	16.01	16.224	415.42	415.34
10:07:55	16.214	15.828	15.703	16.232	16.012	16.222	415.42	415.34
10:08:55	16.213	15.828	15.703	16.233	16.012	16.222	415.42	415.34
10:09:55	16.213	15.829	15.71	16.295	16.013	16.221	415.42	415.34
10:10:55	16.212	15.829	15.716	16.48	16.012	16.219	415.42	415.34
10:11:55	16.212	15.828	15.723	16.57	16.014	16.227	415.42	415.34
10:12:55	16.212	15.826	15.729	16.56	16.012	16.225	415.42	415.34
10:13:55	16.212	15.826	15.73	16.479	16.009	16.221	415.42	415.34
10:14:55	16.212	15.824	15.726	16.406	16.012	16.224	415.42	415.34
10:15:55	16.21	15.824	15.72	16.355	16.009	16.224	415.42	415.34
10:16:55	16.211	15.822	15.715	16.321	16.009	16.225	415.42	415.34
10:17:55	16.209	15.823	15.716	16.292	16.009	16.224	415.42	415.34
10:18:55	16.209	15.824	15.717	16.274	16.01	16.224	415.42	415.34
10:19:55	16.209	15.824	15.713	16.257	16.011	16.227	415.42	415.34
10:20:55	16.209	15.823	15.712	16.245	16.011	16.22	415.42	415.34
10:21:55	16.208	15.823	15.707	16.231	16.012	16.223	415.42	415.34
10:22:55	16.208	15.823	15.703	16.219	16.011	16.226	415.42	415.34
10:23:55	16.208	15.822	15.7	16.21	16.009	16.225	415.42	415.34
10:24:55	16.208	15.823	15.691	16.208	16.008	16.22	415.42	415.34
10:25:55	16.207	15.821	15.684	16.212	16.007	16.218	415.42	415.34
10:26:55	16.206	15.821	15.69	16.215	16.009	16.219	415.42	415.34
10:27:55	16.207	15.82	15.691	16.224	16.009	16.222	415.42	415.34
10:28:55	16.206	15.819	15.691	16.217	16.01	16.224	415.42	415.34
10:29:55	16.205	15.819	15.688	16.205	16.008	16.222	415.42	415.34
10:30:55	16.205	15.819	15.688	16.201	16.005	16.22	415.42	415.34
10:31:55	16.203	15.818	15.694	16.213	16.005	16.218	415.42	415.34
10:32:55	16.204	15.817	15.7	16.42	16.007	16.215	415.42	415.34
10:33:55	16.204	15.817	15.702	16.802	16.008	16.218	415.42	415.34
10:34:55	16.204	15.816	15.704	16.949	16.009	16.218	415.42	415.34
10:35:55	16.203	15.814	15.713	16.839	16.008	16.216	415.42	415.34
10:36:55	16.202	15.813	15.76	16.806	16.009	16.216	415.42	415.34
10:37:55	16.203	15.812	15.756	16.658	16.006	16.22	415.42	415.34
10:38:55	16.202	15.811	15.741	16.529	16.007	16.221	415.42	415.34
10:39:55	16.201	15.81	15.731	16.442	16.007	16.22	415.42	415.34
10:40:55	16.199	15.81	15.72	16.378	16.007	16.222	415.42	415.34
10:41:55	16.2	15.809	15.715	16.328	16.007	16.225	415.42	415.34
10:42:55	16.199	15.809	15.716	16.297	16.006	16.229	415.42	415.34
10:43:55	16.199	15.81	15.711	16.273	16.004	16.227	415.42	415.34
10:44:55	16.2	15.81	15.706	16.249	16.007	16.224	415.42	415.34
10:45:55	16.199	15.81	15.705	16.239	16.007	16.225	415.42	415.34
10:46:55	16.199	15.809	15.702	16.223	16.006	16.222	415.42	415.34
10:47:55	16.198	15.809	15.695	16.218	16.008	16.225	415.42	415.34
10:48:55	16.199	15.809	15.689	16.218	16.008	16.221	415.42	415.34
10:49:55	16.197	15.809	15.686	16.213	16.01	16.221	415.42	415.34
10:50:55	16.197	15.808	15.694	16.235	16.008	16.22	415.42	415.34
10:51:55	16.196	15.809	15.695	16.244	16.006	16.215	415.42	415.34
10:52:55	16.195	15.806	15.695	16.237	16.005	16.219	415.42	415.34
10:53:55	16.196	15.807	15.693	16.222	16.006	16.216	415.42	415.34
10:54:55	16.196	15.807	15.69	16.208	16.007	16.222	415.42	415.34
10:55:55	16.195	15.806	15.687	16.2	16.008	16.222	415.42	415.34
10:56:55	16.195	15.807	15.679	16.184	16.005	16.224	415.42	415.34
10:57:55	16.194	15.806	15.663	16.16	16.005	16.226	415.42	415.34
10:58:55	16.194	15.807	15.645	16.164	16.006	16.223	415.42	415.34
10:59:55	16.194	15.806	15.647	16.224	16.007	16.221	415.42	415.34
11:00:55	16.193	15.805	15.663	16.329	16.005	16.222	415.42	415.34
11:01:55	16.192	15.805	15.684	16.471	16.005	16.221	415.42	415.34
11:02:55	16.193	15.806	15.711	16.559	16.004	16.222	415.42	415.34
11:03:55	16.192	15.808	15.737	16.807	16.006	16.221	415.42	415.34
11:04:55	16.192	15.806	15.752	16.751	16.007	16.218	415.42	415.34
11:05:55	16.192	15.806	15.766	16.623	16.007	16.221	415.42	415.34
11:06:55	16.191	15.806	15.782	16.593	16.01	16.224	415.42	415.34
11:07:55	16.19	15.808	15.796	16.634	16.009	16.222	415.42	415.34
11:08:55	16.189	15.809	15.773	16.716	16.009	16.22	415.42	415.34
11:09:55	16.189	15.809	15.764	16.908	16.009	16.22	415.42	415.34
11:10:55	16.189	15.809	15.825	16.898	16.011	16.217	415.42	415.34
11:11:55	16.188	15.809	15.876	16.955	16.011	16.217	415.42	415.34
11:12:55	16.189	15.809	15.877	17.014	16.011	16.222	415.42	415.34
11:13:55	16.189	15.81	15.863	17.023	16.011	16.223	415.42	415.34
11:14:55	16.188	15.809	15.825	16.861	16.011	16.222	415.42	415.34
11:15:55	16.187	15.807	15.798	16.675	16.01	16.222	415.42	415.34
11:16:55	16.187	15.807	15.774	16.544	16.01	16.222	415.42	415.34
11:17:55	16.186	15.807	15.757	16.455	16.009	16.221	415.42	415.34
11:18:55	16.186	15.805	15.747	16.387	16.009	16.22	415.42	415.34
11:19:55	16.185	15.804	15.745	16.354	16.008	16.222	415.42	415.34
11:20:55	16.186	15.802	15.738	16.323	16.008	16.219	415.42	415.34
11:21:55	16.185	15.801	15.734	16.294	16.008	16.219	415.42	415.34
11:22:55	16.185	15.802	15.728	16.27	16.009	16.219	415.42	415.34
11:23:55	16.184	15.8	15.723	16.251	16.009	16.216	415.42	415.34
11:24:55	16.184	15.8	15.719	16.233	16.009	16.213	415.42	415.34
11:25:55	16.183	15.798	15.715	16.219	16.007	16.216	415.42	415.34
11:26:55	16.184	15.797	15.705	16.217	16.008	16.213	415.42	415.34
11:27:55	16.184	15.797	15.698	16.216	16.007	16.216	415.42	415.34
11:28:55	16.182	15.797	15.699	16.218	16.008	16.218	415.42	415.34
11:29:55	16.183	15.797	15.702	16.22	16.007	16.216	415.42	415.34
11:30:55	16.182	15.797	15.701	16.215	16.009	16.216	415.42	415.34
11:31:55	16.182	15.797	15.698	16.206	16.007	16.218	415.42	415.34
11:32:55	16.182	15.797	15.699	16.21	16.005	16.222	415.42	415.34
11:33:55	16.182	15.797	15.704	16.238	16.006	16.22	415.42	415.34
11:34:55	16.18	15.796	15.707	16.273	16.008	16.215	415.42	415.34
11:35:55	16.181	15.797	15.715	16.421	16.006	16.216	415.42	415.34
11:36:55	16.181	15.796	15.764	16.564	16.007	16.219	415.42	415.34
11:37:55	16.179	15.797	15.783	16.842	16.008	16.222	415.42	415.34
11:38:56	16.179	15.798	15.797	16.943	16.009	16.22	415.42	415.34
11:39:55	16.179	15.798	15.829	16.912	16.009	16.222	415.42	415.34
11:40:55	16.179	15.8	15.826	16.775	16.009	16.223	415.42	415.34
11:41:55	16.179	15.799	15.84	16.797	16.009	16.219	415.42	415.34
11:42:55	16.179	15.799	15.811	16.884	16.01	16.219	415.42	415.34
11:43:55	16.177	15.797	15.831	16.957	16.009	16.221	415.42	415.34
11:44:55	16.178	15.797	15.867	16.875	16.011	16.221	415.42	415.34
11:45:55	16.177	15.799	15.855	16.766	16.011	16.22	415.42	415.34
11:46:55	16.177	15.8	15.853	16.717	16.013	16.218	415.42	415.34
11:47:55	16.177	15.801	15.847	16.73	16.013	16.217	415.42	415.34
11:48:55	16.176	15.801	15.854	16.857	16.012	16.221	415.42	415.34
11:49:55	16.177	15.802	15.884	16.894	16.012	16.22	415.42	415.34
11:50:55	16.176	15.801	15.874	16.837	16.013	16.221	415.42	415.34
11:51:55	16.177	15.801	15.857	16.796	16.014	16.221	415.42	415.34
11:52:55	16.176	15.802	15.831	16.671	16.013	16.22	415.42	415.34
11:53:55	16.176	15.8	15.804	16.555	16.013	16.221	415.42	415.34
11:54:55	16.176	15.801	15.784	16.469	16.012	16.221	415.42	415.34
11:55:55	16.175	15.799	15.766	16.403	16.013	16.22	415.42	415.34
11:56:55	16.175	15.798	15.757	16.356	16.013	16.22	415.42	415.34
11:57:55	16.175	15.797	15.752	16.315	16.012	16.222	415.42	415.34
11:58:55	16.173	15.795	15.745	16.283	16.011	16.218	415.42	415.34
11:59:55	16.174	15.794	15.741	16.258	16.011	16.218	415.42	415.34
12:00:55	16.173	15.793	15.733	16.244	16.011	16.22	415.42	415.34
12:01:55	16.174	15.793	15.731	16.23	16.01	16.22	415.42	415.34
12:02:55	16.173	15.792	15.717	16.235	16.011	16.22	415.42	415.34
12:03:55	16.173	15.791	15.708	16.227	16.009	16.217	415.42	415.34
12:04:55	16.173	15.79	15.71	16.218	16.01	16.222	415.42	415.34
12:05:55	16.172	15.79	15.712	16.223	16.009	16.217	415.42	415.34
12:06:55	16.171	15.789	15.71	16.207	16.01	16.219	415.42	415.34
12:07:55	16.171	15.789	15.682	16.178	16.011	16.216	415.42	415.34
12:08:55	16.172	15.79	15.656	16.168	16.007	16.216	415.42	415.34
12:09:55	16.171	15.791	15.664	16.175	16.006	16.219	415.42	415.34
12:10:55	16.171	15.789	15.678	16.334	16.005	16.217	415.42	415.34
12:11:55	16.169	15.789	15.727	16.473	16.005	16.218	415.42	415.34
12:12:55	16.17	15.789	15.75	16.447	16.004	16.221	415.42	415.34
12:13:55	16.171	15.788	15.745	16.437	16.007	16.22	415.42	415.34
12:14:55	16.169	15.787	15.763	16.509	16.006	16.219	415.42	415.34
12:15:55	16.169	15.786	15.767	16.542	16.008	16.22	415.42	415.34
12:16:55	16.169	15.786	15.772	16.671	16.007	16.223	415.42	415.34
12:17:55	16.169	15.787	15.781	16.807	16.009	16.225	415.42	415.34
12:18:55	16.168	15.786	15.791	16.823	16.007	16.221	415.42	415.34
12:19:55	16.168	15.787	15.81	16.887	16.006	16.222	415.42	415.34
12:20:55	16.167	15.787	15.828	17.049	16.005	16.222	415.42	415.34
12:21:55	16.168	15.786	15.804	17.114	16.007	16.217	415.42	415.34
12:22:55	16.168	15.785	15.804	17.357	16.007	16.219	415.42	415.34
12:23:55	16.167	15.785	15.822	17.458	16.008	16.221	415.42	415.34
12:24:55	16.167	15.786	15.825	17.213	16.009	16.218	415.42	415.34
12:25:55	16.166	15.787	15.81	16.895	16.01	16.217	415.42	415.34
12:26:55	16.168	15.787	15.797	16.695	16.009	16.215	415.42	415.34
12:27:55	16.166	15.788	15.784	16.573	16.009	16.219	415.42	415.34
12:28:55	16.166	15.787	15.78	16.499	16.01	16.219	415.42	415.34
12:29:55	16.167	15.788	15.778	16.451	16.009	16.221	415.42	415.34
12:30:55	16.166	15.789	15.77	16.409	16.011	16.224	415.42	415.34
12:31:55	16.165	15.789	15.766	16.378	16.011	16.221	415.42	415.34
12:32:55	16.165	15.789	15.763	16.357	16.012	16.222	415.42	415.34
12:33:55	16.165	15.788	15.76	16.343	16.012	16.218	415.42	415.34
12:34:55	16.166	15.79	15.755	16.327	16.012	16.222	415.42	415.34
12:35:55	16.165	15.789	15.753	16.315	16.012	16.22	415.42	415.34
12:36:55	16.164	15.786	15.748	16.306	16.012	16.219	415.42	415.34
12:37:55	16.164	15.787	15.739	16.299	16.011	16.217	415.42	415.34
12:38:55	16.164	15.789	15.731	16.292	16.011	16.218	415.42	415.34
12:39:55	16.163	15.79	15.732	16.287	16.012	16.219	415.42	415.34
12:40:55	16.163	15.789	15.731	16.277	16.014	16.219	415.42	415.34
12:41:55	16.164	15.789	15.731	16.274	16.011	16.217	415.42	415.34
12:42:55	16.163	15.788	15.731	16.275	16.012	16.217	415.42	415.34
12:43:55	16.163	15.787	15.735	16.287	16.012	16.219	415.42	415.34
12:44:55	16.163	15.787	15.739	16.327	16.013	16.219	415.42	415.34
12:45:55	16.163	15.786	15.742	16.385	16.012	16.219	415.42	415.34
12:46:55	16.162	15.786	15.748	16.533	16.011	16.22	415.42	415.34
12:47:55	16.162	15.784	15.76	16.776	16.01	16.218	415.42	415.34
12:48:55	16.163	15.783	15.774	17.017	16.011	16.218	415.42	415.34
12:49:55	16.161	15.784	15.781	17.065	16.009	16.216	415.42	415.34
12:50:55	16.161	15.784	15.778	16.834	16.011	16.22	415.42	415.34
12:51:55	16.162	15.784	15.77	16.641	16.01	16.215	415.42	415.34
12:52:55	16.162	15.784	15.76	16.513	16.011	16.216	415.42	415.34
12:53:55	16.161	15.784	15.752	16.439	16.01	16.214	415.42	415.34
12:54:55	16.162	15.784	15.745	16.379	16.011	16.216	415.42	415.34
12:55:55	16.161	15.784	15.744	16.355	16.011	16.219	415.42	415.34
12:56:55	16.16	15.785	15.745	16.331	16.012	16.219	415.42	415.34
12:57:55	16.161	15.785	15.742	16.315	16.012	16.216	415.42	415.34
12:58:55	16.161	0.0	15.739	16.299	16.012	16.218	415.42	415.34
12:59:55	16.161	15.786	15.736	16.29	16.013	16.219	415.42	415.34
13:00:55	16.16	15.785	15.73	16.275	16.012	16.218	415.42	415.34
13:01:55	16.16	15.786	15.722	16.266	16.012	16.219	415.42	415.34
13:02:55	16.16	15.784	15.714	16.257	16.011	16.218	415.42	415.34
13:03:55	16.16	15.783	15.716	16.266	16.013	16.216	415.42	415.34
13:04:55	16.16	15.784	15.722	16.284	16.012	16.218	415.42	415.34
13:05:55	16.16	15.784	15.723	16.285	16.012	16.222	415.42	415.34
13:06:55	16.159	15.782	15.726	16.336	16.01	16.222	415.42	415.34
13:07:55	16.158	15.783	15.732	16.404	16.011	16.22	415.42	415.34
13:08:55	16.158	15.782	15.737	16.538	16.012	16.219	415.42	415.34
13:09:55	16.158	15.781	15.744	16.577	16.012	16.219	415.42	415.34
13:10:55	16.158	15.781	15.748	16.534	16.011	16.219	415.42	415.34
13:11:56	16.158	15.782	15.744	16.461	16.01	16.219	415.42	415.34
13:12:55	16.158	15.782	15.736	16.398	16.01	16.217	415.42	415.34
13:13:55	16.158	15.782	15.732	16.355	16.01	16.22	415.42	415.34
13:14:55	16.157	15.779	15.731	16.332	16.011	16.218	415.42	415.34
13:15:55	16.157	15.78	15.732	16.319	16.01	16.217	415.42	415.34
13:16:55	16.157	15.779	15.729	16.307	16.011	16.22	415.42	415.34
13:17:55	16.157	15.78	15.726	16.29	16.006	16.217	415.42	415.34
13:18:55	16.157	15.78	15.714	16.26	16.007	16.217	415.42	415.34
13:19:55	16.157	15.779	15.712	16.244	16.009	16.216	415.42	415.34
13:20:55	16.157	15.78	15.707	16.234	16.008	16.215	415.42	415.34
13:21:55	16.157	15.778	15.699	16.236	16.008	16.219	415.42	415.34
13:22:55	16.155	15.78	15.701	16.243	16.01	16.219	415.42	415.34
13:23:55	16.156	15.78	15.706	16.27	16.008	16.22	415.42	415.34
13:24:55	16.156	15.78	15.709	16.273	16.01	16.22	415.42	415.34
13:25:55	16.156	15.782	15.708	16.264	16.009	16.22	415.42	415.34
13:26:55	16.156	15.781	15.707	16.253	16.012	16.218	415.42	415.34
13:27:55	16.156	15.782	15.703	16.241	16.012	16.221	415.42	415.34
13:28:55	16.156	15.781	15.707	16.23	16.012	16.219	415.42	415.34
13:29:55	16.155	15.78	15.703	16.206	16.01	16.217	415.42	415.34
13:30:55	16.155	15.781	15.692	16.185	16.012	16.217	415.42	415.34
13:31:55	16.156	15.782	15.681	16.168	16.014	16.219	415.42	415.34
13:32:55	16.156	15.783	15.664	16.163	16.015	16.22	415.42	415.34
13:33:55	16.156	15.783	15.657	16.154	16.015	16.221	415.42	415.34
13:34:55	16.155	15.783	15.651	16.143	16.014	16.218	415.42	415.34
13:35:55	16.155	15.782	15.649	16.147	16.015	16.219	415.42	415.34
13:36:55	16.155	15.782	15.645	16.147	16.012	16.219	415.42	415.34
13:37:55	16.155	15.781	15.643	16.143	16.012	16.219	415.42	415.34
13:38:55	16.156	15.781	15.637	16.137	16.013	16.22	415.42	415.34
13:39:55	16.155	15.78	15.624	16.138	16.014	16.218	415.42	415.34
13:40:55	16.154	15.78	15.637	16.154	16.014	16.22	415.42	415.34
13:41:55	16.154	15.78	15.647	16.23	16.014	16.218	415.42	415.34
13:42:55	16.155	15.782	15.662	16.323	16.016	16.22	415.42	415.34
13:43:55	16.153	15.782	15.689	16.443	16.015	16.219	415.42	415.34
13:44:55	16.154	15.781	15.699	16.707	16.016	16.218	415.42	415.34
13:45:55	16.154	15.781	15.712	16.878	16.014	16.217	415.42	415.34
13:46:55	16.154	15.781	15.72	17.073	16.013	16.216	415.42	415.34
13:47:55	16.152	15.781	15.726	17.206	16.017	16.217	415.42	415.34
13:48:55	16.153	15.781	15.741	17.394	16.015	16.218	415.42	415.34
13:49:55	16.153	15.781	15.824	17.223	16.016	16.218	415.42	415.34
13:50:55	16.154	15.78	15.872	17.058	16.017	16.217	415.42	415.34
13:51:55	16.153	15.78	15.847	17.001	16.017	16.219	415.42	415.34
13:52:55	16.153	15.779	15.839	16.962	16.016	16.218	415.42	415.34
13:53:55	16.152	15.78	15.833	17.127	16.016	16.218	415.42	415.34
13:54:55	16.152	15.78	15.806	17.15	16.016	16.219	415.42	415.34
13:55:55	16.151	15.78	15.853	17.001	16.016	16.219	415.42	415.34
13:56:55	16.152	15.779	15.895	17.101	16.018	16.218	415.42	415.34
13:57:55	16.152	15.778	15.853	17.14	16.017	16.219	415.42	415.34
13:58:55	16.152	15.779	15.84	16.924	16.016	16.219	415.42	415.34
13:59:55	16.153	15.779	15.817	16.719	16.019	16.22	415.42	415.34
14:00:55	16.151	15.779	15.795	16.594	16.018	16.218	415.42	415.34
14:01:55	16.153	15.779	15.779	16.512	16.017	16.219	415.42	415.34
14:02:55	16.152	15.78	15.766	16.461	16.016	16.218	415.42	0.0
14:03:55	16.152	15.78	15.763	16.41	16.015	16.219	415.42	415.34
14:04:55	16.152	15.78	15.76	16.367	16.016	16.22	415.42	415.34
14:05:55	16.15	15.779	15.76	16.339	16.016	16.218	415.42	415.34
14:06:55	16.152	15.779	15.755	16.312	16.016	16.217	415.42	415.34
14:07:55	16.15	15.78	15.753	16.296	16.017	16.216	415.42	415.34
14:08:55	16.151	15.779	15.746	16.284	16.018	16.218	415.42	415.34
14:09:55	16.149	15.78	15.742	16.27	16.017	16.217	415.42	415.34
14:10:55	16.151	15.78	15.731	16.26	16.018	16.216	415.42	415.34
14:11:55	16.15	15.78	15.719	16.248	16.018	16.216	415.42	415.34
14:12:55	16.15	15.781	15.712	16.237	16.02	16.216	415.42	415.34
14:13:55	16.15	15.78	15.715	16.237	16.019	16.217	415.42	415.34
14:14:55	16.149	15.781	15.714	16.232	16.018	16.219	415.42	415.34
14:15:55	16.149	15.781	15.712	16.23	16.02	16.22	415.42	415.34
14:16:55	16.148	15.78	15.714	16.23	16.018	16.22	415.42	415.34
14:17:57	16.149	15.779	15.716	16.244	16.018	16.219	415.42	415.34
14:18:55	16.149	15.779	15.715	16.338	16.018	16.217	415.42	415.34
14:19:55	16.149	15.78	15.716	16.49	16.017	16.215	415.42	415.34
14:20:55	16.148	15.78	15.742	16.835	16.019	16.216	415.42	415.34
14:21:55	16.149	15.779	15.753	16.882	16.018	16.218	415.42	415.34
14:22:55	16.148	15.779	15.749	16.71	16.02	16.22	415.42	415.34
14:23:55	16.148	15.781	15.742	16.569	16.021	16.219	415.42	415.34
14:24:55	16.149	15.782	15.741	16.5	16.02	16.22	415.42	415.34
14:25:55	16.147	15.782	15.74	16.461	16.021	16.22	415.42	415.34
14:26:55	16.148	15.782	15.745	16.451	16.023	16.22	415.42	415.34
14:27:55	16.148	15.783	15.749	16.443	16.022	16.221	415.42	415.34
14:28:55	16.147	15.783	15.751	16.446	16.022	16.217	415.42	415.34
14:29:55	16.148	15.784	15.753	16.446	16.024	16.218	415.42	415.34
14:30:55	16.148	15.784	15.757	16.448	16.024	16.218	415.42	415.34
14:31:55	16.147	15.784	15.756	16.449	16.021	16.218	415.42	415.34
14:32:55	16.147	15.783	15.759	16.443	16.021	16.218	415.42	415.34
14:33:55	16.147	15.783	15.76	16.447	16.024	16.217	415.42	415.34
14:34:55	16.148	15.783	15.76	16.45	16.025	16.219	415.42	415.34
14:35:55	16.147	15.782	15.759	16.451	16.022	16.219	415.42	415.34
14:36:55	16.147	15.781	15.762	16.451	16.023	16.22	415.42	415.34
14:37:55	16.147	15.781	15.765	16.45	16.023	16.219	415.42	415.34
14:38:55	16.147	15.781	15.764	16.451	16.024	16.22	415.42	415.34
14:39:55	16.147	15.781	15.765	16.453	16.024	16.219	415.42	415.34
14:40:55	16.147	15.781	15.765	16.455	16.023	16.219	415.42	415.34
14:41:55	16.148	15.781	15.767	16.451	16.022	16.221	415.42	415.34
14:42:55	16.147	15.781	15.767	16.449	16.024	16.222	415.42	415.34
14:43:55	16.147	15.781	15.769	16.456	16.024	16.222	415.42	415.34
14:44:55	16.145	15.781	15.769	16.455	16.024	16.22	415.42	415.34
14:45:55	16.146	15.782	15.771	16.453	16.024	16.219	415.42	415.34
14:46:55	16.146	15.781	15.772	16.456	16.023	16.219	415.42	415.34
14:47:55	16.147	15.781	15.774	16.463	16.024	16.22	415.42	415.34
14:48:55	16.146	15.78	15.775	16.46	16.024	16.218	415.42	415.34
14:49:55	16.147	15.781	15.777	16.474	16.021	16.219	415.42	415.34
14:50:55	16.145	15.78	15.779	16.484	16.022	16.22	415.42	415.34
14:51:55	16.145	15.78	15.78	16.488	16.023	16.221	415.42	415.34
14:52:55	16.145	15.781	15.783	16.48	16.023	16.219	415.42	415.34
14:53:55	16.146	15.78	15.786	16.478	16.025	16.219	415.42	415.34
14:54:55	16.145	15.78	15.786	16.477	16.024	16.221	415.42	415.34
14:55:55	16.146	15.781	15.785	16.472	16.025	16.221	415.42	415.34
14:56:55	16.146	15.781	15.786	16.47	16.026	16.223	415.42	415.34
14:57:55	16.144	15.782	15.787	16.465	16.025	16.218	415.42	415.34
14:58:55	16.146	15.781	15.786	16.465	16.025	16.219	415.42	415.34
14:59:55	16.145	15.781	15.788	16.467	16.024	16.218	415.42	415.34
15:00:55	16.144	15.779	15.788	16.473	16.023	16.219	415.42	415.34
15:01:55	16.144	15.781	15.789	16.473	16.023	16.219	415.42	415.34
15:02:55	16.144	15.777	15.787	16.467	16.022	16.221	415.42	415.34
15:03:55	16.144	15.778	15.788	16.482	16.021	16.22	415.42	415.34
15:04:55	16.146	15.779	15.791	16.485	16.022	16.221	415.42	415.34
15:05:55	16.144	15.778	15.793	16.49	16.021	16.22	415.42	415.34
15:06:55	16.146	15.778	15.795	16.494	16.02	16.219	415.42	415.34
15:07:55	16.145	15.777	15.797	16.501	16.02	16.218	415.42	415.34
15:08:55	16.144	15.777	15.799	16.51	16.02	16.218	415.42	415.34
15:09:55	16.144	15.776	15.801	16.511	16.021	16.22	415.42	415.34
15:10:55	16.145	15.776	15.779	16.493	16.02	16.217	415.42	415.34
15:11:55	16.144	15.774	15.768	16.456	16.019	16.219	415.42	415.34
15:12:55	16.143	15.775	15.761	16.434	16.018	16.218	415.42	415.34
15:13:55	16.145	15.775	15.755	16.425	16.019	16.219	415.42	415.34
15:14:55	16.144	15.775	15.752	16.428	16.017	16.219	415.42	415.34
15:15:55	16.144	15.773	15.747	16.43	16.018	16.219	415.42	415.34
15:16:55	16.143	15.772	15.744	16.425	16.018	16.218	415.42	415.34
15:17:55	16.144	15.773	15.744	16.424	16.017	16.218	415.42	415.34
15:18:55	16.144	15.772	15.741	16.423	16.017	16.219	415.42	415.34
15:19:55	16.143	15.77	15.738	16.431	16.018	16.218	415.42	415.34
15:20:55	16.144	15.771	15.735	16.446	16.016	16.219	415.42	415.34
15:21:55	16.144	15.773	15.734	16.549	16.017	16.217	415.42	415.34
15:22:55	16.143	15.771	15.736	16.696	16.017	16.218	415.42	415.34
15:23:55	16.143	15.771	15.742	16.703	16.016	16.218	415.42	415.34
15:24:55	16.143	15.771	15.746	16.695	16.018	16.219	415.42	415.34
15:25:55	16.143	15.772	15.748	16.643	16.016	16.216	415.42	415.34
15:26:55	16.144	15.77	15.748	16.587	16.016	16.215	415.42	415.34
15:27:55	16.142	15.77	15.748	16.543	16.015	16.213	415.42	415.34
15:28:56	16.143	15.769	15.745	16.521	16.013	16.216	415.42	415.34
15:29:55	16.143	15.77	15.739	16.504	16.014	16.217	415.42	415.34
15:30:55	16.142	15.77	15.732	16.5	16.015	16.217	415.42	415.34
15:31:55	16.142	15.77	15.727	16.49	16.015	16.22	415.42	415.34
15:32:55	16.143	15.773	15.723	16.484	16.014	16.217	415.42	415.34
15:33:55	16.142	15.774	15.728	16.482	16.015	16.217	415.42	415.34
15:34:55	16.142	15.773	15.723	16.468	16.014	16.219	415.42	415.34
15:35:55	16.143	15.774	15.722	16.455	16.016	16.218	415.42	415.34
15:36:55	16.142	15.774	15.715	16.45	16.016	16.218	415.42	415.34
15:37:55	16.142	15.774	15.714	16.446	16.016	16.219	415.42	415.34
15:38:55	16.143	15.775	15.71	16.428	16.015	16.218	415.42	415.34
15:39:55	16.142	15.775	15.71	16.421	16.015	16.219	415.42	415.34
15:40:55	16.142	15.776	15.712	16.428	16.015	16.22	415.42	415.34
15:41:55	16.142	15.775	15.714	16.432	16.016	16.217	415.42	415.34
15:42:55	16.142	15.775	15.72	16.436	16.014	16.218	415.42	415.34
15:43:55	16.143	15.775	15.723	16.453	16.015	16.218	415.42	415.34
15:44:55	16.141	15.776	15.724	16.476	16.015	16.219	415.42	415.34
15:45:55	16.142	15.774	15.728	16.49	16.014	16.219	415.42	415.34
15:46:55	16.142	15.773	15.736	16.536	16.014	16.22	415.42	415.34
15:47:55	16.142	15.771	15.742	16.626	16.014	16.218	415.42	415.34
15:48:55	16.141	15.771	15.749	16.67	16.013	16.218	415.42	415.34
15:49:55	16.141	15.769	15.76	16.659	16.013	16.214	415.42	415.34
15:50:55	16.141	15.769	15.767	16.635	16.013	16.215	415.42	415.34
15:51:55	16.141	15.769	15.773	16.615	16.014	16.217	415.42	415.34
15:52:55	16.141	15.769	15.776	16.602	16.013	16.216	415.42	415.34
15:53:55	16.139	15.769	15.779	16.595	16.012	16.216	415.42	415.34
15:54:55	16.14	15.769	15.781	16.597	16.012	16.214	415.42	415.34
15:55:55	16.14	15.77	15.783	16.593	16.01	16.216	415.42	415.34
15:56:55	16.141	15.771	15.782	16.594	16.01	16.216	415.42	415.34
15:57:55	16.141	15.771	15.784	16.593	16.009	16.216	415.42	415.34
15:58:55	16.14	15.772	15.786	16.588	16.01	16.213	415.42	415.34
15:59:55	16.14	15.771	15.787	16.585	16.009	16.214	415.42	415.34
16:00:55	16.14	15.771	15.789	16.591	16.009	16.217	415.42	415.34
16:01:55	16.14	15.77	15.794	16.591	16.007	16.219	415.42	415.34
16:02:55	16.14	15.771	15.796	16.598	16.008	16.219	415.42	415.34
16:03:55	16.14	15.772	15.796	16.598	16.009	16.218	415.42	415.34
16:04:55	16.139	15.771	15.798	16.593	16.009	16.218	415.42	415.34
16:05:55	16.139	15.771	15.8	16.586	16.009	16.216	415.42	415.34
16:06:55	16.139	15.772	15.803	16.592	16.01	16.218	415.42	415.34
16:07:55	16.139	15.772	15.803	16.596	16.012	16.219	415.42	415.34
16:08:55	16.138	15.772	15.804	16.604	16.011	16.219	415.42	415.34
16:09:55	16.138	15.771	15.808	16.618	16.01	16.219	415.42	415.34
16:10:55	16.139	15.772	15.812	16.613	16.009	16.217	415.42	415.34
16:11:55	16.139	15.772	15.817	16.623	16.011	16.217	415.42	415.34
16:12:55	16.138	15.772	15.826	16.63	16.012	16.217	415.42	415.34
16:13:55	16.138	15.772	15.833	16.634	16.013	16.216	415.42	415.34
16:14:55	16.138	15.773	15.841	16.633	16.013	16.216	415.42	415.34
16:15:55	16.137	15.773	15.837	16.63	16.013	16.22	415.42	415.34
16:16:55	16.137	15.773	15.841	16.64	16.014	16.219	415.42	415.34
16:17:55	16.137	15.773	15.853	16.643	16.014	16.217	415.42	415.34
16:18:55	16.138	15.774	15.861	16.638	16.013	16.217	415.42	415.34
16:19:55	16.137	15.775	15.861	16.64	16.015	16.217	415.42	415.34
16:20:55	16.138	15.775	15.869	16.639	16.015	16.219	415.42	415.34
16:21:55	16.136	15.776	15.868	16.646	16.017	16.218	415.42	415.34
16:22:55	16.138	15.776	15.866	16.647	16.015	16.219	415.42	415.34
16:23:55	16.138	15.777	15.866	16.649	16.015	16.218	415.42	415.34
16:24:55	16.137	15.776	15.866	16.66	16.016	16.219	415.42	415.34
16:25:55	16.137	15.775	15.863	16.653	16.016	16.219	415.42	415.34
16:26:55	16.136	15.776	15.863	16.643	16.016	16.22	415.42	415.34
16:27:55	16.136	15.776	15.863	16.64	16.015	16.218	415.42	415.34
16:28:55	16.137	15.776	15.863	16.634	16.015	16.219	415.42	415.34
16:29:55	16.137	15.777	15.86	16.623	16.017	16.218	415.42	415.34
16:30:55	16.137	15.777	15.859	16.617	16.017	16.219	415.42	415.34
16:31:55	16.136	15.777	15.861	16.618	16.016	16.218	415.42	415.34
16:32:55	16.137	15.777	15.862	16.626	16.018	16.218	415.42	415.34
16:33:55	16.135	15.777	15.864	16.641	16.017	16.216	415.42	415.34
16:34:55	16.136	15.777	15.872	16.649	16.018	16.219	415.42	415.34
16:35:55	16.136	15.779	15.873	16.652	16.016	16.219	415.42	415.34
16:36:55	16.136	15.778	15.874	16.65	16.017	16.218	415.42	415.34
16:37:55	16.136	15.778	15.873	16.649	16.018	16.22	415.42	415.34
16:38:55	16.136	15.778	15.875	16.649	16.018	16.22	415.42	415.34
16:39:55	16.136	15.777	15.877	16.656	16.019	16.219	415.42	415.34
16:40:55	16.137	15.779	15.882	16.666	16.017	16.219	415.42	415.34
16:41:55	16.136	15.777	15.885	16.682	16.019	16.216	415.42	415.34
16:42:55	16.135	15.778	15.885	16.682	16.018	16.219	415.42	415.34
16:43:55	16.137	15.777	15.886	16.676	16.018	16.219	415.42	415.34
16:44:55	16.136	15.777	15.884	16.658	16.017	16.218	415.42	415.34
16:45:55	16.136	15.777	15.872	16.634	16.017	16.219	415.42	415.34
16:46:55	16.135	15.777	15.866	16.602	16.017	16.22	415.42	415.34
16:47:55	16.135	15.777	15.865	16.59	16.017	16.222	415.42	415.34
16:48:55	16.136	15.779	15.862	16.583	16.017	16.221	415.42	415.34
16:49:55	16.136	15.779	15.864	16.584	16.016	16.22	415.42	415.34
16:50:55	16.136	15.778	15.858	16.58	16.018	16.221	415.42	415.34
16:51:55	16.137	15.779	15.853	16.571	16.016	16.22	415.42	415.34
16:52:55	16.136	15.78	15.852	16.572	16.016	16.221	415.42	415.34
16:53:55	16.135	15.778	15.854	16.589	16.018	16.216	415.42	415.34
16:54:55	16.137	15.778	15.853	16.594	16.017	16.217	415.42	415.34
16:55:55	16.137	15.778	15.855	16.592	16.018	16.218	415.42	415.34
16:56:55	16.137	15.779	15.857	16.58	16.019	16.219	415.42	415.34
16:57:55	16.137	15.779	15.86	16.582	16.018	16.219	415.42	415.34
16:58:55	16.136	15.78	15.861	16.573	16.018	16.22	415.42	415.34
16:59:55	16.137	15.78	15.854	16.57	16.018	16.22	415.42	415.34
17:00:55	16.137	15.78	15.851	16.565	16.017	16.223	415.42	415.34
17:01:55	16.137	15.78	15.847	16.559	16.017	16.222	415.42	415.34
17:02:55	16.136	15.78	15.84	16.549	16.017	16.224	415.42	415.34
17:03:55	16.137	15.779	15.836	16.543	16.017	16.221	415.42	415.34
17:04:57	16.137	15.78	15.837	16.537	16.016	16.221	415.42	415.34
17:05:55	16.138	15.779	15.838	16.535	16.017	16.218	415.42	415.34
17:06:55	16.138	15.78	15.84	16.536	16.015	16.219	415.42	415.34
17:07:55	16.138	15.78	15.84	16.536	16.013	16.22	415.42	415.34
17:08:55	16.138	15.78	15.839	16.531	16.014	16.219	415.42	415.34
17:09:55	16.137	15.78	15.842	16.535	16.014	16.219	415.42	415.34
17:10:55	16.137	15.78	15.843	16.542	16.014	16.218	415.42	415.34
17:11:55	16.138	15.779	15.842	16.55	16.015	16.217	415.42	415.34
17:12:55	16.138	15.778	15.844	16.548	16.015	16.218	415.42	415.34
17:13:55	16.138	15.778	15.841	16.538	16.014	16.221	415.42	415.34
17:14:55	16.138	15.778	15.833	16.515	16.015	16.222	415.42	415.34
17:15:55	16.139	15.779	15.816	16.493	16.012	16.222	415.42	415.34
17:16:55	16.138	15.779	15.807	16.482	16.011	16.22	415.42	415.34
17:17:55	16.139	15.779	15.805	16.486	16.013	16.218	415.42	415.34
17:18:55	16.139	15.778	15.812	16.519	16.014	16.217	415.42	415.34
17:19:55	16.139	15.78	15.816	16.536	16.014	16.219	415.42	415.34
17:20:55	16.14	15.779	15.821	16.559	16.016	16.221	415.42	415.34
17:21:55	16.138	15.781	15.826	16.567	16.015	16.22	415.42	415.34
17:22:55	16.139	15.781	15.832	16.574	16.016	16.22	415.42	415.34
17:23:55	16.139	15.781	15.835	16.584	16.016	16.22	415.42	415.34
17:24:55	16.14	15.782	15.84	16.586	16.016	16.222	415.42	415.34
17:25:55	16.139	15.782	15.838	16.589	16.015	16.223	415.42	415.34
17:26:55	16.14	15.781	15.838	16.583	16.013	16.222	415.42	415.34
17:27:55	16.141	15.781	15.84	16.597	16.013	16.221	415.42	415.34
17:28:55	16.14	15.781	15.844	16.608	16.016	16.223	415.42	415.34
17:29:55	16.139	15.783	15.848	16.617	16.016	16.222	415.42	415.34
17:30:55	16.14	15.783	15.851	16.627	16.014	16.224	415.42	415.34
17:31:55	16.14	15.785	15.854	16.639	16.015	16.22	415.42	415.34
17:32:55	16.141	15.784	15.853	16.643	16.015	16.219	415.42	415.34
17:33:55	16.141	15.785	15.855	16.641	16.016	16.224	415.42	415.34
17:34:55	16.141	15.784	15.857	16.64	16.016	16.223	415.42	415.34
17:35:55	16.141	15.785	15.859	16.648	16.017	16.223	415.42	415.34
17:36:55	16.141	15.785	15.863	16.657	16.015	16.223	415.42	415.34
17:37:55	16.142	15.785	15.866	16.657	16.015	16.222	415.42	415.34
17:38:55	16.142	15.785	15.868	16.664	16.015	16.221	415.42	415.34
17:39:55	16.142	15.786	15.868	16.662	16.016	16.225	415.42	415.34
17:40:55	16.141	15.786	15.87	16.652	16.016	16.223	415.42	415.34
17:41:55	16.143	15.786	15.873	16.647	16.015	16.22	415.42	415.34
17:42:55	16.143	15.787	15.874	16.65	16.016	16.221	415.42	415.34
17:43:55	16.142	15.787	15.876	16.662	16.014	16.22	415.42	415.34
17:44:55	16.142	15.787	15.878	16.658	16.014	16.22	415.42	415.34
17:45:55	16.142	15.786	15.877	16.649	16.015	16.22	415.42	415.34
17:46:55	16.141	15.787	15.878	16.646	16.017	16.223	415.42	415.34
17:47:55	16.142	15.786	15.879	16.65	16.017	16.223	415.42	415.34
17:48:55	16.142	15.787	15.88	16.66	16.016	16.226	415.42	415.34
17:49:55	16.142	15.787	15.885	16.665	16.017	16.225	415.42	415.34
17:50:55	16.142	15.787	15.888	16.676	16.014	16.225	415.42	415.34
17:51:55	16.142	15.788	15.891	16.682	16.014	16.223	415.42	415.34
17:52:55	16.142	15.788	15.89	16.668	16.015	16.222	415.42	415.34
17:53:55	16.144	15.788	15.885	16.654	16.014	16.223	415.42	415.34
17:54:55	16.144	15.789	15.885	16.648	16.016	16.222	415.42	415.34
17:55:55	16.144	15.788	15.89	16.658	16.017	16.221	415.42	415.34
17:56:55	16.143	15.787	15.892	16.671	16.016	16.222	415.42	415.34
17:57:55	16.144	15.787	15.896	16.679	16.016	16.221	415.42	415.34
17:58:55	16.143	15.787	15.9	16.692	16.015	16.225	415.42	415.34
17:59:55	16.144	15.787	15.902	16.699	16.016	16.219	415.42	415.34
18:00:55	16.143	15.786	15.904	16.706	16.017	16.221	415.42	415.34
18:01:55	16.143	15.785	15.904	16.704	16.014	16.224	415.42	415.34
18:02:55	16.143	15.786	15.907	16.702	16.016	16.223	415.42	415.34
18:03:55	16.144	15.785	15.902	16.674	16.014	16.225	415.42	415.34
18:04:55	16.144	15.786	15.885	16.63	16.015	16.224	415.42	415.34
18:05:55	16.144	15.787	15.869	16.58	16.017	16.222	415.42	415.34
18:06:55	16.144	15.787	15.859	16.545	16.017	16.223	415.42	415.34
18:07:55	16.145	15.788	15.837	16.515	16.018	16.222	415.42	415.34
18:08:55	16.144	15.789	15.813	16.475	16.016	16.225	415.42	415.34
18:09:55	16.145	15.788	15.804	16.478	16.015	16.221	415.42	415.34
18:10:55	16.145	15.787	15.796	16.482	16.017	16.224	415.42	415.34
18:11:55	16.145	15.788	15.789	16.483	16.016	16.224	415.42	415.34
18:12:55	16.146	15.788	15.783	16.486	16.016	16.225	415.42	415.34
18:13:55	16.146	15.788	15.783	16.49	16.017	16.225	415.42	415.34
18:14:55	16.146	15.789	15.783	16.48	16.016	16.225	415.42	415.34
18:15:55	16.146	15.788	15.78	16.473	16.017	16.222	415.42	415.34
18:16:55	16.146	15.79	15.79	16.461	16.017	16.221	415.42	415.34
18:17:55	16.147	15.79	15.82	16.601	16.018	16.224	415.42	415.34
18:18:55	16.147	15.79	15.841	16.595	16.018	16.223	415.42	415.34
18:19:55	16.146	15.789	15.84	16.626	16.017	16.224	415.42	415.34
18:20:55	16.146	15.789	15.832	16.607	16.016	16.223	415.42	415.34
18:21:55	16.147	15.79	15.818	16.586	16.018	16.224	415.42	415.34
18:22:55	16.145	15.789	15.815	16.679	16.017	16.223	415.42	415.34
18:23:55	16.147	15.789	15.818	16.741	16.018	16.224	415.42	415.34
18:24:55	16.146	15.79	15.827	16.66	16.017	16.224	415.42	415.34
18:25:55	16.146	15.79	15.849	16.635	16.015	16.225	415.42	415.34
18:26:55	16.147	15.791	15.851	16.608	16.016	16.224	415.42	415.34
18:27:55	16.148	15.792	15.883	16.695	16.017	16.224	415.42	415.34
18:28:55	16.148	15.792	15.866	16.791	16.017	16.221	415.42	415.34
18:29:55	16.147	15.791	15.858	16.781	16.016	16.223	415.42	415.34
18:30:55	16.148	15.793	15.864	16.672	16.017	16.221	415.42	415.34
18:31:55	16.149	15.791	15.872	16.604	16.016	16.224	415.42	415.34
18:32:55	16.148	15.791	15.875	16.644	16.013	16.222	415.42	415.34
18:33:55	16.149	15.792	15.881	16.675	16.015	16.221	415.42	415.34
18:34:55	16.148	15.79	15.911	16.921	16.015	16.223	415.42	415.34
18:35:55	16.148	15.791	15.887	16.845	16.016	16.224	415.42	415.34
18:36:55	16.147	15.791	15.868	16.729	16.016	16.222	415.42	415.34
18:37:55	16.148	15.791	15.856	16.661	16.016	16.222	415.42	415.34
18:38:55	16.148	15.792	15.843	16.61	16.016	16.224	415.42	415.34
18:39:55	16.148	15.791	15.84	16.567	16.018	16.222	415.42	415.34
18:40:55	16.148	15.791	15.839	16.548	16.016	16.222	415.42	415.34
18:41:55	16.148	15.791	15.837	16.527	16.015	16.221	415.42	415.34
18:42:55	16.148	15.792	15.834	16.512	16.015	16.222	415.42	415.34
18:43:55	16.149	15.792	15.833	16.499	16.014	16.224	415.42	415.34
18:44:55	16.147	15.792	15.83	16.482	16.015	16.223	415.42	415.34
18:45:55	16.148	15.792	15.829	16.475	16.013	16.222	415.42	415.34
18:46:55	16.148	15.793	15.826	16.463	16.017	16.224	415.42	415.34
18:47:55	16.149	15.794	15.822	16.454	16.014	16.225	415.42	415.34
18:48:55	16.149	15.793	15.818	16.443	16.015	16.225	415.42	415.34
18:49:55	16.149	15.793	15.816	16.439	16.017	16.224	415.42	415.34
18:50:55	16.149	15.792	15.815	16.437	16.016	16.222	415.42	415.34
18:51:55	16.149	15.793	15.813	16.439	16.016	16.221	415.42	415.34
18:52:55	16.149	15.793	15.81	16.438	16.013	16.222	415.42	415.34
18:53:55	16.148	15.794	15.808	16.428	16.015	16.223	415.42	415.34
18:54:55	16.149	15.794	15.81	16.43	16.018	16.226	415.42	415.34
18:55:55	16.149	15.793	15.808	16.423	16.019	16.225	415.42	415.34
18:56:55	16.149	15.794	15.807	16.422	16.015	16.224	415.42	415.34
18:57:55	16.149	15.793	15.807	16.427	16.016	16.224	415.42	415.34
18:58:55	16.149	15.794	15.801	16.436	16.016	16.225	415.42	415.34
18:59:55	16.149	15.793	15.797	16.437	16.018	16.224	415.42	415.34
19:00:55	16.15	15.795	15.802	16.461	16.016	16.223	415.42	415.34
19:01:55	16.15	15.795	15.805	16.471	16.018	16.224	415.42	415.34
19:02:55	16.149	15.794	15.808	16.468	16.018	16.224	415.42	415.34
19:03:55	16.15	15.796	15.807	16.464	16.015	16.225	415.42	415.34
19:04:55	16.149	15.796	15.807	16.454	16.016	16.225	415.42	415.34
19:05:55	16.15	15.795	15.805	16.446	16.017	16.226	415.42	415.34
19:06:55	16.151	15.795	15.804	16.432	16.018	16.224	415.42	415.34
19:07:55	16.149	15.794	15.799	16.425	16.017	16.221	415.42	415.34
19:08:55	16.15	15.795	15.795	16.421	16.016	16.223	415.42	415.34
19:09:55	16.149	15.795	15.788	16.417	16.015	16.222	415.42	415.34
19:10:55	16.15	15.793	15.784	16.416	16.016	16.222	415.42	415.34
19:11:55	16.15	15.794	15.787	16.409	16.017	16.225	415.42	415.34
19:12:55	16.15	15.794	15.788	16.406	16.016	16.224	415.42	415.34
19:13:55	16.15	15.794	15.787	16.404	16.016	16.225	415.42	415.34
19:14:55	16.15	15.794	15.787	16.401	16.015	16.222	415.42	415.34
19:15:55	16.15	15.794	15.787	16.39	16.016	16.225	415.42	415.34
19:16:55	16.15	15.794	15.787	16.384	16.015	16.224	415.42	415.34
19:17:55	16.15	15.793	15.786	16.384	16.017	16.223	415.42	415.34
19:18:55	16.15	15.793	15.778	16.394	16.017	16.222	415.42	415.34
19:19:55	16.149	15.792	15.777	16.393	16.015	16.222	415.42	415.34
19:20:55	16.15	15.793	15.777	16.399	16.013	16.221	415.42	415.34
19:21:55	16.149	15.792	15.778	16.397	16.014	16.223	415.42	415.34
19:22:55	16.15	15.793	15.78	16.394	16.013	16.224	415.42	415.34
19:23:55	16.15	15.792	15.78	16.396	16.012	16.226	415.42	415.34
19:24:55	16.149	15.79	15.781	16.401	16.013	16.22	415.42	415.34
19:25:55	16.149	15.79	15.78	16.4	16.014	16.221	415.42	415.34
19:26:55	16.15	15.791	15.779	16.401	16.013	16.221	415.42	415.34
19:27:55	16.15	15.791	15.775	16.405	16.014	16.224	415.42	415.34
19:28:55	16.15	15.79	15.768	16.404	16.015	16.224	415.42	415.34
19:29:55	16.15	15.792	15.768	16.401	16.015	16.222	415.42	415.34
19:30:55	16.151	15.791	15.766	16.396	16.014	16.219	415.42	415.34
19:31:55	16.15	15.792	15.767	16.382	16.012	16.221	415.42	415.34
19:32:55	16.151	15.791	15.774	16.385	16.014	16.222	415.42	415.34
19:33:55	16.151	15.792	15.773	16.382	16.013	16.221	415.42	415.34
19:34:55	16.15	15.792	15.768	16.387	16.012	16.22	415.42	415.34
19:35:55	16.151	15.791	15.764	16.385	16.011	16.221	415.42	415.34
19:36:55	16.15	15.789	15.769	16.396	16.013	16.223	415.42	415.34
19:37:55	16.149	15.789	15.773	16.393	16.012	16.217	415.42	415.34
19:38:55	16.149	15.789	15.777	16.512	16.013	16.224	415.42	415.34
19:39:55	16.15	15.789	15.786	16.794	16.012	16.223	415.42	415.34
19:40:55	16.15	15.788	15.798	17.015	16.013	16.22	415.42	415.34
19:41:55	16.149	15.787	15.809	17.164	16.011	16.223	415.42	415.34
19:42:55	16.15	15.786	15.815	17.076	16.012	16.223	415.42	415.34
19:43:55	16.15	15.787	15.822	16.901	16.012	16.22	415.42	415.34
19:44:55	16.149	15.786	15.824	16.774	16.014	16.222	415.42	415.34
19:45:55	16.15	15.788	15.822	16.672	16.013	16.215	415.42	415.34
19:46:55	16.15	15.787	15.811	16.588	16.012	16.221	415.42	415.34
19:47:55	16.149	15.786	15.807	16.557	16.01	16.224	415.42	415.34
19:48:55	16.149	15.785	15.807	16.523	16.009	16.222	415.42	415.34
19:49:55	16.15	15.785	15.8	16.499	16.008	16.221	415.42	415.34
19:50:55	16.149	15.785	15.786	16.471	16.007	16.22	415.42	415.34
19:51:55	16.15	15.783	15.775	16.442	16.005	16.223	415.42	415.34
19:52:55	16.149	15.783	15.77	16.424	16.007	16.222	415.42	415.34
19:53:55	16.15	15.783	15.76	16.415	16.009	16.22	415.42	415.34
19:54:55	16.148	15.783	15.746	16.389	16.008	16.222	415.42	415.34
19:55:55	16.149	15.782	15.735	16.371	16.008	16.221	415.42	415.34
19:56:55	16.15	15.783	15.736	16.393	16.008	16.219	415.42	415.34
19:57:55	16.149	15.782	15.735	16.389	16.009	16.215	415.42	415.34
19:58:55	16.149	15.782	15.733	16.377	16.007	16.217	415.42	415.34
19:59:55	16.149	15.782	15.733	16.375	16.006	16.216	415.42	415.34
20:00:55	16.149	15.781	15.728	16.378	16.007	16.213	415.42	415.34
20:01:55	16.149	15.782	15.726	16.376	16.008	16.216	415.42	415.34
20:02:55	16.148	15.782	15.726	16.37	16.006	16.216	415.42	415.34
20:03:55	16.149	15.78	15.717	16.376	16.009	16.212	415.42	415.34
20:04:55	16.149	15.781	15.719	16.387	16.008	16.209	415.42	415.34
20:05:55	16.148	15.781	15.718	16.407	16.008	16.211	415.42	415.34
20:06:55	16.149	15.779	15.74	16.411	16.01	16.215	415.42	415.34
20:07:55	16.148	15.777	15.754	16.413	16.012	16.217	415.42	415.34
20:08:55	16.147	15.777	15.754	16.407	16.007	16.22	415.42	415.34
20:09:55	16.149	15.779	15.757	16.394	16.01	16.221	415.42	415.34
20:10:55	16.148	15.779	15.739	16.386	16.008	16.216	415.42	415.34
20:11:55	16.147	15.778	15.744	16.372	16.005	16.216	415.42	415.34
20:12:55	16.148	15.778	15.74	16.368	16.006	16.216	415.42	415.34
20:13:55	16.148	15.778	15.74	16.373	16.007	16.214	415.42	415.34
20:14:55	16.148	15.777	15.752	16.381	16.006	16.218	415.42	415.34
20:15:55	16.147	15.776	15.742	16.386	16.003	16.214	415.42	415.34
20:16:55	16.147	15.776	15.749	16.402	16.006	16.209	415.42	415.34
20:17:55	16.147	15.775	15.755	16.474	16.006	16.209	415.42	415.34
20:18:57	16.147	15.776	15.781	17.012	16.006	16.211	415.42	415.34
20:19:55	16.148	15.776	15.796	17.612	16.006	16.215	415.42	415.34
20:20:55	16.147	15.777	15.89	17.793	16.005	16.217	415.42	415.34
20:21:55	16.147	15.777	15.971	17.891	16.004	16.213	415.42	415.34
20:22:55	16.148	15.777	15.951	17.574	16.005	16.213	415.42	415.34
20:23:55	16.147	15.778	15.908	17.196	16.002	16.214	415.42	415.34
20:24:55	16.147	15.779	15.875	16.978	16.004	16.219	415.42	415.34
20:25:55	16.146	15.778	15.853	16.813	16.005	16.217	415.42	415.34
20:26:55	16.146	15.777	15.836	16.727	16.001	16.216	415.42	415.34
20:27:55	16.147	15.777	15.831	16.691	16.006	16.216	415.42	415.34
20:28:55	16.146	15.776	15.828	16.638	16.006	16.21	415.42	415.34
20:29:55	16.146	15.775	15.819	16.594	16.006	16.213	415.42	415.34
20:30:55	16.146	15.774	15.814	16.578	16.005	16.213	415.42	415.34
20:31:55	16.145	15.774	15.813	16.569	16.006	16.216	415.42	415.34
20:32:55	16.147	15.776	15.813	16.554	16.001	16.218	415.42	415.34
20:33:55	16.147	15.776	15.805	16.534	16.004	16.213	415.42	415.34
20:34:55	16.146	15.774	15.8	16.511	16.0	16.213	415.42	415.34
20:35:55	16.146	15.774	15.799	16.481	16.002	16.214	415.42	415.34
20:36:55	16.146	15.773	15.789	16.461	16.002	16.216	415.42	415.34
20:37:55	16.145	15.774	15.782	16.453	16.005	16.22	415.42	415.34
20:38:55	16.145	15.774	15.787	16.452	16.006	16.219	415.42	415.34
20:39:55	16.146	15.775	15.795	16.468	16.004	16.219	415.42	415.34
20:40:55	16.146	15.776	15.768	16.483	16.003	16.216	415.42	415.34
20:41:55	16.145	15.777	15.773	16.497	16.003	16.219	415.42	415.34
20:42:56	16.146	15.778	15.774	16.476	16.005	16.216	415.42	415.34
20:43:55	16.146	15.777	15.776	16.551	16.003	16.214	415.42	415.34
20:44:55	16.145	15.776	15.784	16.741	16.003	16.212	415.42	415.34
20:45:57	16.144	15.777	15.793	16.953	16.004	16.215	415.42	415.34
20:46:55	16.145	15.776	15.808	17.058	16.004	16.216	415.42	415.34
20:47:55	16.144	15.776	15.818	17.249	16.002	16.213	415.42	415.34
20:48:55	16.145	15.776	15.85	17.216	16.003	16.21	415.42	415.34
20:49:55	16.144	15.774	15.882	17.129	16.006	0.0	415.42	415.34
20:50:55	16.143	15.775	15.885	17.084	16.005	16.218	415.42	415.34
20:51:55	16.143	15.774	15.899	17.063	16.002	16.22	415.42	415.34
20:52:55	16.143	15.775	15.889	17.013	16.0	16.217	415.42	415.34
20:53:55	16.144	15.776	15.882	16.912	16.003	16.217	415.42	415.34
20:54:55	16.144	15.776	15.881	16.846	16.006	16.215	415.42	415.34
20:55:55	16.143	15.775	15.881	16.809	16.005	16.214	415.42	415.34
20:56:55	16.144	15.777	15.881	16.773	16.007	16.218	415.42	415.34
20:57:55	16.143	15.777	15.882	16.743	16.006	16.219	415.42	415.34
20:58:55	16.143	15.777	15.88	16.709	16.008	16.218	415.42	415.34
20:59:55	16.144	15.778	15.873	16.694	16.007	16.219	415.42	415.34
21:00:55	16.144	15.779	15.866	16.663	16.003	16.22	415.42	415.34
21:01:55	16.145	15.779	15.855	16.624	16.005	16.22	415.42	415.34
21:02:55	16.143	15.779	15.851	16.61	16.006	16.217	415.42	415.34
21:03:55	16.143	15.779	15.847	16.618	16.008	16.218	415.42	415.34
21:04:55	16.143	15.779	15.849	16.612	16.007	16.22	415.42	415.34
21:05:55	16.144	15.779	15.849	16.614	16.006	16.219	415.42	415.34
21:06:55	16.143	15.779	15.846	16.608	16.007	16.221	415.42	415.34
21:07:55	16.143	15.779	15.845	16.598	16.008	16.221	415.42	415.34
21:08:55	16.143	15.78	15.847	16.599	16.007	16.22	415.42	415.34
21:09:55	16.143	15.779	15.851	16.591	16.008	16.217	415.42	415.34
21:10:55	16.144	15.779	15.852	16.597	16.006	16.216	415.42	415.34
21:11:55	16.144	15.78	15.849	16.596	16.007	16.216	415.42	415.34
21:12:55	16.144	15.779	15.849	16.584	16.008	16.218	415.42	415.34
21:13:55	16.143	15.78	15.846	16.563	16.005	16.219	415.42	415.34
21:14:55	16.143	15.779	15.837	16.543	16.007	16.218	415.42	415.34
21:15:55	16.142	15.778	15.825	16.53	16.002	16.218	415.42	415.34
21:16:55	16.144	15.78	15.829	16.553	16.005	16.215	415.42	415.34
21:17:55	16.144	15.778	15.83	16.578	16.007	16.216	415.42	415.34
21:18:55	16.143	15.78	15.829	16.577	16.007	16.214	415.42	415.34
21:19:55	16.142	15.781	15.831	16.569	16.006	16.219	415.42	415.34
21:20:55	16.143	15.78	15.832	16.569	16.009	16.217	415.42	415.34
21:21:55	16.143	15.781	15.833	16.576	16.007	16.218	415.42	415.34
21:22:55	16.143	15.78	15.835	16.582	16.009	16.217	415.42	415.34
21:23:55	16.143	15.78	15.832	16.582	16.009	16.219	415.42	415.34
21:24:55	16.144	15.781	15.824	16.565	16.006	16.22	415.42	415.34
21:25:55	16.143	15.781	15.813	16.542	16.009	16.216	415.42	415.34
21:26:55	16.144	15.783	15.806	16.517	16.008	16.219	415.42	415.34
21:27:55	16.143	15.783	15.797	16.49	16.006	16.221	415.42	415.34
21:28:55	16.144	15.783	15.798	16.477	16.006	16.218	415.42	415.34
21:29:55	16.144	15.782	15.802	16.478	16.009	16.216	415.42	415.34
21:30:55	16.143	15.782	15.807	16.479	16.008	16.219	415.42	415.34
21:31:55	16.144	15.781	15.809	16.478	16.008	16.219	415.42	415.34
21:32:55	16.145	15.781	15.809	16.482	16.005	16.219	415.42	415.34
21:33:55	16.145	15.781	15.808	16.487	16.009	16.221	415.42	415.34
21:34:55	16.144	15.782	15.807	16.476	16.012	16.218	415.42	415.34
21:35:55	16.144	15.783	15.807	16.468	16.012	16.219	415.42	415.34
21:36:55	16.144	15.783	15.805	16.461	16.009	16.221	415.42	415.34
21:37:55	16.143	15.782	15.804	16.456	16.012	16.221	415.42	415.34
21:38:55	16.144	15.781	15.803	16.452	16.012	16.221	415.42	415.34
21:39:55	16.144	15.783	15.799	16.44	16.008	16.22	415.42	415.34
21:40:55	16.144	15.782	15.799	16.44	16.01	16.218	415.42	415.34
21:41:55	16.143	15.782	15.795	16.443	16.01	16.222	415.42	415.34
21:42:55	16.144	15.783	15.791	16.448	16.01	16.224	415.42	415.34
21:43:55	16.143	15.783	15.793	16.441	16.009	16.22	415.42	415.34
21:44:55	16.144	15.785	15.795	16.454	16.009	16.219	415.42	415.34
21:45:55	16.144	15.784	15.796	16.452	16.009	16.22	415.42	415.34
21:46:55	16.145	15.784	15.795	16.444	16.009	16.219	415.42	415.34
21:47:55	16.144	15.783	15.794	16.436	16.012	16.219	415.42	415.34
21:48:55	16.145	15.783	15.794	16.427	16.013	16.22	415.42	415.34
21:49:56	16.143	15.782	15.794	16.422	16.013	16.223	415.42	415.34
21:50:55	16.145	15.783	15.791	16.424	16.013	16.223	415.42	415.34
21:51:55	16.144	15.783	15.786	16.419	16.013	16.221	415.42	415.34
21:52:55	16.145	15.783	15.784	16.424	16.009	16.219	415.42	415.34
21:53:55	16.144	15.784	15.78	16.433	16.01	16.22	415.42	415.34
21:54:55	16.145	15.783	15.781	16.42	16.007	16.218	415.42	415.34
21:55:55	16.143	15.782	15.781	16.404	16.007	16.221	415.42	415.34
21:56:55	16.145	15.784	15.782	16.401	16.01	16.222	415.42	415.34
21:57:55	16.143	15.783	15.78	16.393	16.011	16.22	415.42	415.34
21:58:55	16.144	15.783	15.779	16.387	16.011	16.221	415.42	415.34
21:59:56	16.145	15.783	15.776	16.382	16.012	16.221	415.42	415.34
22:00:55	0.0	15.784	15.775	16.386	16.011	16.22	415.42	415.34
22:01:55	16.145	15.783	15.769	16.393	16.012	16.22	415.42	415.34
22:02:55	16.145	15.784	15.769	16.39	16.012	16.218	415.42	415.34
22:03:55	16.144	15.784	15.771	16.406	16.013	16.221	415.42	415.34
22:04:55	16.145	15.783	15.77	16.406	16.01	16.217	415.42	415.34
22:05:55	16.145	15.783	15.768	16.403	16.011	16.22	415.42	415.34
22:06:55	16.145	15.784	15.769	16.397	16.011	16.22	415.42	415.34
22:07:55	16.145	15.783	15.771	16.392	16.009	16.221	415.42	415.34
22:08:55	16.145	15.783	15.773	16.392	16.009	16.223	415.42	415.34
22:09:55	16.145	15.784	15.77	16.395	16.009	16.226	415.42	415.34
22:10:55	16.146	15.784	15.764	16.402	16.012	16.225	415.42	415.34
22:11:55	16.145	15.784	15.763	16.41	16.011	16.223	415.42	415.34
22:12:55	16.145	15.784	15.758	16.392	16.013	16.225	415.42	415.34
22:13:55	16.144	15.785	15.757	16.375	16.013	16.225	415.42	415.34
22:14:55	16.145	15.785	15.759	16.371	16.014	16.223	415.42	415.34
22:15:55	16.145	15.784	15.761	16.368	16.015	16.221	415.42	415.34
22:16:55	16.145	15.785	15.757	16.355	16.012	16.219	415.42	415.34
22:17:55	16.145	15.784	15.757	16.353	16.014	16.218	415.42	415.34
22:18:55	16.145	15.784	15.758	16.349	16.014	16.22	415.42	415.34
22:19:55	16.145	15.783	15.759	16.347	16.011	16.219	415.42	415.34
22:20:55	16.146	15.784	15.751	16.342	16.01	16.221	415.42	415.34
22:21:55	16.145	15.783	15.751	16.342	16.012	16.223	415.42	415.34
22:22:55	16.145	15.783	15.756	16.361	16.014	16.223	415.42	415.34
22:23:55	16.146	15.784	15.753	16.367	16.015	16.224	415.42	415.34
22:24:55	16.146	15.784	15.752	16.365	16.015	16.222	415.42	415.34
22:25:55	16.144	15.785	15.755	16.361	16.013	16.217	415.42	415.34
22:26:55	16.145	15.785	15.757	16.356	16.013	16.218	415.42	415.34
22:27:55	16.145	15.785	15.757	16.354	16.015	16.219	415.42	415.34
22:28:55	16.145	15.785	15.754	16.34	16.014	16.221	415.42	415.34
22:29:55	16.145	15.785	15.749	16.332	16.011	16.221	415.42	415.34
22:30:55	16.145	15.784	15.752	16.362	16.01	16.224	415.42	415.34
22:31:55	16.145	15.785	15.755	16.354	16.014	16.222	415.42	415.34
22:32:55	16.147	15.786	15.754	16.357	16.014	16.221	415.42	415.34
22:33:55	16.145	15.786	15.76	16.385	16.014	16.22	415.42	415.34
22:34:55	16.145	15.786	15.765	16.43	16.015	16.216	415.42	415.34
22:35:55	16.146	15.787	15.771	16.44	16.01	16.217	415.42	415.34
22:36:55	16.145	15.786	15.778	16.525	16.01	16.219	415.42	415.34
22:37:55	16.145	15.785	15.795	16.555	16.014	16.217	415.42	415.34
22:38:57	16.146	15.785	15.791	16.515	16.013	16.222	415.42	415.34
22:39:55	16.145	15.786	15.795	16.569	16.011	16.222	415.42	415.34
22:40:55	16.145	15.786	15.814	16.619	16.011	16.22	415.42	415.34
22:41:55	16.145	15.786	15.817	16.764	16.011	16.221	415.42	415.34
22:42:55	16.145	15.787	15.807	16.854	16.015	16.222	415.42	415.34
22:43:55	16.145	15.786	15.828	16.928	16.015	16.223	415.42	415.34
22:44:55	16.145	15.787	15.83	16.909	16.014	16.221	415.42	415.34
22:45:55	16.145	15.785	15.846	16.853	16.014	16.219	415.42	415.34
22:46:55	16.146	15.786	15.847	16.801	16.012	16.218	415.42	415.34
22:47:55	16.146	15.785	15.841	16.801	16.007	16.22	415.42	415.34
22:48:55	16.145	15.783	15.857	16.858	16.009	16.22	415.42	415.34
22:49:56	16.147	15.783	15.838	17.041	16.01	16.216	415.42	415.34
22:50:55	0.0	15.781	15.832	17.095	16.011	16.217	415.42	415.34
22:51:55	16.144	15.782	15.841	17.001	16.008	16.22	415.42	415.34
22:52:55	16.145	15.782	15.828	16.814	16.008	16.218	415.42	415.34
22:53:55	16.145	15.781	15.822	16.681	16.01	16.214	415.42	415.34
22:54:55	16.145	15.782	15.812	16.583	16.012	16.217	415.42	415.34
22:55:55	16.145	15.782	15.803	16.527	16.01	16.217	415.42	415.34
22:56:55	16.144	15.781	15.803	16.483	16.008	16.22	415.42	415.34
22:57:55	16.146	15.781	15.799	16.457	16.009	16.223	415.42	415.34
22:58:55	16.146	15.78	15.796	16.439	16.011	16.224	415.42	415.34
22:59:55	16.146	15.781	15.793	16.421	16.008	16.22	415.42	415.34
23:00:55	16.144	15.778	15.789	16.411	16.007	16.221	415.42	415.34
23:01:55	16.144	15.78	15.783	16.404	16.008	16.222	415.42	415.34
23:02:55	16.145	15.781	15.782	16.399	16.008	16.224	415.42	415.34
23:03:55	16.145	15.782	15.78	16.392	16.009	16.22	415.42	415.34
23:04:55	16.144	15.782	15.779	16.386	16.011	16.219	415.42	415.34
23:05:55	16.144	15.782	15.775	16.374	16.009	16.221	415.42	415.34
23:06:55	16.144	15.783	15.773	16.366	16.01	16.22	415.42	415.34
23:07:55	16.145	15.781	15.768	16.361	16.012	16.22	415.42	415.34
23:08:55	16.145	15.78	15.763	16.373	16.01	16.22	415.42	415.34
23:09:55	16.144	15.78	15.762	16.372	16.01	16.219	415.42	415.34
23:10:55	16.145	15.779	15.763	16.396	16.007	16.219	415.42	415.34
23:11:55	16.145	15.78	15.765	16.402	16.01	16.22	415.42	415.34
23:12:55	16.144	15.781	15.768	16.398	16.011	16.224	415.42	415.34
23:13:55	16.145	15.78	15.766	16.393	16.01	16.221	415.42	415.34
23:14:55	16.144	15.78	15.767	16.385	16.01	16.221	415.42	415.34
23:15:55	16.144	15.781	15.771	16.384	16.011	16.223	415.42	415.34
23:16:55	16.145	15.782	15.768	16.383	16.013	16.222	415.42	415.34
23:17:55	16.145	15.781	15.762	16.379	16.009	16.223	415.42	415.34
23:18:55	16.145	15.781	15.756	16.377	16.007	16.217	415.42	415.34
23:19:55	16.144	15.78	15.753	16.365	16.007	16.216	415.42	415.34
23:20:55	16.144	15.78	15.749	16.364	16.008	16.216	415.42	415.34
23:21:56	16.144	15.779	15.75	16.363	16.009	16.216	415.42	415.34
23:22:55	16.144	15.777	15.749	16.364	16.01	16.211	415.42	415.34
23:23:55	16.145	15.776	15.75	16.364	16.009	16.215	415.42	415.34
23:24:55	16.144	15.776	15.752	16.362	16.011	16.219	415.42	415.34
23:25:55	16.144	15.777	15.752	16.371	16.012	16.218	415.42	415.34
23:26:55	16.144	15.777	15.751	16.388	16.011	16.219	415.42	415.34
23:27:55	16.144	15.777	15.757	16.397	16.011	16.218	415.42	415.34
23:28:55	16.143	15.778	15.744	16.379	16.005	16.217	415.42	415.34
23:29:55	16.145	15.777	15.728	16.347	16.009	16.22	415.42	415.34
23:30:55	16.144	15.776	15.72	16.333	16.011	16.217	415.42	415.34
23:31:55	16.144	15.775	15.72	16.346	16.011	16.217	415.42	415.34
23:32:55	16.144	15.773	15.717	16.35	16.007	16.217	415.42	415.34
23:33:55	16.144	15.773	15.716	16.344	16.007	16.214	415.42	415.34
23:34:55	16.143	15.774	15.715	16.356	16.008	16.218	415.42	415.34
23:35:55	16.144	15.775	15.711	16.36	16.008	16.216	415.42	415.34
23:36:55	16.144	15.773	15.72	16.362	16.007	16.216	415.42	415.34
23:37:55	16.143	15.773	15.724	16.35	16.008	16.216	415.42	415.34
23:38:55	16.143	15.773	15.73	16.352	16.01	16.211	415.42	415.34
23:39:55	16.143	15.772	15.733	16.356	16.008	16.215	415.42	415.34
23:40:55	16.143	15.771	15.739	16.357	16.003	16.213	415.42	415.34
23:41:55	16.142	15.77	15.739	16.357	16.007	16.215	415.42	415.34
23:42:55	16.143	15.771	15.74	16.354	16.01	16.217	415.42	415.34
23:43:55	16.143	15.774	15.744	16.433	16.012	16.219	415.42	415.34
23:44:55	16.144	15.774	15.769	16.714	16.012	16.218	415.42	415.34
23:45:55	16.143	15.774	15.767	16.901	16.012	16.216	415.42	415.34
23:46:55	16.143	15.772	15.792	16.936	16.011	16.218	415.42	415.34
23:47:55	16.143	15.771	15.812	16.984	16.012	16.221	415.42	415.34
23:48:55	16.143	15.771	15.807	17.055	16.011	16.219	415.42	415.34
23:49:55	16.143	15.771	15.794	17.097	16.011	16.22	415.42	415.34
23:50:55	16.143	15.77	15.798	17.076	16.008	16.223	415.42	415.34
23:51:55	16.143	15.771	15.824	17.005	16.008	16.222	415.42	415.34
23:52:55	16.143	15.77	15.85	17.119	16.01	16.22	415.42	415.34
23:53:55	16.143	15.771	15.845	17.04	16.009	16.222	415.42	415.34
23:54:55	16.143	15.771	15.841	16.88	16.009	16.219	415.42	415.34
23:55:55	16.143	15.772	15.88	16.772	16.012	16.217	415.42	415.34
23:56:55	16.143	15.772	15.885	16.805	16.011	16.217	415.42	415.34
23:57:55	16.143	15.774	15.865	16.919	16.01	16.217	415.42	415.34
23:58:55	16.142	15.774	15.887	17.102	16.012	16.216	415.42	415.34
23:59:55	16.142	15.775	15.864	17.189	16.012	16.219	415.42	415.34
