00:00:28	17.936	17.64	17.707	18.48	17.596	17.744	415.42	415.34
00:01:28	17.937	17.64	17.702	18.542	17.598	17.745	415.42	415.34
00:02:28	17.938	17.64	17.703	18.673	17.599	17.745	415.42	415.34
00:03:28	17.936	17.639	17.699	18.654	17.598	17.744	415.42	415.34
00:04:28	17.936	17.64	17.697	18.612	17.597	17.744	415.42	415.34
00:05:28	17.937	17.637	17.695	18.567	17.598	17.746	415.42	415.34
00:06:28	17.935	17.64	17.692	18.534	17.597	17.745	415.42	415.34
00:07:28	17.936	17.638	17.69	18.507	17.596	17.744	415.42	415.34
00:08:28	17.936	17.638	17.686	18.491	17.596	17.745	415.42	415.34
00:09:28	17.935	17.637	17.688	18.479	17.595	17.745	415.42	415.34
00:10:28	17.936	17.638	17.692	18.487	17.595	17.743	415.42	415.34
00:11:28	17.936	17.638	17.693	18.496	17.597	17.745	415.42	415.34
00:12:28	17.936	17.638	17.695	18.5	17.597	17.744	415.42	415.34
00:13:28	17.935	17.637	17.695	18.498	17.597	17.745	415.42	415.34
00:14:28	17.936	17.636	17.695	18.485	17.596	17.744	415.42	415.34
00:15:28	17.935	17.636	17.694	18.476	17.595	17.744	415.42	415.34
00:16:28	17.935	17.636	17.692	18.463	17.597	17.744	415.42	415.34
00:17:28	17.935	17.636	17.692	18.453	17.597	17.745	415.42	415.34
00:18:28	17.934	17.636	17.693	18.448	17.597	17.746	415.42	415.34
00:19:28	17.936	17.637	17.692	18.448	17.597	17.746	415.42	415.34
00:20:28	17.936	17.637	17.69	18.455	17.596	17.745	415.42	415.34
00:21:28	17.935	17.638	17.692	18.572	17.599	17.745	415.42	415.34
00:22:28	17.936	17.639	17.691	18.647	17.599	17.748	415.42	415.34
00:23:28	17.936	17.639	17.692	18.698	17.598	17.747	415.42	415.34
00:24:28	17.936	17.638	17.696	18.681	17.598	17.747	415.42	415.34
00:25:28	17.937	17.64	17.7	18.714	17.597	17.746	415.42	415.34
00:26:30	17.936	17.64	17.703	18.65	17.598	17.747	415.42	415.34
00:27:28	17.936	17.64	17.704	18.647	17.599	17.747	415.42	415.34
00:28:28	17.936	17.64	17.687	18.7	17.599	17.748	415.42	415.34
00:29:28	17.937	17.639	17.671	18.707	17.598	17.746	415.42	415.34
00:30:28	17.937	17.639	17.685	18.784	17.599	17.747	415.42	415.34
00:31:28	17.937	17.638	17.701	18.842	17.599	17.747	415.42	415.34
00:32:28	17.937	17.639	17.708	18.724	17.599	17.746	415.42	415.34
00:33:29	17.937	17.639	17.708	18.632	17.599	17.747	415.42	415.34
00:34:29	17.936	17.64	17.704	18.588	17.6	17.747	415.42	415.34
00:35:29	17.936	17.64	17.71	18.605	17.599	17.747	415.42	415.34
00:36:31	17.936	17.64	17.721	18.617	17.599	17.747	415.42	415.34
00:37:29	17.937	17.641	17.733	18.629	17.599	17.747	415.42	415.34
00:38:29	17.936	17.64	17.737	18.632	17.599	17.746	415.42	415.34
00:39:29	17.936	17.641	17.736	18.626	17.6	17.747	415.42	415.34
00:40:29	17.937	17.641	17.732	18.625	17.6	17.746	415.42	415.34
00:41:29	17.936	17.64	17.733	18.626	17.599	17.746	415.42	415.34
00:42:29	17.937	17.64	17.732	18.624	17.598	17.746	415.42	415.34
00:43:29	17.936	17.64	17.731	18.62	17.599	17.746	415.42	415.34
00:44:29	17.936	17.639	17.733	18.59	17.598	17.746	415.42	415.34
00:45:29	17.936	17.639	17.734	18.549	17.599	17.746	415.42	415.34
00:46:29	17.937	17.64	17.735	18.512	17.599	17.747	415.42	415.34
00:47:29	17.936	17.638	17.734	18.52	17.6	17.746	415.42	415.34
00:48:29	17.936	17.639	17.735	18.542	17.599	17.747	415.42	415.34
00:49:29	17.936	17.638	17.735	18.542	17.598	17.746	415.42	415.34
00:50:29	17.936	17.638	17.734	18.533	17.598	17.746	415.42	415.34
00:51:29	17.936	17.638	17.732	18.519	17.597	17.744	415.42	415.34
00:52:29	17.935	17.637	17.731	18.515	17.597	17.746	415.42	415.34
00:53:29	17.935	17.637	17.73	18.517	17.596	17.745	415.42	415.34
00:54:29	17.936	17.637	17.733	18.503	17.597	17.746	415.42	415.34
00:55:29	17.935	17.636	17.733	18.496	17.597	17.745	415.42	415.34
00:56:29	17.936	17.636	17.736	18.493	17.597	17.746	415.42	415.34
00:57:29	17.934	17.636	17.737	18.485	17.597	17.746	415.42	415.34
00:58:29	17.934	17.636	17.738	18.494	17.598	17.747	415.42	415.34
00:59:29	17.935	17.637	17.738	18.501	17.598	17.745	415.42	415.34
01:00:29	17.934	17.637	17.74	18.503	17.597	17.747	415.42	415.34
01:01:29	17.935	17.637	17.741	18.504	17.598	17.747	415.42	415.34
01:02:29	17.935	17.636	17.741	18.502	17.597	17.747	415.42	415.34
01:03:29	17.935	17.637	17.743	18.504	17.597	17.745	415.42	415.34
01:04:29	17.934	17.637	17.744	18.51	17.598	17.745	415.42	415.34
01:05:29	17.935	17.636	17.745	18.526	17.599	17.746	415.42	415.34
01:06:29	17.936	17.637	17.744	18.537	17.597	17.746	415.42	415.34
01:07:29	17.935	17.636	17.747	18.544	17.599	17.746	415.42	415.34
01:08:29	17.935	17.638	17.748	18.563	17.597	17.747	415.42	415.34
01:09:29	17.934	17.638	17.749	18.589	17.598	17.746	415.42	415.34
01:10:29	17.934	17.637	17.752	18.613	17.598	17.747	415.42	415.34
01:11:29	17.935	17.637	17.754	18.635	17.598	17.747	415.42	415.34
01:12:29	17.935	17.636	17.753	18.645	17.597	17.746	415.42	415.34
01:13:29	17.934	17.638	17.755	18.645	17.599	17.746	415.42	415.34
01:14:29	17.934	17.637	17.758	18.643	17.599	17.746	415.42	415.34
01:15:29	17.935	17.637	17.758	18.653	17.598	17.745	415.42	415.34
01:16:29	17.935	17.637	17.758	18.657	17.598	17.746	415.42	415.34
01:17:29	17.934	17.635	17.773	18.647	17.596	17.746	415.42	415.34
01:18:29	17.934	17.637	17.787	18.656	17.597	17.746	415.42	0.0
01:19:29	17.935	17.635	17.798	18.669	17.598	17.746	415.42	415.34
01:20:29	17.934	17.636	17.806	18.672	17.597	17.746	415.42	415.34
01:21:29	17.934	17.635	17.814	18.675	17.597	17.746	415.42	415.34
01:22:29	17.934	17.634	17.82	18.677	17.598	17.746	415.42	415.34
01:23:29	17.933	17.635	17.824	18.677	17.598	17.745	415.42	415.34
01:24:29	17.933	17.634	17.759	18.644	17.596	17.745	415.42	415.34
01:25:29	17.932	17.633	17.581	18.511	17.598	17.746	415.42	415.34
01:26:29	17.934	17.634	17.637	18.462	17.597	17.745	415.42	415.34
01:27:29	17.934	17.634	17.707	18.525	17.597	17.746	415.42	415.34
01:28:29	17.933	17.634	17.747	18.569	17.595	17.744	415.42	415.34
01:29:29	17.934	17.635	17.741	18.574	17.597	17.744	415.42	415.34
01:30:32	17.933	17.633	17.722	18.493	17.598	17.744	415.42	415.34
01:31:29	0.0	17.633	17.724	18.514	17.596	17.745	415.42	415.34
01:32:31	17.934	17.634	17.731	18.551	17.597	17.745	415.42	415.34
01:33:29	17.934	17.634	17.736	18.573	17.597	17.744	415.42	415.34
01:34:29	17.933	17.635	17.734	18.588	17.598	17.745	415.42	415.34
01:35:29	17.934	17.635	17.739	18.594	17.598	17.747	415.42	415.34
01:36:29	17.933	17.634	17.742	18.594	17.597	17.745	415.42	415.34
01:37:29	17.933	17.632	17.745	18.601	17.597	17.745	415.42	415.34
01:38:29	17.935	17.635	17.744	18.614	17.598	17.746	415.42	415.34
01:39:29	17.933	17.635	17.745	18.616	17.599	17.746	415.42	415.34
01:40:29	17.935	17.635	17.746	18.624	17.598	17.745	415.42	415.34
01:41:29	17.935	17.635	17.746	18.632	17.597	17.745	415.42	415.34
01:42:29	17.934	17.635	17.748	18.632	17.598	17.746	415.42	415.34
01:43:29	17.934	17.635	17.746	18.632	17.598	17.746	415.42	415.34
01:44:29	17.934	17.636	17.746	18.636	17.598	17.747	415.42	415.34
01:45:29	17.935	17.635	17.747	18.635	17.597	17.746	415.42	415.34
01:46:29	17.934	17.635	17.75	18.635	17.598	17.746	415.42	415.34
01:47:29	17.935	17.636	17.752	18.654	17.597	17.746	415.42	415.34
01:48:29	17.935	17.635	17.754	18.657	17.599	17.747	415.42	415.34
01:49:29	17.934	17.636	17.775	18.66	17.599	17.748	415.42	415.34
01:50:29	17.934	17.635	17.791	18.672	17.598	17.747	415.42	415.34
01:51:29	17.935	17.634	17.8	18.681	17.598	17.746	415.42	415.34
01:52:29	17.935	17.636	17.809	18.69	17.597	17.747	415.42	415.34
01:53:29	17.935	17.635	17.817	18.7	17.598	17.746	415.42	415.34
01:54:29	17.935	17.635	17.824	18.704	17.598	17.745	415.42	415.34
01:55:29	17.935	17.635	17.822	18.705	17.598	17.745	415.42	415.34
01:56:29	17.935	17.636	17.598	18.588	17.599	17.746	415.42	415.34
01:57:29	17.935	17.635	17.631	18.505	17.6	17.745	415.42	415.34
01:58:29	17.934	17.635	17.705	18.554	17.598	17.745	415.42	415.34
01:59:29	17.934	17.636	17.746	18.593	17.599	17.746	415.42	415.34
02:00:29	17.934	17.636	17.73	18.572	17.599	17.747	415.42	415.34
02:01:29	17.935	17.635	17.729	18.53	17.598	17.745	415.42	415.34
02:02:29	17.935	17.635	17.746	18.556	17.597	17.745	415.42	415.34
02:03:29	17.935	17.635	17.741	18.358	17.6	17.746	415.42	415.34
02:04:30	17.934	17.636	17.555	18.359	17.599	17.746	415.42	415.34
02:05:29	17.934	17.636	17.593	18.384	17.598	17.745	415.42	415.34
02:06:29	17.935	17.635	17.656	18.464	17.597	17.745	415.42	415.34
02:07:29	17.933	17.636	17.687	18.538	17.6	17.745	415.42	415.34
02:08:29	17.935	17.635	17.705	18.589	17.598	17.746	415.42	415.34
02:09:29	17.935	17.635	17.717	18.612	17.6	17.746	415.42	415.34
02:10:29	17.935	17.636	17.726	18.637	17.598	17.746	415.42	415.34
02:11:29	17.934	17.636	17.729	18.658	17.599	17.746	415.42	415.34
02:12:29	17.935	17.637	17.736	18.669	17.6	17.746	415.42	415.34
02:13:29	17.934	17.635	17.742	18.679	17.598	17.746	415.42	415.34
02:14:29	17.934	17.636	17.761	18.68	17.6	17.746	415.42	415.34
02:15:29	17.935	17.635	17.78	18.684	17.598	17.746	415.42	415.34
02:16:29	17.935	17.636	17.794	18.7	17.599	17.747	415.42	415.34
02:17:29	17.934	17.636	17.806	18.72	17.599	17.746	415.42	415.34
02:18:29	17.935	17.635	17.817	18.724	17.599	17.748	415.42	415.34
02:19:29	17.935	17.636	17.824	18.727	17.6	17.747	415.42	415.34
02:20:29	17.934	17.636	17.793	18.252	17.598	17.747	415.42	415.34
02:21:29	17.935	17.636	17.571	17.704	17.598	17.745	415.42	415.34
02:22:29	17.934	17.635	17.592	18.013	17.599	17.745	415.42	415.34
02:23:29	17.934	17.636	17.669	18.299	17.598	17.746	415.42	415.34
02:24:29	17.935	17.635	17.714	18.449	17.599	17.746	415.42	415.34
02:25:29	17.934	17.635	17.66	18.509	17.599	17.746	415.42	415.34
02:26:29	17.935	17.635	17.62	18.475	17.598	17.746	415.42	415.34
02:27:29	17.934	17.636	17.681	18.514	17.598	17.746	415.42	415.34
02:28:29	17.935	17.635	17.722	18.567	17.6	17.746	415.42	415.34
02:29:29	17.935	17.635	17.726	18.592	17.599	17.746	415.42	415.34
02:30:29	17.936	17.635	17.715	18.526	17.598	17.746	415.42	415.34
02:31:29	17.934	17.635	17.727	18.553	17.599	17.745	415.42	415.34
02:32:30	17.936	17.635	17.745	18.564	17.598	17.746	415.42	415.34
02:33:29	17.935	17.634	17.636	17.785	17.599	17.745	415.42	415.34
02:34:30	17.935	17.635	17.59	18.036	17.597	17.745	415.42	415.34
02:35:29	17.935	17.636	17.663	18.313	17.597	17.746	415.42	415.34
02:36:29	17.935	17.635	17.707	18.471	17.598	17.745	415.42	415.34
02:37:29	17.935	17.634	17.732	18.541	17.598	17.745	415.42	415.34
02:38:29	17.934	17.635	17.44	18.475	17.598	17.745	415.42	415.34
02:39:29	17.935	17.634	17.48	18.386	17.597	17.746	415.42	415.34
02:40:29	17.936	17.635	17.576	18.44	17.599	17.745	415.42	415.34
02:41:29	17.935	17.636	17.63	18.515	17.598	17.745	415.42	415.34
02:42:29	17.935	17.637	17.663	18.573	17.598	17.747	415.42	415.34
02:43:29	17.934	17.637	17.679	18.611	17.599	17.746	415.42	415.34
02:44:29	17.934	17.636	17.69	18.629	17.598	17.746	415.42	415.34
02:45:29	17.934	17.637	17.699	18.637	17.598	17.747	415.42	415.34
02:46:29	17.935	17.638	17.707	18.649	17.599	17.747	415.42	415.34
02:47:29	17.935	17.637	17.714	18.656	17.599	17.746	415.42	415.34
02:48:29	17.936	17.637	17.72	18.668	17.599	17.745	415.42	415.34
02:49:29	17.936	17.637	17.725	18.675	17.599	17.746	415.42	415.34
02:50:29	17.935	17.637	17.722	18.684	17.599	17.747	415.42	415.34
02:51:29	17.936	17.638	17.726	18.686	17.599	17.747	415.42	415.34
02:52:29	17.936	17.637	17.728	18.682	17.6	17.747	415.42	415.34
02:53:29	17.935	17.638	17.733	18.689	17.599	17.747	415.42	415.34
02:54:29	17.935	17.638	17.742	18.685	17.599	17.746	415.42	415.34
02:55:29	17.935	17.638	17.761	18.675	17.6	17.747	415.42	415.34
02:56:29	17.936	17.637	17.775	18.685	17.599	17.746	415.42	415.34
02:57:29	17.936	17.638	17.784	18.691	17.599	17.747	415.42	415.34
02:58:29	17.936	17.638	17.792	18.696	17.599	17.746	415.42	415.34
02:59:29	17.936	17.637	17.801	18.7	17.6	17.746	415.42	415.34
03:00:29	17.935	17.638	17.806	18.701	17.599	17.746	415.42	415.34
03:01:29	17.935	17.638	17.735	17.955	17.6	17.747	415.42	415.34
03:02:29	17.936	17.639	17.54	17.582	17.599	17.747	415.42	415.34
03:03:29	17.936	17.64	17.608	18.048	17.602	17.747	415.42	415.34
03:04:29	17.937	17.64	17.682	18.321	17.6	17.748	415.42	415.34
03:05:29	17.937	17.64	17.726	18.475	17.601	17.747	415.42	415.34
03:06:29	17.936	17.64	17.584	18.499	17.599	17.746	415.42	415.34
03:07:29	17.935	17.64	17.611	18.46	17.6	17.747	415.42	415.34
03:08:29	17.935	17.639	17.672	18.506	17.601	17.746	415.42	415.34
03:09:29	17.935	17.639	17.712	18.545	17.599	17.745	415.42	415.34
03:10:29	17.936	17.638	17.663	18.546	17.599	17.746	415.42	415.34
03:11:29	17.935	17.639	17.669	18.489	17.601	17.747	415.42	415.34
03:12:29	17.936	17.639	17.685	18.513	17.601	17.746	415.42	415.34
03:13:29	17.935	17.638	17.696	18.554	17.599	17.745	415.42	415.34
03:14:29	17.936	17.638	17.704	18.577	17.6	17.745	415.42	415.34
03:15:29	17.935	17.638	17.711	18.586	17.599	17.747	415.42	415.34
03:16:31	17.935	17.638	17.691	18.608	17.599	17.746	415.42	415.34
03:17:29	17.936	17.638	17.668	18.606	17.599	17.745	415.42	415.34
03:18:31	17.935	17.639	17.664	18.594	17.599	17.746	415.42	415.34
03:19:29	17.935	17.638	17.679	18.579	17.601	17.746	415.42	415.34
03:20:29	17.935	17.639	17.693	18.621	17.6	17.747	415.42	415.34
03:21:29	17.936	17.64	17.706	18.637	17.599	17.747	415.42	415.34
03:22:29	17.936	17.64	17.714	18.645	17.599	17.746	415.42	415.34
03:23:29	17.937	17.64	17.72	18.657	17.601	17.747	415.42	415.34
03:24:29	17.936	17.64	17.724	18.66	17.6	17.747	415.42	415.34
03:25:29	17.937	17.641	17.728	18.655	17.601	17.747	415.42	415.34
03:26:29	17.936	17.641	17.732	18.636	17.6	17.747	415.42	415.34
03:27:29	17.936	17.641	17.725	18.607	17.601	17.746	415.42	415.34
03:28:29	17.936	17.641	17.722	18.582	17.6	17.747	415.42	415.34
03:29:29	17.936	17.64	17.723	18.561	17.599	17.747	415.42	415.34
03:30:29	17.936	17.64	17.719	18.546	17.599	17.746	415.42	415.34
03:31:29	17.936	17.64	17.72	18.538	17.6	17.748	415.42	415.34
03:32:29	17.938	17.64	17.721	18.537	17.601	17.748	415.42	415.34
03:33:29	17.936	17.64	17.72	18.528	17.6	17.747	415.42	415.34
03:34:29	17.937	17.64	17.72	18.52	17.599	17.747	415.42	415.34
03:35:29	17.937	17.64	17.72	18.512	17.599	17.747	415.42	415.34
03:36:29	17.937	17.641	17.721	18.504	17.6	17.747	415.42	415.34
03:37:29	17.937	17.641	17.719	18.496	17.6	17.747	415.42	415.34
03:38:29	17.937	17.641	17.718	18.494	17.598	17.747	415.42	415.34
03:39:29	17.937	17.64	17.716	18.484	17.6	17.747	415.42	415.34
03:40:30	17.937	17.642	17.716	18.471	17.6	17.747	415.42	415.34
03:41:29	0.0	17.642	17.715	18.472	17.601	17.748	415.42	415.34
03:42:29	17.937	17.642	17.715	18.465	17.601	17.748	415.42	415.34
03:43:30	17.937	17.641	17.713	18.459	17.599	17.747	415.42	415.34
03:44:29	0.0	17.641	17.711	18.462	17.6	17.747	415.42	415.34
03:45:29	17.938	17.641	17.711	18.451	17.598	17.748	415.42	415.34
03:46:30	17.937	17.641	17.709	18.441	17.601	17.748	415.42	415.34
03:47:29	17.937	17.641	17.71	18.413	17.601	17.748	415.42	415.34
03:48:29	17.938	17.642	17.708	18.423	17.601	17.748	415.42	415.34
03:49:29	17.938	17.643	17.706	18.576	17.6	17.748	415.42	415.34
03:50:30	17.937	17.642	17.704	18.566	17.6	17.747	415.42	415.34
03:51:30	17.937	17.643	17.708	18.536	17.6	17.747	415.42	415.34
03:52:30	17.937	17.642	17.708	18.511	17.6	17.747	415.42	415.34
03:53:30	17.936	17.641	17.706	18.499	17.599	17.747	415.42	415.34
03:54:30	17.938	17.642	17.707	18.483	17.598	17.747	415.42	415.34
03:55:30	17.937	17.641	17.705	18.484	17.6	17.748	415.42	415.34
03:56:30	17.937	17.641	17.706	18.476	17.6	17.747	415.42	415.34
03:57:30	17.937	17.641	17.702	18.471	17.599	17.747	415.42	415.34
03:58:30	17.937	17.641	17.703	18.452	17.599	17.748	415.42	415.34
03:59:30	17.938	17.641	17.7	18.453	17.598	17.747	415.42	415.34
04:00:30	17.938	17.64	17.699	18.447	17.597	17.747	415.42	415.34
04:01:30	17.938	17.64	17.695	18.427	17.599	17.746	415.42	415.34
04:02:30	17.937	17.641	17.697	18.427	17.599	17.747	415.42	415.34
04:03:30	17.937	17.64	17.697	18.424	17.598	17.747	415.42	415.34
04:04:30	17.937	17.641	17.696	18.424	17.599	17.748	415.42	415.34
04:05:30	17.938	17.64	17.695	18.424	17.599	17.746	415.42	415.34
04:06:31	17.937	17.638	17.695	18.424	17.598	17.746	415.42	415.34
04:07:30	0.0	17.639	17.695	18.424	17.598	17.747	415.42	415.34
04:08:30	17.938	17.639	17.693	18.424	17.597	17.746	415.42	415.34
04:09:30	17.937	17.639	17.692	18.373	17.598	17.747	415.42	415.34
04:10:30	17.937	17.639	17.692	18.333	17.598	17.747	415.42	415.34
04:11:30	17.938	17.64	17.691	18.351	17.598	17.747	415.42	415.34
04:12:30	17.937	17.64	17.692	18.377	17.599	17.747	415.42	415.34
04:13:30	17.939	17.64	17.692	18.398	17.599	17.746	415.42	415.34
04:14:30	17.937	17.64	17.694	18.421	17.6	17.748	415.42	415.34
04:15:30	17.938	17.641	17.696	18.423	17.599	17.747	415.42	415.34
04:16:32	17.938	17.641	17.697	18.42	17.598	17.746	415.42	415.34
04:17:30	17.936	17.64	17.7	18.433	17.599	17.747	415.42	415.34
04:18:30	17.937	17.641	17.703	18.449	17.599	17.746	415.42	415.34
04:19:30	17.938	17.64	17.705	18.476	17.598	17.747	415.42	415.34
04:20:30	17.937	17.642	17.71	18.486	17.6	17.748	415.42	415.34
04:21:30	17.937	17.642	17.711	18.49	17.598	17.747	415.42	415.34
04:22:30	17.937	17.642	17.71	18.493	17.598	17.746	415.42	415.34
04:23:30	17.937	17.641	17.712	18.512	17.597	17.747	415.42	415.34
04:24:30	17.936	17.641	17.718	18.541	17.596	17.747	415.42	415.34
04:25:30	17.937	17.64	17.719	18.512	17.598	17.745	415.42	415.34
04:26:30	17.937	17.64	17.715	18.507	17.597	17.746	415.42	415.34
04:27:30	17.936	17.64	17.713	18.462	17.598	17.747	415.42	415.34
04:28:30	17.937	17.64	17.713	18.634	17.597	17.747	415.42	415.34
04:29:30	17.936	17.639	17.709	18.606	17.599	17.746	415.42	415.34
04:30:30	17.936	17.639	17.709	18.547	17.598	17.746	415.42	415.34
04:31:30	17.938	17.64	17.706	18.511	17.598	17.746	415.42	415.34
04:32:30	17.937	17.639	17.704	18.489	17.597	17.747	415.42	415.34
04:33:30	17.936	17.639	17.703	18.476	17.597	17.746	415.42	415.34
04:34:30	17.937	17.639	17.7	18.469	17.598	17.748	415.42	415.34
04:35:30	17.937	17.639	17.696	18.453	17.597	17.747	415.42	415.34
04:36:30	17.936	17.638	17.695	18.438	17.597	17.746	415.42	415.34
04:37:30	17.937	17.639	17.695	18.427	17.597	17.747	415.42	415.34
04:38:30	17.937	17.639	17.69	18.425	17.597	17.746	415.42	415.34
04:39:30	17.936	17.64	17.692	18.42	17.597	17.746	415.42	415.34
04:40:30	17.936	17.638	17.689	18.422	17.598	17.748	415.42	415.34
04:41:30	17.937	17.641	17.687	18.423	17.597	17.747	415.42	415.34
04:42:30	17.937	17.641	17.686	18.45	17.597	17.746	415.42	415.34
04:43:30	17.937	17.64	17.684	18.51	17.598	17.748	415.42	415.34
04:44:30	17.936	17.639	17.684	18.528	17.598	17.749	415.42	415.34
04:45:30	17.937	17.638	17.683	18.622	17.597	17.747	415.42	415.34
04:46:30	17.937	17.64	17.687	18.635	17.598	17.747	415.42	415.34
04:47:30	17.937	17.641	17.688	18.685	17.596	17.747	415.42	415.34
04:48:30	17.938	17.639	17.694	18.686	17.598	17.748	415.42	415.34
04:49:30	17.936	17.639	17.693	18.585	17.598	17.747	415.42	415.34
04:50:30	17.938	17.639	17.69	18.486	17.597	17.748	415.42	415.34
04:51:30	17.937	17.64	17.684	18.437	17.597	17.747	415.42	415.34
04:52:30	17.936	17.639	17.685	18.417	17.598	17.747	415.42	415.34
04:53:31	17.937	17.639	17.683	18.42	17.598	17.748	415.42	415.34
04:54:30	17.936	17.638	17.683	18.417	17.598	17.747	415.42	415.34
04:55:30	17.936	17.637	17.68	18.406	17.598	17.747	415.42	415.34
04:56:30	17.936	17.637	17.679	18.381	17.598	17.747	415.42	415.34
04:57:30	17.936	17.638	17.677	18.332	17.598	17.748	415.42	415.34
04:58:30	17.938	17.637	17.676	18.297	17.597	17.747	415.42	415.34
04:59:30	17.936	17.637	17.674	18.286	17.596	17.746	415.42	415.34
05:00:31	17.936	17.636	17.672	18.273	17.597	17.748	415.42	415.34
05:01:30	17.936	17.636	17.67	18.251	17.597	17.747	415.42	415.34
05:02:30	17.936	17.635	17.67	18.241	17.597	17.746	415.42	415.34
05:03:30	17.936	17.635	17.669	18.23	17.596	17.745	415.42	415.34
05:04:30	17.936	17.636	17.666	18.22	17.596	17.746	415.42	415.34
05:05:30	17.935	17.636	17.663	18.213	17.595	17.747	415.42	415.34
05:06:30	17.935	17.636	17.662	18.203	17.596	17.745	415.42	415.34
05:07:30	17.936	17.636	17.659	18.204	17.596	17.746	415.42	415.34
05:08:30	17.935	17.636	17.657	18.203	17.597	17.746	415.42	415.34
05:09:30	17.935	17.636	17.657	18.228	17.596	17.746	415.42	415.34
05:10:30	17.936	17.634	17.656	18.295	17.595	17.745	415.42	415.34
05:11:30	17.935	17.635	17.662	18.374	17.595	17.746	415.42	415.34
05:12:30	17.935	17.636	17.671	18.441	17.596	17.747	415.42	415.34
05:13:30	17.935	17.636	17.678	18.507	17.597	17.747	415.42	415.34
05:14:30	17.936	17.636	17.683	18.495	17.597	17.747	415.42	415.34
05:15:30	17.935	17.636	17.687	18.419	17.598	17.747	415.42	415.34
05:16:31	17.935	17.637	17.685	18.405	17.596	17.747	415.42	415.34
05:17:31	17.934	17.638	17.683	18.372	17.597	17.745	415.42	415.34
05:18:31	17.935	17.636	17.68	18.369	17.595	17.747	415.42	415.34
05:19:31	17.935	17.637	17.679	18.548	17.597	17.747	415.42	415.34
05:20:31	17.935	17.636	17.685	19.197	17.596	17.745	415.42	415.34
05:21:31	17.934	17.635	17.698	19.688	17.596	17.745	415.42	415.34
05:22:31	17.934	17.635	17.719	19.773	17.596	17.745	415.42	415.34
05:23:31	17.935	17.634	17.73	19.387	17.594	17.745	415.42	415.34
05:24:31	17.935	17.634	17.727	19.084	17.594	17.746	415.42	415.34
05:25:31	17.933	17.634	17.72	18.855	17.595	17.746	415.42	415.34
05:26:31	17.935	17.633	17.712	18.69	17.596	17.746	415.42	415.34
05:27:31	17.935	17.633	17.708	18.601	17.595	17.745	415.42	415.34
05:28:31	17.935	17.634	17.705	18.556	17.595	17.746	415.42	415.34
05:29:31	17.934	17.633	17.702	18.519	17.595	17.746	415.42	415.34
05:30:32	17.934	17.634	17.699	18.489	17.595	17.745	415.42	415.34
05:31:31	0.0	17.633	17.697	18.465	17.594	17.746	415.42	415.34
05:32:31	17.934	17.632	17.694	18.448	17.595	17.744	415.42	415.34
05:33:31	17.933	17.633	17.692	18.432	17.595	17.746	415.42	415.34
05:34:30	17.933	17.631	17.689	18.422	17.594	17.745	415.42	415.34
05:35:31	17.933	17.632	17.687	18.41	17.594	17.745	415.42	415.34
05:36:31	17.932	17.631	17.685	18.397	17.592	17.745	415.42	415.34
05:37:31	17.933	17.631	17.682	18.389	17.593	17.745	415.42	415.34
05:38:31	17.933	17.63	17.679	18.388	17.593	17.744	415.42	415.34
05:39:31	17.932	17.63	17.68	18.384	17.592	17.745	415.42	415.34
05:40:31	17.933	17.629	17.678	18.382	17.592	17.743	415.42	415.34
05:41:31	17.932	17.629	17.675	18.38	17.592	17.745	415.42	415.34
05:42:31	17.933	17.629	17.671	18.378	17.594	17.746	415.42	415.34
05:43:31	17.932	17.629	17.668	18.377	17.594	17.744	415.42	415.34
05:44:31	17.932	17.629	17.668	18.39	17.594	17.744	415.42	415.34
05:45:31	17.934	17.63	17.67	18.47	17.594	17.746	415.42	415.34
05:46:31	17.932	17.629	17.676	18.547	17.593	17.745	415.42	415.34
05:47:31	17.932	17.63	17.683	18.644	17.594	17.746	415.42	415.34
05:48:31	17.932	17.629	17.695	18.733	17.593	17.744	415.42	415.34
05:49:31	17.932	17.63	17.706	18.812	17.594	17.746	415.42	415.34
05:50:31	17.933	17.629	17.717	18.835	17.594	17.743	415.42	415.34
05:51:30	17.932	17.629	17.723	18.772	17.593	17.743	415.42	415.34
05:52:31	17.932	17.628	17.727	18.757	17.591	17.743	415.42	415.34
05:53:30	17.931	17.627	17.727	18.679	17.592	17.744	415.42	415.34
05:54:31	17.932	17.627	17.722	18.588	17.593	17.743	415.42	415.34
05:55:31	17.931	17.626	17.717	18.698	17.592	17.744	415.42	415.34
05:56:31	17.931	17.627	17.714	18.723	17.592	17.743	415.42	415.34
05:57:31	17.932	17.627	17.711	18.659	17.592	17.745	415.42	415.34
05:58:31	17.931	17.627	17.71	18.591	17.593	17.745	415.42	415.34
05:59:31	17.931	17.626	17.706	18.689	17.593	17.744	415.42	415.34
06:00:31	17.932	17.626	17.707	19.097	17.592	17.745	415.42	415.34
06:01:31	17.93	17.627	17.711	19.309	17.592	17.745	415.42	415.34
06:02:31	17.93	17.625	17.724	19.448	17.591	17.744	415.42	415.34
06:03:31	17.931	17.625	17.735	19.331	17.592	17.745	415.42	415.34
06:04:31	17.93	17.625	17.735	19.003	17.593	17.745	415.42	415.34
06:05:31	17.931	17.625	17.731	18.762	17.593	17.744	415.42	415.34
06:06:31	17.93	17.625	17.723	18.595	17.592	17.745	415.42	415.34
06:07:31	17.93	17.625	17.718	18.556	17.592	17.745	415.42	415.34
06:08:31	17.93	17.625	17.714	18.602	17.592	17.744	415.42	415.34
06:09:31	17.93	17.624	17.713	18.597	17.592	17.745	415.42	415.34
06:10:31	17.93	17.624	17.712	18.557	17.592	17.744	415.42	415.34
06:11:31	17.93	17.625	17.71	18.521	17.592	17.745	415.42	415.34
06:12:31	17.93	17.625	17.706	18.464	17.593	17.745	415.42	415.34
06:13:31	17.93	17.625	17.705	18.428	17.593	17.746	415.42	415.34
06:14:31	17.93	17.626	17.701	18.398	17.593	17.747	415.42	415.34
06:15:31	17.93	17.626	17.701	18.358	17.593	17.745	415.42	415.34
06:16:31	17.929	17.626	17.698	18.327	17.593	17.745	415.42	415.34
06:17:31	17.93	17.625	17.695	18.31	17.592	17.743	415.42	415.34
06:18:31	17.929	17.625	17.696	18.291	17.591	17.744	415.42	415.34
06:19:31	17.93	17.624	17.693	18.278	17.591	17.743	415.42	415.34
06:20:31	17.93	17.624	17.69	18.262	17.591	17.743	415.42	415.34
06:21:31	17.929	17.624	17.689	18.257	17.591	17.744	415.42	415.34
06:22:31	17.93	17.624	17.687	18.266	17.591	17.743	415.42	415.34
06:23:31	17.929	17.624	17.685	18.267	17.592	17.744	415.42	415.34
06:24:31	17.929	17.623	17.684	18.265	17.592	17.744	415.42	415.34
06:25:31	17.928	17.624	17.683	18.258	17.593	17.744	415.42	415.34
06:26:31	17.928	17.624	17.683	18.252	17.591	17.744	415.42	415.34
06:27:31	17.928	17.626	17.68	18.249	17.592	17.744	415.42	415.34
06:28:31	17.929	17.624	17.678	18.271	17.592	17.745	415.42	415.34
06:29:31	17.929	17.624	17.677	18.298	17.592	17.745	415.42	415.34
06:30:31	17.927	17.624	17.677	18.297	17.592	17.744	415.42	415.34
06:31:30	17.929	17.624	17.676	18.314	17.592	17.745	415.42	415.34
06:32:31	17.928	17.623	17.674	18.348	17.592	17.745	415.42	415.34
06:33:31	17.928	17.623	17.677	18.388	17.593	17.744	415.42	415.34
06:34:30	17.928	17.623	17.678	18.419	17.594	17.745	415.42	415.34
06:35:31	17.928	17.625	17.682	18.459	17.593	17.745	415.42	415.34
06:36:31	17.928	17.625	17.686	18.508	17.593	17.746	415.42	415.34
06:37:30	17.928	17.625	17.69	18.563	17.594	17.745	415.42	415.34
06:38:31	17.928	17.624	17.692	18.524	17.592	17.744	415.42	415.34
06:39:31	17.927	17.625	17.692	18.488	17.592	17.745	415.42	415.34
06:40:31	17.929	17.625	17.69	18.46	17.593	17.745	415.42	415.34
06:41:31	17.929	17.625	17.689	18.538	17.593	17.744	415.42	415.34
06:42:30	17.928	17.624	17.69	18.872	17.592	17.744	415.42	415.34
06:43:31	0.0	17.625	17.703	19.375	17.592	17.745	415.42	415.34
06:44:31	17.929	17.625	17.72	19.837	17.591	17.744	415.42	415.34
06:45:31	17.929	17.625	17.738	19.931	17.591	17.744	415.42	415.34
06:46:31	17.927	17.625	17.752	19.618	17.592	17.744	415.42	415.34
06:47:31	17.928	17.623	17.751	19.269	17.591	17.743	415.42	415.34
06:48:31	17.928	17.624	17.744	18.99	17.59	17.744	415.42	415.34
06:49:31	17.928	17.622	17.736	18.796	17.592	17.743	415.42	415.34
06:50:31	17.927	17.622	17.732	18.696	17.592	17.743	415.42	415.34
06:51:31	17.927	17.623	17.729	18.645	17.591	17.744	415.42	415.34
06:52:31	17.929	17.622	17.726	18.597	17.592	17.744	415.42	415.34
06:53:31	17.926	17.621	17.72	18.568	17.591	17.745	415.42	415.34
06:54:31	17.927	17.622	17.719	18.544	17.591	17.744	415.42	415.34
06:55:31	17.927	17.622	17.714	18.524	17.591	17.744	415.42	415.34
06:56:31	17.927	17.621	17.711	18.504	17.59	17.744	415.42	415.34
06:57:31	17.927	17.621	17.71	18.492	17.591	17.744	415.42	415.34
06:58:31	17.927	17.622	17.706	18.479	17.591	17.745	415.42	415.34
06:59:31	17.926	17.621	17.703	18.465	17.591	17.744	415.42	415.34
07:00:31	17.927	17.621	17.702	18.454	17.591	17.743	415.42	415.34
07:01:31	17.926	17.62	17.7	18.45	17.591	17.744	415.42	415.34
07:02:31	17.926	17.62	17.7	18.445	17.591	17.744	415.42	415.34
07:03:31	17.927	17.621	17.698	18.44	17.589	17.744	415.42	415.34
07:04:31	17.927	17.619	17.697	18.438	17.591	17.744	415.42	415.34
07:05:31	17.927	17.62	17.695	18.449	17.592	17.742	415.42	415.34
07:06:32	17.926	17.621	17.693	18.448	17.591	17.744	415.42	415.34
07:07:31	17.926	17.621	17.693	18.463	17.591	17.744	415.42	415.34
07:08:31	17.925	17.62	17.694	18.488	17.591	17.744	415.42	415.34
07:09:31	17.925	17.62	17.696	18.534	17.592	17.744	415.42	415.34
07:10:34	17.925	17.62	17.699	18.582	17.591	17.744	415.42	415.34
07:11:31	0.0	17.622	17.705	18.58	17.591	17.744	415.42	415.34
07:12:31	17.926	17.622	17.708	18.593	17.592	17.744	415.42	415.34
07:13:31	17.926	17.622	17.712	18.628	17.591	17.743	415.42	415.34
07:14:31	17.927	17.622	17.717	18.669	17.592	17.744	415.42	415.34
07:15:31	17.925	17.622	17.719	18.696	17.592	17.743	415.42	415.34
07:16:31	17.926	17.622	17.726	18.748	17.591	17.742	415.42	415.34
07:17:31	17.926	17.622	17.733	18.796	17.592	17.743	415.42	415.34
07:18:31	17.925	17.621	17.741	18.789	17.59	17.744	415.42	415.34
07:19:31	17.926	17.621	17.743	18.817	17.591	17.742	415.42	415.34
07:20:31	17.926	17.62	17.748	18.789	17.591	17.744	415.42	415.34
07:21:31	17.925	17.619	17.752	18.757	17.591	17.743	415.42	415.34
07:22:31	17.925	17.62	17.749	18.723	17.591	17.743	415.42	415.34
07:23:31	17.925	17.62	17.745	18.663	17.59	17.743	415.42	415.34
07:24:31	17.925	17.62	17.737	18.781	17.59	17.744	415.42	415.34
07:25:31	17.926	17.619	17.733	18.76	17.59	17.743	415.42	415.34
07:26:31	17.925	17.619	17.733	18.774	17.59	17.742	415.42	415.34
07:27:31	17.925	17.619	17.732	18.739	17.589	17.743	415.42	415.34
07:28:31	17.925	17.618	17.731	18.843	17.588	17.742	415.42	415.34
07:29:31	17.925	17.617	17.73	19.231	17.59	17.743	415.42	415.34
07:30:31	17.925	17.619	17.736	19.603	17.59	17.743	415.42	415.34
07:31:31	17.925	17.618	17.746	19.342	17.591	17.742	415.42	415.34
07:32:31	17.925	17.619	17.75	19.153	17.59	17.743	415.42	415.34
07:33:31	17.925	17.618	17.755	18.967	17.589	17.743	415.42	415.34
07:34:31	17.924	17.618	17.756	18.782	17.588	17.742	415.42	415.34
07:35:31	17.924	17.619	17.751	18.834	17.59	17.743	415.42	415.34
07:36:32	17.923	17.618	17.748	18.772	17.589	17.743	415.42	415.34
07:37:31	17.925	17.618	17.746	18.773	17.589	17.743	415.42	415.34
07:38:31	17.924	17.62	17.746	18.748	17.59	17.744	415.42	415.34
07:39:31	17.925	17.619	17.744	18.685	17.59	17.744	415.42	415.34
07:40:31	17.925	17.62	17.745	18.625	17.589	17.743	415.42	415.34
07:41:31	17.924	17.62	17.742	18.569	17.591	17.744	415.42	415.34
07:42:31	17.924	17.621	17.74	18.522	17.59	17.743	415.42	415.34
07:43:32	17.925	17.62	17.736	18.471	17.59	17.743	415.42	415.34
07:44:31	17.925	17.62	17.734	18.432	17.592	17.743	415.42	415.34
07:45:31	17.924	17.621	17.731	18.388	17.589	17.743	415.42	415.34
07:46:31	17.924	17.619	17.727	18.362	17.589	17.742	415.42	415.34
07:47:31	17.924	17.619	17.725	18.359	17.589	17.743	415.42	415.34
07:48:31	17.925	17.619	17.722	18.349	17.59	17.744	415.42	415.34
07:49:31	17.924	17.62	17.721	18.337	17.589	17.743	415.42	415.34
07:50:31	17.924	17.62	17.719	18.342	17.591	17.743	415.42	415.34
07:51:31	17.925	17.62	17.72	18.35	17.589	17.742	415.42	415.34
07:52:31	17.923	17.619	17.718	18.355	17.588	17.743	415.42	415.34
07:53:31	17.925	17.62	17.717	18.344	17.59	17.743	415.42	415.34
07:54:31	17.924	17.62	17.716	18.363	17.589	17.742	415.42	415.34
07:55:31	17.924	17.619	17.717	18.371	17.59	17.742	415.42	415.34
07:56:31	17.925	17.619	17.717	18.405	17.59	17.742	415.42	415.34
07:57:31	17.924	17.618	17.721	18.452	17.588	17.742	415.42	415.34
07:58:31	17.923	17.619	17.724	18.509	17.589	17.742	415.42	415.34
07:59:31	17.925	17.618	17.729	18.521	17.588	17.741	415.42	415.34
08:00:31	17.924	17.618	17.735	18.538	17.589	17.741	415.42	415.34
08:01:31	17.923	17.618	17.739	18.588	17.589	17.742	415.42	415.34
08:02:31	17.923	17.618	17.741	18.601	17.587	17.741	415.42	415.34
08:03:31	17.924	17.618	17.749	18.632	17.589	17.742	415.42	415.34
08:04:31	17.924	17.619	17.755	18.691	17.59	17.742	415.42	415.34
08:05:31	17.923	17.62	17.759	18.694	17.589	17.742	415.42	415.34
08:06:31	17.925	17.62	17.761	18.659	17.59	17.742	415.42	415.34
08:07:31	17.923	17.619	17.757	18.627	17.589	17.742	415.42	415.34
08:08:31	17.923	17.621	17.751	18.615	17.588	17.742	415.42	415.34
08:09:31	17.923	17.621	17.743	18.582	17.588	17.741	415.42	415.34
08:10:31	17.923	17.619	17.737	18.644	17.588	17.742	415.42	415.34
08:11:31	17.922	17.618	17.734	18.838	17.588	17.742	415.42	415.34
08:12:31	17.923	17.62	17.738	18.787	17.588	17.741	415.42	415.34
08:13:31	17.922	17.619	17.739	18.71	17.588	17.743	415.42	415.34
08:14:31	17.924	17.618	17.74	18.651	17.588	17.742	415.42	415.34
08:15:31	17.923	17.619	17.737	18.618	17.587	17.741	415.42	415.34
08:16:31	17.923	17.619	17.736	18.603	17.587	17.742	415.42	415.34
08:17:31	17.923	17.619	17.734	18.584	17.588	17.742	415.42	415.34
08:18:32	17.922	17.619	17.732	18.586	17.588	17.741	415.42	415.34
08:19:31	0.0	17.618	17.731	18.612	17.587	17.741	415.42	415.34
08:20:31	17.922	17.617	17.729	18.605	17.588	17.741	415.42	415.34
08:21:31	17.923	17.619	17.728	18.605	17.588	17.741	415.42	415.34
08:22:31	17.922	17.618	17.729	18.542	17.588	17.742	415.42	415.34
08:23:33	17.922	17.619	17.728	18.515	17.588	17.743	415.42	415.34
08:24:31	17.923	17.619	17.728	18.51	17.588	17.743	415.42	415.34
08:25:32	17.923	17.62	17.728	18.559	17.589	17.743	415.42	415.34
08:26:31	17.922	17.621	17.732	18.562	17.589	17.743	415.42	415.34
08:27:32	17.923	17.621	17.733	18.538	17.59	17.742	415.42	415.34
08:28:31	0.0	17.622	17.733	18.519	17.589	17.741	415.42	415.34
08:29:31	17.922	17.621	17.729	18.474	17.589	17.743	415.42	415.34
08:30:32	17.924	17.622	17.728	18.479	17.588	17.743	415.42	415.34
08:31:31	17.923	17.623	17.728	18.519	17.589	17.743	415.42	415.34
08:32:34	17.922	17.623	17.729	18.511	17.59	17.742	415.42	415.34
08:33:31	17.923	17.624	17.727	18.497	17.591	17.743	415.42	415.34
08:34:31	17.923	17.624	17.728	18.518	17.59	17.743	415.42	415.34
08:35:31	17.923	17.624	17.728	18.657	17.59	17.742	415.42	415.34
08:36:31	17.923	17.625	17.733	18.873	17.589	17.743	415.42	415.34
08:37:31	17.924	17.625	17.743	18.995	17.591	17.744	415.42	415.34
08:38:31	17.924	17.626	17.749	19.147	17.59	17.743	415.42	415.34
08:39:31	17.925	17.627	17.75	18.987	17.591	17.743	415.42	415.34
08:40:31	17.925	17.627	17.744	18.812	17.59	17.743	415.42	415.34
08:41:31	17.924	17.625	17.738	18.68	17.589	17.742	415.42	415.34
08:42:31	17.924	17.627	17.733	18.585	17.591	17.744	415.42	415.34
08:43:31	17.924	17.627	17.734	18.558	17.591	17.743	415.42	415.34
08:44:31	17.925	17.626	17.733	18.526	17.591	17.744	415.42	415.34
08:45:31	17.924	17.627	17.732	18.501	17.589	17.742	415.42	415.34
08:46:31	17.925	17.629	17.731	18.468	17.59	17.743	415.42	415.34
08:47:31	17.925	17.627	17.73	18.459	17.592	17.744	415.42	415.34
08:48:31	17.924	17.627	17.734	18.473	17.59	17.743	415.42	415.34
08:49:31	17.924	17.626	17.737	18.519	17.591	17.743	415.42	415.34
08:50:31	17.925	17.628	17.741	18.584	17.591	17.743	415.42	415.34
08:51:31	17.924	17.627	17.744	18.579	17.591	17.744	415.42	415.34
08:52:31	17.925	17.628	17.746	18.605	17.59	17.743	415.42	415.34
08:53:31	17.924	17.627	17.753	18.604	17.59	17.743	415.42	415.34
08:54:31	17.925	17.628	17.76	18.619	17.592	17.744	415.42	415.34
08:55:31	17.924	17.628	17.762	18.642	17.591	17.744	415.42	415.34
08:56:31	17.924	17.63	17.766	18.652	17.592	17.744	415.42	415.34
08:57:31	17.924	17.629	17.762	18.654	17.593	17.744	415.42	415.34
08:58:31	17.925	17.63	17.758	18.63	17.591	17.743	415.42	415.34
08:59:33	17.925	17.63	17.75	18.742	17.592	17.743	415.42	415.34
09:00:31	17.924	17.631	17.746	18.738	17.592	17.743	415.42	415.34
09:01:31	17.925	17.631	17.743	18.758	17.593	17.744	415.42	415.34
09:02:31	17.926	17.632	17.746	18.755	17.593	17.744	415.42	415.34
09:03:31	17.925	17.631	17.747	18.695	17.594	17.744	415.42	415.34
09:04:31	17.925	17.632	17.745	18.661	17.592	17.743	415.42	415.34
09:05:31	17.925	17.632	17.742	18.642	17.593	17.745	415.42	415.34
09:06:32	17.924	17.631	17.74	18.634	17.592	17.743	415.42	415.34
09:07:31	17.925	17.63	17.737	18.611	17.591	17.743	415.42	415.34
09:08:31	17.926	17.631	17.736	18.636	17.592	17.743	415.42	415.34
09:09:31	17.925	17.631	17.738	18.617	17.592	17.743	415.42	415.34
09:10:33	17.926	17.63	17.737	18.563	17.591	17.743	415.42	415.34
09:11:31	17.925	17.63	17.737	18.563	17.591	17.743	415.42	415.34
09:12:31	17.925	17.631	17.738	18.631	17.592	17.744	415.42	415.34
09:13:31	17.924	17.631	17.744	18.633	17.592	17.743	415.42	415.34
09:14:31	17.924	17.63	17.748	18.677	17.593	17.745	415.42	415.34
09:15:31	17.925	17.631	17.751	18.68	17.593	17.743	415.42	415.34
09:16:31	17.925	17.631	17.754	18.674	17.592	17.744	415.42	415.34
09:17:31	17.925	17.632	17.75	18.676	17.591	17.744	415.42	415.34
09:18:31	17.925	17.632	17.743	18.625	17.593	17.743	415.42	415.34
09:19:31	17.926	17.633	17.737	18.587	17.594	17.744	415.42	415.34
09:20:31	17.926	17.634	17.733	18.539	17.594	17.744	415.42	415.34
09:21:31	17.926	17.634	17.737	18.545	17.596	17.745	415.42	415.34
09:22:31	17.927	17.635	17.737	18.544	17.593	17.744	415.42	415.34
09:23:31	17.927	17.635	17.736	18.538	17.594	17.746	415.42	415.34
09:24:31	17.927	17.636	17.735	18.525	17.593	17.744	415.42	415.34
09:25:31	17.927	17.636	17.733	18.507	17.594	17.744	415.42	415.34
09:26:31	17.926	17.636	17.729	18.492	17.595	17.744	415.42	415.34
09:27:31	17.926	17.637	17.728	18.495	17.594	17.745	415.42	415.34
09:28:31	17.926	17.636	17.729	18.533	17.593	17.744	415.42	415.34
09:29:31	17.926	17.635	17.732	18.607	17.593	17.743	415.42	415.34
09:30:31	17.926	17.635	17.739	18.658	17.592	17.744	415.42	415.34
09:31:31	17.927	17.636	17.749	18.661	17.593	17.744	415.42	415.34
09:32:31	17.926	17.635	17.75	18.686	17.593	17.744	415.42	415.34
09:33:31	17.926	17.634	17.753	18.694	17.593	17.743	415.42	415.34
09:34:31	17.926	17.635	17.759	18.685	17.592	17.743	415.42	415.34
09:35:31	17.926	17.635	17.761	18.663	17.593	17.743	415.42	415.34
09:36:31	17.927	17.634	17.755	18.641	17.593	17.743	415.42	415.34
09:37:31	17.927	17.635	17.752	18.711	17.592	17.744	415.42	415.34
09:38:31	17.927	17.635	17.745	18.707	17.592	17.744	415.42	415.34
09:39:31	17.927	17.636	17.743	18.66	17.593	17.744	415.42	415.34
09:40:31	17.926	17.636	17.745	18.651	17.593	17.743	415.42	415.34
09:41:31	17.927	17.637	17.745	18.636	17.593	17.743	415.42	415.34
09:42:32	17.927	17.639	17.743	18.615	17.595	17.745	415.42	415.34
09:43:31	0.0	17.638	17.741	18.597	17.595	17.745	415.42	415.34
09:44:31	17.928	17.638	17.738	18.614	17.594	17.745	415.42	415.34
09:45:31	17.927	17.639	17.737	18.576	17.595	17.745	415.42	415.34
09:46:31	17.927	17.639	17.731	18.562	17.594	17.744	415.42	415.34
09:47:31	17.928	17.64	17.733	18.564	17.595	17.745	415.42	415.34
09:48:31	17.928	17.639	17.734	18.548	17.594	17.743	415.42	415.34
09:49:31	17.929	17.64	17.737	18.526	17.594	17.745	415.42	415.34
09:50:31	17.928	17.64	17.736	18.508	17.596	17.744	415.42	415.34
09:51:31	17.928	17.641	17.735	18.521	17.596	17.746	415.42	415.34
09:52:33	17.928	17.641	17.735	18.636	17.596	17.744	415.42	415.34
09:53:31	17.928	17.641	17.739	18.725	17.596	17.746	415.42	415.34
09:54:31	17.929	17.642	17.743	18.742	17.596	17.746	415.42	415.34
09:55:31	17.928	17.642	17.75	18.65	17.596	17.744	415.42	415.34
09:56:31	17.929	17.642	17.742	18.601	17.595	17.745	415.42	415.34
09:57:31	17.929	17.642	17.735	18.568	17.594	17.745	415.42	415.34
09:58:31	17.929	17.642	17.731	18.54	17.595	17.745	415.42	415.34
09:59:31	17.928	17.641	17.728	18.522	17.595	17.743	415.42	415.34
10:00:31	17.928	17.643	17.729	18.515	17.595	17.744	415.42	415.34
10:01:31	17.929	17.643	17.729	18.508	17.595	17.744	415.42	415.34
10:02:31	17.929	17.642	17.727	18.5	17.596	17.745	415.42	415.34
10:03:31	17.929	17.641	17.724	18.498	17.595	17.745	415.42	415.34
10:04:31	17.93	17.642	17.725	18.496	17.595	17.743	415.42	415.34
10:05:31	17.929	17.641	17.728	18.569	17.595	17.745	415.42	415.34
10:06:31	17.929	17.641	17.738	18.646	17.594	17.745	415.42	415.34
10:07:31	17.93	17.641	17.747	18.664	17.593	17.744	415.42	415.34
10:08:31	17.93	17.642	17.753	18.663	17.594	17.742	415.42	415.34
10:09:31	17.929	17.641	17.754	18.654	17.593	17.743	415.42	415.34
10:10:31	17.929	17.641	17.756	18.709	17.594	17.744	415.42	415.34
10:11:31	17.929	17.641	17.763	18.681	17.594	17.744	415.42	415.34
10:12:31	17.93	17.642	17.765	18.63	17.594	17.743	415.42	415.34
10:13:31	17.929	17.642	17.76	18.601	17.594	17.745	415.42	415.34
10:14:31	17.929	17.643	17.753	18.627	17.595	17.744	415.42	415.34
10:15:31	17.929	17.643	17.744	18.623	17.595	17.745	415.42	415.34
10:16:31	17.929	17.643	17.738	18.828	17.596	17.744	415.42	415.34
10:17:31	17.929	17.645	17.741	18.782	17.595	17.745	415.42	415.34
10:18:31	17.929	17.644	17.743	18.731	17.596	17.746	415.42	415.34
10:19:31	17.93	17.644	17.74	18.671	17.595	17.746	415.42	415.34
10:20:31	17.93	17.644	17.74	18.63	17.596	17.745	415.42	415.34
10:21:31	17.93	17.644	17.739	18.614	17.595	17.744	415.42	415.34
10:22:31	17.93	17.644	17.738	18.611	17.595	17.746	415.42	415.34
10:23:31	17.93	17.646	17.736	18.612	17.595	17.745	415.42	415.34
10:24:31	17.93	17.645	17.735	18.629	17.596	17.745	415.42	415.34
10:25:31	17.929	17.646	17.737	18.648	17.595	17.745	415.42	415.34
10:26:31	17.931	17.647	17.737	18.624	17.597	17.745	415.42	415.34
10:27:31	17.931	17.646	17.738	18.558	17.597	17.745	415.42	415.34
10:28:32	17.931	17.647	17.737	18.544	17.597	17.746	415.42	415.34
10:29:31	17.931	17.648	17.738	18.557	17.597	17.746	415.42	415.34
10:30:31	17.931	17.648	17.739	18.645	17.597	17.746	415.42	415.34
10:31:32	17.931	17.649	17.745	18.726	17.598	17.746	415.42	415.34
10:32:31	0.0	17.649	17.748	18.698	17.598	17.745	415.42	415.34
10:33:31	17.93	17.649	17.742	18.662	17.597	17.745	415.42	415.34
10:34:31	17.93	17.649	17.738	18.602	17.598	17.746	415.42	415.34
10:35:31	17.931	17.65	17.736	18.607	17.597	17.745	415.42	415.34
10:36:31	17.931	17.649	17.735	18.591	17.598	17.746	415.42	415.34
10:37:31	17.93	17.649	17.735	18.588	17.6	17.747	415.42	415.34
10:38:31	17.931	17.649	17.733	18.565	17.6	17.747	415.42	415.34
10:39:31	17.931	17.65	17.733	18.562	17.598	17.746	415.42	415.34
10:40:31	17.932	17.65	17.731	18.551	17.599	17.746	415.42	415.34
10:41:31	17.932	17.651	17.73	18.554	17.599	17.747	415.42	415.34
10:42:31	17.932	17.651	17.727	18.56	17.598	17.747	415.42	415.34
10:43:31	17.932	17.651	17.727	18.547	17.598	17.746	415.42	415.34
10:44:31	17.931	17.651	17.722	18.554	17.598	17.745	415.42	415.34
10:45:31	17.932	17.652	17.721	18.543	17.599	17.747	415.42	415.34
10:46:31	17.932	17.65	17.719	18.54	17.599	17.746	415.42	415.34
10:47:31	17.933	17.651	17.72	18.538	17.599	17.746	415.42	415.34
10:48:31	17.932	17.651	17.72	18.541	17.599	17.746	415.42	415.34
10:49:31	17.932	17.65	17.72	18.544	17.598	17.746	415.42	415.34
10:50:31	17.932	17.651	17.721	18.556	17.598	17.745	415.42	415.34
10:51:31	17.932	17.649	17.718	18.551	17.597	17.746	415.42	415.34
10:52:31	17.932	17.651	17.716	18.558	17.597	17.745	415.42	415.34
10:53:31	17.933	17.651	17.714	18.641	17.598	17.746	415.42	415.34
10:54:32	17.933	17.651	17.714	18.684	17.598	17.746	415.42	415.34
10:55:31	17.933	17.651	17.717	18.685	17.6	17.747	415.42	415.34
10:56:32	17.933	17.651	17.718	18.69	17.599	17.746	415.42	415.34
10:57:31	17.933	17.65	17.719	18.694	17.598	17.745	415.42	415.34
10:58:31	17.933	17.652	17.72	18.836	17.597	17.746	415.42	415.34
10:59:31	17.933	17.651	17.725	18.959	17.597	17.745	415.42	415.34
11:00:31	17.933	17.652	17.728	18.843	17.598	17.747	415.42	415.34
11:01:31	17.932	17.653	17.727	18.691	17.596	17.747	415.42	415.34
11:02:31	17.933	17.651	17.722	18.637	17.598	17.746	415.42	415.34
11:03:31	17.934	17.652	17.722	18.596	17.597	17.745	415.42	415.34
11:04:31	17.933	17.651	17.72	18.591	17.597	17.745	415.42	415.34
11:05:31	17.933	17.651	17.72	18.581	17.598	17.746	415.42	415.34
11:06:31	17.934	17.652	17.719	18.569	17.598	17.745	415.42	415.34
11:07:31	17.934	17.653	17.719	18.599	17.598	17.745	415.42	415.34
11:08:31	17.933	17.652	17.718	18.907	17.598	17.746	415.42	415.34
11:09:31	17.933	17.652	17.722	19.208	17.598	17.746	415.42	415.34
11:10:31	17.934	17.652	17.733	19.6	17.597	17.746	415.42	415.34
11:11:31	17.933	17.654	17.749	19.81	17.598	17.746	415.42	415.34
11:12:31	17.933	17.654	17.761	19.664	17.597	17.745	415.42	415.34
11:13:31	17.934	17.654	17.768	19.276	17.598	17.747	415.42	415.34
11:14:31	17.935	17.655	17.763	18.961	17.599	17.747	415.42	415.34
11:15:31	17.934	17.654	17.756	18.741	17.598	17.746	415.42	415.34
11:16:31	17.934	17.654	17.752	18.583	17.598	17.745	415.42	415.34
11:17:31	17.934	17.654	17.747	18.524	17.598	17.745	415.42	415.34
11:18:31	17.935	17.655	17.742	18.509	17.598	17.746	415.42	415.34
11:19:31	17.934	17.655	17.741	18.477	17.597	17.744	415.42	415.34
11:20:31	17.935	17.653	17.738	18.446	17.599	17.745	415.42	415.34
11:21:31	17.934	17.652	17.735	18.424	17.596	17.743	415.42	415.34
11:22:31	17.933	17.653	17.729	18.408	17.595	17.743	415.42	415.34
11:23:31	17.935	17.651	17.724	18.391	17.595	17.744	415.42	415.34
11:24:31	17.935	17.651	17.723	18.377	17.594	17.744	415.42	415.34
11:25:31	17.934	17.651	17.721	18.376	17.594	17.743	415.42	415.34
11:26:31	17.933	17.651	17.719	18.366	17.594	17.744	415.42	415.34
11:27:31	17.934	17.652	17.702	18.357	17.593	17.743	415.42	415.34
11:28:31	17.934	17.65	17.704	18.371	17.593	17.743	415.42	415.34
11:29:31	17.933	17.65	17.706	18.411	17.593	17.743	415.42	415.34
11:30:31	17.934	17.65	17.707	18.446	17.593	17.743	415.42	415.34
11:31:31	17.934	17.651	17.708	18.466	17.594	17.743	415.42	415.34
11:32:31	17.934	17.65	17.709	18.476	17.593	17.743	415.42	415.34
11:33:31	17.933	17.651	17.71	18.5	17.595	17.743	415.42	415.34
11:34:31	17.935	17.651	17.712	18.517	17.596	17.744	415.42	415.34
11:35:31	17.935	17.653	17.715	18.541	17.595	17.743	415.42	415.34
11:36:31	17.934	17.653	17.718	18.557	17.596	17.745	415.42	415.34
11:37:31	17.934	17.653	17.721	18.575	17.597	17.744	415.42	415.34
11:38:31	17.934	17.653	17.724	18.595	17.596	17.745	415.42	415.34
11:39:32	17.935	17.654	17.727	18.601	17.596	17.745	415.42	415.34
11:40:31	17.935	17.654	17.729	18.616	17.596	17.744	415.42	415.34
11:41:31	17.935	17.654	17.731	18.641	17.597	17.746	415.42	415.34
11:42:31	17.934	17.655	17.735	18.69	17.597	17.745	415.42	415.34
11:43:31	17.935	17.655	17.741	18.666	17.598	17.745	415.42	415.34
11:44:32	17.935	17.655	17.743	18.671	17.598	17.746	415.42	415.34
11:45:31	17.935	17.656	17.744	18.666	17.598	17.745	415.42	415.34
11:46:31	17.936	17.655	17.745	18.675	17.598	17.746	415.42	415.34
11:47:31	17.935	17.656	17.747	18.701	17.597	17.744	415.42	415.34
11:48:31	17.936	17.656	17.752	18.747	17.599	17.746	415.42	415.34
11:49:31	17.935	17.657	17.757	18.778	17.598	17.744	415.42	415.34
11:50:31	17.935	17.656	17.763	18.759	17.597	17.745	415.42	415.34
11:51:31	17.936	17.657	17.762	18.719	17.598	17.745	415.42	415.34
11:52:31	17.936	17.656	17.761	18.683	17.599	17.746	415.42	415.34
11:53:31	17.936	17.657	17.755	18.644	17.598	17.745	415.42	415.34
11:54:31	17.936	17.658	17.747	18.65	17.598	17.746	415.42	415.34
11:55:31	17.936	17.657	17.745	18.617	17.598	17.746	415.42	415.34
11:56:31	17.936	17.659	17.743	18.878	17.598	17.745	415.42	415.34
11:57:31	17.936	17.658	17.744	18.819	17.599	17.746	415.42	415.34
11:58:31	17.935	17.658	17.743	18.715	17.598	17.745	415.42	415.34
11:59:31	17.936	17.659	17.741	18.641	17.599	17.746	415.42	415.34
12:00:31	17.936	17.658	17.737	18.594	17.598	17.745	415.42	415.34
12:01:31	17.937	17.658	17.735	18.577	17.598	17.745	415.42	415.34
12:02:31	17.937	17.659	17.732	18.874	17.598	17.745	415.42	415.34
12:03:31	17.938	17.659	17.737	19.289	17.599	17.746	415.42	415.34
12:04:31	17.938	17.658	17.751	19.495	17.597	17.746	415.42	415.34
12:05:31	17.936	17.658	17.763	19.286	17.598	17.746	415.42	415.34
12:06:31	17.936	17.658	17.766	18.993	17.598	17.747	415.42	415.34
12:07:31	17.937	17.657	17.762	18.816	17.599	17.744	415.42	415.34
12:08:31	17.937	17.659	17.758	18.732	17.599	17.746	415.42	415.34
12:09:31	17.937	17.659	17.748	18.677	17.599	17.746	415.42	415.34
12:10:31	17.936	17.659	17.741	18.618	17.598	17.745	415.42	415.34
12:11:31	17.937	17.66	17.737	18.551	17.597	17.746	415.42	415.34
12:12:31	17.936	17.659	17.737	18.502	17.599	17.746	415.42	415.34
12:13:34	17.937	17.659	17.734	18.467	17.599	17.746	415.42	415.34
12:14:32	17.937	17.659	17.732	18.434	17.598	17.745	415.42	415.34
12:15:32	17.937	17.66	17.729	18.411	17.597	17.745	415.42	415.34
12:16:32	17.938	17.659	17.727	18.394	17.599	17.745	415.42	415.34
12:17:32	17.937	17.66	17.724	0.0	17.599	17.746	415.42	415.34
12:18:32	17.938	17.659	17.722	18.365	17.599	17.746	415.42	415.34
12:19:32	17.938	17.658	17.718	18.343	17.599	17.746	415.42	415.34
12:20:34	17.938	17.658	17.717	18.337	17.598	17.745	415.42	415.34
12:21:32	17.939	17.659	17.717	18.338	17.596	17.745	415.42	415.34
12:22:32	17.938	17.659	17.717	18.326	17.599	17.746	415.42	415.34
12:23:32	17.938	17.659	17.714	18.323	17.598	17.745	415.42	415.34
12:24:32	17.937	17.659	17.714	18.328	17.597	17.745	415.42	415.34
12:25:32	17.938	17.66	17.714	18.321	17.598	17.746	415.42	415.34
12:26:32	17.938	17.66	17.715	18.343	17.597	17.745	415.42	415.34
12:27:32	17.939	17.66	17.717	18.487	17.598	17.746	415.42	415.34
12:28:32	17.938	17.66	17.722	18.614	17.599	17.745	415.42	415.34
12:29:32	17.938	17.661	17.73	18.709	17.598	17.746	415.42	415.34
12:30:32	17.938	17.66	17.738	18.696	17.599	17.746	415.42	415.34
12:31:32	17.939	17.659	17.741	18.701	17.599	17.746	415.42	415.34
12:32:32	17.938	17.66	17.745	18.676	17.598	17.747	415.42	415.34
12:33:32	17.938	17.661	17.747	18.648	17.597	17.746	415.42	415.34
12:34:32	17.938	17.66	17.741	18.619	17.598	17.745	415.42	415.34
12:35:32	17.939	17.66	17.732	18.582	17.598	17.745	415.42	415.34
12:36:32	17.939	17.661	17.73	18.553	17.599	17.746	415.42	415.34
12:37:32	17.939	17.662	17.731	18.544	17.599	17.746	415.42	415.34
12:38:32	17.939	17.663	17.732	18.539	17.598	17.746	415.42	415.34
12:39:32	17.939	17.662	17.731	18.533	17.6	17.745	415.42	415.34
12:40:32	17.94	17.661	17.729	18.524	17.599	17.746	415.42	415.34
12:41:32	17.939	17.662	17.728	18.513	17.6	17.745	415.42	415.34
12:42:32	17.939	17.662	17.727	18.508	17.6	17.746	415.42	415.34
12:43:32	17.939	17.662	17.723	18.512	17.6	17.746	415.42	415.34
12:44:32	17.939	17.663	17.726	18.641	17.6	17.746	415.42	415.34
12:45:32	17.94	17.664	17.737	18.821	17.599	17.746	415.42	415.34
12:46:32	17.939	17.665	17.751	18.855	17.6	17.747	415.42	415.34
12:47:32	17.94	17.664	17.763	18.792	17.6	17.747	415.42	415.34
12:48:33	17.939	17.663	17.762	18.719	17.601	17.747	415.42	415.34
12:49:32	0.0	17.664	17.759	18.651	17.602	17.747	415.42	415.34
12:50:33	17.939	17.664	17.753	18.596	17.6	17.746	415.42	415.34
12:51:32	0.0	17.666	17.748	18.554	17.6	17.746	415.42	415.34
12:52:32	17.94	17.665	17.745	18.645	17.6	17.747	415.42	415.34
12:53:32	17.939	17.664	17.743	18.766	17.601	17.746	415.42	415.34
12:54:32	17.94	17.666	17.742	18.703	17.599	17.746	415.42	415.34
12:55:33	17.94	17.664	17.739	18.648	17.6	17.746	415.42	415.34
12:56:32	17.94	17.665	17.738	18.596	17.601	17.747	415.42	415.34
12:57:32	17.94	0.0	17.737	18.548	17.601	17.748	415.42	415.34
12:58:32	17.941	17.664	17.733	18.524	17.599	17.746	415.42	415.34
12:59:32	17.941	17.664	17.731	18.511	17.601	17.747	415.42	415.34
13:00:32	17.941	17.664	17.73	18.506	17.6	17.746	415.42	415.34
13:01:32	17.94	17.665	17.726	18.505	17.602	17.747	415.42	415.34
13:02:32	17.941	17.664	17.723	18.502	17.601	17.746	415.42	415.34
13:03:32	17.941	17.665	17.721	18.501	17.601	17.747	415.42	415.34
13:04:32	17.941	17.664	17.722	18.502	17.601	17.748	415.42	415.34
13:05:32	17.941	17.667	17.722	18.522	17.602	17.748	415.42	415.34
13:06:32	17.941	17.666	17.716	18.539	17.602	17.747	415.42	415.34
13:07:32	17.943	17.667	17.714	18.623	17.601	17.747	415.42	415.34
13:08:32	17.941	17.666	17.717	18.673	17.601	17.747	415.42	415.34
13:09:32	17.942	17.667	17.717	18.615	17.601	17.747	415.42	415.34
13:10:32	17.941	17.666	17.717	18.572	17.601	17.747	415.42	415.34
13:11:32	17.941	17.667	17.719	18.618	17.6	17.747	415.42	415.34
13:12:32	17.941	17.666	17.718	18.781	17.601	17.747	415.42	415.34
13:13:32	17.942	17.665	17.723	18.99	17.599	17.746	415.42	415.34
13:14:32	17.942	17.665	17.733	19.244	17.6	17.747	415.42	415.34
13:15:32	17.941	17.664	17.74	19.133	17.599	17.746	415.42	415.34
13:16:32	17.941	17.664	17.741	18.871	17.598	17.746	415.42	415.34
13:17:32	17.941	17.664	17.736	18.741	17.598	17.746	415.42	415.34
13:18:32	17.943	17.664	17.729	18.716	17.599	17.746	415.42	415.34
13:19:32	17.942	17.663	17.73	18.696	17.599	17.746	415.42	415.34
13:20:32	17.941	17.663	17.73	18.629	17.6	17.746	415.42	415.34
13:21:32	17.942	17.665	17.727	18.581	17.6	17.746	415.42	415.34
13:22:32	17.941	17.664	17.724	18.518	17.599	17.746	415.42	415.34
13:23:32	17.942	17.666	17.721	18.467	17.6	17.746	415.42	415.34
13:24:32	17.941	17.665	17.72	18.434	17.6	17.745	415.42	415.34
13:25:32	17.942	17.665	17.718	18.397	17.601	17.747	415.42	415.34
13:26:32	17.942	17.665	17.718	18.373	17.601	17.747	415.42	415.34
13:27:32	17.942	17.666	17.717	18.349	17.601	17.747	415.42	415.34
13:28:32	17.941	17.666	17.715	18.348	17.601	17.747	415.42	415.34
13:29:32	17.942	17.666	17.715	18.352	17.601	17.747	415.42	415.34
13:30:32	17.942	17.667	17.714	18.534	17.601	17.746	415.42	415.34
13:31:32	17.943	17.667	17.719	18.662	17.601	17.747	415.42	415.34
13:32:32	17.942	17.667	17.729	18.815	17.602	17.747	415.42	415.34
13:33:33	17.942	17.669	17.74	18.845	17.602	17.747	415.42	415.34
13:34:32	17.943	17.668	17.746	18.703	17.602	17.748	415.42	415.34
13:35:32	17.942	17.669	17.746	18.64	17.602	17.747	415.42	415.34
13:36:32	17.943	17.669	17.738	18.61	17.601	17.746	415.42	415.34
13:37:32	17.943	17.67	17.732	18.572	17.602	17.747	415.42	415.34
13:38:32	17.943	17.67	17.727	18.716	17.602	17.747	415.42	415.34
13:39:32	17.943	17.669	17.729	18.839	17.603	17.748	415.42	415.34
13:40:32	17.943	17.67	17.732	18.775	17.602	17.746	415.42	415.34
13:41:32	17.945	17.668	17.733	18.731	17.602	17.747	415.42	415.34
13:42:32	17.943	17.668	17.732	18.945	17.602	17.748	415.42	415.34
13:43:32	17.944	17.667	17.732	19.37	17.602	17.748	415.42	415.34
13:44:32	17.943	17.669	17.745	19.68	17.602	17.748	415.42	415.34
13:45:32	17.943	17.669	17.76	19.599	17.602	17.748	415.42	415.34
13:46:32	17.943	17.668	17.764	19.208	17.603	17.747	415.42	415.34
13:47:32	17.944	17.67	17.762	18.94	17.603	17.748	415.42	415.34
13:48:32	17.943	17.668	17.755	18.758	17.601	17.747	415.42	415.34
13:49:32	17.944	17.669	17.75	18.653	17.603	17.748	415.42	415.34
13:50:32	17.944	17.67	17.742	18.633	17.603	17.748	415.42	415.34
13:51:32	17.944	17.67	17.739	18.62	17.602	17.748	415.42	415.34
13:52:32	17.944	17.669	17.739	18.657	17.601	17.747	415.42	415.34
13:53:32	17.944	17.669	17.738	18.622	17.602	17.748	415.42	415.34
13:54:32	17.945	17.67	17.739	18.585	17.603	17.748	415.42	415.34
13:55:32	17.943	17.669	17.737	18.562	17.601	17.747	415.42	415.34
13:56:32	17.943	17.668	17.736	18.542	17.602	17.747	415.42	415.34
13:57:32	17.944	17.669	17.736	18.511	17.601	17.748	415.42	415.34
13:58:32	17.943	17.668	17.733	18.474	17.602	17.747	415.42	415.34
13:59:32	17.944	17.669	17.729	18.454	17.602	17.749	415.42	415.34
14:00:32	17.944	17.669	17.726	18.43	17.602	17.747	415.42	415.34
14:01:32	17.945	17.669	17.723	18.401	17.603	17.748	415.42	415.34
14:02:32	17.945	17.67	17.72	18.408	17.603	17.748	415.42	415.34
14:03:32	17.944	17.668	17.719	18.401	17.603	17.748	415.42	415.34
14:04:32	17.944	17.67	17.72	18.398	17.603	17.748	415.42	415.34
14:05:32	17.944	17.669	17.721	18.404	17.602	17.749	415.42	415.34
14:06:32	17.943	17.669	17.722	18.416	17.603	17.749	415.42	415.34
14:07:32	17.945	17.669	17.722	18.425	17.602	17.748	415.42	415.34
14:08:33	17.944	17.668	17.725	18.435	17.602	17.748	415.42	415.34
14:09:32	17.945	17.669	17.725	18.462	17.603	17.746	415.42	415.34
14:10:33	17.944	17.668	17.73	18.574	17.601	17.746	415.42	415.34
14:11:32	0.0	17.668	17.738	18.735	17.601	17.748	415.42	415.34
14:12:32	17.944	17.667	17.752	18.799	17.601	17.748	415.42	415.34
14:13:32	17.944	17.668	17.765	18.787	17.602	17.747	415.42	415.34
14:14:32	17.944	17.668	17.772	18.737	17.601	17.746	415.42	415.34
14:15:32	17.945	17.668	17.768	18.678	17.602	17.747	415.42	415.34
14:16:32	17.945	17.667	17.767	18.628	17.601	17.747	415.42	415.34
14:17:33	0.0	17.669	17.767	18.604	17.603	17.747	415.42	415.34
14:18:32	17.944	17.668	17.76	18.587	17.601	17.747	415.42	415.34
14:19:32	17.944	17.669	17.761	18.558	17.602	17.748	415.42	415.34
14:20:32	17.945	17.669	17.766	18.54	17.602	17.747	415.42	415.34
14:21:32	17.944	17.669	17.765	18.534	17.602	17.749	415.42	415.34
14:22:32	17.944	17.669	17.759	18.541	17.602	17.747	415.42	415.34
14:23:32	17.943	17.669	17.755	18.553	17.601	17.747	415.42	415.34
14:24:32	17.944	17.668	17.754	18.577	17.6	17.748	415.42	415.34
14:25:32	17.944	17.668	17.755	18.589	17.601	17.748	415.42	415.34
14:26:32	17.945	17.669	17.758	18.597	17.602	17.747	415.42	415.34
14:27:32	17.944	17.668	17.762	18.604	17.601	17.747	415.42	415.34
14:28:32	17.945	17.668	17.765	0.0	17.602	17.748	415.42	415.34
14:29:32	17.944	17.667	17.768	18.606	17.602	17.749	415.42	415.34
14:30:32	17.945	17.668	17.771	18.598	17.601	17.748	415.42	415.34
14:31:32	17.945	17.669	17.776	18.603	17.601	17.747	415.42	415.34
14:32:32	17.945	17.668	17.776	18.606	17.602	17.749	415.42	415.34
14:33:32	17.946	17.667	17.778	18.61	17.602	17.748	415.42	415.34
14:34:32	17.944	17.668	17.781	18.609	17.601	17.746	415.42	415.34
14:35:32	17.945	17.667	17.766	18.609	17.601	17.747	415.42	415.34
14:36:34	17.945	17.667	17.765	18.61	17.601	17.749	415.42	415.34
14:37:32	17.945	17.667	17.771	18.607	17.602	17.747	415.42	415.34
14:38:32	17.944	17.666	17.778	18.613	17.602	17.748	415.42	415.34
14:39:32	17.944	17.667	17.783	18.628	17.601	17.748	415.42	415.34
14:40:32	17.945	17.667	17.764	18.639	17.602	17.747	415.42	415.34
14:41:32	17.945	17.666	17.736	18.626	17.601	17.747	415.42	415.34
14:42:32	17.945	17.668	17.736	18.614	17.602	17.749	415.42	415.34
14:43:34	17.945	17.667	17.738	18.595	17.601	17.748	415.42	415.34
14:44:32	17.945	17.667	17.742	18.574	17.601	17.747	415.42	415.34
14:45:32	17.945	17.667	17.739	18.712	17.601	17.747	415.42	415.34
14:46:32	17.944	17.666	17.733	18.738	17.599	17.746	415.42	415.34
14:47:32	17.944	17.664	17.735	18.764	17.6	17.746	415.42	415.34
14:48:32	17.944	17.664	17.735	18.741	17.6	17.746	415.42	415.34
14:49:32	17.945	17.666	17.74	18.725	17.6	17.747	415.42	415.34
14:50:32	17.945	17.665	17.745	18.691	17.601	17.748	415.42	415.34
14:51:32	17.945	17.666	17.755	18.683	17.601	17.746	415.42	415.34
14:52:32	17.945	17.665	17.761	18.676	17.601	17.748	415.42	415.34
14:53:32	17.944	17.665	17.766	18.659	17.601	17.746	415.42	415.34
14:54:32	17.944	17.668	17.765	18.638	17.602	17.748	415.42	415.34
14:55:32	17.946	17.666	17.764	18.628	17.602	17.746	415.42	415.34
14:56:32	17.945	17.668	17.761	18.618	17.602	17.747	415.42	415.34
14:57:32	17.946	17.668	17.766	18.631	17.603	17.747	415.42	415.34
14:58:32	17.945	17.668	17.773	18.654	17.602	17.746	415.42	415.34
14:59:32	17.945	17.667	17.778	18.671	17.602	17.747	415.42	415.34
15:00:32	17.945	17.668	17.788	18.656	17.601	17.747	415.42	415.34
15:01:32	17.945	17.667	17.768	18.565	17.601	17.748	415.42	415.34
15:02:32	17.945	17.667	17.712	18.39	17.602	17.748	415.42	415.34
15:03:32	17.945	17.667	17.718	18.459	17.601	17.747	415.42	415.34
15:04:32	17.946	17.667	17.752	18.534	17.601	17.747	415.42	415.34
15:05:32	17.946	17.667	17.779	18.586	17.603	17.746	415.42	415.34
15:06:32	17.946	17.666	17.798	18.623	17.601	17.746	415.42	415.34
15:07:32	17.946	17.666	17.806	18.645	17.602	17.746	415.42	415.34
15:08:32	17.945	17.666	17.756	18.591	17.602	17.746	415.42	415.34
15:09:32	17.947	17.666	17.76	18.564	17.603	17.747	415.42	415.34
15:10:32	17.945	17.666	17.748	18.048	17.602	17.747	415.42	415.34
15:11:32	17.944	17.665	17.592	17.866	17.602	17.748	415.42	415.34
15:12:32	17.945	17.665	17.671	18.222	17.601	17.747	415.42	415.34
15:13:32	17.946	17.667	17.728	18.416	17.602	17.746	415.42	415.34
15:14:32	17.945	17.665	17.702	18.487	17.601	17.747	415.42	415.34
15:15:32	17.945	17.665	17.562	18.419	17.601	17.745	415.42	415.34
15:16:32	17.945	17.664	17.642	18.447	17.6	17.745	415.42	415.34
15:17:33	17.945	17.664	17.686	18.514	17.601	17.746	415.42	415.34
15:18:32	17.946	17.664	17.708	18.546	17.599	17.745	415.42	415.34
15:19:32	17.945	17.664	17.727	18.58	17.601	17.745	415.42	415.34
15:20:32	17.945	17.664	17.739	18.609	17.599	17.745	415.42	415.34
15:21:32	17.945	17.663	17.745	18.627	17.601	17.745	415.42	415.34
15:22:34	17.945	17.663	17.747	18.633	17.601	17.747	415.42	415.34
15:23:32	17.945	17.664	17.749	18.644	17.598	17.745	415.42	415.34
15:24:34	17.946	17.664	17.753	18.654	17.6	17.745	415.42	415.34
15:25:32	17.945	17.662	17.765	18.655	17.6	17.747	415.42	415.34
15:26:32	17.946	17.663	17.784	18.659	17.601	17.747	415.42	415.34
15:27:32	17.946	17.664	17.798	18.667	17.602	17.747	415.42	415.34
15:28:32	17.946	17.664	17.806	18.677	17.6	17.748	415.42	415.34
15:29:32	17.946	17.665	17.814	18.687	17.602	17.747	415.42	415.34
15:30:32	17.946	17.664	17.822	18.696	17.602	17.748	415.42	415.34
15:31:32	17.947	17.665	17.827	18.671	17.603	17.746	415.42	415.34
15:32:32	17.947	17.665	17.697	17.745	17.602	17.748	415.42	415.34
15:33:32	17.947	17.666	17.618	17.881	17.602	17.748	415.42	415.34
15:34:32	17.947	17.665	17.686	18.225	17.601	17.747	415.42	415.34
15:35:32	17.945	17.664	17.734	18.421	17.601	17.747	415.42	415.34
15:36:32	17.945	17.664	17.637	18.457	17.601	17.747	415.42	415.34
15:37:32	17.946	17.664	17.557	18.414	17.602	17.746	415.42	415.34
15:38:32	0.0	17.664	17.65	18.473	17.601	17.745	415.42	415.34
15:39:32	17.947	17.663	17.708	18.539	17.601	17.746	415.42	415.34
15:40:32	17.946	17.662	17.73	18.561	17.601	17.747	415.42	415.34
15:41:32	17.945	17.662	17.721	18.515	17.6	17.746	415.42	415.34
15:42:32	17.945	17.66	17.733	18.538	17.599	17.745	415.42	415.34
15:43:32	17.945	17.662	17.687	17.81	17.599	17.747	415.42	415.34
15:44:32	17.946	17.661	17.546	17.701	17.598	17.745	415.42	415.34
15:45:32	17.946	17.661	17.627	18.122	17.599	17.745	415.42	415.34
15:46:32	17.946	17.66	17.687	18.352	17.599	17.745	415.42	415.34
15:47:32	17.945	17.661	17.721	18.483	17.599	17.745	415.42	415.34
15:48:32	17.945	17.66	17.561	18.433	17.599	17.746	415.42	415.34
15:49:32	17.946	17.661	17.595	18.417	17.599	17.746	415.42	415.34
15:50:32	17.945	17.66	17.654	18.479	17.598	17.746	415.42	415.34
15:51:32	17.946	17.661	17.68	18.522	17.6	17.746	415.42	415.34
15:52:32	17.946	17.66	17.699	18.563	17.6	17.746	415.42	415.34
15:53:32	17.946	17.66	17.71	18.591	17.601	17.747	415.42	415.34
15:54:32	17.944	17.661	17.719	18.608	17.6	17.747	415.42	415.34
15:55:32	17.946	17.661	17.725	18.628	17.599	17.746	415.42	415.34
15:56:32	17.945	17.661	17.729	18.638	17.6	17.746	415.42	415.34
15:57:32	17.947	17.661	17.734	18.638	17.599	17.746	415.42	415.34
15:58:32	17.945	17.66	17.741	18.645	17.603	17.746	415.42	415.34
15:59:33	17.946	17.66	17.761	18.653	17.599	17.746	415.42	415.34
16:00:32	17.946	17.659	17.777	18.66	17.6	17.748	415.42	415.34
16:01:32	17.945	17.66	17.789	18.665	17.6	17.748	415.42	415.34
16:02:32	17.947	17.659	17.798	18.673	17.601	17.747	415.42	415.34
16:03:32	17.946	17.659	17.806	18.679	17.603	17.748	415.42	415.34
16:04:32	17.946	17.659	17.812	18.683	17.6	17.745	415.42	415.34
16:05:32	17.945	17.659	17.748	17.947	17.6	17.747	415.42	415.34
16:06:32	17.945	17.66	17.522	17.325	17.601	17.748	415.42	415.34
16:07:32	17.945	17.66	17.555	17.865	17.602	17.747	415.42	415.34
16:08:32	17.945	17.661	17.654	18.218	17.599	17.746	415.42	415.34
16:09:32	17.945	17.66	17.69	18.405	17.601	17.747	415.42	415.34
16:10:32	17.946	17.66	17.513	18.414	17.601	17.747	415.42	415.34
16:11:32	17.947	17.661	17.588	18.425	17.602	17.747	415.42	415.34
16:12:32	17.946	17.661	17.648	18.489	17.603	17.748	415.42	415.34
16:13:32	17.946	17.661	17.68	18.53	17.602	17.748	415.42	415.34
16:14:32	17.946	17.662	17.698	18.573	17.603	17.749	415.42	415.34
16:15:32	17.946	17.662	17.71	18.599	17.603	17.749	415.42	415.34
16:16:32	17.946	17.662	17.722	18.618	17.603	17.749	415.42	415.34
16:17:32	17.945	17.662	17.724	18.634	17.602	17.748	415.42	415.34
16:18:32	17.946	17.662	17.727	18.641	17.603	17.749	415.42	415.34
16:19:32	17.947	17.661	17.747	18.64	17.603	17.746	415.42	415.34
16:20:32	17.947	17.66	17.766	18.645	17.602	17.747	415.42	415.34
16:21:32	17.946	17.66	17.779	18.653	17.6	17.747	415.42	415.34
16:22:34	17.947	17.659	17.791	18.664	17.603	17.747	415.42	415.34
16:23:32	17.946	17.658	17.797	18.668	17.601	17.747	415.42	415.34
16:24:32	17.947	17.658	17.804	18.674	17.602	17.746	415.42	415.34
16:25:32	17.947	17.657	17.809	18.559	17.601	17.746	415.42	415.34
16:26:32	17.946	17.658	17.633	17.623	17.601	17.748	415.42	415.34
16:27:32	17.946	17.656	17.59	17.948	17.601	17.747	415.42	415.34
16:28:32	17.946	17.657	17.673	18.265	17.601	17.747	415.42	415.34
16:29:32	17.947	17.658	17.716	18.437	17.601	17.748	415.42	415.34
16:30:32	17.946	17.657	17.558	18.427	17.602	17.749	415.42	415.34
16:31:32	17.947	17.657	17.615	18.413	17.602	17.748	415.42	415.34
16:32:32	17.946	17.657	17.666	18.478	17.601	17.747	415.42	415.34
16:33:32	17.947	17.658	17.692	18.529	17.601	17.749	415.42	415.34
16:34:32	17.947	17.658	17.707	18.576	17.602	17.749	415.42	415.34
16:35:32	17.947	17.656	17.72	18.603	17.601	17.748	415.42	415.34
16:36:32	17.946	17.657	17.727	18.619	17.601	17.747	415.42	415.34
16:37:32	17.945	17.656	17.733	18.634	17.6	17.747	415.42	415.34
16:38:32	17.945	17.657	17.737	18.641	17.602	17.748	415.42	415.34
16:39:32	17.945	17.657	17.747	18.646	17.603	17.748	415.42	415.34
16:40:32	17.947	17.658	17.769	18.655	17.603	17.747	415.42	415.34
16:41:32	17.947	17.657	17.781	18.665	17.602	17.749	415.42	415.34
16:42:32	17.947	17.657	17.79	18.67	17.601	17.748	415.42	415.34
16:43:32	17.947	17.657	17.797	18.677	17.602	17.747	415.42	415.34
16:44:32	17.947	17.656	17.804	18.682	17.602	17.747	415.42	415.34
16:45:32	17.947	17.656	17.809	18.684	17.602	17.746	415.42	415.34
16:46:32	17.946	17.655	17.74	17.904	17.601	17.748	415.42	415.34
16:47:32	17.946	17.654	17.502	17.289	17.6	17.747	415.42	415.34
16:48:32	17.947	17.654	17.553	17.829	17.601	17.747	415.42	415.34
16:49:32	17.945	17.654	17.648	18.2	17.6	17.747	415.42	415.34
16:50:32	17.947	17.653	17.702	18.394	17.6	17.746	415.42	415.34
16:51:32	17.946	17.653	17.526	18.421	17.6	17.747	415.42	415.34
16:52:32	17.946	17.652	17.57	18.387	17.599	17.747	415.42	415.34
16:53:33	17.946	17.653	17.639	18.463	17.6	17.747	415.42	415.34
16:54:32	17.946	17.652	17.673	18.524	17.599	17.746	415.42	415.34
16:55:32	17.946	17.651	17.695	18.564	17.599	17.747	415.42	415.34
16:56:32	17.945	17.651	17.713	18.59	17.598	17.747	415.42	415.34
16:57:32	17.945	17.65	17.719	18.611	17.598	17.748	415.42	415.34
16:58:33	17.945	17.65	17.725	18.618	17.599	17.746	415.42	415.34
16:59:32	17.946	17.65	17.732	18.632	17.598	17.747	415.42	415.34
17:00:33	17.945	17.65	17.744	18.647	17.599	17.746	415.42	415.34
17:01:32	0.0	17.649	17.761	18.651	17.598	17.747	415.42	415.34
17:02:32	17.944	17.649	17.775	18.657	17.598	17.747	415.42	415.34
17:03:32	17.944	17.649	17.784	18.664	17.599	17.747	415.42	415.34
17:04:32	17.945	17.649	17.794	18.668	17.599	17.746	415.42	415.34
17:05:33	17.945	17.648	17.806	18.672	17.598	17.747	415.42	415.34
17:06:32	17.945	17.649	17.814	18.679	17.599	17.748	415.42	415.34
17:07:34	17.946	17.649	17.715	17.703	17.598	17.746	415.42	415.34
17:08:32	17.944	17.647	17.533	17.417	17.598	17.746	415.42	415.34
17:09:32	17.945	17.648	17.595	17.962	17.597	17.746	415.42	415.34
17:10:32	17.945	17.648	17.678	18.278	17.598	17.747	415.42	415.34
17:11:32	17.945	17.648	17.646	18.425	17.598	17.746	415.42	415.34
17:12:32	17.945	17.648	17.506	18.375	17.597	17.748	415.42	415.34
17:13:32	17.944	17.648	17.599	18.41	17.599	17.747	415.42	415.34
17:14:32	17.944	17.648	17.65	18.478	17.599	17.747	415.42	415.34
17:15:32	17.945	17.648	17.679	18.532	17.598	17.747	415.42	415.34
17:16:32	17.944	17.649	17.695	18.571	17.598	17.746	415.42	415.34
17:17:32	17.944	17.648	17.708	18.6	17.599	17.747	415.42	415.34
17:18:32	17.944	17.648	17.716	18.612	17.597	17.747	415.42	415.34
17:19:32	17.944	17.648	17.72	18.625	17.599	17.747	415.42	415.34
17:20:32	17.945	17.649	17.725	18.631	17.599	17.747	415.42	415.34
17:21:32	17.944	17.648	17.723	18.634	17.597	17.747	415.42	415.34
17:22:32	17.944	17.647	17.751	18.631	17.598	17.747	415.42	415.34
17:23:32	17.945	17.647	17.77	18.636	17.598	17.746	415.42	415.34
17:24:32	17.944	17.647	17.781	18.644	17.598	17.746	415.42	415.34
17:25:32	17.945	17.647	17.795	18.655	17.599	17.746	415.42	415.34
17:26:32	17.945	17.646	17.802	18.668	17.598	17.746	415.42	415.34
17:27:32	17.945	17.648	17.809	18.675	17.598	17.749	415.42	415.34
17:28:32	17.944	17.648	0.0	18.348	17.597	17.747	415.42	415.34
17:29:32	17.945	17.646	17.612	17.275	17.598	17.748	415.42	415.34
17:30:32	17.944	17.646	17.486	17.496	17.598	17.746	415.42	415.34
17:31:32	17.944	17.646	17.605	18.03	17.598	17.747	415.42	415.34
17:32:32	17.945	17.646	17.68	18.318	17.598	17.748	415.42	415.34
17:33:32	17.945	17.646	17.674	18.451	17.598	17.748	415.42	415.34
17:34:32	17.944	17.647	17.505	18.396	17.598	17.748	415.42	415.34
17:35:32	17.945	17.646	17.578	18.397	17.6	17.747	415.42	415.34
17:36:32	17.945	17.647	17.633	18.462	17.599	17.749	415.42	415.34
17:37:32	17.944	17.646	17.665	18.519	17.598	17.746	415.42	415.34
17:38:32	17.945	17.647	17.689	18.563	17.599	17.746	415.42	415.34
17:39:32	17.943	17.646	17.702	18.592	17.598	17.748	415.42	415.34
17:40:32	17.945	17.645	17.709	18.611	17.598	17.748	415.42	415.34
17:41:32	17.944	17.645	17.715	18.62	17.598	17.748	415.42	415.34
17:42:32	17.944	17.643	17.721	18.635	17.598	17.747	415.42	415.34
17:43:32	17.944	17.645	17.723	18.638	17.597	17.748	415.42	415.34
17:44:32	17.944	17.644	17.725	18.646	17.597	17.747	415.42	415.34
17:45:32	17.944	17.644	17.731	18.652	17.599	17.747	415.42	415.34
17:46:32	17.945	17.644	17.75	18.649	17.598	17.747	415.42	415.34
17:47:32	17.944	17.644	17.766	18.648	17.596	17.747	415.42	415.34
17:48:32	17.944	17.643	17.777	18.653	17.597	17.748	415.42	415.34
17:49:32	17.944	17.644	17.789	18.654	17.596	17.747	415.42	415.34
17:50:32	17.944	17.643	17.795	18.658	17.596	17.747	415.42	415.34
17:51:32	17.944	17.642	17.801	18.674	17.597	17.747	415.42	415.34
17:52:32	17.944	17.643	17.804	18.414	17.596	17.748	415.42	415.34
17:53:32	17.944	17.643	17.63	17.616	17.597	17.745	415.42	415.34
17:54:32	17.944	17.642	17.588	17.854	17.596	17.747	415.42	415.34
17:55:32	17.944	17.641	17.666	18.213	17.596	17.746	415.42	415.34
17:56:32	17.944	17.643	17.712	18.401	17.595	17.746	415.42	415.34
17:57:32	17.943	17.642	17.512	18.412	17.597	17.747	415.42	415.34
17:58:32	17.945	17.643	17.592	18.407	17.596	17.747	415.42	415.34
17:59:32	17.944	17.642	17.663	18.479	17.597	17.747	415.42	415.34
18:00:32	17.943	17.642	17.705	18.534	17.598	17.747	415.42	415.34
18:01:32	17.944	17.643	17.695	18.554	17.597	17.746	415.42	415.34
18:02:32	17.944	17.643	17.688	18.502	17.597	17.747	415.42	415.34
18:03:32	17.944	17.644	17.696	18.518	17.597	17.746	415.42	415.34
18:04:33	17.944	17.643	17.704	18.549	17.598	17.747	415.42	415.34
18:05:32	0.0	17.644	17.711	18.575	17.598	17.748	415.42	415.34
18:06:33	17.945	17.644	17.717	18.596	17.597	17.748	415.42	415.34
18:07:32	0.0	17.643	17.722	18.614	17.597	17.747	415.42	415.34
18:08:32	17.944	17.643	17.728	18.626	17.597	17.748	415.42	415.34
18:09:32	17.943	17.643	17.732	18.635	17.596	17.747	415.42	415.34
18:10:32	17.943	17.641	17.735	18.644	17.597	17.747	415.42	415.34
18:11:34	17.942	17.642	17.739	18.654	17.597	17.747	415.42	415.34
18:12:32	17.944	17.642	17.759	18.659	17.598	17.748	415.42	415.34
18:13:32	17.943	17.641	17.777	18.663	17.599	17.748	415.42	415.34
18:14:32	17.944	17.643	17.781	18.664	17.598	17.748	415.42	415.34
18:15:32	17.945	17.642	17.74	18.662	17.598	17.748	415.42	415.34
18:16:32	17.943	17.642	17.753	18.652	17.597	17.748	415.42	415.34
18:17:32	17.943	17.641	17.746	18.649	17.598	17.747	415.42	415.34
18:18:32	17.943	17.641	17.759	18.64	17.595	17.746	415.42	415.34
18:19:32	17.943	17.641	17.591	18.543	17.597	17.745	415.42	415.34
18:20:32	17.943	17.638	17.582	18.42	17.595	17.745	415.42	415.34
18:21:32	17.944	17.639	17.65	18.446	17.595	17.745	415.42	415.34
18:22:32	17.944	17.638	17.692	18.487	17.595	17.747	415.42	415.34
18:23:32	17.942	17.638	17.714	18.513	17.596	17.748	415.42	415.34
18:24:32	17.942	17.638	17.723	18.522	17.599	17.747	415.42	415.34
18:25:32	17.943	17.639	17.723	18.522	17.597	17.747	415.42	415.34
18:26:32	17.942	17.639	17.723	18.524	17.598	17.748	415.42	415.34
18:27:32	17.944	17.64	17.73	18.526	17.596	17.746	415.42	415.34
18:28:32	17.942	17.637	17.738	18.527	17.596	17.747	415.42	415.34
18:29:32	17.943	17.639	17.743	18.536	17.596	17.746	415.42	415.34
18:30:35	17.942	17.638	17.746	18.54	17.596	17.748	415.42	415.34
18:31:32	17.943	17.639	17.738	18.537	17.597	17.747	415.42	415.34
18:32:32	17.942	17.638	17.712	18.477	17.598	17.746	415.42	415.34
18:33:32	17.942	17.637	17.715	18.467	17.597	17.748	415.42	415.34
18:34:32	17.942	17.639	17.722	18.478	17.598	17.748	415.42	415.34
18:35:32	17.942	17.638	17.73	18.49	17.596	17.746	415.42	415.34
18:36:32	17.943	17.637	17.735	18.499	17.596	17.746	415.42	415.34
18:37:32	17.942	17.636	17.739	18.51	17.596	17.747	415.42	415.34
18:38:32	17.942	17.635	17.741	18.513	17.595	17.745	415.42	415.34
18:39:32	17.942	17.635	17.746	18.52	17.596	17.747	415.42	415.34
18:40:32	17.941	17.636	17.749	18.519	17.596	17.747	415.42	415.34
18:41:32	17.942	17.637	17.75	18.523	17.598	17.75	415.42	415.34
18:42:32	17.941	17.637	17.751	18.521	17.598	17.747	415.42	415.34
18:43:32	17.941	17.637	17.753	18.523	17.597	17.748	415.42	415.34
18:44:32	17.942	17.638	17.66	18.029	17.596	17.748	415.42	415.34
18:45:32	17.941	17.639	17.652	18.204	17.597	17.749	415.42	415.34
18:46:32	17.942	17.638	17.692	18.348	17.598	17.747	415.42	415.34
18:47:32	17.941	17.638	17.713	18.426	17.597	17.748	415.42	415.34
18:48:32	17.941	17.639	17.725	18.466	17.598	17.749	415.42	415.34
18:49:32	17.942	17.639	17.734	18.483	17.597	17.748	415.42	415.34
18:50:32	17.941	17.638	17.738	18.495	17.599	17.749	415.42	415.34
18:51:32	17.942	17.639	17.74	18.504	17.598	17.748	415.42	415.34
18:52:32	17.942	17.64	17.746	18.51	17.6	17.749	415.42	415.34
18:53:32	17.942	17.639	17.748	18.512	17.599	17.748	415.42	415.34
18:54:32	17.941	17.639	17.748	18.511	17.596	17.748	415.42	415.34
18:55:32	17.94	17.638	17.75	18.511	17.597	17.746	415.42	415.34
18:56:32	17.941	17.638	17.75	18.515	17.596	17.747	415.42	415.34
18:57:32	17.941	17.637	17.752	18.513	17.597	17.746	415.42	415.34
18:58:32	17.941	17.637	17.753	18.51	17.596	17.746	415.42	415.34
18:59:32	17.941	17.636	17.753	18.513	17.596	17.747	415.42	415.34
19:00:32	17.941	17.637	17.755	18.514	17.596	17.748	415.42	415.34
19:01:32	17.941	17.635	17.754	18.513	17.597	17.748	415.42	415.34
19:02:33	17.941	17.635	17.757	18.513	17.596	17.749	415.42	415.34
19:03:32	17.94	17.636	17.69	18.48	17.597	17.747	415.42	415.34
19:04:34	17.941	17.634	17.689	18.433	17.597	17.748	415.42	415.34
19:05:32	17.94	17.635	17.711	18.453	17.595	17.748	415.42	415.34
19:06:32	17.942	17.634	17.731	18.496	17.596	17.746	415.42	415.34
19:07:32	17.939	17.634	17.738	18.515	17.594	17.745	415.42	415.34
19:08:32	17.94	17.633	17.743	18.527	17.595	17.746	415.42	415.34
19:09:32	17.94	17.632	17.75	18.537	17.594	17.745	415.42	415.34
19:10:32	17.939	17.631	17.755	18.544	17.594	17.745	415.42	415.34
19:11:34	17.94	17.632	17.76	18.409	17.594	17.745	415.42	415.34
19:12:32	17.939	17.631	17.608	17.672	17.596	17.746	415.42	415.34
19:13:32	17.939	17.632	17.616	18.02	17.596	17.747	415.42	415.34
19:14:32	17.938	17.631	17.672	18.278	17.595	17.747	415.42	415.34
19:15:32	17.939	17.631	17.71	18.424	17.593	17.746	415.42	415.34
19:16:32	17.939	17.631	17.732	18.509	17.594	17.746	415.42	415.34
19:17:32	17.938	17.63	17.75	18.554	17.594	17.745	415.42	415.34
19:18:32	17.939	17.63	17.598	18.526	17.592	17.744	415.42	415.34
19:19:32	17.938	17.629	17.568	18.428	17.592	17.743	415.42	415.34
19:20:32	17.937	17.628	17.643	18.463	17.593	17.745	415.42	415.34
19:21:32	17.938	17.628	17.693	18.514	17.592	17.745	415.42	415.34
19:22:32	17.939	17.629	17.721	18.556	17.593	17.746	415.42	415.34
19:23:32	17.938	17.63	17.717	18.569	17.596	17.747	415.42	415.34
19:24:32	17.938	17.63	17.702	18.502	17.594	17.746	415.42	415.34
19:25:32	17.939	17.632	17.704	18.511	17.595	17.746	415.42	415.34
19:26:32	17.939	17.631	17.708	18.537	17.594	17.745	415.42	415.34
19:27:34	17.937	17.631	17.716	18.566	17.594	17.745	415.42	415.34
19:28:32	17.937	17.63	17.721	18.589	17.594	17.745	415.42	415.34
19:29:33	17.938	17.631	17.724	18.596	17.594	17.745	415.42	415.34
19:30:32	17.938	17.63	17.71	18.607	17.593	17.745	415.42	415.34
19:31:33	17.938	17.63	17.722	18.618	17.593	17.745	415.42	415.34
19:32:32	0.0	17.629	17.731	18.627	17.593	17.745	415.42	415.34
19:33:33	17.938	17.628	17.734	18.639	17.592	17.744	415.42	415.34
19:34:32	0.0	17.627	17.738	18.648	17.592	17.746	415.42	415.34
19:35:32	17.938	17.628	17.751	18.648	17.592	17.745	415.42	415.34
19:36:32	17.938	17.627	17.766	18.642	17.591	17.746	415.42	415.34
19:37:32	17.937	17.627	17.78	18.652	17.593	17.746	415.42	415.34
19:38:32	17.937	17.627	17.789	18.658	17.592	17.746	415.42	415.34
19:39:32	17.937	17.628	17.798	18.663	17.593	17.746	415.42	415.34
19:40:32	17.937	17.627	17.805	18.671	17.593	17.742	415.42	415.34
19:41:32	17.936	17.627	17.814	18.676	17.592	17.746	415.42	415.34
19:42:32	17.936	17.626	17.528	18.545	17.591	17.742	415.42	415.34
19:43:32	17.936	17.627	17.526	18.43	17.592	17.744	415.42	415.34
19:44:32	17.937	17.626	17.642	18.482	17.593	17.744	415.42	415.34
19:45:32	17.936	17.627	17.703	18.544	17.591	17.744	415.42	415.34
19:46:33	17.937	17.626	17.697	18.53	17.592	17.744	415.42	415.34
19:47:33	17.936	17.627	17.711	18.517	17.592	17.745	415.42	415.34
19:48:33	17.936	17.628	17.725	18.556	17.592	17.744	415.42	415.34
19:49:33	17.935	17.627	17.743	18.592	17.592	17.745	415.42	415.34
19:50:33	17.936	17.627	17.76	18.61	17.592	17.744	415.42	415.34
19:51:33	17.936	17.626	17.773	18.626	17.591	17.744	415.42	415.34
19:52:33	17.936	17.625	17.784	18.649	17.59	17.743	415.42	415.34
19:53:33	17.936	17.623	17.793	18.657	17.589	17.743	415.42	415.34
19:54:33	17.936	17.624	17.8	18.664	17.591	17.744	415.42	415.34
19:55:33	17.936	17.625	17.723	17.723	17.591	17.744	415.42	415.34
19:56:33	17.935	17.624	17.515	17.377	17.591	17.743	415.42	415.34
19:57:33	17.936	17.623	17.587	17.941	17.592	17.744	415.42	415.34
19:58:33	17.935	17.624	17.666	18.256	17.59	17.745	415.42	415.34
19:59:33	17.934	17.624	17.711	18.433	17.59	17.744	415.42	415.34
20:00:33	17.935	17.624	17.561	18.448	17.59	17.743	415.42	415.34
20:01:33	17.934	17.624	17.618	18.418	17.59	17.744	415.42	415.34
20:02:33	17.935	17.623	17.676	18.489	17.59	17.744	415.42	415.34
20:03:33	17.935	17.623	17.714	18.555	17.592	17.744	415.42	415.34
20:04:33	17.934	17.624	17.696	18.538	17.593	17.745	415.42	415.34
20:05:33	17.934	17.624	17.703	18.512	17.592	17.745	415.42	415.34
20:06:33	17.935	17.626	17.725	18.519	17.593	17.745	415.42	415.34
20:07:33	17.934	17.626	17.565	17.642	17.593	17.745	415.42	415.34
20:08:33	17.935	17.626	17.561	17.96	17.592	17.746	415.42	415.34
20:09:33	17.934	17.625	17.642	18.257	17.594	17.745	415.42	415.34
20:10:33	17.935	17.627	17.69	18.447	17.592	17.745	415.42	415.34
20:11:33	17.935	17.626	17.649	18.511	17.593	17.744	415.42	415.34
20:12:34	17.934	17.625	17.52	18.431	17.593	17.745	415.42	415.34
20:13:33	0.0	17.624	17.598	18.46	17.591	17.744	415.42	415.34
20:14:33	17.934	17.624	17.648	18.523	17.592	17.744	415.42	415.34
20:15:33	17.935	17.624	17.687	18.557	17.591	17.744	415.42	415.34
20:16:33	17.934	17.623	17.708	18.587	17.59	17.744	415.42	415.34
20:17:33	17.933	17.622	17.721	18.611	17.591	17.744	415.42	415.34
20:18:34	17.934	17.621	17.726	18.623	17.589	17.744	415.42	415.34
20:19:33	17.934	17.621	17.739	18.63	17.591	17.745	415.42	415.34
20:20:33	17.935	17.622	17.754	18.642	17.592	17.745	415.42	415.34
20:21:33	17.934	17.622	17.769	18.652	17.591	17.745	415.42	415.34
20:22:33	17.933	17.622	17.774	18.664	17.592	17.743	415.42	415.34
20:23:33	17.933	17.621	17.783	18.682	17.592	17.744	415.42	415.34
20:24:33	17.933	17.62	17.79	18.694	17.591	17.744	415.42	415.34
20:25:33	17.935	17.622	17.803	18.701	17.591	17.747	415.42	415.34
20:26:33	17.934	17.623	17.813	18.606	17.592	17.747	415.42	415.34
20:27:33	17.934	17.623	17.674	17.731	17.593	17.747	415.42	415.34
20:28:33	17.933	17.623	17.556	17.421	17.592	17.746	415.42	415.34
20:29:35	17.933	17.623	17.616	17.994	17.592	17.745	415.42	415.34
20:30:33	17.933	17.623	17.688	18.296	17.593	17.746	415.42	415.34
20:31:33	17.934	17.623	17.547	18.395	17.591	17.745	415.42	415.34
20:32:33	17.933	17.622	17.575	18.381	17.591	17.745	415.42	415.34
20:33:33	17.933	17.621	17.655	18.471	17.589	17.744	415.42	415.34
20:34:33	17.933	17.622	17.693	18.547	17.592	17.746	415.42	415.34
20:35:33	17.933	17.622	17.691	18.534	17.592	17.745	415.42	415.34
20:36:33	17.933	17.622	17.713	18.561	17.592	17.745	415.42	415.34
20:37:33	17.933	17.623	17.718	18.236	17.593	17.746	415.42	415.34
20:38:33	17.932	17.622	17.574	17.594	17.591	17.744	415.42	415.34
20:39:33	17.933	17.622	17.573	17.965	17.591	17.745	415.42	415.34
20:40:33	17.932	17.622	17.651	18.297	17.591	17.745	415.42	415.34
20:41:33	17.933	17.622	17.697	18.457	17.591	17.745	415.42	415.34
20:42:33	17.932	17.621	17.547	18.445	17.591	17.745	415.42	415.34
20:43:33	17.933	17.621	17.55	18.418	17.592	17.746	415.42	415.34
20:44:33	17.933	17.622	17.63	18.477	17.592	17.745	415.42	415.34
20:45:33	17.933	17.621	17.681	18.539	17.592	17.746	415.42	415.34
20:46:33	17.932	17.621	17.683	18.546	17.592	17.746	415.42	415.34
20:47:33	17.932	17.62	17.684	18.514	17.591	17.744	415.42	415.34
20:48:33	17.933	17.62	17.704	18.397	17.591	17.745	415.42	415.34
20:49:33	17.932	17.619	17.573	17.68	17.59	17.745	415.42	415.34
20:50:33	17.932	17.621	17.597	18.094	17.592	17.746	415.42	415.34
20:51:33	17.933	17.62	17.658	18.336	17.591	17.745	415.42	415.34
20:52:33	17.932	17.621	17.64	18.454	17.591	17.743	415.42	415.34
20:53:33	17.932	17.62	17.563	18.433	17.591	17.744	415.42	415.34
20:54:33	17.933	17.619	17.638	18.484	17.591	17.745	415.42	415.34
20:55:33	17.932	17.621	17.683	18.541	17.591	17.745	415.42	415.34
20:56:33	17.931	17.62	17.694	18.586	17.591	17.745	415.42	415.34
20:57:33	17.932	17.62	17.675	18.527	17.592	17.744	415.42	415.34
20:58:33	17.931	17.619	17.688	18.519	17.592	17.745	415.42	415.34
20:59:33	17.932	17.62	17.711	18.553	17.591	17.746	415.42	415.34
21:00:33	17.931	17.619	17.649	17.636	17.59	17.745	415.42	415.34
21:01:33	17.932	17.619	17.486	17.421	17.592	17.744	415.42	415.34
21:02:33	17.932	17.618	17.566	17.971	17.591	17.746	415.42	415.34
21:03:33	17.932	17.619	17.638	18.274	17.59	17.744	415.42	415.34
21:04:33	17.931	17.619	17.681	18.443	17.59	17.744	415.42	415.34
21:05:33	17.931	17.617	17.574	18.493	17.589	17.744	415.42	415.34
21:06:33	17.931	17.617	17.503	18.405	17.591	17.744	415.42	415.34
21:07:33	17.931	17.617	17.583	18.445	17.591	17.744	415.42	415.34
21:08:33	17.931	17.617	17.626	18.507	17.591	17.746	415.42	415.34
21:09:33	17.931	17.618	17.655	18.552	17.591	17.745	415.42	415.34
21:10:33	17.931	17.617	17.672	18.595	17.59	17.744	415.42	415.34
21:11:33	17.931	17.617	17.684	18.613	17.589	17.744	415.42	415.34
21:12:33	17.931	17.617	17.695	18.634	17.59	17.745	415.42	415.34
21:13:33	17.929	17.618	17.701	18.641	17.59	17.746	415.42	415.34
21:14:33	17.931	17.618	17.708	18.654	17.594	17.746	415.42	415.34
21:15:33	17.93	17.617	17.726	18.651	17.591	17.746	415.42	415.34
21:16:33	17.93	17.618	17.746	18.66	17.59	17.744	415.42	415.34
21:17:33	17.93	17.617	17.757	18.668	17.592	17.746	415.42	415.34
21:18:33	17.931	17.618	17.771	18.674	17.592	17.746	415.42	415.34
21:19:33	17.931	17.618	17.784	18.685	17.593	17.746	415.42	415.34
21:20:33	17.932	17.618	17.795	18.694	17.592	17.746	415.42	415.34
21:21:33	17.931	17.617	17.807	18.703	17.592	17.747	415.42	415.34
21:22:33	17.931	17.618	17.685	17.842	17.592	17.746	415.42	415.34
21:23:33	17.931	17.619	17.535	17.166	17.592	17.747	415.42	415.34
21:24:33	17.931	17.618	17.563	17.729	17.591	17.748	415.42	415.34
21:25:33	17.931	17.618	17.65	18.181	17.591	17.746	415.42	415.34
21:26:33	17.931	17.618	17.61	18.379	17.593	17.745	415.42	415.34
21:27:33	17.93	17.618	17.571	18.38	17.593	17.747	415.42	415.34
21:28:33	17.929	17.618	17.645	18.457	17.592	17.747	415.42	415.34
21:29:33	17.931	17.619	17.691	18.532	17.591	17.746	415.42	415.34
21:30:33	17.93	17.619	17.678	18.546	17.593	17.746	415.42	415.34
21:31:33	17.93	17.618	17.685	18.516	17.594	17.748	415.42	415.34
21:32:33	17.93	17.618	17.712	18.543	17.591	17.745	415.42	415.34
21:33:33	17.93	17.618	17.602	17.777	17.593	17.747	415.42	415.34
21:34:33	17.93	17.618	17.56	17.953	17.593	17.747	415.42	415.34
21:35:33	17.931	17.619	17.641	18.27	17.593	17.745	415.42	415.34
21:36:33	17.931	17.618	17.623	18.412	17.592	17.746	415.42	415.34
21:37:33	17.931	17.619	17.527	18.378	17.594	17.747	415.42	415.34
21:38:33	17.931	17.619	17.616	18.448	17.592	17.746	415.42	415.34
21:39:33	17.931	17.619	17.657	18.519	17.593	17.747	415.42	415.34
21:40:33	17.93	17.619	17.668	18.557	17.593	17.747	415.42	415.34
21:41:33	17.931	17.618	17.677	18.517	17.593	17.746	415.42	415.34
21:42:33	17.93	17.617	17.682	18.519	17.593	17.746	415.42	415.34
21:43:33	17.93	17.618	17.696	18.546	17.594	17.748	415.42	415.34
21:44:33	17.93	17.618	17.663	17.927	17.593	17.747	415.42	415.34
21:45:33	17.93	17.618	17.526	17.72	17.594	17.747	415.42	415.34
21:46:33	17.93	17.618	17.601	18.138	17.594	17.747	415.42	415.34
21:47:33	17.93	17.618	17.657	18.36	17.594	17.748	415.42	415.34
21:48:33	17.93	17.618	17.688	18.483	17.594	17.748	415.42	415.34
21:49:33	17.93	17.619	17.511	18.447	17.593	17.747	415.42	415.34
21:50:33	17.931	17.62	17.561	18.409	17.594	17.748	415.42	415.34
21:51:33	17.93	17.62	17.592	18.455	17.595	17.749	415.42	415.34
21:52:33	17.93	17.62	17.591	18.5	17.593	17.748	415.42	415.34
21:53:33	17.929	17.619	17.602	18.532	17.593	17.748	415.42	415.34
21:54:33	17.931	17.62	17.617	18.557	17.594	17.748	415.42	415.34
21:55:33	17.93	17.62	17.631	18.567	17.593	17.749	415.42	415.34
21:56:33	17.93	17.62	17.631	18.579	17.594	17.748	415.42	415.34
21:57:33	17.93	17.619	17.628	18.586	17.594	17.749	415.42	415.34
21:58:34	17.931	17.618	17.631	18.59	17.593	17.747	415.42	415.34
21:59:35	17.93	17.617	17.627	18.588	17.594	17.748	415.42	415.34
22:00:33	17.929	17.617	17.642	18.599	17.594	17.749	415.42	415.34
22:01:33	17.93	17.617	17.637	18.601	17.593	17.749	415.42	415.34
22:02:33	17.93	17.618	17.629	18.609	17.593	17.746	0.0	415.34
22:03:33	17.929	17.618	17.634	18.615	17.593	17.748	415.42	415.34
22:04:33	17.93	17.617	17.638	18.62	17.592	17.748	415.42	415.34
22:05:33	17.928	17.617	17.65	18.625	17.593	17.748	415.42	415.34
22:06:33	17.929	17.616	17.645	18.624	17.594	17.747	415.42	415.34
22:07:33	17.929	17.617	17.632	18.619	17.594	17.748	415.42	415.34
22:08:33	17.929	17.617	17.64	18.623	17.593	17.749	415.42	415.34
22:09:33	17.93	17.617	17.65	18.629	17.593	17.748	415.42	415.34
22:10:33	17.93	17.617	17.659	18.627	17.592	17.748	415.42	415.34
22:11:33	17.93	17.617	17.664	18.634	17.595	17.748	415.42	415.34
22:12:33	17.929	17.617	17.66	18.639	17.594	17.747	415.42	415.34
22:13:33	17.93	17.618	17.646	18.641	17.594	17.748	415.42	415.34
22:14:33	17.929	17.617	17.654	18.637	17.592	17.748	415.42	415.34
22:15:33	17.93	17.618	17.657	18.637	17.592	17.747	415.42	415.34
22:16:33	17.93	17.616	17.645	18.64	17.592	17.748	415.42	415.34
22:17:33	17.929	17.616	17.648	18.639	17.592	17.748	415.42	415.34
22:18:33	17.929	17.616	17.658	18.637	17.592	17.748	415.42	415.34
22:19:33	17.929	17.616	17.661	18.641	17.593	17.748	415.42	415.34
22:20:33	17.929	17.616	17.673	18.644	17.593	17.747	415.42	415.34
22:21:33	17.928	17.616	17.68	18.648	17.592	17.746	415.42	415.34
22:22:33	17.929	17.615	17.68	18.646	17.592	17.747	415.42	415.34
22:23:33	17.929	17.615	17.661	18.645	17.592	17.746	415.42	415.34
22:24:33	17.928	17.614	17.661	18.639	17.591	17.746	415.42	415.34
22:25:33	17.928	17.613	17.662	18.638	17.591	17.746	415.42	415.34
22:26:33	17.929	17.614	17.659	18.637	17.592	17.747	415.42	415.34
22:27:33	17.927	17.613	17.664	18.636	17.592	17.746	415.42	415.34
22:28:33	17.929	17.612	17.663	18.645	17.591	17.747	415.42	415.34
22:29:33	17.927	17.613	17.663	18.644	17.591	17.746	415.42	415.34
22:30:33	17.928	17.612	17.653	18.649	17.592	17.747	415.42	415.34
22:31:33	17.929	17.611	17.659	18.641	17.592	17.746	415.42	415.34
22:32:33	17.928	17.612	17.666	18.634	17.592	17.747	415.42	415.34
22:33:33	17.928	17.612	17.672	18.639	17.591	17.747	415.42	415.34
22:34:33	17.928	17.613	17.676	18.642	17.591	17.746	415.42	415.34
22:35:33	17.928	17.612	17.672	18.644	17.592	17.745	415.42	415.34
22:36:33	17.928	17.612	17.668	18.64	17.59	17.746	415.42	415.34
22:37:33	17.927	17.612	17.666	18.644	17.592	17.746	415.42	415.34
22:38:33	17.928	17.612	17.666	18.645	17.59	17.745	415.42	415.34
22:39:33	17.928	17.612	17.665	18.644	17.591	17.747	415.42	415.34
22:40:33	17.928	17.612	17.667	18.648	17.591	17.746	415.42	415.34
22:41:33	17.928	17.611	17.66	18.648	17.592	17.746	415.42	415.34
22:42:33	17.927	17.613	17.668	18.646	17.592	17.747	415.42	415.34
22:43:33	17.927	17.611	17.67	18.654	17.591	17.747	415.42	415.34
22:44:33	17.927	17.611	17.667	18.661	17.591	17.747	415.42	415.34
22:45:33	17.927	17.613	17.668	18.66	17.591	17.747	415.42	415.34
22:46:33	17.927	17.613	17.671	18.649	17.593	17.747	415.42	415.34
22:47:33	17.927	17.612	17.665	18.654	17.592	17.747	415.42	415.34
22:48:33	17.927	17.612	17.663	18.659	17.593	17.747	415.42	415.34
22:49:34	17.927	17.613	17.672	18.654	17.591	17.746	415.42	415.34
22:50:33	0.0	17.613	17.668	18.655	17.591	17.747	415.42	415.34
22:51:34	17.926	17.612	17.667	18.656	17.591	17.747	415.42	415.34
22:52:33	17.927	17.612	17.669	18.656	17.591	17.746	415.42	415.34
22:53:33	17.926	17.611	17.676	18.652	17.59	17.745	415.42	415.34
22:54:34	17.925	17.611	17.683	18.655	17.59	17.746	415.42	415.34
22:55:33	17.926	17.612	17.671	18.657	17.591	17.745	415.42	415.34
22:56:33	17.926	17.611	17.677	18.657	17.591	17.746	415.42	415.34
22:57:33	17.927	17.611	17.683	18.66	17.59	17.745	415.42	415.34
22:58:33	17.927	17.612	17.692	18.661	17.59	17.745	415.42	415.34
22:59:34	17.925	17.61	17.708	18.672	17.59	17.746	415.42	415.34
23:00:33	17.926	17.61	17.738	18.683	17.591	17.746	415.42	415.34
23:01:33	17.926	17.611	17.759	18.687	17.591	17.747	415.42	415.34
23:02:33	17.926	17.611	17.769	18.697	17.592	17.747	415.42	415.34
23:03:33	17.926	17.612	17.777	18.695	17.589	17.746	415.42	415.34
23:04:33	17.926	17.611	17.786	18.695	17.591	17.747	415.42	415.34
23:05:33	17.926	17.612	17.793	18.695	17.591	17.746	415.42	415.34
23:06:33	17.926	17.612	17.718	17.975	17.593	17.747	415.42	415.34
23:07:33	17.926	17.612	17.565	17.573	17.591	17.746	415.42	415.34
23:08:33	17.926	17.613	17.624	18.05	17.593	17.746	415.42	415.34
23:09:33	17.926	17.612	17.683	18.328	17.592	17.747	415.42	415.34
23:10:33	17.926	17.612	17.602	18.433	17.592	17.747	415.42	415.34
23:11:33	17.926	17.614	17.551	18.396	17.593	17.748	415.42	415.34
23:12:33	17.926	17.614	17.632	18.461	17.592	17.748	415.42	415.34
23:13:33	17.926	17.614	17.665	18.524	17.591	17.748	415.42	415.34
23:14:33	17.926	17.614	17.683	18.57	17.592	17.748	415.42	415.34
23:15:33	17.927	17.615	17.695	18.601	17.592	17.748	415.42	415.34
23:16:33	17.926	17.615	17.704	18.627	17.592	17.748	415.42	415.34
23:17:33	17.927	17.615	17.713	18.638	17.591	17.747	415.42	415.34
23:18:33	17.927	17.615	17.718	18.646	17.593	17.747	415.42	415.34
23:19:33	17.927	17.614	17.723	18.647	17.593	17.748	415.42	415.34
23:20:33	17.927	17.614	17.724	18.653	17.593	17.747	415.42	415.34
23:21:33	17.926	17.614	17.736	18.655	17.593	17.748	415.42	415.34
23:22:33	17.926	17.615	17.758	18.659	17.593	17.748	415.42	415.34
23:23:33	17.927	17.615	17.771	18.666	17.593	17.747	415.42	415.34
23:24:33	17.926	17.614	17.783	18.672	17.592	17.747	415.42	415.34
23:25:33	17.927	17.614	17.79	18.681	17.593	17.747	415.42	415.34
23:26:33	17.926	17.614	17.799	18.691	17.593	17.747	415.42	415.34
23:27:34	17.926	17.615	17.802	18.698	17.592	17.748	415.42	415.34
23:28:33	17.925	17.612	17.795	18.692	17.592	17.748	415.42	415.34
23:29:33	17.926	17.613	17.743	18.618	17.592	17.746	415.42	415.34
23:30:33	17.925	17.614	17.746	18.576	17.591	17.746	415.42	415.34
23:31:34	17.925	17.613	17.744	18.168	17.592	17.747	415.42	415.34
23:32:33	17.925	17.613	17.582	17.6	17.593	17.748	415.42	415.34
23:33:33	17.925	17.613	17.604	17.959	17.592	17.747	415.42	415.34
23:34:33	17.925	17.613	17.671	18.274	17.592	17.747	415.42	415.34
23:35:33	17.925	17.613	17.715	18.44	17.593	17.745	415.42	415.34
23:36:33	17.926	17.613	17.613	18.498	17.595	17.748	415.42	415.34
23:37:33	17.926	17.615	17.53	18.401	17.593	17.747	415.42	415.34
23:38:36	17.926	17.614	17.609	18.438	17.595	17.748	415.42	415.34
23:39:33	17.925	17.616	17.65	18.495	17.594	17.749	415.42	415.34
23:40:33	17.926	17.615	17.675	18.54	17.594	17.748	415.42	415.34
23:41:33	17.927	17.616	17.689	18.572	17.593	17.748	415.42	415.34
23:42:34	17.926	17.616	17.699	18.593	17.594	17.749	415.42	415.34
23:43:33	17.925	17.617	17.704	18.607	17.593	17.748	415.42	415.34
23:44:33	17.925	17.617	17.707	18.615	17.594	17.749	415.42	415.34
23:45:34	17.926	17.617	17.707	18.617	17.594	17.749	415.42	415.34
23:46:33	17.926	17.617	17.708	18.624	17.593	17.749	415.42	415.34
23:47:34	17.925	17.617	17.709	18.623	17.594	17.749	415.42	415.34
23:48:33	17.926	17.617	17.708	18.627	17.595	17.748	415.42	415.34
23:49:33	17.926	17.616	17.711	18.633	17.595	17.748	415.42	415.34
23:50:33	17.926	17.616	17.712	18.64	17.594	17.749	415.42	415.34
23:51:33	17.926	17.616	17.717	18.646	17.594	17.748	415.42	415.34
23:52:34	17.926	17.617	17.721	18.642	17.595	17.749	415.42	415.34
23:53:34	17.927	17.618	17.727	18.648	17.594	17.748	415.42	415.34
23:54:33	17.926	17.618	17.73	18.656	17.595	17.749	415.42	415.34
23:55:33	17.926	17.618	17.739	18.652	17.595	17.748	415.42	415.34
23:56:33	17.927	17.619	17.758	18.652	17.594	17.749	415.42	415.34
23:57:34	17.926	17.619	17.776	18.658	17.595	17.749	415.42	415.34
23:58:33	17.927	17.62	17.787	18.664	17.596	17.751	415.42	415.34
23:59:34	17.926	17.619	17.792	18.669	17.597	17.75	415.42	415.34
