00:00:23	16.141	15.785	16.104	16.979	16.171	16.383	415.42	415.34
00:01:23	16.143	15.785	16.112	16.998	16.169	16.384	415.42	415.34
00:02:23	16.142	15.785	16.122	17.013	16.169	16.382	415.42	415.34
00:03:23	16.142	15.785	16.133	17.025	16.168	16.383	415.42	415.34
00:04:23	16.143	15.786	16.136	17.008	16.171	16.385	415.42	415.34
00:05:23	16.143	15.786	16.13	16.972	16.172	16.385	415.42	415.34
00:06:23	16.143	15.788	16.122	16.937	16.172	16.385	415.42	415.34
00:07:23	16.142	15.789	16.116	16.91	16.171	16.385	415.42	415.34
00:08:23	16.143	15.79	16.109	16.858	16.173	16.379	415.42	415.34
00:09:23	16.144	15.79	16.102	16.823	16.169	16.385	415.42	415.34
00:10:23	16.145	15.79	16.094	16.794	16.171	16.384	415.42	415.34
00:11:23	16.144	15.791	16.087	16.77	16.171	16.386	415.42	415.34
00:12:23	16.145	15.791	16.085	16.761	16.171	16.383	415.42	415.34
00:13:23	16.145	15.791	16.08	16.751	16.173	16.384	415.42	415.34
00:14:23	16.146	15.792	16.075	16.738	16.176	16.385	415.42	415.34
00:15:23	16.145	15.792	16.071	16.732	16.176	16.382	415.42	415.34
00:16:23	16.145	15.794	16.065	16.716	16.175	16.385	415.42	415.34
00:17:23	16.145	15.793	16.058	16.694	16.174	16.383	415.42	415.34
00:18:23	16.145	15.792	16.049	16.343	16.171	16.382	415.42	415.34
00:19:23	16.146	15.793	16.035	16.083	16.171	16.386	415.42	415.34
00:20:23	16.145	15.793	16.025	15.95	16.173	16.383	415.42	415.34
00:21:23	16.146	15.792	16.006	15.786	16.173	16.385	415.42	415.34
00:22:24	16.147	15.793	15.979	15.645	16.172	16.386	415.42	415.34
00:23:23	0.0	15.793	15.832	15.593	16.172	16.385	415.42	415.34
00:24:23	16.148	15.793	15.762	15.607	16.172	16.384	415.42	415.34
00:25:23	16.147	15.794	15.787	15.755	16.173	16.385	415.42	415.34
00:26:23	16.148	15.796	15.826	15.915	16.176	16.39	415.42	415.34
00:27:23	16.149	15.796	15.85	16.067	16.173	16.385	415.42	415.34
00:28:23	16.148	15.795	15.867	16.226	16.171	16.386	415.42	415.34
00:29:23	16.149	15.794	15.891	16.343	16.172	16.388	415.42	415.34
00:30:24	16.149	15.795	0.0	16.445	16.173	16.386	415.42	415.34
00:31:23	0.0	15.794	15.946	16.54	16.174	16.39	415.42	415.34
00:32:23	16.149	15.795	15.954	16.622	16.175	16.388	415.42	415.34
00:33:25	16.15	15.795	15.962	16.682	16.174	16.386	415.42	415.34
00:34:23	16.15	15.796	15.973	16.727	16.172	16.384	415.42	415.34
00:35:24	16.151	15.797	15.988	16.759	16.175	16.388	415.42	415.34
00:36:23	16.151	15.797	16.0	16.801	16.174	16.386	415.42	415.34
00:37:23	16.151	15.797	16.005	16.837	16.174	16.384	415.42	415.34
00:38:23	16.15	15.797	16.01	16.853	16.171	16.384	415.42	415.34
00:39:23	16.153	15.797	16.015	16.859	16.172	16.39	415.42	415.34
00:40:23	16.152	15.799	16.025	16.87	16.174	16.388	415.42	415.34
00:41:23	16.152	15.8	16.033	16.878	16.177	16.387	415.42	415.34
00:42:23	16.152	15.801	16.042	16.896	16.178	16.39	415.42	415.34
00:43:23	16.152	15.802	16.05	16.907	16.178	16.387	415.42	415.34
00:44:23	16.153	15.802	16.057	16.924	16.178	16.387	415.42	415.34
00:45:23	16.153	15.805	16.064	16.94	16.181	16.388	415.42	415.34
00:46:23	16.153	15.804	16.07	16.957	16.18	16.387	415.42	415.34
00:47:23	16.152	15.804	16.077	16.96	16.178	16.386	415.42	415.34
00:48:23	16.154	15.805	16.086	16.949	16.177	16.385	415.42	415.34
00:49:23	16.153	15.802	16.082	16.91	16.176	16.386	415.42	415.34
00:50:23	16.155	15.803	16.08	16.872	16.175	16.39	415.42	415.34
00:51:23	16.154	15.802	16.077	16.851	16.174	16.386	415.42	415.34
00:52:23	16.155	15.801	16.068	16.825	16.175	16.39	415.42	415.34
00:53:23	16.155	15.801	16.062	16.79	16.175	16.392	415.42	415.34
00:54:23	16.155	15.8	16.063	16.772	16.173	16.389	415.42	415.34
00:55:23	16.155	15.8	16.057	16.744	16.173	16.388	415.42	415.34
00:56:23	16.156	15.799	16.05	16.726	16.173	16.389	415.42	415.34
00:57:23	16.156	15.799	16.042	16.714	16.172	16.387	415.42	415.34
00:58:23	16.156	15.8	16.042	16.716	16.175	16.388	415.42	415.34
00:59:23	16.157	15.802	16.037	16.697	16.176	16.387	415.42	415.34
01:00:23	16.156	15.801	16.031	16.404	16.174	16.386	415.42	415.34
01:01:23	16.157	15.801	16.015	16.172	16.17	16.386	415.42	415.34
01:02:24	16.157	15.799	15.997	16.054	16.169	16.385	415.42	415.34
01:03:23	0.0	15.799	15.977	16.04	16.171	16.388	415.42	415.34
01:04:23	16.155	15.8	15.962	16.022	16.171	16.385	415.42	415.34
01:05:23	16.156	15.799	15.956	16.016	16.169	16.385	415.42	415.34
01:06:23	16.157	15.799	15.935	15.775	16.168	16.385	415.42	415.34
01:07:23	16.156	15.799	15.907	15.684	16.168	16.384	415.42	415.34
01:08:23	0.0	15.798	15.891	15.672	16.168	16.387	415.42	415.34
01:09:23	16.157	15.798	15.871	15.578	16.17	16.389	415.42	415.34
01:10:23	16.157	15.799	15.827	15.447	16.17	16.385	415.42	415.34
01:11:23	16.158	15.798	15.769	15.417	16.169	16.384	415.42	415.34
01:12:23	16.158	15.796	15.698	15.468	16.168	16.385	415.42	415.34
01:13:23	16.158	15.796	15.737	15.624	16.167	16.386	415.42	415.34
01:14:23	16.158	15.798	15.768	15.822	16.17	16.387	415.42	415.34
01:15:23	16.158	15.798	15.802	15.987	16.167	16.389	415.42	415.34
01:16:23	16.158	15.797	15.823	16.143	16.169	16.383	415.42	415.34
01:17:23	16.158	15.794	15.845	16.282	16.167	16.382	415.42	415.34
01:18:25	16.159	15.796	15.861	16.384	16.167	16.384	415.42	415.34
01:19:23	16.158	15.795	15.882	16.448	16.165	16.385	415.42	415.34
01:20:23	16.159	15.795	15.893	16.532	16.162	16.385	415.42	415.34
01:21:23	16.16	15.796	15.907	16.601	16.165	16.387	415.42	415.34
01:22:23	16.161	15.796	15.922	16.665	16.166	16.388	415.42	415.34
01:23:23	16.159	15.795	15.935	16.716	16.166	16.387	415.42	415.34
01:24:23	16.159	15.796	15.947	16.752	16.162	16.386	415.42	415.34
01:25:23	16.16	15.795	15.958	16.805	16.166	16.388	415.42	415.34
01:26:23	16.16	15.797	15.97	16.838	16.167	16.39	415.42	415.34
01:27:23	16.16	15.798	15.974	16.855	16.17	16.391	415.42	415.34
01:28:23	16.162	15.799	15.978	16.868	16.169	16.39	415.42	415.34
01:29:23	16.161	15.8	15.99	16.886	16.17	16.389	415.42	415.34
01:30:23	16.161	15.801	16.002	16.901	16.171	16.39	415.42	415.34
01:31:23	16.16	15.801	16.015	16.921	16.171	16.387	415.42	415.34
01:32:23	16.161	15.802	16.022	16.936	16.17	16.388	415.42	415.34
01:33:23	16.161	15.804	16.033	16.95	16.167	16.382	415.42	415.34
01:34:23	16.161	15.803	16.044	16.966	16.168	16.385	415.42	415.34
01:35:23	16.16	15.803	16.054	16.982	16.168	16.388	415.42	415.34
01:36:23	16.161	15.803	16.067	16.995	16.165	16.385	415.42	415.34
01:37:23	16.161	15.803	16.077	17.003	16.164	16.385	415.42	415.34
01:38:23	16.162	15.802	16.082	16.982	16.165	16.383	415.42	415.34
01:39:23	16.161	15.801	16.08	16.956	16.164	16.384	415.42	415.34
01:40:23	16.162	15.8	16.081	16.934	16.164	16.385	415.42	415.34
01:41:23	16.162	15.798	16.078	16.893	16.161	16.381	415.42	415.34
01:42:23	16.162	15.798	16.069	16.859	16.164	16.383	415.42	415.34
01:43:23	16.163	15.797	16.063	16.84	16.162	16.38	415.42	415.34
01:44:23	16.161	15.797	16.061	16.825	16.164	16.383	415.42	415.34
01:45:23	16.162	15.798	16.06	16.812	16.165	16.386	415.42	415.34
01:46:23	16.162	15.798	16.057	16.798	16.163	16.386	415.42	415.34
01:47:23	16.162	15.798	16.058	16.779	16.164	16.385	415.42	415.34
01:48:23	16.162	15.801	16.054	16.663	16.168	16.386	415.42	415.34
01:49:23	16.162	15.802	16.047	16.351	16.168	16.386	415.42	415.34
01:50:23	16.162	15.803	16.029	16.199	16.168	16.387	415.42	415.34
01:51:25	16.162	15.804	16.011	16.126	16.166	16.387	415.42	415.34
01:52:23	16.163	15.804	15.999	16.087	16.166	16.384	415.42	415.34
01:53:23	16.163	15.806	15.987	16.083	16.168	16.383	415.42	415.34
01:54:23	16.163	15.806	15.977	16.077	16.168	16.383	415.42	415.34
01:55:23	16.164	15.806	15.977	16.059	16.167	16.385	415.42	415.34
01:56:23	16.163	15.806	15.969	15.97	16.169	16.383	415.42	415.34
01:57:23	16.164	15.807	15.948	15.802	16.167	16.381	415.42	415.34
01:58:25	16.164	15.806	15.918	15.694	16.166	16.38	415.42	415.34
01:59:23	16.164	15.806	15.814	15.614	16.166	16.382	415.42	415.34
02:00:23	16.164	15.805	15.817	15.801	16.167	16.383	415.42	415.34
02:01:23	16.163	15.806	15.847	15.963	16.168	16.384	415.42	415.34
02:02:23	16.163	15.808	15.865	16.117	16.169	16.385	415.42	415.34
02:03:23	16.164	15.809	15.895	16.247	16.171	16.386	415.42	415.34
02:04:23	16.166	15.811	15.922	16.355	16.172	16.386	415.42	415.34
02:05:23	16.165	15.813	15.938	16.459	16.175	16.386	415.42	415.34
02:06:23	16.165	15.813	15.949	16.539	16.177	16.39	415.42	415.34
02:07:23	16.165	15.817	15.964	16.614	16.184	16.391	415.42	415.34
02:08:23	16.165	15.819	15.976	16.7	16.181	16.386	415.42	415.34
02:09:23	16.166	15.821	15.983	16.75	16.182	16.385	415.42	415.34
02:10:23	16.165	15.822	15.996	16.794	16.183	16.388	415.42	415.34
02:11:23	16.166	15.82	16.002	16.83	16.182	16.385	415.42	415.34
02:12:23	16.166	15.822	16.015	16.869	16.183	16.387	415.42	415.34
02:13:23	16.166	15.822	16.025	16.898	16.181	16.391	415.42	415.34
02:14:23	16.166	15.821	16.037	16.926	16.183	16.39	415.42	415.34
02:15:23	16.166	15.822	16.05	16.954	16.184	16.389	415.42	415.34
02:16:23	16.167	15.821	16.059	16.979	16.183	16.389	415.42	415.34
02:17:23	16.167	15.822	16.073	17.007	16.181	16.39	415.42	415.34
02:18:23	16.168	15.823	16.084	17.033	16.177	16.388	415.42	415.34
02:19:23	16.167	15.822	16.096	17.057	16.18	16.388	415.42	415.34
02:20:23	16.167	15.822	16.103	17.076	16.181	16.39	415.42	415.34
02:21:23	16.168	15.823	16.114	17.074	16.184	16.387	415.42	415.34
02:22:23	16.168	15.823	16.118	17.043	16.185	16.389	415.42	415.34
02:23:23	16.168	15.823	16.114	17.008	16.186	16.39	415.42	415.34
02:24:23	16.168	15.823	16.112	16.973	16.182	16.397	415.42	415.34
02:25:23	16.169	15.824	16.105	16.936	16.185	16.392	415.42	415.34
02:26:23	16.168	15.825	16.098	16.899	16.186	16.393	415.42	415.34
02:27:23	16.169	15.826	16.091	16.874	16.185	16.388	415.42	415.34
02:28:23	16.168	15.826	16.087	16.853	16.184	16.388	415.42	415.34
02:29:23	16.168	15.827	16.089	16.842	16.184	16.389	415.42	415.34
02:30:23	16.17	15.825	16.082	16.554	16.185	16.39	415.42	415.34
02:31:23	16.17	15.826	16.061	16.283	16.18	16.39	415.42	415.34
02:32:23	16.169	15.826	16.044	16.207	16.178	16.392	415.42	415.34
02:33:23	16.169	15.827	16.028	16.211	16.182	16.391	415.42	415.34
02:34:23	16.169	15.827	16.022	16.228	16.184	16.391	415.42	415.34
02:35:23	16.169	15.827	16.022	16.217	16.187	16.392	415.42	415.34
02:36:25	16.17	15.828	16.007	15.944	16.189	16.392	415.42	415.34
02:37:23	16.17	15.829	15.836	15.802	16.184	16.393	415.42	415.34
02:38:23	16.171	15.83	15.857	15.821	16.183	16.391	415.42	415.34
02:39:23	16.172	15.83	15.894	15.777	16.184	16.392	415.42	415.34
02:40:23	16.172	15.831	15.902	15.662	16.183	16.391	415.42	415.34
02:41:23	16.173	15.833	15.883	15.592	16.19	16.394	415.42	415.34
02:42:23	16.171	15.833	15.805	15.514	16.189	16.39	415.42	415.34
02:43:23	16.172	15.833	15.612	15.459	16.188	16.388	415.42	415.34
02:44:23	16.173	15.834	15.588	15.445	16.186	16.391	415.42	415.34
02:45:23	16.172	15.833	15.595	15.394	16.188	16.395	415.42	415.34
02:46:23	16.173	15.834	15.609	15.297	16.192	16.395	415.42	415.34
02:47:23	16.174	15.834	15.656	15.468	16.192	16.395	415.42	415.34
02:48:23	16.175	15.834	15.718	15.724	16.19	16.394	415.42	415.34
02:49:23	16.175	15.834	15.751	15.92	16.184	16.395	415.42	415.34
02:50:23	16.175	15.833	15.736	16.059	16.19	16.396	415.42	415.34
02:51:23	16.174	15.833	15.744	16.168	16.19	16.392	415.42	415.34
02:52:23	16.175	15.833	15.763	16.221	16.185	16.393	415.42	415.34
02:53:23	16.175	15.831	15.78	16.284	16.187	16.394	415.42	415.34
02:54:23	16.175	15.832	15.8	16.371	16.185	16.391	415.42	415.34
02:55:23	16.175	15.832	15.817	16.419	16.185	16.392	415.42	415.34
02:56:23	16.174	15.83	15.835	16.444	0.0	16.397	415.42	415.34
02:57:23	16.175	15.83	15.86	16.441	16.179	16.393	415.42	415.34
02:58:23	16.175	15.829	15.879	16.453	16.182	16.395	415.42	415.34
02:59:23	16.176	15.83	15.898	16.521	16.179	16.396	415.42	415.34
03:00:23	16.175	15.829	15.91	16.594	16.18	16.391	415.42	415.34
03:01:23	16.175	15.827	15.928	16.667	16.177	16.388	415.42	415.34
03:02:23	16.175	15.828	15.945	16.737	16.18	16.389	415.42	415.34
03:03:23	16.176	15.829	15.966	16.809	16.183	16.39	415.42	415.34
03:04:23	16.176	15.831	15.983	16.858	16.184	16.391	415.42	415.34
03:05:23	16.176	15.832	15.994	16.901	16.187	16.396	415.42	415.34
03:06:23	16.176	15.833	16.008	16.94	16.184	16.398	415.42	415.34
03:07:23	16.176	15.835	16.018	16.971	16.185	16.393	415.42	415.34
03:08:25	16.177	15.836	16.033	17.002	16.186	16.393	415.42	415.34
03:09:23	16.178	15.837	16.044	17.029	16.185	16.39	415.42	415.34
03:10:23	16.176	15.837	16.058	17.058	16.186	16.388	415.42	415.34
03:11:23	16.178	15.837	16.069	17.057	16.187	16.388	415.42	415.34
03:12:23	16.178	15.837	16.073	17.022	16.189	16.39	415.42	415.34
03:13:23	16.178	15.838	16.072	16.987	16.185	16.389	415.42	415.34
03:14:23	16.178	15.837	16.07	16.956	16.186	16.391	415.42	415.34
03:15:23	16.178	15.837	16.067	16.923	16.186	16.391	415.42	415.34
03:16:23	16.179	15.836	16.061	16.884	16.186	16.39	415.42	415.34
03:17:23	16.178	15.834	16.056	16.861	16.187	16.388	415.42	415.34
03:18:23	16.179	15.835	16.054	16.85	16.185	16.389	415.42	415.34
03:19:23	16.179	15.834	16.054	16.773	16.184	16.389	415.42	415.34
03:20:23	16.179	15.834	16.048	16.462	16.18	16.392	415.42	415.34
03:21:23	16.178	15.833	16.031	16.317	16.183	16.391	415.42	415.34
03:22:23	16.179	15.832	16.02	16.27	16.183	16.39	415.42	415.34
03:23:23	16.179	15.831	16.01	16.265	16.178	16.39	415.42	415.34
03:24:23	16.179	15.83	16.004	16.237	16.178	16.395	415.42	415.34
03:25:23	16.179	15.83	16.002	16.159	16.175	16.388	415.42	415.34
03:26:23	16.178	15.828	15.96	15.936	16.175	16.389	415.42	415.34
03:27:23	16.18	15.827	15.929	15.898	16.174	16.389	415.42	415.34
03:28:23	16.179	15.827	15.93	15.883	16.17	16.387	415.42	415.34
03:29:23	16.179	15.824	15.936	15.828	16.171	16.387	415.42	415.34
03:30:23	16.179	15.824	15.927	15.75	16.171	16.388	415.42	415.34
03:31:23	16.178	15.824	15.904	15.644	16.171	16.388	415.42	415.34
03:32:23	16.18	15.823	15.88	15.694	16.17	16.39	415.42	415.34
03:33:23	16.18	15.823	15.879	15.842	16.168	16.386	415.42	415.34
03:34:23	16.179	15.821	15.881	15.927	16.168	16.384	415.42	415.34
03:35:23	16.18	15.82	15.878	16.014	16.164	16.383	415.42	415.34
03:36:23	16.179	15.819	15.888	16.115	16.164	16.384	415.42	415.34
03:37:23	16.18	15.819	15.913	16.217	16.163	16.383	415.42	415.34
03:38:23	16.18	15.818	15.933	16.338	16.162	16.387	415.42	415.34
03:39:23	16.178	15.817	15.943	16.439	16.161	16.383	415.42	415.34
03:40:23	16.179	15.816	15.965	16.531	16.161	16.384	415.42	415.34
03:41:23	16.179	15.816	15.974	16.623	16.163	16.385	415.42	415.34
03:42:24	16.179	15.817	15.983	16.734	16.163	16.384	415.42	415.34
03:43:23	16.18	15.818	15.992	16.893	16.162	16.383	415.42	415.34
03:44:23	16.181	15.817	16.015	16.835	16.161	16.383	415.42	415.34
03:45:23	16.179	15.817	16.024	16.846	16.162	16.383	415.42	415.34
03:46:23	16.179	15.818	16.027	16.877	16.159	16.385	415.42	415.34
03:47:24	16.179	15.818	16.029	16.902	16.162	16.384	415.42	415.34
03:48:23	16.18	15.821	16.038	16.923	16.165	16.385	415.42	415.34
03:49:23	16.18	15.822	16.047	16.949	16.164	16.386	415.42	415.34
03:50:23	16.181	15.822	16.056	16.959	16.166	16.386	415.42	415.34
03:51:23	16.18	15.824	16.07	16.993	16.165	16.383	415.42	415.34
03:52:23	16.18	15.826	16.079	17.016	16.167	16.385	415.42	415.34
03:53:23	16.18	15.827	16.088	17.037	16.165	16.387	415.42	415.34
03:54:23	16.181	15.828	16.096	17.056	16.164	16.387	415.42	415.34
03:55:23	16.181	15.829	16.108	17.06	16.167	16.386	415.42	415.34
03:56:23	16.183	15.83	16.114	17.028	16.164	16.378	415.42	415.34
03:57:23	16.181	15.829	16.112	17.0	16.16	16.381	415.42	415.34
03:58:23	16.182	15.828	16.106	16.966	16.164	16.382	415.42	415.34
03:59:23	16.181	15.827	16.101	16.934	16.163	16.384	415.42	415.34
04:00:23	16.181	15.828	16.092	16.898	16.164	16.383	415.42	415.34
04:01:23	16.181	15.827	16.088	16.861	16.164	16.384	415.42	415.34
04:02:23	16.181	15.826	16.087	16.843	16.163	16.383	415.42	415.34
04:03:23	16.181	15.827	16.081	16.822	16.163	16.382	415.42	415.34
04:04:23	16.181	15.826	16.071	16.802	16.164	16.382	415.42	415.34
04:05:23	16.181	15.826	16.07	16.784	16.164	16.38	415.42	415.34
04:06:24	16.182	15.826	16.069	16.782	16.163	16.382	415.42	415.34
04:07:23	0.0	15.826	16.069	16.441	16.164	16.38	415.42	415.34
04:08:23	16.183	15.826	16.059	16.284	16.165	16.381	415.42	415.34
04:09:23	16.183	15.826	16.045	16.226	16.163	16.384	415.42	415.34
04:10:23	16.182	15.826	16.039	16.05	16.162	16.385	415.42	415.34
04:11:23	16.182	15.826	16.024	15.918	16.16	16.384	415.42	415.34
04:12:24	16.182	15.825	16.004	15.832	16.161	16.38	415.42	415.34
04:13:23	16.182	15.825	15.912	15.758	16.16	16.38	415.42	415.34
04:14:23	16.183	15.824	15.917	15.947	16.16	16.382	415.42	415.34
04:15:23	16.182	15.823	15.93	16.084	16.158	16.384	415.42	415.34
04:16:23	16.183	15.824	15.94	16.177	16.16	16.383	415.42	415.34
04:17:23	16.182	15.824	15.951	16.25	16.16	16.382	415.42	415.34
04:18:23	16.183	15.823	15.955	16.337	16.158	16.38	415.42	415.34
04:19:25	16.183	15.823	15.961	16.416	16.159	16.38	415.42	415.34
04:20:23	16.183	15.823	15.973	16.504	16.159	16.379	415.42	415.34
04:21:23	16.185	15.824	15.996	16.569	16.159	16.38	415.42	415.34
04:22:23	16.184	15.826	16.016	16.637	16.162	16.38	415.42	415.34
04:23:23	16.186	15.826	16.025	16.699	16.161	16.381	415.42	415.34
04:24:23	16.184	15.826	16.034	16.769	16.161	16.38	415.42	415.34
04:25:23	16.184	15.829	16.04	16.818	16.162	16.379	415.42	415.34
04:26:23	16.185	15.83	16.045	16.861	16.164	16.383	415.42	415.34
04:27:23	16.184	15.832	16.048	16.893	16.164	16.385	415.42	415.34
04:28:23	16.184	15.834	16.061	16.926	16.166	16.386	415.42	415.34
04:29:23	16.184	15.834	16.072	16.953	16.168	16.383	415.42	415.34
04:30:23	16.186	15.836	16.081	16.977	16.169	16.382	415.42	415.34
04:31:23	16.185	15.836	16.093	16.999	16.171	16.38	415.42	415.34
04:32:23	16.186	15.837	16.109	17.019	16.169	16.388	415.42	415.34
04:33:23	16.185	15.839	16.118	17.049	16.168	16.385	415.42	415.34
04:34:23	16.186	15.84	16.125	17.076	16.172	16.383	415.42	415.34
04:35:23	16.187	15.842	16.14	17.107	16.172	16.383	415.42	415.34
04:36:25	16.186	15.841	16.154	17.17	16.174	16.382	415.42	415.34
04:37:23	16.185	15.843	16.172	17.275	16.176	16.387	415.42	415.34
04:38:23	16.188	15.845	16.186	17.312	16.173	16.388	415.42	415.34
04:39:23	16.187	15.847	16.198	17.098	16.179	16.383	415.42	415.34
04:40:23	16.187	15.846	16.196	17.058	16.177	16.386	415.42	415.34
04:41:23	16.187	15.848	16.18	17.036	16.179	16.384	415.42	415.34
04:42:23	16.188	15.849	16.172	17.014	16.18	16.387	415.42	415.34
04:43:23	16.188	15.849	16.164	16.735	16.184	16.387	415.42	415.34
04:44:23	16.188	15.851	16.14	16.464	16.182	16.384	415.42	415.34
04:45:23	16.188	15.851	16.118	16.361	16.181	16.389	415.42	415.34
04:46:23	16.188	15.852	16.1	16.313	16.182	16.389	415.42	415.34
04:47:23	16.189	15.85	16.087	16.285	16.181	16.39	415.42	415.34
04:48:23	16.188	15.851	16.077	16.246	16.179	16.386	415.42	415.34
04:49:23	16.189	15.849	16.063	16.258	16.176	16.385	415.42	415.34
04:50:23	16.189	15.848	16.057	16.058	16.174	16.383	415.42	415.34
04:51:23	16.188	15.846	16.018	15.834	16.172	16.382	415.42	415.34
04:52:23	16.19	15.844	16.004	15.743	16.17	16.385	415.42	415.34
04:53:23	16.189	15.843	15.992	15.681	16.166	16.385	415.42	415.34
04:54:23	16.19	15.84	15.975	15.734	16.166	16.386	415.42	415.34
04:55:23	16.189	15.839	15.959	15.882	16.166	16.389	415.42	415.34
04:56:23	16.189	15.837	15.944	16.02	16.166	16.389	415.42	415.34
04:57:23	16.19	15.837	15.945	16.123	16.167	16.388	415.42	415.34
04:58:23	16.189	15.834	15.947	16.242	16.165	16.39	415.42	415.34
04:59:23	16.189	15.835	15.953	16.343	16.165	16.393	415.42	415.34
05:00:23	16.19	15.836	15.972	16.439	16.166	16.387	415.42	415.34
05:01:23	16.191	15.838	15.991	16.507	16.166	16.387	415.42	415.34
05:02:23	16.191	15.838	16.01	16.582	16.166	16.388	415.42	415.34
05:03:23	16.191	15.838	16.026	16.663	16.166	16.385	415.42	415.34
05:04:23	16.192	15.839	16.038	16.728	16.167	16.383	415.42	415.34
05:05:23	16.192	15.84	16.036	16.78	16.167	16.385	415.42	415.34
05:06:23	16.191	15.841	16.04	16.838	16.168	16.388	415.42	415.34
05:07:23	16.191	15.841	16.045	16.865	16.167	16.389	415.42	415.34
05:08:23	16.192	15.844	16.05	16.884	16.166	16.388	415.42	415.34
05:09:23	16.192	15.843	16.059	16.908	16.167	16.392	415.42	415.34
05:10:23	16.193	15.843	16.074	16.928	16.169	16.385	415.42	415.34
05:11:23	16.193	15.843	16.08	16.948	16.168	16.385	415.42	415.34
05:12:23	16.193	15.844	16.092	16.96	16.165	16.384	415.42	415.34
05:13:23	16.193	15.843	16.095	16.978	16.165	16.385	415.42	415.34
05:14:23	16.193	15.843	16.101	16.994	16.165	16.384	415.42	415.34
05:15:23	16.194	15.841	16.108	17.02	16.162	16.383	415.42	415.34
05:16:23	16.193	15.84	16.117	17.046	16.161	16.382	415.42	415.34
05:17:24	16.194	15.84	16.133	17.135	16.161	16.385	415.42	415.34
05:18:23	16.193	15.84	16.152	17.254	16.16	16.386	415.42	415.34
05:19:23	16.193	15.84	16.171	17.165	16.162	16.384	415.42	415.34
05:20:23	16.194	15.84	16.176	17.056	16.161	16.382	415.42	415.34
05:21:23	16.194	15.839	16.172	17.036	16.162	16.384	415.42	415.34
05:22:25	16.194	15.839	16.162	17.015	16.161	16.382	415.42	415.34
05:23:23	16.193	15.838	16.158	16.988	16.163	16.383	415.42	415.34
05:24:23	16.194	15.839	16.15	16.966	16.163	16.383	415.42	415.34
05:25:23	16.194	15.84	16.148	16.891	16.163	16.384	415.42	415.34
05:26:23	16.194	15.842	16.142	16.548	16.164	16.385	415.42	415.34
05:27:23	16.195	15.845	16.128	16.447	16.167	16.386	415.42	415.34
05:28:23	16.195	15.844	16.116	16.406	16.166	16.387	415.42	415.34
05:29:23	16.195	15.845	16.106	16.376	16.166	16.386	415.42	415.34
05:30:23	16.196	15.846	16.097	16.328	16.165	16.386	415.42	415.34
05:31:23	16.196	15.846	16.065	16.017	16.167	16.389	415.42	415.34
05:32:23	16.196	15.847	16.006	15.968	16.167	16.389	415.42	415.34
05:33:23	16.195	15.848	15.978	15.83	16.166	16.388	415.42	415.34
05:34:23	16.197	15.849	15.81	15.668	16.165	16.389	415.42	415.34
05:35:23	16.196	15.848	15.718	15.56	16.166	16.39	415.42	415.34
05:36:23	16.197	15.848	15.781	15.739	16.167	16.387	415.42	415.34
05:37:23	16.197	15.849	15.845	15.844	16.167	16.387	415.42	415.34
05:38:23	16.197	15.85	15.875	15.929	16.166	16.386	415.42	415.34
05:39:23	16.198	15.851	15.888	15.99	16.167	16.383	415.42	415.34
05:40:23	16.197	15.851	15.886	16.041	16.166	16.383	415.42	415.34
05:41:23	16.198	15.85	15.898	16.156	16.167	16.385	415.42	415.34
05:42:23	16.197	15.85	15.928	16.271	16.163	16.383	415.42	415.34
05:43:23	16.197	15.849	15.944	16.378	16.162	16.385	415.42	415.34
05:44:23	16.197	15.846	15.969	16.5	16.161	16.385	415.42	415.34
05:45:23	16.198	15.846	15.983	16.587	16.161	16.388	415.42	415.34
05:46:23	16.198	15.846	15.993	16.651	16.162	16.386	415.42	415.34
05:47:23	16.199	15.847	16.003	16.718	16.165	16.387	415.42	415.34
05:48:23	16.198	15.847	16.016	16.771	16.164	16.39	415.42	415.34
05:49:23	16.199	15.847	16.022	16.833	16.163	16.389	415.42	415.34
05:50:23	16.199	15.847	16.027	16.855	16.161	16.388	415.42	415.34
05:51:23	16.2	15.847	16.033	16.874	16.162	16.386	415.42	415.34
05:52:23	16.2	15.846	16.038	16.893	16.165	16.387	415.42	415.34
05:53:23	16.199	15.846	16.045	16.909	16.163	16.387	415.42	415.34
05:54:24	16.2	15.847	16.061	16.931	16.162	16.385	415.42	415.34
05:55:23	16.2	15.846	16.068	16.961	16.165	16.383	415.42	415.34
05:56:24	16.199	15.846	16.08	17.07	16.163	16.383	415.42	415.34
05:57:23	16.2	15.845	16.096	17.199	16.162	16.382	415.42	415.34
05:58:23	16.199	15.845	16.122	17.285	16.16	16.379	415.42	415.34
05:59:23	16.2	15.845	16.143	17.346	16.161	16.377	415.42	415.34
06:00:23	16.2	15.845	16.163	17.145	16.162	16.378	415.42	415.34
06:01:23	16.2	15.844	16.167	16.958	16.161	16.379	415.42	415.34
06:02:23	16.201	15.845	16.146	16.963	16.16	16.374	415.42	415.34
06:03:24	16.199	15.845	16.144	16.974	16.16	16.376	415.42	415.34
06:04:23	16.2	15.845	16.141	16.978	16.16	16.378	415.42	415.34
06:05:23	16.201	15.845	16.14	16.978	16.16	16.379	415.42	415.34
06:06:23	16.2	15.845	16.136	16.87	16.16	16.382	415.42	415.34
06:07:23	16.201	15.846	16.12	16.457	16.16	16.381	415.42	415.34
06:08:23	16.201	15.846	16.093	16.186	16.16	16.376	415.42	415.34
06:09:23	16.2	15.846	16.065	16.084	16.16	16.375	415.42	415.34
06:10:23	16.201	15.846	16.045	15.894	16.159	16.372	415.42	415.34
06:11:23	16.201	15.846	16.019	16.061	16.16	16.375	415.42	415.34
06:12:23	16.199	15.847	16.02	16.344	16.16	16.378	415.42	415.34
06:13:23	16.201	15.847	16.035	16.561	16.161	16.386	415.42	415.34
06:14:23	16.201	15.849	16.06	16.733	16.161	16.386	415.42	415.34
06:15:23	16.202	15.848	16.078	16.552	16.163	16.39	415.42	415.34
06:16:23	16.201	15.849	16.075	16.28	16.162	16.387	415.42	415.34
06:17:23	16.202	15.85	16.033	16.154	16.162	16.388	415.42	415.34
06:18:23	16.202	15.851	15.983	15.988	16.163	16.388	415.42	415.34
06:19:23	16.202	15.852	15.848	15.76	16.162	16.388	415.42	415.34
06:20:23	16.203	15.852	15.793	15.706	16.162	16.386	415.42	415.34
06:21:23	16.202	15.852	15.801	15.741	16.162	16.384	415.42	415.34
06:22:23	16.202	15.851	15.824	15.738	16.161	16.385	415.42	415.34
06:23:23	16.202	15.851	15.851	15.748	16.162	16.384	415.42	415.34
06:24:24	16.202	15.851	15.867	15.747	16.161	16.387	415.42	415.34
06:25:23	16.203	15.852	15.773	15.629	16.161	16.385	415.42	415.34
06:26:23	16.202	15.852	15.737	15.649	16.163	16.386	415.42	415.34
06:27:23	16.204	15.853	15.768	15.808	16.163	16.385	415.42	415.34
06:28:25	16.203	15.852	15.794	15.905	16.161	16.386	415.42	415.34
06:29:23	16.203	15.853	15.812	15.99	16.161	16.387	415.42	415.34
06:30:23	16.203	15.853	15.845	16.087	16.16	16.387	415.42	415.34
06:31:23	16.204	15.855	15.877	16.185	16.161	16.386	415.42	415.34
06:32:23	16.204	15.854	15.892	16.276	16.16	16.387	415.42	415.34
06:33:23	16.204	15.853	15.903	16.356	16.16	16.383	415.42	415.34
06:34:23	16.205	15.854	15.919	16.447	16.159	16.385	415.42	415.34
06:35:23	16.205	15.853	15.936	16.52	16.158	16.385	415.42	415.34
06:36:23	16.205	15.854	15.953	16.565	16.16	16.384	415.42	415.34
06:37:23	16.204	15.854	15.965	16.614	16.159	16.383	415.42	415.34
06:38:23	16.206	15.853	15.966	16.673	16.157	16.38	415.42	415.34
06:39:23	16.204	15.851	15.971	16.718	16.159	16.38	415.42	415.34
06:40:23	16.204	15.851	15.986	16.764	16.159	16.378	415.42	415.34
06:41:23	16.205	15.851	15.997	16.807	16.159	16.379	415.42	415.34
06:42:23	16.205	15.85	16.007	16.837	16.159	16.378	415.42	415.34
06:43:23	16.205	15.851	16.017	16.882	16.161	16.379	415.42	415.34
06:44:23	16.204	15.85	16.028	16.915	16.159	16.378	415.42	415.34
06:45:23	16.204	15.852	16.037	16.942	16.159	16.377	415.42	415.34
06:46:23	16.203	15.853	16.05	16.971	16.159	16.378	415.42	415.34
06:47:23	16.205	15.853	16.063	16.993	16.16	16.38	415.42	415.34
06:48:23	16.204	15.854	16.073	16.999	16.161	16.382	415.42	415.34
06:49:23	16.205	15.854	16.08	16.967	16.161	16.383	415.42	415.34
06:50:23	16.205	15.855	16.075	16.93	16.161	16.384	415.42	415.34
06:51:23	16.205	15.856	16.069	16.891	16.161	16.385	415.42	415.34
06:52:23	16.206	15.855	16.061	16.902	16.162	16.385	415.42	415.34
06:53:23	16.206	15.857	16.069	17.042	16.161	16.384	415.42	415.34
06:54:23	16.205	15.856	16.091	17.253	16.16	16.384	415.42	415.34
06:55:23	16.206	15.856	16.12	17.304	16.158	16.382	415.42	415.34
06:56:23	16.205	15.854	16.137	16.995	16.158	16.382	415.42	415.34
06:57:23	16.205	15.854	16.131	16.894	16.157	16.38	415.42	415.34
06:58:24	16.205	15.853	16.122	16.585	16.156	16.377	415.42	415.34
06:59:23	0.0	15.852	16.077	16.307	16.155	16.374	415.42	415.34
07:00:24	16.206	15.851	16.051	16.134	16.157	16.371	415.42	415.34
07:01:23	16.205	15.851	16.035	16.061	16.156	16.374	415.42	415.34
07:02:23	16.206	15.85	16.023	16.092	16.156	16.375	415.42	415.34
07:03:23	16.205	15.85	16.013	16.099	16.158	16.377	415.42	415.34
07:04:23	16.205	15.852	16.006	16.117	16.159	16.378	415.42	415.34
07:05:23	16.207	15.854	16.001	16.07	16.16	16.382	415.42	415.34
07:06:23	16.206	15.855	15.947	15.816	16.158	16.38	415.42	415.34
07:07:23	16.207	15.856	15.876	15.705	16.157	16.38	415.42	415.34
07:08:23	16.205	15.856	15.839	15.665	16.159	16.382	415.42	415.34
07:09:23	16.207	15.856	15.846	15.819	16.157	16.383	415.42	415.34
07:10:23	16.205	15.857	15.864	15.906	16.157	16.383	415.42	415.34
07:11:23	16.206	15.855	15.878	16.01	16.157	16.382	415.42	415.34
07:12:23	16.206	15.856	15.89	16.099	16.157	16.381	415.42	415.34
07:13:23	16.206	15.855	15.892	16.194	16.158	16.381	415.42	415.34
07:14:23	16.205	15.856	15.899	16.271	16.16	16.381	415.42	415.34
07:15:23	16.206	15.856	15.9	16.338	16.158	16.382	415.42	415.34
07:16:23	16.206	15.857	15.904	16.404	16.161	16.384	415.42	415.34
07:17:23	16.206	15.858	15.906	16.457	16.161	16.386	415.42	415.34
07:18:23	16.208	15.859	15.91	16.497	16.161	16.384	415.42	415.34
07:19:24	16.207	15.859	15.928	16.532	16.16	16.383	415.42	415.34
07:20:23	16.207	15.859	15.954	16.568	16.161	16.379	415.42	415.34
07:21:23	16.208	15.86	15.968	16.63	16.161	16.383	415.42	415.34
07:22:23	16.207	15.861	15.979	16.681	16.16	16.384	415.42	415.34
07:23:23	16.208	15.86	15.985	16.726	16.161	16.385	415.42	415.34
07:24:23	16.207	15.862	15.991	16.771	16.162	16.38	415.42	415.34
07:25:23	16.208	15.861	15.995	16.833	16.163	16.384	415.42	415.34
07:26:23	16.208	15.862	16.005	16.852	16.163	16.383	415.42	415.34
07:27:23	16.208	15.861	16.009	16.867	16.163	16.383	415.42	415.34
07:28:23	16.208	15.863	16.018	16.889	16.167	16.383	415.42	415.34
07:29:23	16.209	15.861	16.033	16.91	16.164	16.382	415.42	415.34
07:30:23	16.208	15.862	16.045	16.924	16.167	16.38	415.42	415.34
07:31:23	16.208	15.863	16.051	16.942	16.166	16.379	415.42	415.34
07:32:23	16.208	15.863	16.06	16.959	16.167	16.38	415.42	415.34
07:33:23	16.209	15.863	16.07	16.981	16.166	16.384	415.42	415.34
07:34:23	16.209	15.864	16.078	17.004	16.168	16.382	415.42	415.34
07:35:23	16.208	15.865	16.093	17.028	16.165	16.379	415.42	415.34
07:36:23	16.209	15.865	16.104	17.051	16.165	16.383	415.42	415.34
07:37:23	16.208	15.865	16.111	17.058	16.166	16.382	415.42	415.34
07:38:23	16.209	15.864	16.119	17.061	16.163	16.381	415.42	415.34
07:39:23	16.21	15.863	16.125	17.068	16.163	16.38	415.42	415.34
07:40:23	16.208	15.862	16.133	17.08	16.162	16.382	415.42	415.34
07:41:23	16.209	15.86	16.144	17.084	16.16	16.38	415.42	415.34
07:42:23	16.209	15.86	16.148	17.072	16.159	16.38	415.42	415.34
07:43:23	16.209	15.859	16.145	17.036	16.161	16.381	415.42	415.34
07:44:23	16.208	15.86	16.136	16.986	16.161	16.384	415.42	415.34
07:45:23	16.209	15.861	16.12	16.635	16.162	16.387	415.42	415.34
07:46:24	16.21	15.861	16.102	16.313	16.161	16.383	415.42	415.34
07:47:25	16.209	15.86	16.079	16.154	16.162	16.382	415.42	415.34
07:48:23	16.21	15.86	16.056	16.091	16.16	16.379	415.42	415.34
07:49:24	16.209	15.86	16.035	15.972	16.162	16.379	415.42	415.34
07:50:23	16.211	15.86	16.01	15.837	16.164	16.385	415.42	415.34
07:51:23	16.21	15.861	15.975	15.763	16.162	16.379	415.42	415.34
07:52:23	16.209	15.861	15.955	15.81	16.16	16.381	415.42	415.34
07:53:23	16.21	15.861	15.927	15.727	16.161	16.38	415.42	415.34
07:54:23	16.21	15.86	15.882	15.651	16.16	16.377	415.42	415.34
07:55:23	16.209	15.859	15.891	15.787	16.158	16.381	415.42	415.34
07:56:23	16.21	15.858	15.895	16.004	16.16	16.385	415.42	415.34
07:57:23	16.21	15.858	15.914	16.295	16.158	16.385	415.42	415.34
07:58:23	16.211	15.858	15.942	16.562	16.159	16.38	415.42	415.34
07:59:23	16.211	15.857	15.98	16.698	16.159	16.382	415.42	415.34
08:00:23	16.21	15.857	16.006	16.739	16.159	16.382	415.42	415.34
08:01:23	16.21	15.857	16.03	16.722	16.159	16.38	415.42	415.34
08:02:23	16.21	15.859	16.044	16.641	16.158	16.382	415.42	415.34
08:03:23	16.21	15.859	16.038	16.532	16.162	16.383	415.42	415.34
08:04:23	16.211	15.861	16.03	16.616	16.163	16.383	415.42	415.34
08:05:23	16.211	15.863	16.035	16.706	16.161	16.378	415.42	415.34
08:06:23	16.212	15.864	16.041	16.777	16.162	16.387	415.42	415.34
08:07:23	16.212	15.864	16.051	16.835	16.162	16.382	415.42	415.34
08:08:23	16.212	15.863	16.065	16.891	16.162	16.381	415.42	415.34
08:09:23	16.213	15.865	16.078	16.931	16.161	16.378	415.42	415.34
08:10:23	16.212	15.864	16.086	16.976	16.16	16.382	415.42	415.34
08:11:23	16.211	15.865	16.098	17.015	16.161	16.382	415.42	415.34
08:12:23	16.212	15.865	16.112	17.065	16.16	16.382	415.42	415.34
08:13:23	16.213	15.864	16.128	17.121	16.162	16.383	415.42	415.34
08:14:23	16.212	15.864	16.141	17.093	16.161	16.38	415.42	415.34
08:15:23	16.212	15.865	16.148	17.073	16.16	16.382	415.42	415.34
08:16:23	16.212	15.865	16.141	17.05	16.16	16.381	415.42	415.34
08:17:24	16.212	15.864	16.143	17.035	16.162	16.382	415.42	415.34
08:18:23	16.213	15.864	16.136	16.995	16.162	16.383	415.42	415.34
08:19:23	16.212	15.863	16.134	16.939	16.159	16.383	415.42	415.34
08:20:23	16.212	15.863	16.12	16.899	16.16	16.382	415.42	415.34
08:21:23	16.212	15.864	16.114	16.878	16.159	16.384	415.42	415.34
08:22:24	16.213	15.864	16.114	16.81	16.162	16.384	415.42	415.34
08:23:23	16.212	15.865	16.104	16.636	16.165	16.384	415.42	415.34
08:24:23	16.213	15.867	16.102	16.74	16.164	16.384	415.42	415.34
08:25:23	16.213	15.869	16.117	16.918	16.164	16.382	415.42	415.34
08:26:23	16.212	15.87	16.136	16.99	16.163	16.384	415.42	415.34
08:27:23	16.214	15.87	16.141	16.747	16.167	16.383	415.42	415.34
08:28:23	16.214	15.871	16.138	16.573	16.164	16.38	415.42	415.34
08:29:23	16.213	15.871	16.134	16.294	16.164	16.385	415.42	415.34
08:30:26	16.213	15.871	16.107	16.035	16.165	16.385	415.42	415.34
08:31:23	0.0	15.871	16.071	15.83	16.163	16.384	415.42	415.34
08:32:24	16.213	15.87	16.036	15.827	16.163	16.386	415.42	415.34
08:33:23	16.214	15.871	16.014	15.849	16.166	16.386	415.42	415.34
08:34:25	16.213	15.872	15.956	15.628	16.165	16.383	415.42	415.34
08:35:23	16.213	15.87	15.88	15.47	16.164	16.385	415.42	415.34
08:36:23	16.214	15.871	15.869	15.236	16.166	16.385	415.42	415.34
08:37:23	16.215	15.87	15.808	15.478	16.165	16.385	415.42	415.34
08:38:23	16.214	15.87	0.0	15.718	16.167	16.383	415.42	415.34
08:39:23	16.215	15.871	15.858	15.851	16.168	16.383	415.42	415.34
08:40:23	16.215	15.87	15.89	15.985	16.165	16.382	415.42	415.34
08:41:23	16.215	15.871	15.907	16.088	16.164	16.386	415.42	415.34
08:42:23	16.215	15.871	15.932	16.182	16.166	16.386	415.42	415.34
08:43:23	16.216	15.871	15.945	16.28	16.166	16.386	415.42	415.34
08:44:23	16.216	15.87	15.95	16.351	16.166	16.386	415.42	415.34
08:45:24	16.216	15.871	15.958	16.424	16.167	16.384	415.42	415.34
08:46:23	16.215	15.871	15.969	16.493	16.166	16.386	415.42	415.34
08:47:23	16.217	15.871	15.984	16.587	16.167	16.386	415.42	415.34
08:48:23	16.216	15.871	15.995	16.693	16.169	16.388	415.42	415.34
08:49:23	16.217	15.874	16.006	16.643	16.17	16.391	415.42	415.34
08:50:23	16.216	15.874	16.014	16.706	16.17	16.39	415.42	415.34
08:51:23	16.218	15.874	16.022	16.756	16.171	16.387	415.42	415.34
08:52:23	16.216	15.875	16.029	16.804	16.17	16.385	415.42	415.34
08:53:23	16.216	15.875	16.038	16.849	16.167	16.383	415.42	415.34
08:54:23	16.218	15.874	16.048	16.891	16.168	16.386	415.42	415.34
08:55:23	16.217	15.876	16.063	16.931	16.168	16.388	415.42	415.34
08:56:23	16.217	15.876	16.074	16.955	16.168	16.387	415.42	415.34
08:57:23	16.218	15.875	16.086	16.986	16.169	16.385	415.42	415.34
08:58:23	16.217	15.877	16.095	17.013	16.166	16.384	415.42	415.34
08:59:23	16.218	15.875	16.113	17.04	16.167	16.385	415.42	415.34
09:00:23	16.218	15.876	16.13	17.093	16.168	16.383	415.42	415.34
09:01:23	16.217	15.874	16.136	17.072	16.167	16.386	415.42	415.34
09:02:23	16.218	15.874	16.141	17.051	16.166	16.384	415.42	415.34
09:03:23	16.218	15.875	16.133	17.009	16.164	16.385	415.42	415.34
09:04:23	16.219	15.875	16.124	16.955	16.165	16.389	415.42	415.34
09:05:23	16.218	15.875	16.11	16.897	16.165	16.385	415.42	415.34
09:06:23	16.219	15.873	16.098	16.853	16.163	16.383	415.42	415.34
09:07:23	16.218	15.874	16.092	16.814	16.164	16.385	415.42	415.34
09:08:23	16.219	15.874	16.084	16.545	16.164	16.385	415.42	415.34
09:09:23	16.219	15.872	16.07	16.321	16.162	16.385	415.42	415.34
09:10:23	16.219	15.872	16.05	16.195	16.161	16.382	415.42	415.34
09:11:24	16.219	15.871	16.038	16.031	16.161	16.383	415.42	415.34
09:12:23	16.219	15.872	16.002	15.842	16.161	16.387	415.42	415.34
09:13:23	16.219	15.871	15.856	15.634	16.163	16.389	415.42	415.34
09:14:23	16.22	15.872	15.838	15.788	16.166	16.39	415.42	415.34
09:15:23	16.219	15.873	15.88	15.956	16.165	16.389	415.42	415.34
09:16:23	16.22	15.874	15.904	16.087	16.164	16.388	415.42	415.34
09:17:23	16.219	15.875	15.916	16.182	16.162	16.388	415.42	415.34
09:18:26	16.22	15.876	15.923	16.278	16.162	16.388	415.42	415.34
09:19:23	16.219	15.874	15.928	16.365	16.163	16.386	415.42	415.34
09:20:23	16.22	15.873	15.933	16.445	16.165	16.385	415.42	415.34
09:21:23	16.219	15.875	15.942	16.509	16.162	16.384	415.42	415.34
09:22:23	16.22	15.875	15.947	16.435	16.161	16.384	415.42	415.34
09:23:23	16.22	15.874	15.956	16.437	16.16	16.385	415.42	415.34
09:24:23	16.221	15.874	15.977	16.524	16.159	16.384	415.42	415.34
09:25:23	16.22	15.873	15.995	16.616	16.162	16.383	415.42	415.34
09:26:23	16.22	15.871	16.003	16.77	16.159	16.385	415.42	415.34
09:27:23	16.222	15.872	16.015	16.877	16.16	16.385	415.42	415.34
09:28:23	16.221	15.873	16.031	16.827	16.161	16.385	415.42	415.34
09:29:23	16.222	15.872	16.037	16.853	16.16	16.385	415.42	415.34
09:30:23	16.221	15.874	16.038	16.872	16.161	16.385	415.42	415.34
09:31:23	16.22	15.874	16.045	16.893	16.163	16.384	415.42	415.34
09:32:24	16.221	15.874	16.054	16.92	16.163	16.384	415.42	415.34
09:33:23	16.222	15.875	16.064	16.945	16.164	16.386	415.42	415.34
09:34:23	16.222	15.874	16.072	16.97	16.161	16.384	415.42	415.34
09:35:23	16.221	15.875	16.087	16.99	16.161	16.384	415.42	415.34
09:36:23	16.222	15.875	16.097	17.015	16.161	16.387	415.42	415.34
09:37:23	16.222	15.876	16.109	17.038	16.162	16.387	415.42	415.34
09:38:24	16.222	15.876	16.12	17.059	16.162	16.384	415.42	415.34
09:39:23	16.222	15.877	16.13	17.11	16.162	16.384	415.42	415.34
09:40:23	16.223	15.875	16.144	17.153	16.161	16.382	415.42	415.34
09:41:23	16.222	15.876	16.156	17.088	16.162	16.384	415.42	415.34
09:42:23	16.223	15.877	16.153	17.046	16.162	16.386	415.42	415.34
09:43:23	16.223	15.876	16.148	17.01	16.16	16.384	415.42	415.34
09:44:23	16.222	15.876	16.14	16.96	16.161	16.382	415.42	415.34
09:45:23	16.222	15.875	16.129	16.907	16.16	16.382	415.42	415.34
09:46:23	16.222	15.873	16.119	16.846	16.161	16.381	415.42	415.34
09:47:23	16.222	15.875	16.107	16.749	16.161	16.383	415.42	415.34
09:48:23	16.222	15.876	16.099	16.452	16.162	16.385	415.42	415.34
09:49:23	16.223	15.877	16.084	16.254	16.162	16.384	415.42	415.34
09:50:23	16.223	15.877	16.067	16.082	16.162	16.384	415.42	415.34
09:51:23	16.224	15.877	16.044	15.855	16.161	16.381	415.42	415.34
09:52:23	16.224	15.878	15.944	15.558	16.161	16.384	415.42	415.34
09:53:24	16.224	15.878	15.686	15.355	16.161	16.382	415.42	415.34
09:54:23	16.223	15.879	15.708	15.553	16.161	16.384	415.42	415.34
09:55:23	16.223	15.878	15.777	15.729	16.16	16.384	415.42	415.34
09:56:25	16.224	15.879	15.819	15.849	16.164	16.383	415.42	415.34
09:57:23	16.224	15.879	15.847	15.937	16.164	16.382	415.42	415.34
09:58:24	16.223	15.88	15.864	16.031	16.16	16.382	415.42	415.34
09:59:23	16.223	15.878	15.892	16.135	16.162	16.383	415.42	415.34
10:00:23	16.224	15.879	15.914	16.247	16.163	16.383	415.42	415.34
10:01:23	16.224	15.879	15.937	16.375	16.163	16.382	415.42	415.34
10:02:23	16.225	15.878	15.96	16.479	16.164	16.382	415.42	415.34
10:03:23	16.223	15.878	15.973	16.589	16.162	16.381	415.42	415.34
10:04:23	16.225	15.879	15.987	16.73	16.163	16.382	415.42	415.34
10:05:23	16.225	15.879	16.004	16.85	16.164	16.384	415.42	415.34
10:06:23	16.225	15.88	16.02	16.777	16.164	16.383	415.42	415.34
10:07:23	16.225	15.88	16.028	16.704	16.165	16.382	415.42	415.34
10:08:23	16.225	15.88	16.021	16.754	16.166	16.382	415.42	415.34
10:09:23	16.225	15.881	16.021	16.791	16.169	16.389	415.42	415.34
10:10:23	16.225	15.883	16.029	16.824	16.169	16.387	415.42	415.34
10:11:23	16.225	15.884	16.035	16.859	16.169	16.385	415.42	415.34
10:12:23	16.225	15.884	16.045	16.891	16.17	16.386	415.42	415.34
10:13:23	16.227	15.883	16.05	16.92	16.17	16.382	415.42	415.34
10:14:23	16.226	15.884	16.061	16.947	16.17	16.387	415.42	415.34
10:15:23	16.226	15.884	16.073	16.971	16.167	16.386	415.42	415.34
10:16:23	16.227	15.884	16.087	16.995	16.164	16.382	415.42	415.34
10:17:23	16.226	15.883	16.094	17.008	16.165	16.384	415.42	415.34
10:18:23	16.227	15.882	16.099	16.985	16.163	16.382	415.42	415.34
10:19:23	16.227	15.88	16.098	16.951	16.163	16.382	415.42	415.34
10:20:23	16.226	15.878	16.094	16.927	16.165	16.382	415.42	415.34
10:21:23	16.226	15.878	16.091	16.911	16.164	16.384	415.42	415.34
10:22:23	16.225	15.879	16.092	16.901	16.162	16.385	415.42	415.34
10:23:23	16.227	15.878	16.092	16.906	16.161	16.384	415.42	415.34
10:24:23	16.226	15.878	16.097	16.907	16.162	16.382	415.42	415.34
10:25:23	16.227	15.877	16.099	16.916	16.162	16.383	415.42	415.34
10:26:23	16.228	15.877	16.102	16.92	16.164	16.384	415.42	415.34
10:27:24	16.227	15.877	16.106	16.915	16.162	16.382	415.42	415.34
10:28:23	0.0	15.878	16.105	16.615	16.164	16.383	415.42	415.34
10:29:23	16.227	15.878	16.058	16.198	16.163	16.385	415.42	415.34
10:30:23	16.226	15.88	16.0	16.145	16.162	16.386	415.42	415.34
10:31:23	16.228	15.878	16.01	16.363	16.163	16.385	415.42	415.34
10:32:24	16.228	15.878	16.032	16.697	16.162	16.386	415.42	415.34
10:33:23	16.228	15.879	16.062	17.033	16.164	16.389	415.42	415.34
10:34:23	16.226	15.879	16.093	16.998	16.163	16.388	415.42	415.34
10:35:23	16.227	15.878	16.099	16.755	16.163	16.386	415.42	415.34
10:36:23	16.228	15.881	16.091	16.491	16.164	16.39	415.42	415.34
10:37:23	16.228	15.88	16.058	16.217	16.165	16.387	415.42	415.34
10:38:24	16.226	15.88	16.021	15.941	16.163	16.387	415.42	415.34
10:39:23	16.229	15.881	15.913	15.79	16.163	16.389	415.42	415.34
10:40:25	16.229	15.881	15.88	15.719	16.166	16.386	415.42	415.34
10:41:23	16.228	15.88	15.845	15.669	16.165	16.387	415.42	415.34
10:42:23	16.228	15.881	15.759	15.587	16.164	16.384	415.42	415.34
10:43:23	16.228	15.881	15.788	15.74	16.164	16.385	415.42	415.34
10:44:23	16.228	15.883	15.835	15.884	16.161	16.386	415.42	415.34
10:45:23	16.229	15.881	15.854	15.915	16.161	16.385	415.42	415.34
10:46:23	16.228	15.879	15.841	15.893	16.159	16.383	415.42	415.34
10:47:23	16.228	15.88	15.831	15.988	16.16	16.384	415.42	415.34
10:48:23	16.228	15.879	15.834	16.081	16.162	16.385	415.42	415.34
10:49:23	16.228	15.88	15.836	16.195	16.162	16.386	415.42	415.34
10:50:23	16.23	15.88	15.847	16.288	16.162	16.385	415.42	415.34
10:51:23	16.229	15.88	15.884	16.386	16.166	16.387	415.42	415.34
10:52:23	16.23	15.882	15.913	16.496	16.166	16.39	415.42	415.34
10:53:23	16.229	15.881	15.933	16.587	16.168	16.392	415.42	415.34
10:54:23	16.229	15.883	15.94	16.647	16.166	16.388	415.42	415.34
10:55:23	16.229	15.883	15.958	16.711	16.166	16.383	415.42	415.34
10:56:23	16.231	15.883	15.974	16.771	16.169	16.387	415.42	415.34
10:57:23	16.23	15.885	15.978	16.823	16.169	16.386	415.42	415.34
10:58:23	16.23	15.886	15.993	16.845	16.168	16.39	415.42	415.34
10:59:23	16.231	15.887	16.001	16.873	16.17	16.392	415.42	415.34
11:00:23	16.23	15.888	16.013	16.891	16.171	16.385	415.42	415.34
11:01:23	16.231	15.889	16.022	16.92	16.173	16.389	415.42	415.34
11:02:23	16.231	15.89	16.031	16.949	16.173	16.393	415.42	415.34
11:03:23	16.231	15.891	16.042	16.967	16.176	16.389	415.42	415.34
11:04:23	16.232	15.893	16.054	16.992	16.177	16.386	415.42	415.34
11:05:23	16.231	15.892	16.065	17.011	16.178	16.384	415.42	415.34
11:06:23	16.231	15.893	16.073	17.028	16.175	16.389	415.42	415.34
11:07:23	16.232	15.894	16.088	17.052	16.175	16.385	415.42	415.34
11:08:23	16.232	15.893	16.102	17.071	16.176	16.388	415.42	415.34
11:09:23	16.232	15.893	16.109	17.046	16.175	16.39	415.42	415.34
11:10:23	16.231	15.892	16.102	17.001	16.176	16.387	415.42	415.34
11:11:23	16.232	15.892	16.102	16.973	16.177	16.39	415.42	415.34
11:12:23	16.231	15.893	16.095	16.932	16.179	16.386	415.42	415.34
11:13:23	16.232	15.893	16.087	16.886	16.175	16.391	415.42	415.34
11:14:23	16.232	15.892	16.081	16.867	16.176	16.391	415.42	415.34
11:15:23	16.232	15.891	16.076	16.832	16.176	16.391	415.42	415.34
11:16:23	16.232	15.891	16.071	16.802	16.174	16.39	415.42	415.34
11:17:23	16.233	15.891	16.067	16.728	16.175	16.391	415.42	415.34
11:18:23	16.232	15.892	16.056	16.396	16.177	16.392	415.42	415.34
11:19:23	16.232	15.891	16.041	16.198	16.176	16.388	415.42	415.34
11:20:23	16.232	15.89	16.012	15.974	16.174	16.386	415.42	415.34
11:21:23	16.232	15.891	15.987	15.755	16.175	16.388	415.42	415.34
11:22:23	16.233	15.892	15.946	15.669	16.177	16.387	415.42	415.34
11:23:23	16.233	15.892	15.925	15.877	16.176	16.388	415.42	415.34
11:24:23	16.232	15.892	15.919	16.002	16.177	16.384	415.42	415.34
11:25:23	16.233	15.891	15.917	16.097	16.174	16.383	415.42	415.34
11:26:23	16.233	15.89	15.918	16.192	16.17	16.381	415.42	415.34
11:27:23	16.233	15.889	15.938	16.28	16.167	16.384	415.42	415.34
11:28:23	16.233	15.886	15.963	16.372	16.169	16.386	415.42	415.34
11:29:23	16.233	15.886	15.986	16.484	16.17	16.389	415.42	415.34
11:30:23	16.234	15.885	15.99	16.59	16.17	16.389	415.42	415.34
11:31:23	16.233	15.885	16.001	16.691	16.169	16.393	415.42	415.34
11:32:23	16.233	15.885	16.012	16.811	16.169	16.389	415.42	415.34
11:33:23	16.233	15.887	16.023	16.906	16.173	16.389	415.42	415.34
11:34:23	16.234	15.888	16.037	16.894	16.175	16.389	415.42	415.34
11:35:23	16.234	15.889	16.042	16.848	16.174	16.386	415.42	415.34
11:36:23	16.233	15.889	16.042	16.859	16.174	16.386	415.42	415.34
11:37:23	16.234	15.889	16.043	16.865	16.171	16.386	415.42	415.34
11:38:24	16.235	15.889	16.05	16.884	16.171	16.385	415.42	415.34
11:39:23	16.235	15.89	16.061	16.917	16.174	16.389	415.42	415.34
11:40:23	16.233	15.889	16.075	16.942	16.172	16.385	415.42	415.34
11:41:23	16.234	15.891	16.083	16.978	16.173	16.385	415.42	415.34
11:42:23	16.234	15.89	16.09	17.005	16.174	16.387	415.42	415.34
11:43:23	16.235	15.89	16.102	17.038	16.176	16.391	415.42	415.34
11:44:23	16.234	15.889	16.11	17.079	16.175	16.39	415.42	415.34
11:45:23	16.234	15.89	16.126	17.054	16.175	16.389	415.42	415.34
11:46:23	16.235	15.89	16.136	17.032	16.175	16.394	415.42	415.34
11:47:23	16.235	15.89	16.13	17.004	16.174	16.39	415.42	415.34
11:48:23	16.235	15.891	16.124	16.978	16.175	16.388	415.42	415.34
11:49:23	16.235	15.892	16.123	16.951	16.175	16.388	415.42	415.34
11:50:23	16.234	15.892	16.115	16.901	16.176	16.387	415.42	415.34
11:51:23	16.236	15.892	16.104	16.849	16.173	16.386	415.42	415.34
11:52:23	16.235	15.889	16.096	16.819	16.171	16.389	415.42	415.34
11:53:23	16.235	15.89	16.091	16.81	16.171	16.387	415.42	415.34
11:54:23	16.235	15.89	16.085	16.784	16.173	16.389	415.42	415.34
11:55:23	16.236	15.891	16.083	16.761	16.173	16.388	415.42	415.34
11:56:23	16.235	15.891	16.082	16.746	16.174	16.387	415.42	415.34
11:57:23	16.235	15.891	16.075	16.727	16.174	16.39	415.42	415.34
11:58:23	16.237	15.89	16.072	16.627	16.178	16.388	415.42	415.34
11:59:23	16.236	15.89	16.062	16.299	16.176	16.388	415.42	415.34
12:00:23	16.236	15.89	16.038	16.078	16.175	16.388	415.42	415.34
12:01:23	16.237	15.89	16.009	15.963	16.175	16.39	415.42	415.34
12:02:23	16.237	15.89	15.983	15.811	16.175	16.389	415.42	415.34
12:03:23	16.237	15.891	15.967	15.798	16.176	16.388	415.42	415.34
12:04:23	16.236	15.891	15.951	15.951	16.175	16.392	415.42	415.34
12:05:24	16.236	15.892	15.944	16.101	16.174	16.388	415.42	415.34
12:06:23	16.236	15.89	15.942	16.242	16.174	16.388	415.42	415.34
12:07:23	16.236	15.89	15.945	16.368	16.173	16.386	415.42	415.34
12:08:23	16.236	15.889	15.961	16.443	16.172	16.388	415.42	415.34
12:09:23	16.236	15.889	15.984	16.516	16.175	16.389	415.42	415.34
12:10:23	16.236	15.889	16.006	16.592	16.174	16.387	415.42	415.34
12:11:23	16.237	15.891	16.021	16.665	16.175	16.389	415.42	415.34
12:12:23	16.237	15.89	16.033	16.722	16.176	16.391	415.42	415.34
12:13:23	16.237	15.891	16.033	16.77	16.177	16.392	415.42	415.34
12:14:23	16.236	15.891	16.035	16.821	16.175	16.39	415.42	415.34
12:15:23	16.237	15.892	16.041	16.837	16.178	16.39	415.42	415.34
12:16:23	16.238	15.891	16.038	16.837	16.177	16.388	415.42	415.34
12:17:23	16.238	15.891	16.044	16.852	16.177	16.391	415.42	415.34
12:18:23	16.237	15.893	16.054	16.869	16.177	16.39	415.42	415.34
12:19:23	16.238	15.893	16.061	16.88	16.177	16.393	415.42	415.34
12:20:23	16.238	15.893	16.067	16.896	16.177	16.39	415.42	415.34
12:21:23	16.238	15.894	16.073	16.915	16.178	16.391	415.42	415.34
12:22:23	16.237	15.893	16.077	16.924	16.181	16.387	415.42	415.34
12:23:23	16.238	15.892	16.087	16.941	16.177	16.389	415.42	415.34
12:24:23	16.239	15.893	16.091	16.957	16.177	16.389	415.42	415.34
12:25:23	16.239	15.892	16.101	16.977	16.176	16.387	415.42	415.34
12:26:23	16.238	15.893	16.108	16.983	16.177	16.39	415.42	415.34
12:27:23	16.239	15.89	16.112	16.962	16.177	16.391	415.42	415.34
12:28:23	16.238	15.892	16.109	16.916	16.177	16.393	415.42	415.34
12:29:23	16.239	15.892	16.1	16.865	16.175	16.392	415.42	415.34
12:30:23	16.239	15.892	16.092	16.837	16.175	16.39	415.42	415.34
12:31:23	16.239	15.892	16.088	16.822	16.175	16.39	415.42	415.34
12:32:23	16.239	15.891	16.089	16.814	16.173	16.391	415.42	415.34
12:33:23	16.239	15.891	16.09	16.811	16.175	16.392	415.42	415.34
12:34:23	16.24	15.891	16.088	16.796	16.177	16.393	415.42	415.34
12:35:23	16.239	15.893	16.077	16.753	16.178	16.394	415.42	415.34
12:36:23	16.239	15.893	16.068	16.731	16.179	16.39	415.42	415.34
12:37:24	16.238	15.892	16.066	16.718	16.18	16.39	415.42	415.34
12:38:23	16.24	15.892	16.059	16.704	16.179	16.392	415.42	415.34
12:39:23	16.24	15.894	16.057	16.69	16.179	16.391	415.42	415.34
12:40:23	16.24	15.894	16.048	16.589	16.175	16.391	415.42	415.34
12:41:23	16.239	15.894	16.032	16.123	16.176	16.39	415.42	415.34
12:42:24	16.24	15.896	16.01	15.897	16.178	16.394	415.42	415.34
12:43:23	16.24	15.896	15.971	15.762	16.177	16.391	415.42	415.34
12:44:23	16.24	15.894	15.916	15.739	16.176	16.39	415.42	415.34
12:45:23	16.24	15.894	15.92	15.929	16.175	16.389	415.42	415.34
12:46:23	16.239	15.894	15.931	16.182	16.175	16.393	415.42	415.34
12:47:23	16.24	15.893	15.943	16.368	16.173	16.394	415.42	415.34
12:48:23	16.24	15.892	15.956	16.467	16.173	16.389	415.42	415.34
12:49:23	16.241	15.89	15.96	16.516	16.174	16.389	415.42	415.34
12:50:23	16.24	15.888	15.959	16.546	16.173	16.39	415.42	415.34
12:51:23	16.241	15.888	15.958	16.569	16.174	16.392	415.42	415.34
12:52:23	16.241	15.887	15.965	16.489	16.172	16.39	415.42	415.34
12:53:23	16.241	15.886	15.963	16.222	16.174	16.394	415.42	415.34
12:54:23	16.241	15.887	15.945	16.076	16.174	16.393	415.42	415.34
12:55:23	16.242	15.887	15.934	15.931	16.174	16.392	415.42	415.34
12:56:23	16.241	15.887	15.915	15.792	16.176	16.391	415.42	415.34
12:57:24	16.242	15.888	15.891	15.911	16.175	16.393	415.42	415.34
12:58:24	16.24	15.887	15.877	16.065	16.174	16.391	415.42	415.34
12:59:23	16.241	15.888	15.873	16.215	16.173	16.392	415.42	415.34
13:00:24	16.242	15.888	15.88	16.338	16.174	16.393	415.42	415.34
13:01:23	16.242	15.889	15.887	16.418	16.175	16.395	415.42	415.34
13:02:23	16.241	15.888	15.894	16.474	16.174	16.396	415.42	415.34
13:03:23	16.242	15.89	15.906	16.515	16.175	16.394	415.42	415.34
13:04:23	16.242	15.89	15.935	16.553	16.176	16.395	415.42	415.34
13:05:23	16.242	15.891	15.953	16.613	16.177	16.393	415.42	415.34
13:06:23	16.242	15.892	15.963	16.668	16.178	16.391	415.42	415.34
13:07:23	16.241	15.894	15.976	16.713	16.177	16.393	415.42	415.34
13:08:23	16.243	15.894	15.978	16.767	16.179	16.39	415.42	415.34
13:09:24	16.242	15.894	15.984	16.794	16.177	16.391	415.42	415.34
13:10:24	16.243	15.895	15.989	16.807	16.178	16.39	415.42	415.34
13:11:24	16.242	15.895	15.992	16.82	16.178	16.394	415.42	415.34
13:12:24	0.0	15.895	15.996	16.837	16.178	16.393	415.42	415.34
13:13:23	16.243	15.895	16.006	16.855	16.176	16.388	415.42	415.34
13:14:23	16.241	15.894	16.014	16.873	16.178	16.391	415.42	415.34
13:15:23	16.243	15.894	16.026	16.891	16.176	16.39	415.42	415.34
13:16:24	16.241	15.894	16.038	16.913	16.175	16.391	415.42	415.34
13:17:23	16.243	15.893	16.046	16.933	16.177	16.39	415.42	415.34
13:18:25	16.242	15.892	16.055	16.952	16.177	16.391	415.42	415.34
13:19:23	16.242	15.892	16.064	16.967	16.175	16.392	415.42	415.34
13:20:23	16.243	15.892	16.074	16.982	16.175	16.392	415.42	415.34
13:21:23	16.242	15.89	16.08	16.993	16.173	16.389	415.42	415.34
13:22:23	16.241	15.89	16.087	16.968	16.176	16.39	415.42	415.34
13:23:23	16.242	15.89	16.085	16.919	16.174	16.391	415.42	415.34
13:24:23	16.243	15.891	16.076	16.882	16.175	16.393	415.42	415.34
13:25:23	16.243	15.89	16.07	16.845	16.174	16.39	415.42	415.34
13:26:23	16.242	15.89	16.06	16.794	16.174	16.391	415.42	415.34
13:27:23	16.243	15.89	16.052	16.761	16.175	16.396	415.42	415.34
13:28:23	16.241	15.888	16.046	16.728	16.173	16.39	415.42	415.34
13:29:23	16.242	15.889	16.046	16.708	16.173	16.392	415.42	415.34
13:30:23	16.243	15.889	16.04	16.681	16.173	16.393	415.42	415.34
13:31:23	16.242	15.887	16.035	16.664	16.174	16.39	415.42	415.34
13:32:24	16.242	15.887	16.029	16.662	16.171	16.391	415.42	415.34
13:33:23	16.243	15.886	16.02	16.652	16.173	16.393	415.42	415.34
13:34:23	16.242	15.887	16.017	16.644	16.174	16.398	415.42	415.34
13:35:23	16.242	15.887	16.013	16.349	16.173	16.392	415.42	415.34
13:36:23	16.242	15.888	15.998	16.053	16.175	16.391	415.42	415.34
13:37:23	16.242	15.889	15.965	15.859	16.174	16.393	415.42	415.34
13:38:23	16.242	15.89	15.933	15.853	16.174	16.394	415.42	415.34
13:39:23	16.242	15.89	15.913	15.985	16.175	16.392	415.42	415.34
13:40:23	16.243	15.89	15.913	16.132	16.178	16.394	415.42	415.34
13:41:23	16.242	15.891	15.916	16.281	16.178	16.39	415.42	415.34
13:42:23	16.243	15.892	15.923	16.397	16.177	16.39	415.42	415.34
13:43:23	16.242	15.894	15.947	16.461	16.177	16.39	415.42	415.34
13:44:23	16.243	15.895	15.959	16.522	16.179	16.389	415.42	415.34
13:45:23	16.243	15.895	15.979	16.591	16.177	16.388	415.42	415.34
13:46:24	16.242	15.896	15.99	16.654	16.178	16.392	415.42	415.34
13:47:23	16.244	15.895	16.008	16.713	16.175	16.39	415.42	415.34
13:48:23	16.243	15.895	16.021	16.755	16.177	16.391	415.42	415.34
13:49:24	16.244	15.895	16.017	16.799	16.179	16.398	415.42	415.34
13:50:23	16.243	15.894	16.016	16.818	16.176	16.393	415.42	415.34
13:51:23	16.243	15.896	16.02	16.825	16.176	16.392	415.42	415.34
13:52:23	16.244	15.896	16.02	16.829	16.177	16.39	415.42	415.34
13:53:23	16.243	15.895	16.026	16.839	16.177	16.391	415.42	415.34
13:54:23	16.244	15.896	16.033	16.855	16.176	16.39	415.42	415.34
13:55:23	16.243	15.893	16.039	16.864	16.176	16.391	415.42	415.34
13:56:23	16.244	15.894	16.044	16.882	16.176	16.393	415.42	415.34
13:57:24	16.244	15.893	16.05	16.893	16.177	16.392	415.42	415.34
13:58:23	16.244	15.893	16.058	16.91	16.177	16.391	415.42	415.34
13:59:23	16.243	15.892	16.066	16.923	16.177	16.391	415.42	415.34
14:00:23	16.243	15.891	16.079	16.937	16.174	16.387	415.42	415.34
14:01:23	16.242	15.892	16.085	16.947	16.173	16.391	415.42	415.34
14:02:23	16.243	15.89	16.096	16.965	16.173	16.384	415.42	415.34
14:03:23	16.243	15.888	16.105	16.964	16.171	16.387	415.42	415.34
14:04:24	16.242	15.888	16.105	16.941	16.171	16.387	415.42	415.34
14:05:23	16.243	15.887	16.101	16.922	16.17	16.388	415.42	415.34
14:06:24	16.242	15.886	16.1	16.923	16.172	16.39	415.42	415.34
14:07:23	16.242	15.886	16.099	16.919	16.172	16.393	415.42	415.34
14:08:23	16.243	15.886	16.105	16.906	16.171	16.393	415.42	415.34
14:09:23	16.242	15.885	16.101	16.875	16.169	16.389	415.42	415.34
14:10:23	16.243	15.884	16.095	16.844	16.17	16.389	415.42	415.34
14:11:23	16.243	15.884	16.089	16.811	16.171	16.389	415.42	415.34
14:12:23	16.242	15.886	16.081	16.779	16.17	16.388	415.42	415.34
14:13:23	16.243	15.884	16.077	16.756	16.17	16.39	415.42	415.34
14:14:23	16.244	15.884	16.072	16.737	16.172	16.392	415.42	415.34
14:15:23	16.243	15.885	16.067	16.729	16.173	16.393	415.42	415.34
14:16:23	16.244	15.886	16.06	16.712	16.171	16.391	415.42	415.34
14:17:23	16.243	15.886	16.055	16.639	16.174	16.39	415.42	415.34
14:18:24	16.244	15.887	16.044	16.276	16.172	16.393	415.42	415.34
14:19:23	16.243	15.888	16.015	16.017	16.174	16.389	415.42	415.34
14:20:23	16.243	15.888	15.991	15.854	16.172	16.388	415.42	415.34
14:21:23	16.243	15.887	15.962	15.808	16.173	16.387	415.42	415.34
14:22:23	16.243	15.885	15.94	15.951	16.171	16.387	415.42	415.34
14:23:23	16.243	15.886	15.939	16.14	16.172	16.389	415.42	415.34
14:24:24	16.244	15.887	15.944	16.311	16.172	16.39	415.42	415.34
14:25:23	16.243	15.886	15.946	16.423	16.171	16.387	415.42	415.34
14:26:23	16.244	15.887	15.955	16.493	16.17	16.387	415.42	415.34
14:27:23	16.243	15.886	15.976	16.543	16.171	16.389	415.42	415.34
14:28:24	16.244	15.886	15.997	16.593	16.172	16.387	415.42	415.34
14:29:23	16.244	15.886	16.017	16.651	16.172	16.391	415.42	415.34
14:30:24	16.244	15.885	16.032	16.707	16.172	16.393	415.42	415.34
14:31:24	0.0	15.887	16.047	16.757	16.171	16.388	415.42	415.34
14:32:25	16.243	15.885	16.053	16.798	16.17	16.388	415.42	415.34
14:33:23	0.0	15.884	16.05	16.828	16.172	16.387	415.42	415.34
14:34:24	16.244	15.884	16.05	16.834	16.172	16.386	415.42	415.34
14:35:24	0.0	15.885	16.051	16.844	16.171	16.387	415.42	415.34
14:36:25	16.243	15.885	16.052	16.857	16.171	16.39	415.42	415.34
14:37:23	16.244	15.884	16.057	16.868	16.17	16.393	415.42	415.34
14:38:23	16.244	15.885	16.067	16.875	16.169	16.39	415.42	415.34
14:39:24	16.244	15.884	16.07	16.888	16.171	16.39	415.42	415.34
14:40:25	16.245	15.884	16.077	16.903	16.169	16.387	415.42	415.34
14:41:23	16.244	15.884	16.083	16.916	16.172	16.386	415.42	415.34
14:42:23	16.245	15.884	16.09	16.925	16.171	16.386	415.42	415.34
14:43:23	16.244	15.885	16.098	16.947	16.168	16.387	415.42	415.34
14:44:23	16.244	15.885	16.102	16.956	16.169	16.386	415.42	415.34
14:45:23	16.245	15.885	16.112	16.969	16.17	16.39	415.42	415.34
14:46:23	16.244	15.885	16.116	16.945	16.168	16.386	415.42	415.34
14:47:23	16.245	15.885	16.111	16.917	16.17	16.386	415.42	415.34
14:48:23	16.245	15.884	16.107	16.885	16.17	16.386	415.42	415.34
14:49:24	16.245	15.885	16.1	16.854	16.171	16.387	415.42	415.34
14:50:24	16.244	15.886	16.092	16.811	16.171	16.391	415.42	415.34
14:51:23	16.244	15.886	16.086	16.776	16.172	16.39	415.42	415.34
14:52:23	16.246	15.887	16.079	16.742	16.17	16.39	415.42	415.34
14:53:23	16.244	15.887	16.072	16.726	16.17	16.389	415.42	415.34
14:54:24	16.244	15.886	16.067	16.702	16.172	16.391	415.42	415.34
14:55:23	16.245	15.887	16.06	16.694	16.171	16.389	415.42	415.34
14:56:24	16.244	15.886	16.056	16.696	16.172	16.392	415.42	415.34
14:57:23	16.245	15.886	16.053	16.677	16.173	16.392	415.42	415.34
14:58:23	16.245	15.888	16.049	16.683	16.175	16.391	415.42	415.34
14:59:23	16.245	15.887	16.048	16.42	16.172	16.389	415.42	415.34
15:00:23	16.244	15.888	16.034	16.139	16.172	16.389	415.42	415.34
15:01:24	16.246	15.887	16.018	15.928	16.173	16.388	415.42	415.34
15:02:23	16.245	15.888	15.987	15.78	16.173	16.387	415.42	415.34
15:03:23	16.245	15.888	15.958	15.837	16.173	16.39	415.42	415.34
15:04:23	16.245	15.887	15.949	16.032	16.171	16.39	415.42	415.34
15:05:23	16.245	15.888	15.944	16.241	16.172	16.391	415.42	415.34
15:06:24	16.245	15.887	15.95	16.385	16.172	16.387	415.42	415.34
15:07:23	16.246	15.887	15.959	16.466	16.173	16.389	415.42	415.34
15:08:24	16.246	15.888	15.963	16.517	16.173	16.39	415.42	415.34
15:09:23	16.245	15.887	15.965	16.54	16.17	16.389	415.42	415.34
15:10:25	16.246	15.886	15.965	16.553	16.17	16.386	415.42	415.34
15:11:24	16.245	15.886	15.966	16.56	16.169	16.387	415.42	415.34
15:12:24	16.245	15.885	15.962	16.565	16.17	16.389	415.42	415.34
15:13:23	0.0	15.885	15.961	16.574	16.169	16.391	415.42	415.34
15:14:25	16.246	15.884	15.965	16.571	16.169	16.391	415.42	415.34
15:15:23	16.247	15.884	15.963	16.572	16.17	16.391	415.42	415.34
15:16:23	16.246	15.883	15.965	16.575	16.17	16.388	415.42	415.34
15:17:23	16.245	15.883	15.965	16.57	16.17	16.39	415.42	415.34
15:18:23	16.246	15.882	15.962	16.563	16.172	16.388	415.42	415.34
15:19:23	16.247	15.883	15.957	16.566	16.171	16.39	415.42	415.34
15:20:24	16.245	15.882	15.954	16.567	16.171	16.392	415.42	415.34
15:21:24	16.245	15.883	15.953	16.562	16.17	16.39	415.42	415.34
15:22:24	16.245	15.883	15.953	16.567	16.171	16.391	415.42	415.34
15:23:24	16.246	15.883	15.953	16.568	16.169	16.391	415.42	415.34
15:24:24	16.246	15.882	15.954	16.563	16.169	16.391	415.42	415.34
15:25:23	16.246	15.883	15.952	16.56	16.17	16.391	415.42	415.34
15:26:23	16.245	15.883	15.948	16.56	16.171	16.391	415.42	415.34
15:27:23	16.246	15.884	15.948	16.547	16.17	16.391	415.42	415.34
15:28:24	16.245	15.884	15.943	16.544	16.171	16.388	415.42	415.34
15:29:23	16.246	15.884	15.942	16.55	16.172	16.389	415.42	415.34
15:30:23	16.247	15.884	15.945	16.567	16.17	16.388	415.42	415.34
15:31:24	16.246	15.884	15.951	16.604	16.17	16.387	415.42	415.34
15:32:24	16.245	15.884	15.955	16.644	16.17	16.39	415.42	415.34
15:33:23	16.245	15.883	15.962	16.679	16.17	16.39	415.42	415.34
15:34:24	16.246	15.884	15.97	16.565	16.171	16.39	415.42	415.34
15:35:23	16.246	15.885	15.968	16.209	16.171	16.39	415.42	415.34
15:36:23	16.246	15.884	15.956	16.014	16.171	16.389	415.42	415.34
15:37:24	16.246	15.884	15.938	15.879	16.171	16.39	415.42	415.34
15:38:24	16.246	15.885	15.914	15.895	16.172	16.39	415.42	415.34
15:39:23	16.246	15.884	15.905	16.114	16.173	16.39	415.42	415.34
15:40:24	16.246	15.884	15.909	16.323	16.172	16.389	415.42	415.34
15:41:23	16.245	15.885	15.914	16.435	16.172	16.387	415.42	415.34
15:42:24	16.245	15.885	15.918	16.497	16.172	16.389	415.42	415.34
15:43:23	16.246	15.887	15.935	16.516	16.172	16.387	415.42	415.34
15:44:24	16.246	15.887	15.954	16.544	16.173	16.387	415.42	415.34
15:45:24	16.245	15.888	15.969	16.604	16.171	16.386	415.42	415.34
15:46:23	16.245	15.886	15.978	16.663	16.172	16.39	415.42	415.34
15:47:24	16.246	15.887	15.974	16.728	16.17	16.386	415.42	415.34
15:48:23	16.246	15.888	15.979	16.752	16.174	16.389	415.42	415.34
15:49:23	16.245	15.888	15.984	16.767	16.172	16.393	415.42	415.34
15:50:23	16.245	15.888	15.988	16.78	16.172	16.392	415.42	415.34
15:51:24	16.245	15.888	15.993	16.8	16.172	16.386	415.42	415.34
15:52:24	16.246	15.888	16.001	16.815	16.173	16.387	415.42	415.34
15:53:23	16.246	15.888	16.007	16.831	16.172	16.391	415.42	415.34
15:54:24	16.245	15.887	16.013	16.847	16.173	16.39	415.42	415.34
15:55:23	16.245	15.885	16.023	16.862	16.172	16.389	415.42	415.34
15:56:23	16.245	15.885	16.031	16.88	16.172	16.384	415.42	415.34
15:57:24	16.245	15.883	16.044	16.892	16.169	16.386	415.42	415.34
15:58:23	16.246	15.884	16.052	16.907	16.169	16.388	415.42	415.34
15:59:26	16.246	15.883	16.06	16.924	16.17	16.388	415.42	415.34
16:00:24	16.245	15.883	16.069	16.938	16.168	16.388	415.42	415.34
16:01:23	16.245	15.883	16.075	16.954	16.169	16.388	415.42	415.34
16:02:23	16.245	15.883	16.085	16.968	16.169	16.388	415.42	415.34
16:03:24	16.245	15.881	16.097	16.992	16.169	16.387	415.42	415.34
16:04:24	16.245	15.881	16.105	17.004	16.167	16.386	415.42	415.34
16:05:23	16.245	15.882	16.112	16.998	16.168	16.388	415.42	415.34
16:06:26	16.245	15.881	16.11	16.962	16.168	16.386	415.42	415.34
16:07:23	16.245	15.88	16.109	16.935	16.167	16.386	415.42	415.34
16:08:24	16.245	15.88	16.106	16.904	16.167	16.385	415.42	415.34
16:09:23	16.246	15.88	16.101	16.861	16.168	16.386	415.42	415.34
16:10:23	16.246	15.881	16.095	16.827	16.168	16.388	415.42	415.34
16:11:24	16.245	15.88	16.088	16.804	16.17	16.387	415.42	415.34
16:12:24	16.244	15.88	16.087	16.797	16.169	16.388	415.42	415.34
16:13:24	16.245	15.88	16.08	16.786	16.169	16.386	415.42	415.34
16:14:24	16.245	15.881	16.08	16.793	16.167	16.388	415.42	415.34
16:15:24	16.243	15.879	16.078	16.781	16.168	16.388	415.42	415.34
16:16:24	16.245	15.88	16.07	16.491	16.169	16.389	415.42	415.34
16:17:23	16.245	15.88	16.053	16.231	16.17	16.385	415.42	415.34
16:18:24	16.246	15.881	16.03	16.123	16.17	16.386	415.42	415.34
16:19:24	16.244	15.881	16.012	16.079	16.169	16.385	415.42	415.34
16:20:24	16.244	15.88	16.005	16.055	16.169	16.384	415.42	415.34
16:21:23	16.244	15.88	15.997	16.037	16.169	16.383	415.42	415.34
16:22:24	16.245	15.88	15.991	16.02	16.17	16.383	415.42	415.34
16:23:23	16.244	15.882	15.985	16.015	16.171	16.386	415.42	415.34
16:24:23	16.244	15.881	15.978	15.937	16.17	16.384	415.42	415.34
16:25:24	16.244	15.881	15.931	15.84	16.17	16.386	415.42	415.34
16:26:23	16.245	15.882	15.919	15.785	16.169	16.384	415.42	415.34
16:27:23	16.245	15.882	15.902	15.922	16.168	16.385	415.42	415.34
16:28:23	16.245	15.882	15.899	16.052	16.167	16.386	415.42	415.34
16:29:24	16.245	15.88	15.906	16.18	16.166	16.382	415.42	415.34
16:30:24	16.244	15.881	15.918	16.293	16.168	16.384	415.42	415.34
16:31:23	16.244	15.879	15.933	16.381	16.17	16.387	415.42	415.34
16:32:23	16.245	15.881	15.947	16.452	16.169	16.394	415.42	415.34
16:33:23	16.244	15.881	15.97	16.515	16.169	16.389	415.42	415.34
16:34:23	16.245	15.881	15.991	16.579	16.17	16.385	415.42	415.34
16:35:24	16.245	15.882	16.003	16.64	16.169	16.385	415.42	415.34
16:36:23	16.245	15.881	16.007	16.691	16.169	16.386	415.42	415.34
16:37:24	16.244	15.881	16.017	16.748	16.168	16.385	415.42	415.34
16:38:24	16.245	15.881	16.022	16.788	16.169	16.383	415.42	415.34
16:39:24	16.244	15.881	16.023	16.815	16.167	16.385	415.42	415.34
16:40:24	16.245	15.881	16.028	16.839	16.166	16.389	415.42	415.34
16:41:24	16.246	15.88	16.036	16.861	16.167	16.387	415.42	415.34
16:42:24	16.245	15.88	16.044	16.884	16.166	16.385	415.42	415.34
16:43:24	16.245	0.0	16.053	16.903	16.167	16.383	415.42	415.34
16:44:24	16.245	15.878	16.058	16.928	16.166	16.387	415.42	415.34
16:45:24	16.245	15.878	16.066	16.941	16.166	16.385	415.42	415.34
16:46:25	16.245	15.878	16.076	16.966	16.164	16.384	415.42	415.34
16:47:24	16.246	15.878	16.085	16.988	16.165	16.384	415.42	415.34
16:48:24	16.244	15.876	16.098	17.005	16.166	16.384	415.42	415.34
16:49:24	16.245	15.875	16.108	17.014	16.165	16.385	415.42	415.34
16:50:24	16.245	15.876	16.112	16.987	16.163	16.387	415.42	415.34
16:51:24	16.244	15.876	16.106	16.946	16.164	16.387	415.42	415.34
16:52:24	16.244	15.875	16.104	16.901	16.163	16.387	415.42	415.34
16:53:24	16.245	15.876	16.097	16.868	16.165	16.387	415.42	415.34
16:54:24	16.245	15.876	16.091	16.826	16.165	16.386	415.42	415.34
16:55:24	16.243	15.875	16.082	16.78	16.164	16.387	415.42	415.34
16:56:24	16.245	15.876	16.075	16.753	16.164	16.386	415.42	415.34
16:57:24	16.245	15.876	16.072	16.741	16.164	16.387	415.42	415.34
16:58:24	16.245	15.875	16.07	16.733	16.163	16.386	415.42	415.34
16:59:24	16.244	15.876	16.069	16.734	16.164	16.385	415.42	415.34
17:00:24	16.244	15.877	16.066	16.728	16.166	16.388	415.42	415.34
17:01:24	16.245	15.877	16.063	16.732	16.165	16.387	415.42	415.34
17:02:24	16.244	15.877	16.061	16.727	16.166	16.387	415.42	415.34
17:03:24	16.244	15.88	16.06	16.706	16.165	16.388	415.42	415.34
17:04:24	16.245	15.88	16.055	16.475	16.167	16.386	415.42	415.34
17:05:24	16.244	15.879	16.041	16.162	16.166	16.386	415.42	415.34
17:06:24	16.245	15.88	16.027	15.971	16.166	16.384	415.42	415.34
17:07:24	16.246	15.879	15.988	15.838	16.166	16.384	415.42	415.34
17:08:24	16.244	15.878	15.971	15.718	16.165	16.384	415.42	415.34
17:09:24	16.244	15.877	15.942	15.624	16.165	16.384	415.42	415.34
17:10:24	16.245	15.878	15.875	15.58	16.164	16.386	415.42	415.34
17:11:24	16.246	15.878	15.776	15.498	16.163	16.385	415.42	415.34
17:12:24	16.245	15.877	15.774	15.655	16.164	16.387	415.42	415.34
17:13:24	16.245	15.876	15.81	15.85	16.164	16.387	415.42	415.34
17:14:24	16.245	15.876	15.852	16.03	16.162	16.385	415.42	415.34
17:15:24	16.245	15.876	15.884	16.179	16.165	16.385	415.42	415.34
17:16:24	16.247	15.875	15.91	16.327	16.165	16.387	415.42	415.34
17:17:24	16.245	15.874	15.934	16.454	16.164	16.389	415.42	415.34
17:18:24	16.246	15.877	15.953	16.545	16.162	16.383	415.42	415.34
17:19:24	16.245	15.876	15.97	16.629	16.163	16.384	415.42	415.34
17:20:24	16.246	15.876	15.975	16.683	16.164	16.386	415.42	415.34
17:21:24	16.245	15.876	15.982	16.738	16.164	16.384	415.42	415.34
17:22:25	16.245	15.874	15.985	16.765	16.162	16.382	415.42	415.34
17:23:24	16.246	15.875	15.988	16.785	16.162	16.382	415.42	415.34
17:24:24	16.245	15.877	15.996	16.801	16.164	16.385	415.42	415.34
17:25:24	16.244	15.875	16.004	16.821	16.163	16.385	415.42	415.34
17:26:24	16.245	15.876	16.009	16.839	16.164	16.386	415.42	415.34
17:27:24	16.245	15.877	16.02	16.862	16.165	16.388	415.42	415.34
17:28:24	16.245	15.876	16.031	16.884	16.163	16.385	415.42	415.34
17:29:24	16.245	15.877	16.043	16.901	16.164	16.386	415.42	415.34
17:30:24	16.245	15.878	16.048	16.916	16.166	16.387	415.42	415.34
17:31:24	16.245	15.878	16.057	16.939	16.165	16.387	415.42	415.34
17:32:24	16.245	15.879	16.065	16.958	16.163	16.387	415.42	415.34
17:33:24	16.245	15.879	16.081	16.979	16.164	16.385	415.42	415.34
17:34:24	16.245	15.879	16.091	16.996	16.163	16.386	415.42	415.34
17:35:24	16.244	15.878	16.1	17.009	16.163	16.388	415.42	415.34
17:36:24	16.246	15.878	16.106	16.982	16.164	16.386	415.42	415.34
17:37:24	16.245	15.879	16.104	16.951	16.164	16.385	415.42	415.34
17:38:24	16.244	15.879	16.103	16.929	16.163	16.386	415.42	415.34
17:39:24	16.246	15.878	16.097	16.917	16.163	16.387	415.42	415.34
17:40:24	16.245	15.879	16.095	16.884	16.165	16.387	415.42	415.34
17:41:24	16.244	15.879	16.091	16.847	16.164	16.384	415.42	415.34
17:42:24	16.244	15.878	16.088	16.815	16.162	16.383	415.42	415.34
17:43:24	16.245	15.875	16.08	16.789	16.159	16.381	415.42	415.34
17:44:24	16.245	15.876	16.082	16.776	16.163	16.382	415.42	415.34
17:45:24	16.245	15.876	16.076	16.761	16.16	16.385	415.42	415.34
17:46:24	16.244	15.877	16.073	16.641	16.163	16.384	415.42	415.34
17:47:24	16.245	15.878	16.058	16.255	16.162	16.383	415.42	415.34
17:48:24	16.244	15.876	16.046	15.984	16.161	16.382	415.42	415.34
17:49:24	16.244	15.875	15.988	15.849	16.161	16.381	415.42	415.34
17:50:25	16.244	15.875	15.953	15.726	16.161	16.383	415.42	415.34
17:51:24	0.0	15.875	15.923	15.671	16.16	16.384	415.42	415.34
17:52:24	16.244	15.873	15.909	15.803	16.161	16.385	415.42	415.34
17:53:24	16.244	15.874	15.909	15.976	16.161	16.387	415.42	415.34
17:54:24	16.245	15.875	15.921	16.173	16.159	16.385	415.42	415.34
17:55:24	16.244	15.874	15.926	16.332	16.161	16.384	415.42	415.34
17:56:24	16.244	15.874	15.937	16.427	16.161	16.384	415.42	415.34
17:57:24	16.243	15.875	15.966	16.488	16.163	16.383	415.42	415.34
17:58:24	16.244	15.875	15.985	16.55	16.161	16.383	415.42	415.34
17:59:24	16.244	15.875	15.994	16.619	16.161	16.384	415.42	415.34
18:00:24	16.244	15.876	16.002	16.673	16.16	16.384	415.42	415.34
18:01:24	16.245	15.876	16.006	16.72	16.16	16.382	415.42	415.34
18:02:24	16.244	15.875	16.014	16.764	16.16	16.379	415.42	415.34
18:03:24	16.244	15.874	16.02	16.8	16.158	16.38	415.42	415.34
18:04:24	16.244	15.872	16.026	16.815	16.158	16.379	415.42	415.34
18:05:24	16.244	15.871	16.033	16.829	16.16	16.379	415.42	415.34
18:06:24	16.244	15.872	16.036	16.846	16.157	16.38	415.42	415.34
18:07:24	16.244	15.873	16.043	16.86	16.159	16.383	415.42	415.34
18:08:24	16.243	15.874	16.05	16.877	16.158	16.382	415.42	415.34
18:09:24	16.244	15.875	16.06	16.897	16.157	16.379	415.42	415.34
18:10:24	16.244	15.873	16.074	16.917	16.16	16.381	415.42	415.34
18:11:24	16.243	15.876	16.077	16.939	16.158	16.382	415.42	415.34
18:12:24	16.244	15.875	16.087	16.963	16.157	16.381	415.42	415.34
18:13:24	16.244	15.874	16.093	16.984	16.159	16.383	415.42	415.34
18:14:24	16.243	15.875	16.104	17.004	16.157	16.384	415.42	415.34
18:15:24	16.242	15.874	16.116	17.02	16.16	16.384	415.42	415.34
18:16:24	16.243	15.874	16.123	17.02	16.162	16.381	415.42	415.34
18:17:24	16.242	15.873	16.123	16.998	16.159	16.379	415.42	415.34
18:18:24	16.243	15.872	16.123	16.971	16.157	16.379	415.42	415.34
18:19:24	16.243	15.872	16.122	16.961	16.158	16.377	415.42	415.34
18:20:24	16.243	15.872	16.124	16.956	16.159	16.376	415.42	415.34
18:21:24	16.243	15.873	16.128	16.95	16.156	16.378	415.42	415.34
18:22:24	16.243	15.873	16.13	16.943	16.158	16.379	415.42	415.34
18:23:25	16.243	15.874	16.131	16.938	16.159	16.383	415.42	415.34
18:24:24	16.243	15.874	16.13	16.82	16.159	16.382	415.42	415.34
18:25:24	16.243	15.874	16.12	16.457	16.159	16.382	415.42	415.34
18:26:24	16.243	15.877	16.099	16.214	16.158	16.383	415.42	415.34
18:27:24	16.243	15.877	16.077	16.088	16.157	16.384	415.42	415.34
18:28:24	16.242	15.877	16.063	16.065	16.16	16.383	415.42	415.34
18:29:24	16.242	15.876	16.046	16.061	16.161	16.385	415.42	415.34
18:30:24	16.244	15.874	16.039	16.067	16.16	16.383	415.42	415.34
18:31:24	16.242	15.875	16.029	16.066	16.161	16.381	415.42	415.34
18:32:24	16.243	15.875	16.024	16.081	16.16	16.384	415.42	415.34
18:33:24	16.243	15.876	16.014	16.038	16.16	16.384	415.42	415.34
18:34:24	16.242	15.876	15.993	15.889	16.159	16.384	415.42	415.34
18:35:24	16.243	15.877	15.899	15.683	16.16	16.384	415.42	415.34
18:36:24	16.243	15.877	15.827	15.635	16.161	16.387	415.42	415.34
18:37:24	16.243	15.876	15.826	15.802	16.161	16.385	415.42	415.34
18:38:24	16.243	15.877	15.86	15.939	16.16	16.385	415.42	415.34
18:39:24	16.244	15.877	15.881	16.068	16.161	16.385	415.42	415.34
18:40:24	16.243	15.876	15.893	16.177	16.16	16.384	415.42	415.34
18:41:24	16.244	15.877	15.911	16.271	16.158	16.382	415.42	415.34
18:42:24	16.243	15.876	15.939	16.352	16.159	16.382	415.42	415.34
18:43:24	16.244	15.876	15.967	16.425	16.16	16.384	415.42	415.34
18:44:24	16.244	15.875	15.978	16.492	16.162	16.383	415.42	415.34
18:45:24	16.243	15.876	15.984	16.556	16.161	16.384	415.42	415.34
18:46:24	16.243	15.875	15.996	16.613	16.162	16.384	415.42	415.34
18:47:24	16.243	15.875	16.002	16.687	16.161	16.383	415.42	415.34
18:48:24	16.244	15.877	16.014	16.731	16.162	16.387	415.42	415.34
18:49:24	16.243	15.878	16.018	16.772	16.161	16.388	415.42	415.34
18:50:24	16.244	15.877	16.023	16.807	16.162	16.383	415.42	415.34
18:51:24	16.244	15.877	16.037	16.842	16.162	16.383	415.42	415.34
18:52:24	16.244	15.878	16.048	16.871	16.163	16.383	415.42	415.34
18:53:24	16.243	15.877	16.057	16.897	16.16	16.385	415.42	415.34
18:54:24	16.245	15.876	16.066	16.918	16.16	16.385	415.42	415.34
18:55:24	16.244	15.877	16.073	16.94	16.162	16.385	415.42	415.34
18:56:24	16.244	15.876	16.083	16.959	16.159	16.382	415.42	415.34
18:57:24	16.244	15.876	16.096	16.98	16.162	16.382	415.42	415.34
18:58:24	16.244	15.876	16.103	16.979	16.159	16.383	415.42	415.34
18:59:24	16.244	15.874	16.103	16.943	16.161	16.384	415.42	415.34
19:00:24	16.245	15.875	16.101	16.913	16.16	16.385	415.42	415.34
19:01:24	16.244	15.875	16.101	16.899	16.162	16.385	415.42	415.34
19:02:24	16.244	15.876	16.099	16.892	16.161	16.384	415.42	415.34
19:03:24	16.245	15.878	16.101	16.882	16.161	16.383	415.42	415.34
19:04:24	16.244	15.878	16.094	16.857	16.162	16.385	415.42	415.34
19:05:24	16.245	15.878	16.091	16.831	16.162	16.383	415.42	415.34
19:06:24	16.244	15.879	16.086	16.803	16.161	16.386	415.42	415.34
19:07:24	16.244	15.879	16.085	16.535	16.163	16.384	415.42	415.34
19:08:24	16.244	15.88	16.07	16.313	16.162	16.382	415.42	415.34
19:09:24	16.245	15.878	16.054	16.216	16.162	16.385	415.42	415.34
19:10:24	16.243	15.878	16.043	16.17	16.16	16.385	415.42	415.34
19:11:24	16.245	15.878	16.032	16.125	16.16	16.384	415.42	415.34
19:12:24	16.244	15.877	16.023	15.926	16.159	16.384	415.42	415.34
19:13:24	16.244	15.876	16.005	15.781	16.159	16.381	415.42	415.34
19:14:24	16.244	15.876	15.984	15.696	16.16	16.382	415.42	415.34
19:15:24	16.244	15.877	15.957	15.678	16.161	16.383	415.42	415.34
19:16:24	16.245	15.875	15.937	15.823	16.161	16.383	415.42	415.34
19:17:24	16.244	15.876	15.926	15.991	16.163	16.383	415.42	415.34
19:18:24	16.245	15.878	15.929	16.14	16.16	16.382	415.42	415.34
19:19:24	16.244	15.878	15.934	16.269	16.161	16.383	415.42	415.34
19:20:24	16.244	15.879	15.941	16.371	16.162	16.384	415.42	415.34
19:21:24	16.245	15.88	15.948	16.447	16.161	16.384	415.42	415.34
19:22:24	16.245	15.879	15.95	16.5	16.162	16.384	415.42	415.34
19:23:24	16.244	15.881	15.952	16.54	16.161	16.385	415.42	415.34
19:24:24	16.245	15.879	15.957	16.559	16.161	16.384	415.42	415.34
19:25:24	16.245	15.88	15.959	16.57	16.16	16.384	415.42	415.34
19:26:24	16.245	15.879	15.963	16.585	16.16	16.385	415.42	415.34
19:27:24	16.245	15.879	15.96	16.581	16.158	16.384	415.42	415.34
19:28:24	16.245	15.879	15.96	16.58	16.157	16.383	415.42	415.34
19:29:24	16.245	15.878	15.961	16.459	16.159	16.382	415.42	415.34
19:30:24	16.244	15.878	15.955	16.08	16.158	16.385	415.42	415.34
19:31:24	16.246	15.876	15.938	15.875	16.159	16.383	415.42	415.34
19:32:24	16.245	15.876	15.916	15.788	16.158	16.383	415.42	415.34
19:33:24	16.245	15.876	15.886	15.781	16.159	16.382	415.42	415.34
19:34:24	16.245	15.876	15.87	15.936	16.16	16.382	415.42	415.34
19:35:24	16.245	15.876	15.868	16.107	16.158	16.38	415.42	415.34
19:36:24	16.244	15.876	15.875	16.251	16.156	16.375	415.42	415.34
19:37:24	16.245	15.876	15.904	16.377	16.156	16.375	415.42	415.34
19:38:24	16.245	15.876	15.923	16.481	16.158	16.377	415.42	415.34
19:39:24	16.245	15.874	15.932	16.566	16.157	16.378	415.42	415.34
19:40:24	16.244	15.872	15.947	16.631	16.155	16.377	415.42	415.34
19:41:24	16.245	15.872	15.952	16.682	16.155	16.377	415.42	415.34
19:42:24	16.244	15.872	15.963	16.72	16.155	16.375	415.42	415.34
19:43:24	16.244	15.871	15.971	16.767	16.154	16.371	415.42	415.34
19:44:24	16.245	15.87	15.979	16.801	16.154	16.374	415.42	415.34
19:45:25	16.244	15.87	15.985	16.812	16.156	16.378	415.42	415.34
19:46:24	0.0	15.871	15.989	16.817	16.155	16.376	415.42	415.34
19:47:24	16.244	15.871	16.0	16.831	16.155	16.377	415.42	415.34
19:48:24	16.244	15.872	16.007	16.849	16.156	16.388	415.42	415.34
19:49:24	16.243	15.873	16.018	16.874	16.157	16.383	415.42	415.34
19:50:24	16.244	15.873	16.03	16.897	16.154	16.378	415.42	415.34
19:51:24	16.244	15.872	16.036	16.927	16.156	16.375	415.42	415.34
19:52:24	16.244	15.873	16.049	17.032	16.156	16.377	415.42	415.34
19:53:24	16.243	15.871	16.068	17.189	16.154	16.371	415.42	415.34
19:54:24	16.244	15.872	16.096	17.374	16.157	16.374	415.42	415.34
19:55:24	16.243	15.872	16.122	17.491	16.158	16.374	415.42	415.34
19:56:24	16.243	15.872	16.147	17.396	16.158	16.375	415.42	415.34
19:57:24	16.242	15.872	16.157	17.153	16.157	16.378	415.42	415.34
19:58:24	16.242	15.872	16.149	17.007	16.156	16.38	415.42	415.34
19:59:24	16.243	15.873	16.143	16.881	16.156	16.38	415.42	415.34
20:00:24	16.243	15.873	16.134	16.846	16.156	16.377	415.42	415.34
20:01:24	16.244	15.873	16.129	16.872	16.156	16.377	415.42	415.34
20:02:24	16.241	15.873	16.121	16.84	16.156	16.38	415.42	415.34
20:03:24	16.242	15.874	16.11	16.482	16.159	16.381	415.42	415.34
20:04:24	16.242	15.875	16.095	16.21	16.157	16.38	415.42	415.34
20:05:24	16.242	15.874	16.071	16.03	16.157	16.38	415.42	415.34
20:06:24	16.242	15.874	16.048	15.957	16.157	16.382	415.42	415.34
20:07:24	16.243	15.874	16.027	15.966	16.157	16.381	415.42	415.34
20:08:24	16.244	15.874	16.023	15.982	16.155	16.379	415.42	415.34
20:09:24	16.242	15.875	16.012	16.003	16.155	16.38	415.42	415.34
20:10:25	16.243	15.875	15.997	16.021	16.157	16.382	415.42	415.34
20:11:24	16.243	15.875	15.997	15.952	16.157	16.385	415.42	415.34
20:12:24	16.242	15.876	15.975	15.759	16.157	16.383	415.42	415.34
20:13:24	16.243	15.876	15.904	15.6	16.157	16.381	415.42	415.34
20:14:24	16.243	15.877	15.817	15.567	16.156	16.383	415.42	415.34
20:15:24	16.242	15.877	15.792	15.616	16.157	16.38	415.42	415.34
20:16:24	16.241	15.878	15.824	15.77	16.158	16.382	415.42	415.34
20:17:24	16.242	15.877	15.852	15.912	16.16	16.384	415.42	415.34
20:18:24	16.242	15.878	15.87	16.03	16.157	16.382	415.42	415.34
20:19:24	16.243	15.878	15.883	16.15	16.158	16.384	415.42	415.34
20:20:24	16.243	15.877	15.899	16.259	16.158	16.381	415.42	415.34
20:21:24	16.242	15.878	15.907	16.358	16.16	16.38	415.42	415.34
20:22:24	16.243	15.879	15.918	16.199	16.158	16.378	415.42	415.34
20:23:24	16.243	15.877	15.921	16.032	16.157	16.38	415.42	415.34
20:24:24	16.243	15.877	15.911	15.907	16.158	16.379	415.42	415.34
20:25:24	16.243	15.878	15.897	15.875	16.159	16.378	415.42	415.34
20:26:24	16.243	15.877	15.895	15.963	16.159	16.378	415.42	415.34
20:27:24	16.244	15.878	15.892	16.03	16.161	16.377	415.42	415.34
20:28:24	16.243	15.878	15.889	15.948	16.16	16.378	415.42	415.34
20:29:24	16.243	15.879	15.892	15.873	16.16	16.378	415.42	415.34
20:30:24	16.243	15.878	15.87	15.84	16.162	16.379	415.42	415.34
20:31:24	16.243	15.88	15.858	15.739	16.163	16.377	415.42	415.34
20:32:24	16.243	15.882	15.823	15.717	16.163	16.376	415.42	415.34
20:33:24	16.243	15.883	15.781	15.695	16.164	16.38	415.42	415.34
20:34:24	16.243	15.883	15.789	15.861	16.166	16.378	415.42	415.34
20:35:24	16.243	15.881	15.797	16.06	16.164	16.375	415.42	415.34
20:36:24	16.244	15.882	15.81	16.215	16.161	16.375	415.42	415.34
20:37:24	16.243	15.88	15.82	16.309	16.162	16.378	415.42	415.34
20:38:24	16.243	15.88	15.822	16.368	16.163	16.379	415.42	415.34
20:39:24	16.244	15.879	15.838	16.411	16.162	16.382	415.42	415.34
20:40:25	16.244	15.879	15.86	16.468	16.163	16.378	415.42	415.34
20:41:24	0.0	15.877	15.875	16.522	16.16	16.38	415.42	415.34
20:42:24	16.243	15.877	15.893	16.588	16.16	16.379	415.42	415.34
20:43:24	16.243	15.876	15.905	16.641	16.159	16.38	415.42	415.34
20:44:24	16.242	15.877	15.916	16.684	16.16	16.379	415.42	415.34
20:45:24	16.242	15.877	15.921	16.732	16.162	16.38	415.42	415.34
20:46:24	16.243	15.877	15.928	16.765	16.162	16.378	415.42	415.34
20:47:25	16.243	15.877	15.938	16.791	16.159	16.38	415.42	415.34
20:48:24	0.0	15.876	15.945	16.817	16.157	16.38	415.42	415.34
20:49:24	16.241	15.876	15.957	16.838	16.158	16.379	415.42	415.34
20:50:24	16.242	15.875	15.968	16.866	16.156	16.377	415.42	415.34
20:51:24	16.243	15.874	15.979	16.897	16.155	16.377	415.42	415.34
20:52:24	16.242	15.873	15.992	16.918	16.153	16.376	415.42	415.34
20:53:24	16.242	15.87	16.007	16.946	16.153	16.378	415.42	415.34
20:54:24	16.242	15.869	16.015	16.966	16.156	16.38	415.42	415.34
20:55:24	16.241	15.87	16.025	16.984	16.155	16.381	415.42	415.34
20:56:24	16.242	15.87	16.038	17.005	16.154	16.381	415.42	415.34
20:57:24	16.242	15.87	16.051	17.02	16.155	16.382	415.42	415.34
20:58:24	16.241	15.873	16.07	17.027	16.158	16.384	415.42	415.34
20:59:24	16.241	15.874	16.073	17.008	16.159	16.381	415.42	415.34
21:00:24	16.242	15.876	16.072	16.979	16.159	16.382	415.42	415.34
21:01:24	16.241	15.875	16.071	16.962	16.157	16.382	415.42	415.34
21:02:24	16.241	15.874	16.069	16.944	16.155	16.382	415.42	415.34
21:03:24	16.241	15.873	16.067	16.928	16.154	16.379	415.42	415.34
21:04:24	16.24	15.872	16.063	16.899	16.153	16.378	415.42	415.34
21:05:24	16.241	15.871	16.061	16.855	16.152	16.376	415.42	415.34
21:06:24	16.241	15.87	16.059	16.627	16.15	16.374	415.42	415.34
21:07:24	16.24	15.867	16.047	16.287	16.148	16.374	415.42	415.34
21:08:24	16.241	15.866	16.032	16.061	16.148	16.373	415.42	415.34
21:09:24	16.24	15.864	16.014	15.88	16.149	16.379	415.42	415.34
21:10:24	16.239	15.865	15.987	15.744	16.15	16.38	415.42	415.34
21:11:24	16.239	15.867	15.947	15.654	16.151	16.379	415.42	415.34
21:12:24	16.239	15.868	15.917	15.639	16.151	16.378	415.42	415.34
21:13:24	16.239	15.868	15.897	15.794	16.151	16.381	415.42	415.34
21:14:24	16.239	15.869	15.892	15.934	16.152	16.379	415.42	415.34
21:15:24	16.239	15.868	15.888	16.067	16.152	16.378	415.42	415.34
21:16:24	16.239	15.868	15.891	16.227	16.152	16.378	415.42	415.34
21:17:24	16.239	15.868	15.902	16.37	16.154	16.377	415.42	415.34
21:18:26	16.239	15.87	15.922	16.466	16.152	16.376	415.42	415.34
21:19:24	16.239	15.868	15.948	16.535	16.15	16.378	415.42	415.34
21:20:24	16.238	15.868	15.965	16.608	16.149	16.379	415.42	415.34
21:21:24	16.238	15.867	15.985	16.668	16.149	16.375	415.42	415.34
21:22:24	16.238	15.866	16.005	16.714	16.147	16.377	415.42	415.34
21:23:24	16.239	15.865	16.014	16.754	16.147	16.375	415.42	415.34
21:24:24	16.238	15.865	16.013	16.802	16.149	16.374	415.42	415.34
21:25:24	16.238	15.864	16.008	16.834	16.147	16.37	415.42	415.34
21:26:24	16.239	15.864	16.017	16.852	16.149	16.372	415.42	415.34
21:27:24	16.238	15.863	16.024	16.873	16.148	16.371	415.42	415.34
21:28:24	16.237	15.861	16.03	16.895	16.147	16.372	415.42	415.34
21:29:24	16.239	15.862	16.04	16.915	16.148	16.372	415.42	415.34
21:30:24	16.238	15.86	16.05	16.94	16.147	16.371	415.42	415.34
21:31:24	16.237	15.86	16.056	16.967	16.145	16.372	415.42	415.34
21:32:24	16.238	15.86	16.065	16.989	16.146	16.37	415.42	415.34
21:33:24	16.237	15.861	16.078	17.01	16.146	16.37	415.42	415.34
21:34:24	16.237	15.858	16.087	17.03	16.144	16.367	415.42	415.34
21:35:24	16.237	15.857	16.097	17.039	16.144	16.365	415.42	415.34
21:36:24	16.236	15.856	16.101	17.004	16.142	16.364	415.42	415.34
21:37:24	16.236	15.854	16.102	16.956	16.143	16.365	415.42	415.34
21:38:24	16.236	15.854	16.092	16.92	16.145	16.367	415.42	415.34
21:39:24	16.236	15.855	16.089	16.879	16.143	16.37	415.42	415.34
21:40:24	16.236	15.855	16.085	16.843	16.143	16.37	415.42	415.34
21:41:24	16.236	15.854	16.076	16.811	16.144	16.375	415.42	415.34
21:42:24	16.236	15.854	16.077	16.793	16.145	16.374	415.42	415.34
21:43:24	16.236	15.857	16.07	16.759	16.145	16.368	415.42	415.34
21:44:24	16.236	15.857	16.064	16.745	16.144	16.373	415.42	415.34
21:45:24	16.237	15.858	16.057	16.733	16.145	16.367	415.42	415.34
21:46:24	16.236	15.86	16.054	16.655	16.144	16.368	415.42	415.34
21:47:24	16.236	15.86	16.052	16.317	16.143	16.372	415.42	415.34
21:48:24	16.236	15.86	16.014	16.038	16.144	16.37	415.42	415.34
21:49:24	16.236	15.858	15.992	15.896	16.143	16.371	415.42	415.34
21:50:24	16.235	15.858	15.973	15.774	16.142	16.368	415.42	415.34
21:51:24	16.235	15.855	15.949	15.71	16.144	16.37	415.42	415.34
21:52:24	16.236	15.856	15.913	15.853	16.142	16.366	415.42	415.34
21:53:24	16.236	15.857	15.909	16.053	16.141	16.366	415.42	415.34
21:54:24	16.235	15.855	15.918	16.25	16.14	16.371	415.42	415.34
21:55:24	16.235	15.856	15.925	16.389	16.141	16.372	415.42	415.34
21:56:25	16.237	15.855	15.934	16.466	16.143	16.382	415.42	415.34
21:57:24	16.235	15.855	15.942	16.511	16.145	16.376	415.42	415.34
21:58:26	16.236	15.855	15.948	16.538	16.145	16.372	415.42	415.34
21:59:24	16.235	15.856	15.948	16.544	16.145	16.373	415.42	415.34
22:00:24	16.236	15.856	15.947	16.541	16.145	16.374	415.42	415.34
22:01:24	16.235	15.857	15.936	16.209	16.146	16.379	415.42	415.34
22:02:24	16.235	15.86	15.925	15.942	16.146	16.382	415.42	415.34
22:03:24	16.235	15.86	15.911	16.003	16.147	16.384	415.42	415.34
22:04:24	16.235	15.86	15.904	16.237	16.149	16.379	415.42	415.34
22:05:24	16.234	15.861	15.905	16.372	16.15	16.376	415.42	415.34
22:06:24	16.235	15.862	15.906	16.44	16.149	16.374	415.42	415.34
22:07:24	16.234	15.862	15.908	16.479	16.149	16.379	415.42	415.34
22:08:24	16.236	15.863	15.911	16.504	16.148	16.378	415.42	415.34
22:09:24	16.235	15.863	15.92	16.547	16.149	16.377	415.42	415.34
22:10:24	16.235	15.864	15.929	16.582	16.148	16.375	415.42	415.34
22:11:24	16.235	15.862	15.934	16.283	16.147	16.372	415.42	415.34
22:12:24	16.235	15.864	15.882	16.062	16.146	16.376	415.42	415.34
22:13:24	16.234	15.863	15.845	15.925	16.146	16.375	415.42	415.34
22:14:24	16.235	15.861	15.814	15.709	16.145	16.372	415.42	415.34
22:15:24	16.235	15.859	15.629	15.555	16.144	16.37	415.42	415.34
22:16:24	16.235	15.86	15.523	15.418	16.145	16.376	415.42	415.34
22:17:24	16.234	15.859	15.358	15.302	16.143	16.371	415.42	415.34
22:18:24	16.234	15.857	15.379	15.337	16.145	16.374	415.42	415.34
22:19:24	16.234	15.858	15.472	15.497	16.145	16.374	415.42	415.34
22:20:24	16.235	15.858	15.566	15.653	16.145	16.38	415.42	415.34
22:21:24	16.235	15.859	15.636	15.83	16.146	16.379	415.42	415.34
22:22:24	16.234	15.86	15.687	15.992	16.146	16.373	415.42	415.34
22:23:24	16.235	15.86	15.723	16.131	16.148	16.375	415.42	415.34
22:24:24	16.234	15.86	15.75	16.265	0.0	16.373	415.42	415.34
22:25:24	16.235	15.861	15.777	16.382	16.149	16.375	415.42	415.34
22:26:24	16.234	15.861	15.801	16.479	16.15	16.378	415.42	415.34
22:27:24	16.234	15.861	15.822	16.565	16.149	16.381	415.42	415.34
22:28:24	16.234	15.864	15.838	16.617	16.15	16.379	415.42	415.34
22:29:24	16.234	15.864	15.85	16.675	16.149	16.379	415.42	415.34
22:30:24	16.234	15.864	15.859	16.724	16.15	16.378	415.42	415.34
22:31:24	16.234	15.863	15.872	16.748	16.149	16.375	415.42	415.34
22:32:24	16.234	15.864	15.884	16.766	16.151	16.374	415.42	415.34
22:33:24	16.235	15.864	15.894	16.781	16.15	16.377	415.42	415.34
22:34:24	16.233	15.863	15.906	16.801	16.149	16.376	415.42	415.34
22:35:24	16.235	15.864	15.915	16.817	16.149	16.372	415.42	415.34
22:36:25	16.234	15.863	15.927	16.835	16.149	16.371	415.42	415.34
22:37:24	16.234	15.863	15.933	16.851	16.147	16.371	415.42	415.34
22:38:24	16.233	15.862	15.943	16.866	16.149	16.377	415.42	415.34
22:39:24	16.235	15.862	15.957	16.885	16.149	16.373	415.42	415.34
22:40:24	16.234	15.862	15.971	16.905	16.147	16.374	415.42	415.34
22:41:24	16.234	15.862	15.981	16.918	16.148	16.377	415.42	415.34
22:42:24	16.234	15.863	15.992	16.938	16.151	16.377	415.42	415.34
22:43:24	16.234	15.864	16.005	16.934	16.149	16.371	415.42	415.34
22:44:24	16.233	15.864	16.014	16.893	16.15	16.376	415.42	415.34
22:45:24	16.233	15.864	16.009	16.863	16.149	16.373	415.42	415.34
22:46:24	16.233	15.863	16.005	16.827	16.153	16.373	415.42	415.34
22:47:24	16.233	15.864	16.0	16.796	16.15	16.375	415.42	415.34
22:48:24	16.233	15.864	15.996	16.768	16.149	16.375	415.42	415.34
22:49:24	16.233	15.865	15.991	16.737	16.152	16.375	415.42	415.34
22:50:24	16.233	15.865	15.986	16.71	16.151	16.374	415.42	415.34
22:51:24	16.232	15.866	15.984	16.694	16.155	16.373	415.42	415.34
22:52:24	16.233	15.866	15.981	16.673	16.153	16.373	415.42	415.34
22:53:24	16.233	15.867	15.979	16.659	16.156	16.377	415.42	415.34
22:54:24	16.233	15.868	15.978	16.661	16.157	16.376	415.42	415.34
22:55:24	16.232	15.87	15.98	16.668	16.161	16.374	415.42	415.34
22:56:24	16.233	15.871	15.981	16.671	16.161	16.375	415.42	415.34
22:57:24	16.233	15.872	15.979	16.62	16.161	16.372	415.42	415.34
22:58:24	16.233	15.871	15.971	16.254	16.16	16.371	415.42	415.34
22:59:24	16.233	15.87	15.959	15.975	16.157	16.373	415.42	415.34
23:00:24	16.232	15.868	15.937	15.802	16.156	16.376	415.42	415.34
23:01:24	16.232	15.869	15.892	15.681	16.158	16.378	415.42	415.34
23:02:24	16.233	15.869	15.873	15.746	16.157	16.377	415.42	415.34
23:03:24	16.233	15.871	15.863	15.951	16.158	16.379	415.42	415.34
23:04:24	16.233	15.874	15.869	16.184	16.164	16.378	415.42	415.34
23:05:24	16.231	15.875	15.883	16.365	16.163	16.377	415.42	415.34
23:06:24	16.232	15.876	15.894	16.464	16.166	16.374	415.42	415.34
23:07:24	16.233	15.878	15.922	16.537	16.168	16.379	415.42	415.34
23:08:24	16.232	15.878	15.938	16.608	16.168	16.378	415.42	415.34
23:09:24	16.233	15.88	15.954	16.698	16.168	16.375	415.42	415.34
23:10:24	16.233	15.88	15.965	16.756	16.175	16.378	415.42	415.34
23:11:24	16.233	15.881	15.97	16.801	16.175	16.383	415.42	415.34
23:12:24	16.233	15.881	15.977	16.849	16.173	16.377	415.42	415.34
23:13:24	16.232	15.88	15.984	16.863	16.17	16.374	415.42	415.34
23:14:24	16.232	15.876	15.985	16.852	16.165	16.373	415.42	415.34
23:15:25	16.231	15.872	15.993	16.865	16.159	16.37	415.42	415.34
23:16:24	16.232	15.868	16.002	16.883	16.155	16.373	415.42	415.34
23:17:24	16.232	15.866	16.01	16.91	16.153	16.372	415.42	415.34
23:18:24	16.232	15.863	16.021	16.941	16.152	16.375	415.42	415.34
23:19:24	16.231	15.862	16.035	16.977	16.15	16.374	415.42	415.34
23:20:24	16.231	15.859	16.05	17.007	16.15	16.378	415.42	415.34
23:21:24	16.231	15.859	16.063	17.032	16.149	16.375	415.42	415.34
23:22:24	16.231	15.855	16.074	17.056	16.15	16.381	415.42	415.34
23:23:26	16.233	15.859	16.09	17.095	16.152	16.38	415.42	415.34
23:24:24	16.232	15.859	16.102	17.097	16.151	16.369	415.42	415.34
23:25:24	16.233	15.86	16.117	17.064	16.153	16.376	415.42	415.34
23:26:24	16.233	15.86	16.114	17.021	16.152	16.374	415.42	415.34
23:27:24	16.234	15.859	16.106	16.981	16.153	16.376	415.42	415.34
23:28:24	16.232	15.86	16.102	16.941	16.155	16.378	415.42	415.34
23:29:24	16.231	15.861	16.091	16.881	16.154	16.376	415.42	415.34
23:30:24	16.232	15.862	16.084	16.841	16.152	16.377	415.42	415.34
23:31:24	16.231	15.861	16.078	16.781	16.152	16.374	415.42	415.34
23:32:24	16.232	15.861	16.064	16.408	16.15	16.378	415.42	415.34
23:33:24	16.231	15.86	16.041	16.188	16.149	16.372	415.42	415.34
23:34:24	16.232	15.859	16.016	16.035	16.15	16.371	415.42	415.34
23:35:24	16.231	15.858	15.997	15.769	16.149	16.373	415.42	415.34
23:36:24	16.232	15.856	15.891	15.658	16.147	16.371	415.42	415.34
23:37:24	16.231	15.855	15.901	15.79	16.147	16.372	415.42	415.34
23:38:24	16.23	15.853	15.905	15.967	16.146	16.374	415.42	415.34
23:39:24	16.231	15.85	15.913	16.16	16.144	16.371	415.42	415.34
23:40:24	16.231	15.849	15.915	16.307	16.141	16.368	415.42	415.34
23:41:24	16.231	15.849	15.918	16.4	16.144	16.371	415.42	415.34
23:42:24	16.232	15.848	15.928	16.455	16.142	16.371	415.42	415.34
23:43:24	16.232	15.847	15.931	16.487	16.144	16.37	415.42	415.34
23:44:24	16.232	15.848	15.948	16.524	16.145	16.371	415.42	415.34
23:45:24	16.231	15.85	15.966	16.577	16.148	16.377	415.42	415.34
23:46:24	16.231	15.853	15.98	16.641	16.151	16.38	415.42	415.34
23:47:24	16.231	15.856	15.991	16.705	16.155	16.38	415.42	415.34
23:48:24	16.232	15.858	15.997	16.746	16.157	16.38	415.42	415.34
23:49:24	16.231	15.86	16.005	16.795	16.157	16.378	415.42	415.34
23:50:24	16.233	15.861	16.006	16.805	16.153	16.373	415.42	415.34
23:51:24	16.232	15.861	16.009	16.805	16.152	16.372	415.42	415.34
23:52:24	16.232	15.861	16.014	16.817	16.153	16.369	415.42	415.34
23:53:24	16.23	15.862	16.022	16.829	16.155	16.371	415.42	415.34
23:54:24	16.232	15.864	16.027	16.839	16.155	16.375	415.42	415.34
23:55:24	16.232	15.864	16.032	16.851	16.155	16.374	415.42	415.34
23:56:25	16.231	15.865	16.038	16.857	16.155	16.377	415.42	415.34
23:57:24	16.231	15.864	16.046	16.873	16.152	16.372	415.42	415.34
23:58:25	16.232	15.861	16.052	16.887	16.151	16.372	415.42	415.34
23:59:24	0.0	15.858	16.06	16.896	16.15	16.372	415.42	415.34
