00:00:17	16.673	16.511	15.498	16.157	16.262	16.371	415.42	415.34
00:01:17	16.674	16.51	15.532	16.305	16.261	16.369	415.42	415.34
00:02:17	16.674	0.0	15.528	16.208	16.261	16.369	415.42	415.34
00:03:17	16.673	16.508	15.419	15.65	16.259	16.371	415.42	415.34
00:04:17	16.673	16.507	15.285	15.245	16.259	16.369	415.42	415.34
00:05:17	16.674	16.507	15.016	15.031	16.258	16.369	415.42	415.34
00:06:17	16.672	16.506	14.863	14.926	16.258	16.368	415.42	415.34
00:07:17	16.673	16.506	14.794	14.935	16.256	16.37	415.42	415.34
00:08:17	16.673	16.504	14.808	14.896	16.255	16.367	415.42	415.34
00:09:17	16.673	16.503	14.724	14.863	16.254	16.369	415.42	415.34
00:10:17	16.673	16.503	14.739	14.898	16.254	16.369	415.42	415.34
00:11:17	16.673	16.501	14.891	15.063	16.254	16.368	415.42	415.34
00:12:17	16.673	16.5	14.977	15.295	16.253	16.369	415.42	415.34
00:13:17	16.672	16.498	15.034	15.512	16.252	16.368	415.42	415.34
00:14:17	16.672	16.497	15.102	15.72	16.254	16.368	415.42	415.34
00:15:17	16.672	16.496	15.144	15.915	16.252	16.368	415.42	415.34
00:16:17	16.672	16.494	15.166	16.051	16.251	16.367	415.42	415.34
00:17:17	16.671	16.494	15.165	16.061	16.25	16.369	415.42	415.34
00:18:17	16.671	16.493	15.127	15.566	16.25	16.368	415.42	415.34
00:19:17	16.67	16.49	14.899	15.148	16.25	16.368	415.42	415.34
00:20:17	16.669	16.489	14.897	15.278	16.248	16.367	415.42	415.34
00:21:17	16.67	16.487	15.002	15.63	16.247	16.368	415.42	415.34
00:22:17	16.669	16.485	15.079	15.859	16.246	16.367	415.42	415.34
00:23:17	16.667	16.482	15.12	16.055	16.246	16.367	415.42	415.34
00:24:17	16.668	16.481	15.156	16.033	16.243	16.366	415.42	415.34
00:25:17	16.667	16.478	15.133	15.49	16.243	16.365	415.42	415.34
00:26:17	16.666	16.476	15.084	15.276	16.24	16.365	415.42	415.34
00:27:17	16.665	16.473	15.089	15.475	16.237	16.365	415.42	415.34
00:28:17	16.665	16.471	15.098	15.636	16.236	16.364	415.42	415.34
00:29:17	16.665	16.469	15.125	15.89	16.234	16.364	415.42	415.34
00:30:17	16.663	16.465	15.192	16.077	16.232	16.364	415.42	415.34
00:31:17	16.662	16.464	15.167	15.675	16.23	16.364	415.42	415.34
00:32:17	16.661	16.461	14.934	15.225	16.23	16.363	415.42	415.34
00:33:17	16.661	16.458	14.726	14.985	16.228	16.364	415.42	415.34
00:34:17	16.661	16.457	14.604	14.835	16.227	16.363	415.42	415.34
00:35:17	16.659	16.454	14.762	15.05	16.225	16.361	415.42	415.34
00:36:17	16.659	16.451	14.891	15.458	16.222	16.36	415.42	415.34
00:37:17	16.658	16.449	14.972	15.779	16.221	16.362	415.42	415.34
00:38:17	16.657	16.446	15.045	15.984	16.22	16.36	415.42	415.34
00:39:17	16.655	16.444	15.065	16.067	16.218	16.361	415.42	415.34
00:40:18	16.655	16.441	15.053	16.041	16.217	16.36	415.42	415.34
00:41:17	16.654	16.439	14.977	15.414	16.215	16.359	415.42	415.34
00:42:17	16.653	16.437	14.714	15.027	16.214	16.359	415.42	415.34
00:43:18	16.652	16.434	14.766	15.041	16.211	16.359	415.42	415.34
00:44:17	16.652	16.433	14.869	15.209	16.209	16.359	415.42	415.34
00:45:17	16.651	16.43	14.962	15.64	16.209	16.358	415.42	415.34
00:46:17	16.65	16.43	15.021	15.934	16.207	16.357	415.42	415.34
00:47:17	16.649	16.425	15.03	15.513	16.205	16.358	415.42	415.34
00:48:17	16.646	16.423	14.971	15.194	16.203	16.356	415.42	415.34
00:49:17	16.646	16.42	14.976	15.248	16.201	16.356	415.42	415.34
00:50:17	16.646	16.416	15.012	15.416	16.199	16.355	415.42	415.34
00:51:17	16.644	16.415	15.029	15.572	16.197	16.356	415.42	415.34
00:52:17	16.644	16.414	15.006	15.842	16.196	16.356	415.42	415.34
00:53:17	16.644	16.407	15.006	15.995	16.194	16.354	415.42	415.34
00:54:17	16.64	16.408	15.005	16.093	16.191	16.354	415.42	415.34
00:55:17	16.64	16.402	15.001	15.847	16.191	16.353	415.42	415.34
00:56:17	16.641	16.403	14.926	15.23	16.19	16.353	415.42	415.34
00:57:17	16.639	16.398	14.856	15.095	16.187	16.354	415.42	415.34
00:58:17	16.638	16.394	14.885	15.506	16.186	16.352	415.42	415.34
00:59:17	16.635	16.393	14.928	15.804	16.186	16.352	415.42	415.34
01:00:17	16.635	16.388	14.952	15.89	16.183	16.35	415.42	415.34
01:01:17	16.635	16.384	14.963	15.895	16.181	16.351	415.42	415.34
01:02:17	16.632	16.38	14.99	15.808	16.178	16.35	415.42	0.0
01:03:17	16.629	16.376	14.999	15.636	16.179	16.349	415.42	415.34
01:04:17	16.63	16.374	14.985	15.446	16.177	16.348	415.42	415.34
01:05:17	16.628	16.37	14.824	14.989	16.173	16.348	415.42	415.34
01:06:17	16.627	16.367	14.786	15.117	16.172	16.348	415.42	415.34
01:07:17	16.625	16.364	14.859	15.434	16.171	16.347	415.42	415.34
01:08:17	16.625	16.362	14.892	15.799	16.168	16.345	415.42	415.34
01:09:17	16.623	16.359	14.949	15.993	16.165	16.345	415.42	415.34
01:10:17	16.623	16.357	14.986	16.143	16.165	16.347	415.42	415.34
01:11:17	16.62	16.353	15.004	16.205	16.162	16.343	415.42	415.34
01:12:17	16.619	16.349	15.028	16.156	16.162	16.345	415.42	415.34
01:13:17	16.618	16.346	15.082	16.292	16.163	16.343	415.42	415.34
01:14:17	16.617	16.343	15.164	16.415	16.16	16.342	415.42	415.34
01:15:17	16.616	16.338	15.209	16.518	16.157	16.343	415.42	415.34
01:16:17	16.615	16.336	15.243	16.589	16.16	16.344	415.42	415.34
01:17:17	16.613	16.333	15.305	16.649	16.159	16.343	415.42	415.34
01:18:17	16.611	16.328	15.346	16.69	16.154	16.344	415.42	415.34
01:19:17	16.609	16.323	15.394	16.664	16.152	16.342	415.42	415.34
01:20:18	16.607	16.319	15.372	16.652	16.149	16.341	415.42	415.34
01:21:17	16.607	16.317	15.377	16.668	16.151	16.342	415.42	415.34
01:22:17	16.604	16.315	15.395	16.686	16.149	16.343	415.42	415.34
01:23:18	16.603	16.314	15.423	16.707	16.148	16.342	415.42	415.34
01:24:17	16.603	16.308	15.428	16.741	16.142	16.342	415.42	415.34
01:25:17	16.598	16.306	15.464	16.757	16.14	16.341	415.42	415.34
01:26:17	16.598	16.3	15.498	16.777	16.141	16.339	415.42	415.34
01:27:17	16.594	16.295	15.548	16.797	16.142	16.34	415.42	415.34
01:28:17	16.599	16.291	15.534	16.829	16.136	16.339	415.42	415.34
01:29:17	16.594	16.288	15.563	16.857	16.138	16.336	415.42	415.34
01:30:17	16.594	16.285	15.606	16.865	16.136	16.338	415.42	415.34
01:31:17	16.591	16.286	15.63	16.898	16.135	16.339	415.42	415.34
01:32:17	16.591	16.285	15.683	16.914	16.133	16.334	415.42	415.34
01:33:17	16.588	16.28	15.694	16.938	16.129	16.329	415.42	415.34
01:34:17	16.587	16.279	15.693	16.964	16.129	16.332	415.42	415.34
01:35:17	16.584	16.276	15.707	16.982	16.13	16.33	415.42	415.34
01:36:17	16.583	16.27	15.734	16.994	16.126	16.328	415.42	415.34
01:37:17	16.582	16.268	15.747	17.028	16.124	16.328	415.42	415.34
01:38:17	16.581	16.265	15.758	17.053	16.125	16.328	415.42	415.34
01:39:17	16.578	16.265	15.764	16.389	16.125	16.326	415.42	415.34
01:40:17	16.576	16.262	15.704	15.804	16.123	16.327	415.42	415.34
01:41:17	16.576	16.259	15.662	15.526	16.122	16.328	415.42	415.34
01:42:17	16.575	16.259	15.619	15.384	16.12	16.326	415.42	415.34
01:43:17	16.574	16.257	15.491	15.175	16.12	16.327	415.42	415.34
01:44:17	16.572	16.251	15.407	15.179	16.118	16.328	415.42	415.34
01:45:17	16.571	16.249	15.392	15.101	16.118	16.324	415.42	415.34
01:46:17	16.569	16.249	15.336	15.039	16.119	16.322	415.42	415.34
01:47:17	16.567	16.247	15.33	14.933	16.115	16.319	415.42	415.34
01:48:17	16.567	16.243	15.253	14.832	16.116	16.317	415.42	415.34
01:49:17	16.566	16.239	15.19	14.868	16.119	16.321	415.42	415.34
01:50:17	16.564	16.238	15.224	14.977	16.117	16.314	415.42	415.34
01:51:17	16.561	16.234	15.244	15.024	16.116	16.314	415.42	415.34
01:52:17	16.56	16.233	15.262	15.054	16.116	16.314	415.42	415.34
01:53:17	16.56	16.231	15.237	15.251	16.11	16.313	415.42	415.34
01:54:18	16.557	16.231	15.27	15.536	16.109	16.312	415.42	415.34
01:55:17	16.557	16.229	15.312	15.73	16.111	16.312	415.42	415.34
01:56:18	16.555	16.227	15.335	15.872	16.109	16.31	415.42	415.34
01:57:17	16.554	16.223	15.378	16.104	16.108	16.31	415.42	415.34
01:58:17	16.552	16.222	15.434	16.21	16.11	16.311	415.42	415.34
01:59:17	16.551	16.219	15.474	16.265	16.106	16.312	415.42	415.34
02:00:17	16.55	16.22	15.504	16.222	16.105	16.308	415.42	415.34
02:01:17	16.548	16.218	15.459	15.899	16.107	16.306	415.42	415.34
02:02:17	16.546	16.215	15.413	15.674	16.104	16.306	415.42	415.34
02:03:19	16.546	16.21	15.382	15.837	16.101	16.312	415.42	415.34
02:04:17	16.544	16.208	15.357	15.993	16.103	16.313	415.42	415.34
02:05:18	16.542	16.205	15.374	16.105	16.101	16.312	415.42	415.34
02:06:17	16.542	16.202	15.371	16.019	16.105	16.314	415.42	415.34
02:07:17	16.54	16.201	15.342	15.503	16.101	16.311	415.42	415.34
02:08:17	16.538	16.199	15.305	15.246	16.101	16.309	415.42	415.34
02:09:17	16.538	16.2	15.296	15.185	16.098	16.31	415.42	415.34
02:10:17	16.536	16.198	15.295	15.149	16.095	16.312	415.42	415.34
02:11:17	16.536	16.195	15.217	14.922	16.098	16.307	415.42	415.34
02:12:17	16.534	16.19	15.221	15.049	16.102	16.308	415.42	415.34
02:13:17	16.533	16.189	15.193	15.337	16.098	16.305	415.42	415.34
02:14:17	16.532	16.188	15.179	15.489	16.103	16.303	415.42	415.34
02:15:17	16.529	16.187	15.155	15.538	16.101	16.303	415.42	415.34
02:16:17	16.528	16.183	15.136	15.653	16.094	16.307	415.42	415.34
02:17:17	16.526	16.182	15.125	15.714	16.091	16.303	415.42	415.34
02:18:17	16.526	16.181	15.116	15.819	16.093	16.306	415.42	415.34
02:19:17	16.525	16.179	15.145	15.956	16.093	16.307	415.42	415.34
02:20:17	16.523	16.177	15.155	16.037	16.093	16.307	415.42	415.34
02:21:17	16.523	16.176	15.172	16.082	16.094	16.304	415.42	415.34
02:22:17	16.521	16.175	15.166	16.1	16.092	16.303	415.42	415.34
02:23:17	16.519	16.171	15.176	16.138	16.094	16.3	415.42	415.34
02:24:17	16.518	16.171	15.166	16.162	16.093	16.302	415.42	415.34
02:25:17	16.517	16.17	15.134	16.151	16.094	16.302	415.42	415.34
02:26:18	16.515	16.169	15.142	16.16	16.091	16.3	415.42	415.34
02:27:17	16.514	16.166	15.15	15.846	16.091	16.299	415.42	415.34
02:28:18	16.513	16.163	14.951	15.178	16.089	16.299	415.42	415.34
02:29:17	0.0	16.163	14.782	14.97	16.09	16.301	415.42	415.34
02:30:17	16.509	16.16	14.824	15.104	16.089	16.298	415.42	415.34
02:31:17	16.51	16.16	14.961	15.441	16.091	16.3	415.42	415.34
02:32:17	16.508	16.161	15.034	15.768	16.088	16.297	415.42	415.34
02:33:17	16.507	16.158	15.062	15.994	16.084	16.294	415.42	415.34
02:34:17	16.505	16.154	15.122	16.133	16.085	16.294	415.42	415.34
02:35:17	16.506	16.155	15.191	16.263	16.081	16.299	415.42	415.34
02:36:17	16.504	16.152	15.239	16.399	16.08	16.3	415.42	415.34
02:37:17	16.5	16.15	15.277	16.486	16.082	16.297	415.42	415.34
02:38:17	16.501	16.147	15.305	16.501	16.084	16.295	415.42	415.34
02:39:17	16.498	16.147	15.276	16.051	16.085	16.296	415.42	415.34
02:40:17	16.498	16.148	15.234	15.651	16.079	16.297	415.42	415.34
02:41:17	16.496	16.147	15.213	15.545	16.083	16.296	415.42	415.34
02:42:17	16.495	16.144	15.203	15.316	16.079	16.298	415.42	415.34
02:43:17	16.495	16.141	15.112	15.161	16.079	16.295	415.42	415.34
02:44:17	16.492	16.141	15.106	15.192	16.076	16.292	415.42	415.34
02:45:17	16.491	16.137	15.11	15.351	16.075	16.291	415.42	415.34
02:46:17	16.49	16.137	15.102	15.64	16.074	16.294	415.42	415.34
02:47:17	16.488	16.135	15.133	15.888	16.08	16.289	415.42	415.34
02:48:17	16.488	16.131	15.156	16.088	16.08	16.287	415.42	415.34
02:49:17	16.486	16.13	15.196	16.247	16.076	16.286	415.42	415.34
02:50:17	16.485	16.127	15.23	16.336	16.077	16.286	415.42	415.34
02:51:17	16.482	16.126	15.227	16.363	16.076	16.289	415.42	415.34
02:52:17	16.483	16.124	15.242	16.396	16.078	16.286	415.42	415.34
02:53:17	16.481	16.125	15.235	16.407	16.075	16.288	415.42	415.34
02:54:17	16.479	16.122	15.24	16.08	16.075	16.293	415.42	415.34
02:55:17	16.478	16.121	15.248	15.589	16.075	16.29	415.42	415.34
02:56:17	16.476	16.118	15.225	15.415	16.077	16.288	415.42	415.34
02:57:17	16.476	16.115	15.208	15.35	16.073	16.287	415.42	415.34
02:58:17	16.474	16.115	15.218	15.284	16.074	16.283	415.42	415.34
02:59:17	16.472	16.114	15.183	15.142	16.072	16.288	415.42	415.34
03:00:17	16.47	16.112	15.099	15.016	16.07	16.286	415.42	415.34
03:01:17	16.469	16.109	15.066	15.241	16.073	16.286	415.42	415.34
03:02:17	16.469	16.108	15.069	15.394	16.074	16.285	415.42	415.34
03:03:17	16.466	16.106	15.069	15.571	16.073	16.286	415.42	415.34
03:04:17	16.465	16.102	15.029	15.684	16.072	16.283	415.42	415.34
03:05:17	16.465	16.102	15.026	15.819	16.072	16.287	415.42	415.34
03:06:17	16.465	16.102	15.042	15.943	16.069	16.288	415.42	415.34
03:07:17	16.461	16.1	15.033	16.021	16.068	16.277	415.42	415.34
03:08:17	16.462	16.097	15.044	16.065	16.067	16.279	415.42	415.34
03:09:17	16.46	16.094	15.048	16.115	16.067	16.279	415.42	415.34
03:10:17	16.458	16.094	15.039	16.101	16.066	16.283	415.42	415.34
03:11:17	16.456	16.091	15.03	16.119	16.064	16.282	415.42	415.34
03:12:17	16.453	16.09	15.064	16.158	16.065	16.284	415.42	415.34
03:13:17	16.452	16.09	15.041	16.186	16.061	16.282	415.42	415.34
03:14:17	16.449	16.086	15.026	16.183	16.065	16.275	415.42	415.34
03:15:17	16.451	16.083	15.04	16.183	16.065	16.279	415.42	415.34
03:16:17	16.45	16.083	15.016	16.164	16.065	16.28	415.42	415.34
03:17:17	16.45	16.084	15.011	16.148	16.064	16.277	415.42	415.34
03:18:17	16.446	16.081	14.997	16.151	16.064	16.279	415.42	415.34
03:19:17	16.445	16.076	15.013	16.154	16.064	16.275	415.42	415.34
03:20:17	16.443	16.074	15.021	16.077	16.065	16.274	415.42	415.34
03:21:17	16.444	16.075	14.986	15.427	16.065	16.275	415.42	415.34
03:22:20	16.44	16.07	14.89	14.981	16.064	16.273	415.42	415.34
03:23:17	16.441	16.065	14.921	15.272	16.063	16.273	415.42	415.34
03:24:17	16.44	16.068	14.952	15.587	16.062	16.272	415.42	415.34
03:25:17	16.438	16.064	14.954	15.87	16.06	16.272	415.42	415.34
03:26:17	16.435	16.065	14.979	16.011	16.059	16.27	415.42	415.34
03:27:17	16.435	16.063	14.978	16.05	16.059	16.277	415.42	415.34
03:28:17	16.431	16.061	14.969	16.073	16.053	16.278	415.42	415.34
03:29:17	16.431	16.058	14.972	16.13	16.056	16.272	415.42	415.34
03:30:17	16.43	16.055	14.997	16.168	16.057	16.277	415.42	415.34
03:31:17	16.428	16.056	15.015	16.225	16.056	16.275	415.42	415.34
03:32:17	16.426	16.053	15.04	16.226	16.055	16.274	415.42	415.34
03:33:17	16.425	16.048	15.027	15.918	16.05	16.277	415.42	415.34
03:34:17	16.424	16.047	15.043	15.982	16.051	16.275	415.42	415.34
03:35:17	16.421	16.044	15.1	16.189	16.052	16.272	415.42	415.34
03:36:17	16.421	16.046	15.143	16.321	16.051	16.276	415.42	415.34
03:37:17	16.418	16.045	15.176	16.384	16.054	16.271	415.42	415.34
03:38:17	16.414	16.042	15.207	16.227	16.05	16.267	415.42	415.34
03:39:17	16.415	16.042	15.229	16.002	16.048	16.274	415.42	415.34
03:40:17	16.414	16.04	15.234	16.014	16.049	16.272	415.42	415.34
03:41:17	16.412	16.038	15.284	16.112	16.049	16.266	415.42	415.34
03:42:18	16.41	16.036	15.283	15.911	16.043	16.271	415.42	415.34
03:43:17	16.409	16.034	15.218	15.628	16.046	16.272	415.42	415.34
03:44:17	16.407	16.029	15.187	15.417	16.05	16.27	415.42	415.34
03:45:17	16.404	16.031	15.149	15.348	16.046	16.262	415.42	415.34
03:46:17	16.405	16.026	15.131	15.228	16.049	16.268	415.42	415.34
03:47:17	16.401	16.024	15.102	15.092	16.05	16.268	415.42	415.34
03:48:17	16.401	16.025	15.078	15.124	16.049	16.263	415.42	415.34
03:49:18	16.401	16.025	15.053	15.541	16.046	16.263	415.42	415.34
03:50:17	16.402	16.023	15.051	15.836	16.047	16.26	415.42	415.34
03:51:17	16.397	16.019	15.056	16.022	16.049	16.264	415.42	415.34
03:52:17	16.397	16.018	15.063	16.083	16.045	16.263	415.42	415.34
03:53:17	16.395	16.015	15.063	16.147	16.043	16.257	415.42	415.34
03:54:17	16.391	16.011	15.058	16.152	16.043	16.254	415.42	415.34
03:55:17	16.394	16.009	15.069	16.165	16.043	16.257	415.42	415.34
03:56:19	16.388	16.004	15.054	16.169	16.037	16.261	415.42	415.34
03:57:17	16.392	16.005	15.047	16.148	16.031	16.257	415.42	415.34
03:58:17	16.389	16.002	15.028	16.079	16.032	16.258	415.42	415.34
03:59:17	16.387	15.999	14.996	15.965	16.032	16.252	415.42	415.34
04:00:17	16.385	15.997	14.94	15.37	16.032	16.251	415.42	415.34
04:01:17	16.384	15.996	14.879	15.086	16.038	16.253	415.42	415.34
04:02:17	16.381	15.995	14.907	15.248	16.037	16.256	415.42	415.34
04:03:17	16.381	15.993	14.937	15.678	16.03	16.253	415.42	415.34
04:04:17	16.378	15.99	14.933	15.799	16.03	16.244	415.42	415.34
04:05:17	16.377	15.988	14.926	15.933	16.033	16.251	415.42	415.34
04:06:17	16.375	15.985	14.886	15.921	16.033	16.247	415.42	415.34
04:07:17	16.374	15.984	14.9	15.984	16.032	16.252	415.42	415.34
04:08:17	16.371	15.981	14.888	16.007	16.027	16.252	415.42	415.34
04:09:17	16.371	15.982	14.92	16.137	16.029	16.253	415.42	415.34
04:10:17	16.369	15.979	14.997	16.261	16.031	16.257	415.42	415.34
04:11:17	16.369	15.976	15.044	16.372	16.031	16.245	415.42	415.34
04:12:17	16.366	15.976	15.085	16.46	16.03	16.254	415.42	415.34
04:13:17	16.364	15.972	15.147	16.523	16.028	16.251	415.42	415.34
04:14:17	16.362	15.972	15.17	16.57	16.028	16.242	415.42	415.34
04:15:17	16.361	15.967	15.193	16.604	16.03	16.249	415.42	415.34
04:16:17	16.36	15.968	15.24	16.615	16.026	16.246	415.42	415.34
04:17:17	16.358	15.965	15.303	16.597	16.027	16.251	415.42	415.34
04:18:17	16.357	15.964	15.304	16.588	16.028	16.247	415.42	415.34
04:19:17	16.356	15.962	15.31	16.596	16.025	16.245	415.42	415.34
04:20:17	16.355	15.961	15.33	16.601	16.023	16.25	415.42	415.34
04:21:17	16.353	15.959	15.395	16.63	16.024	16.249	415.42	415.34
04:22:17	16.351	15.956	15.402	16.659	16.023	16.245	415.42	415.34
04:23:17	16.35	15.955	15.4	16.687	16.025	16.256	415.42	415.34
04:24:17	16.348	15.954	15.401	16.702	16.026	16.255	415.42	415.34
04:25:17	16.346	15.95	15.437	16.73	16.024	16.249	415.42	415.34
04:26:18	16.345	15.949	15.457	16.749	16.023	16.242	415.42	415.34
04:27:17	16.343	15.946	15.477	16.779	16.021	16.246	415.42	415.34
04:28:17	16.342	15.943	15.494	16.802	16.017	16.239	415.42	415.34
04:29:17	16.34	15.938	15.521	16.83	16.018	16.24	415.42	415.34
04:30:17	16.337	15.938	15.554	16.857	16.02	16.242	415.42	415.34
04:31:17	16.34	15.941	15.574	16.871	16.018	16.237	415.42	415.34
04:32:18	16.337	15.936	15.6	16.893	16.02	16.246	415.42	415.34
04:33:17	16.337	15.938	15.612	16.911	16.02	16.252	415.42	415.34
04:34:17	16.335	15.936	15.636	16.936	16.02	16.244	415.42	415.34
04:35:17	16.332	15.935	15.657	16.955	16.022	16.24	415.42	415.34
04:36:17	16.331	15.932	15.715	16.973	16.019	16.243	415.42	415.34
04:37:17	16.331	15.931	15.73	16.994	16.018	16.24	415.42	415.34
04:38:17	16.328	15.93	15.741	17.007	16.017	16.243	415.42	415.34
04:39:17	16.328	15.93	15.753	16.862	16.015	16.243	415.42	415.34
04:40:17	16.325	15.928	15.752	16.097	16.012	16.246	415.42	415.34
04:41:17	16.325	15.925	15.697	15.796	16.015	16.246	415.42	415.34
04:42:17	16.324	15.925	15.666	15.741	16.016	16.239	415.42	415.34
04:43:17	16.322	15.923	15.636	15.531	16.016	16.245	415.42	415.34
04:44:17	16.321	15.922	15.6	15.313	16.019	16.25	415.42	415.34
04:45:17	16.319	15.918	15.541	15.159	16.021	16.235	415.42	415.34
04:46:17	16.317	15.918	15.533	15.196	16.018	16.238	415.42	415.34
04:47:17	16.317	15.915	15.537	15.18	16.02	16.242	415.42	415.34
04:48:17	16.315	15.916	15.508	15.279	16.02	16.233	415.42	415.34
04:49:17	16.313	15.917	15.453	15.268	16.014	16.233	415.42	415.34
04:50:17	16.312	15.914	15.406	15.179	16.014	16.232	415.42	415.34
04:51:17	16.311	15.912	15.355	15.065	16.017	16.236	415.42	415.34
04:52:17	16.311	15.912	15.319	15.102	16.017	16.241	415.42	415.34
04:53:17	16.309	15.907	15.29	15.078	16.016	16.237	415.42	415.34
04:54:17	16.307	15.904	15.273	15.232	16.018	16.239	415.42	415.34
04:55:17	16.306	15.903	15.263	15.375	16.015	16.238	415.42	415.34
04:56:17	16.305	15.902	15.248	15.512	16.015	16.245	415.42	415.34
04:57:17	16.304	15.904	15.225	15.604	16.02	16.242	415.42	415.34
04:58:17	16.304	15.903	15.203	15.628	16.02	16.234	415.42	415.34
04:59:17	16.303	15.9	15.21	15.702	16.02	16.239	415.42	415.34
05:00:17	16.302	15.901	15.208	15.779	16.014	16.237	415.42	415.34
05:01:17	16.301	15.902	15.196	15.818	16.016	16.238	415.42	415.34
05:02:17	16.299	15.899	15.198	15.912	16.014	16.237	415.42	415.34
05:03:18	16.299	15.9	15.204	16.001	16.014	16.244	415.42	415.34
05:04:18	16.298	15.898	15.208	16.082	16.014	16.241	415.42	415.34
05:05:18	16.297	15.897	15.224	16.163	16.012	16.241	415.42	415.34
05:06:18	16.295	15.894	15.252	16.23	16.016	16.24	415.42	415.34
05:07:18	16.295	15.892	15.277	16.303	16.013	16.23	415.42	415.34
05:08:18	16.294	15.892	15.292	16.015	16.016	16.236	415.42	415.34
05:09:18	16.292	15.891	15.287	15.804	16.014	16.232	415.42	415.34
05:10:18	16.291	15.89	15.285	15.728	16.013	16.24	415.42	415.34
05:11:18	16.291	15.887	15.286	15.658	16.011	16.24	415.42	415.34
05:12:18	16.29	15.888	15.287	15.62	16.017	16.24	415.42	415.34
05:13:18	16.287	15.888	15.274	15.634	16.017	16.237	415.42	415.34
05:14:18	16.288	15.888	15.265	15.622	16.019	16.243	415.42	415.34
05:15:18	16.286	15.886	15.26	15.586	16.015	16.237	415.42	415.34
05:16:18	16.286	15.886	15.267	15.582	16.017	16.234	415.42	415.34
05:17:18	16.285	15.885	15.274	15.629	16.019	16.242	415.42	415.34
05:18:18	16.283	15.886	15.287	15.599	16.018	16.252	415.42	415.34
05:19:18	16.283	15.885	15.276	15.584	16.019	16.246	415.42	415.34
05:20:18	16.282	15.884	15.281	15.632	16.017	16.238	415.42	415.34
05:21:18	16.281	15.884	15.283	15.639	16.02	16.242	415.42	415.34
05:22:18	16.281	15.883	15.296	15.691	16.019	16.244	415.42	415.34
05:23:18	16.279	15.884	15.292	15.683	16.015	16.236	415.42	415.34
05:24:18	16.279	15.883	15.272	15.671	16.017	16.238	415.42	415.34
05:25:18	16.279	15.88	15.265	15.666	16.016	16.24	415.42	415.34
05:26:18	16.279	15.879	15.28	15.695	16.017	16.236	415.42	415.34
05:27:18	16.276	15.879	15.276	15.685	16.018	16.238	415.42	0.0
05:28:18	16.276	15.878	15.275	15.698	16.019	16.239	415.42	415.34
05:29:18	16.276	15.876	15.277	15.7	16.016	16.244	415.42	415.34
05:30:18	16.275	15.876	15.283	15.71	16.013	16.242	415.42	415.34
05:31:18	16.274	15.874	15.288	15.69	16.012	16.239	415.42	415.34
05:32:18	16.273	15.872	15.282	15.709	16.011	16.234	415.42	415.34
05:33:18	16.272	15.871	15.279	15.71	16.017	16.233	415.42	415.34
05:34:18	16.271	15.87	15.312	15.677	16.016	16.237	415.42	415.34
05:35:18	16.271	15.87	15.304	15.65	16.015	16.242	415.42	415.34
05:36:18	16.27	15.869	15.29	15.664	16.017	16.24	415.42	415.34
05:37:18	16.268	15.869	15.291	15.672	16.014	16.24	415.42	415.34
05:38:18	16.267	15.868	15.294	15.649	16.017	16.241	415.42	415.34
05:39:18	16.266	15.868	15.28	15.622	16.017	16.234	415.42	415.34
05:40:18	16.265	15.867	15.265	15.625	16.012	16.234	415.42	415.34
05:41:18	16.265	15.867	15.266	15.774	16.012	16.24	415.42	415.34
05:42:18	16.265	15.868	15.289	16.059	16.015	16.236	415.42	415.34
05:43:18	16.264	15.867	15.336	16.258	16.018	16.237	415.42	415.34
05:44:18	16.263	15.863	15.353	16.382	16.019	16.242	415.42	415.34
05:45:18	16.262	15.861	15.376	16.188	16.013	16.237	415.42	415.34
05:46:18	16.261	15.859	15.363	15.995	16.012	16.238	415.42	415.34
05:47:18	16.259	15.86	15.37	16.008	16.009	16.237	415.42	415.34
05:48:18	16.259	15.859	15.384	16.057	16.015	16.238	415.42	415.34
05:49:18	16.257	15.859	15.404	16.069	16.012	16.233	415.42	415.34
05:50:18	16.258	15.857	15.414	16.13	16.012	16.23	415.42	415.34
05:51:18	16.256	15.857	15.438	16.347	16.013	16.233	415.42	415.34
05:52:18	16.256	15.856	15.484	16.517	16.012	16.238	415.42	415.34
05:53:18	16.255	15.854	15.515	16.649	16.011	16.231	415.42	415.34
05:54:18	16.253	15.852	15.542	16.748	16.008	16.234	415.42	415.34
05:55:18	16.253	15.85	15.58	16.744	16.012	16.238	415.42	415.34
05:56:18	16.252	15.848	15.601	16.621	16.011	16.228	415.42	415.34
05:57:18	16.251	15.848	15.624	16.669	16.007	16.236	415.42	415.34
05:58:18	16.249	15.848	15.632	16.696	16.009	16.238	415.42	415.34
05:59:18	16.25	15.844	15.674	16.648	16.01	16.241	415.42	415.34
06:00:18	16.249	15.845	15.663	16.44	16.012	16.237	415.42	415.34
06:01:19	16.247	15.841	15.627	16.196	16.008	16.235	415.42	415.34
06:02:18	16.247	15.842	15.586	16.044	16.01	16.231	415.42	415.34
06:03:18	16.246	15.84	15.553	15.925	16.008	16.232	415.42	415.34
06:04:18	16.245	15.839	15.539	15.791	16.004	16.234	415.42	415.34
06:05:18	16.245	15.838	15.498	15.617	16.003	16.24	415.42	415.34
06:06:18	16.244	15.838	15.447	15.507	16.005	16.242	415.42	415.34
06:07:18	16.244	15.837	15.414	15.251	16.004	16.235	415.42	415.34
06:08:18	16.243	15.837	15.349	15.139	16.005	16.237	415.42	415.34
06:09:18	16.243	15.836	15.305	15.086	16.002	16.234	415.42	415.34
06:10:18	16.241	15.836	15.256	15.118	16.008	16.232	415.42	415.34
06:11:18	16.24	15.837	15.252	15.397	16.005	16.229	415.42	415.34
06:12:18	16.24	15.834	15.227	15.584	16.0	16.235	415.42	415.34
06:13:18	16.239	15.833	15.217	15.718	16.001	16.236	415.42	415.34
06:14:18	16.238	15.832	15.241	15.914	16.001	16.232	415.42	415.34
06:15:18	16.237	15.83	15.263	16.101	16.002	16.231	415.42	415.34
06:16:18	16.237	15.83	15.303	16.233	16.002	16.231	415.42	415.34
06:17:18	16.234	15.829	15.329	16.309	16.003	16.232	415.42	415.34
06:18:18	16.234	15.829	15.309	16.316	16.006	16.234	415.42	415.34
06:19:18	16.234	15.827	15.303	16.147	16.001	16.234	415.42	415.34
06:20:18	16.234	15.828	15.23	15.568	16.002	16.229	415.42	415.34
06:21:18	16.232	15.827	15.186	15.201	16.005	16.232	415.42	415.34
06:22:18	16.231	15.827	15.16	15.244	16.003	16.235	415.42	415.34
06:23:18	16.232	15.828	15.129	15.538	16.005	16.236	415.42	415.34
06:24:18	16.23	15.825	15.151	15.815	16.002	16.234	415.42	415.34
06:25:18	16.23	15.824	15.165	15.986	16.002	16.237	415.42	415.34
06:26:18	16.229	15.825	15.165	16.096	16.003	16.242	415.42	415.34
06:27:18	16.228	15.823	15.161	16.162	16.006	16.239	415.42	415.34
06:28:18	16.227	15.823	15.169	16.196	16.004	16.232	415.42	415.34
06:29:18	16.227	15.823	15.174	16.163	16.005	16.237	415.42	415.34
06:30:18	16.226	15.823	15.158	15.714	16.008	16.229	415.42	415.34
06:31:18	16.226	15.823	15.149	15.365	16.007	16.238	415.42	415.34
06:32:18	0.0	15.822	15.13	15.5	16.003	16.232	415.42	415.34
06:33:18	16.224	15.822	15.188	15.899	16.003	16.234	415.42	415.34
06:34:18	16.223	15.822	15.232	16.154	16.007	16.234	415.42	415.34
06:35:18	16.222	15.82	15.279	16.313	16.005	16.228	415.42	415.34
06:36:18	16.222	15.82	15.328	16.421	16.004	16.238	415.42	415.34
06:37:18	16.221	15.818	15.353	16.533	16.002	16.232	415.42	415.34
06:38:18	16.22	15.817	15.398	16.671	16.003	16.229	415.42	415.34
06:39:18	16.22	15.817	15.446	16.723	16.003	16.227	415.42	415.34
06:40:18	16.22	15.815	15.461	16.717	16.005	16.233	415.42	415.34
06:41:18	16.219	15.816	15.47	16.409	16.005	16.228	415.42	415.34
06:42:18	16.218	15.814	15.456	16.036	16.006	16.232	415.42	415.34
06:43:18	16.217	15.815	15.443	15.933	16.003	16.235	415.42	415.34
06:44:18	16.216	15.815	15.4	15.785	16.0	16.234	415.42	415.34
06:45:18	16.215	15.815	15.362	15.59	16.003	16.231	415.42	415.34
06:46:18	16.216	15.814	15.327	15.527	16.003	16.224	415.42	415.34
06:47:18	16.214	15.812	15.308	15.552	16.002	16.226	415.42	415.34
06:48:18	16.213	15.812	15.293	15.563	16.004	16.229	415.42	415.34
06:49:18	16.213	15.81	15.282	15.72	16.003	16.229	415.42	415.34
06:50:18	16.212	15.809	15.317	16.039	16.004	16.229	415.42	415.34
06:51:18	16.211	15.807	15.395	16.333	16.003	16.233	415.42	415.34
06:52:18	16.21	15.807	15.445	16.514	16.002	16.233	415.42	415.34
06:53:18	16.21	15.807	15.516	16.625	16.007	16.228	415.42	415.34
06:54:18	16.209	15.808	15.534	16.728	16.004	16.225	415.42	415.34
06:55:18	16.208	15.807	15.567	16.791	16.004	16.224	415.42	415.34
06:56:18	16.208	15.806	15.606	16.839	16.006	16.228	415.42	415.34
06:57:18	16.207	15.805	15.637	16.879	16.004	16.231	415.42	415.34
06:58:18	16.207	15.805	15.667	16.908	16.001	16.233	415.42	415.34
06:59:18	16.207	15.803	15.716	16.942	15.996	16.23	415.42	415.34
07:00:18	16.205	15.803	15.712	16.961	16.0	16.232	415.42	415.34
07:01:18	16.204	15.805	15.724	16.98	16.002	16.23	415.42	415.34
07:02:18	16.204	15.804	15.757	16.999	16.004	16.23	415.42	415.34
07:03:18	16.203	15.805	15.769	17.021	16.007	16.231	415.42	415.34
07:04:18	16.202	15.806	15.802	17.038	16.005	16.234	415.42	415.34
07:05:19	16.202	15.804	15.824	17.057	16.007	16.231	415.42	415.34
07:06:18	16.201	15.803	15.822	17.068	16.005	16.228	415.42	415.34
07:07:18	16.201	15.802	15.853	17.087	16.006	16.229	415.42	415.34
07:08:18	16.199	15.8	15.86	17.094	16.009	16.229	415.42	415.34
07:09:18	16.198	15.8	15.89	17.102	16.007	16.23	415.42	415.34
07:10:18	16.197	15.798	15.897	17.12	16.001	16.232	415.42	415.34
07:11:18	16.196	15.798	15.913	17.135	15.999	16.23	415.42	415.34
07:12:18	16.197	15.798	15.917	17.152	16.001	16.228	415.42	415.34
07:13:18	16.196	15.793	15.932	17.156	16.002	16.232	415.42	415.34
07:14:18	16.196	15.793	15.949	17.167	16.004	16.233	415.42	415.34
07:15:18	16.194	15.794	15.964	17.173	16.001	16.229	415.42	415.34
07:16:18	16.194	15.794	15.973	17.185	16.003	16.228	415.42	415.34
07:17:18	16.193	15.794	15.986	17.183	16.001	16.231	415.42	415.34
07:18:18	16.193	15.793	15.996	17.19	16.003	16.228	415.42	415.34
07:19:18	16.192	15.793	16.019	17.2	16.001	16.233	415.42	415.34
07:20:18	16.191	15.79	16.026	17.208	16.004	16.237	415.42	415.34
07:21:18	16.191	15.789	16.047	17.217	16.006	16.228	415.42	415.34
07:22:18	16.191	15.791	16.063	17.22	16.006	16.231	415.42	415.34
07:23:18	16.19	15.791	16.074	17.227	16.006	16.226	415.42	415.34
07:24:18	16.188	15.79	16.089	17.237	16.007	16.231	415.42	415.34
07:25:18	16.19	15.791	16.09	17.239	16.005	16.233	415.42	415.34
07:26:18	16.189	15.787	16.101	17.243	16.005	16.229	415.42	415.34
07:27:18	16.187	15.788	16.093	17.253	16.002	16.226	415.42	415.34
07:28:18	16.186	15.788	16.114	17.255	16.002	16.224	415.42	415.34
07:29:18	16.186	15.788	16.127	17.264	15.997	16.228	415.42	415.34
07:30:18	16.187	15.788	16.133	17.265	15.999	16.228	415.42	415.34
07:31:18	16.187	15.787	16.144	17.274	15.997	16.226	415.42	415.34
07:32:18	16.187	15.789	16.147	17.275	16.0	16.233	415.42	415.34
07:33:18	16.186	15.786	16.172	17.28	16.001	16.229	415.42	415.34
07:34:18	16.185	15.787	16.193	17.278	15.998	16.23	415.42	415.34
07:35:18	16.184	15.786	16.193	17.285	16.004	16.234	415.42	415.34
07:36:18	16.185	15.787	16.19	17.289	15.999	16.231	415.42	415.34
07:37:18	16.184	15.786	16.199	17.292	16.004	16.228	415.42	415.34
07:38:18	16.184	15.786	16.211	17.29	16.004	16.23	415.42	415.34
07:39:18	16.184	15.786	16.216	17.301	16.008	16.233	415.42	415.34
07:40:18	16.183	15.786	16.216	17.303	16.004	16.232	415.42	415.34
07:41:18	16.183	15.785	16.232	17.307	16.007	16.231	415.42	415.34
07:42:18	16.183	15.786	16.235	17.316	16.008	16.231	415.42	415.34
07:43:18	16.184	15.785	16.247	17.326	16.008	16.237	415.42	415.34
07:44:18	16.184	15.785	16.249	17.326	16.008	16.233	415.42	415.34
07:45:18	16.184	15.785	16.25	17.331	16.011	16.236	415.42	415.34
07:46:18	16.184	15.786	16.258	17.327	16.006	16.234	415.42	415.34
07:47:18	16.184	15.787	16.273	17.332	16.002	16.232	415.42	415.34
07:48:18	16.183	15.786	16.273	17.336	15.999	16.232	415.42	415.34
07:49:18	16.184	15.788	16.29	17.341	16.003	16.232	415.42	415.34
07:50:18	16.184	15.789	16.294	17.344	16.003	16.241	415.42	415.34
07:51:18	16.185	15.788	16.301	17.351	16.004	16.249	415.42	415.34
07:52:19	16.185	15.79	16.304	17.354	16.006	16.24	415.42	415.34
07:53:18	0.0	15.789	16.326	17.355	16.007	16.239	415.42	415.34
07:54:18	16.186	15.791	16.319	17.358	16.01	16.237	415.42	415.34
07:55:18	16.186	15.789	16.329	17.363	16.014	16.241	415.42	415.34
07:56:18	16.186	15.79	16.331	17.36	16.014	16.241	415.42	415.34
07:57:18	16.186	15.791	16.334	17.367	16.011	16.245	415.42	415.34
07:58:18	16.186	15.791	16.331	17.372	16.013	16.252	415.42	415.34
07:59:18	16.186	15.791	16.35	17.373	16.012	16.248	415.42	415.34
08:00:18	16.187	15.792	16.355	17.376	16.012	16.242	415.42	415.34
08:01:18	16.187	15.791	16.35	17.384	16.014	16.244	415.42	415.34
08:02:18	16.187	15.792	16.364	17.381	16.013	16.245	415.42	415.34
08:03:18	16.188	15.793	16.377	17.381	16.016	16.251	415.42	415.34
08:04:18	16.189	15.794	16.378	17.383	16.014	16.243	415.42	415.34
08:05:18	16.189	15.794	16.378	17.391	16.021	16.247	415.42	415.34
08:06:18	16.19	15.796	16.377	17.391	16.019	16.249	415.42	415.34
08:07:18	16.19	15.796	16.388	17.399	16.02	16.249	415.42	415.34
08:08:18	16.19	15.798	16.389	17.402	16.017	16.251	415.42	415.34
08:09:18	16.191	15.797	16.398	17.405	16.017	16.249	415.42	415.34
08:10:18	16.19	15.797	16.403	17.408	16.02	16.256	415.42	415.34
08:11:18	16.193	15.798	16.418	17.41	16.02	16.252	415.42	415.34
08:12:19	16.192	15.799	16.42	17.411	16.021	16.252	415.42	415.34
08:13:18	16.193	15.801	16.41	17.409	16.02	16.251	415.42	415.34
08:14:18	16.193	15.802	16.403	17.413	16.022	16.251	415.42	415.34
08:15:18	16.195	15.802	16.403	17.415	16.024	16.253	415.42	415.34
08:16:18	16.195	15.805	16.413	17.418	16.027	16.254	415.42	415.34
08:17:18	16.195	15.805	16.421	17.42	16.027	16.253	415.42	415.34
08:18:18	16.197	15.806	16.421	17.422	16.028	16.255	415.42	415.34
08:19:18	16.197	15.807	16.426	17.423	16.029	16.257	415.42	415.34
08:20:18	16.198	15.808	16.428	17.426	16.03	16.257	415.42	415.34
08:21:18	16.198	15.809	16.437	17.433	16.032	16.255	415.42	415.34
08:22:18	16.198	15.809	16.448	17.432	16.033	16.258	415.42	415.34
08:23:18	16.199	15.81	16.462	17.435	16.035	16.256	415.42	415.34
08:24:18	16.2	15.811	16.473	17.44	16.035	16.258	415.42	415.34
08:25:18	16.2	15.812	16.477	17.443	16.036	16.259	415.42	415.34
08:26:18	16.2	15.814	16.475	17.445	16.035	16.26	415.42	415.34
08:27:18	16.202	15.816	16.468	17.448	16.038	16.26	415.42	415.34
08:28:18	16.202	15.816	16.469	17.447	16.039	16.259	415.42	415.34
08:29:18	16.202	15.816	16.471	17.445	16.042	16.262	415.42	415.34
08:30:18	16.204	15.818	16.478	17.448	16.041	16.262	415.42	415.34
08:31:18	16.204	15.819	16.482	17.447	16.038	16.263	415.42	415.34
08:32:18	16.205	15.82	16.479	17.453	16.041	16.261	415.42	415.34
08:33:18	16.206	15.819	16.484	17.453	16.041	16.263	415.42	415.34
08:34:18	16.206	15.821	16.494	17.454	16.043	16.262	415.42	415.34
08:35:18	16.208	15.822	16.494	17.459	16.044	16.263	415.42	415.34
08:36:18	16.207	15.823	16.49	17.46	16.043	16.262	415.42	415.34
08:37:18	16.208	15.824	16.491	17.46	16.042	16.263	415.42	415.34
08:38:18	16.209	15.824	16.496	17.462	16.046	16.265	415.42	415.34
08:39:18	16.209	15.825	16.504	17.466	16.045	16.265	415.42	415.34
08:40:18	16.21	15.827	16.51	17.474	16.048	16.269	415.42	415.34
08:41:18	16.21	15.828	16.52	17.467	16.048	16.27	415.42	415.34
08:42:18	16.212	15.831	16.511	17.474	16.052	16.271	415.42	415.34
08:43:18	16.212	15.832	16.516	17.475	16.052	16.272	415.42	415.34
08:44:18	16.213	15.833	16.528	17.475	16.053	16.272	415.42	415.34
08:45:18	16.215	15.836	16.526	17.479	16.053	16.272	415.42	415.34
08:46:18	16.216	15.838	16.526	17.482	16.054	16.273	415.42	415.34
08:47:18	16.214	15.839	16.538	17.486	16.055	16.274	415.42	415.34
08:48:20	16.216	15.841	16.533	17.484	16.056	16.274	415.42	415.34
08:49:18	16.217	15.843	16.546	17.488	16.058	16.276	415.42	415.34
08:50:18	16.218	15.845	16.547	17.495	16.058	16.277	415.42	415.34
08:51:18	16.218	15.847	16.55	17.491	16.059	16.278	415.42	415.34
08:52:18	16.221	15.848	16.545	17.495	16.06	16.277	415.42	415.34
08:53:18	16.221	15.849	16.552	17.493	16.062	16.278	415.42	415.34
08:54:18	16.222	15.85	16.551	17.494	16.062	16.281	415.42	415.34
08:55:18	16.222	15.851	16.551	17.495	16.062	16.28	415.42	415.34
08:56:18	16.223	15.853	16.556	17.499	16.063	16.279	415.42	415.34
08:57:18	16.223	15.854	16.561	17.497	16.063	16.278	415.42	415.34
08:58:18	16.224	15.855	16.571	17.5	16.065	16.279	415.42	415.34
08:59:18	16.226	15.857	16.567	17.506	16.064	16.278	415.42	415.34
09:00:18	16.226	15.858	16.569	17.503	16.066	16.28	415.42	415.34
09:01:18	16.227	15.859	16.568	17.499	16.067	16.279	415.42	415.34
09:02:18	16.227	15.86	16.574	17.504	16.067	16.279	415.42	415.34
09:03:18	16.228	15.862	16.57	17.504	16.071	16.282	415.42	415.34
09:04:18	16.228	15.866	16.576	17.504	16.072	16.281	415.42	415.34
09:05:18	16.231	15.868	16.579	17.504	16.072	16.281	415.42	415.34
09:06:18	16.23	15.87	16.589	17.503	16.074	16.28	415.42	415.34
09:07:18	16.233	15.871	16.573	17.505	16.074	16.282	415.42	415.34
09:08:18	16.232	15.874	16.575	17.501	16.075	16.283	415.42	415.34
09:09:18	16.234	15.875	16.578	17.502	16.074	16.282	415.42	415.34
09:10:18	16.235	15.876	16.582	17.508	16.076	16.283	415.42	415.34
09:11:18	16.236	15.878	16.6	17.512	16.077	16.282	415.42	415.34
09:12:18	16.237	15.881	16.597	17.511	16.077	16.283	415.42	415.34
09:13:18	16.238	15.881	16.595	17.508	16.077	16.282	415.42	415.34
09:14:18	16.238	15.884	16.595	17.512	16.078	16.282	415.42	415.34
09:15:18	16.239	15.886	16.602	17.512	16.079	16.284	415.42	415.34
09:16:18	16.24	15.887	16.597	17.51	16.08	16.283	415.42	415.34
09:17:18	16.241	15.89	16.602	17.51	16.083	16.284	415.42	415.34
09:18:18	16.243	15.891	16.598	17.511	16.084	16.284	415.42	415.34
09:19:18	16.244	15.892	16.597	17.51	16.083	16.284	415.42	415.34
09:20:18	16.245	15.894	16.6	17.514	16.084	16.285	415.42	415.34
09:21:18	16.245	15.896	16.603	17.521	16.086	16.286	415.42	415.34
09:22:18	16.246	15.898	16.614	17.519	16.086	16.285	415.42	415.34
09:23:18	16.247	15.899	16.61	17.519	16.088	16.286	415.42	415.34
09:24:18	16.247	15.901	16.611	17.519	16.089	16.287	415.42	415.34
09:25:18	16.248	15.903	16.613	17.52	16.091	16.288	415.42	415.34
09:26:18	16.249	15.904	16.616	17.523	16.092	16.289	415.42	415.34
09:27:18	16.251	15.907	16.619	17.521	16.093	16.289	415.42	415.34
09:28:18	16.251	15.909	16.626	17.523	16.094	16.29	415.42	415.34
09:29:18	16.252	15.91	16.623	17.523	16.095	16.29	415.42	415.34
09:30:18	16.253	15.912	16.619	17.523	16.097	16.292	415.42	415.34
09:31:18	16.254	15.914	16.615	17.521	16.098	16.292	415.42	415.34
09:32:20	16.255	15.917	16.621	17.517	16.099	16.293	415.42	415.34
09:33:18	16.257	15.918	16.625	17.519	16.099	16.294	415.42	415.34
09:34:18	16.257	15.92	16.634	17.522	16.101	16.294	415.42	415.34
09:35:18	16.258	15.922	16.625	17.525	16.102	16.294	415.42	415.34
09:36:18	16.259	15.924	16.631	17.522	16.103	16.294	415.42	415.34
09:37:18	16.259	15.926	16.634	17.529	16.103	16.295	415.42	415.34
09:38:18	16.26	15.927	16.63	17.527	16.103	16.295	415.42	415.34
09:39:18	16.261	15.928	16.63	17.525	16.104	16.294	415.42	415.34
09:40:18	16.263	15.929	16.632	17.528	16.105	16.295	415.42	415.34
09:41:18	16.263	15.93	16.64	17.528	16.105	16.296	415.42	415.34
09:42:18	16.264	15.933	16.637	17.529	16.107	16.296	415.42	415.34
09:43:18	16.265	15.934	16.641	17.53	16.107	16.297	415.42	415.34
09:44:18	16.267	15.935	16.646	17.533	16.108	16.297	415.42	415.34
09:45:18	16.266	15.937	16.652	17.539	16.108	16.297	415.42	415.34
09:46:18	16.268	15.939	16.652	17.537	16.11	16.298	415.42	415.34
09:47:18	16.269	15.94	16.648	17.539	16.111	16.298	415.42	415.34
09:48:18	16.271	15.943	16.645	17.544	16.112	16.298	415.42	415.34
09:49:18	16.271	15.944	16.656	17.541	16.113	16.298	415.42	415.34
09:50:18	16.271	15.945	16.651	17.54	16.114	16.299	0.0	415.34
09:51:18	16.272	15.948	16.656	17.539	16.115	16.299	415.42	415.34
09:52:18	16.273	15.95	16.659	17.543	16.116	16.3	415.42	415.34
09:53:18	16.276	15.951	16.655	17.543	16.117	16.3	415.42	415.34
09:54:18	16.276	15.953	16.658	17.543	16.117	16.3	415.42	415.34
09:55:18	16.277	15.956	16.665	17.546	16.119	16.3	415.42	415.34
09:56:18	16.277	15.956	16.662	17.546	16.12	16.301	415.42	415.34
09:57:18	16.279	15.958	16.666	17.546	16.12	16.301	415.42	415.34
09:58:18	16.279	15.961	16.663	17.547	16.122	16.303	415.42	415.34
09:59:18	16.28	15.963	16.669	17.551	16.122	16.302	415.42	415.34
10:00:18	16.281	15.964	16.667	17.55	16.121	16.301	415.42	415.34
10:01:18	16.282	15.966	16.661	17.554	16.122	16.302	415.42	415.34
10:02:18	16.283	15.967	16.663	17.556	16.124	16.303	415.42	415.34
10:03:18	16.284	15.967	16.662	17.557	16.125	16.303	415.42	415.34
10:04:18	16.284	15.97	16.658	17.558	16.125	16.304	415.42	415.34
10:05:18	16.285	15.972	16.668	17.56	16.126	16.303	415.42	415.34
10:06:18	16.286	15.973	16.677	17.561	16.129	16.305	415.42	415.34
10:07:18	16.287	15.975	16.681	17.565	16.129	16.304	415.42	415.34
10:08:18	16.289	15.978	16.677	17.565	16.13	16.304	415.42	415.34
10:09:18	16.289	15.979	16.668	17.569	16.13	16.306	415.42	415.34
10:10:18	16.291	15.981	16.666	17.569	16.132	16.307	415.42	415.34
10:11:18	16.291	15.983	16.672	17.574	16.133	16.306	415.42	415.34
10:12:18	16.292	15.984	16.672	17.569	16.133	16.307	415.42	415.34
10:13:18	16.293	15.985	16.672	17.575	16.134	16.307	415.42	415.34
10:14:18	16.292	15.987	16.677	17.575	16.134	16.307	415.42	415.34
10:15:18	16.295	15.989	16.691	17.572	16.136	16.309	415.42	415.34
10:16:18	16.297	15.992	16.689	17.575	16.137	16.308	415.42	415.34
10:17:18	16.297	15.993	16.693	17.576	16.137	16.309	415.42	415.34
10:18:18	16.297	15.994	16.696	17.578	16.138	16.309	415.42	415.34
10:19:18	16.298	15.996	16.695	17.576	16.139	16.309	415.42	415.34
10:20:18	16.3	15.998	16.693	17.58	16.141	16.31	415.42	415.34
10:21:18	16.3	16.0	16.688	17.581	16.139	16.309	415.42	415.34
10:22:18	16.301	16.001	16.692	17.579	16.141	16.311	415.42	415.34
10:23:18	16.302	16.004	16.697	17.582	16.141	16.31	415.42	415.34
10:24:18	16.303	16.005	16.696	17.584	16.142	16.31	415.42	415.34
10:25:18	16.304	16.007	16.702	17.586	16.143	16.311	415.42	415.34
10:26:18	16.305	16.007	16.699	17.589	16.143	16.312	415.42	415.34
10:27:18	16.306	16.01	16.697	17.584	16.146	16.313	415.42	415.34
10:28:18	16.307	16.011	16.709	17.585	16.145	16.311	415.42	415.34
10:29:18	16.309	16.014	16.698	17.585	16.146	16.312	415.42	415.34
10:30:18	16.309	16.015	16.696	17.59	16.148	16.312	415.42	415.34
10:31:18	16.309	16.016	16.696	17.588	16.148	16.313	415.42	415.34
10:32:19	16.311	16.019	16.706	17.593	16.149	16.313	415.42	415.34
10:33:18	16.311	16.02	16.706	17.596	16.151	16.314	415.42	415.34
10:34:18	16.313	16.022	16.7	17.596	16.15	16.315	415.42	415.34
10:35:18	16.314	16.023	16.702	17.6	16.15	16.314	415.42	415.34
10:36:18	16.315	16.024	16.702	17.596	16.153	16.316	415.42	415.34
10:37:18	16.315	16.027	16.703	17.596	16.152	16.313	415.42	415.34
10:38:18	16.316	16.029	16.7	17.598	16.152	16.315	415.42	415.34
10:39:18	16.317	16.029	16.71	17.599	16.153	16.316	415.42	415.34
10:40:18	16.318	16.03	16.715	17.599	16.153	16.315	415.42	415.34
10:41:18	16.319	16.033	16.714	17.601	16.155	16.315	415.42	415.34
10:42:18	16.32	16.034	16.717	17.596	16.155	16.316	415.42	415.34
10:43:18	16.32	16.036	16.72	17.603	16.155	16.315	415.42	415.34
10:44:18	16.322	16.037	16.725	17.601	16.157	16.315	415.42	415.34
10:45:18	16.324	16.039	16.718	17.6	16.157	16.317	415.42	415.34
10:46:18	16.324	16.04	16.711	17.605	16.159	16.317	415.42	415.34
10:47:18	16.324	16.043	16.72	17.607	16.159	16.318	415.42	415.34
10:48:18	16.325	16.043	16.723	17.608	16.159	16.316	415.42	415.34
10:49:18	16.327	16.046	16.711	17.605	16.161	16.317	415.42	415.34
10:50:18	16.328	16.047	16.717	17.608	16.16	16.318	415.42	415.34
10:51:18	16.328	16.048	16.72	17.61	16.16	16.319	415.42	415.34
10:52:18	16.328	16.049	16.721	17.609	16.164	16.318	415.42	415.34
10:53:18	16.328	16.051	16.729	17.613	16.161	16.319	415.42	415.34
10:54:19	16.331	16.053	16.736	17.614	16.164	16.319	415.42	415.34
10:55:18	0.0	16.054	16.741	17.615	16.164	16.32	415.42	415.34
10:56:18	16.333	16.055	16.737	17.612	16.165	16.32	415.42	415.34
10:57:18	16.334	16.058	16.74	17.616	16.165	16.319	415.42	415.34
10:58:18	16.335	16.059	16.74	17.617	16.166	16.32	415.42	415.34
10:59:18	16.335	16.061	16.74	17.618	16.169	16.321	415.42	415.34
11:00:18	16.337	16.063	16.746	17.616	16.168	16.321	415.42	415.34
11:01:18	16.337	16.064	16.74	17.621	16.167	16.322	415.42	415.34
11:02:18	16.339	16.066	16.725	17.617	16.169	16.32	415.42	415.34
11:03:18	16.34	16.069	16.729	17.619	16.17	16.322	415.42	415.34
11:04:18	16.339	16.07	16.737	17.619	16.17	16.321	415.42	415.34
11:05:18	16.341	16.073	16.737	17.62	16.171	16.323	415.42	415.34
11:06:18	16.341	16.073	16.739	17.62	16.172	16.323	415.42	415.34
11:07:18	16.343	16.075	16.741	17.617	16.174	16.323	415.42	415.34
11:08:18	16.344	16.077	16.747	17.617	16.173	16.324	415.42	415.34
11:09:18	16.344	16.078	16.754	17.617	16.172	16.324	415.42	415.34
11:10:18	16.345	16.08	16.759	17.617	16.174	16.324	415.42	415.34
11:11:19	16.348	16.081	16.754	17.613	16.174	16.322	415.42	415.34
11:12:18	0.0	16.082	16.743	17.617	16.175	16.325	415.42	415.34
11:13:18	16.35	16.084	16.739	17.615	16.176	16.325	415.42	415.34
11:14:18	16.35	16.085	16.747	17.614	16.176	16.325	415.42	415.34
11:15:18	16.35	16.087	16.757	17.615	16.177	16.326	415.42	415.34
11:16:18	16.351	16.089	16.757	17.618	16.178	16.327	415.42	415.34
11:17:18	16.352	16.091	16.756	17.619	16.179	16.326	415.42	415.34
11:18:18	16.354	16.092	16.751	17.618	16.18	16.328	415.42	415.34
11:19:18	16.355	16.094	16.745	17.619	16.181	16.327	415.42	415.34
11:20:18	16.355	16.096	16.749	17.621	16.181	16.327	415.42	415.34
11:21:18	16.356	16.097	16.753	17.618	16.182	16.329	415.42	415.34
11:22:18	16.357	16.099	16.759	17.619	16.182	16.329	415.42	415.34
11:23:19	16.356	16.101	16.758	17.625	16.183	16.328	415.42	415.34
11:24:18	0.0	16.102	16.748	17.621	16.185	16.329	415.42	415.34
11:25:18	16.359	16.104	16.755	17.626	16.184	16.329	415.42	415.34
11:26:18	16.361	16.106	16.752	17.628	16.184	16.329	415.42	415.34
11:27:18	16.362	16.107	16.757	17.625	16.186	16.33	415.42	415.34
11:28:18	16.363	16.109	16.766	17.625	16.187	16.33	415.42	415.34
11:29:18	16.363	16.11	16.768	17.623	16.186	16.331	415.42	415.34
11:30:18	16.364	16.112	16.763	17.622	16.187	16.331	415.42	415.34
11:31:18	16.366	16.115	16.762	17.623	16.189	16.332	415.42	415.34
11:32:18	16.366	16.114	16.757	17.627	16.19	16.333	415.42	415.34
11:33:18	16.367	16.117	16.759	17.626	16.191	16.331	415.42	415.34
11:34:18	16.368	16.119	16.761	17.625	16.191	16.332	415.42	415.34
11:35:18	16.37	16.12	16.762	17.62	16.191	16.333	415.42	415.34
11:36:18	16.371	16.121	16.764	17.62	16.192	16.334	415.42	415.34
11:37:18	16.37	16.123	16.766	17.621	16.192	16.333	415.42	415.34
11:38:18	16.371	16.125	16.76	17.624	16.193	16.331	415.42	415.34
11:39:18	16.373	16.125	16.765	17.623	16.193	16.333	415.42	415.34
11:40:18	16.374	16.127	16.769	17.618	16.193	16.333	415.42	415.34
11:41:18	16.374	16.127	16.777	17.62	16.194	16.333	415.42	415.34
11:42:18	16.375	16.129	16.769	17.621	16.194	16.333	415.42	415.34
11:43:18	16.376	16.13	16.769	17.62	16.193	16.333	415.42	415.34
11:44:18	16.378	16.132	16.77	17.621	16.194	16.333	415.42	415.34
11:45:18	16.378	16.133	16.77	17.619	16.193	16.332	415.42	415.34
11:46:18	16.379	16.134	16.779	17.62	16.196	16.333	415.42	415.34
11:47:18	16.38	16.136	16.771	17.614	16.195	16.333	415.42	415.34
11:48:18	16.381	16.136	16.773	17.614	16.196	16.334	415.42	415.34
11:49:18	16.382	16.138	16.77	17.615	16.196	16.334	415.42	415.34
11:50:18	16.383	16.139	16.774	17.614	16.197	16.335	415.42	415.34
11:51:18	16.384	16.141	16.776	17.616	16.197	16.335	415.42	415.34
11:52:18	16.383	16.142	16.774	17.615	16.198	16.335	415.42	415.34
11:53:20	16.386	16.144	16.765	17.616	16.199	16.336	415.42	415.34
11:54:18	16.386	16.145	16.77	17.619	16.198	16.335	415.42	415.34
11:55:19	16.387	16.146	16.773	17.612	16.2	16.337	415.42	415.34
11:56:18	16.388	16.148	16.784	17.614	16.199	16.335	415.42	415.34
11:57:18	16.389	16.149	16.786	17.611	16.199	16.336	415.42	415.34
11:58:18	16.39	16.151	16.776	17.618	16.201	16.336	415.42	415.34
11:59:18	16.391	16.153	16.779	17.614	16.201	16.336	415.42	415.34
12:00:18	16.391	16.153	16.77	17.611	16.201	16.337	415.42	415.34
12:01:18	16.393	16.156	16.769	17.611	16.202	16.338	415.42	415.34
12:02:18	16.394	16.158	16.772	17.61	16.202	16.337	415.42	415.34
12:03:18	16.394	16.157	16.773	17.613	16.202	16.337	415.42	415.34
12:04:18	16.395	16.159	16.78	17.611	16.203	16.337	415.42	415.34
12:05:18	16.396	16.161	16.776	17.61	16.204	16.337	415.42	415.34
12:06:18	16.398	16.162	16.769	17.611	16.205	16.338	415.42	415.34
12:07:18	16.399	16.164	16.764	17.615	16.205	16.338	415.42	415.34
12:08:18	16.399	16.164	16.777	17.614	16.205	16.339	415.42	415.34
12:09:18	16.4	16.167	16.781	17.612	16.205	16.339	415.42	415.34
12:10:18	16.402	16.167	16.772	17.613	16.206	16.339	415.42	415.34
12:11:18	16.401	16.17	16.767	17.613	16.207	16.34	415.42	415.34
12:12:18	16.403	16.17	16.77	17.612	16.207	16.34	415.42	415.34
12:13:18	16.403	16.171	16.766	17.614	16.207	16.34	415.42	415.34
12:14:18	16.404	16.173	16.779	17.612	16.207	16.34	415.42	415.34
12:15:18	16.405	16.174	16.777	17.615	16.209	16.34	415.42	415.34
12:16:18	16.407	16.175	16.772	17.612	16.209	16.34	415.42	415.34
12:17:18	16.407	16.177	16.776	17.611	16.21	16.341	415.42	415.34
12:18:18	16.409	16.178	16.776	17.613	16.209	16.34	415.42	415.34
12:19:18	16.408	16.18	16.772	17.612	16.211	16.341	415.42	415.34
12:20:18	16.41	16.18	16.78	17.613	16.21	16.341	415.42	415.34
12:21:18	16.41	16.182	16.78	17.612	16.21	16.342	415.42	415.34
12:22:18	16.411	16.183	16.779	17.616	16.211	16.342	415.42	415.34
12:23:18	16.412	16.184	16.775	17.612	16.211	16.341	415.42	415.34
12:24:18	16.413	16.185	16.78	17.616	16.211	16.342	415.42	415.34
12:25:18	16.414	16.186	16.78	17.614	16.21	16.343	415.42	415.34
12:26:18	16.416	16.188	16.775	17.614	16.213	16.341	415.42	415.34
12:27:18	16.416	16.189	16.774	17.615	16.212	16.342	415.42	415.34
12:28:18	16.417	16.19	16.77	17.614	16.214	16.343	415.42	415.34
12:29:18	16.417	16.191	16.78	17.616	16.214	16.343	415.42	415.34
12:30:18	16.418	16.194	16.777	17.615	16.214	16.342	415.42	415.34
12:31:18	16.42	16.195	16.779	17.615	16.214	16.342	415.42	415.34
12:32:19	16.421	16.197	16.78	17.618	16.215	16.345	415.42	415.34
12:33:18	16.42	16.198	16.781	17.615	16.215	16.343	415.42	415.34
12:34:18	16.422	16.199	16.783	17.613	16.216	16.345	415.42	415.34
12:35:18	16.422	16.2	16.785	17.617	16.216	16.344	415.42	415.34
12:36:18	16.424	16.202	16.786	17.614	16.216	16.346	415.42	415.34
12:37:18	16.424	16.202	16.783	17.617	16.218	16.345	415.42	415.34
12:38:18	16.426	16.205	16.787	17.62	0.0	16.345	415.42	415.34
12:39:18	16.427	16.205	16.789	17.621	16.217	16.345	415.42	415.34
12:40:18	16.428	16.207	16.78	17.619	16.219	16.345	415.42	415.34
12:41:18	16.429	16.208	16.782	17.616	16.219	16.345	415.42	415.34
12:42:18	16.429	16.209	16.787	17.621	16.219	16.346	415.42	415.34
12:43:18	16.429	16.211	16.77	17.617	16.22	16.346	415.42	415.34
12:44:18	16.43	16.21	16.781	17.619	16.221	16.346	415.42	415.34
12:45:18	16.431	16.212	16.783	17.616	16.22	16.346	415.42	415.34
12:46:18	16.432	16.213	16.778	17.611	16.221	16.347	415.42	415.34
12:47:18	16.432	16.215	16.776	17.618	16.222	16.348	415.42	415.34
12:48:18	16.434	16.216	16.78	17.615	16.221	16.348	415.42	415.34
12:49:18	16.435	16.216	16.784	17.62	16.221	16.347	415.42	415.34
12:50:18	16.435	16.217	16.782	17.617	16.222	16.347	415.42	415.34
12:51:18	16.436	16.219	16.795	17.62	16.223	16.348	415.42	415.34
12:52:18	16.437	16.22	16.8	17.621	16.222	16.348	415.42	415.34
12:53:18	16.437	16.221	16.791	17.624	16.223	16.349	415.42	415.34
12:54:18	16.439	16.223	16.782	17.623	16.224	16.349	415.42	415.34
12:55:18	16.44	16.224	16.783	17.619	16.224	16.349	415.42	415.34
12:56:18	16.44	16.225	16.783	17.622	16.224	16.349	415.42	415.34
12:57:18	16.442	16.227	16.777	17.621	16.225	16.35	415.42	415.34
12:58:18	16.442	16.229	16.778	17.623	16.226	16.349	415.42	415.34
12:59:18	16.443	16.228	16.782	17.626	16.226	16.35	415.42	415.34
13:00:18	16.444	16.229	16.788	17.623	16.226	16.35	415.42	415.34
13:01:18	16.444	16.23	16.787	17.622	16.227	16.351	415.42	415.34
13:02:18	16.445	16.232	16.794	17.623	16.227	16.35	415.42	415.34
13:03:18	16.447	16.233	16.794	17.624	16.227	16.35	415.42	415.34
13:04:18	16.447	16.234	16.786	17.62	16.227	16.351	415.42	415.34
13:05:18	16.447	16.235	16.784	17.624	16.229	16.351	415.42	415.34
13:06:18	16.449	16.235	16.789	17.623	16.226	16.351	415.42	415.34
13:07:18	16.45	16.237	16.788	17.627	16.227	16.351	415.42	415.34
13:08:18	16.45	16.238	16.79	17.628	16.227	16.352	415.42	415.34
13:09:18	16.451	16.239	16.793	17.628	16.229	16.35	415.42	415.34
13:10:20	16.451	16.24	16.794	17.623	16.229	16.352	415.42	415.34
13:11:18	16.453	16.24	16.797	17.624	16.229	16.352	415.42	415.34
13:12:18	16.453	16.241	16.797	17.624	16.229	16.35	415.42	415.34
13:13:18	16.455	16.243	16.794	17.628	16.228	16.351	415.42	415.34
13:14:19	16.456	16.243	16.796	17.628	16.23	16.352	415.42	415.34
13:15:18	16.456	16.245	16.787	17.63	16.23	16.352	415.42	415.34
13:16:18	16.456	16.246	16.791	17.63	16.231	16.351	415.42	415.34
13:17:18	16.457	16.247	16.79	17.633	16.232	16.353	415.42	415.34
13:18:18	16.458	16.249	16.792	17.63	16.231	16.354	415.42	415.34
13:19:18	16.459	16.251	16.801	17.631	16.232	16.354	415.42	415.34
13:20:18	16.46	16.252	16.805	17.633	16.233	16.355	415.42	415.34
13:21:18	16.461	16.253	16.804	17.631	16.234	16.356	415.42	415.34
13:22:18	16.463	16.254	16.802	17.634	16.233	16.354	415.42	415.34
13:23:18	16.462	16.255	16.807	17.634	16.233	16.355	415.42	415.34
13:24:18	16.463	16.256	16.799	17.631	16.235	16.355	415.42	415.34
13:25:18	16.464	16.257	16.81	17.634	16.234	16.355	415.42	415.34
13:26:18	16.464	16.257	16.807	17.629	16.235	16.355	415.42	415.34
13:27:18	16.466	16.259	16.818	17.631	16.235	16.355	415.42	415.34
13:28:18	16.466	16.259	16.806	17.633	16.235	16.355	415.42	415.34
13:29:18	16.467	16.261	16.805	17.632	16.236	16.356	415.42	415.34
13:30:18	16.468	16.261	16.807	17.635	16.235	16.356	415.42	415.34
13:31:18	16.469	16.263	16.81	17.64	16.236	16.354	415.42	415.34
13:32:18	16.469	16.263	16.806	17.638	16.235	16.355	415.42	415.34
13:33:18	16.47	16.265	16.803	17.636	16.237	16.358	415.42	415.34
13:34:18	16.47	16.265	16.813	17.635	16.237	16.358	415.42	415.34
13:35:18	16.471	16.266	16.803	17.634	16.237	16.356	415.42	415.34
13:36:19	16.472	16.267	16.802	17.638	16.237	16.356	415.42	415.34
13:37:18	16.473	16.269	16.796	17.639	16.237	16.356	415.42	415.34
13:38:18	16.474	16.27	16.803	17.639	16.238	16.358	415.42	415.34
13:39:18	16.475	16.269	16.804	17.638	16.238	16.356	415.42	415.34
13:40:18	16.475	16.271	16.807	17.636	16.239	16.355	415.42	415.34
13:41:18	16.477	16.272	16.814	17.635	16.239	16.358	415.42	415.34
13:42:18	16.477	16.272	16.807	17.637	16.239	16.358	415.42	415.34
13:43:18	16.479	16.275	16.808	17.639	16.239	16.358	415.42	415.34
13:44:18	16.48	16.274	16.804	17.637	16.239	16.358	415.42	415.34
13:45:18	16.48	16.275	16.803	17.639	16.24	16.358	415.42	415.34
13:46:18	16.48	16.276	16.797	17.643	16.239	16.358	415.42	415.34
13:47:18	16.481	16.277	16.8	17.638	16.24	16.357	415.42	415.34
13:48:18	16.482	16.278	16.811	17.64	16.241	16.358	415.42	415.34
13:49:18	16.482	16.277	16.816	17.642	16.239	16.358	415.42	415.34
13:50:18	16.482	16.279	16.812	17.643	16.24	16.356	415.42	415.34
13:51:18	16.484	16.279	16.808	17.643	16.24	16.358	415.42	415.34
13:52:18	16.485	16.28	16.803	17.642	16.239	16.357	415.42	415.34
13:53:18	16.485	16.28	16.798	17.645	16.241	16.358	415.42	415.34
13:54:18	16.485	16.281	16.806	17.645	16.24	16.358	415.42	415.34
13:55:18	16.486	16.282	16.807	17.642	16.24	16.358	415.42	415.34
13:56:18	16.487	16.283	16.814	17.644	16.239	16.358	415.42	415.34
13:57:18	16.487	16.285	16.812	17.643	16.24	16.359	415.42	415.34
13:58:18	16.489	16.285	16.816	17.642	16.239	16.36	415.42	415.34
13:59:18	16.49	16.285	16.811	17.643	16.24	16.361	415.42	415.34
14:00:18	16.49	16.287	16.807	17.648	16.241	16.358	415.42	415.34
14:01:18	16.491	16.288	16.818	17.648	16.241	16.359	415.42	415.34
14:02:18	16.492	16.289	16.813	17.647	16.244	16.358	415.42	415.34
14:03:18	16.493	16.291	16.811	17.648	16.242	16.36	415.42	415.34
14:04:18	16.493	16.291	16.811	17.646	16.242	16.359	415.42	415.34
14:05:18	16.493	16.291	16.813	17.648	16.243	16.36	415.42	415.34
14:06:18	16.495	16.293	16.813	17.646	16.242	16.362	415.42	415.34
14:07:18	16.495	16.294	16.818	17.651	16.244	16.363	415.42	415.34
14:08:18	16.496	16.295	16.82	17.654	16.244	16.36	415.42	415.34
14:09:18	16.497	16.294	16.825	17.65	16.244	16.362	415.42	415.34
14:10:18	16.497	16.296	16.818	17.649	16.244	16.364	415.42	415.34
14:11:18	16.497	16.296	16.822	17.647	16.242	16.36	415.42	415.34
14:12:19	16.498	16.298	16.821	17.65	16.243	16.361	415.42	415.34
14:13:18	0.0	16.298	16.815	17.648	16.244	16.36	415.42	415.34
14:14:18	16.5	16.3	16.819	17.639	16.244	16.362	415.42	415.34
14:15:18	16.501	16.3	16.822	17.64	16.245	16.362	415.42	415.34
14:16:18	16.501	16.301	16.819	17.646	16.244	16.362	415.42	415.34
14:17:18	16.501	16.302	16.822	17.648	16.245	16.364	415.42	415.34
14:18:18	16.502	16.304	16.818	17.651	16.246	16.364	415.42	415.34
14:19:18	16.503	16.303	16.818	17.655	16.246	16.364	415.42	415.34
14:20:18	16.504	16.304	16.819	17.653	16.246	16.363	415.42	415.34
14:21:18	16.505	16.306	16.831	17.658	16.246	16.364	415.42	415.34
14:22:18	16.505	16.306	16.835	17.665	16.245	16.365	415.42	415.34
14:23:18	16.507	16.307	16.832	17.667	16.246	16.363	415.42	415.34
14:24:18	16.509	16.307	16.822	17.663	16.247	16.364	415.42	415.34
14:25:18	16.508	16.308	16.825	17.66	16.247	16.364	415.42	415.34
14:26:18	16.509	16.309	16.833	17.658	16.247	16.364	415.42	415.34
14:27:18	16.509	16.309	16.838	17.662	16.247	16.366	415.42	415.34
14:28:18	16.509	16.311	16.832	17.664	16.249	16.364	415.42	415.34
14:29:18	16.511	16.312	16.837	17.668	16.248	16.366	415.42	415.34
14:30:18	16.511	16.313	16.838	17.667	16.248	16.365	415.42	415.34
14:31:18	16.511	16.314	16.835	17.667	16.248	16.365	415.42	415.34
14:32:18	16.513	16.315	16.837	17.668	16.248	16.364	415.42	415.34
14:33:18	16.513	16.316	16.83	17.669	16.248	16.366	415.42	415.34
14:34:18	16.515	16.315	16.827	17.665	16.249	16.366	415.42	415.34
14:35:18	16.514	16.317	16.832	17.666	16.249	16.366	415.42	415.34
14:36:18	16.515	16.316	16.843	17.666	16.248	16.364	415.42	415.34
14:37:18	16.516	16.317	16.845	17.671	16.247	16.365	415.42	415.34
14:38:18	16.516	16.319	16.843	17.674	16.247	16.366	415.42	415.34
14:39:18	16.516	16.319	16.836	17.67	16.249	16.364	415.42	415.34
14:40:18	16.518	16.32	16.844	17.67	16.249	16.368	415.42	415.34
14:41:18	16.518	16.321	16.847	17.672	16.25	16.367	415.42	415.34
14:42:18	16.519	16.322	16.853	17.686	16.249	16.366	415.42	415.34
14:43:18	16.52	16.323	16.846	17.7	16.25	16.367	415.42	415.34
14:44:18	16.521	16.324	16.866	17.712	16.251	16.367	415.42	415.34
14:45:18	16.522	16.325	16.865	17.713	16.251	16.368	415.42	415.34
14:46:18	16.521	16.326	16.862	17.704	16.253	16.369	415.42	415.34
14:47:18	16.522	16.328	16.799	17.096	16.252	16.37	415.42	415.34
14:48:18	16.524	16.329	16.673	16.517	16.252	16.369	415.42	415.34
14:49:18	16.525	16.329	16.518	16.112	16.252	16.37	415.42	415.34
14:50:18	16.525	16.331	16.428	15.936	16.254	16.369	415.42	415.34
14:51:18	16.526	16.331	16.348	15.89	16.254	16.368	415.42	415.34
14:52:18	16.526	16.332	16.307	15.891	16.253	16.368	415.42	415.34
14:53:18	16.527	16.332	16.246	15.873	16.254	16.37	415.42	415.34
14:54:18	16.526	16.333	16.186	15.818	16.254	16.369	415.42	415.34
14:55:18	16.528	16.334	16.128	15.659	16.255	16.37	415.42	415.34
14:56:18	16.529	16.335	16.08	15.565	16.253	16.37	415.42	415.34
14:57:18	16.53	16.334	16.004	15.459	16.254	16.369	415.42	415.34
14:58:18	16.53	16.336	15.964	15.366	16.254	16.367	415.42	415.34
14:59:19	16.53	16.336	15.939	15.381	16.254	16.369	415.42	415.34
15:00:18	16.53	16.336	15.876	15.533	16.254	16.369	415.42	415.34
15:01:19	16.532	16.337	15.83	15.729	16.253	16.367	415.42	415.34
15:02:18	0.0	16.338	15.823	15.908	16.254	16.368	415.42	415.34
15:03:18	16.534	16.338	15.807	16.039	16.255	16.367	415.42	415.34
15:04:18	16.534	16.339	15.768	16.145	16.255	16.368	415.42	415.34
15:05:18	16.535	16.34	15.763	16.202	16.254	16.368	415.42	415.34
15:06:18	16.535	16.341	15.767	16.231	16.254	16.369	415.42	415.34
15:07:18	16.536	16.341	15.792	16.306	16.254	16.368	415.42	415.34
15:08:18	16.536	16.343	15.846	16.418	16.255	16.37	415.42	415.34
15:09:18	16.537	16.344	15.895	16.528	16.256	16.37	415.42	415.34
15:10:18	16.538	16.343	15.934	16.614	16.255	16.368	415.42	415.34
15:11:18	16.539	16.344	15.965	16.683	16.256	16.369	415.42	415.34
15:12:18	16.539	16.345	15.986	16.742	16.255	16.369	415.42	415.34
15:13:18	16.539	16.344	16.0	16.781	16.254	16.368	415.42	415.34
15:14:18	16.539	16.344	16.002	16.799	16.255	16.37	415.42	415.34
15:15:18	16.54	16.346	16.017	16.852	16.255	16.37	415.42	415.34
15:16:18	16.54	16.345	16.042	16.911	16.256	16.37	415.42	415.34
15:17:18	16.54	16.346	16.064	16.974	16.255	16.371	415.42	415.34
15:18:18	16.541	16.347	16.091	17.04	16.256	16.37	415.42	415.34
15:19:18	16.541	16.346	16.117	17.092	16.255	16.372	415.42	415.34
15:20:18	16.541	16.347	16.15	17.174	16.256	16.373	415.42	415.34
15:21:18	16.543	16.347	16.175	17.386	16.256	16.371	415.42	415.34
15:22:18	16.543	16.346	16.214	17.686	16.256	16.371	415.42	415.34
15:23:18	16.543	16.346	16.246	17.804	16.255	16.371	415.42	415.34
15:24:18	16.543	16.347	16.288	17.79	16.256	16.373	415.42	415.34
15:25:18	16.543	16.347	16.325	17.733	16.255	16.372	415.42	415.34
15:26:18	16.544	16.346	16.337	17.473	16.255	16.372	415.42	415.34
15:27:18	16.544	16.347	16.321	17.218	16.255	16.371	415.42	415.34
15:28:18	16.544	16.347	16.297	17.099	16.256	16.372	415.42	415.34
15:29:18	16.544	16.346	16.283	16.686	16.255	16.372	415.42	415.34
15:30:18	16.545	16.346	16.206	16.169	16.255	16.373	415.42	415.34
15:31:18	16.543	16.345	16.144	15.867	16.253	16.372	415.42	415.34
15:32:18	16.544	16.344	16.118	15.96	16.254	16.372	415.42	415.34
15:33:18	16.545	16.344	16.127	16.211	16.252	16.372	415.42	415.34
15:34:18	16.544	16.344	16.145	16.48	16.253	16.372	415.42	415.34
15:35:18	16.545	16.342	16.185	16.71	16.252	16.371	415.42	415.34
15:36:19	16.544	16.342	16.219	16.859	16.251	16.372	415.42	415.34
15:37:18	0.0	16.341	16.26	17.031	16.251	16.373	415.42	415.34
15:38:19	16.546	16.34	16.28	17.174	16.25	16.372	415.42	415.34
15:39:18	0.0	16.34	16.306	17.156	16.249	16.371	415.42	415.34
15:40:19	16.546	16.338	16.326	17.138	16.247	16.371	415.42	415.34
15:41:18	0.0	16.338	16.32	17.203	16.247	16.37	415.42	415.34
15:42:19	16.545	16.335	16.319	17.097	16.247	16.37	415.42	415.34
15:43:18	16.545	16.334	16.312	16.912	16.244	16.371	415.42	415.34
15:44:18	16.545	16.333	16.302	16.82	16.245	16.37	415.42	415.34
15:45:18	16.545	16.333	16.286	16.759	16.244	16.371	415.42	415.34
15:46:18	16.545	16.332	16.272	16.7	16.243	16.371	415.42	415.34
15:47:18	16.545	16.331	16.253	16.618	16.242	16.369	415.42	415.34
15:48:18	16.545	16.33	16.216	16.511	16.241	16.369	415.42	415.34
15:49:20	16.545	16.328	16.161	16.322	16.239	16.37	415.42	415.34
15:50:18	16.545	16.327	16.11	16.136	16.24	16.37	415.42	415.34
15:51:18	16.546	16.327	16.055	16.019	16.239	16.369	415.42	415.34
15:52:18	16.545	16.325	16.006	16.011	16.24	16.369	415.42	415.34
15:53:18	16.545	16.325	15.984	16.008	16.237	16.369	415.42	415.34
15:54:18	16.545	16.323	15.964	16.014	16.238	16.369	415.42	415.34
15:55:18	16.545	16.322	15.932	15.983	16.236	16.369	415.42	415.34
15:56:18	16.545	16.322	15.901	15.953	16.236	16.369	415.42	415.34
15:57:18	16.546	16.32	15.873	15.939	16.234	16.367	415.42	415.34
15:58:18	16.546	16.319	15.865	15.979	16.234	16.368	415.42	415.34
15:59:18	16.545	16.319	15.849	15.806	16.234	16.369	415.42	415.34
16:00:18	16.545	16.318	15.772	15.554	16.232	16.367	415.42	415.34
16:01:18	16.545	16.317	15.729	15.485	16.232	16.367	415.42	415.34
16:02:18	16.545	16.316	15.676	15.456	16.231	16.367	415.42	415.34
16:03:18	16.544	16.315	15.665	15.527	16.231	16.367	415.42	415.34
16:04:18	16.545	16.313	15.638	15.687	16.229	16.366	415.42	415.34
16:05:18	16.545	16.313	15.651	15.903	16.228	16.366	415.42	415.34
16:06:18	16.544	16.312	15.66	16.076	16.227	16.367	415.42	415.34
16:07:18	16.543	16.31	15.664	16.204	16.225	16.365	415.42	415.34
16:08:18	16.546	16.31	15.683	16.301	16.226	16.366	415.42	415.34
16:09:18	16.545	16.309	15.709	16.379	16.225	16.366	415.42	415.34
16:10:18	16.544	16.307	15.747	16.456	16.226	16.366	415.42	415.34
16:11:18	16.545	16.307	15.811	16.531	16.223	16.364	415.42	415.34
16:12:18	16.545	16.306	15.84	16.602	16.223	16.365	415.42	415.34
16:13:18	16.544	16.305	15.858	16.715	16.224	16.365	415.42	415.34
16:14:18	16.544	16.304	15.888	16.841	16.223	16.366	415.42	415.34
16:15:18	16.545	16.304	15.93	16.93	16.222	16.365	415.42	415.34
16:16:18	16.544	16.302	15.95	16.904	16.219	16.364	415.42	415.34
16:17:18	16.543	16.3	15.946	16.5	16.218	16.363	415.42	415.34
16:18:18	16.544	16.3	15.877	16.17	16.218	16.365	415.42	415.34
16:19:18	16.543	16.298	15.83	15.941	16.218	16.363	415.42	415.34
16:20:18	16.543	16.297	15.788	15.756	16.216	16.364	415.42	415.34
16:21:18	16.543	16.297	15.717	15.543	16.217	16.364	415.42	415.34
16:22:18	16.543	16.296	15.658	15.435	16.216	16.363	415.42	415.34
16:23:20	16.543	16.294	15.616	15.412	16.216	16.365	415.42	415.34
16:24:18	16.543	16.294	15.592	15.379	16.214	16.362	415.42	415.34
16:25:18	16.542	16.293	15.561	15.345	16.214	16.362	415.42	415.34
16:26:18	16.542	16.291	15.541	15.41	16.211	16.362	415.42	415.34
16:27:20	16.542	16.29	15.523	15.438	16.212	16.361	415.42	415.34
16:28:18	16.54	16.288	15.502	15.538	16.209	16.362	415.42	415.34
16:29:18	16.541	16.287	15.509	15.701	16.209	16.361	415.42	415.34
16:30:18	16.541	16.285	15.527	15.896	16.208	16.363	415.42	415.34
16:31:18	16.541	16.284	15.531	16.069	16.209	16.361	415.42	415.34
16:32:18	16.54	16.282	15.534	16.17	16.209	16.361	415.42	415.34
16:33:18	16.539	16.281	15.558	16.244	16.207	16.36	415.42	415.34
16:34:18	16.539	16.28	15.58	16.311	16.205	16.359	415.42	415.34
16:35:18	16.539	16.28	15.623	16.423	16.205	16.359	415.42	415.34
16:36:18	16.54	16.279	15.675	16.565	16.204	16.361	415.42	415.34
16:37:18	16.538	16.277	15.726	16.706	16.205	16.36	415.42	415.34
16:38:18	16.539	16.278	15.79	16.797	16.203	16.359	415.42	415.34
16:39:18	16.539	16.276	15.826	16.869	16.2	16.359	415.42	415.34
16:40:18	16.538	16.275	15.88	16.912	16.202	16.359	415.42	415.34
16:41:18	16.537	16.273	15.896	16.961	16.202	16.359	415.42	415.34
16:42:18	16.537	16.273	15.894	17.027	16.2	16.359	415.42	415.34
16:43:18	16.536	16.271	15.922	17.1	16.198	16.359	415.42	415.34
16:44:18	16.535	16.269	15.939	17.21	16.198	16.357	415.42	415.34
16:45:18	16.535	16.268	15.97	17.437	16.197	16.358	415.42	415.34
16:46:18	16.534	16.267	16.024	17.633	16.197	16.359	415.42	415.34
16:47:18	16.535	16.265	16.05	17.79	16.194	16.357	415.42	415.34
16:48:18	16.534	16.262	16.108	17.824	16.194	16.358	415.42	415.34
16:49:18	16.532	16.26	16.128	17.78	16.194	16.358	415.42	415.34
16:50:18	16.533	16.259	16.157	17.518	16.191	16.356	415.42	415.34
16:51:18	16.531	16.258	16.151	17.277	16.19	16.356	415.42	415.34
16:52:18	16.532	16.255	16.131	17.102	16.19	16.357	415.42	415.34
16:53:18	16.53	16.254	16.125	17.058	16.186	16.355	415.42	415.34
16:54:18	16.531	16.253	16.119	16.725	16.186	16.355	415.42	415.34
16:55:18	16.53	16.251	16.072	16.328	16.185	16.353	415.42	415.34
16:56:18	16.529	16.25	16.036	16.137	16.184	16.355	415.42	415.34
16:57:18	16.529	16.246	16.01	16.116	16.182	16.354	415.42	415.34
16:58:18	16.528	16.244	15.99	16.139	16.182	16.354	415.42	415.34
16:59:19	16.528	16.244	15.982	16.107	16.181	16.354	415.42	415.34
17:00:18	16.527	16.242	15.954	16.071	16.18	16.354	415.42	415.34
17:01:18	16.526	16.241	15.896	15.996	16.179	16.355	415.42	415.34
17:02:18	16.526	16.24	15.859	15.935	16.178	16.354	415.42	415.34
17:03:19	16.526	16.239	15.819	15.92	16.175	16.352	415.42	415.34
17:04:18	0.0	16.236	15.795	15.895	16.173	16.353	415.42	415.34
17:05:18	16.524	16.235	15.761	15.809	16.172	16.352	415.42	415.34
17:06:18	16.524	16.233	15.719	15.668	16.171	16.35	415.42	415.34
17:07:18	16.522	16.23	15.671	15.676	16.17	16.349	415.42	415.34
17:08:19	16.522	16.228	15.654	15.655	16.168	16.348	415.42	415.34
17:09:18	0.0	16.227	15.648	15.613	16.169	16.348	415.42	415.34
17:10:18	16.522	16.225	15.621	15.734	16.167	16.349	415.42	415.34
17:11:18	16.52	16.223	15.618	15.989	16.167	16.348	415.42	415.34
17:12:18	16.521	16.222	15.628	16.172	16.166	16.347	415.42	415.34
17:13:18	16.52	16.221	15.646	16.28	16.165	16.349	415.42	415.34
17:14:18	16.519	16.219	15.667	16.362	16.165	16.348	415.42	415.34
17:15:18	16.518	16.219	15.649	16.376	16.162	16.346	415.42	415.34
17:16:18	16.519	16.216	15.647	16.155	16.164	16.347	415.42	415.34
17:17:18	16.517	16.216	15.624	15.921	16.162	16.347	415.42	415.34
17:18:18	16.518	16.214	15.6	15.789	16.162	16.348	415.42	415.34
17:19:18	16.517	16.213	15.555	15.719	16.16	16.347	415.42	415.34
17:20:18	16.516	16.212	15.527	15.709	16.159	16.346	415.42	415.34
17:21:18	16.515	16.21	15.527	15.871	16.157	16.345	415.42	415.34
17:22:18	16.514	16.208	15.533	16.076	16.158	16.345	415.42	415.34
17:23:18	16.515	16.206	15.54	16.173	16.157	16.346	415.42	415.34
17:24:18	16.514	16.206	15.555	16.235	16.156	16.346	415.42	415.34
17:25:18	16.514	16.205	15.569	16.295	16.157	16.345	415.42	415.34
17:26:18	16.513	16.204	15.586	16.344	16.155	16.344	415.42	415.34
17:27:18	16.512	16.203	15.604	16.392	16.155	16.345	415.42	415.34
17:28:18	16.512	16.202	15.6	16.394	16.155	16.344	415.42	415.34
17:29:18	16.512	16.201	15.604	16.404	16.154	16.344	415.42	415.34
17:30:18	16.511	16.199	15.655	16.568	16.152	16.344	415.42	415.34
17:31:19	16.51	16.198	15.721	16.743	16.152	16.344	415.42	415.34
17:32:18	16.509	16.197	15.766	16.922	16.151	16.344	415.42	415.34
17:33:19	16.509	16.196	15.805	17.114	16.151	16.344	415.42	415.34
17:34:18	0.0	16.195	15.844	17.163	16.15	16.343	415.42	415.34
17:35:18	16.508	16.195	15.873	17.161	16.149	16.343	415.42	415.34
17:36:18	16.507	16.193	15.905	17.208	16.148	16.343	415.42	415.34
17:37:18	16.505	16.192	15.929	17.194	16.148	16.343	415.42	415.34
17:38:18	16.506	16.191	15.946	16.829	16.148	16.344	415.42	415.34
17:39:18	16.504	16.188	15.898	16.439	16.147	16.342	415.42	415.34
17:40:20	16.504	16.186	15.789	15.892	16.147	16.342	415.42	415.34
17:41:18	16.503	16.185	15.723	15.678	16.144	16.342	415.42	415.34
17:42:18	16.503	16.183	15.646	15.444	16.145	16.34	415.42	415.34
17:43:18	16.502	16.183	15.563	15.215	16.144	16.34	415.42	415.34
17:44:18	16.501	16.181	15.481	15.232	16.142	16.342	415.42	415.34
17:45:18	16.501	16.178	15.456	15.438	16.141	16.34	415.42	415.34
17:46:18	16.5	16.178	15.444	15.605	16.141	16.34	415.42	415.34
17:47:18	16.498	16.176	15.454	15.752	16.139	16.339	415.42	415.34
17:48:18	16.5	16.175	15.451	15.909	16.139	16.34	415.42	415.34
17:49:18	16.498	16.173	15.445	16.031	16.138	16.339	415.42	415.34
17:50:18	16.497	16.172	15.47	16.124	16.138	16.339	415.42	415.34
17:51:18	16.496	16.17	15.505	16.234	16.137	16.339	415.42	415.34
17:52:18	16.496	16.168	15.541	16.359	16.136	16.338	415.42	415.34
17:53:18	16.496	16.168	15.584	16.456	16.137	16.338	415.42	415.34
17:54:18	16.495	16.167	15.617	16.549	16.137	16.338	415.42	415.34
17:55:18	16.495	16.167	15.658	16.616	16.135	16.339	415.42	415.34
17:56:18	16.493	16.165	15.694	16.679	16.133	16.337	415.42	415.34
17:57:18	16.493	16.163	15.729	16.718	16.132	16.337	415.42	415.34
17:58:18	16.491	16.161	15.753	16.775	16.132	16.336	415.42	415.34
17:59:18	16.491	16.159	15.778	16.82	16.13	16.338	415.42	415.34
18:00:18	16.49	16.157	15.795	16.87	16.13	16.334	415.42	415.34
18:01:18	16.489	16.155	15.811	16.915	16.131	16.336	415.42	415.34
18:02:18	16.489	16.154	15.831	16.959	16.13	16.336	415.42	415.34
18:03:18	16.488	16.154	15.849	16.999	16.131	16.334	415.42	415.34
18:04:18	16.488	16.152	15.885	17.036	16.13	16.335	415.42	415.34
18:05:18	16.488	16.15	15.907	17.059	16.128	16.333	415.42	415.34
18:06:18	16.486	16.148	15.923	17.078	16.127	16.333	415.42	415.34
18:07:18	16.485	16.147	15.944	17.106	16.127	16.335	415.42	415.34
18:08:18	16.485	16.146	15.969	17.093	16.126	16.334	415.42	415.34
18:09:18	16.484	16.146	15.968	17.039	16.126	16.334	415.42	415.34
18:10:18	16.484	16.146	15.961	16.991	16.124	16.332	415.42	415.34
18:11:18	16.483	16.143	15.957	16.958	16.124	16.33	415.42	415.34
18:12:18	16.481	16.141	15.963	16.943	16.123	16.331	415.42	415.34
18:13:18	16.481	16.14	15.968	16.947	16.122	16.332	415.42	415.34
18:14:18	16.48	16.139	15.975	16.779	16.122	16.331	415.42	415.34
18:15:18	16.479	16.137	15.958	16.35	16.12	16.329	415.42	415.34
18:16:18	16.479	16.135	15.933	16.136	16.119	16.327	415.42	415.34
18:17:19	16.478	16.132	15.897	15.846	16.119	16.328	415.42	415.34
18:18:18	16.478	16.13	15.82	15.589	16.117	16.328	415.42	415.34
18:19:18	16.476	16.127	15.742	15.451	16.116	16.328	415.42	415.34
18:20:18	16.476	16.125	15.722	15.364	16.115	16.324	415.42	415.34
18:21:18	16.475	16.124	15.659	15.209	16.116	16.324	415.42	415.34
18:22:18	16.474	16.123	15.636	15.254	16.115	16.323	415.42	415.34
18:23:18	16.474	16.123	15.602	15.199	16.113	16.324	415.42	415.34
18:24:18	16.473	16.121	15.574	15.17	16.113	16.324	415.42	415.34
18:25:18	16.471	16.12	15.588	15.458	16.115	16.325	415.42	415.34
18:26:18	16.471	16.119	15.605	15.663	16.114	16.323	415.42	415.34
18:27:18	16.47	16.118	15.627	15.848	16.114	16.325	415.42	415.34
18:28:18	16.469	16.116	15.648	15.987	16.111	16.324	415.42	415.34
18:29:18	16.469	16.116	15.667	16.127	16.113	16.324	415.42	415.34
18:30:18	16.469	16.115	15.686	16.271	16.113	16.324	415.42	415.34
18:31:18	16.467	16.113	15.71	16.398	16.113	16.322	415.42	415.34
18:32:18	16.467	16.112	15.73	16.419	16.112	16.322	415.42	415.34
18:33:18	16.465	16.112	15.725	15.97	16.111	16.322	415.42	415.34
18:34:18	16.464	16.11	15.69	15.765	16.109	16.321	415.42	415.34
18:35:18	16.463	16.108	15.652	15.704	16.107	16.321	415.42	415.34
18:36:18	16.463	16.107	15.642	15.925	16.108	16.321	415.42	415.34
18:37:18	16.462	16.107	15.658	16.157	16.108	16.321	415.42	415.34
18:38:18	16.462	16.107	15.683	16.324	16.108	16.322	415.42	415.34
18:39:18	16.462	16.105	15.7	16.427	16.106	16.32	415.42	415.34
18:40:18	16.459	16.102	15.713	16.49	16.107	16.32	415.42	415.34
18:41:18	16.459	16.101	15.733	16.546	16.105	16.32	415.42	415.34
18:42:18	16.458	16.1	15.73	16.266	16.105	16.318	415.42	415.34
18:43:18	16.457	16.099	15.72	15.988	16.103	16.319	415.42	415.34
18:44:18	16.457	16.097	15.674	15.744	16.104	16.32	415.42	415.34
18:45:18	16.456	16.097	15.632	15.528	16.103	16.32	415.42	415.34
18:46:18	16.455	16.094	15.596	15.431	16.102	16.318	415.42	415.34
18:47:18	16.454	16.092	15.595	15.62	16.101	16.317	415.42	415.34
18:48:18	16.453	16.09	15.613	15.922	16.101	16.317	415.42	415.34
18:49:18	16.454	16.089	15.635	16.16	16.102	16.316	415.42	415.34
18:50:18	16.452	16.087	15.652	16.298	16.102	16.318	415.42	415.34
18:51:18	16.453	16.088	15.668	16.382	16.103	16.318	415.42	415.34
18:52:18	16.451	16.088	15.68	16.427	16.102	16.318	415.42	415.34
18:53:18	16.451	16.086	15.686	16.491	16.101	16.317	415.42	415.34
18:54:18	16.451	16.085	15.712	16.568	16.1	16.317	415.42	415.34
18:55:18	16.448	16.085	15.737	16.63	16.1	16.316	415.42	415.34
18:56:18	16.449	16.083	15.769	16.665	16.099	16.317	415.42	415.34
18:57:18	16.448	16.081	15.77	16.702	16.099	16.315	415.42	415.34
18:58:18	16.447	16.081	15.779	16.726	16.098	16.315	415.42	415.34
18:59:18	16.445	16.08	15.789	16.748	16.097	16.312	415.42	415.34
19:00:18	16.445	16.079	15.803	16.767	16.096	16.31	415.42	415.34
19:01:18	16.445	16.077	15.818	16.79	16.096	16.312	415.42	415.34
19:02:18	16.443	16.074	15.838	16.812	16.095	16.312	415.42	415.34
19:03:18	16.443	16.073	15.856	16.843	16.095	16.31	415.42	415.34
19:04:18	16.442	16.073	15.869	16.857	16.096	16.311	415.42	415.34
19:05:18	16.442	16.073	15.89	16.884	16.095	16.312	415.42	415.34
19:06:18	16.44	16.07	15.907	16.91	16.094	16.312	415.42	415.34
19:07:18	16.44	16.069	15.919	16.935	16.094	16.312	415.42	415.34
19:08:18	16.44	16.067	15.938	16.957	16.093	16.312	415.42	415.34
19:09:18	16.44	16.066	15.953	16.966	16.092	16.311	415.42	415.34
19:10:18	16.438	16.068	15.965	16.99	16.091	16.312	415.42	415.34
19:11:18	16.436	16.065	15.971	16.964	16.09	16.311	415.42	415.34
19:12:18	16.436	16.065	15.97	16.949	16.089	16.309	415.42	415.34
19:13:18	16.436	16.064	15.972	16.93	16.091	16.31	415.42	415.34
19:14:18	16.435	16.062	15.979	16.919	16.089	16.308	415.42	415.34
19:15:18	16.436	16.061	15.983	16.911	16.088	16.307	415.42	415.34
19:16:18	16.434	16.06	15.983	16.874	16.088	16.308	415.42	415.34
19:17:18	16.433	16.059	15.978	16.848	16.089	16.308	415.42	415.34
19:18:18	16.431	16.058	15.971	16.801	16.087	16.308	415.42	415.34
19:19:18	16.432	16.058	15.949	16.371	16.089	16.308	415.42	415.34
19:20:18	16.431	16.058	15.904	15.93	16.087	16.307	415.42	415.34
19:21:18	16.43	16.058	15.854	15.763	16.086	16.306	415.42	415.34
19:22:18	16.429	16.059	15.806	15.581	16.087	16.306	415.42	415.34
19:23:18	16.429	16.058	15.76	15.378	16.087	16.307	415.42	415.34
19:24:18	16.428	16.058	15.704	15.294	16.086	16.307	415.42	415.34
19:25:18	16.426	16.057	15.701	15.486	16.086	16.306	415.42	415.34
19:26:18	16.426	16.054	15.715	15.733	16.086	16.307	415.42	415.34
19:27:18	16.425	16.053	15.719	15.974	16.084	16.304	415.42	415.34
19:28:18	16.425	16.053	15.736	16.178	16.085	16.306	415.42	415.34
19:29:18	16.425	16.053	15.753	16.328	16.083	16.304	415.42	415.34
19:30:18	16.423	16.052	15.77	16.404	16.084	16.302	415.42	415.34
19:31:18	16.422	16.052	15.775	16.497	16.084	16.304	415.42	415.34
19:32:18	16.421	16.049	15.797	16.584	16.084	16.303	415.42	415.34
19:33:18	16.422	16.049	15.817	16.654	16.081	16.3	415.42	415.34
19:34:18	16.419	16.047	15.833	16.694	16.081	16.304	415.42	415.34
19:35:18	16.42	16.047	15.843	16.72	16.081	16.3	415.42	415.34
19:36:18	16.418	16.046	15.858	16.739	16.081	16.304	415.42	415.34
19:37:18	16.419	16.044	15.87	16.766	16.081	16.301	415.42	415.34
19:38:18	16.418	16.043	15.881	16.788	16.079	16.302	415.42	415.34
19:39:18	16.418	16.041	15.892	16.806	16.078	16.301	415.42	415.34
19:40:18	16.417	16.041	15.906	16.823	16.076	16.3	415.42	415.34
19:41:18	16.416	16.038	15.925	16.847	16.077	16.3	415.42	415.34
19:42:18	16.415	16.036	15.934	16.875	16.076	16.302	415.42	415.34
19:43:18	16.414	16.036	15.949	16.906	16.076	16.3	415.42	415.34
19:44:18	16.414	16.035	15.965	16.932	16.077	16.3	415.42	415.34
19:45:18	16.413	16.035	15.991	16.96	16.079	16.301	415.42	415.34
19:46:18	16.413	16.036	15.997	16.99	16.079	16.3	415.42	415.34
19:47:18	16.413	16.035	16.013	17.008	16.077	16.3	415.42	415.34
19:48:18	16.411	16.034	16.025	17.032	16.078	16.301	415.42	415.34
19:49:18	16.411	16.035	16.041	17.049	16.078	16.302	415.42	415.34
19:50:18	16.411	16.034	16.043	17.008	16.08	16.304	415.42	415.34
19:51:18	16.41	16.034	16.04	16.968	16.076	16.302	415.42	415.34
19:52:18	16.41	16.034	16.035	16.93	16.077	16.302	415.42	415.34
19:53:18	16.409	16.032	16.027	16.88	16.077	16.299	415.42	415.34
19:54:18	16.41	16.031	16.015	16.83	16.077	16.297	415.42	415.34
19:55:18	16.408	16.031	16.0	16.785	16.075	16.298	415.42	415.34
19:56:18	16.407	16.03	15.995	16.756	16.074	16.3	415.42	415.34
19:57:18	16.407	16.028	15.983	16.737	16.074	16.299	415.42	415.34
19:58:18	16.407	16.027	15.977	16.723	16.075	16.299	415.42	415.34
19:59:18	16.406	16.027	15.975	16.711	16.072	16.295	415.42	415.34
20:00:18	16.407	16.024	15.953	16.342	16.072	16.297	415.42	415.34
20:01:18	16.405	16.023	15.9	16.001	16.072	16.297	415.42	415.34
20:02:20	16.405	16.024	15.859	15.799	16.072	16.299	415.42	415.34
20:03:18	16.404	16.023	15.789	15.484	16.074	16.299	415.42	415.34
20:04:18	16.405	16.021	15.757	15.589	16.073	16.297	415.42	415.34
20:05:18	16.403	16.021	15.76	15.844	16.071	16.296	415.42	415.34
20:06:18	16.403	16.02	15.768	16.089	16.071	16.298	415.42	415.34
20:07:18	16.402	16.019	15.783	16.277	16.071	16.299	415.42	415.34
20:08:18	16.402	16.019	15.797	16.385	16.073	16.299	415.42	415.34
20:09:18	16.402	16.018	15.813	16.443	16.071	16.299	415.42	415.34
20:10:18	16.401	16.02	15.822	16.482	16.07	16.297	415.42	415.34
20:11:20	16.401	16.018	15.833	16.552	16.07	16.297	415.42	415.34
20:12:18	16.4	16.017	15.851	16.607	16.069	16.297	415.42	415.34
20:13:18	16.4	16.016	15.871	16.664	16.069	16.297	415.42	415.34
20:14:18	16.399	16.015	15.89	16.721	16.069	16.296	415.42	415.34
20:15:18	16.398	16.016	15.905	16.758	16.069	16.296	415.42	415.34
20:16:19	16.398	16.014	15.912	16.774	16.07	16.298	415.42	415.34
20:17:18	0.0	16.014	15.914	16.781	16.071	16.297	415.42	415.34
20:18:18	16.396	16.013	15.926	16.791	16.07	16.3	415.42	415.34
20:19:18	16.397	16.012	15.933	16.806	16.07	16.296	415.42	415.34
20:20:18	16.396	16.011	15.941	16.819	16.07	16.294	415.42	415.34
20:21:18	16.395	16.01	15.955	16.831	16.071	16.297	415.42	415.34
20:22:18	16.394	16.01	15.969	16.85	16.07	16.293	415.42	415.34
20:23:18	16.394	16.01	15.978	16.87	16.07	16.292	415.42	415.34
20:24:18	16.392	16.007	15.985	16.889	16.068	16.295	415.42	415.34
20:25:18	16.393	16.008	15.994	16.905	16.068	16.291	415.42	415.34
20:26:18	16.394	16.008	16.004	16.93	16.068	16.295	415.42	415.34
20:27:18	16.393	16.007	16.019	16.944	16.067	16.293	415.42	415.34
20:28:18	16.392	16.007	16.026	16.954	16.067	16.292	415.42	415.34
20:29:18	16.392	16.007	16.025	16.922	16.068	16.292	415.42	415.34
20:30:18	16.391	16.008	16.022	16.886	16.069	16.292	415.42	415.34
20:31:18	16.391	16.006	16.019	16.859	16.07	16.294	415.42	415.34
20:32:18	16.39	16.006	16.014	16.83	16.071	16.291	415.42	415.34
20:33:18	16.391	16.007	16.004	16.8	16.069	16.29	415.42	415.34
20:34:18	16.39	16.005	16.001	16.788	16.07	16.29	415.42	415.34
20:35:18	16.389	16.004	15.997	16.746	16.069	16.291	415.42	415.34
20:36:18	16.389	16.004	15.987	16.725	16.07	16.292	415.42	415.34
20:37:18	16.389	16.005	15.982	16.704	16.07	16.293	415.42	415.34
20:38:18	16.388	16.004	15.962	16.333	16.069	16.294	415.42	415.34
20:39:18	16.387	16.004	15.913	15.939	16.069	16.294	415.42	415.34
20:40:18	16.386	16.003	15.858	15.741	16.069	16.291	415.42	415.34
20:41:18	16.387	16.003	15.781	15.516	16.069	16.29	415.42	415.34
20:42:18	16.386	16.002	15.728	15.307	16.07	16.293	415.42	415.34
20:43:18	16.386	16.003	15.675	15.273	16.069	16.294	415.42	415.34
20:44:18	16.386	16.004	15.682	15.486	16.071	16.298	415.42	415.34
20:45:18	16.385	16.004	15.699	15.736	16.071	16.295	415.42	415.34
20:46:18	16.385	16.003	15.708	15.989	16.07	16.295	415.42	415.34
20:47:19	16.384	16.003	15.73	16.185	16.068	16.293	415.42	415.34
20:48:18	16.384	16.001	15.751	16.3	16.068	16.295	415.42	415.34
20:49:18	16.383	16.002	15.762	16.371	16.069	16.296	415.42	415.34
20:50:18	16.383	16.002	15.768	16.415	16.071	16.296	415.42	415.34
20:51:18	16.381	16.002	15.777	16.45	16.072	16.294	415.42	415.34
20:52:18	16.383	16.001	15.782	16.448	16.074	16.294	415.42	415.34
20:53:18	16.383	16.002	15.788	16.469	16.07	16.297	415.42	415.34
20:54:18	16.382	16.002	15.789	16.481	16.071	16.297	415.42	415.34
20:55:18	16.381	16.001	15.786	16.485	16.071	16.295	415.42	415.34
20:56:18	16.381	16.001	15.788	16.519	16.07	16.294	415.42	415.34
20:57:18	16.38	15.997	15.797	16.564	16.07	16.294	415.42	415.34
20:58:18	16.38	15.998	15.819	16.61	16.07	16.294	415.42	415.34
20:59:18	16.38	15.998	15.828	16.664	16.07	16.293	415.42	415.34
21:00:18	16.379	15.998	15.843	16.704	16.071	16.294	415.42	415.34
21:01:18	16.378	15.997	15.855	16.734	16.072	16.295	415.42	415.34
21:02:18	16.378	15.997	15.858	16.751	16.071	16.295	415.42	415.34
21:03:18	16.378	15.995	15.873	16.768	16.071	16.292	415.42	415.34
21:04:18	16.377	15.995	15.884	16.773	16.071	16.293	415.42	415.34
21:05:18	16.377	15.995	15.898	16.789	16.071	16.293	415.42	415.34
21:06:18	16.377	15.994	15.909	16.798	16.07	16.292	415.42	415.34
21:07:18	16.377	15.994	15.915	16.818	16.07	16.292	415.42	415.34
21:08:18	16.377	15.993	15.935	16.828	16.07	16.293	415.42	415.34
21:09:18	16.376	15.993	15.947	16.842	16.069	16.294	415.42	415.34
21:10:18	16.375	15.992	15.955	16.85	16.069	16.293	415.42	415.34
21:11:18	16.374	15.991	15.967	16.869	16.069	16.293	415.42	415.34
21:12:18	16.374	15.992	15.976	16.892	16.071	16.29	415.42	415.34
21:13:18	16.374	15.99	15.987	16.907	16.069	16.291	415.42	415.34
21:14:19	16.373	15.99	15.996	16.922	16.069	16.291	415.42	415.34
21:15:18	0.0	15.988	16.004	16.938	16.068	16.29	415.42	415.34
21:16:18	16.373	15.988	16.008	16.919	16.068	16.291	415.42	415.34
21:17:18	16.372	15.988	16.005	16.88	16.068	16.289	415.42	415.34
21:18:18	16.371	15.989	15.998	16.849	16.069	16.29	415.42	415.34
21:19:18	16.371	15.987	15.995	16.831	16.069	16.291	415.42	415.34
21:20:18	16.372	15.988	15.994	16.826	16.07	16.292	415.42	415.34
21:21:18	16.371	15.989	15.998	16.822	16.071	16.292	415.42	415.34
21:22:18	16.371	15.988	16.001	16.828	16.07	16.292	415.42	415.34
21:23:18	16.369	15.987	16.006	16.836	16.07	16.291	415.42	415.34
21:24:18	16.369	15.987	16.007	16.833	16.069	16.29	415.42	415.34
21:25:18	16.37	15.987	16.001	16.717	16.07	16.292	415.42	415.34
21:26:18	16.368	15.987	15.969	16.244	16.069	16.291	415.42	415.34
21:27:18	16.368	15.986	15.91	15.886	16.07	16.291	415.42	415.34
21:28:18	16.367	15.986	15.876	15.77	16.071	16.291	415.42	415.34
21:29:18	16.367	15.984	15.832	15.741	16.07	16.289	415.42	415.34
21:30:18	16.366	15.984	15.807	15.759	16.069	16.289	415.42	415.34
21:31:18	16.367	15.983	15.797	15.777	16.067	16.288	415.42	415.34
21:32:18	16.365	15.982	15.779	15.929	16.067	16.292	415.42	415.34
21:33:18	16.366	15.982	15.797	16.122	16.069	16.293	415.42	415.34
21:34:18	16.365	15.983	15.815	16.279	16.068	16.294	415.42	415.34
21:35:18	16.365	15.982	15.826	16.395	16.068	16.292	415.42	415.34
21:36:18	16.365	15.982	15.835	16.46	16.068	16.292	415.42	415.34
21:37:18	16.364	15.982	15.85	16.516	16.069	16.29	415.42	415.34
21:38:18	16.364	15.983	15.851	16.553	16.071	16.291	415.42	415.34
21:39:18	16.363	15.983	15.835	16.163	16.068	16.29	415.42	415.34
21:40:18	16.365	15.983	15.782	15.848	16.07	16.293	415.42	415.34
21:41:18	16.363	15.981	15.739	15.615	16.069	16.291	415.42	415.34
21:42:18	16.363	15.981	15.73	15.777	16.069	16.289	415.42	415.34
21:43:18	16.361	15.982	15.734	16.023	16.069	16.294	415.42	415.34
21:44:18	16.362	15.981	15.752	16.23	16.069	16.294	415.42	415.34
21:45:18	16.361	15.982	15.772	16.362	16.067	16.291	415.42	415.34
21:46:18	16.361	15.982	15.787	16.443	16.069	16.295	415.42	415.34
21:47:18	16.361	15.98	15.793	16.474	16.069	16.292	415.42	415.34
21:48:18	16.36	15.979	15.795	16.484	16.068	16.293	415.42	415.34
21:49:18	16.36	15.98	15.798	16.489	16.069	16.292	415.42	415.34
21:50:18	16.36	15.98	15.796	16.491	16.067	16.294	415.42	415.34
21:51:18	16.36	15.978	15.796	16.484	16.067	16.29	415.42	415.34
21:52:18	16.359	15.978	15.798	16.494	16.068	16.29	415.42	415.34
21:53:18	16.359	15.978	15.796	16.512	16.069	16.291	415.42	415.34
21:54:19	16.358	15.976	15.803	16.528	16.068	16.29	415.42	415.34
21:55:18	0.0	15.977	15.799	16.154	16.069	16.29	415.42	415.34
21:56:19	16.357	15.977	15.772	15.905	16.069	16.293	415.42	415.34
21:57:18	0.0	15.976	15.746	15.882	16.07	16.293	415.42	415.34
21:58:18	16.357	15.976	15.735	16.033	16.07	16.293	415.42	415.34
21:59:18	16.356	15.976	15.739	16.19	16.07	16.294	415.42	415.34
22:00:18	16.356	15.976	15.751	16.325	16.07	16.295	415.42	415.34
22:01:18	16.356	15.976	15.763	16.419	16.069	16.296	415.42	415.34
22:02:18	16.356	15.976	15.774	16.461	16.067	16.295	415.42	415.34
22:03:18	16.354	15.975	15.78	16.479	16.07	16.294	415.42	415.34
22:04:18	16.354	15.975	15.783	16.494	16.068	16.296	415.42	415.34
22:05:18	16.353	15.975	15.785	16.499	16.069	16.294	415.42	415.34
22:06:18	16.353	15.973	15.784	16.515	16.068	16.292	415.42	415.34
22:07:18	16.353	15.973	15.79	16.568	16.066	16.292	415.42	415.34
22:08:20	16.354	15.973	15.807	16.618	16.068	16.294	415.42	415.34
22:09:18	16.352	15.972	15.825	16.655	16.068	16.294	415.42	415.34
22:10:18	16.352	15.97	15.838	16.699	16.066	16.291	415.42	415.34
22:11:18	16.351	15.97	15.849	16.737	16.068	16.29	415.42	415.34
22:12:18	16.351	15.969	15.852	16.754	16.067	16.292	415.42	415.34
22:13:18	16.35	15.968	15.862	16.765	16.068	16.291	415.42	415.34
22:14:18	16.35	15.969	15.875	16.78	16.065	16.292	415.42	415.34
22:15:18	16.35	15.969	15.888	16.791	16.067	16.291	415.42	415.34
22:16:18	16.35	15.967	15.899	16.804	16.067	16.289	415.42	415.34
22:17:18	16.35	15.967	15.91	16.825	16.066	16.287	415.42	415.34
22:18:18	16.349	15.966	15.921	16.845	16.064	16.289	415.42	415.34
22:19:18	16.348	15.966	15.938	16.864	16.066	16.29	415.42	415.34
22:20:18	16.348	15.966	15.945	16.884	16.066	16.29	415.42	415.34
22:21:18	16.347	15.965	15.958	16.905	16.065	16.29	415.42	415.34
22:22:18	16.346	15.965	15.974	16.917	16.067	16.291	415.42	415.34
22:23:18	16.347	15.965	15.986	16.943	16.067	16.291	415.42	415.34
22:24:18	16.347	15.965	15.997	16.959	16.066	16.293	415.42	415.34
22:25:18	16.346	15.966	16.001	16.949	16.065	16.293	415.42	415.34
22:26:18	16.346	15.966	16.0	16.907	16.068	16.292	415.42	415.34
22:27:18	16.345	15.966	15.997	16.873	16.066	16.289	415.42	415.34
22:28:18	16.345	15.965	15.992	16.825	16.065	16.293	415.42	415.34
22:29:18	16.345	15.964	15.984	16.778	16.067	16.29	415.42	415.34
22:30:18	16.344	15.963	15.972	16.739	16.067	16.29	415.42	415.34
22:31:18	16.344	15.965	15.964	16.715	16.065	16.289	415.42	415.34
22:32:18	16.344	15.964	15.956	16.691	16.063	16.291	415.42	415.34
22:33:18	16.343	15.964	15.947	16.68	16.063	16.29	415.42	415.34
22:34:18	16.343	15.963	15.939	16.664	16.064	16.289	415.42	415.34
22:35:18	16.342	15.961	15.934	16.623	16.064	16.291	415.42	415.34
22:36:18	16.341	15.96	15.911	16.224	16.065	16.29	415.42	415.34
22:37:18	16.341	15.96	15.864	15.896	16.063	16.291	415.42	415.34
22:38:18	16.34	15.959	15.822	15.647	16.065	16.288	415.42	415.34
22:39:18	16.34	15.958	15.772	15.447	16.066	16.29	415.42	415.34
22:40:18	16.34	15.958	15.698	15.244	16.064	16.289	415.42	415.34
22:41:18	16.339	15.959	15.675	15.47	16.064	16.289	415.42	415.34
22:42:18	16.341	15.959	15.677	15.76	16.063	16.292	415.42	415.34
22:43:18	16.339	15.958	15.701	16.033	16.063	16.29	415.42	415.34
22:44:18	16.338	15.959	15.73	16.223	16.064	16.289	415.42	415.34
22:45:18	16.339	15.958	15.747	16.326	16.064	16.289	415.42	415.34
22:46:18	16.339	15.958	15.764	16.432	16.062	16.288	415.42	415.34
22:47:18	16.337	15.957	15.785	16.517	16.063	16.29	415.42	415.34
22:48:18	16.337	15.957	15.799	16.583	16.062	16.287	415.42	415.34
22:49:18	16.338	15.956	15.821	16.62	16.063	16.289	415.42	415.34
22:50:18	16.338	15.954	15.84	16.656	16.063	16.288	415.42	415.34
22:51:18	16.337	15.954	15.849	16.697	16.064	16.287	415.42	415.34
22:52:18	16.336	15.953	15.857	16.719	16.063	16.285	415.42	415.34
22:53:18	16.336	15.954	15.871	16.737	16.063	16.287	415.42	415.34
22:54:18	16.336	15.952	15.876	16.753	16.063	16.287	415.42	415.34
22:55:18	16.335	15.951	15.886	16.761	16.062	16.287	415.42	415.34
22:56:18	16.336	15.95	15.9	16.78	16.063	16.285	415.42	415.34
22:57:18	16.334	15.949	15.914	16.802	16.061	16.287	415.42	415.34
22:58:18	16.334	15.949	15.924	16.816	16.062	16.288	415.42	415.34
22:59:18	16.334	15.949	15.935	16.838	16.063	16.286	415.42	415.34
23:00:18	16.334	15.948	15.943	16.862	16.06	16.284	415.42	415.34
23:01:18	16.333	15.949	15.955	16.879	16.061	16.286	415.42	415.34
23:02:18	16.333	15.949	15.969	16.902	16.062	16.286	415.42	415.34
23:03:18	16.332	15.95	15.984	16.924	16.063	16.29	415.42	415.34
23:04:20	16.333	15.95	15.997	16.946	16.062	16.291	415.42	415.34
23:05:18	16.332	15.951	15.998	16.92	16.062	16.286	415.42	415.34
23:06:18	16.332	15.951	15.997	16.877	16.063	16.289	415.42	415.34
23:07:18	16.332	15.951	15.995	16.837	16.063	16.29	415.42	415.34
23:08:18	16.332	15.952	15.994	16.808	16.063	16.29	415.42	415.34
23:09:18	16.332	15.952	15.991	16.812	16.064	16.292	415.42	415.34
23:10:18	16.331	15.952	15.993	16.81	16.064	16.289	415.42	415.34
23:11:18	16.33	15.953	15.997	16.818	16.064	16.291	415.42	415.34
23:12:18	16.33	15.952	16.0	16.816	16.065	16.288	415.42	415.34
23:13:18	16.33	15.952	15.995	16.794	16.065	16.289	415.42	415.34
23:14:18	16.329	15.953	15.989	16.761	16.064	16.289	415.42	415.34
23:15:18	16.33	15.952	15.978	16.653	16.064	16.29	415.42	415.34
23:16:18	16.33	15.951	15.946	16.168	16.064	16.288	415.42	415.34
23:17:18	16.328	15.949	15.885	15.864	16.062	16.288	415.42	415.34
23:18:18	16.329	15.95	15.84	15.668	16.062	16.29	415.42	415.34
23:19:18	16.328	15.948	15.803	15.379	16.062	16.286	415.42	415.34
23:20:18	16.328	15.947	15.725	15.187	16.062	16.286	415.42	415.34
23:21:18	16.327	15.945	15.691	15.398	16.062	16.288	415.42	415.34
23:22:18	16.327	15.946	15.696	15.639	16.061	16.287	415.42	415.34
23:23:18	16.326	15.944	15.711	15.899	16.062	16.288	415.42	415.34
23:24:18	16.327	15.942	15.729	16.123	16.061	16.288	415.42	415.34
23:25:18	16.326	15.941	15.739	16.255	16.061	16.285	415.42	415.34
23:26:18	16.325	15.94	15.752	16.364	16.061	16.285	415.42	415.34
23:27:18	16.325	15.94	15.767	16.472	16.062	16.286	415.42	415.34
23:28:18	16.326	15.94	15.789	16.524	16.063	16.287	415.42	415.34
23:29:18	16.325	15.94	15.817	16.565	16.063	16.286	415.42	415.34
23:30:18	16.325	15.94	15.837	16.593	16.063	16.286	415.42	415.34
23:31:18	16.325	15.94	15.852	16.646	16.062	16.287	415.42	415.34
23:32:18	16.325	15.941	15.862	16.699	16.061	16.289	415.42	415.34
23:33:18	16.324	15.942	15.871	16.729	16.061	16.292	415.42	415.34
23:34:18	16.324	15.941	15.879	16.774	16.063	16.289	415.42	415.34
23:35:18	16.324	15.943	15.888	16.79	16.063	16.289	415.42	415.34
23:36:18	16.323	15.943	15.904	16.802	16.063	16.287	415.42	415.34
23:37:18	16.324	15.943	15.912	16.823	16.062	16.288	415.42	415.34
23:38:18	16.322	15.942	15.926	16.84	16.061	16.287	415.42	415.34
23:39:18	16.323	15.941	15.939	16.865	16.063	16.288	415.42	415.34
23:40:18	16.322	15.941	15.957	16.886	16.061	16.289	415.42	415.34
23:41:18	16.322	15.94	15.962	16.909	16.062	16.287	415.42	415.34
23:42:18	16.321	15.941	15.976	16.929	16.06	16.288	415.42	415.34
23:43:18	16.322	15.94	15.998	16.953	16.061	16.288	415.42	415.34
23:44:18	16.321	15.94	16.01	16.942	16.061	16.289	415.42	415.34
23:45:19	16.321	15.939	16.003	16.901	16.062	16.287	415.42	415.34
23:46:18	16.321	15.938	16.001	16.866	16.062	16.288	415.42	415.34
23:47:18	16.321	15.939	15.994	16.831	16.062	16.288	415.42	415.34
23:48:18	16.321	15.937	15.985	16.789	16.061	16.288	415.42	415.34
23:49:18	16.32	15.937	15.976	16.756	16.064	16.289	415.42	415.34
23:50:18	16.32	15.937	15.965	16.726	16.064	16.287	415.42	415.34
23:51:18	16.32	15.937	15.962	16.719	16.063	16.288	415.42	415.34
23:52:18	16.32	15.938	15.963	16.698	16.062	16.288	415.42	415.34
23:53:18	16.319	15.939	15.953	16.67	16.062	16.29	415.42	415.34
23:54:18	16.318	15.938	15.944	16.649	16.062	16.288	415.42	415.34
23:55:18	16.318	15.938	15.943	16.636	16.064	16.287	415.42	415.34
23:56:18	16.318	15.937	15.938	16.631	16.063	16.288	415.42	415.34
23:57:18	16.318	15.939	15.936	16.544	16.063	16.287	415.42	415.34
23:58:18	16.318	15.938	15.903	16.176	16.061	16.291	415.42	415.34
23:59:18	16.318	15.937	15.873	15.989	16.063	16.289	415.42	415.34
