00:00:55	16.03	15.667	15.686	16.342	15.928	16.104	415.42	415.34
00:01:55	16.031	15.669	15.677	16.338	15.93	16.103	415.42	415.34
00:02:55	16.031	15.668	15.679	16.339	15.93	16.104	415.42	415.34
00:03:55	16.032	15.669	15.678	16.338	15.93	16.105	415.42	415.34
00:04:55	16.03	15.667	15.674	16.342	15.927	16.105	415.42	415.34
00:05:55	16.031	15.668	15.673	16.332	15.931	16.104	415.42	415.34
00:06:55	16.031	15.669	15.669	16.319	15.93	16.103	415.42	415.34
00:07:55	16.03	15.669	15.669	16.321	15.93	16.103	415.42	415.34
00:08:55	16.031	15.668	15.67	16.315	15.929	16.105	415.42	415.34
00:09:55	16.031	15.671	15.676	16.309	15.929	16.105	415.42	415.34
00:10:55	16.03	15.669	15.678	16.303	15.93	16.104	415.42	415.34
00:11:55	16.033	15.671	15.676	16.298	15.93	16.105	415.42	415.34
00:12:55	16.03	15.669	15.672	16.299	15.932	16.105	415.42	415.34
00:13:55	16.031	15.67	15.658	16.301	15.933	16.106	415.42	415.34
00:14:55	16.033	15.671	15.655	16.297	15.934	16.106	415.42	415.34
00:15:55	16.033	15.671	15.653	16.289	15.935	16.107	415.42	415.34
00:16:55	16.032	15.669	15.652	16.296	15.934	16.104	415.42	415.34
00:17:55	16.03	15.671	15.651	16.3	15.931	16.106	415.42	415.34
00:18:55	16.031	15.668	15.654	16.291	15.931	16.104	415.42	415.34
00:19:56	16.032	15.671	15.656	16.288	15.935	16.106	415.42	415.34
00:20:55	16.032	15.671	15.645	16.291	15.933	16.105	415.42	415.34
00:21:55	16.034	15.668	15.648	16.291	15.933	16.105	415.42	415.34
00:22:55	16.031	15.673	15.646	16.29	15.931	16.106	415.42	415.34
00:23:55	16.029	15.669	15.646	16.291	15.929	16.104	415.42	415.34
00:24:55	16.033	15.668	15.643	16.289	15.931	16.105	415.42	415.34
00:25:55	16.03	15.669	15.641	16.292	15.931	16.104	415.42	415.34
00:26:55	16.032	15.668	15.64	16.287	15.931	16.104	415.42	415.34
00:27:55	16.03	15.672	15.648	16.274	15.931	16.105	415.42	415.34
00:28:55	16.029	15.67	15.656	16.259	15.933	16.105	415.42	415.34
00:29:55	16.031	15.672	15.657	16.25	15.933	16.104	415.42	415.34
00:30:55	16.031	15.669	15.665	16.26	15.933	16.106	0.0	415.34
00:31:55	16.033	15.67	15.682	16.323	15.931	16.104	415.42	415.34
00:32:55	16.031	15.669	15.701	16.452	15.929	16.104	415.42	415.34
00:33:55	16.032	15.669	15.743	16.523	15.931	16.104	415.42	415.34
00:34:55	16.031	15.669	15.743	16.619	15.932	16.106	415.42	415.34
00:35:55	16.03	15.671	15.756	16.704	15.931	16.105	415.42	415.34
00:36:55	16.031	15.671	15.791	16.809	15.93	16.103	415.42	415.34
00:37:55	16.033	15.67	15.809	16.83	15.93	16.105	415.42	415.34
00:38:55	16.03	15.669	15.796	16.844	15.931	16.105	415.42	415.34
00:39:55	16.029	15.671	15.745	16.673	15.931	16.105	415.42	415.34
00:40:55	16.031	15.674	15.72	16.549	15.933	16.105	415.42	415.34
00:41:55	16.031	15.674	15.71	16.461	15.934	16.105	415.42	415.34
00:42:55	16.032	15.67	15.698	16.411	15.934	16.105	415.42	415.34
00:43:55	16.031	15.674	15.686	16.389	15.935	16.105	415.42	415.34
00:44:55	16.031	15.671	15.679	16.377	15.934	16.105	415.42	415.34
00:45:55	16.031	15.671	15.678	16.357	15.936	16.105	415.42	415.34
00:46:55	16.033	15.672	15.68	16.342	15.931	16.104	415.42	415.34
00:47:55	16.033	15.671	15.674	16.332	15.934	16.105	415.42	415.34
00:48:55	16.031	15.673	15.668	16.33	15.936	16.106	415.42	415.34
00:49:55	16.031	15.671	15.673	16.318	15.934	16.105	415.42	415.34
00:50:55	16.032	15.674	15.664	16.305	15.932	16.104	415.42	415.34
00:51:55	16.031	15.671	15.661	16.302	15.931	16.105	415.42	415.34
00:52:55	16.033	15.671	15.66	16.293	15.932	16.104	415.42	415.34
00:53:55	16.032	15.672	15.666	16.289	15.934	16.104	415.42	415.34
00:54:55	0.0	15.672	15.653	16.293	15.931	16.104	415.42	415.34
00:55:55	16.034	15.671	15.655	16.328	15.931	16.104	415.42	415.34
00:56:56	16.032	15.673	15.658	16.335	15.933	16.103	415.42	415.34
00:57:55	0.0	15.671	15.66	16.323	15.932	16.105	415.42	415.34
00:58:55	16.032	15.67	15.663	16.315	15.933	16.104	415.42	415.34
00:59:55	16.031	15.67	15.664	16.302	15.933	16.104	415.42	415.34
01:00:55	16.03	15.669	15.658	16.296	15.931	16.104	415.42	415.34
01:01:55	16.03	15.672	15.643	16.289	15.929	16.106	415.42	415.34
01:02:55	16.03	15.671	15.646	16.279	15.93	16.105	415.42	415.34
01:03:55	16.032	15.669	15.647	16.271	15.93	16.104	415.42	415.34
01:04:55	16.031	15.671	15.647	16.266	15.93	16.104	415.42	415.34
01:05:55	16.031	15.67	15.646	16.263	15.931	16.104	415.42	415.34
01:06:55	16.03	15.67	15.649	16.267	15.931	16.104	415.42	415.34
01:07:55	16.03	15.67	15.646	16.269	15.93	16.104	415.42	415.34
01:08:55	16.031	15.67	15.637	16.296	15.932	16.103	415.42	415.34
01:09:55	16.031	15.67	15.633	16.304	15.931	16.105	415.42	415.34
01:10:55	16.032	15.669	15.627	16.297	15.932	16.103	415.42	415.34
01:11:55	16.03	15.668	15.627	16.29	15.932	16.104	415.42	415.34
01:12:55	16.03	15.67	15.627	16.283	15.936	16.104	415.42	415.34
01:13:55	16.031	15.669	15.633	16.275	15.933	16.103	415.42	415.34
01:14:55	16.032	15.672	15.632	16.257	15.932	16.103	415.42	415.34
01:15:55	16.032	15.669	15.626	16.231	15.931	16.105	415.42	415.34
01:16:55	16.031	15.671	15.629	16.221	15.932	16.103	415.42	415.34
01:17:55	16.029	15.669	15.631	16.218	15.934	16.104	415.42	415.34
01:18:55	16.033	15.668	15.633	16.222	15.93	16.105	415.42	415.34
01:19:55	16.029	15.667	15.642	16.236	15.93	16.102	415.42	415.34
01:20:55	16.03	15.666	15.688	16.371	15.931	16.104	415.42	415.34
01:21:55	16.03	15.668	15.753	16.511	15.927	16.103	415.42	415.34
01:22:55	16.033	15.668	15.75	16.618	15.931	16.104	415.42	415.34
01:23:55	16.031	15.668	15.764	16.606	15.931	16.102	415.42	415.34
01:24:55	16.032	15.669	15.765	16.544	15.932	16.103	415.42	415.34
01:25:55	16.031	15.668	15.746	16.452	15.932	16.103	415.42	415.34
01:26:55	16.03	15.67	15.748	16.444	15.932	16.104	415.42	415.34
01:27:55	16.03	15.671	15.79	16.502	15.934	16.105	415.42	415.34
01:28:55	16.029	15.667	15.83	16.601	15.935	16.103	415.42	415.34
01:29:55	16.033	15.668	15.842	16.658	15.934	16.104	415.42	415.34
01:30:55	16.032	15.669	15.795	16.501	15.934	16.103	415.42	415.34
01:31:55	16.03	15.669	15.763	16.401	15.931	16.103	415.42	415.34
01:32:55	16.03	15.672	15.78	16.421	15.931	16.103	415.42	415.34
01:33:55	16.033	15.671	15.794	16.46	15.934	16.103	415.42	415.34
01:34:55	16.031	15.671	15.845	16.539	15.932	16.104	415.42	415.34
01:35:55	16.03	15.67	15.895	16.599	15.933	16.104	415.42	415.34
01:36:55	16.031	15.672	15.903	16.705	15.936	16.103	415.42	415.34
01:37:55	16.03	15.672	15.882	16.689	15.933	16.103	415.42	415.34
01:38:55	16.029	15.672	15.815	16.58	15.935	16.103	415.42	415.34
01:39:55	16.03	15.671	15.767	16.497	15.934	16.103	415.42	415.34
01:40:55	16.03	15.671	15.74	16.444	15.934	16.103	415.42	415.34
01:41:55	16.031	15.671	15.73	16.408	15.934	16.104	415.42	415.34
01:42:55	16.03	15.671	15.708	16.389	15.931	16.102	415.42	415.34
01:43:55	16.03	15.67	15.694	16.378	15.931	16.103	415.42	415.34
01:44:55	16.031	15.67	15.695	16.373	15.932	16.103	415.42	415.34
01:45:55	16.031	15.67	15.69	16.364	15.932	16.103	415.42	415.34
01:46:55	16.03	15.67	15.689	16.361	15.931	16.103	415.42	415.34
01:47:55	16.03	15.67	15.683	16.362	15.932	16.102	415.42	415.34
01:48:55	16.031	15.67	15.682	16.355	15.93	16.104	415.42	415.34
01:49:55	16.031	15.671	15.675	16.347	15.93	16.103	415.42	415.34
01:50:55	16.031	15.672	15.675	16.343	15.929	16.104	415.42	415.34
01:51:55	16.03	15.671	15.679	16.333	15.931	16.104	415.42	415.34
01:52:55	16.029	15.671	15.679	16.333	15.93	16.103	415.42	415.34
01:53:55	16.031	15.672	15.67	16.342	15.932	16.103	415.42	415.34
01:54:55	16.03	15.672	15.67	16.361	15.93	16.105	415.42	415.34
01:55:55	16.03	15.672	15.668	16.358	15.929	16.103	415.42	415.34
01:56:55	16.028	15.671	15.668	16.357	15.932	16.104	415.42	415.34
01:57:55	16.029	15.671	15.667	16.352	15.931	16.102	415.42	415.34
01:58:55	16.029	15.672	15.669	16.353	15.929	16.104	415.42	415.34
01:59:55	16.03	15.672	15.674	16.344	15.928	16.103	415.42	415.34
02:00:55	0.0	15.672	15.671	16.338	15.931	16.104	415.42	415.34
02:01:55	16.032	15.671	15.672	16.33	15.93	16.103	415.42	415.34
02:02:55	16.032	15.674	15.673	16.319	15.933	16.104	415.42	415.34
02:03:55	16.031	15.672	15.67	16.314	15.935	16.104	415.42	415.34
02:04:55	16.031	15.672	15.664	16.316	15.933	16.104	415.42	415.34
02:05:55	16.031	15.672	15.657	16.317	15.935	16.104	415.42	415.34
02:06:56	16.031	15.673	15.652	16.316	15.934	16.104	415.42	415.34
02:07:55	16.031	15.674	15.652	16.319	15.935	16.104	415.42	415.34
02:08:57	16.031	15.673	15.658	16.323	15.931	16.104	415.42	415.34
02:09:55	16.032	15.674	15.652	16.313	15.931	16.103	415.42	415.34
02:10:55	16.03	15.673	15.649	16.307	15.932	16.103	415.42	415.34
02:11:55	16.03	15.672	15.648	16.307	15.932	16.103	415.42	415.34
02:12:55	16.03	15.675	15.643	16.306	15.933	16.103	415.42	415.34
02:13:55	16.03	15.67	15.638	16.306	15.933	16.102	415.42	415.34
02:14:55	16.031	15.671	15.646	16.305	15.934	16.102	415.42	415.34
02:15:55	16.031	15.673	15.648	16.308	15.933	16.102	415.42	415.34
02:16:55	16.031	15.67	15.645	16.31	15.933	16.103	415.42	415.34
02:17:55	16.032	15.672	15.646	16.345	15.934	16.103	415.42	415.34
02:18:55	16.031	15.675	15.643	16.35	15.934	16.102	415.42	415.34
02:19:55	16.031	15.672	15.653	16.339	15.932	16.104	415.42	415.34
02:20:55	16.032	15.673	15.652	16.331	15.934	16.104	415.42	415.34
02:21:55	16.03	15.674	15.647	16.328	15.934	16.104	415.42	415.34
02:22:55	16.032	15.675	15.645	16.33	15.933	16.105	415.42	415.34
02:23:55	16.03	15.673	15.644	16.325	15.933	16.103	415.42	415.34
02:24:55	16.034	15.671	15.647	16.314	15.934	16.105	415.42	415.34
02:25:55	16.032	15.673	15.649	16.303	15.934	16.104	415.42	0.0
02:26:55	16.033	15.674	15.653	16.297	15.933	16.104	415.42	415.34
02:27:55	16.03	15.67	15.643	16.296	15.932	16.103	415.42	415.34
02:28:55	16.03	15.673	15.637	16.285	15.931	16.103	415.42	415.34
02:29:55	16.031	15.676	15.632	16.279	15.932	16.103	415.42	415.34
02:30:55	16.03	15.673	15.636	16.279	15.934	16.105	415.42	415.34
02:31:55	16.03	15.676	15.642	16.272	15.935	16.104	415.42	415.34
02:32:55	16.03	15.674	15.639	16.273	15.936	16.104	415.42	415.34
02:33:55	16.029	15.674	15.629	16.272	15.935	16.105	415.42	415.34
02:34:55	16.03	15.677	15.631	16.266	15.933	16.104	415.42	415.34
02:35:55	16.03	15.675	15.643	16.257	15.934	16.105	415.42	415.34
02:36:55	16.031	15.676	15.638	16.249	15.936	16.105	415.42	415.34
02:37:55	16.03	15.674	15.639	16.246	15.933	16.105	415.42	415.34
02:38:55	16.032	15.677	15.639	16.24	15.933	16.104	415.42	415.34
02:39:55	16.032	15.677	15.616	16.187	15.935	16.104	415.42	415.34
02:40:55	16.03	15.676	15.6	16.143	15.933	16.104	415.42	415.34
02:41:55	16.031	15.675	15.607	16.201	15.935	16.104	415.42	415.34
02:42:55	16.031	15.675	15.623	16.302	15.932	16.102	415.42	415.34
02:43:55	16.031	15.674	15.657	16.39	15.931	16.103	415.42	415.34
02:44:55	16.028	15.673	15.674	16.417	15.932	16.103	415.42	415.34
02:45:55	16.031	15.673	15.697	16.467	15.931	16.104	415.42	415.34
02:46:55	16.033	15.674	15.687	16.495	15.932	16.104	415.42	415.34
02:47:55	16.034	15.676	15.713	16.506	15.933	16.103	415.42	415.34
02:48:55	16.033	15.677	15.722	16.638	15.934	16.104	415.42	415.34
02:49:55	16.029	15.675	15.745	16.668	15.933	16.103	415.42	415.34
02:50:55	16.033	15.673	15.758	16.673	15.934	16.103	415.42	415.34
02:51:55	16.033	15.676	15.789	16.67	15.935	16.104	415.42	415.34
02:52:55	16.029	15.677	15.786	16.626	15.934	16.103	415.42	415.34
02:53:55	16.031	15.673	15.806	16.634	15.934	16.103	415.42	415.34
02:54:55	16.031	15.675	15.785	16.631	15.935	16.104	415.42	415.34
02:55:55	16.031	15.676	15.769	16.625	15.934	16.104	415.42	415.34
02:56:55	16.032	15.676	15.733	16.528	15.932	16.104	415.42	415.34
02:57:55	16.031	15.675	15.707	16.455	15.933	16.104	415.42	415.34
02:58:55	16.03	15.674	15.691	16.408	15.931	16.103	415.42	415.34
02:59:55	16.031	15.675	15.685	16.373	15.93	16.103	415.42	415.34
03:00:55	16.031	15.675	15.674	16.351	15.932	16.102	415.42	415.34
03:01:55	16.032	15.676	15.66	16.351	15.931	16.103	415.42	415.34
03:02:55	16.032	15.675	15.662	16.339	15.932	16.102	415.42	415.34
03:03:55	16.031	15.675	15.661	16.325	15.933	16.103	415.42	415.34
03:04:55	16.031	15.674	15.658	16.31	15.933	16.103	415.42	415.34
03:05:55	16.031	15.673	15.657	16.298	15.933	16.102	415.42	415.34
03:06:55	16.03	15.673	15.659	16.288	15.933	16.102	415.42	415.34
03:07:55	16.031	15.672	15.656	16.28	15.931	16.101	415.42	415.34
03:08:55	16.031	15.672	15.647	16.276	15.933	16.101	415.42	415.34
03:09:55	16.031	15.673	15.646	16.27	15.933	16.102	415.42	415.34
03:10:55	16.032	15.671	15.646	16.263	15.932	16.1	415.42	415.34
03:11:55	16.031	15.672	15.645	16.268	15.93	16.1	415.42	415.34
03:12:55	16.031	15.672	15.636	16.29	15.929	16.102	415.42	415.34
03:13:55	16.031	15.673	15.64	16.297	15.931	16.101	415.42	415.34
03:14:55	16.032	15.673	15.637	16.289	15.933	16.102	415.42	415.34
03:15:55	16.031	15.673	15.643	16.282	15.933	16.102	415.42	415.34
03:16:55	16.029	15.673	15.637	16.277	15.93	16.103	415.42	415.34
03:17:55	16.032	15.674	15.64	16.258	15.932	16.103	415.42	415.34
03:18:55	16.031	15.674	15.637	16.249	15.934	16.102	415.42	415.34
03:19:56	16.03	15.674	15.623	16.193	15.931	16.102	415.42	415.34
03:20:55	16.034	15.675	15.62	16.173	15.932	16.103	415.42	415.34
03:21:55	16.03	15.676	15.601	16.163	15.93	16.102	415.42	415.34
03:22:55	16.031	15.675	15.596	16.162	15.93	16.103	415.42	415.34
03:23:55	16.029	15.674	15.592	16.159	15.931	16.102	415.42	415.34
03:24:55	16.034	15.673	15.579	16.159	15.931	16.103	415.42	415.34
03:25:55	16.033	15.673	15.582	16.155	15.93	16.103	415.42	415.34
03:26:55	16.031	15.673	15.577	16.177	15.931	16.103	415.42	415.34
03:27:55	16.031	15.675	15.615	16.312	15.931	16.103	415.42	415.34
03:28:55	16.031	15.676	15.65	16.521	15.928	16.102	415.42	415.34
03:29:55	16.03	15.675	15.657	16.622	15.933	16.103	415.42	415.34
03:30:55	16.029	15.675	15.691	16.64	15.934	16.103	415.42	415.34
03:31:55	16.031	15.675	15.712	16.617	15.934	16.102	415.42	415.34
03:32:55	16.031	15.675	15.716	16.632	15.933	16.103	415.42	415.34
03:33:55	16.03	15.675	15.747	16.587	15.928	16.102	415.42	415.34
03:34:55	16.031	15.675	15.758	16.598	15.93	16.101	415.42	415.34
03:35:55	16.031	15.673	15.761	16.56	15.929	16.103	415.42	415.34
03:36:55	16.03	15.674	15.764	16.586	15.929	16.101	415.42	415.34
03:37:55	16.03	15.674	15.763	16.563	15.93	16.102	415.42	415.34
03:38:55	16.029	15.674	15.725	16.503	15.931	16.102	415.42	415.34
03:39:55	16.03	15.675	15.694	16.449	15.93	16.102	415.42	415.34
03:40:55	0.0	15.676	15.678	16.406	15.928	16.101	415.42	415.34
03:41:56	16.03	15.675	15.674	16.375	15.929	16.102	415.42	415.34
03:42:55	0.0	15.675	15.667	16.362	15.931	16.102	415.42	415.34
03:43:55	16.03	15.674	15.654	16.353	15.932	16.101	415.42	415.34
03:44:56	16.031	15.674	15.653	16.34	15.929	16.1	415.42	415.34
03:45:55	16.029	15.674	15.651	16.333	15.931	16.1	415.42	415.34
03:46:55	16.029	15.672	15.651	16.331	15.93	16.101	415.42	415.34
03:47:56	16.029	15.672	15.646	16.328	15.928	16.1	415.42	415.34
03:48:55	16.03	15.671	15.641	16.323	15.929	16.1	415.42	415.34
03:49:55	16.032	15.671	15.646	16.322	15.931	16.1	415.42	415.34
03:50:55	16.03	15.671	15.639	16.315	15.931	16.101	415.42	415.34
03:51:55	16.029	15.671	15.642	16.308	15.928	16.1	415.42	415.34
03:52:55	16.029	15.669	15.645	16.303	15.927	16.101	415.42	415.34
03:53:55	16.029	15.672	15.641	16.302	15.929	16.1	415.42	415.34
03:54:55	16.03	15.671	15.634	16.31	15.929	16.1	415.42	415.34
03:55:55	16.03	15.67	15.633	16.311	15.929	16.101	415.42	415.34
03:56:55	16.03	15.67	15.634	16.312	15.927	16.101	415.42	415.34
03:57:55	16.029	15.67	15.632	16.313	15.927	16.099	415.42	415.34
03:58:55	16.031	15.67	15.634	16.313	15.927	16.099	415.42	415.34
03:59:55	16.027	15.672	15.635	16.304	15.924	16.1	415.42	415.34
04:00:55	16.029	15.671	15.644	16.296	15.924	16.1	415.42	415.34
04:01:55	16.031	15.672	15.674	16.345	15.926	16.1	415.42	415.34
04:02:55	16.03	15.67	15.701	16.447	15.929	16.101	415.42	415.34
04:03:55	16.032	15.671	15.738	16.501	15.928	16.1	415.42	415.34
04:04:55	16.03	15.669	15.741	16.597	15.93	16.099	415.42	415.34
04:05:55	16.029	15.671	15.77	16.604	15.93	16.101	415.42	415.34
04:06:55	16.031	15.671	15.799	16.657	15.929	16.102	415.42	415.34
04:07:55	16.031	15.672	15.777	16.714	15.931	16.101	415.42	415.34
04:08:55	16.027	15.669	15.805	16.676	15.931	16.1	415.42	415.34
04:09:55	16.03	15.672	15.823	16.692	15.932	16.101	415.42	415.34
04:10:55	16.029	15.673	15.809	16.646	15.93	16.101	415.42	415.34
04:11:55	16.028	15.673	15.755	16.549	15.932	16.102	415.42	415.34
04:12:55	16.031	15.672	15.723	16.48	15.928	16.1	415.42	415.34
04:13:55	16.032	15.673	15.707	16.43	15.928	16.102	415.42	415.34
04:14:55	16.03	15.674	15.697	16.397	15.929	16.101	415.42	415.34
04:15:55	16.029	15.674	15.681	16.391	15.929	16.099	415.42	415.34
04:16:57	16.03	15.674	15.672	16.379	15.928	16.1	415.42	415.34
04:17:55	16.03	15.674	15.673	16.371	15.927	16.099	415.42	415.34
04:18:55	16.029	15.673	15.671	16.36	15.931	16.099	415.42	415.34
04:19:55	16.03	15.672	15.673	16.35	15.929	16.099	415.42	415.34
04:20:55	16.03	15.672	15.671	16.34	15.928	16.1	415.42	415.34
04:21:55	16.031	15.674	15.659	16.33	15.926	16.099	415.42	415.34
04:22:55	16.033	15.671	15.657	16.326	15.925	16.101	415.42	415.34
04:23:55	16.03	15.671	15.649	16.318	15.93	16.1	415.42	415.34
04:24:55	16.028	15.672	15.656	16.312	15.929	16.1	415.42	415.34
04:25:55	16.03	15.671	15.658	16.31	15.927	16.099	415.42	415.34
04:26:55	16.032	15.671	15.656	16.305	15.928	16.1	415.42	415.34
04:27:55	16.031	15.671	15.645	16.331	15.929	16.099	415.42	415.34
04:28:55	16.032	15.67	15.652	16.338	15.927	16.1	415.42	415.34
04:29:55	16.031	15.674	15.662	16.334	15.929	16.1	415.42	415.34
04:30:55	16.031	15.676	15.66	16.33	15.93	16.102	415.42	415.34
04:31:55	16.032	15.672	15.652	16.319	15.929	16.102	415.42	415.34
04:32:55	16.032	15.676	15.659	16.31	15.93	16.101	415.42	415.34
04:33:55	16.032	15.675	15.659	16.301	15.933	16.102	415.42	415.34
04:34:55	16.029	15.676	15.659	16.294	15.931	16.102	415.42	415.34
04:35:55	16.03	15.676	15.653	16.289	15.931	16.102	415.42	415.34
04:36:55	16.03	15.674	15.648	16.292	15.93	16.102	415.42	415.34
04:37:55	16.03	15.677	15.648	16.283	15.931	16.102	415.42	415.34
04:38:55	16.03	15.673	15.633	16.274	15.928	16.1	415.42	415.34
04:39:55	16.03	15.673	15.629	16.28	15.93	16.099	415.42	415.34
04:40:55	16.03	15.673	15.63	16.282	15.928	16.1	415.42	415.34
04:41:55	16.032	15.673	15.628	16.299	15.931	16.101	415.42	415.34
04:42:55	16.03	15.675	15.624	16.306	15.928	16.1	415.42	415.34
04:43:55	16.031	15.675	15.623	16.316	15.93	16.099	415.42	415.34
04:44:55	16.031	15.672	15.632	16.32	15.929	16.1	415.42	415.34
04:45:55	16.031	15.673	15.628	16.33	15.931	16.098	415.42	415.34
04:46:55	16.029	15.672	15.621	16.348	15.929	16.1	415.42	415.34
04:47:55	16.028	15.672	15.622	16.355	15.927	16.1	415.42	415.34
04:48:55	16.03	15.673	15.622	16.348	15.926	16.097	415.42	415.34
04:49:55	16.029	15.671	15.621	16.353	15.925	16.099	415.42	415.34
04:50:55	16.03	15.672	15.619	16.359	15.926	16.099	415.42	415.34
04:51:55	16.032	15.672	15.622	16.365	15.925	16.099	415.42	415.34
04:52:55	16.031	15.672	15.628	16.367	15.925	16.098	415.42	415.34
04:53:55	16.031	15.672	15.634	16.359	15.927	16.099	415.42	415.34
04:54:55	16.03	15.671	15.637	16.358	15.928	16.099	415.42	415.34
04:55:55	16.031	15.67	15.643	16.362	15.926	16.098	415.42	415.34
04:56:55	16.03	15.67	15.639	16.373	15.928	16.098	415.42	415.34
04:57:55	16.03	15.671	15.629	16.366	15.928	16.098	415.42	415.34
04:58:55	16.032	15.67	15.631	16.378	15.929	16.097	415.42	415.34
04:59:55	16.03	15.669	15.636	16.377	15.927	16.098	415.42	415.34
05:00:56	16.03	15.67	15.643	16.378	15.929	16.097	415.42	415.34
05:01:55	0.0	15.67	15.637	16.386	15.929	16.099	415.42	415.34
05:02:55	16.031	15.671	15.63	16.397	15.93	16.098	415.42	415.34
05:03:55	16.031	15.672	15.628	16.4	15.925	16.099	415.42	415.34
05:04:55	16.03	15.673	15.628	16.397	15.925	16.099	415.42	415.34
05:05:55	16.031	15.67	15.627	16.386	15.928	16.099	415.42	415.34
05:06:55	16.029	15.67	15.631	16.388	15.929	16.098	415.42	415.34
05:07:55	16.031	15.672	15.632	16.395	15.93	16.099	415.42	415.34
05:08:55	16.03	15.671	15.638	16.386	15.928	16.1	415.42	415.34
05:09:55	16.03	15.67	15.644	16.376	15.928	16.099	415.42	415.34
05:10:55	16.03	15.672	15.647	16.371	15.925	16.099	415.42	415.34
05:11:55	16.03	15.672	15.649	16.365	15.925	16.099	415.42	415.34
05:12:55	16.032	15.671	15.64	16.365	15.924	16.098	415.42	415.34
05:13:55	16.029	15.671	15.634	16.366	15.925	16.099	415.42	415.34
05:14:55	16.03	15.672	15.633	16.363	15.928	16.099	415.42	415.34
05:15:55	16.029	15.671	15.641	16.359	15.929	16.099	415.42	415.34
05:16:56	16.031	15.672	15.646	16.363	15.929	16.099	415.42	415.34
05:17:55	0.0	15.673	15.64	16.37	15.928	16.098	415.42	415.34
05:18:55	16.03	15.672	15.635	16.372	15.926	16.097	415.42	415.34
05:19:55	16.03	15.671	15.632	16.385	15.926	16.099	415.42	415.34
05:20:55	16.03	15.669	15.635	16.388	15.923	16.095	415.42	415.34
05:21:56	16.031	15.67	15.64	16.377	15.923	16.097	415.42	415.34
05:22:55	16.031	15.666	15.645	16.38	15.927	16.095	415.42	415.34
05:23:55	16.028	15.666	15.649	16.376	15.924	16.095	415.42	415.34
05:24:55	16.029	15.667	15.645	16.373	15.924	16.095	415.42	415.34
05:25:55	16.028	15.666	15.637	16.369	15.923	16.095	415.42	415.34
05:26:55	16.029	15.664	15.635	16.368	15.925	16.095	415.42	415.34
05:27:55	16.029	15.664	15.63	16.371	15.924	16.095	415.42	415.34
05:28:55	16.027	15.664	15.632	16.369	15.922	16.096	415.42	415.34
05:29:55	16.029	15.664	15.63	16.374	15.921	16.095	415.42	415.34
05:30:55	16.027	15.665	15.626	16.365	15.923	16.095	415.42	415.34
05:31:55	16.028	15.664	15.626	16.356	15.923	16.095	415.42	415.34
05:32:55	16.029	15.665	15.629	16.366	15.924	16.095	415.42	415.34
05:33:55	16.027	15.663	15.629	16.357	15.924	16.095	415.42	415.34
05:34:55	16.027	15.663	15.626	16.364	15.923	16.094	415.42	415.34
05:35:55	16.028	15.663	15.624	16.37	15.92	16.096	415.42	415.34
05:36:55	16.029	15.663	15.623	16.369	15.923	16.095	415.42	415.34
05:37:55	16.028	15.664	15.634	16.358	15.923	16.095	415.42	415.34
05:38:55	16.028	15.662	15.639	16.352	15.922	16.095	415.42	415.34
05:39:55	16.029	15.663	15.632	16.38	15.925	16.095	415.42	415.34
05:40:55	16.029	15.664	15.635	16.404	15.924	16.094	415.42	415.34
05:41:55	16.026	15.664	15.64	16.398	15.924	16.095	415.42	415.34
05:42:55	16.028	15.665	15.644	16.383	15.921	16.094	415.42	415.34
05:43:55	16.026	15.663	15.65	16.364	15.92	16.093	415.42	415.34
05:44:55	16.026	15.662	15.646	16.355	15.921	16.093	415.42	415.34
05:45:55	16.028	15.661	15.639	16.339	15.922	16.094	415.42	415.34
05:46:55	16.027	15.662	15.638	16.329	15.922	16.094	415.42	415.34
05:47:55	16.028	15.663	15.631	16.324	15.924	16.094	415.42	415.34
05:48:55	16.027	15.662	15.628	16.315	15.926	16.096	415.42	415.34
05:49:55	16.027	15.663	15.625	16.31	15.924	16.094	415.42	415.34
05:50:55	16.028	15.662	15.626	16.299	15.923	16.094	415.42	415.34
05:51:55	16.028	15.661	15.631	16.296	15.922	16.095	415.42	415.34
05:52:55	16.027	15.662	15.63	16.293	15.92	16.095	415.42	415.34
05:53:57	16.027	15.663	15.635	16.29	15.92	16.094	415.42	415.34
05:54:55	16.028	15.664	15.633	16.292	15.924	16.095	415.42	415.34
05:55:55	16.028	15.664	15.624	16.303	15.922	16.095	415.42	415.34
05:56:55	16.028	15.667	15.625	16.301	15.925	16.095	415.42	415.34
05:57:55	16.027	15.665	15.622	16.295	15.924	16.095	415.42	415.34
05:58:55	16.029	15.665	15.618	16.292	15.923	16.096	415.42	415.34
05:59:55	16.028	15.666	15.62	16.309	15.924	16.096	415.42	415.34
06:00:56	16.027	15.666	15.637	16.34	15.922	16.096	415.42	415.34
06:01:55	16.028	15.666	15.641	16.394	15.922	16.095	415.42	415.34
06:02:55	16.027	15.665	15.644	16.385	15.923	16.094	415.42	415.34
06:03:55	16.027	15.665	15.646	16.354	15.923	16.094	415.42	415.34
06:04:55	16.028	15.664	15.643	16.334	15.92	16.094	415.42	415.34
06:05:55	16.028	15.664	15.638	16.32	15.92	16.093	415.42	415.34
06:06:55	16.028	15.662	15.634	16.338	15.918	16.092	415.42	415.34
06:07:55	16.028	15.663	15.629	16.324	15.918	16.093	415.42	415.34
06:08:55	16.027	15.662	15.623	16.31	15.917	16.091	415.42	415.34
06:09:55	16.027	15.661	15.622	16.3	15.917	16.091	415.42	415.34
06:10:55	16.027	15.661	15.622	16.289	15.917	16.092	415.42	415.34
06:11:55	16.027	15.661	15.627	16.279	15.918	16.093	415.42	415.34
06:12:55	16.028	15.662	15.636	16.271	15.921	16.093	415.42	415.34
06:13:55	16.027	15.663	15.634	16.266	15.919	16.093	415.42	415.34
06:14:55	16.027	15.662	15.63	16.265	15.921	16.092	415.42	415.34
06:15:55	16.027	15.663	15.622	16.269	15.92	16.093	415.42	415.34
06:16:55	16.026	15.662	15.617	16.297	15.919	16.093	415.42	415.34
06:17:55	16.027	15.661	15.618	16.292	15.918	16.092	415.42	415.34
06:18:55	16.026	15.66	15.617	16.285	15.917	16.092	415.42	415.34
06:19:55	16.026	15.661	15.621	16.287	15.917	16.093	415.42	415.34
06:20:55	16.027	15.66	15.622	16.282	15.917	16.091	415.42	415.34
06:21:55	16.027	15.661	15.63	16.271	15.919	16.091	415.42	415.34
06:22:55	16.026	15.66	15.625	16.24	15.919	16.091	415.42	415.34
06:23:55	16.026	15.659	15.606	16.199	15.921	16.093	415.42	415.34
06:24:55	16.026	15.66	15.598	16.21	15.921	16.093	415.42	415.34
06:25:55	16.026	15.659	15.65	16.355	15.922	16.091	415.42	415.34
06:26:55	16.026	15.66	15.688	16.429	15.92	16.093	415.42	415.34
06:27:55	16.026	15.661	15.675	16.528	15.919	16.092	415.42	415.34
06:28:55	16.026	15.661	15.714	16.523	15.92	16.093	415.42	415.34
06:29:55	16.026	15.661	15.721	16.48	15.917	16.093	415.42	415.34
06:30:56	16.026	15.662	15.716	16.473	15.919	16.094	415.42	415.34
06:31:55	0.0	15.662	15.708	16.459	15.917	16.094	415.42	415.34
06:32:55	16.027	15.663	15.715	16.448	15.918	16.093	415.42	415.34
06:33:55	16.027	15.664	15.719	16.522	15.92	16.095	415.42	415.34
06:34:56	16.027	15.662	15.75	16.58	15.921	16.096	415.42	415.34
06:35:55	16.026	15.663	15.738	16.457	15.921	16.094	415.42	415.34
06:36:56	16.025	15.664	15.716	16.357	15.919	16.095	415.42	415.34
06:37:55	16.025	15.663	15.699	16.424	15.919	16.095	415.42	415.34
06:38:55	16.026	15.666	15.711	16.428	15.92	16.094	415.42	415.34
06:39:55	16.026	15.665	15.739	16.573	15.923	16.095	415.42	415.34
06:40:55	16.026	15.668	15.772	16.627	15.923	16.096	415.42	415.34
06:41:55	16.027	15.669	15.785	16.628	15.924	16.095	415.42	415.34
06:42:55	16.025	15.671	15.793	16.699	15.923	16.095	415.42	415.34
06:43:55	16.025	15.671	15.782	16.731	15.919	16.096	415.42	415.34
06:44:55	16.028	15.672	15.826	16.787	15.92	16.095	415.42	415.34
06:45:55	16.026	15.671	15.827	16.742	15.918	16.093	415.42	415.34
06:46:55	16.025	15.669	15.76	16.616	15.919	16.093	415.42	415.34
06:47:55	16.027	15.67	15.723	16.516	15.919	16.093	415.42	415.34
06:48:55	16.025	15.668	15.707	16.451	15.917	16.093	415.42	415.34
06:49:55	16.025	15.666	15.698	16.412	15.918	16.092	415.42	415.34
06:50:55	16.024	15.665	15.682	16.415	15.92	16.091	415.42	415.34
06:51:55	16.025	15.664	15.677	16.403	15.919	16.092	415.42	415.34
06:52:55	16.025	15.666	15.679	16.391	15.917	16.092	415.42	415.34
06:53:55	16.024	15.664	15.673	16.373	15.92	16.091	415.42	415.34
06:54:55	16.028	15.663	15.668	16.356	15.922	16.093	415.42	415.34
06:55:55	16.026	15.664	15.663	16.342	15.919	16.094	415.42	415.34
06:56:55	16.026	15.664	15.664	16.336	15.918	16.092	415.42	415.34
06:57:55	16.027	15.662	15.657	16.329	15.919	16.093	415.42	415.34
06:58:55	16.027	15.665	15.653	16.332	15.922	16.094	415.42	415.34
06:59:55	16.027	15.665	15.651	16.324	15.922	16.094	415.42	415.34
07:00:55	16.026	15.666	15.654	16.32	15.919	16.093	415.42	415.34
07:01:55	16.029	15.667	15.656	16.32	15.922	16.095	415.42	415.34
07:02:55	16.025	15.667	15.651	16.314	15.918	16.092	415.42	415.34
07:03:55	16.027	15.667	15.646	16.349	15.918	16.094	415.42	415.34
07:04:55	16.027	15.667	15.646	16.362	15.918	16.095	415.42	415.34
07:05:55	16.026	15.663	15.644	16.346	15.92	16.094	415.42	415.34
07:06:55	16.027	15.666	15.647	16.339	15.919	16.094	415.42	415.34
07:07:55	16.027	15.667	15.641	16.33	15.922	16.094	415.42	415.34
07:08:55	16.025	15.666	15.647	16.329	15.922	16.093	415.42	415.34
07:09:55	16.027	15.668	15.654	16.364	15.925	16.093	415.42	415.34
07:10:55	16.025	15.669	15.72	16.486	15.926	16.094	415.42	415.34
07:11:55	16.025	15.668	15.757	16.505	15.922	16.095	415.42	415.34
07:12:55	16.027	15.668	15.763	16.488	15.919	16.095	415.42	415.34
07:13:56	16.024	15.669	15.779	16.471	15.922	16.095	415.42	415.34
07:14:55	0.0	15.667	15.785	16.557	15.92	16.095	415.42	415.34
07:15:55	16.024	15.669	15.791	16.548	15.92	16.094	415.42	415.34
07:16:55	16.027	15.669	15.789	16.629	15.922	16.094	415.42	415.34
07:17:55	16.027	15.67	15.839	16.781	15.922	16.095	415.42	415.34
07:18:55	16.028	15.67	15.85	16.835	15.922	16.095	415.42	415.34
07:19:55	16.026	15.668	15.856	16.786	15.922	16.095	415.42	415.34
07:20:56	16.026	15.67	15.778	16.663	15.921	16.094	415.42	415.34
07:21:55	16.026	15.668	15.737	16.557	15.92	16.094	415.42	415.34
07:22:55	16.026	15.67	15.719	16.485	15.921	16.094	415.42	415.34
07:23:55	16.024	15.67	15.71	16.447	15.921	16.094	415.42	415.34
07:24:55	16.026	15.668	15.692	16.426	15.922	16.093	415.42	415.34
07:25:55	16.027	15.668	15.688	16.418	15.921	16.094	415.42	415.34
07:26:55	16.026	15.667	15.683	16.408	15.919	16.093	415.42	415.34
07:27:55	16.026	15.668	15.678	16.392	15.921	16.093	415.42	415.34
07:28:55	16.025	15.667	15.678	16.376	15.924	16.093	415.42	415.34
07:29:55	16.025	15.668	15.677	16.36	15.921	16.093	415.42	415.34
07:30:55	16.027	15.668	15.674	16.34	15.917	16.093	415.42	415.34
07:31:55	16.026	15.667	15.673	16.325	15.918	16.093	415.42	415.34
07:32:55	16.024	15.666	15.671	16.314	15.919	16.093	415.42	415.34
07:33:55	16.026	15.668	15.668	16.317	15.921	16.093	415.42	415.34
07:34:55	16.026	15.667	15.662	16.306	15.92	16.093	415.42	415.34
07:35:55	16.027	15.668	15.66	16.292	15.921	16.092	415.42	415.34
07:36:55	16.026	15.667	15.659	16.28	15.918	16.092	415.42	415.34
07:37:55	16.027	15.667	15.658	16.28	15.92	16.093	415.42	415.34
07:38:55	16.026	15.669	15.657	16.297	15.921	16.094	415.42	415.34
07:39:55	16.029	15.665	15.656	16.287	15.92	16.094	415.42	415.34
07:40:55	16.025	15.668	15.658	16.285	15.918	16.093	415.42	415.34
07:41:55	16.029	15.666	15.656	16.284	15.919	16.091	415.42	415.34
07:42:55	16.027	15.666	15.653	16.284	15.919	16.093	415.42	415.34
07:43:55	16.027	15.665	15.655	16.28	15.918	16.092	415.42	415.34
07:44:55	16.029	15.668	15.65	16.261	15.919	16.092	415.42	415.34
07:45:55	16.026	15.664	15.65	16.232	15.92	16.092	415.42	415.34
07:46:55	16.025	15.667	15.647	16.223	15.919	16.091	415.42	415.34
07:47:55	16.025	15.664	15.646	16.222	15.918	16.09	415.42	415.34
07:48:55	16.024	15.662	15.656	16.241	15.918	16.09	415.42	415.34
07:49:55	16.028	15.663	15.677	16.285	15.918	16.091	415.42	415.34
07:50:55	16.024	15.666	15.719	16.4	15.918	16.093	415.42	415.34
07:51:55	16.028	15.665	15.736	16.397	15.919	16.091	415.42	415.34
07:52:55	16.026	15.666	15.737	16.398	15.92	16.091	415.42	415.34
07:53:55	16.029	15.668	15.728	16.377	15.92	16.092	415.42	415.34
07:54:55	16.027	15.666	15.761	16.461	15.923	16.091	415.42	415.34
07:55:55	16.026	15.669	15.789	16.503	15.922	16.091	415.42	415.34
07:56:55	16.025	15.666	15.806	16.591	15.924	16.092	415.42	415.34
07:57:55	16.027	15.665	15.819	16.572	15.925	16.092	415.42	415.34
07:58:55	16.026	15.669	15.795	16.491	15.922	16.093	415.42	415.34
07:59:55	16.026	15.667	15.791	16.471	15.922	16.093	415.42	415.34
08:00:55	16.027	15.669	15.79	16.438	15.922	16.093	415.42	415.34
08:01:55	16.027	15.669	15.804	16.502	15.922	16.093	415.42	415.34
08:02:55	16.027	15.669	15.815	16.499	15.919	16.092	415.42	415.34
08:03:55	16.027	15.668	15.826	16.576	15.919	16.092	415.42	415.34
08:04:55	16.026	15.667	15.836	16.609	15.922	16.092	415.42	415.34
08:05:55	16.026	15.667	15.846	16.654	15.918	16.091	415.42	415.34
08:06:55	16.027	15.666	15.834	16.61	15.917	16.091	415.42	415.34
08:07:55	16.026	15.665	15.776	16.519	15.918	16.09	415.42	415.34
08:08:55	16.027	15.666	15.742	16.457	15.92	16.09	415.42	415.34
08:09:55	16.026	15.665	15.726	16.411	15.919	16.09	415.42	415.34
08:10:55	16.026	15.665	15.715	16.382	15.921	16.091	415.42	415.34
08:11:55	16.025	15.665	15.694	16.371	15.92	16.091	415.42	415.34
08:12:55	16.025	15.665	15.69	16.365	15.92	16.091	415.42	415.34
08:13:55	16.025	15.664	15.683	16.353	15.918	16.09	415.42	415.34
08:14:55	16.026	15.665	15.676	16.352	15.92	16.091	415.42	415.34
08:15:55	16.025	15.664	15.674	16.339	15.92	16.092	415.42	415.34
08:16:55	16.026	15.664	15.672	16.331	15.92	16.091	415.42	415.34
08:17:55	16.027	15.664	15.676	16.315	15.922	16.091	415.42	415.34
08:18:55	16.026	15.664	15.677	16.306	15.919	16.092	415.42	415.34
08:19:55	16.028	15.665	15.676	16.302	15.919	16.091	415.42	415.34
08:20:55	16.027	15.665	15.665	16.311	15.922	16.093	415.42	415.34
08:21:55	16.026	15.666	15.66	16.328	15.919	16.092	415.42	415.34
08:22:55	16.027	15.668	15.661	16.322	15.918	16.093	415.42	415.34
08:23:55	16.026	15.67	15.664	16.31	15.917	16.093	415.42	415.34
08:24:55	16.027	15.67	15.657	16.329	15.917	16.093	415.42	415.34
08:25:55	16.027	15.668	15.657	16.384	15.919	16.093	415.42	415.34
08:26:55	16.026	15.67	15.666	16.386	15.922	16.092	415.42	415.34
08:27:55	16.026	15.67	15.668	16.37	15.922	16.091	415.42	415.34
08:28:55	16.026	15.671	15.665	16.35	15.918	16.093	415.42	415.34
08:29:55	16.028	15.672	15.669	16.331	15.918	16.091	415.42	415.34
08:30:55	16.028	15.67	15.67	16.311	15.919	16.09	415.42	415.34
08:31:55	16.026	15.668	15.65	16.313	15.915	16.091	415.42	415.34
08:32:56	16.026	15.668	15.649	16.307	15.916	16.09	415.42	415.34
08:33:55	16.026	15.665	15.646	16.308	15.915	16.09	415.42	415.34
08:34:56	16.025	15.668	15.647	16.294	15.916	16.089	0.0	415.34
08:35:55	16.024	15.666	15.65	16.3	15.915	16.088	415.42	415.34
08:36:57	16.027	15.665	15.652	16.302	15.917	16.088	415.42	415.34
08:37:55	16.025	15.664	15.642	16.304	15.919	16.09	415.42	415.34
08:38:57	16.026	15.664	15.636	16.303	15.919	16.089	415.42	415.34
08:39:55	16.026	15.666	15.634	16.305	15.919	16.09	415.42	415.34
08:40:55	16.026	15.663	15.635	16.307	15.916	16.09	415.42	415.34
08:41:55	16.027	15.664	15.633	16.337	15.917	16.088	415.42	415.34
08:42:55	16.024	15.664	15.641	16.39	15.915	16.088	415.42	415.34
08:43:55	16.027	15.662	15.646	16.443	15.915	16.09	415.42	415.34
08:44:55	16.025	15.664	15.657	16.458	15.916	16.09	415.42	415.34
08:45:55	16.024	15.663	15.66	16.424	15.913	16.089	415.42	415.34
08:46:55	16.025	15.667	15.66	16.398	15.913	16.09	415.42	415.34
08:47:55	16.023	15.666	15.66	16.374	15.915	16.09	415.42	415.34
08:48:55	16.025	15.667	15.651	16.354	15.916	16.088	415.42	415.34
08:49:55	16.022	15.663	15.646	16.364	15.918	16.089	415.42	415.34
08:50:55	16.025	15.665	15.641	16.357	15.917	16.088	415.42	415.34
08:51:55	16.023	15.663	15.638	16.348	15.918	16.089	415.42	415.34
08:52:55	16.028	15.665	15.637	16.347	15.918	16.09	415.42	415.34
08:53:55	16.028	15.666	15.638	16.338	15.917	16.089	415.42	415.34
08:54:55	16.028	15.665	15.633	16.336	15.918	16.09	415.42	415.34
08:55:55	16.025	15.666	15.643	16.337	15.92	16.09	415.42	415.34
08:56:55	16.026	15.667	15.638	16.338	15.919	16.09	415.42	415.34
08:57:55	16.024	15.663	15.637	16.341	15.92	16.089	415.42	415.34
08:58:55	16.028	15.664	15.631	16.334	15.918	16.09	415.42	415.34
08:59:55	16.027	15.666	15.631	16.333	15.921	16.092	415.42	415.34
09:00:56	16.028	15.664	15.636	16.323	15.92	16.09	415.42	415.34
09:01:55	0.0	15.665	15.636	16.315	15.919	16.09	415.42	415.34
09:02:55	16.028	15.665	15.632	16.318	15.92	16.089	415.42	415.34
09:03:57	16.027	15.668	15.627	16.338	15.918	16.09	415.42	415.34
09:04:55	16.025	15.666	15.624	16.342	15.914	16.088	415.42	415.34
09:05:55	16.025	15.666	15.63	16.335	15.916	16.089	415.42	415.34
09:06:55	16.022	15.663	15.628	16.333	15.918	16.09	415.42	415.34
09:07:55	16.024	15.662	15.627	16.331	15.917	16.088	415.42	415.34
09:08:55	16.026	15.66	15.63	16.342	15.916	16.088	415.42	415.34
09:09:55	16.026	15.664	15.671	16.46	15.915	16.089	415.42	415.34
09:10:55	16.027	15.664	15.751	16.557	15.914	16.088	415.42	415.34
09:11:55	16.027	15.662	15.804	16.626	15.913	16.088	415.42	415.34
09:12:55	16.024	15.661	15.855	16.74	15.915	16.088	415.42	415.34
09:13:55	16.026	15.663	15.865	16.77	15.917	16.088	415.42	415.34
09:14:55	16.025	15.666	15.848	16.7	15.915	16.089	415.42	415.34
09:15:55	16.024	15.667	15.771	16.585	15.914	16.089	415.42	415.34
09:16:55	16.024	15.666	15.724	16.504	15.913	16.088	415.42	415.34
09:17:55	16.026	15.663	15.707	16.451	15.914	16.088	415.42	415.34
09:18:55	16.024	15.664	15.697	16.413	15.914	16.088	415.42	415.34
09:19:55	16.024	15.663	15.68	16.398	15.915	16.087	415.42	415.34
09:20:55	16.024	15.663	15.671	16.397	15.914	16.087	415.42	415.34
09:21:55	16.025	15.661	15.667	16.38	15.915	16.088	415.42	415.34
09:22:55	16.023	15.662	15.665	16.375	15.914	16.088	415.42	415.34
09:23:55	16.024	15.661	15.66	16.368	15.915	16.087	415.42	415.34
09:24:55	16.026	15.66	15.66	16.363	15.913	16.087	415.42	415.34
09:25:55	16.025	15.661	15.654	16.353	15.914	16.087	415.42	415.34
09:26:55	16.024	15.662	15.651	16.346	15.914	16.087	415.42	415.34
09:27:55	16.024	15.662	15.648	16.346	15.915	16.086	415.42	415.34
09:28:55	16.024	15.663	15.641	16.342	15.916	16.088	415.42	415.34
09:29:55	16.024	15.666	15.641	16.336	15.914	16.088	415.42	415.34
09:30:55	16.024	15.664	15.645	16.328	15.913	16.088	415.42	415.34
09:31:55	16.024	15.664	15.647	16.317	15.911	16.089	415.42	415.34
09:32:55	16.024	15.666	15.65	16.322	15.914	16.088	415.42	415.34
09:33:55	16.025	15.663	15.639	16.326	15.915	16.089	415.42	415.34
09:34:55	16.026	15.665	15.639	16.326	15.914	16.088	415.42	415.34
09:35:55	16.022	15.663	15.643	16.335	15.915	16.09	415.42	415.34
09:36:55	16.026	15.666	15.642	16.333	15.914	16.089	415.42	415.34
09:37:55	16.026	15.664	15.642	16.334	15.915	16.089	415.42	415.34
09:38:55	16.027	15.665	15.649	16.35	15.913	16.089	415.42	415.34
09:39:55	16.026	15.668	15.661	16.39	15.916	16.089	415.42	415.34
09:40:56	16.026	15.667	15.715	16.599	15.915	16.089	415.42	415.34
09:41:55	16.025	15.666	15.76	16.797	15.915	16.088	415.42	415.34
09:42:55	16.025	15.664	15.729	16.712	15.913	16.088	415.42	415.34
09:43:55	16.027	15.664	15.698	16.579	15.913	16.088	415.42	415.34
09:44:55	16.026	15.664	15.683	16.498	15.913	16.088	415.42	415.34
09:45:55	16.026	15.665	15.68	16.448	15.912	16.089	415.42	415.34
09:46:55	16.026	15.663	15.668	16.413	15.913	16.088	415.42	415.34
09:47:55	16.026	15.666	15.66	16.409	15.916	16.088	415.42	415.34
09:48:55	16.026	15.663	15.658	16.401	15.915	16.089	415.42	415.34
09:49:55	16.025	15.663	15.654	16.388	15.915	16.089	415.42	415.34
09:50:55	16.026	15.664	15.648	16.375	15.913	16.089	415.42	415.34
09:51:55	16.027	15.665	15.648	16.373	15.912	16.087	415.42	415.34
09:52:55	16.026	15.666	15.648	16.368	15.915	16.088	415.42	415.34
09:53:55	16.025	15.668	15.645	16.359	15.915	16.091	415.42	415.34
09:54:55	16.024	15.665	15.641	16.356	15.915	16.088	415.42	415.34
09:55:55	16.023	15.663	15.641	16.347	15.916	16.09	415.42	415.34
09:56:55	16.026	15.664	15.639	16.341	15.917	16.088	415.42	415.34
09:57:55	16.028	15.668	15.64	16.342	15.917	16.089	415.42	415.34
09:58:55	16.028	15.664	15.641	16.334	15.916	16.089	415.42	415.34
09:59:55	16.024	15.667	15.64	16.331	15.916	16.089	415.42	415.34
10:00:55	16.025	15.665	15.636	16.332	15.918	16.087	415.42	415.34
10:01:55	16.027	15.664	15.637	16.356	15.917	16.088	415.42	415.34
10:02:57	16.027	15.664	15.641	16.358	15.917	16.087	415.42	415.34
10:03:55	16.028	15.667	15.637	16.361	15.917	16.087	415.42	415.34
10:04:55	16.025	15.665	15.638	16.362	15.915	16.089	415.42	415.34
10:05:55	16.029	15.668	15.644	16.349	15.917	16.088	415.42	415.34
10:06:55	16.026	15.668	15.64	16.342	15.919	16.089	415.42	415.34
10:07:55	16.025	15.668	15.647	16.346	15.919	16.09	415.42	415.34
10:08:55	16.025	15.666	15.653	16.338	15.919	16.089	415.42	415.34
10:09:55	16.025	15.666	15.65	16.334	15.919	16.088	415.42	415.34
10:10:55	16.024	15.667	15.651	16.335	15.92	16.091	415.42	415.34
10:11:55	16.027	15.667	15.644	16.328	15.919	16.089	415.42	415.34
10:12:55	16.025	15.668	15.633	16.323	15.92	16.09	415.42	415.34
10:13:55	16.026	15.666	15.628	16.334	15.917	16.089	415.42	415.34
10:14:55	16.023	15.67	15.628	16.329	15.918	16.089	415.42	415.34
10:15:55	16.026	15.67	15.627	16.332	15.916	16.088	415.42	415.34
10:16:55	16.024	15.667	15.63	16.33	15.919	16.088	415.42	415.34
10:17:55	16.027	15.666	15.638	16.32	15.918	16.087	415.42	415.34
10:18:55	16.026	15.667	15.63	16.325	15.916	16.088	415.42	415.34
10:19:55	16.026	15.665	15.63	16.333	15.916	16.088	415.42	415.34
10:20:55	16.024	15.666	15.628	16.33	15.916	16.087	415.42	415.34
10:21:55	16.026	15.665	15.625	16.33	15.918	16.088	415.42	415.34
10:22:55	16.025	15.667	15.625	16.33	15.916	16.087	415.42	415.34
10:23:55	16.026	15.664	15.626	16.355	15.918	16.087	415.42	415.34
10:24:55	16.028	15.665	15.639	16.386	15.916	16.087	415.42	415.34
10:25:55	16.025	15.664	15.645	16.398	15.915	16.087	415.42	415.34
10:26:55	16.027	15.667	15.645	16.379	15.918	16.087	415.42	415.34
10:27:55	16.025	15.667	15.645	16.364	15.918	16.088	415.42	415.34
10:28:55	16.025	15.669	15.645	16.355	15.918	16.087	415.42	415.34
10:29:55	16.026	15.667	15.634	16.352	15.92	16.087	415.42	415.34
10:30:55	16.027	15.666	15.63	16.347	15.919	16.087	415.42	415.34
10:31:55	16.026	15.669	15.626	16.347	15.919	16.088	415.42	415.34
10:32:55	16.028	15.667	15.629	16.339	15.921	16.089	415.42	415.34
10:33:55	16.026	15.668	15.625	16.336	15.917	16.089	415.42	415.34
10:34:55	16.025	15.667	15.624	16.335	15.919	16.09	415.42	415.34
10:35:55	16.026	15.666	15.628	16.345	15.919	16.087	415.42	415.34
10:36:55	16.025	15.668	15.624	16.342	15.917	16.088	415.42	415.34
10:37:56	16.028	15.666	15.635	16.329	15.918	16.087	415.42	415.34
10:38:55	16.024	15.664	15.638	16.319	15.918	16.089	415.42	415.34
10:39:55	16.026	15.666	15.626	16.333	15.917	16.089	415.42	415.34
10:40:55	16.027	15.666	15.627	16.344	15.918	16.087	415.42	415.34
10:41:57	16.025	15.668	15.624	16.352	15.915	16.088	415.42	415.34
10:42:55	16.024	15.667	15.623	16.343	15.916	16.088	415.42	415.34
10:43:55	16.024	15.668	15.625	16.342	15.918	16.088	415.42	415.34
10:44:55	16.025	15.666	15.623	16.334	15.917	16.089	415.42	415.34
10:45:55	16.027	15.667	15.627	16.326	15.918	16.088	415.42	415.34
10:46:55	16.026	15.668	15.647	16.322	15.919	16.09	415.42	415.34
10:47:55	16.025	15.668	15.662	16.316	15.919	16.089	415.42	415.34
10:48:55	16.025	15.667	15.666	16.308	15.922	16.09	415.42	415.34
10:49:55	16.026	15.669	15.673	16.315	15.921	16.089	415.42	415.34
10:50:55	16.027	15.67	15.668	16.313	15.919	16.089	415.42	415.34
10:51:55	16.025	15.673	15.68	16.337	15.918	16.09	415.42	415.34
10:52:55	16.027	15.672	15.724	16.483	15.919	16.09	415.42	415.34
10:53:56	16.027	15.67	15.758	16.475	15.921	16.089	415.42	415.34
10:54:55	16.025	15.672	15.753	16.462	15.917	16.088	415.42	415.34
10:55:55	16.027	15.669	15.765	16.444	15.921	16.09	415.42	415.34
10:56:55	16.026	15.67	15.77	16.433	15.919	16.089	415.42	415.34
10:57:55	16.026	15.671	15.79	16.483	15.919	16.088	415.42	415.34
10:58:57	16.027	15.667	15.808	16.553	15.92	16.088	415.42	415.34
10:59:55	16.025	15.672	15.809	16.652	15.917	16.087	415.42	415.34
11:00:55	16.025	15.669	15.829	16.641	15.919	16.089	415.42	415.34
11:01:55	16.025	15.668	15.822	16.709	15.919	16.088	415.42	415.34
11:02:55	16.026	15.668	15.835	16.689	15.916	16.088	415.42	415.34
11:03:57	16.026	15.668	15.817	16.638	15.916	16.088	415.42	415.34
11:04:55	16.026	15.669	15.816	16.668	15.916	16.089	415.42	415.34
11:05:55	16.026	15.669	15.831	16.682	15.916	16.089	415.42	415.34
11:06:55	16.027	15.669	15.866	16.721	15.916	16.088	415.42	415.34
11:07:55	16.026	15.67	15.812	16.617	15.918	16.09	415.42	415.34
11:08:55	16.027	15.669	15.76	16.528	15.916	16.089	415.42	415.34
11:09:55	16.027	15.671	15.735	16.466	15.917	16.088	415.42	415.34
11:10:55	16.026	15.67	15.722	16.415	15.918	16.088	415.42	415.34
11:11:55	16.026	15.671	15.704	16.395	15.916	16.089	415.42	415.34
11:12:55	16.026	15.671	15.694	16.383	15.917	16.09	415.42	415.34
11:13:55	16.027	15.671	15.684	16.367	15.919	16.09	415.42	415.34
11:14:55	16.026	15.671	15.68	16.353	15.918	16.089	415.42	415.34
11:15:55	16.025	15.672	15.673	16.34	15.919	16.09	415.42	415.34
11:16:55	16.027	15.672	15.673	16.331	15.918	16.09	415.42	415.34
11:17:55	16.026	15.672	15.669	16.315	15.918	16.09	415.42	415.34
11:18:55	16.026	15.672	15.664	16.308	15.916	16.088	415.42	415.34
11:19:55	16.028	15.673	15.657	16.303	15.918	16.09	415.42	415.34
11:20:55	16.026	15.672	15.652	16.29	15.917	16.089	415.42	415.34
11:21:55	16.027	15.671	15.658	16.28	15.919	16.089	415.42	415.34
11:22:55	16.026	15.671	15.66	16.271	15.917	16.09	415.42	415.34
11:23:55	16.027	15.671	15.65	16.277	15.918	16.09	415.42	415.34
11:24:55	16.026	15.671	15.648	16.298	15.916	16.09	415.42	415.34
11:25:55	16.028	15.673	15.645	16.294	15.916	16.09	415.42	415.34
11:26:55	16.026	15.671	15.644	16.3	15.918	16.089	415.42	415.34
11:27:55	16.027	15.67	15.643	16.326	15.916	16.088	415.42	415.34
11:28:55	16.028	15.672	15.648	16.386	15.918	16.09	415.42	415.34
11:29:55	16.025	15.673	15.659	16.438	15.918	16.089	415.42	415.34
11:30:55	16.027	15.672	15.668	16.431	15.918	16.09	415.42	415.34
11:31:55	16.026	15.673	15.67	16.391	15.918	16.09	415.42	415.34
11:32:55	16.025	15.675	15.667	16.353	15.917	16.09	415.42	415.34
11:33:55	16.027	15.673	15.666	16.331	15.915	16.09	415.42	415.34
11:34:55	16.025	15.673	15.656	16.316	15.918	16.09	415.42	415.34
11:35:55	16.025	15.671	15.648	16.313	15.917	16.089	415.42	415.34
11:36:55	16.026	15.673	15.649	16.3	15.918	16.089	415.42	415.34
11:37:55	16.027	15.671	15.652	16.284	15.918	16.09	415.42	415.34
11:38:56	16.028	15.673	15.652	16.264	15.917	16.09	415.42	415.34
11:39:55	16.027	15.672	15.645	16.257	15.916	16.089	415.42	415.34
11:40:55	16.029	15.675	15.645	16.238	15.917	16.089	415.42	415.34
11:41:55	16.03	15.671	15.647	16.234	15.915	16.089	415.42	415.34
11:42:55	16.027	15.674	15.644	16.225	15.917	16.09	415.42	415.34
11:43:55	16.028	15.671	15.628	16.236	15.92	16.09	415.42	415.34
11:44:55	16.028	15.671	15.629	16.249	15.919	16.091	415.42	415.34
11:45:55	16.028	15.675	15.63	16.257	15.919	16.09	415.42	415.34
11:46:55	16.028	15.672	15.625	16.251	15.917	16.09	415.42	415.34
11:47:55	16.028	15.676	15.626	16.246	15.918	16.09	415.42	415.34
11:48:55	16.027	15.676	15.617	16.244	15.918	16.09	415.42	415.34
11:49:55	16.029	15.675	15.62	16.235	15.919	16.09	415.42	415.34
11:50:57	16.028	15.676	15.61	16.186	15.921	16.091	415.42	415.34
11:51:55	16.027	15.677	15.595	16.148	15.921	16.092	415.42	415.34
11:52:55	16.028	15.677	15.586	16.144	15.921	16.092	415.42	415.34
11:53:55	16.028	15.677	15.581	16.142	15.918	16.091	415.42	415.34
11:54:55	16.027	15.678	15.576	16.122	15.919	16.092	415.42	415.34
11:55:55	16.029	15.679	15.556	16.112	15.919	16.092	415.42	415.34
11:56:55	16.029	15.677	15.543	16.098	15.92	16.091	415.42	415.34
11:57:55	16.028	15.678	15.54	16.099	15.921	16.092	415.42	415.34
11:58:55	16.026	15.679	15.543	16.102	15.922	16.091	415.42	415.34
11:59:55	16.029	15.678	15.542	16.106	15.92	16.09	415.42	415.34
12:00:55	16.027	15.676	15.541	16.096	15.92	16.091	415.42	415.34
12:01:55	16.027	15.677	15.563	16.194	15.919	16.091	415.42	415.34
12:02:55	16.027	15.675	15.614	16.463	15.921	16.091	415.42	415.34
12:03:55	16.028	15.677	15.618	16.511	15.918	16.09	415.42	415.34
12:04:55	16.03	15.678	15.646	16.455	15.92	16.09	415.42	415.34
12:05:55	16.028	15.674	15.645	16.457	15.921	16.09	415.42	415.34
12:06:55	16.029	15.676	15.658	16.575	15.919	16.089	415.42	415.34
12:07:55	16.03	15.676	15.687	16.549	15.919	16.09	415.42	415.34
12:08:55	16.029	15.674	15.711	16.618	15.922	16.091	415.42	415.34
12:09:55	16.028	15.675	15.692	16.655	15.921	16.09	415.42	415.34
12:10:55	16.028	15.674	15.71	16.558	15.922	16.089	415.42	415.34
12:11:55	16.026	15.674	15.736	16.546	15.919	16.089	415.42	415.34
12:12:57	16.028	15.673	15.716	16.623	15.918	16.088	415.42	415.34
12:13:55	16.028	15.673	15.728	16.681	15.918	16.088	415.42	415.34
12:14:55	16.027	15.673	15.729	16.599	15.919	16.088	415.42	415.34
12:15:55	16.027	15.675	15.732	16.552	15.92	16.089	415.42	415.34
12:16:55	16.027	15.674	15.689	16.48	15.919	16.088	415.42	415.34
12:17:56	16.029	15.673	15.672	16.411	15.922	16.089	415.42	415.34
12:18:55	16.028	15.673	15.664	16.369	15.92	16.09	415.42	415.34
12:19:55	16.028	15.675	15.655	16.337	15.92	16.089	415.42	415.34
12:20:55	16.027	15.675	15.64	16.326	15.921	16.09	415.42	415.34
12:21:55	16.028	15.673	15.639	16.305	15.923	16.09	415.42	415.34
12:22:55	16.028	15.675	15.644	16.292	15.921	16.091	415.42	415.34
12:23:55	16.027	15.676	15.644	16.284	15.923	16.091	415.42	415.34
12:24:55	16.028	15.675	15.634	16.278	15.919	16.09	415.42	415.34
12:25:55	16.026	15.676	15.634	16.272	15.919	16.09	415.42	415.34
12:26:55	16.028	15.675	15.624	16.26	15.92	16.09	415.42	415.34
12:27:55	16.028	15.676	15.619	16.264	15.921	16.088	415.42	415.34
12:28:55	16.026	15.675	15.622	16.259	15.919	16.088	415.42	415.34
12:29:55	16.028	15.673	15.623	16.254	15.92	16.088	415.42	415.34
12:30:55	16.028	15.675	15.617	16.252	15.921	16.089	415.42	415.34
12:31:55	16.029	15.675	15.609	16.254	15.921	16.089	415.42	415.34
12:32:55	16.029	15.675	15.611	16.257	15.92	16.09	415.42	415.34
12:33:55	16.027	15.676	15.613	16.25	15.922	16.09	415.42	415.34
12:34:55	16.028	15.676	15.613	16.274	15.919	16.091	415.42	415.34
12:35:55	16.029	15.672	15.611	16.295	15.918	16.09	415.42	415.34
12:36:56	16.025	15.676	15.627	16.306	15.918	16.089	415.42	415.34
12:37:55	16.026	15.674	15.637	16.307	15.92	16.091	415.42	415.34
12:38:55	16.027	15.673	15.631	16.296	15.92	16.09	415.42	415.34
12:39:55	16.028	15.675	15.63	16.286	15.918	16.09	415.42	415.34
12:40:55	16.028	15.674	15.626	16.27	15.919	16.09	415.42	415.34
12:41:55	16.029	15.673	15.615	16.262	15.919	16.09	415.42	415.34
12:42:55	16.028	15.676	15.614	16.259	15.919	16.09	415.42	415.34
12:43:55	16.027	15.674	15.618	16.248	15.92	16.09	415.42	415.34
12:44:57	16.029	15.676	15.613	16.243	15.92	16.091	415.42	415.34
12:45:55	16.026	15.676	15.606	16.237	15.922	16.09	415.42	415.34
12:46:57	16.026	15.68	15.605	16.237	15.924	16.091	415.42	415.34
12:47:55	16.028	15.676	15.606	16.23	15.923	16.09	415.42	415.34
12:48:57	16.028	15.676	15.614	16.223	15.92	16.091	415.42	415.34
12:49:55	16.029	15.674	15.599	16.221	15.92	16.09	415.42	415.34
12:50:55	16.025	15.675	15.607	16.248	15.919	16.091	415.42	415.34
12:51:55	16.029	15.674	15.607	16.253	15.92	16.09	415.42	415.34
12:52:55	16.028	15.676	15.605	16.216	15.92	16.09	415.42	415.34
12:53:55	16.027	15.676	15.598	16.178	15.923	16.091	415.42	415.34
12:54:55	16.028	15.676	15.592	16.174	15.918	16.089	415.42	415.34
12:55:56	16.025	15.678	15.594	16.178	15.921	16.09	415.42	415.34
12:56:55	16.027	15.677	15.587	16.161	15.923	16.091	415.42	415.34
12:57:55	16.028	15.677	15.587	16.161	15.923	16.091	415.42	415.34
12:58:55	16.028	15.677	15.58	16.153	15.92	16.089	415.42	415.34
12:59:55	16.028	15.678	15.578	16.14	15.922	16.09	415.42	415.34
13:00:55	16.027	15.676	15.574	16.138	15.92	16.09	415.42	415.34
13:01:55	16.027	15.676	15.58	16.16	15.921	16.09	415.42	415.34
13:02:55	16.026	15.677	15.59	16.216	15.919	16.09	415.42	415.34
13:03:55	16.029	15.675	15.604	16.253	15.92	16.09	415.42	415.34
13:04:55	16.027	15.674	15.629	16.382	15.918	16.09	415.42	415.34
13:05:55	16.028	15.675	15.647	16.431	15.919	16.089	415.42	415.34
13:06:55	16.024	15.672	15.69	16.471	15.921	16.09	415.42	415.34
13:07:55	16.025	15.675	15.724	16.523	15.921	16.089	415.42	415.34
13:08:55	16.027	15.675	15.695	16.434	15.917	16.089	415.42	415.34
13:09:55	16.025	15.675	15.704	16.454	15.916	16.087	415.42	415.34
13:10:55	16.03	15.67	15.722	16.49	15.915	16.089	415.42	415.34
13:11:55	16.027	15.671	15.709	16.433	15.915	16.089	415.42	415.34
13:12:55	16.026	15.672	15.722	16.432	15.913	16.09	415.42	415.34
13:13:55	16.027	15.671	15.742	16.441	15.918	16.089	415.42	415.34
13:14:55	16.029	15.672	15.754	16.467	15.919	16.088	415.42	415.34
13:15:55	16.028	15.674	15.743	16.491	15.919	16.089	415.42	415.34
13:16:56	16.026	15.67	15.769	16.576	15.919	16.088	415.42	0.0
13:17:56	16.027	15.673	15.757	16.67	15.916	16.088	415.42	415.34
13:18:55	16.026	15.672	15.757	16.655	15.917	16.088	415.42	415.34
13:19:55	16.025	15.67	15.771	16.604	15.915	16.086	415.42	415.34
13:20:56	16.027	15.672	15.787	16.532	15.915	16.088	415.42	415.34
13:21:55	16.025	15.67	15.768	16.465	15.919	16.088	415.42	415.34
13:22:55	16.026	15.671	15.759	16.516	15.918	16.088	415.42	415.34
13:23:55	16.025	15.672	15.756	16.567	15.918	16.09	415.42	415.34
13:24:56	16.026	15.671	15.812	16.623	15.918	16.09	415.42	415.34
13:25:55	16.026	15.672	15.822	16.614	15.921	16.088	415.42	415.34
13:26:55	16.026	15.672	15.75	16.506	15.92	16.089	415.42	415.34
13:27:55	16.026	15.672	15.714	16.424	15.92	16.088	415.42	415.34
13:28:56	16.025	15.671	15.697	16.375	15.918	16.088	415.42	415.34
13:29:55	0.0	15.672	15.682	16.342	15.917	16.09	415.42	415.34
13:30:55	16.025	15.672	15.669	16.327	15.914	16.088	415.42	415.34
13:31:55	16.025	15.672	15.662	16.32	15.913	16.088	415.42	415.34
13:32:55	16.025	15.672	15.656	16.309	15.916	16.089	415.42	415.34
13:33:55	16.026	15.672	15.658	16.303	15.921	16.088	415.42	415.34
13:34:55	16.025	15.67	15.653	16.289	15.919	16.088	415.42	415.34
13:35:56	16.025	15.672	15.648	16.275	15.918	16.09	415.42	415.34
13:36:56	16.023	15.671	15.644	16.26	15.917	16.089	415.42	415.34
13:37:55	16.024	15.672	15.643	16.256	15.919	16.089	415.42	415.34
13:38:55	16.024	15.673	15.643	16.256	15.92	16.087	415.42	415.34
13:39:55	16.025	15.673	15.639	16.257	15.921	16.089	415.42	415.34
13:40:55	16.025	15.673	15.63	16.283	15.92	16.089	415.42	415.34
13:41:55	16.024	15.671	15.635	16.269	15.917	16.089	415.42	415.34
13:42:55	16.027	15.676	15.63	16.212	15.915	16.089	415.42	415.34
13:43:56	16.027	15.674	15.636	16.202	15.92	16.09	415.42	415.34
13:44:55	16.023	15.673	15.639	16.205	15.922	16.088	415.42	415.34
13:45:56	16.025	15.674	15.633	16.194	15.921	16.089	415.42	415.34
13:46:55	16.023	15.671	15.64	16.211	15.921	16.089	415.42	415.34
13:47:56	16.024	15.674	15.643	16.225	15.92	16.089	415.42	415.34
13:48:56	16.025	15.671	15.662	16.266	15.918	16.09	415.42	415.34
13:49:56	16.022	15.672	15.688	16.32	15.919	16.089	0.0	415.34
13:50:56	16.025	15.672	15.696	16.349	15.919	16.088	415.42	415.34
13:51:55	16.026	15.672	15.699	16.342	15.92	16.089	415.42	415.34
13:52:55	16.023	15.67	15.716	16.364	15.918	16.09	415.42	415.34
13:53:55	16.023	15.672	15.717	16.344	15.917	16.089	415.42	415.34
13:54:55	16.024	15.669	15.725	16.35	15.919	16.089	415.42	415.34
13:55:55	16.025	15.671	15.724	16.338	15.917	16.088	415.42	415.34
13:56:55	16.026	15.673	15.746	16.437	15.919	16.088	415.42	415.34
13:57:56	16.023	15.672	15.779	16.546	15.918	16.089	415.42	415.34
13:58:55	16.023	15.671	15.796	16.503	15.918	16.088	415.42	415.34
13:59:55	16.025	15.673	15.793	16.49	15.919	16.089	415.42	415.34
14:00:56	16.022	15.672	15.786	16.437	15.921	16.089	415.42	415.34
14:01:56	16.025	15.67	15.781	16.418	15.92	16.09	415.42	415.34
14:02:56	16.024	15.672	15.797	16.455	15.918	16.089	415.42	415.34
14:03:56	16.024	15.672	15.838	16.532	15.919	16.09	415.42	415.34
14:04:56	0.0	15.672	15.835	16.507	15.916	16.088	415.42	415.34
14:05:56	16.024	15.672	15.868	16.506	15.919	16.088	415.42	415.34
14:06:56	0.0	15.671	15.896	16.584	15.92	16.088	415.42	415.34
14:07:55	16.023	15.671	15.886	16.598	15.92	16.088	415.42	415.34
14:08:55	16.024	15.671	15.887	16.598	15.918	16.088	415.42	415.34
14:09:55	16.024	15.67	15.891	16.685	15.918	16.088	415.42	415.34
14:10:55	16.023	15.668	15.894	16.72	15.917	16.088	415.42	415.34
14:11:56	16.023	15.669	15.886	16.753	15.918	16.087	415.42	415.34
14:12:55	16.024	15.669	15.93	16.755	15.921	16.087	415.42	415.34
14:13:56	16.024	15.668	15.917	16.673	15.918	16.087	415.42	415.34
14:14:56	16.023	15.669	15.835	16.54	15.92	16.089	415.42	415.34
14:15:56	16.024	15.669	15.787	16.45	15.918	16.088	415.42	415.34
14:16:55	16.023	15.669	15.76	16.39	15.919	16.09	415.42	415.34
14:17:55	16.024	15.67	15.739	16.349	15.922	16.089	415.42	415.34
14:18:55	16.025	15.67	15.72	16.333	15.921	16.089	415.42	415.34
14:19:55	16.022	15.67	15.709	16.318	15.92	16.087	415.42	415.34
14:20:55	16.024	15.671	15.703	16.306	15.92	16.088	415.42	415.34
14:21:56	16.023	15.67	15.7	16.299	15.92	16.089	415.42	415.34
14:22:55	16.024	15.671	15.687	16.289	15.919	16.088	415.42	415.34
14:23:55	16.024	15.67	15.681	16.275	15.918	16.088	415.42	415.34
14:24:55	16.023	15.671	15.683	16.263	15.919	16.088	415.42	415.34
14:25:55	16.023	15.67	15.679	16.26	15.92	16.088	415.42	415.34
14:26:55	16.025	15.67	15.669	16.259	15.916	16.089	415.42	415.34
14:27:55	16.024	15.67	15.668	16.25	15.915	16.09	415.42	415.34
14:28:56	16.024	15.67	15.67	16.241	15.918	16.088	415.42	415.34
14:29:55	16.023	15.67	15.659	16.259	15.92	16.088	415.42	415.34
14:30:56	16.024	15.672	15.667	16.268	15.919	16.089	415.42	415.34
14:31:56	16.023	15.671	15.668	16.239	15.919	16.089	415.42	415.34
14:32:56	16.024	15.671	15.661	16.246	15.92	16.09	415.42	415.34
14:33:56	16.024	15.671	15.658	16.244	15.918	16.09	415.42	415.34
14:34:55	16.022	15.675	15.658	16.237	15.92	16.09	415.42	415.34
14:35:56	16.024	15.672	15.654	16.232	15.918	16.088	415.42	415.34
14:36:55	16.024	15.672	15.643	16.228	15.921	16.089	415.42	415.34
14:37:55	16.025	15.671	15.636	16.223	15.92	16.089	415.42	415.34
14:38:56	16.024	15.671	15.632	16.224	15.924	16.09	415.42	415.34
14:39:55	16.024	15.671	15.636	16.226	15.923	16.09	415.42	415.34
14:40:58	16.023	15.673	15.634	16.215	15.922	16.089	415.42	415.34
14:41:55	16.023	15.671	15.635	16.211	15.92	16.089	415.42	415.34
14:42:55	16.023	15.673	15.627	16.218	15.923	16.09	415.42	415.34
14:43:55	16.023	15.673	15.621	16.234	15.923	16.089	415.42	415.34
14:44:55	16.022	15.674	15.624	16.222	15.922	16.09	415.42	415.34
14:45:55	16.025	15.674	15.627	16.217	15.927	16.09	415.42	415.34
14:46:55	16.022	15.673	15.619	16.218	15.926	16.091	415.42	415.34
14:47:55	16.025	15.674	15.614	16.21	15.922	16.089	415.42	415.34
14:48:55	16.026	15.671	15.62	16.212	15.917	16.09	415.42	415.34
14:49:55	16.022	15.673	15.612	16.182	15.92	16.09	415.42	415.34
14:50:56	16.024	15.675	15.626	16.224	15.925	16.089	415.42	415.34
14:51:55	16.026	15.673	15.634	16.262	15.925	16.09	415.42	415.34
14:52:56	16.024	15.673	15.684	16.41	15.923	16.089	415.42	415.34
14:53:56	16.024	15.674	15.684	16.361	15.924	16.09	415.42	415.34
14:54:57	16.023	15.671	15.663	16.3	15.923	16.09	415.42	415.34
14:55:56	16.022	15.672	15.643	16.252	15.925	16.088	415.42	415.34
14:56:56	16.023	15.669	15.647	16.234	15.924	16.088	415.42	415.34
14:57:55	16.024	15.673	15.648	16.246	15.921	16.088	415.42	415.34
14:58:56	16.024	15.67	15.657	16.271	15.917	16.09	415.42	415.34
14:59:55	16.022	15.673	15.661	16.276	15.92	16.089	415.42	415.34
15:00:55	16.024	15.669	15.656	16.278	15.92	16.088	415.42	415.34
15:01:55	16.024	15.672	15.679	16.302	15.918	16.087	415.42	415.34
15:02:56	16.025	15.671	15.653	16.265	15.916	16.087	415.42	415.34
15:03:56	16.026	15.671	15.65	16.298	15.917	16.088	415.42	415.34
15:04:55	16.024	15.67	15.661	16.349	15.922	16.089	415.42	415.34
15:05:55	16.026	15.668	15.673	16.352	15.921	16.088	415.42	415.34
15:06:55	16.024	15.67	15.673	16.374	15.919	16.09	415.42	415.34
15:07:55	16.023	15.673	15.683	16.36	15.917	16.088	415.42	415.34
15:08:55	16.024	15.669	15.716	16.423	15.92	16.089	415.42	415.34
15:09:55	16.024	15.671	15.714	16.396	15.923	16.088	415.42	415.34
15:10:55	16.022	15.67	15.735	16.405	15.922	16.089	415.42	415.34
15:11:55	16.024	15.671	15.731	16.423	15.921	16.089	415.42	415.34
15:12:56	16.024	15.671	15.75	16.433	15.918	16.087	415.42	415.34
15:13:55	16.023	15.674	15.774	16.482	15.92	16.089	415.42	415.34
15:14:55	16.023	15.672	15.757	16.442	15.921	16.089	415.42	415.34
15:15:55	16.022	15.674	15.755	16.51	15.924	16.088	415.42	415.34
15:16:56	16.024	15.67	15.755	16.637	15.92	16.089	415.42	415.34
15:17:55	16.021	15.673	15.782	16.592	15.922	16.089	415.42	415.34
15:18:55	16.025	15.673	15.79	16.544	15.924	16.088	415.42	415.34
15:19:56	16.023	15.673	15.812	16.519	15.923	16.09	415.42	415.34
15:20:55	16.023	15.673	15.779	16.443	15.922	16.09	415.42	415.34
15:21:56	16.024	15.673	15.734	16.386	15.921	16.089	415.42	415.34
15:22:56	16.024	15.673	15.704	16.345	15.919	16.089	415.42	415.34
15:23:55	16.026	15.672	15.68	16.314	15.92	16.09	415.42	415.34
15:24:55	16.024	15.672	15.668	16.295	15.922	16.089	415.42	415.34
15:25:56	16.024	15.676	15.656	16.29	15.923	16.09	415.42	415.34
15:26:55	16.023	15.675	15.65	16.283	15.921	16.088	415.42	415.34
15:27:56	16.024	15.673	15.651	16.271	15.921	16.089	415.42	415.34
15:28:56	16.021	15.672	15.648	16.257	15.922	16.088	415.42	415.34
15:29:56	16.023	15.673	15.644	16.246	15.921	16.089	415.42	415.34
15:30:55	16.025	15.676	15.637	16.249	15.924	16.09	415.42	415.34
15:31:55	16.022	15.673	15.635	16.241	15.924	16.089	415.42	415.34
15:32:56	16.024	15.673	15.635	16.243	15.922	16.09	415.42	415.34
15:33:56	16.021	15.674	15.627	16.259	15.921	16.089	415.42	415.34
15:34:56	16.025	15.669	15.619	16.259	15.92	16.088	415.42	415.34
15:35:55	16.025	15.671	15.624	16.255	15.921	16.088	415.42	415.34
15:36:56	16.024	15.669	15.628	16.254	15.92	16.088	415.42	415.34
15:37:55	16.025	15.669	15.622	16.24	15.917	16.086	415.42	415.34
15:38:56	16.023	15.669	15.625	16.241	15.918	16.087	415.42	415.34
15:39:56	16.02	15.669	15.627	16.241	15.919	16.087	415.42	415.34
15:40:56	16.022	15.669	15.621	16.232	15.918	16.088	415.42	415.34
15:41:55	16.02	15.668	15.634	16.232	15.915	16.086	415.42	415.34
15:42:55	16.022	15.667	15.636	16.228	15.915	16.086	415.42	415.34
15:43:55	16.023	15.667	15.64	16.221	15.918	16.086	415.42	415.34
15:44:55	16.021	15.666	15.623	16.198	15.917	16.087	415.42	415.34
15:45:56	16.022	15.666	15.63	16.208	15.917	16.087	415.42	415.34
15:46:55	16.023	15.666	15.643	16.243	15.916	16.087	415.42	415.34
15:47:55	16.021	15.666	15.647	16.285	15.917	16.087	415.42	415.34
15:48:56	16.022	15.666	15.653	16.281	15.919	16.088	415.42	415.34
15:49:56	16.021	15.668	15.64	16.285	15.921	16.087	415.42	415.34
15:50:56	16.022	15.667	15.669	16.313	15.919	16.087	415.42	415.34
15:51:55	16.024	15.669	15.685	16.344	15.918	16.087	415.42	415.34
15:52:55	16.023	15.666	15.661	16.275	15.919	16.087	415.42	415.34
15:53:55	16.023	15.666	15.648	16.243	15.917	16.087	415.42	415.34
15:54:57	16.024	15.668	15.641	16.233	15.916	16.087	415.42	415.34
15:55:55	0.0	15.669	15.649	16.256	15.918	16.088	415.42	415.34
15:56:57	16.022	15.668	15.656	16.279	15.918	16.088	415.42	415.34
15:57:55	16.022	15.669	15.657	16.3	15.917	16.087	415.42	415.34
15:58:55	16.023	15.668	15.665	16.319	15.914	16.087	415.42	415.34
15:59:55	16.02	15.666	15.671	16.312	15.915	16.089	415.42	415.34
16:00:56	16.02	15.666	15.668	16.305	15.917	16.087	415.42	415.34
16:01:55	16.02	15.669	15.66	16.295	15.916	16.087	415.42	415.34
16:02:55	16.021	15.668	15.655	16.259	15.916	16.087	415.42	415.34
16:03:56	16.018	15.665	15.648	16.255	15.919	16.088	415.42	415.34
16:04:55	16.022	15.668	15.644	16.242	15.918	16.086	415.42	415.34
16:05:55	16.021	15.666	15.642	16.252	15.918	16.087	415.42	415.34
16:06:56	16.02	15.667	15.663	16.297	15.919	16.086	415.42	415.34
16:07:55	16.019	15.667	15.683	16.326	15.916	16.087	415.42	415.34
16:08:56	16.022	15.666	15.706	16.348	15.918	16.086	415.42	415.34
16:09:55	16.024	15.665	15.711	16.4	15.917	16.087	415.42	415.34
16:10:55	16.022	15.665	15.735	16.483	15.917	16.087	415.42	415.34
16:11:56	16.021	15.666	15.737	16.517	15.916	16.087	415.42	415.34
16:12:55	16.022	15.666	15.745	16.486	15.917	16.087	415.42	415.34
16:13:56	16.021	15.666	15.742	16.457	15.916	16.087	415.42	415.34
16:14:56	16.02	15.666	15.731	16.452	15.914	16.086	415.42	415.34
16:15:55	16.02	15.664	15.721	16.527	15.913	16.086	415.42	415.34
16:16:55	16.02	15.665	15.748	16.588	15.914	16.086	415.42	415.34
16:17:56	16.021	15.665	15.741	16.585	15.916	16.086	415.42	415.34
16:18:55	16.021	15.665	15.758	16.502	15.918	16.087	415.42	415.34
16:19:55	16.02	15.666	15.769	16.482	15.918	16.088	415.42	415.34
16:20:55	16.02	15.665	15.768	16.431	15.917	16.085	415.42	415.34
16:21:56	16.019	15.665	15.768	16.471	15.918	16.087	415.42	415.34
16:22:56	16.019	15.665	15.784	16.577	15.92	16.087	415.42	415.34
16:23:56	16.019	15.665	15.789	16.691	15.921	16.087	415.42	415.34
16:24:56	16.019	15.665	15.795	16.742	15.92	16.087	415.42	415.34
16:25:56	16.019	15.665	15.815	16.651	15.918	16.085	415.42	415.34
16:26:55	16.019	15.665	15.812	16.556	15.92	16.086	415.42	415.34
16:27:55	16.019	15.665	15.778	16.492	15.919	16.087	415.42	415.34
16:28:56	16.018	15.664	15.728	16.427	15.917	16.086	415.42	415.34
16:29:55	16.02	15.664	15.705	16.376	15.914	16.085	415.42	415.34
16:30:55	16.02	15.664	15.694	16.338	15.915	16.086	415.42	415.34
16:31:56	16.018	15.663	15.683	16.314	15.913	16.084	415.42	415.34
16:32:55	16.019	15.662	15.669	16.315	15.914	16.084	415.42	415.34
16:33:56	16.018	15.663	15.66	16.303	15.914	16.086	415.42	415.34
16:34:55	16.019	15.663	15.658	16.293	15.917	16.085	415.42	415.34
16:35:56	16.019	15.662	15.658	16.286	15.918	16.086	415.42	415.34
16:36:56	16.019	15.662	15.656	16.275	15.915	16.086	415.42	415.34
16:37:55	16.019	15.662	15.648	16.272	15.91	16.085	415.42	415.34
16:38:56	16.019	15.661	15.645	16.272	15.911	16.084	415.42	415.34
16:39:56	16.019	15.662	15.646	16.268	15.911	16.085	415.42	415.34
16:40:55	16.02	15.663	15.644	16.255	15.912	16.085	415.42	415.34
16:41:56	16.019	15.662	15.635	16.262	15.914	16.086	415.42	415.34
16:42:56	16.018	15.661	15.631	16.268	15.913	16.086	415.42	415.34
16:43:55	16.018	15.663	15.627	16.259	15.913	16.085	415.42	415.34
16:44:56	16.019	15.662	15.623	16.251	15.914	16.085	415.42	415.34
16:45:59	16.018	15.66	15.624	16.246	15.916	16.086	415.42	415.34
16:46:55	16.018	15.66	15.62	16.246	15.917	16.085	415.42	415.34
16:47:56	16.02	15.663	15.62	16.239	15.915	16.086	415.42	415.34
16:48:56	16.02	15.662	15.636	16.222	15.914	16.084	415.42	415.34
16:49:55	16.016	15.659	15.638	16.212	15.915	16.084	415.42	415.34
16:50:55	16.015	15.663	15.637	16.212	15.915	16.085	415.42	415.34
16:51:56	16.017	15.662	15.639	16.209	15.911	16.087	415.42	415.34
16:52:56	16.021	15.663	15.636	16.207	15.918	16.087	415.42	415.34
16:53:56	16.018	15.662	15.632	16.2	15.919	16.085	415.42	415.34
16:54:55	16.021	15.662	15.631	16.195	15.918	16.085	415.42	415.34
16:55:56	16.017	15.661	15.624	16.176	15.915	16.085	415.42	415.34
16:56:56	16.017	15.662	15.62	16.181	15.915	16.084	415.42	415.34
16:57:56	16.018	15.662	15.624	16.192	15.912	16.087	415.42	415.34
16:58:56	16.018	15.661	15.623	16.198	15.915	16.086	415.42	415.34
16:59:56	16.017	15.663	15.635	16.231	15.914	16.083	415.42	415.34
17:00:55	16.019	15.663	15.655	16.333	15.914	16.084	415.42	415.34
17:01:56	16.017	15.661	15.68	16.384	15.915	16.084	415.42	415.34
17:02:57	16.018	15.659	15.692	16.412	15.915	16.084	415.42	415.34
17:03:56	16.019	15.662	15.698	16.678	15.916	16.085	415.42	415.34
17:04:55	16.018	15.659	15.717	16.91	15.916	16.083	415.42	415.34
17:05:55	16.017	15.659	15.762	16.988	15.915	16.084	415.42	415.34
17:06:56	16.017	15.659	15.818	17.011	15.911	16.083	415.42	415.34
17:07:56	16.017	15.659	15.836	16.818	15.911	16.083	415.42	415.34
17:08:56	16.018	15.659	15.837	16.662	15.914	16.084	415.42	415.34
17:09:55	16.016	15.659	15.784	16.542	15.911	16.084	415.42	415.34
17:10:55	16.017	15.659	15.73	16.459	15.911	16.084	415.42	415.34
17:11:56	16.015	15.659	15.703	16.405	15.912	16.084	415.42	415.34
17:12:57	16.015	15.659	15.687	16.365	15.911	16.083	415.42	415.34
17:13:55	16.015	15.658	15.674	16.345	15.909	16.083	415.42	415.34
17:14:55	16.015	15.659	15.662	16.333	15.91	16.083	415.42	415.34
17:15:56	16.016	15.657	15.655	16.315	15.909	16.082	415.42	415.34
17:16:55	16.017	15.658	15.65	16.31	15.909	16.082	415.42	415.34
17:17:56	16.016	15.657	15.652	16.301	15.911	16.081	415.42	415.34
17:18:55	16.016	15.656	15.649	16.284	15.911	16.083	415.42	415.34
17:19:55	16.017	15.656	15.652	16.272	15.909	16.082	415.42	415.34
17:20:56	16.015	15.655	15.638	16.269	15.91	16.081	415.42	415.34
17:21:56	16.016	15.655	15.638	16.258	15.908	16.083	415.42	415.34
17:22:55	16.016	15.656	15.643	16.254	15.909	16.084	415.42	415.34
17:23:55	16.018	15.655	15.641	16.255	15.912	16.082	415.42	415.34
17:24:55	16.015	15.654	15.627	16.259	15.912	16.081	415.42	415.34
17:25:56	16.015	15.657	15.624	16.3	15.91	16.082	415.42	415.34
17:26:56	16.014	15.655	15.624	16.301	15.91	16.082	415.42	415.34
17:27:56	16.014	15.655	15.618	16.292	15.909	16.083	415.42	415.34
17:28:56	16.017	15.655	15.615	16.282	15.906	16.081	415.42	415.34
17:29:56	16.013	15.651	15.617	16.268	15.91	16.082	415.42	415.34
17:30:56	16.014	15.652	15.621	16.254	15.907	16.08	415.42	415.34
17:31:56	0.0	15.652	15.622	16.247	15.907	16.081	415.42	415.34
17:32:56	16.016	15.651	15.632	16.23	15.907	16.08	415.42	415.34
17:33:56	16.012	15.652	15.637	16.217	15.907	16.079	415.42	415.34
17:34:56	16.012	15.649	15.637	16.209	15.908	16.079	415.42	415.34
17:35:56	0.0	15.65	15.632	16.208	15.911	16.081	415.42	415.34
17:36:55	16.016	15.647	15.633	16.209	15.911	16.08	415.42	415.34
17:37:56	16.012	15.649	15.63	16.207	15.909	16.079	415.42	415.34
17:38:55	16.013	15.647	15.629	16.203	15.907	16.081	415.42	415.34
17:39:56	16.015	15.645	15.625	16.204	15.904	16.078	415.42	415.34
17:40:55	16.016	15.645	15.625	16.209	15.906	16.079	415.42	415.34
17:41:58	16.012	15.644	15.626	16.211	15.904	16.078	415.42	415.34
17:42:55	16.015	15.644	15.621	16.218	15.906	16.077	415.42	415.34
17:43:56	16.013	15.645	15.636	16.268	15.909	16.078	415.42	415.34
17:44:56	0.0	15.644	0.0	16.419	15.907	16.079	415.42	415.34
17:45:56	16.014	15.644	15.694	16.468	15.907	16.079	415.42	415.34
17:46:56	16.013	15.643	15.713	16.629	15.908	16.079	415.42	415.34
17:47:55	16.013	15.645	15.728	16.65	15.904	16.078	415.42	415.34
17:48:56	16.012	15.645	15.736	16.568	15.903	16.076	415.42	415.34
17:49:55	16.011	15.643	15.728	16.456	15.904	16.076	415.42	415.34
17:50:56	16.011	15.639	15.725	16.396	15.904	16.076	415.42	415.34
17:51:56	16.011	15.641	15.73	16.403	15.904	16.078	415.42	415.34
17:52:56	16.011	15.642	15.758	16.464	15.905	16.077	415.42	415.34
17:53:56	16.012	15.641	15.767	16.462	15.906	16.077	415.42	415.34
17:54:56	16.012	15.641	15.779	16.489	15.904	16.075	415.42	415.34
17:55:56	16.012	15.64	15.769	16.467	15.903	16.077	415.42	415.34
17:56:56	16.011	15.641	15.772	16.446	15.903	16.077	415.42	415.34
17:57:56	16.011	15.641	15.766	16.429	15.903	16.077	415.42	415.34
17:58:56	16.011	15.642	15.772	16.436	15.902	16.077	415.42	415.34
17:59:56	16.012	15.642	15.767	16.432	15.903	16.077	415.42	415.34
18:00:56	16.011	15.641	15.772	16.428	15.902	16.076	415.42	415.34
18:01:56	16.01	15.64	15.79	16.436	15.904	16.077	415.42	415.34
18:02:56	16.009	15.642	15.782	16.465	15.902	16.077	415.42	415.34
18:03:56	16.009	15.642	15.798	16.476	15.902	16.077	415.42	415.34
18:04:57	16.009	15.64	15.799	16.486	15.902	16.077	415.42	415.34
18:05:56	16.01	15.639	15.815	16.516	15.902	16.075	415.42	415.34
18:06:56	16.011	15.638	15.815	16.463	15.9	16.075	415.42	415.34
18:07:56	16.009	15.64	15.816	16.495	15.902	16.077	415.42	415.34
18:08:56	16.008	15.638	15.806	16.598	15.904	16.077	415.42	415.34
18:09:56	16.008	15.638	15.805	16.595	15.902	16.076	415.42	415.34
18:10:56	16.006	15.64	15.83	16.606	15.9	16.076	415.42	415.34
18:11:56	16.007	15.64	15.849	16.606	15.9	16.076	415.42	415.34
18:12:56	16.008	15.639	15.843	16.568	15.9	16.074	415.42	415.34
18:13:56	16.008	15.638	15.831	16.493	15.9	16.074	415.42	415.34
18:14:56	16.008	15.638	15.822	16.474	15.901	16.075	415.42	415.34
18:15:56	16.007	15.636	15.836	16.487	15.9	16.075	415.42	415.34
18:16:56	16.006	15.635	15.849	16.505	15.899	16.073	415.42	415.34
18:17:57	16.008	15.636	15.867	16.562	15.899	16.073	415.42	415.34
18:18:56	0.0	15.637	15.876	16.613	15.9	16.074	415.42	415.34
18:19:57	16.007	15.636	15.902	16.692	15.901	16.073	415.42	415.34
18:20:56	16.006	15.637	15.882	16.593	15.9	16.074	415.42	415.34
18:21:56	16.006	15.638	15.881	16.586	15.901	16.075	415.42	415.34
18:22:56	16.007	15.637	15.869	16.581	15.9	16.074	415.42	415.34
18:23:56	16.007	15.638	15.864	16.574	15.902	16.075	415.42	415.34
18:24:57	16.006	15.639	15.869	16.591	15.9	16.075	415.42	415.34
18:25:56	0.0	15.638	15.872	16.589	15.899	16.074	415.42	415.34
18:26:56	16.006	15.638	15.883	16.609	15.897	16.074	415.42	415.34
18:27:56	16.006	15.636	15.881	16.61	15.895	16.074	415.42	415.34
18:28:56	16.006	15.635	15.863	16.646	15.897	16.073	415.42	415.34
18:29:56	16.005	15.635	15.85	16.642	15.897	16.074	415.42	415.34
18:30:56	16.005	15.635	15.795	16.537	15.898	16.074	415.42	415.34
18:31:56	16.005	15.636	15.765	16.457	15.897	16.072	415.42	415.34
18:32:56	16.006	15.636	15.745	16.411	15.898	16.074	415.42	415.34
18:33:56	16.005	15.636	15.728	16.38	15.898	16.073	415.42	415.34
18:34:56	16.005	15.637	15.709	16.367	15.896	16.074	415.42	415.34
18:35:56	16.004	15.637	15.698	16.353	15.896	16.072	415.42	415.34
18:36:56	16.006	15.637	15.696	16.343	15.899	16.074	415.42	415.34
18:37:56	16.004	15.637	15.689	16.337	15.901	16.075	415.42	415.34
18:38:56	16.005	15.637	15.683	16.324	15.899	16.074	415.42	415.34
18:39:56	16.005	15.637	15.68	16.309	15.899	16.074	415.42	415.34
18:40:56	16.006	15.637	15.671	16.302	15.896	16.072	415.42	415.34
18:41:56	16.005	15.636	15.671	16.293	15.896	16.072	415.42	415.34
18:42:56	16.005	15.637	15.671	16.283	15.898	16.073	415.42	415.34
18:43:56	16.006	15.636	15.672	16.279	15.898	16.074	415.42	415.34
18:44:56	16.005	15.636	15.668	16.273	15.898	16.074	415.42	415.34
18:45:56	16.006	15.635	15.663	16.286	15.897	16.072	415.42	415.34
18:46:56	16.005	15.635	15.665	16.303	15.896	16.073	415.42	415.34
18:47:56	16.005	15.633	15.687	16.283	15.896	16.072	415.42	415.34
18:48:56	16.004	15.632	15.695	16.269	15.896	16.072	415.42	415.34
18:49:56	16.004	15.632	15.699	16.263	15.897	16.072	415.42	415.34
18:50:56	16.004	15.635	15.699	16.257	15.897	16.072	415.42	415.34
18:51:56	16.003	15.636	15.698	16.261	15.895	16.071	415.42	415.34
18:52:56	16.002	15.636	15.693	16.253	15.899	16.072	415.42	415.34
18:53:56	16.004	15.637	15.691	16.25	15.899	16.072	415.42	415.34
18:54:56	16.004	15.637	15.687	16.251	15.904	16.074	415.42	415.34
18:55:56	16.004	15.638	15.69	16.251	15.902	16.073	415.42	415.34
18:56:56	16.004	15.639	15.687	16.249	15.902	16.075	415.42	415.34
18:57:56	16.004	15.639	15.683	16.244	15.9	16.076	415.42	415.34
18:58:56	16.004	15.638	15.678	16.24	15.9	16.075	415.42	415.34
18:59:56	16.003	15.638	15.679	16.245	15.899	16.076	415.42	415.34
19:00:57	16.004	15.638	15.675	16.241	15.899	16.075	415.42	415.34
19:01:56	16.003	15.637	15.675	16.24	15.899	16.074	415.42	415.34
19:02:56	16.004	15.638	15.672	16.243	15.898	16.074	415.42	415.34
19:03:56	16.004	15.638	15.689	16.297	15.899	16.074	415.42	415.34
19:04:56	16.004	15.638	15.694	16.309	15.9	16.073	415.42	415.34
19:05:56	16.003	15.637	15.688	16.301	15.899	16.074	415.42	415.34
19:06:56	16.004	15.637	15.695	16.294	15.897	16.073	415.42	415.34
19:07:56	16.005	15.637	15.7	16.314	15.896	16.072	415.42	415.34
19:08:56	16.003	15.637	15.712	16.333	15.895	16.072	415.42	415.34
19:09:56	16.003	15.636	15.72	16.344	15.898	16.074	415.42	415.34
19:10:56	16.004	15.637	15.729	16.361	15.898	16.073	415.42	415.34
19:11:56	16.005	15.637	15.725	16.352	15.896	16.072	415.42	415.34
19:12:56	16.004	15.636	15.724	16.348	15.897	16.071	415.42	415.34
19:13:56	16.004	15.637	15.728	16.345	15.899	16.072	415.42	415.34
19:14:56	16.003	15.636	15.724	16.369	15.898	16.071	415.42	415.34
19:15:56	16.002	15.635	15.726	16.396	15.897	16.07	415.42	415.34
19:16:56	16.003	15.632	15.73	16.393	15.898	16.071	415.42	415.34
19:17:56	16.002	15.633	15.763	16.461	15.898	16.071	415.42	415.34
19:18:56	16.003	15.633	15.795	16.575	15.899	16.072	415.42	415.34
19:19:56	16.003	15.634	15.814	16.564	15.897	16.071	415.42	415.34
19:20:56	16.003	15.634	15.807	16.634	15.897	16.069	415.42	415.34
19:21:57	16.002	15.635	15.799	16.668	15.897	16.069	415.42	415.34
19:22:56	0.0	15.635	15.777	16.725	15.898	16.071	415.42	415.34
19:23:56	16.001	15.635	15.8	16.736	15.9	16.072	415.42	415.34
19:24:56	16.002	15.635	15.839	16.736	15.899	16.072	415.42	415.34
19:25:56	16.002	15.636	15.851	16.691	15.899	16.072	415.42	415.34
19:26:56	16.003	15.637	15.859	16.634	15.897	16.071	415.42	415.34
19:27:56	16.002	15.636	15.794	16.531	15.898	16.072	415.42	415.34
19:28:58	16.001	15.634	15.75	16.465	15.901	16.073	415.42	415.34
19:29:56	16.003	15.635	15.726	16.419	15.901	16.074	415.42	415.34
19:30:56	16.002	15.637	15.71	16.387	15.901	16.071	415.42	415.34
19:31:56	16.002	15.636	15.687	16.371	15.899	16.071	415.42	415.34
19:32:56	16.001	15.635	15.677	16.353	15.897	16.071	415.42	415.34
19:33:56	16.001	15.632	15.674	16.347	15.898	16.071	415.42	415.34
19:34:56	16.0	15.632	15.667	16.339	15.898	16.072	415.42	415.34
19:35:56	16.0	15.633	15.672	16.326	15.896	16.071	415.42	415.34
19:36:56	16.001	15.632	15.673	16.319	15.895	16.069	415.42	415.34
19:37:56	16.001	15.632	15.661	16.313	15.897	16.068	415.42	415.34
19:38:56	16.002	15.632	15.657	16.322	15.899	16.072	415.42	415.34
19:39:56	16.002	15.633	15.655	16.317	15.901	16.071	415.42	415.34
19:40:56	16.002	15.634	15.65	16.318	15.899	16.072	415.42	415.34
19:41:56	16.002	15.633	15.646	16.311	15.897	16.071	415.42	415.34
19:42:56	16.002	15.633	15.644	16.299	15.898	16.071	415.42	415.34
19:43:56	16.001	15.634	15.652	16.291	15.9	16.072	415.42	415.34
19:44:56	16.001	15.633	15.663	16.279	15.899	16.071	415.42	415.34
19:45:56	16.001	15.634	15.679	16.268	15.899	16.072	415.42	415.34
19:46:56	16.002	15.633	15.682	16.261	15.897	16.071	415.42	415.34
19:47:56	16.001	15.633	15.686	16.256	15.895	16.07	415.42	415.34
19:48:56	15.999	15.632	15.687	16.265	15.895	16.067	415.42	415.34
19:49:56	16.001	15.631	15.684	16.265	15.897	16.069	415.42	415.34
19:50:56	16.003	15.632	15.682	16.26	15.899	16.072	415.42	415.34
19:51:56	16.001	15.632	15.68	16.258	15.897	16.072	415.42	415.34
19:52:56	16.0	15.634	15.684	16.272	15.899	16.072	415.42	415.34
19:53:56	16.001	15.635	15.695	16.288	15.899	16.072	415.42	415.34
19:54:56	16.002	15.637	15.69	16.301	15.898	16.072	415.42	415.34
19:55:56	16.001	15.638	15.694	16.312	15.9	16.073	415.42	415.34
19:56:56	16.002	15.639	15.697	16.31	15.902	16.074	415.42	415.34
19:57:56	16.002	15.638	15.709	16.336	15.902	16.074	415.42	415.34
19:58:56	16.002	15.638	15.727	16.365	15.9	16.073	415.42	415.34
19:59:57	16.002	15.638	15.731	16.399	15.9	16.073	415.42	415.34
20:00:56	0.0	15.64	15.755	16.461	15.901	16.074	415.42	415.34
20:01:56	16.003	15.641	15.785	16.601	15.901	16.075	415.42	415.34
20:02:56	16.003	15.642	15.805	16.603	15.903	16.074	415.42	415.34
20:03:56	16.004	15.642	15.794	16.536	15.902	16.075	415.42	415.34
20:04:56	16.003	15.641	15.793	16.485	15.899	16.076	415.42	415.34
20:05:56	16.002	15.64	15.809	16.477	15.897	16.074	415.42	415.34
20:06:57	16.002	15.638	15.798	16.441	15.899	16.074	415.42	415.34
20:07:56	16.002	15.64	15.813	16.492	15.899	16.075	415.42	415.34
20:08:56	16.003	15.64	15.851	16.54	15.899	16.074	415.42	415.34
20:09:56	16.002	15.64	15.866	16.607	15.899	16.073	415.42	415.34
20:10:56	16.002	15.64	15.848	16.586	15.9	16.075	415.42	415.34
20:11:56	16.002	15.639	15.847	16.565	15.901	16.075	415.42	415.34
20:12:56	16.001	15.639	15.863	16.55	15.9	16.074	415.42	415.34
20:13:56	16.003	15.638	15.859	16.531	15.901	16.073	415.42	415.34
20:14:56	16.001	15.637	15.875	16.546	15.9	16.074	415.42	415.34
20:15:56	16.001	15.637	15.901	16.582	15.9	16.072	415.42	415.34
20:16:56	16.002	15.637	15.935	16.595	15.902	16.075	415.42	415.34
20:17:56	16.001	15.638	15.938	16.652	15.904	16.075	415.42	415.34
20:18:56	16.001	15.637	15.949	16.662	15.905	16.076	415.42	415.34
20:19:56	16.002	15.638	15.881	16.547	15.902	16.075	415.42	415.34
20:20:57	16.002	15.637	15.81	16.47	15.901	16.074	415.42	415.34
20:21:56	0.0	15.638	15.779	16.419	15.9	16.074	415.42	415.34
20:22:56	16.002	15.638	15.753	16.385	15.899	16.075	415.42	415.34
20:23:56	16.002	15.638	15.734	16.365	15.899	16.074	415.42	415.34
20:24:56	16.001	15.638	15.715	16.361	15.899	16.072	415.42	415.34
20:25:56	16.002	15.636	15.707	16.357	15.9	16.072	415.42	415.34
20:26:56	16.001	15.635	15.699	16.348	15.9	16.072	415.42	415.34
20:27:57	16.002	15.632	15.698	16.338	15.9	16.072	415.42	415.34
20:28:56	16.002	15.632	15.69	16.336	15.9	16.073	415.42	415.34
20:29:56	0.0	15.633	15.682	16.329	15.902	16.074	415.42	415.34
20:30:56	16.002	15.634	15.68	16.325	15.902	16.074	415.42	415.34
20:31:56	16.0	15.635	15.673	16.32	15.902	16.074	415.42	415.34
20:32:56	16.001	15.634	15.677	16.309	15.901	16.072	415.42	415.34
20:33:56	16.002	15.635	15.68	16.306	15.9	16.072	415.42	415.34
20:34:56	16.001	15.635	15.671	16.309	15.9	16.072	415.42	415.34
20:35:56	16.002	15.635	15.67	16.316	15.901	16.073	415.42	415.34
20:36:56	16.002	15.635	15.664	16.311	15.9	16.073	415.42	415.34
20:37:56	16.001	15.635	15.661	16.306	15.898	16.073	415.42	415.34
20:38:56	16.001	15.635	15.656	16.306	15.902	16.073	415.42	415.34
20:39:56	16.001	15.634	15.654	16.3	15.899	16.072	415.42	415.34
20:40:56	16.001	15.635	15.657	16.296	15.9	16.072	415.42	415.34
20:41:56	16.001	15.636	15.674	16.292	15.9	16.074	415.42	415.34
20:42:56	16.001	15.635	15.688	16.274	15.899	16.073	415.42	415.34
20:43:56	16.002	15.637	15.689	16.268	15.899	16.073	415.42	415.34
20:44:56	16.002	15.635	15.688	16.257	15.897	16.072	415.42	415.34
20:45:56	15.999	15.636	15.686	16.254	15.897	16.072	415.42	415.34
20:46:56	16.001	15.634	15.687	16.254	15.896	16.071	415.42	415.34
20:47:56	15.999	15.636	15.69	16.255	15.9	16.073	415.42	415.34
20:48:56	16.001	15.635	15.694	16.256	15.9	16.073	415.42	415.34
20:49:56	16.002	15.634	15.682	16.246	15.896	16.072	415.42	415.34
20:50:56	16.003	15.634	15.68	16.243	15.896	16.071	415.42	415.34
20:51:56	16.001	15.634	15.676	16.241	15.898	16.072	415.42	415.34
20:52:56	16.0	15.633	15.676	16.244	15.899	16.073	415.42	415.34
20:53:56	16.0	15.634	15.675	16.241	15.899	16.073	415.42	415.34
20:54:56	16.0	15.635	15.669	16.243	15.899	16.072	415.42	415.34
20:55:56	16.0	15.636	15.671	16.257	15.898	16.072	415.42	415.34
20:56:56	16.0	15.634	15.691	16.294	15.9	16.072	415.42	415.34
20:57:56	16.0	15.636	15.708	16.326	15.903	16.073	415.42	415.34
20:58:56	16.0	15.637	15.734	16.38	15.9	16.073	415.42	415.34
20:59:56	15.999	15.637	15.747	16.429	15.897	16.071	415.42	415.34
21:00:56	16.0	15.637	15.758	16.448	15.898	16.071	415.42	415.34
21:01:56	16.002	15.637	15.799	16.474	15.897	16.072	415.42	415.34
21:02:56	16.001	15.636	15.808	16.507	15.896	16.072	415.42	415.34
21:03:56	16.0	15.633	15.817	16.581	15.896	16.072	415.42	415.34
21:04:58	16.001	15.631	15.826	16.531	15.896	16.071	415.42	415.34
21:05:56	16.0	15.633	15.82	16.479	15.896	16.071	415.42	415.34
21:06:56	15.999	15.634	15.813	16.477	15.898	16.071	415.42	415.34
21:07:56	15.999	15.631	15.809	16.449	15.899	16.069	415.42	415.34
21:08:56	15.998	15.632	15.821	16.462	15.898	16.072	415.42	415.34
21:09:56	15.998	15.632	15.822	16.477	15.896	16.07	415.42	415.34
21:10:57	15.998	15.634	15.831	16.534	15.896	16.069	415.42	415.34
21:11:56	0.0	15.633	15.838	16.53	15.896	16.07	415.42	415.34
21:12:56	15.997	15.634	15.842	16.493	15.896	16.07	415.42	415.34
21:13:56	15.998	15.633	15.85	16.486	15.897	16.07	415.42	415.34
21:14:57	15.999	15.63	15.85	16.449	15.898	16.07	415.42	415.34
21:15:56	0.0	15.629	15.853	16.447	15.9	16.071	415.42	415.34
21:16:57	15.998	15.63	15.847	16.482	15.899	16.071	415.42	415.34
21:17:56	15.999	15.631	15.858	16.504	15.899	16.071	415.42	415.34
21:18:56	16.0	15.633	15.87	16.531	15.899	16.071	415.42	415.34
21:19:56	16.0	15.634	15.876	16.539	15.9	16.072	415.42	415.34
21:20:56	16.0	15.636	15.88	16.523	15.898	16.072	415.42	415.34
21:21:56	16.0	15.635	15.907	16.571	15.899	16.074	415.42	415.34
21:22:56	15.999	15.635	15.907	16.573	15.9	16.073	415.42	415.34
21:23:57	15.999	15.634	15.829	16.497	15.898	16.071	415.42	415.34
21:24:56	15.999	15.634	15.788	16.435	15.9	16.071	415.42	415.34
21:25:56	15.999	15.635	15.76	16.394	15.899	16.072	415.42	415.34
21:26:56	16.0	15.636	15.743	16.367	15.897	16.073	415.42	415.34
21:27:56	16.0	15.636	15.721	16.363	15.899	16.072	415.42	415.34
21:28:56	16.0	15.635	15.708	16.356	15.9	16.073	415.42	415.34
21:29:56	15.999	15.634	15.704	16.343	15.899	16.072	415.42	415.34
21:30:56	16.001	15.636	15.7	16.329	15.9	16.071	415.42	415.34
21:31:56	16.001	15.636	15.697	16.32	15.897	16.071	415.42	415.34
21:32:56	16.0	15.636	15.694	16.314	15.898	16.072	415.42	415.34
21:33:56	16.0	15.637	15.682	16.31	15.899	16.072	415.42	415.34
21:34:56	16.0	15.637	15.677	16.302	15.899	16.073	415.42	415.34
21:35:56	16.001	15.637	15.677	16.298	15.899	16.073	415.42	415.34
21:36:56	16.0	15.636	15.678	16.292	15.9	16.072	415.42	415.34
21:37:56	16.0	15.635	15.672	16.296	15.902	16.073	415.42	415.34
21:38:56	15.999	15.635	15.668	16.308	15.902	16.073	415.42	415.34
21:39:56	16.0	15.635	15.686	16.303	15.9	16.074	415.42	415.34
21:40:56	16.001	15.636	15.703	16.287	15.899	16.072	415.42	415.34
21:41:56	16.002	15.636	15.709	16.277	15.899	16.074	415.42	415.34
21:42:56	16.0	15.635	15.706	16.266	15.898	16.072	415.42	415.34
21:43:56	16.001	15.635	15.7	16.26	15.897	16.071	415.42	415.34
21:44:56	16.0	15.635	15.696	16.259	15.897	16.072	415.42	415.34
21:45:56	16.0	15.635	15.695	16.257	15.899	16.073	415.42	415.34
21:46:56	16.0	15.635	15.691	16.252	15.898	16.071	415.42	415.34
21:47:56	16.0	15.636	15.689	16.246	15.896	16.069	415.42	415.34
21:48:56	15.999	15.634	15.689	16.249	15.897	16.072	415.42	415.34
21:49:56	15.999	15.635	15.686	16.249	15.897	16.072	415.42	415.34
21:50:56	15.999	15.634	15.681	16.245	15.897	16.071	415.42	415.34
21:51:56	15.998	15.634	15.68	16.247	15.898	16.071	415.42	415.34
21:52:56	15.998	15.634	15.68	16.248	15.897	16.072	415.42	415.34
21:53:56	15.998	15.636	15.679	16.254	15.899	16.072	415.42	415.34
21:54:56	16.0	15.637	15.675	16.267	15.897	16.072	415.42	415.34
21:55:56	15.998	15.637	15.701	16.312	15.898	16.073	415.42	415.34
21:56:56	15.999	15.638	15.708	16.315	15.898	16.073	415.42	415.34
21:57:57	15.998	15.638	15.706	16.315	15.898	16.069	415.42	415.34
21:58:56	0.0	15.637	15.715	16.329	15.899	16.072	415.42	415.34
21:59:57	15.999	15.637	15.724	16.334	15.898	16.072	415.42	415.34
22:00:56	0.0	15.636	15.745	16.372	15.896	16.071	415.42	415.34
22:01:56	15.998	15.635	15.746	16.378	15.896	16.071	415.42	415.34
22:02:56	15.999	15.633	15.747	16.377	15.895	16.07	415.42	415.34
22:03:56	15.999	15.632	15.762	16.395	15.897	16.071	415.42	415.34
22:04:57	16.0	15.635	15.762	16.388	15.897	16.071	415.42	415.34
22:05:56	16.0	15.636	15.763	16.393	15.898	16.072	415.42	415.34
22:06:58	16.0	15.638	15.749	16.376	15.895	16.071	415.42	415.34
22:07:56	16.0	15.636	15.763	16.403	15.898	16.071	415.42	415.34
22:08:56	15.999	15.635	15.778	16.432	15.899	16.072	415.42	415.34
22:09:56	15.999	15.635	15.79	16.487	15.899	16.071	415.42	415.34
22:10:56	16.001	15.636	15.797	16.521	15.899	16.071	415.42	415.34
22:11:56	15.998	15.634	15.819	16.528	15.898	16.072	415.42	415.34
22:12:56	15.998	15.633	15.825	16.493	15.898	16.072	415.42	415.34
22:13:56	15.997	15.632	15.824	16.477	15.898	16.07	415.42	415.34
22:14:56	15.998	15.631	15.818	16.468	15.899	16.069	415.42	415.34
22:15:56	15.997	15.633	15.806	16.448	15.898	16.069	415.42	415.34
22:16:56	15.998	15.632	15.805	16.453	15.897	16.069	415.42	415.34
22:17:56	15.998	15.632	15.82	16.448	15.897	16.071	415.42	415.34
22:18:57	15.999	15.633	15.83	16.443	15.897	16.07	415.42	415.34
22:19:56	15.999	15.635	15.83	16.494	15.897	16.07	415.42	415.34
22:20:56	15.998	15.634	15.847	16.525	15.897	16.07	415.42	415.34
22:21:56	15.997	15.632	15.847	16.473	15.895	16.069	415.42	415.34
22:22:57	15.998	15.633	15.836	16.455	15.893	16.07	415.42	415.34
22:23:56	0.0	15.635	15.832	16.448	15.897	16.07	415.42	415.34
22:24:57	15.998	15.635	15.835	16.47	15.899	16.071	415.42	415.34
22:25:56	0.0	15.636	15.85	16.478	15.9	16.071	415.42	415.34
22:26:56	15.998	15.636	15.868	16.494	15.9	16.072	415.42	415.34
22:27:56	15.998	15.634	15.859	16.474	15.899	16.072	415.42	415.34
22:28:56	15.999	15.635	15.879	16.479	15.898	16.071	415.42	415.34
22:29:56	15.998	15.635	15.897	16.539	15.896	16.07	415.42	415.34
22:30:56	15.999	15.635	15.908	16.544	15.898	16.072	415.42	415.34
22:31:56	15.999	15.635	15.892	16.509	15.897	16.071	415.42	415.34
22:32:56	15.997	15.633	15.885	16.499	15.894	16.07	415.42	415.34
22:33:56	15.998	15.632	15.888	16.509	15.894	16.071	415.42	415.34
22:34:56	15.998	15.632	15.895	16.52	15.896	16.071	415.42	415.34
22:35:56	15.997	15.632	15.925	16.586	15.898	16.072	415.42	415.34
22:36:56	15.999	15.631	15.93	16.726	15.899	16.072	415.42	415.34
22:37:56	15.998	15.633	15.949	16.673	15.902	16.073	415.42	415.34
22:38:56	15.998	15.633	15.882	16.584	15.901	16.072	415.42	415.34
22:39:56	15.998	15.633	15.833	16.512	15.898	16.072	415.42	415.34
22:40:56	15.999	15.634	15.796	16.464	15.897	16.072	415.42	415.34
22:41:56	15.998	15.632	15.776	16.431	15.898	16.071	415.42	415.34
22:42:56	15.998	15.635	15.755	16.414	15.896	16.07	415.42	415.34
22:43:56	15.998	15.634	15.74	16.406	15.897	16.071	415.42	415.34
22:44:56	15.998	15.633	15.735	16.394	15.897	16.071	415.42	415.34
22:45:56	15.998	15.635	15.727	16.383	15.898	16.071	415.42	415.34
22:46:56	15.999	15.634	15.72	16.374	15.897	16.07	415.42	415.34
22:47:56	15.998	15.634	15.716	16.361	15.897	16.07	415.42	415.34
22:48:56	15.998	15.635	15.71	16.353	15.899	16.072	415.42	415.34
22:49:56	15.998	15.637	15.703	16.347	15.897	16.072	415.42	415.34
22:50:56	15.999	15.636	15.701	16.344	15.898	16.071	415.42	415.34
22:51:56	15.999	15.636	15.706	16.335	15.9	16.073	415.42	415.34
22:52:56	16.0	15.639	15.697	16.337	15.902	16.074	415.42	415.34
22:53:56	16.0	15.638	15.694	16.379	15.9	16.074	415.42	415.34
22:54:56	16.0	15.638	15.705	16.378	15.899	16.074	415.42	415.34
22:55:56	16.0	15.639	15.701	16.368	15.899	16.074	415.42	415.34
22:56:56	16.001	15.639	15.704	16.355	15.9	16.074	415.42	415.34
22:57:56	16.0	15.639	15.7	16.347	15.9	16.074	415.42	415.34
22:58:56	16.0	15.638	15.695	16.337	15.902	16.074	415.42	415.34
22:59:56	16.0	15.638	15.68	16.332	15.902	16.074	415.42	415.34
23:00:56	16.0	15.638	15.672	16.328	15.902	16.072	415.42	415.34
23:01:56	16.001	15.64	15.669	16.33	15.903	16.074	415.42	415.34
23:02:56	16.0	15.639	15.667	16.331	15.903	16.073	415.42	415.34
23:03:56	15.999	15.64	15.663	16.324	15.903	16.074	415.42	415.34
23:04:56	16.001	15.639	15.662	16.315	15.902	16.074	415.42	415.34
23:05:56	15.998	15.641	15.666	16.311	15.902	16.074	415.42	415.34
23:06:57	16.001	15.639	15.666	16.316	15.904	16.074	415.42	415.34
23:07:56	0.0	15.641	15.662	16.33	15.902	16.074	415.42	415.34
23:08:58	16.001	15.64	15.654	16.342	15.905	16.072	415.42	415.34
23:09:56	16.001	15.641	15.659	16.333	15.906	16.072	415.42	415.34
23:10:56	16.002	15.643	15.655	16.323	15.905	16.073	415.42	415.34
23:11:56	16.001	15.642	15.651	16.315	15.903	16.075	415.42	415.34
23:12:56	16.001	15.638	15.648	16.316	15.905	16.074	415.42	415.34
23:13:56	16.001	15.64	15.649	16.307	15.902	16.074	415.42	415.34
23:14:56	16.001	15.641	15.663	16.295	15.9	16.074	415.42	415.34
23:15:56	16.001	15.642	15.677	16.281	15.901	16.074	415.42	415.34
23:16:56	16.0	15.639	15.681	16.277	15.904	16.074	415.42	415.34
23:17:56	15.999	15.641	15.694	16.292	15.902	16.074	415.42	415.34
23:18:56	16.002	15.641	15.699	16.312	15.904	16.074	415.42	415.34
23:19:56	16.001	15.64	15.707	16.317	15.904	16.075	415.42	415.34
23:20:56	15.999	15.639	15.704	16.305	15.906	16.074	415.42	415.34
23:21:56	16.0	15.638	15.7	16.306	15.905	16.074	415.42	415.34
23:22:56	15.999	15.643	15.733	16.368	15.905	16.075	415.42	415.34
23:23:56	16.001	15.642	15.759	16.408	15.905	16.076	415.42	415.34
23:24:56	16.003	15.642	15.775	16.448	15.904	16.075	415.42	415.34
23:25:56	16.0	15.638	15.8	16.463	15.905	16.074	415.42	415.34
23:26:56	16.002	15.641	15.815	16.492	15.903	16.074	415.42	415.34
23:27:56	16.0	15.643	15.806	16.543	15.906	16.075	415.42	415.34
23:28:56	16.004	15.64	15.82	16.596	15.907	16.075	415.42	415.34
23:29:57	16.002	15.643	15.856	16.643	15.905	16.075	415.42	415.34
23:30:56	16.002	15.644	15.869	16.602	15.904	16.073	415.42	415.34
23:31:56	16.001	15.642	15.891	16.601	15.902	16.074	415.42	415.34
23:32:56	16.001	15.642	15.898	16.609	15.902	16.075	415.42	415.34
23:33:56	16.002	15.642	15.913	16.596	15.902	16.074	415.42	415.34
23:34:58	16.002	15.643	15.906	16.616	15.904	16.075	415.42	415.34
23:35:56	16.002	15.645	15.884	16.551	15.902	16.076	415.42	415.34
23:36:56	16.003	15.645	15.879	16.542	15.903	16.075	415.42	415.34
23:37:56	16.003	15.644	15.857	16.484	15.903	16.076	415.42	415.34
23:38:56	16.003	15.646	15.857	16.454	15.904	16.074	415.42	415.34
23:39:56	16.002	15.645	15.855	16.465	15.904	16.074	415.42	415.34
23:40:56	16.003	15.646	15.86	16.493	15.904	16.075	415.42	415.34
23:41:56	16.003	15.645	15.861	16.485	15.906	16.077	415.42	415.34
23:42:56	16.003	15.646	15.882	16.498	15.905	16.076	415.42	415.34
23:43:56	16.003	15.645	15.897	16.568	15.905	16.076	415.42	415.34
23:44:56	16.003	15.646	15.9	16.554	15.906	16.074	415.42	415.34
23:45:56	16.004	15.646	15.853	16.486	15.905	16.076	415.42	415.34
23:46:56	16.002	15.646	15.803	16.432	15.904	16.075	415.42	415.34
23:47:56	16.003	15.646	15.773	16.4	15.905	16.076	415.42	415.34
23:48:56	16.002	15.646	15.755	16.377	15.905	16.075	415.42	415.34
23:49:56	16.001	15.647	15.736	16.373	15.909	16.076	415.42	415.34
23:50:56	16.002	15.648	15.716	16.368	15.91	16.075	415.42	415.34
23:51:56	16.001	15.647	15.706	16.366	15.911	16.076	415.42	415.34
23:52:56	16.003	15.647	15.699	16.359	15.907	16.075	415.42	415.34
23:53:56	16.001	15.648	15.697	16.353	15.909	16.077	415.42	415.34
23:54:56	16.002	15.647	15.692	16.343	15.906	16.076	415.42	415.34
23:55:56	16.002	15.648	15.692	16.334	15.906	16.076	415.42	415.34
23:56:56	16.002	15.648	15.687	16.323	15.907	16.075	415.42	415.34
23:57:56	16.002	15.648	15.684	16.314	15.91	16.074	415.42	415.34
23:58:57	16.002	15.648	15.688	16.311	15.905	16.075	415.42	415.34
23:59:56	16.003	15.647	15.688	16.315	15.905	16.074	415.42	415.34
