00:00:22	20.503	20.117	19.94	20.773	20.543	20.75	415.42	415.34
00:01:22	20.503	20.116	19.982	20.904	20.542	20.75	415.42	415.34
00:02:22	20.503	20.118	20.014	20.979	20.544	20.751	415.42	415.34
00:03:22	20.503	20.117	20.045	21.028	20.543	20.75	415.42	415.34
00:04:22	20.504	20.117	19.984	20.745	20.544	20.75	415.42	415.34
00:05:22	20.503	20.118	19.9	20.554	20.541	20.751	415.42	415.34
00:06:24	20.503	20.118	19.837	20.342	20.544	20.752	415.42	415.34
00:07:22	20.503	20.119	19.756	20.202	20.543	20.75	415.42	415.34
00:08:22	20.504	20.117	19.666	19.929	20.545	20.748	415.42	415.34
00:09:22	20.504	20.119	19.693	20.168	20.543	20.748	415.42	415.34
00:10:22	20.503	20.117	19.806	20.423	20.54	20.746	415.42	415.34
00:11:22	20.503	20.118	19.889	20.646	20.544	20.751	415.42	415.34
00:12:22	20.503	20.118	19.946	20.821	20.546	20.751	415.42	415.34
00:13:22	20.504	20.117	19.999	20.937	20.544	20.751	415.42	415.34
00:14:22	20.503	20.118	20.032	21.008	20.547	20.75	415.42	415.34
00:15:23	20.503	20.115	20.064	21.053	20.541	20.752	415.42	415.34
00:16:22	20.503	20.116	20.016	20.833	20.542	20.751	415.42	415.34
00:17:22	20.502	20.115	19.94	20.544	20.541	20.749	415.42	415.34
00:18:22	20.504	20.116	19.873	20.498	20.542	20.748	415.42	415.34
00:19:22	20.503	20.117	19.81	20.285	20.545	20.748	415.42	415.34
00:20:22	20.504	20.118	19.676	20.006	20.545	20.747	415.42	415.34
00:21:22	20.503	20.117	19.656	19.949	20.544	20.75	415.42	415.34
00:22:22	20.503	20.118	19.771	20.312	20.541	20.753	415.42	415.34
00:23:22	20.502	20.118	19.883	20.618	20.542	20.752	415.42	415.34
00:24:22	20.503	20.116	19.958	20.808	20.542	20.749	415.42	415.34
00:25:22	20.503	20.117	20.005	20.932	20.539	20.755	415.42	415.34
00:26:22	20.503	20.117	20.036	21.007	20.539	20.751	415.42	415.34
00:27:22	20.503	20.117	20.076	21.048	20.54	20.748	415.42	415.34
00:28:22	20.502	20.116	20.026	20.823	20.544	20.749	415.42	415.34
00:29:22	20.501	20.116	19.924	20.571	20.541	20.75	415.42	415.34
00:30:22	20.503	20.116	19.871	20.382	20.542	20.748	415.42	415.34
00:31:22	20.503	20.117	19.803	20.239	20.54	20.755	415.42	415.34
00:32:22	20.503	20.117	19.663	19.884	20.543	20.75	415.42	415.34
00:33:22	20.503	20.117	19.645	19.926	20.54	20.752	415.42	415.34
00:34:22	20.502	20.118	19.758	20.28	20.54	20.748	415.42	415.34
00:35:22	20.503	20.116	19.868	20.588	20.544	20.746	415.42	415.34
00:36:22	20.503	20.117	19.942	20.779	20.545	20.75	415.42	415.34
00:37:22	20.502	20.116	19.988	20.904	20.542	20.749	415.42	415.34
00:38:22	20.503	20.116	20.028	20.98	20.542	20.749	415.42	415.34
00:39:22	20.503	20.117	20.055	21.041	20.539	20.747	415.42	415.34
00:40:22	20.501	20.117	19.996	20.788	20.542	20.749	415.42	415.34
00:41:22	20.502	20.119	19.907	20.557	20.545	20.749	415.42	415.34
00:42:22	20.503	20.118	19.836	20.414	20.545	20.75	415.42	415.34
00:43:22	20.504	20.119	19.765	20.253	20.548	20.751	415.42	415.34
00:44:22	20.503	20.118	19.672	19.9	20.546	20.75	415.42	415.34
00:45:22	20.504	20.12	19.652	19.972	20.542	20.75	415.42	415.34
00:46:22	20.504	20.12	19.765	20.26	20.544	20.751	415.42	415.34
00:47:22	20.505	20.12	19.857	20.523	20.544	20.752	415.42	415.34
00:48:22	20.504	20.121	19.919	20.712	20.544	20.752	415.42	415.34
00:49:22	20.504	20.121	19.967	20.859	20.544	20.751	415.42	415.34
00:50:22	20.504	20.121	20.01	20.947	20.543	20.75	415.42	415.34
00:51:22	20.504	20.121	20.042	21.011	20.54	20.753	415.42	415.34
00:52:22	20.504	20.121	19.999	20.837	20.536	20.749	415.42	415.34
00:53:22	20.503	20.119	19.902	20.561	20.54	20.75	415.42	415.34
00:54:22	20.503	20.118	19.856	20.488	20.542	20.751	415.42	415.34
00:55:22	20.503	20.118	19.792	20.255	20.538	20.75	415.42	415.34
00:56:22	20.502	20.117	19.68	20.006	20.54	20.749	415.42	415.34
00:57:22	20.503	20.119	19.651	19.959	20.541	20.752	415.42	415.34
00:58:22	20.503	20.118	19.777	20.311	20.541	20.749	415.42	415.34
00:59:22	20.504	20.118	19.885	20.614	20.54	20.746	415.42	415.34
01:00:22	20.503	20.119	19.954	20.811	20.539	20.746	415.42	415.34
01:01:22	20.503	20.119	19.997	20.92	20.537	20.752	415.42	415.34
01:02:22	20.503	20.119	20.03	20.99	20.536	20.753	415.42	415.34
01:03:22	20.502	20.116	20.053	21.039	20.541	20.754	415.42	415.34
01:04:22	20.503	20.118	19.998	20.816	20.544	20.746	415.42	415.34
01:05:22	20.503	20.119	19.901	20.559	20.541	20.748	415.42	415.34
01:06:22	20.502	20.12	19.863	20.399	20.54	20.753	415.42	415.34
01:07:22	20.503	20.119	19.784	20.252	20.542	20.752	415.42	415.34
01:08:22	20.503	20.119	19.679	19.943	20.545	20.753	415.42	415.34
01:09:22	20.503	20.119	19.675	19.999	20.542	20.753	415.42	415.34
01:10:22	20.504	20.119	19.796	20.316	20.544	20.749	415.42	415.34
01:11:22	20.503	20.119	19.892	20.628	20.543	20.749	415.42	415.34
01:12:22	20.504	20.12	19.969	20.842	20.54	20.751	415.42	415.34
01:13:22	20.503	20.12	20.01	20.951	20.541	20.746	415.42	415.34
01:14:22	20.503	20.121	20.047	21.025	20.541	20.752	415.42	415.34
01:15:22	20.504	20.121	20.078	21.074	20.542	20.752	415.42	415.34
01:16:25	20.504	20.122	20.031	20.815	20.541	20.748	415.42	415.34
01:17:22	20.504	20.121	19.941	20.513	20.542	20.746	415.42	415.34
01:18:22	20.504	20.121	19.885	20.405	20.543	20.747	415.42	415.34
01:19:22	20.503	20.123	19.829	20.271	20.541	20.749	415.42	415.34
01:20:22	20.504	20.123	19.684	19.89	20.542	20.745	415.42	415.34
01:21:22	20.503	20.122	19.659	19.966	20.54	20.748	415.42	415.34
01:22:22	20.503	20.122	19.774	20.287	20.547	20.749	415.42	415.34
01:23:22	20.503	20.122	19.877	20.562	20.543	20.746	415.42	415.34
01:24:22	20.502	20.122	19.94	20.757	20.542	20.753	415.42	415.34
01:25:22	20.503	20.123	19.99	20.889	20.544	20.753	415.42	415.34
01:26:22	20.503	20.122	20.035	20.989	20.547	20.747	415.42	415.34
01:27:22	20.503	20.123	20.07	21.045	20.544	20.746	415.42	415.34
01:28:22	20.503	20.123	20.008	20.773	20.546	20.75	415.42	415.34
01:29:22	20.502	20.122	19.917	20.422	20.547	20.753	415.42	415.34
01:30:22	20.503	20.123	19.886	20.371	20.544	20.758	415.42	415.34
01:31:22	20.503	20.123	19.815	20.204	20.543	20.753	415.42	415.34
01:32:22	20.504	20.123	19.701	19.934	20.542	20.744	415.42	415.34
01:33:22	20.504	20.121	19.668	19.983	20.538	20.743	415.42	415.34
01:34:22	20.502	20.123	19.801	20.318	20.541	20.745	415.42	415.34
01:35:22	20.505	20.122	19.892	20.604	20.542	20.747	415.42	415.34
01:36:22	20.504	20.122	19.967	20.805	20.541	20.744	415.42	415.34
01:37:22	20.504	20.123	20.011	20.923	20.539	20.742	415.42	415.34
01:38:22	20.505	20.122	20.045	21.008	20.542	20.745	415.42	415.34
01:39:22	20.505	20.123	20.076	21.062	20.541	20.748	415.42	415.34
01:40:22	20.505	20.121	20.03	20.81	20.541	20.749	415.42	415.34
01:41:22	20.504	20.122	19.935	20.518	20.544	20.746	415.42	415.34
01:42:22	20.505	20.122	19.888	20.423	20.543	20.745	415.42	415.34
01:43:22	20.504	20.123	19.814	20.255	20.538	20.747	415.42	415.34
01:44:22	20.504	20.122	19.702	20.053	20.538	20.744	415.42	415.34
01:45:22	20.504	20.122	19.597	19.797	20.541	20.748	415.42	415.34
01:46:22	20.504	20.123	19.505	19.753	20.537	20.744	415.42	415.34
01:47:22	20.504	20.122	19.633	20.046	20.537	20.746	415.42	415.34
01:48:22	20.504	20.121	19.755	20.341	20.544	20.746	415.42	415.34
01:49:22	20.504	20.121	19.848	20.585	20.543	20.751	415.42	415.34
01:50:22	20.504	20.122	19.907	20.754	20.54	20.751	415.42	415.34
01:51:22	20.504	20.123	19.963	20.875	20.537	20.746	415.42	415.34
01:52:22	20.504	20.124	20.001	20.972	20.539	20.749	415.42	415.34
01:53:22	20.503	20.125	20.027	20.937	20.539	20.747	415.42	415.34
01:54:22	20.504	20.123	19.925	20.728	20.541	20.745	415.42	415.34
01:55:22	20.504	20.124	19.869	20.547	20.544	20.744	415.42	415.34
01:56:22	20.504	20.123	19.837	20.331	20.544	20.744	415.42	415.34
01:57:22	20.504	20.124	19.738	20.156	20.54	20.745	415.42	415.34
01:58:22	20.503	20.123	19.63	19.929	20.541	20.755	415.42	415.34
01:59:22	20.503	20.123	19.719	20.174	20.543	20.755	415.42	415.34
02:00:22	20.503	20.123	19.827	20.474	20.538	20.75	415.42	415.34
02:01:22	20.504	20.123	19.903	20.711	20.539	20.746	415.42	415.34
02:02:22	20.504	20.124	19.971	20.853	20.542	20.745	415.42	415.34
02:03:22	20.505	20.123	20.017	20.961	20.542	20.746	415.42	415.34
02:04:22	20.504	20.123	20.05	21.029	20.539	20.742	415.42	415.34
02:05:22	20.504	20.122	20.055	20.967	20.537	20.744	415.42	415.34
02:06:22	20.504	20.122	19.961	20.711	20.54	20.745	415.42	415.34
02:07:22	20.505	20.122	19.896	20.59	20.542	20.746	415.42	415.34
02:08:22	20.504	20.122	19.832	20.401	20.539	20.746	415.42	415.34
02:09:22	20.504	20.121	19.748	20.234	20.542	20.741	415.42	415.34
02:10:22	20.505	20.122	19.624	19.876	20.539	20.742	415.42	415.34
02:11:22	20.504	20.121	19.711	20.112	20.541	20.743	415.42	415.34
02:12:22	20.503	20.121	19.825	20.429	20.536	20.745	415.42	415.34
02:13:22	20.504	20.121	19.907	20.667	20.539	20.747	415.42	415.34
02:14:22	20.502	20.121	19.956	20.81	20.54	20.745	415.42	415.34
02:15:22	20.504	20.12	20.001	20.921	20.539	20.744	415.42	415.34
02:16:22	20.504	20.122	20.027	21.001	20.541	20.745	415.42	415.34
02:17:22	20.504	20.122	20.052	20.949	20.54	20.743	415.42	415.34
02:18:22	20.505	20.122	19.943	20.631	20.536	20.744	415.42	415.34
02:19:22	20.505	20.122	19.854	20.465	20.539	20.744	415.42	415.34
02:20:22	20.504	20.122	19.776	20.237	20.537	20.743	415.42	415.34
02:21:22	20.503	20.121	19.683	20.014	20.541	20.74	415.42	415.34
02:22:22	20.505	20.123	19.581	19.798	20.54	20.742	415.42	415.34
02:23:22	20.506	20.123	19.69	20.017	20.538	20.743	415.42	415.34
02:24:22	20.504	20.123	19.803	20.38	20.539	20.744	415.42	415.34
02:25:22	20.505	20.124	19.899	20.678	20.542	20.746	415.42	415.34
02:26:22	20.504	20.125	19.951	20.843	20.542	20.745	415.42	415.34
02:27:22	20.504	20.126	20.002	20.947	20.543	20.746	415.42	415.34
02:28:22	20.504	20.127	20.04	21.017	20.54	20.751	415.42	415.34
02:29:22	20.504	20.128	20.058	20.915	20.543	20.748	415.42	415.34
02:30:22	20.505	20.127	19.954	20.691	20.546	20.744	415.42	415.34
02:31:22	20.506	20.129	19.902	20.476	20.544	20.747	415.42	415.34
02:32:22	20.505	20.128	19.848	20.338	20.542	20.747	415.42	415.34
02:33:22	20.505	20.129	19.75	20.124	20.544	20.745	415.42	415.34
02:34:22	20.504	20.128	19.609	19.899	20.538	20.741	415.42	415.34
02:35:22	20.504	20.129	19.707	20.127	20.541	20.739	415.42	415.34
02:36:22	20.504	20.128	19.818	20.443	20.544	20.746	415.42	415.34
02:37:22	20.504	20.127	19.899	20.662	20.542	20.746	415.42	415.34
02:38:22	20.505	20.128	19.959	20.82	20.54	20.741	415.42	415.34
02:39:22	20.505	20.127	20.006	20.933	20.539	20.741	415.42	415.34
02:40:22	20.505	20.128	20.035	21.012	20.542	20.742	415.42	415.34
02:41:22	20.504	20.126	20.058	20.959	20.543	20.742	415.42	415.34
02:42:22	20.504	20.128	19.947	20.701	20.542	20.747	415.42	415.34
02:43:22	20.505	20.129	19.852	20.542	20.545	20.745	415.42	415.34
02:44:22	20.506	20.129	19.796	20.305	20.545	20.745	415.42	415.34
02:45:22	20.505	20.13	19.749	19.959	20.54	20.75	415.42	415.34
02:46:22	20.506	20.128	19.651	19.808	20.543	20.747	415.42	415.34
02:47:22	20.504	20.129	19.734	20.118	20.539	20.747	415.42	415.34
02:48:22	20.505	20.128	19.818	20.431	20.542	20.748	415.42	415.34
02:49:22	20.505	20.128	19.904	20.696	20.543	20.744	415.42	415.34
02:50:22	20.505	20.127	19.968	20.854	20.539	20.743	415.42	415.34
02:51:22	20.505	20.128	20.007	20.959	20.539	20.741	415.42	415.34
02:52:22	20.505	20.127	20.04	21.019	20.541	20.739	415.42	415.34
02:53:22	20.505	20.126	20.06	20.943	20.542	20.743	415.42	415.34
02:54:22	20.505	20.126	19.966	20.66	20.539	20.742	415.42	415.34
02:55:22	20.506	20.127	19.901	20.485	20.539	20.74	415.42	415.34
02:56:22	20.507	20.126	19.848	20.355	20.539	20.744	415.42	415.34
02:57:22	20.505	20.128	19.759	20.154	20.539	20.746	415.42	415.34
02:58:22	20.506	20.129	19.696	19.975	20.538	20.746	415.42	415.34
02:59:22	20.506	20.131	19.784	20.291	20.536	20.749	415.42	415.34
03:00:22	20.506	20.13	19.901	20.63	20.54	20.747	415.42	415.34
03:01:22	20.507	20.13	19.972	20.818	20.543	20.748	415.42	415.34
03:02:22	20.506	20.13	20.019	20.938	20.544	20.746	415.42	415.34
03:03:22	20.506	20.129	20.058	21.023	20.545	20.743	415.42	415.34
03:04:22	20.505	20.13	20.086	21.07	20.544	20.74	415.42	415.34
03:05:22	20.506	20.13	20.098	20.989	20.541	20.739	415.42	415.34
03:06:22	20.506	20.129	20.015	20.706	20.544	20.743	415.42	415.34
03:07:22	20.505	20.129	19.933	20.529	20.542	20.743	415.42	415.34
03:08:22	20.506	20.13	19.885	20.392	20.54	20.741	415.42	415.34
03:09:22	20.506	20.129	19.79	20.204	20.54	20.741	415.42	415.34
03:10:22	20.506	20.129	19.656	19.759	20.539	20.742	415.42	415.34
03:11:22	20.506	20.129	19.547	19.478	20.541	20.74	415.42	415.34
03:12:22	20.506	20.129	19.592	19.67	20.541	20.742	415.42	415.34
03:13:22	20.506	20.13	19.7	20.073	20.54	20.742	415.42	415.34
03:14:22	20.507	20.129	19.798	20.417	20.536	20.742	415.42	415.34
03:15:22	20.507	20.129	19.889	20.684	20.543	20.748	415.42	415.34
03:16:22	20.506	20.128	19.951	20.85	20.541	20.746	415.42	415.34
03:17:23	20.507	20.129	20.001	20.95	20.542	20.746	415.42	415.34
03:18:22	20.506	20.13	20.032	21.015	20.542	20.745	415.42	415.34
03:19:22	20.507	20.13	19.977	20.787	20.544	20.744	415.42	415.34
03:20:22	20.506	20.131	19.887	20.539	20.544	20.745	415.42	415.34
03:21:22	20.506	20.13	19.83	20.426	20.543	20.746	415.42	415.34
03:22:22	20.506	20.131	19.769	20.188	20.543	20.742	415.42	415.34
03:23:22	20.506	20.13	19.64	19.848	20.541	20.742	415.42	415.34
03:24:22	20.507	20.131	19.629	19.907	20.543	20.743	415.42	415.34
03:25:22	20.507	20.132	19.76	20.266	20.539	20.744	415.42	415.34
03:26:22	20.507	20.131	19.866	20.601	20.543	20.74	415.42	415.34
03:27:22	20.507	20.132	19.935	20.805	20.545	20.745	415.42	415.34
03:28:22	20.507	20.131	19.987	20.926	20.539	20.743	415.42	415.34
03:29:22	20.508	20.132	20.029	21.011	20.542	20.745	415.42	415.34
03:30:22	20.506	20.132	20.055	21.067	20.542	20.743	415.42	415.34
03:31:22	20.507	20.131	20.006	20.789	20.547	20.747	415.42	415.34
03:32:22	20.507	20.13	19.92	20.581	20.544	20.752	415.42	415.34
03:33:22	20.507	20.13	19.871	20.49	20.538	20.745	415.42	415.34
03:34:22	20.507	20.13	19.795	20.196	20.539	20.744	415.42	415.34
03:35:22	20.506	20.13	19.67	19.885	20.537	20.742	415.42	415.34
03:36:22	20.506	20.13	19.681	19.985	20.543	20.741	415.42	415.34
03:37:22	20.507	20.129	19.806	20.365	20.543	20.742	415.42	415.34
03:38:22	20.506	20.13	19.902	20.654	20.541	20.742	415.42	415.34
03:39:22	20.507	20.13	19.968	20.839	20.542	20.741	415.42	415.34
03:40:22	20.505	20.129	20.015	20.955	20.544	20.741	415.42	415.34
03:41:22	20.507	20.129	20.056	21.038	20.538	20.738	415.42	415.34
03:42:22	20.507	20.13	20.081	21.084	20.537	20.74	415.42	415.34
03:43:22	20.506	20.13	20.031	20.822	20.538	20.74	415.42	415.34
03:44:22	20.506	20.13	19.956	20.54	20.54	20.743	415.42	415.34
03:45:22	20.507	20.13	19.874	20.41	20.539	20.742	415.42	415.34
03:46:22	20.508	20.132	19.797	20.157	20.537	20.742	415.42	415.34
03:47:22	20.508	20.13	19.694	19.8	20.531	20.742	415.42	415.34
03:48:22	20.507	20.132	19.68	19.966	20.535	20.742	415.42	415.34
03:49:22	20.508	20.132	19.815	20.4	20.538	20.741	415.42	415.34
03:50:22	20.508	20.132	19.922	20.704	20.535	20.746	415.42	415.34
03:51:22	20.507	20.132	19.986	20.882	20.538	20.744	415.42	415.34
03:52:22	20.507	20.133	20.031	20.99	20.54	20.74	415.42	415.34
03:53:22	20.507	20.133	20.07	21.063	20.543	20.74	415.42	415.34
03:54:24	20.507	20.132	20.101	21.112	20.541	20.74	415.42	415.34
03:55:22	20.508	20.133	20.07	20.85	20.544	20.742	415.42	415.34
03:56:22	20.508	20.133	19.965	20.586	20.542	20.741	415.42	415.34
03:57:22	20.507	20.133	19.906	20.489	20.544	20.738	415.42	415.34
03:58:22	20.507	20.131	19.834	20.307	20.539	20.743	415.42	415.34
03:59:22	20.508	20.132	19.689	20.008	20.539	20.745	415.42	415.34
04:00:22	20.508	20.133	19.683	20.023	20.538	20.746	415.42	415.34
04:01:22	20.508	20.131	19.807	20.324	20.539	20.743	415.42	415.34
04:02:22	20.507	20.13	19.909	20.617	20.539	20.74	415.42	415.34
04:03:22	20.508	20.131	19.984	20.82	20.538	20.741	415.42	415.34
04:04:22	20.508	20.131	20.037	20.964	20.538	20.741	415.42	415.34
04:05:22	20.507	20.13	20.074	21.053	20.539	20.744	415.42	415.34
04:06:22	20.507	20.132	20.105	21.108	20.539	20.743	415.42	415.34
04:07:22	20.507	20.132	20.067	20.817	20.539	20.741	415.42	415.34
04:08:22	20.508	20.132	19.966	20.494	20.542	20.739	415.42	415.34
04:09:22	20.507	20.133	19.908	20.384	20.541	20.747	415.42	415.34
04:10:22	20.508	20.133	19.83	20.223	20.539	20.744	415.42	415.34
04:11:22	20.507	20.132	19.723	19.933	20.54	20.741	415.42	415.34
04:12:22	20.508	20.133	19.606	19.724	20.537	20.739	415.42	415.34
04:13:22	20.507	20.133	19.548	19.633	20.538	20.742	415.42	415.34
04:14:22	20.507	20.133	19.638	19.926	20.537	20.747	415.42	415.34
04:15:22	20.506	20.131	19.747	20.302	20.535	20.742	415.42	415.34
04:16:22	20.508	20.132	19.855	20.609	20.534	20.737	415.42	415.34
04:17:22	20.508	20.131	19.926	20.794	20.538	20.737	415.42	415.34
04:18:22	20.506	20.132	19.98	20.93	20.54	20.737	415.42	415.34
04:19:22	20.507	20.132	20.024	21.01	20.539	20.736	415.42	415.34
04:20:22	20.506	20.132	20.04	20.946	20.538	20.737	415.42	415.34
04:21:22	20.507	20.132	19.943	20.733	20.542	20.739	415.42	415.34
04:22:22	20.508	20.133	19.863	20.636	20.537	20.742	415.42	415.34
04:23:22	20.508	20.133	19.829	20.468	20.536	20.74	415.42	415.34
04:24:22	20.509	20.133	19.75	20.086	20.539	20.743	415.42	415.34
04:25:22	20.508	20.133	19.636	19.78	20.538	20.739	415.42	415.34
04:26:22	20.507	20.131	19.706	20.045	20.539	20.738	415.42	415.34
04:27:22	20.508	20.133	19.814	20.436	20.534	20.739	415.42	415.34
04:28:22	20.509	20.132	19.902	20.705	20.535	20.743	415.42	415.34
04:29:22	20.509	20.133	19.969	20.867	20.532	20.737	415.42	415.34
04:30:22	20.508	20.131	20.011	20.969	20.536	20.735	415.42	415.34
04:31:22	20.509	20.13	20.046	21.036	20.534	20.736	415.42	415.34
04:32:22	20.508	20.129	20.064	20.963	20.536	20.735	415.42	415.34
04:33:22	20.508	20.13	19.963	20.699	20.538	20.735	415.42	415.34
04:34:22	20.508	20.128	19.864	20.449	20.534	20.735	415.42	415.34
04:35:22	20.508	20.128	19.831	20.241	20.536	20.734	415.42	415.34
04:36:22	20.508	20.129	19.736	19.869	20.538	20.737	415.42	415.34
04:37:22	20.508	20.13	19.666	19.618	20.539	20.739	415.42	415.34
04:38:22	20.508	20.13	19.74	19.996	20.536	20.737	415.42	415.34
04:39:22	20.508	20.13	19.863	20.481	20.536	20.739	415.42	415.34
04:40:22	20.509	20.131	19.945	20.758	20.537	20.737	415.42	415.34
04:41:22	20.508	20.131	20.0	20.918	20.537	20.735	415.42	415.34
04:42:22	20.508	20.131	20.04	21.007	20.532	20.738	415.42	415.34
04:43:22	20.508	20.129	20.073	21.072	20.53	20.736	415.42	415.34
04:44:22	20.508	20.131	20.097	21.008	20.532	20.739	415.42	415.34
04:45:22	20.508	20.129	19.992	20.727	20.533	20.737	415.42	415.34
04:46:22	20.508	20.13	19.922	20.544	20.535	20.739	415.42	415.34
04:47:22	20.508	20.131	19.868	20.343	20.536	20.738	415.42	415.34
04:48:22	20.508	20.133	19.764	20.108	20.535	20.745	415.42	415.34
04:49:22	20.509	20.135	19.631	19.746	20.531	20.741	415.42	415.34
04:50:22	20.508	20.133	19.701	20.016	20.536	20.741	415.42	415.34
04:51:22	20.508	20.135	19.819	20.382	20.53	20.742	415.42	415.34
04:52:22	20.509	20.133	19.916	20.69	20.536	20.74	415.42	415.34
04:53:22	20.508	20.132	19.987	20.857	20.538	20.736	415.42	415.34
04:54:22	20.508	20.131	20.034	20.97	20.537	20.738	415.42	415.34
04:55:22	20.51	20.132	20.07	21.045	20.533	20.737	415.42	415.34
04:56:22	20.509	20.131	20.084	21.015	20.532	20.737	415.42	415.34
04:57:22	20.509	20.131	19.984	20.724	20.533	20.74	415.42	415.34
04:58:22	20.509	20.131	19.896	20.526	20.534	20.738	415.42	415.34
04:59:22	20.508	20.132	19.848	20.399	20.535	20.737	415.42	415.34
05:00:22	20.508	20.133	19.736	20.132	20.536	20.74	415.42	415.34
05:01:22	20.509	20.134	19.603	19.82	20.536	20.739	415.42	415.34
05:02:22	20.509	20.135	19.712	20.182	20.538	20.738	415.42	415.34
05:03:22	20.509	20.137	19.863	20.585	20.535	20.74	415.42	415.34
05:04:22	20.509	20.136	19.951	20.825	20.536	20.746	415.42	415.34
05:05:22	20.51	20.138	20.008	20.946	20.535	20.742	415.42	415.34
05:06:22	20.509	20.138	20.056	21.034	20.537	20.741	415.42	415.34
05:07:22	20.51	20.139	20.082	21.084	20.537	20.743	415.42	415.34
05:08:22	20.51	20.136	20.101	21.007	20.536	20.738	415.42	415.34
05:09:22	20.51	20.137	19.994	20.647	20.536	20.737	415.42	415.34
05:10:22	20.51	20.138	19.929	20.463	20.533	20.734	415.42	415.34
05:11:22	20.509	20.138	19.873	20.349	20.534	20.735	415.42	415.34
05:12:22	20.509	20.137	19.749	20.032	20.533	20.738	415.42	415.34
05:13:22	20.509	20.137	19.641	19.764	20.532	20.736	415.42	415.34
05:14:22	20.509	20.137	19.743	20.074	20.535	20.736	415.42	415.34
05:15:22	20.509	20.137	19.852	20.478	20.534	20.734	415.42	415.34
05:16:22	20.508	20.138	19.952	20.75	20.535	20.733	415.42	415.34
05:17:22	20.509	20.138	20.008	20.9	20.534	20.736	415.42	415.34
05:18:22	20.509	20.138	20.045	21.004	20.536	20.735	415.42	415.34
05:19:22	20.508	20.137	20.082	21.071	20.541	20.734	415.42	415.34
05:20:22	20.509	20.138	20.097	21.025	20.538	20.739	415.42	415.34
05:21:22	20.509	20.138	20.026	20.609	20.535	20.749	415.42	415.34
05:22:22	20.508	20.138	19.93	20.388	20.535	20.743	415.42	415.34
05:23:22	20.508	20.138	19.883	20.289	20.532	20.742	415.42	415.34
05:24:22	20.509	20.137	19.804	19.998	20.532	20.738	415.42	415.34
05:25:22	20.509	20.138	19.661	19.731	20.531	20.733	415.42	415.34
05:26:22	20.508	20.138	19.742	20.065	20.531	20.732	415.42	415.34
05:27:22	20.509	20.138	19.854	20.42	20.533	20.736	415.42	415.34
05:28:22	20.507	20.138	19.938	20.697	20.533	20.737	415.42	415.34
05:29:22	20.508	20.139	20.0	20.871	20.53	20.734	415.42	415.34
05:30:22	20.508	20.138	20.045	20.98	20.534	20.738	415.42	415.34
05:31:22	20.509	20.138	20.083	21.048	20.535	20.739	415.42	415.34
05:32:25	20.508	20.138	20.089	20.998	20.533	20.738	415.42	415.34
05:33:22	20.508	20.14	19.978	20.708	20.537	20.739	415.42	415.34
05:34:22	20.509	20.141	19.911	20.503	20.539	20.737	415.42	415.34
05:35:22	20.508	20.14	19.858	20.357	20.537	20.737	415.42	415.34
05:36:22	20.509	20.142	19.76	20.073	20.535	20.734	415.42	415.34
05:37:22	20.508	20.142	19.637	19.768	20.539	20.734	415.42	415.34
05:38:22	20.509	20.141	19.72	20.018	20.537	20.736	415.42	415.34
05:39:22	20.508	20.141	19.832	20.438	20.534	20.736	415.42	415.34
05:40:22	20.509	20.142	19.927	20.695	20.533	20.736	415.42	415.34
05:41:22	20.508	20.141	19.981	20.867	20.533	20.732	415.42	415.34
05:42:22	20.509	20.139	20.029	20.969	20.535	20.732	415.42	415.34
05:43:22	20.51	20.14	20.062	21.047	20.534	20.739	415.42	415.34
05:44:22	20.508	20.14	20.081	20.99	20.533	20.739	415.42	415.34
05:45:22	20.509	20.139	19.974	20.732	20.535	20.738	415.42	415.34
05:46:22	20.509	20.139	19.913	20.539	20.534	20.737	415.42	415.34
05:47:22	20.509	20.139	19.865	20.285	20.53	20.736	415.42	415.34
05:48:22	20.509	20.14	19.756	20.035	20.532	20.733	415.42	415.34
05:49:22	20.509	20.139	19.618	19.646	20.532	20.732	415.42	415.34
05:50:22	20.509	20.138	19.683	19.967	20.536	20.732	415.42	415.34
05:51:22	20.509	20.138	19.796	20.369	20.532	20.729	415.42	415.34
05:52:22	20.509	20.138	19.89	20.642	20.531	20.731	415.42	415.34
05:53:22	20.51	20.136	19.956	20.835	20.531	20.73	415.42	415.34
05:54:22	20.51	20.135	20.008	20.953	20.531	20.731	415.42	415.34
05:55:22	20.509	20.136	20.053	21.031	20.529	20.733	415.42	415.34
05:56:22	20.508	20.136	20.07	20.981	20.531	20.734	415.42	415.34
05:57:22	20.508	20.136	19.953	20.73	20.531	20.734	415.42	415.34
05:58:22	20.509	20.136	19.875	20.521	20.532	20.736	415.42	415.34
05:59:22	20.509	20.135	19.829	20.346	20.532	20.731	415.42	415.34
06:00:22	20.508	20.135	19.745	20.122	20.534	20.734	415.42	415.34
06:01:22	20.509	20.133	19.637	19.818	20.529	20.734	415.42	415.34
06:02:22	20.508	20.135	19.699	20.112	20.532	20.734	415.42	415.34
06:03:22	20.509	20.134	19.817	20.4	20.529	20.735	415.42	415.34
06:04:22	20.509	20.135	19.899	20.647	20.533	20.735	415.42	415.34
06:05:22	20.509	20.135	19.952	20.814	20.532	20.734	415.42	415.34
06:06:22	20.509	20.135	20.001	20.941	20.533	20.733	415.42	415.34
06:07:22	20.51	20.136	20.044	21.022	20.532	20.735	415.42	415.34
06:08:22	20.509	20.137	20.065	20.984	20.533	20.733	415.42	415.34
06:09:22	20.51	20.137	19.959	20.728	20.528	20.735	415.42	415.34
06:10:22	20.509	20.137	19.919	20.555	20.524	20.733	415.42	415.34
06:11:22	20.509	20.138	19.85	20.241	20.53	20.732	415.42	415.34
06:12:22	20.51	20.137	19.755	19.933	20.532	20.734	415.42	415.34
06:13:22	20.51	20.138	19.663	19.601	20.53	20.731	415.42	415.34
06:14:22	20.509	20.137	19.728	19.946	20.531	20.731	415.42	415.34
06:15:22	20.51	20.137	19.843	20.394	20.53	20.732	415.42	415.34
06:16:22	20.509	20.136	19.935	20.699	20.529	20.732	415.42	415.34
06:17:22	20.51	20.136	19.992	20.869	20.531	20.732	415.42	415.34
06:18:22	20.509	20.136	20.033	20.982	20.528	20.731	415.42	415.34
06:19:22	20.51	20.137	20.075	21.059	20.533	20.733	415.42	415.34
06:20:22	20.509	20.136	20.102	21.026	20.529	20.733	415.42	415.34
06:21:22	20.509	20.135	19.964	20.711	20.529	20.732	415.42	415.34
06:22:22	20.51	20.136	19.919	20.45	20.531	20.732	415.42	415.34
06:23:22	20.511	20.135	19.878	20.4	20.531	20.733	415.42	415.34
06:24:22	20.509	20.136	19.776	20.139	20.529	20.731	415.42	415.34
06:25:22	20.51	20.136	19.695	19.665	20.527	20.729	415.42	415.34
06:26:22	20.511	20.136	19.541	19.438	20.529	20.73	415.42	415.34
06:27:22	20.51	20.135	19.531	19.517	20.525	20.734	415.42	415.34
06:28:22	20.511	20.135	19.654	19.905	20.528	20.732	415.42	415.34
06:29:22	20.51	20.136	19.764	20.303	20.53	20.732	415.42	415.34
06:30:22	20.51	20.135	19.852	20.606	20.527	20.732	415.42	415.34
06:31:22	20.511	20.135	19.929	20.812	20.53	20.73	415.42	415.34
06:32:22	20.511	20.135	19.972	20.926	20.528	20.73	415.42	415.34
06:33:22	20.511	20.135	20.005	21.007	20.527	20.731	415.42	415.34
06:34:22	20.51	20.135	20.036	20.951	20.528	20.732	415.42	415.34
06:35:22	20.511	20.135	19.918	20.613	20.53	20.731	415.42	415.34
06:36:22	20.511	20.136	19.855	20.498	20.526	20.731	415.42	415.34
06:37:22	20.51	20.136	19.814	20.362	20.528	20.728	415.42	415.34
06:38:22	20.511	20.135	19.701	20.094	20.528	20.731	415.42	415.34
06:39:22	20.511	20.135	19.687	20.157	20.527	20.73	415.42	415.34
06:40:22	20.511	20.135	19.804	20.461	20.528	20.728	415.42	415.34
06:41:22	20.511	20.136	19.911	20.722	20.528	20.729	415.42	415.34
06:42:22	20.51	20.136	19.975	20.895	20.528	20.731	415.42	415.34
06:43:22	20.51	20.135	20.021	20.993	20.531	20.732	415.42	415.34
06:44:22	20.511	20.135	20.051	21.058	20.527	20.732	415.42	415.34
06:45:22	20.51	20.136	20.081	21.108	20.526	20.731	415.42	415.34
06:46:22	20.51	20.136	20.045	20.944	20.526	20.73	415.42	415.34
06:47:22	20.511	20.136	19.972	20.758	20.531	20.731	415.42	415.34
06:48:22	20.51	20.137	19.938	20.598	20.531	20.731	415.42	415.34
06:49:22	20.51	20.137	19.864	20.355	20.53	20.731	415.42	415.34
06:50:22	20.511	20.137	19.713	19.924	20.531	20.734	415.42	415.34
06:51:22	20.511	20.136	19.602	19.617	20.527	20.733	415.42	415.34
06:52:22	20.511	20.137	19.516	19.53	20.53	20.732	415.42	415.34
06:53:22	20.511	20.136	19.613	19.84	20.526	20.73	415.42	415.34
06:54:22	20.511	20.136	19.727	20.251	20.53	20.73	415.42	415.34
06:55:22	20.511	20.135	19.848	20.588	20.531	20.729	415.42	415.34
06:56:22	20.511	20.136	19.916	20.792	20.529	20.73	415.42	415.34
06:57:22	20.51	20.136	19.969	20.927	20.528	20.731	415.42	415.34
06:58:22	20.51	20.137	20.012	21.022	20.529	20.728	415.42	415.34
06:59:22	20.511	20.14	20.04	20.991	20.532	20.731	415.42	415.34
07:00:22	20.511	20.139	19.915	20.737	20.528	20.733	415.42	415.34
07:01:22	20.511	20.14	19.852	20.509	20.529	20.734	415.42	415.34
07:02:22	20.511	20.139	19.819	20.325	20.531	20.734	415.42	415.34
07:03:22	20.512	20.139	19.709	20.081	20.53	20.732	415.42	415.34
07:04:22	20.511	20.138	19.605	19.745	20.53	20.733	415.42	415.34
07:05:22	20.512	20.138	19.678	20.015	20.525	20.739	415.42	415.34
07:06:22	20.511	20.137	19.798	20.41	20.526	20.734	415.42	415.34
07:07:22	20.511	20.137	19.895	20.672	20.526	20.731	415.42	415.34
07:08:22	20.51	20.136	19.954	20.849	20.524	20.731	415.42	415.34
07:09:22	20.511	20.135	20.004	20.969	20.525	20.728	415.42	415.34
07:10:22	20.511	20.136	20.05	21.049	20.524	20.729	415.42	415.34
07:11:22	20.511	20.134	20.075	21.001	20.524	20.727	415.42	415.34
07:12:22	20.51	20.134	19.949	20.65	20.527	20.727	415.42	415.34
07:13:22	20.51	20.134	19.868	20.415	20.529	20.728	415.42	415.34
07:14:22	20.509	20.135	19.811	20.31	20.528	20.729	415.42	415.34
07:15:22	20.51	20.134	19.696	20.054	20.524	20.728	415.42	415.34
07:16:22	20.51	20.136	19.563	19.798	20.526	20.728	415.42	415.34
07:17:22	20.509	20.136	19.654	20.071	20.525	20.728	415.42	415.34
07:18:22	20.509	20.136	19.791	20.432	20.527	20.726	415.42	415.34
07:19:22	20.509	20.136	19.885	20.714	20.529	20.725	415.42	415.34
07:20:22	20.509	20.137	19.961	20.891	20.527	20.727	415.42	415.34
07:21:22	20.509	20.137	20.016	21.007	20.527	20.725	415.42	415.34
07:22:22	20.509	20.137	20.056	21.079	20.525	20.726	415.42	415.34
07:23:22	20.508	20.136	20.076	21.028	20.529	20.726	415.42	415.34
07:24:22	20.51	20.136	19.969	20.738	20.525	20.724	415.42	415.34
07:25:22	20.509	20.138	19.917	20.496	20.525	20.726	415.42	415.34
07:26:22	20.51	20.137	19.869	20.443	20.523	20.725	415.42	415.34
07:27:22	20.509	20.137	19.748	20.157	20.523	20.728	415.42	415.34
07:28:22	20.51	20.137	19.655	20.042	20.524	20.731	415.42	415.34
07:29:22	20.509	20.136	19.763	20.267	20.522	20.73	415.42	415.34
07:30:22	20.509	20.137	19.873	20.624	20.526	20.731	415.42	415.34
07:31:22	20.509	20.137	19.966	20.859	20.523	20.727	415.42	415.34
07:32:22	20.509	20.137	20.027	20.974	20.523	20.727	415.42	415.34
07:33:22	20.509	20.137	20.057	21.049	20.522	20.725	415.42	415.34
07:34:22	20.509	20.136	20.084	21.114	20.525	20.726	415.42	415.34
07:35:22	20.509	20.136	20.102	21.057	20.523	20.726	415.42	415.34
07:36:22	20.509	20.137	20.008	20.736	20.523	20.724	415.42	415.34
07:37:22	20.509	20.138	19.932	20.582	20.524	20.723	415.42	415.34
07:38:22	20.509	20.137	19.891	20.394	20.524	20.725	415.42	415.34
07:39:22	20.51	20.138	19.782	19.996	20.522	20.724	415.42	415.34
07:40:22	20.508	20.138	19.671	19.618	20.522	20.724	415.42	415.34
07:41:22	20.51	20.137	19.604	19.575	20.524	20.726	415.42	415.34
07:42:22	20.508	20.137	19.595	19.781	20.521	20.726	415.42	415.34
07:43:22	20.508	20.137	19.719	20.107	20.522	20.726	415.42	415.34
07:44:22	20.51	20.137	19.808	20.406	20.523	20.725	415.42	415.34
07:45:22	20.509	20.137	19.88	20.657	20.523	20.724	415.42	415.34
07:46:22	20.509	20.137	19.946	20.836	20.522	20.727	415.42	415.34
07:47:22	20.51	20.138	19.998	20.957	20.519	20.726	415.42	415.34
07:48:22	20.509	20.139	20.038	21.036	20.524	20.724	415.42	415.34
07:49:22	20.509	20.139	19.996	20.801	20.521	20.725	415.42	415.34
07:50:22	20.508	20.138	19.897	20.573	20.522	20.726	415.42	415.34
07:51:22	20.51	20.139	19.84	20.464	20.524	20.726	415.42	415.34
07:52:22	20.509	20.139	19.759	20.234	20.525	20.73	415.42	415.34
07:53:22	20.508	20.14	19.644	19.969	20.525	20.729	415.42	415.34
07:54:22	20.508	20.141	19.634	20.011	20.525	20.727	415.42	415.34
07:55:22	20.509	20.14	19.768	20.387	20.522	20.728	415.42	415.34
07:56:22	20.509	20.141	19.886	20.686	20.519	20.728	415.42	415.34
07:57:22	20.509	20.14	19.961	20.869	20.523	20.727	415.42	415.34
07:58:22	20.51	20.14	20.009	20.979	20.523	20.729	415.42	415.34
07:59:22	20.51	20.14	20.047	21.056	20.523	20.728	415.42	415.34
08:00:22	20.511	20.141	20.075	21.1	20.524	20.728	415.42	415.34
08:01:22	20.51	20.14	20.03	20.874	20.523	20.726	415.42	415.34
08:02:22	20.51	20.141	19.941	20.588	20.521	20.725	415.42	415.34
08:03:22	20.508	20.141	19.908	20.412	20.523	20.725	415.42	415.34
08:04:22	20.508	20.142	19.828	20.214	20.52	20.723	415.42	415.34
08:05:22	20.509	20.141	19.658	19.935	20.523	20.725	415.42	415.34
08:06:22	20.51	20.142	19.659	19.96	20.515	20.723	415.42	415.34
08:07:22	20.509	20.141	19.773	20.296	20.519	20.723	415.42	415.34
08:08:22	20.509	20.139	19.874	20.592	20.52	20.724	415.42	415.34
08:09:22	20.509	20.141	19.956	20.809	20.518	20.723	415.42	415.34
08:10:22	20.509	20.14	20.006	20.938	20.52	20.723	415.42	415.34
08:11:22	20.509	20.139	20.057	21.023	20.524	20.726	415.42	415.34
08:12:22	20.509	20.139	20.089	21.081	20.523	20.725	415.42	415.34
08:13:22	20.51	20.139	20.037	20.83	20.521	20.724	415.42	415.34
08:14:22	20.51	20.14	19.941	20.597	20.521	20.725	415.42	415.34
08:15:22	20.509	20.139	19.889	20.385	20.521	20.723	415.42	415.34
08:16:22	20.51	20.139	19.799	20.294	20.52	20.723	415.42	415.34
08:17:22	20.508	20.138	19.684	20.023	20.519	20.723	415.42	415.34
08:18:22	20.508	20.139	19.691	20.075	20.523	20.723	415.42	415.34
08:19:23	20.509	20.14	19.815	20.362	20.518	20.722	415.42	415.34
08:20:22	0.0	20.14	19.908	20.627	20.521	20.724	415.42	415.34
08:21:22	20.509	20.139	19.973	20.82	20.522	20.725	415.42	415.34
08:22:22	20.51	20.142	20.02	20.96	20.517	20.724	415.42	415.34
08:23:22	20.509	20.14	20.062	21.044	20.517	20.726	415.42	415.34
08:24:22	20.509	20.14	20.1	21.098	20.52	20.724	415.42	415.34
08:25:22	20.508	20.14	20.038	20.907	20.521	20.723	415.42	415.34
08:26:22	20.509	20.141	19.943	20.55	20.52	20.721	415.42	415.34
08:27:22	20.509	20.14	19.891	20.354	20.521	20.721	415.42	415.34
08:28:22	20.51	20.141	19.836	20.214	20.522	20.725	415.42	415.34
08:29:22	20.509	20.143	19.735	19.991	20.519	20.726	415.42	415.34
08:30:22	20.509	20.142	19.738	20.085	20.523	20.725	415.42	415.34
08:31:22	20.509	20.143	19.838	20.393	20.526	20.722	415.42	415.34
08:32:22	20.508	20.14	19.922	20.664	20.524	20.723	415.42	415.34
08:33:22	20.509	20.138	19.99	20.859	20.521	20.723	415.42	415.34
08:34:22	20.509	20.138	20.033	20.979	20.523	20.723	415.42	415.34
08:35:22	20.509	20.14	20.075	21.051	20.52	20.721	415.42	415.34
08:36:22	20.509	20.141	20.107	21.11	20.519	20.723	415.42	415.34
08:37:22	20.509	20.14	20.057	20.857	20.514	20.721	415.42	415.34
08:38:22	20.51	20.139	19.966	20.655	20.519	20.72	415.42	415.34
08:39:22	20.51	20.141	19.892	20.52	20.521	20.723	415.42	415.34
08:40:22	20.51	20.141	19.803	20.236	20.524	20.724	415.42	415.34
08:41:22	20.51	20.141	19.655	19.917	20.519	20.721	415.42	415.34
08:42:22	20.51	20.141	19.641	19.947	20.52	20.721	415.42	415.34
08:43:22	20.509	20.141	19.776	20.285	20.519	20.723	415.42	415.34
08:44:22	20.509	20.142	19.892	20.623	20.521	20.72	415.42	415.34
08:45:22	20.511	20.142	19.982	20.843	20.52	20.721	415.42	415.34
08:46:22	20.511	20.141	20.035	20.993	20.516	20.72	415.42	415.34
08:47:22	20.51	20.14	20.078	21.08	20.521	20.721	415.42	415.34
08:48:22	20.51	20.14	20.112	21.132	20.516	20.722	415.42	415.34
08:49:22	20.509	20.14	20.062	20.879	20.519	20.721	415.42	415.34
08:50:22	20.511	20.14	19.97	20.574	20.52	20.719	415.42	415.34
08:51:22	20.51	20.14	19.892	20.461	20.521	20.721	415.42	415.34
08:52:22	20.51	20.14	19.827	20.252	20.519	20.721	415.42	415.34
08:53:22	20.509	20.138	19.724	19.992	20.516	20.723	415.42	415.34
08:54:22	20.509	20.138	19.731	20.112	20.511	20.72	415.42	415.34
08:55:22	20.51	20.137	19.847	20.443	20.514	20.718	415.42	415.34
08:56:22	20.51	20.137	19.943	20.735	20.516	20.717	415.42	415.34
08:57:22	20.51	20.137	20.009	20.92	20.519	20.718	415.42	415.34
08:58:22	20.51	20.138	20.061	21.034	20.518	20.721	415.42	415.34
08:59:22	20.51	20.138	20.102	21.103	20.517	20.72	415.42	415.34
09:00:22	20.51	20.137	20.138	21.148	20.52	20.722	415.42	415.34
09:01:22	20.508	20.138	20.07	20.868	20.517	20.723	415.42	415.34
09:02:22	20.511	20.138	19.991	20.602	20.514	20.723	415.42	415.34
09:03:22	20.51	20.138	19.932	20.579	20.516	20.72	415.42	415.34
09:04:22	20.511	20.139	19.864	20.306	20.515	20.721	415.42	415.34
09:05:22	20.511	20.14	19.719	19.89	20.515	20.724	415.42	415.34
09:06:22	20.511	20.141	19.708	20.035	20.516	20.721	415.42	415.34
09:07:22	20.511	20.142	19.822	20.349	20.516	20.717	415.42	415.34
09:08:22	20.511	20.142	19.917	20.637	20.517	20.719	415.42	415.34
09:09:22	20.511	20.144	19.987	20.842	20.52	20.721	415.42	415.34
09:10:22	20.51	20.145	20.041	20.962	20.516	20.72	415.42	415.34
09:11:22	20.51	20.146	20.085	21.048	20.519	20.721	415.42	415.34
09:12:22	20.512	20.146	20.118	21.106	20.522	20.72	415.42	415.34
09:13:22	20.511	20.147	20.032	20.712	20.52	20.724	415.42	415.34
09:14:23	20.51	20.148	19.933	20.447	20.514	20.722	415.42	415.34
09:15:22	20.512	20.15	19.891	20.445	20.516	20.723	415.42	415.34
09:16:22	20.512	20.149	19.803	20.227	20.513	20.723	415.42	415.34
09:17:22	20.511	20.148	19.664	19.913	20.514	20.72	415.42	415.34
09:18:22	20.512	20.145	19.712	20.058	20.515	20.723	415.42	415.34
09:19:22	20.513	20.147	19.826	20.359	20.519	20.72	415.42	415.34
09:20:22	20.512	20.147	19.915	20.636	20.52	20.719	415.42	415.34
09:21:23	20.513	20.146	19.987	20.842	20.52	20.719	415.42	415.34
09:22:22	20.512	20.146	20.039	20.969	20.519	20.721	415.42	415.34
09:23:22	20.513	20.146	20.076	21.054	20.516	20.723	415.42	415.34
09:24:22	20.512	20.146	20.112	21.122	20.515	20.721	415.42	415.34
09:25:22	20.511	20.148	20.062	20.841	20.519	20.723	415.42	415.34
09:26:22	20.512	20.147	19.964	20.562	20.519	20.723	415.42	415.34
09:27:22	20.511	20.146	19.924	20.421	20.519	20.722	415.42	415.34
09:28:22	20.512	20.147	19.847	20.268	20.521	20.724	415.42	415.34
09:29:22	20.512	20.147	19.729	19.907	20.518	20.723	415.42	415.34
09:30:22	20.513	20.149	19.727	20.041	20.518	20.723	415.42	415.34
09:31:22	20.513	20.151	19.85	20.427	20.514	20.724	415.42	415.34
09:32:23	20.513	20.152	19.956	20.72	20.519	20.722	415.42	415.34
09:33:22	20.513	20.152	20.023	20.901	20.519	20.726	415.42	415.34
09:34:22	20.513	20.153	20.069	21.025	20.518	20.72	415.42	415.34
09:35:22	20.515	20.153	20.103	21.099	20.519	20.723	415.42	415.34
09:36:22	20.515	20.151	20.134	21.136	20.52	20.723	415.42	415.34
09:37:22	20.514	20.151	20.054	20.807	20.515	20.721	415.42	415.34
09:38:22	20.514	20.151	19.962	20.501	20.517	20.721	415.42	415.34
09:39:22	20.515	20.152	19.907	20.458	20.516	20.719	415.42	415.34
09:40:22	20.514	20.151	19.808	20.276	20.516	20.719	415.42	415.34
09:41:22	20.514	20.152	19.704	19.945	20.517	20.72	415.42	415.34
09:42:22	20.514	20.15	19.608	19.693	20.516	20.718	415.42	415.34
09:43:22	20.513	20.151	19.601	19.673	20.517	20.718	415.42	415.34
09:44:22	20.515	20.149	19.719	20.007	20.519	20.72	415.42	415.34
09:45:22	20.513	20.149	19.806	20.341	20.519	20.723	415.42	415.34
09:46:22	20.514	20.148	19.894	20.636	20.517	20.72	415.42	415.34
09:47:22	20.515	20.149	19.956	20.831	20.515	20.719	415.42	415.34
09:48:22	20.515	20.152	20.011	20.955	20.519	20.716	415.42	415.34
09:49:22	20.514	20.152	20.047	21.037	20.52	20.72	415.42	415.34
09:50:22	20.515	20.154	20.05	20.964	20.516	20.721	415.42	415.34
09:51:22	20.515	20.155	19.953	20.709	20.516	20.719	415.42	415.34
09:52:22	20.516	20.155	19.894	20.568	20.516	20.718	415.42	415.34
09:53:22	20.515	20.155	19.845	20.401	20.517	20.72	415.42	415.34
09:54:22	20.514	20.155	19.725	20.009	20.517	20.72	415.42	415.34
09:55:22	20.515	20.156	19.595	19.742	20.517	20.72	415.42	415.34
09:56:22	20.516	20.155	19.643	19.948	20.518	20.72	415.42	415.34
09:57:22	20.516	20.154	19.754	20.32	20.516	20.721	415.42	415.34
09:58:22	20.515	20.155	19.863	20.607	20.519	20.718	415.42	415.34
09:59:22	20.516	20.155	19.934	20.8	20.518	20.72	415.42	415.34
10:00:22	20.516	20.156	19.989	20.929	20.518	20.723	415.42	415.34
10:01:22	20.516	20.154	20.03	21.016	20.516	20.721	415.42	415.34
10:02:22	20.517	20.155	20.063	21.041	20.514	20.721	415.42	415.34
10:03:22	20.516	20.155	19.975	20.766	20.513	20.719	415.42	415.34
10:04:22	20.516	20.154	19.871	20.493	20.517	20.719	415.42	415.34
10:05:22	20.517	20.154	19.812	20.348	20.519	20.719	415.42	415.34
10:06:22	20.516	20.156	19.719	20.063	20.522	20.724	415.42	415.34
10:07:22	20.518	20.157	19.633	19.705	20.522	20.723	415.42	415.34
10:08:22	20.518	20.159	19.691	19.976	20.521	20.717	415.42	415.34
10:09:22	20.517	20.158	19.797	20.325	20.515	20.715	415.42	415.34
10:10:22	20.518	20.157	19.895	20.63	20.514	20.716	415.42	415.34
10:11:22	20.519	20.157	19.961	20.825	20.515	20.715	415.42	415.34
10:12:22	20.519	20.156	20.011	20.958	20.515	20.716	415.42	415.34
10:13:22	20.517	20.155	20.044	21.035	20.518	20.719	415.42	415.34
10:14:22	20.518	20.152	20.076	21.061	20.519	20.72	415.42	415.34
10:15:22	20.518	20.152	19.993	20.793	20.521	20.721	415.42	415.34
10:16:22	20.518	20.152	19.917	20.632	20.52	20.718	415.42	415.34
10:17:22	20.517	20.153	19.889	20.435	20.52	20.72	415.42	415.34
10:18:22	20.517	20.153	19.815	20.239	20.517	20.717	415.42	415.34
10:19:22	20.518	20.154	19.685	19.997	20.513	20.717	415.42	415.34
10:20:22	20.518	20.157	19.516	19.725	20.511	20.719	415.42	415.34
10:21:23	20.518	20.157	19.506	19.81	20.516	20.719	415.42	415.34
10:22:22	20.518	20.159	19.64	19.96	20.519	20.717	415.42	415.34
10:23:22	20.519	20.158	19.745	20.286	20.516	20.718	415.42	415.34
10:24:22	20.519	20.158	19.834	20.567	20.515	20.72	415.42	415.34
10:25:22	20.518	20.159	19.907	20.758	20.516	20.719	415.42	415.34
10:26:22	20.518	20.16	19.953	20.892	20.518	20.717	415.42	415.34
10:27:22	20.518	20.161	19.997	20.983	20.519	20.72	415.42	415.34
10:28:22	20.519	20.161	19.98	20.829	20.519	20.72	415.42	415.34
10:29:22	20.518	20.16	19.9	20.591	20.518	20.721	415.42	415.34
10:30:22	20.519	20.161	19.836	20.402	20.515	20.72	415.42	415.34
10:31:22	20.518	20.159	19.791	20.092	20.517	20.722	415.42	415.34
10:32:22	20.519	20.161	19.658	19.951	20.52	20.719	415.42	415.34
10:33:22	20.519	20.161	19.618	19.98	20.517	20.717	415.42	415.34
10:34:22	20.519	20.162	19.725	20.246	20.518	20.72	415.42	415.34
10:35:22	20.519	20.163	19.816	20.463	20.517	20.718	415.42	415.34
10:36:22	20.519	20.162	19.881	20.674	20.521	20.717	415.42	415.34
10:37:22	20.52	20.163	19.936	20.827	20.52	20.721	415.42	415.34
10:38:22	20.519	20.163	19.983	20.931	20.52	20.722	415.42	415.34
10:39:22	20.519	20.163	20.019	21.006	20.514	20.726	415.42	415.34
10:40:22	20.519	20.163	20.003	20.866	20.519	20.727	415.42	415.34
10:41:22	20.519	20.162	19.881	20.657	20.513	20.726	415.42	415.34
10:42:22	20.519	20.162	19.825	20.505	20.513	20.72	415.42	415.34
10:43:22	20.519	20.161	19.764	20.328	20.517	20.717	415.42	415.34
10:44:22	20.52	20.161	19.638	19.976	20.517	20.715	415.42	415.34
10:45:22	20.519	20.162	19.577	19.879	20.52	20.717	415.42	415.34
10:46:22	20.52	20.162	19.674	20.156	20.517	20.718	415.42	415.34
10:47:23	20.52	20.163	19.785	20.442	20.519	20.719	415.42	415.34
10:48:22	20.52	20.161	19.867	20.663	20.518	20.719	415.42	415.34
10:49:22	20.52	20.162	19.926	20.81	20.517	20.716	415.42	415.34
10:50:22	20.52	20.162	19.963	20.909	20.513	20.715	415.42	415.34
10:51:22	20.521	20.162	20.002	20.991	20.518	20.722	415.42	415.34
10:52:22	20.52	20.16	20.0	20.842	20.519	20.716	415.42	415.34
10:53:22	20.52	20.16	19.898	20.631	20.511	20.716	415.42	415.34
10:54:22	20.521	20.16	19.845	20.471	20.513	20.716	415.42	415.34
10:55:22	20.52	20.159	19.805	20.291	20.513	20.716	415.42	415.34
10:56:22	20.52	20.16	19.672	20.054	20.515	20.715	415.42	415.34
10:57:22	20.521	20.162	19.632	20.033	20.517	20.716	415.42	415.34
10:58:22	20.52	20.161	19.74	20.309	20.516	20.716	415.42	415.34
10:59:22	20.52	20.161	19.846	20.604	20.515	20.718	415.42	415.34
11:00:22	20.52	20.161	19.925	20.804	20.517	20.723	415.42	415.34
11:01:22	20.52	20.161	19.973	20.915	20.521	20.721	415.42	415.34
11:02:22	20.52	20.162	20.01	21.005	20.518	20.721	415.42	415.34
11:03:22	20.52	20.162	20.046	21.051	20.517	20.72	415.42	415.34
11:04:22	20.521	20.161	20.024	20.885	20.517	20.72	415.42	415.34
11:05:22	20.52	20.163	19.921	20.646	20.518	20.719	415.42	415.34
11:06:22	20.52	20.162	19.849	20.447	20.518	20.72	415.42	415.34
11:07:22	20.521	20.164	19.772	20.278	20.519	20.72	415.42	415.34
11:08:22	20.52	20.163	19.672	20.029	20.516	20.717	415.42	415.34
11:09:22	20.522	20.163	19.61	19.997	20.513	20.718	415.42	415.34
11:10:22	20.521	20.164	19.723	20.18	20.516	20.714	415.42	415.34
11:11:22	20.52	20.162	19.82	20.435	20.516	20.717	415.42	415.34
11:12:22	20.521	20.162	19.896	20.655	20.519	20.719	415.42	415.34
11:13:22	20.521	20.162	19.947	20.821	20.516	20.721	415.42	415.34
11:14:22	20.521	20.162	19.998	20.93	20.517	20.718	415.42	415.34
11:15:22	20.52	20.162	20.028	21.003	20.513	20.714	415.42	415.34
11:16:22	20.52	20.162	20.015	20.888	20.514	20.715	415.42	415.34
11:17:22	20.52	20.161	19.933	20.665	20.512	20.715	415.42	415.34
11:18:22	20.521	20.161	19.867	20.475	20.515	20.714	415.42	415.34
11:19:22	20.52	20.159	19.79	20.268	20.513	20.716	415.42	415.34
11:20:22	20.52	20.16	19.668	19.973	20.512	20.716	415.42	415.34
11:21:22	20.52	20.16	19.533	19.623	20.507	20.718	415.42	415.34
11:22:22	20.52	20.16	19.45	19.367	20.511	20.717	415.42	415.34
11:23:22	20.521	20.16	19.559	19.739	20.51	20.717	415.42	415.34
11:24:22	20.52	20.159	19.661	20.074	20.513	20.715	415.42	415.34
11:25:22	20.52	20.158	19.767	20.421	20.511	20.715	415.42	415.34
11:26:22	20.519	20.155	19.836	20.675	20.512	20.713	415.42	415.34
11:27:22	20.52	20.155	19.896	20.823	20.511	20.715	415.42	415.34
11:28:22	20.52	20.154	19.949	20.918	20.511	20.716	415.42	415.34
11:29:22	20.52	20.153	19.979	20.976	20.511	20.714	415.42	415.34
11:30:22	20.52	20.151	19.964	20.826	20.514	20.713	415.42	415.34
11:31:22	20.52	20.15	19.88	20.576	20.512	20.715	415.42	415.34
11:32:22	20.52	20.151	19.841	20.417	20.513	20.713	415.42	415.34
11:33:22	20.52	20.152	19.762	20.244	20.509	20.714	415.42	415.34
11:34:22	20.519	20.153	19.629	20.034	20.511	20.712	415.42	415.34
11:35:22	20.519	20.154	19.685	20.18	20.512	20.715	415.42	415.34
11:36:22	20.519	20.154	19.804	20.485	20.511	20.714	415.42	415.34
11:37:22	20.519	20.153	19.891	20.722	20.511	20.715	415.42	415.34
11:38:22	20.519	20.153	19.949	20.867	20.51	20.712	415.42	415.34
11:39:22	20.519	20.153	19.988	20.964	20.511	20.709	415.42	415.34
11:40:22	20.52	20.153	20.033	21.017	20.512	20.712	415.42	415.34
11:41:22	20.519	20.153	20.053	21.019	20.511	20.713	415.42	415.34
11:42:24	20.52	20.152	19.955	20.677	20.511	20.713	415.42	415.34
11:43:22	20.519	20.152	19.88	20.519	20.51	20.713	415.42	415.34
11:44:22	20.519	20.152	19.819	20.434	20.51	20.714	415.42	415.34
11:45:22	20.519	20.152	19.739	20.215	20.513	20.713	415.42	415.34
11:46:22	20.519	20.153	19.602	19.939	20.515	20.713	415.42	415.34
11:47:22	20.519	20.153	19.682	20.039	20.512	20.713	415.42	415.34
11:48:22	20.518	20.156	19.78	20.282	20.514	20.714	415.42	415.34
11:49:22	20.519	20.158	19.864	20.563	20.514	20.716	415.42	415.34
11:50:22	20.519	20.16	19.926	20.767	20.509	20.717	415.42	415.34
11:51:22	20.519	20.158	19.977	20.898	20.512	20.716	415.42	415.34
11:52:22	20.519	20.159	20.02	20.975	20.51	20.716	415.42	415.34
11:53:22	20.519	20.158	20.047	21.013	20.51	20.715	415.42	415.34
11:54:22	20.518	20.157	19.955	20.685	20.505	20.714	415.42	415.34
11:55:22	20.519	20.158	19.866	20.54	20.509	20.716	415.42	415.34
11:56:22	20.519	20.158	19.835	20.43	20.507	20.715	415.42	415.34
11:57:22	20.519	20.155	19.761	20.132	20.51	20.716	415.42	415.34
11:58:22	20.519	20.152	19.625	19.906	20.513	20.716	415.42	415.34
11:59:22	20.519	20.153	19.666	20.058	20.514	20.717	415.42	415.34
12:00:22	20.519	20.151	19.79	20.375	20.511	20.716	415.42	415.34
12:01:22	20.518	20.152	19.881	20.669	20.511	20.714	415.42	415.34
12:02:22	20.518	20.151	19.943	20.836	20.513	20.715	415.42	415.34
12:03:22	20.519	20.152	19.995	20.933	20.51	20.716	415.42	415.34
12:04:22	20.518	20.153	20.036	21.007	20.512	20.714	415.42	415.34
12:05:22	20.518	20.154	20.065	21.031	20.508	20.711	415.42	415.34
12:06:22	20.518	20.155	19.96	20.725	20.51	20.713	415.42	415.34
12:07:22	20.518	20.156	19.886	20.541	20.508	20.713	415.42	415.34
12:08:22	20.519	20.155	19.841	20.381	20.505	20.713	415.42	415.34
12:09:22	20.52	20.154	19.749	20.108	20.51	20.711	415.42	415.34
12:10:22	20.519	20.152	19.653	19.799	20.51	20.714	415.42	415.34
12:11:22	20.519	20.15	19.714	20.059	20.512	20.711	415.42	415.34
12:12:22	20.519	20.15	19.789	20.33	20.51	20.71	415.42	415.34
12:13:22	20.518	20.15	19.87	20.582	20.509	20.711	415.42	415.34
12:14:22	20.517	20.151	19.929	20.749	20.508	20.713	415.42	415.34
12:15:22	20.518	20.149	19.973	20.863	20.51	20.713	415.42	415.34
12:16:22	20.517	20.149	20.014	20.952	20.512	20.71	415.42	415.34
12:17:22	20.517	20.147	20.045	20.992	20.512	20.71	415.42	415.34
12:18:22	20.516	20.147	19.963	20.696	20.512	20.713	415.42	415.34
12:19:22	20.517	20.144	19.88	20.497	20.512	20.712	415.42	415.34
12:20:22	20.517	20.145	19.838	20.403	20.512	20.711	415.42	415.34
12:21:22	20.517	20.147	19.77	20.038	20.513	20.714	415.42	415.34
12:22:22	20.517	20.151	19.643	19.807	20.51	20.714	415.42	415.34
12:23:22	20.518	20.153	19.687	19.985	20.51	20.715	415.42	415.34
12:24:22	20.519	20.154	19.775	20.262	20.512	20.716	415.42	415.34
12:25:22	20.519	20.155	19.861	20.522	20.513	20.714	415.42	415.34
12:26:22	20.519	20.153	19.922	20.706	20.512	20.712	415.42	415.34
12:27:22	20.516	20.152	19.97	20.838	20.509	20.712	415.42	415.34
12:28:22	20.518	20.149	20.009	20.922	20.504	20.712	415.42	415.34
12:29:22	20.517	20.148	20.037	20.966	20.508	20.711	415.42	415.34
12:30:22	20.517	20.148	19.96	20.719	20.509	20.712	415.42	415.34
12:31:22	20.517	20.148	19.899	20.539	20.51	20.713	415.42	415.34
12:32:22	20.519	20.149	19.824	20.373	20.511	20.711	415.42	415.34
12:33:22	20.518	20.148	19.715	19.961	20.507	20.712	415.42	415.34
12:34:22	20.517	20.149	19.563	19.81	20.511	20.71	415.42	415.34
12:35:22	20.516	20.148	19.642	20.009	20.507	20.711	415.42	415.34
12:36:22	20.515	20.15	19.757	20.278	20.511	20.713	415.42	415.34
12:37:22	20.516	20.147	19.846	20.553	20.513	20.714	415.42	415.34
12:38:22	20.517	20.145	19.92	20.734	20.51	20.714	415.42	415.34
12:39:22	20.516	20.147	19.96	20.854	20.516	20.718	415.42	415.34
12:40:22	20.517	20.148	20.003	20.947	20.513	20.714	415.42	415.34
12:41:22	20.517	20.152	20.026	20.973	20.512	20.719	415.42	415.34
12:42:22	20.518	20.152	19.929	20.637	20.516	20.715	415.42	415.34
12:43:22	20.516	20.154	19.86	20.507	20.513	20.713	415.42	415.34
12:44:23	20.517	20.154	19.805	20.379	20.513	20.718	415.42	415.34
12:45:22	20.517	20.156	19.714	20.182	20.507	20.718	415.42	415.34
12:46:22	20.517	20.154	19.615	19.926	20.508	20.711	415.42	415.34
12:47:22	20.516	20.155	19.645	19.989	20.51	20.711	415.42	415.34
12:48:22	20.518	20.155	19.748	20.298	20.51	20.709	415.42	415.34
12:49:22	20.516	20.156	19.843	20.582	20.509	20.707	415.42	415.34
12:50:22	20.517	20.155	19.915	20.758	20.51	20.707	415.42	415.34
12:51:22	20.516	20.156	19.966	20.887	20.513	20.709	415.42	415.34
12:52:22	20.517	20.156	20.014	20.97	20.512	20.706	415.42	415.34
12:53:22	20.517	20.156	20.044	21.011	20.51	20.706	415.42	415.34
12:54:22	20.517	20.155	19.959	20.769	20.507	20.709	415.42	415.34
12:55:22	20.517	20.156	19.896	20.551	20.507	20.709	415.42	415.34
12:56:22	20.515	20.154	19.855	20.309	20.512	20.714	415.42	415.34
12:57:22	20.516	20.152	19.771	20.068	20.513	20.711	415.42	415.34
12:58:22	20.517	20.151	19.663	19.877	20.507	20.714	415.42	415.34
12:59:22	20.517	20.15	19.601	19.636	20.507	20.711	415.42	415.34
13:00:22	20.517	20.148	19.559	19.609	20.506	20.708	415.42	415.34
13:01:22	20.517	20.149	19.646	19.919	20.508	20.706	415.42	415.34
13:02:22	20.516	20.148	19.741	20.234	20.507	20.709	415.42	415.34
13:03:23	20.517	20.15	19.826	20.537	20.51	20.711	415.42	415.34
13:04:22	20.517	20.151	19.887	20.746	20.51	20.71	415.42	415.34
13:05:22	20.518	20.151	19.932	20.861	20.51	20.71	415.42	415.34
13:06:22	20.517	20.151	19.971	20.945	20.51	20.718	415.42	415.34
13:07:22	20.517	20.152	20.017	20.974	20.513	20.719	415.42	415.34
13:08:23	20.517	20.154	19.918	20.646	20.515	20.713	415.42	415.34
13:09:22	0.0	20.15	19.841	20.494	20.513	20.712	415.42	415.34
13:10:22	20.517	20.147	19.795	20.363	20.511	20.711	415.42	415.34
13:11:22	20.518	20.146	19.702	20.278	20.51	20.711	415.42	415.34
13:12:22	20.517	20.146	19.649	20.113	20.511	20.709	415.42	415.34
13:13:22	20.516	20.147	19.762	20.292	20.505	20.708	415.42	415.34
13:14:22	20.517	20.148	19.849	20.511	20.508	20.707	415.42	415.34
13:15:22	20.516	20.15	19.913	20.685	20.511	20.709	415.42	415.34
13:16:22	20.518	20.151	19.951	20.818	20.511	20.711	415.42	415.34
13:17:22	20.516	20.15	19.998	20.914	20.509	20.711	415.42	415.34
13:18:22	20.516	20.149	20.034	20.982	20.506	20.706	415.42	415.34
13:19:22	20.516	20.145	20.02	20.828	20.507	20.708	415.42	415.34
13:20:22	20.516	20.145	19.932	20.625	20.505	20.705	415.42	415.34
13:21:22	20.517	20.145	19.887	20.447	20.507	20.709	415.42	415.34
13:22:22	20.516	20.145	19.841	20.275	20.51	20.718	415.42	415.34
13:23:22	20.516	20.146	19.724	20.008	20.511	20.718	415.42	415.34
13:24:22	20.515	20.145	19.741	20.076	20.509	20.718	415.42	415.34
13:25:22	20.516	20.144	19.833	20.349	20.504	20.717	415.42	415.34
13:26:22	20.516	20.142	19.911	20.615	20.504	20.71	415.42	415.34
13:27:22	20.514	20.145	19.973	20.797	20.509	20.709	415.42	415.34
13:28:22	20.515	20.145	20.008	20.921	20.504	20.706	415.42	415.34
13:29:22	20.515	20.145	20.042	20.999	20.506	20.709	415.42	415.34
13:30:22	20.515	20.146	20.074	21.044	20.51	20.708	415.42	415.34
13:31:22	20.515	20.143	20.031	20.736	20.511	20.71	415.42	415.34
13:32:22	20.514	20.142	19.945	20.519	20.508	20.711	415.42	415.34
13:33:22	20.515	20.141	19.894	20.449	20.503	20.708	415.42	415.34
13:34:22	20.514	20.142	19.807	20.336	20.503	20.707	415.42	415.34
13:35:22	20.514	20.143	19.659	19.884	20.509	20.71	415.42	415.34
13:36:22	20.514	20.143	19.668	19.961	20.508	20.709	415.42	415.34
13:37:22	20.515	20.142	19.793	20.289	20.51	20.711	415.42	415.34
13:38:22	20.513	20.139	19.897	20.583	20.51	20.713	415.42	415.34
13:39:22	20.514	20.141	19.966	20.791	20.508	20.713	415.42	415.34
13:40:22	20.514	20.142	20.015	20.914	20.507	20.708	415.42	415.34
13:41:22	20.513	20.142	20.043	20.993	20.511	20.71	415.42	415.34
13:42:22	20.513	20.143	20.072	21.048	20.508	20.705	415.42	415.34
13:43:22	20.514	20.143	20.02	20.833	20.507	20.705	415.42	415.34
13:44:22	20.513	20.143	19.939	20.622	20.508	20.704	415.42	415.34
13:45:22	20.512	20.143	19.896	20.441	20.507	20.706	415.42	415.34
13:46:22	20.512	20.142	19.838	20.325	20.507	20.706	415.42	415.34
13:47:22	20.513	20.141	19.711	19.945	20.509	20.705	415.42	415.34
13:48:22	20.512	20.142	19.708	20.009	20.507	20.706	415.42	415.34
13:49:22	20.511	20.142	19.793	20.289	20.504	20.709	415.42	415.34
13:50:22	20.513	20.142	19.88	20.532	20.503	20.71	415.42	415.34
13:51:22	20.512	20.141	19.942	20.711	20.505	20.71	415.42	415.34
13:52:22	20.512	20.141	19.979	20.836	20.502	20.71	415.42	415.34
13:53:22	20.512	20.14	20.024	20.927	20.505	20.705	415.42	415.34
13:54:22	20.512	20.139	20.051	20.991	20.507	20.709	415.42	415.34
13:55:22	20.512	20.14	20.0	20.758	20.506	20.707	415.42	415.34
13:56:22	20.511	20.14	19.903	20.547	20.506	20.706	415.42	415.34
13:57:22	20.514	20.14	19.867	20.38	20.506	20.705	415.42	415.34
13:58:22	20.512	20.14	19.788	20.286	20.504	20.706	415.42	415.34
13:59:22	20.513	20.141	19.653	19.947	20.503	20.708	415.42	415.34
14:00:22	20.513	20.143	19.663	19.948	20.508	20.706	415.42	415.34
14:01:22	20.512	20.142	19.774	20.234	20.507	20.706	415.42	415.34
14:02:22	20.514	20.143	19.862	20.534	20.51	20.706	415.42	415.34
14:03:22	20.513	20.144	19.945	20.729	20.51	20.705	415.42	415.34
14:04:23	20.514	20.144	19.995	20.877	20.509	20.709	415.42	415.34
14:05:22	20.513	20.143	20.027	20.965	20.508	20.706	415.42	415.34
14:06:22	20.514	20.144	20.064	21.023	20.507	20.71	415.42	415.34
14:07:22	20.513	20.144	20.003	20.814	20.506	20.707	415.42	415.34
14:08:22	20.515	20.143	19.93	20.624	20.505	20.707	415.42	415.34
14:09:22	20.514	20.145	19.882	20.435	20.507	20.708	415.42	415.34
14:10:22	20.514	20.143	19.772	20.17	20.504	20.706	415.42	415.34
14:11:22	20.513	20.144	19.624	19.937	20.508	20.705	415.42	415.34
14:12:22	20.514	20.144	19.695	20.049	20.508	20.703	415.42	415.34
14:13:22	20.513	20.145	19.792	20.332	20.504	20.709	415.42	415.34
14:14:22	20.513	20.145	19.894	20.602	20.507	20.705	415.42	415.34
14:15:22	20.514	20.145	19.96	20.788	20.507	20.705	415.42	415.34
14:16:22	20.513	20.144	20.002	20.906	20.506	20.705	415.42	415.34
14:17:22	20.513	20.143	20.042	20.984	20.505	20.705	415.42	415.34
14:18:22	20.513	20.142	20.072	21.022	20.505	20.706	415.42	415.34
14:19:22	20.512	20.142	19.993	20.716	20.504	20.707	415.42	415.34
14:20:22	20.512	20.143	19.918	20.55	20.503	20.706	415.42	415.34
14:21:22	20.512	20.143	19.876	20.38	20.503	20.703	415.42	415.34
14:22:22	20.512	20.143	19.788	20.246	20.503	20.7	415.42	415.34
14:23:22	20.511	20.141	19.688	20.004	20.508	20.713	415.42	415.34
14:24:22	20.512	20.141	19.713	20.141	20.506	20.711	415.42	415.34
14:25:22	20.512	20.14	19.824	20.412	20.503	20.711	415.42	415.34
14:26:24	20.512	20.141	19.926	20.69	20.502	20.708	415.42	415.34
14:27:22	20.512	20.14	19.992	20.857	20.495	20.705	415.42	415.34
14:28:22	20.512	20.14	20.037	20.975	20.503	20.702	415.42	415.34
14:29:22	20.511	20.14	20.073	21.043	20.506	20.705	415.42	415.34
14:30:22	20.512	20.139	20.102	21.075	20.504	20.703	415.42	415.34
14:31:22	20.512	20.139	20.016	20.789	20.501	20.706	415.42	415.34
14:32:22	20.512	20.138	19.942	20.607	20.5	20.706	415.42	415.34
14:33:22	20.512	20.138	19.921	20.48	20.501	20.703	415.42	415.34
14:34:22	20.512	20.137	19.864	20.175	20.502	20.706	415.42	415.34
14:35:22	20.513	20.138	19.795	19.796	20.502	20.705	415.42	415.34
14:36:22	20.512	20.136	19.706	19.634	20.499	20.705	415.42	415.34
14:37:22	20.514	20.137	19.685	19.788	20.501	20.706	415.42	415.34
14:38:22	20.512	20.137	19.772	20.114	20.502	20.703	415.42	415.34
14:39:22	20.513	20.138	19.859	20.383	20.503	20.705	415.42	415.34
14:40:22	20.513	20.138	19.918	20.619	20.5	20.703	415.42	415.34
14:41:22	20.513	20.138	19.961	20.775	20.502	20.708	415.42	415.34
14:42:22	20.514	20.14	19.999	20.9	20.5	20.708	415.42	415.34
14:43:22	20.514	20.139	20.038	20.981	20.502	20.705	415.42	415.34
14:44:22	20.513	20.137	20.025	20.86	20.501	20.709	415.42	415.34
14:45:22	20.513	20.139	19.965	20.651	20.501	20.705	415.42	415.34
14:46:22	20.514	20.139	19.901	20.551	20.503	20.706	415.42	415.34
14:47:22	20.513	20.138	19.852	20.437	20.503	20.705	415.42	415.34
14:48:22	20.514	20.137	19.777	20.168	20.506	20.703	415.42	415.34
14:49:22	20.513	20.138	19.733	20.037	20.502	20.702	415.42	415.34
14:50:22	20.514	20.137	19.835	20.289	20.502	20.701	415.42	415.34
14:51:22	20.512	20.138	19.91	20.54	20.499	20.701	415.42	415.34
14:52:22	20.514	20.137	19.956	20.73	20.504	20.703	415.42	415.34
14:53:22	20.514	20.137	19.997	20.85	20.503	20.702	415.42	415.34
14:54:22	20.513	20.137	20.036	20.943	20.5	20.705	415.42	415.34
14:55:22	20.514	20.138	20.062	21.002	20.503	20.706	415.42	415.34
14:56:22	20.513	20.137	20.058	20.905	20.507	20.707	415.42	415.34
14:57:22	20.514	20.139	19.952	20.729	20.505	20.707	415.42	415.34
14:58:22	20.512	20.138	19.931	20.498	20.505	20.705	415.42	415.34
14:59:22	20.512	20.138	19.874	20.273	20.508	20.706	415.42	415.34
15:00:22	20.513	20.139	19.749	20.056	20.505	20.707	415.42	415.34
15:01:22	20.513	20.139	19.681	19.988	20.505	20.708	415.42	415.34
15:02:22	20.513	20.14	19.767	20.166	20.503	20.705	415.42	415.34
15:03:22	20.513	20.142	19.861	20.446	20.504	20.705	415.42	415.34
15:04:22	20.513	20.14	19.939	20.674	20.5	20.704	415.42	415.34
15:05:22	20.514	20.14	19.991	20.824	20.501	20.705	415.42	415.34
15:06:22	20.513	20.139	20.026	20.933	20.502	20.705	415.42	415.34
15:07:22	20.513	20.14	20.059	21.008	20.501	20.704	415.42	415.34
15:08:22	20.514	20.141	20.043	20.841	20.502	20.704	415.42	415.34
15:09:22	20.512	20.141	19.97	20.623	20.499	20.705	415.42	415.34
15:10:22	20.514	20.14	19.895	20.41	20.503	20.703	415.42	415.34
15:11:22	20.514	20.14	19.842	20.319	20.502	20.701	415.42	415.34
15:12:22	20.514	20.139	19.744	20.032	20.507	20.703	415.42	415.34
15:13:22	20.513	20.141	19.7	19.902	20.504	20.703	415.42	415.34
15:14:22	20.513	20.141	19.776	20.174	20.503	20.701	415.42	415.34
15:15:22	20.514	20.14	19.871	20.473	20.505	20.703	415.42	415.34
15:16:22	20.514	20.142	19.939	20.705	20.505	20.702	415.42	415.34
15:17:22	20.514	20.14	19.992	20.855	20.503	20.704	415.42	415.34
15:18:22	20.514	20.14	20.035	20.948	20.505	20.704	415.42	415.34
15:19:22	20.513	20.14	20.063	21.01	20.504	20.705	415.42	415.34
15:20:22	20.513	20.14	20.043	20.873	20.506	20.706	415.42	415.34
15:21:22	20.513	20.14	19.961	20.687	20.503	20.704	415.42	415.34
15:22:22	20.513	20.14	19.899	20.428	20.504	20.706	415.42	415.34
15:23:22	20.513	20.14	19.849	20.356	20.504	20.703	415.42	415.34
15:24:22	20.514	20.139	19.736	20.16	20.499	20.702	415.42	415.34
15:25:22	20.514	20.139	19.723	20.058	20.506	20.704	415.42	415.34
15:26:22	20.515	20.14	19.8	20.291	20.503	20.702	415.42	415.34
15:27:23	20.514	20.139	19.89	20.523	20.505	20.702	415.42	415.34
15:28:22	20.514	20.139	19.95	20.733	20.503	20.7	415.42	415.34
15:29:22	20.514	20.138	20.007	20.881	20.504	20.7	415.42	415.34
15:30:22	20.514	20.138	20.04	20.977	20.501	20.702	415.42	415.34
15:31:22	20.514	20.138	20.08	21.033	20.502	20.702	415.42	415.34
15:32:22	20.513	20.138	20.071	20.909	20.505	20.706	415.42	415.34
15:33:22	20.514	20.139	19.965	20.702	20.504	20.706	415.42	415.34
15:34:22	20.513	20.138	19.92	20.507	20.505	20.707	415.42	415.34
15:35:22	20.513	20.139	19.852	20.295	20.504	20.705	415.42	415.34
15:36:22	20.514	20.138	19.754	19.944	20.503	20.702	415.42	415.34
15:37:22	20.513	20.139	19.684	19.834	20.503	20.706	415.42	415.34
15:38:22	20.513	20.138	19.767	20.131	20.503	20.705	415.42	415.34
15:39:22	20.514	20.139	19.851	20.433	20.5	20.702	415.42	415.34
15:40:22	20.514	20.138	19.926	20.659	20.499	20.702	415.42	415.34
15:41:22	20.513	20.137	19.975	20.822	20.501	20.701	415.42	415.34
15:42:22	20.513	20.14	20.019	20.933	20.5	20.704	415.42	415.34
15:43:22	20.513	20.139	20.057	21.009	20.499	20.703	415.42	415.34
15:44:22	20.513	20.139	20.049	20.858	20.5	20.703	415.42	415.34
15:45:22	20.513	20.139	19.943	20.559	20.499	20.702	415.42	415.34
15:46:22	20.513	20.139	19.863	20.362	20.501	20.703	415.42	415.34
15:47:22	20.512	20.14	19.785	20.123	20.5	20.706	415.42	415.34
15:48:22	20.513	20.138	19.705	19.858	20.504	20.706	415.42	415.34
15:49:23	20.512	20.14	19.661	19.955	20.503	20.706	415.42	415.34
15:50:22	0.0	20.14	19.752	20.235	20.501	20.704	415.42	415.34
15:51:22	20.513	20.14	19.857	20.525	20.497	20.708	415.42	415.34
15:52:22	20.513	20.14	19.934	20.741	20.498	20.706	415.42	415.34
15:53:22	20.513	20.14	19.978	20.878	20.5	20.704	415.42	415.34
15:54:22	20.512	20.139	20.015	20.974	20.499	20.703	415.42	415.34
15:55:22	20.512	20.139	20.051	21.027	20.502	20.706	415.42	415.34
15:56:22	20.512	20.139	20.051	20.901	20.499	20.706	415.42	415.34
15:57:22	20.512	20.139	19.944	20.667	20.5	20.702	415.42	415.34
15:58:22	20.512	20.137	19.875	20.596	20.496	20.701	415.42	415.34
15:59:22	20.512	20.139	19.829	20.415	20.502	20.699	415.42	415.34
16:00:22	20.512	20.139	19.736	20.11	20.502	20.702	415.42	415.34
16:01:22	20.513	20.139	19.669	19.982	20.499	20.7	415.42	415.34
16:02:22	20.513	20.14	19.744	20.234	20.5	20.703	415.42	415.34
16:03:22	20.512	20.14	19.856	20.515	20.498	20.705	415.42	415.34
16:04:22	20.514	20.139	19.933	20.736	20.501	20.703	415.42	415.34
16:05:23	20.513	20.139	19.991	20.874	20.5	20.702	415.42	415.34
16:06:22	0.0	20.14	20.018	20.966	20.504	20.701	415.42	415.34
16:07:22	20.512	20.141	20.048	21.025	20.502	20.703	415.42	415.34
16:08:22	20.513	20.14	20.042	20.907	20.503	20.703	415.42	415.34
16:09:22	20.512	20.14	19.993	20.588	20.498	20.706	415.42	415.34
16:10:22	20.513	20.138	19.913	20.456	20.497	20.704	415.42	415.34
16:11:22	20.512	20.138	19.838	20.294	20.498	20.702	415.42	415.34
16:12:22	20.512	20.139	19.723	19.994	20.5	20.701	415.42	415.34
16:13:23	20.513	20.138	19.652	19.955	20.503	20.701	415.42	415.34
16:14:22	20.512	20.139	19.755	20.226	20.496	20.702	415.42	415.34
16:15:22	20.512	20.139	19.851	20.492	20.499	20.701	415.42	415.34
16:16:22	20.513	20.138	19.919	20.703	20.501	20.703	415.42	415.34
16:17:22	20.513	20.139	19.984	20.852	20.503	20.702	415.42	415.34
16:18:22	20.512	20.136	20.02	20.948	20.5	20.699	415.42	415.34
16:19:22	20.513	20.137	20.053	21.015	20.5	20.701	415.42	415.34
16:20:22	20.512	20.136	20.051	20.925	20.494	20.699	415.42	415.34
16:21:22	20.511	20.138	19.918	20.658	20.499	20.705	415.42	415.34
16:22:22	20.512	20.137	19.836	20.466	20.499	20.702	415.42	415.34
16:23:22	20.511	20.138	19.773	20.236	20.499	20.702	415.42	415.34
16:24:22	20.512	20.139	19.692	20.036	20.499	20.701	415.42	415.34
16:25:22	20.513	20.138	19.673	19.934	20.498	20.702	415.42	415.34
16:26:22	20.512	20.138	19.77	20.184	20.495	20.704	415.42	415.34
16:27:22	20.511	20.137	19.848	20.444	20.501	20.702	415.42	415.34
16:28:22	20.512	20.138	19.917	20.66	20.503	20.704	415.42	415.34
16:29:22	20.512	20.138	19.97	20.814	20.499	20.699	415.42	415.34
16:30:22	20.512	20.138	20.005	20.931	20.499	20.698	415.42	415.34
16:31:22	20.512	20.136	20.038	20.999	20.496	20.701	415.42	415.34
16:32:22	20.512	20.136	20.03	20.93	20.497	20.701	415.42	415.34
16:33:22	20.511	20.136	19.938	20.654	20.494	20.702	415.42	415.34
16:34:22	20.511	20.136	19.883	20.422	20.494	20.7	415.42	415.34
16:35:22	20.511	20.135	19.818	20.189	20.494	20.701	415.42	415.34
16:36:22	20.511	20.134	19.746	20.06	20.495	20.698	415.42	415.34
16:37:22	20.511	20.133	19.702	20.058	20.497	20.699	415.42	415.34
16:38:22	20.512	20.134	19.798	20.29	20.499	20.7	415.42	415.34
16:39:22	20.511	20.134	19.866	20.504	20.499	20.7	415.42	415.34
16:40:22	20.51	20.134	19.926	20.711	20.499	20.701	415.42	415.34
16:41:22	20.511	20.135	19.989	20.849	20.495	20.702	415.42	415.34
16:42:22	20.511	20.135	20.029	20.939	20.498	20.699	415.42	415.34
16:43:22	20.51	20.134	20.059	21.001	20.499	20.699	415.42	415.34
16:44:22	20.512	20.135	20.036	20.813	20.497	20.699	415.42	415.34
16:45:22	20.511	20.134	19.938	20.534	20.495	20.699	415.42	415.34
16:46:22	20.511	20.134	19.881	20.376	20.491	20.699	415.42	415.34
16:47:22	20.512	20.136	19.818	20.189	20.496	20.7	415.42	415.34
16:48:22	20.511	20.135	19.714	19.968	20.498	20.701	415.42	415.34
16:49:22	20.513	20.136	19.653	19.912	20.496	20.699	415.42	415.34
16:50:22	20.511	20.135	19.748	20.197	20.492	20.7	415.42	415.34
16:51:22	20.51	20.136	19.839	20.449	20.492	20.701	415.42	415.34
16:52:22	20.511	20.136	19.905	20.656	20.496	20.702	415.42	415.34
16:53:22	20.511	20.137	19.96	20.807	20.499	20.7	415.42	415.34
16:54:22	20.512	20.137	20.002	20.899	20.498	20.7	415.42	415.34
16:55:22	20.512	20.137	20.033	20.972	20.496	20.702	415.42	415.34
16:56:22	20.511	20.135	20.009	20.877	20.495	20.7	415.42	415.34
16:57:22	20.511	20.137	19.893	20.625	20.491	20.7	415.42	415.34
16:58:22	20.511	20.136	19.848	20.478	20.495	20.7	415.42	415.34
16:59:22	20.511	20.135	19.815	20.296	20.498	20.699	415.42	415.34
17:00:22	20.512	20.135	19.702	19.987	20.497	20.698	415.42	415.34
17:01:22	20.511	20.133	19.601	19.72	20.498	20.697	415.42	415.34
17:02:22	20.51	20.134	19.691	20.032	20.496	20.695	415.42	415.34
17:03:22	20.51	20.134	19.801	20.365	20.498	20.696	415.42	415.34
17:04:22	20.51	20.134	19.888	20.614	20.498	20.697	415.42	415.34
17:05:22	20.509	20.133	19.95	20.788	20.497	20.697	415.42	415.34
17:06:22	20.51	20.133	20.005	20.9	20.496	20.698	415.42	415.34
17:07:22	20.51	20.132	20.038	20.973	20.495	20.697	415.42	415.34
17:08:22	20.51	20.131	20.049	20.912	20.494	20.696	415.42	415.34
17:09:22	20.51	20.132	19.953	20.601	20.495	20.696	415.42	415.34
17:10:22	20.51	20.131	19.887	20.377	20.492	20.697	415.42	415.34
17:11:22	20.509	20.13	19.828	20.209	20.496	20.696	415.42	415.34
17:12:22	20.51	20.13	19.731	20.006	20.496	20.697	415.42	415.34
17:13:22	20.509	20.129	19.64	19.707	20.496	20.697	415.42	415.34
17:14:22	20.509	20.131	19.743	20.012	20.498	20.699	415.42	415.34
17:15:22	20.511	20.131	19.843	20.369	20.498	20.7	415.42	415.34
17:16:22	20.51	20.132	19.92	20.645	20.497	20.7	415.42	415.34
17:17:22	20.51	20.132	19.976	20.809	20.496	20.699	415.42	415.34
17:18:22	20.51	20.132	20.012	20.922	20.495	20.701	415.42	415.34
17:19:22	20.509	20.132	20.044	20.987	20.497	20.699	415.42	415.34
17:20:22	20.508	20.132	20.053	20.91	20.494	20.697	415.42	415.34
17:21:22	20.51	20.131	19.949	20.656	20.494	20.695	415.42	415.34
17:22:22	20.509	20.13	19.887	20.491	20.494	20.695	415.42	415.34
17:23:22	20.51	20.13	19.855	20.33	20.497	20.694	415.42	415.34
17:24:22	20.508	20.13	19.765	20.19	20.493	20.695	415.42	415.34
17:25:22	20.509	20.13	19.671	19.959	20.493	20.694	415.42	415.34
17:26:22	20.51	20.129	19.762	20.228	20.493	20.693	415.42	415.34
17:27:22	20.508	20.129	19.849	20.493	20.492	20.694	415.42	415.34
17:28:22	20.508	20.129	19.929	20.682	20.494	20.696	415.42	415.34
17:29:22	20.509	20.129	19.984	20.823	20.495	20.695	415.42	415.34
17:30:22	20.508	20.13	20.025	20.93	20.496	20.694	415.42	415.34
17:31:22	20.508	20.129	20.048	20.994	20.49	20.696	415.42	415.34
17:32:22	20.508	20.129	20.052	20.943	20.491	20.697	415.42	415.34
17:33:22	20.509	20.129	19.963	20.653	20.489	20.694	415.42	415.34
17:34:22	20.509	20.128	19.906	20.507	20.491	20.695	415.42	415.34
17:35:22	20.507	20.129	19.864	20.342	20.491	20.694	415.42	415.34
17:36:22	20.509	20.128	19.754	20.0	20.494	20.694	415.42	415.34
17:37:22	20.508	20.128	19.613	19.731	20.494	20.694	415.42	415.34
17:38:22	20.508	20.128	19.705	20.018	20.492	20.692	415.42	415.34
17:39:22	20.508	20.128	19.823	20.369	20.493	20.694	415.42	415.34
17:40:22	20.508	20.127	19.906	20.626	20.492	20.693	415.42	415.34
17:41:22	20.508	20.127	19.963	20.795	20.492	20.692	415.42	415.34
17:42:22	20.508	20.127	20.007	20.914	20.491	20.695	415.42	415.34
17:43:22	20.508	20.127	20.035	20.982	20.491	20.693	415.42	415.34
17:44:22	20.508	20.126	20.046	20.917	20.492	20.693	415.42	415.34
17:45:22	20.507	20.126	19.908	20.618	20.491	20.694	415.42	415.34
17:46:22	20.507	20.127	19.862	20.394	20.494	20.694	415.42	415.34
17:47:22	20.507	20.127	19.833	20.247	20.491	20.695	415.42	415.34
17:48:22	20.507	20.127	19.749	20.016	20.493	20.696	415.42	415.34
17:49:22	20.507	20.127	19.688	19.984	20.491	20.694	415.42	415.34
17:50:22	20.507	20.127	19.762	20.201	20.493	20.695	415.42	415.34
17:51:22	20.506	20.127	19.853	20.476	20.494	20.693	415.42	415.34
17:52:22	20.507	20.127	19.927	20.683	20.495	20.692	415.42	415.34
17:53:22	20.506	20.126	19.984	20.831	20.492	20.693	415.42	415.34
17:54:22	20.507	20.126	20.029	20.922	20.491	20.693	415.42	415.34
17:55:22	20.506	20.125	20.079	20.997	20.491	20.694	415.42	415.34
17:56:22	20.507	20.126	20.106	20.96	20.491	20.694	415.42	415.34
17:57:22	20.507	20.126	19.985	20.69	20.492	20.693	415.42	415.34
17:58:22	20.506	20.127	19.9	20.52	20.492	20.694	415.42	415.34
17:59:22	20.506	20.127	19.855	20.387	20.49	20.695	415.42	415.34
18:00:22	20.505	20.126	19.765	20.135	20.485	20.692	415.42	415.34
18:01:22	20.508	20.128	19.675	19.955	20.489	20.695	415.42	415.34
18:02:22	20.506	20.127	19.796	20.211	20.494	20.695	415.42	415.34
18:03:22	20.507	20.127	19.895	20.473	20.492	20.693	415.42	415.34
18:04:22	20.507	20.126	19.952	20.692	20.49	20.692	415.42	415.34
18:05:22	20.506	20.125	20.021	20.849	20.487	20.692	415.42	415.34
18:06:22	20.505	20.125	20.058	20.952	20.487	20.692	415.42	415.34
18:07:22	20.505	20.123	20.099	21.017	20.488	20.688	415.42	415.34
18:08:22	20.506	20.122	20.1	20.979	20.488	20.689	415.42	415.34
18:09:22	20.506	20.122	19.976	20.67	20.487	20.69	415.42	415.34
18:10:22	20.505	20.121	19.902	20.439	20.491	20.69	415.42	415.34
18:11:22	20.504	20.122	19.846	20.265	20.489	20.691	415.42	415.34
18:12:22	20.505	20.123	19.764	20.156	20.488	20.69	415.42	415.34
18:13:22	20.503	20.121	19.681	20.069	20.49	20.691	415.42	415.34
18:14:22	20.504	20.12	19.78	20.255	20.488	20.69	415.42	415.34
18:15:22	20.504	20.121	19.866	20.497	20.488	20.69	415.42	415.34
18:16:22	20.505	20.121	19.937	20.672	20.487	20.69	415.42	415.34
18:17:22	20.503	20.12	20.01	20.816	20.487	20.691	415.42	415.34
18:18:22	20.504	20.121	20.062	20.922	20.487	20.691	415.42	415.34
18:19:22	20.503	20.122	20.108	21.009	20.489	20.691	415.42	415.34
18:20:22	20.504	20.122	20.106	20.918	20.487	20.69	415.42	415.34
18:21:22	20.503	20.121	19.985	20.695	20.485	20.689	415.42	415.34
18:22:22	20.503	20.12	19.918	20.529	20.485	20.688	415.42	415.34
18:23:22	20.501	20.119	19.87	20.386	20.485	20.689	415.42	415.34
18:24:22	20.503	20.117	19.758	20.119	20.486	20.689	415.42	415.34
18:25:22	20.503	20.118	19.682	19.96	20.484	20.688	415.42	415.34
18:26:22	20.502	20.119	19.767	20.159	20.485	20.69	415.42	415.34
18:27:22	20.503	20.119	19.856	20.445	20.488	20.689	415.42	415.34
18:28:22	20.502	20.119	19.923	20.652	20.485	20.689	415.42	415.34
18:29:22	20.502	20.118	19.982	20.807	20.485	20.689	415.42	415.34
18:30:22	20.501	20.117	20.025	20.917	20.485	20.689	415.42	415.34
18:31:22	20.502	20.117	20.057	20.993	20.483	20.686	415.42	415.34
18:32:22	20.501	20.116	20.071	20.934	20.485	20.687	415.42	415.34
18:33:22	20.501	20.116	19.97	20.667	20.485	20.689	415.42	415.34
18:34:22	20.501	20.116	19.914	20.507	20.485	20.691	415.42	415.34
18:35:22	20.502	20.118	19.865	20.372	20.483	20.688	415.42	415.34
18:36:22	20.502	20.118	19.752	20.129	20.482	20.688	415.42	415.34
18:37:22	20.502	20.12	19.652	19.929	20.483	20.69	415.42	415.34
18:38:23	20.501	20.12	19.737	20.148	20.489	20.689	415.42	415.34
18:39:22	20.502	20.119	19.837	20.441	20.487	20.688	415.42	415.34
18:40:22	20.502	20.119	19.912	20.672	20.486	20.686	415.42	415.34
18:41:22	20.502	20.119	19.977	20.83	20.484	20.685	415.42	415.34
18:42:22	20.501	20.119	20.022	20.931	20.485	20.686	415.42	415.34
18:43:22	20.501	20.119	20.053	20.995	20.486	20.687	415.42	415.34
18:44:22	20.5	20.12	20.07	20.938	20.484	20.688	415.42	415.34
18:45:22	20.502	20.119	19.973	20.727	20.486	20.688	415.42	415.34
18:46:22	20.502	20.12	19.91	20.459	20.489	20.688	415.42	415.34
18:47:22	20.502	20.12	19.86	20.342	20.485	20.687	415.42	415.34
18:48:22	20.501	20.119	19.801	20.021	20.484	20.687	415.42	415.34
18:49:22	20.501	20.119	19.69	19.74	20.482	20.687	415.42	415.34
18:50:22	20.501	20.119	19.748	20.133	20.485	20.689	415.42	415.34
18:51:22	20.502	20.119	19.848	20.447	20.486	20.689	415.42	415.34
18:52:22	20.501	20.12	19.932	20.674	20.483	20.689	415.42	415.34
18:53:22	20.501	20.12	19.983	20.841	20.484	20.689	415.42	415.34
18:54:22	20.5	20.119	20.023	20.937	20.483	20.686	415.42	415.34
18:55:22	20.5	20.118	20.065	20.998	20.485	20.687	415.42	415.34
18:56:22	20.499	20.117	20.09	20.923	20.485	20.688	415.42	415.34
18:57:22	20.5	20.117	19.977	20.648	20.486	20.688	415.42	415.34
18:58:22	20.5	20.117	19.902	20.415	20.484	20.688	415.42	415.34
18:59:22	20.5	20.116	19.864	20.343	20.484	20.688	415.42	415.34
19:00:22	20.5	20.116	19.782	20.143	20.485	20.687	415.42	415.34
19:01:22	20.5	20.117	19.692	19.996	20.484	20.688	415.42	415.34
19:02:22	20.499	20.119	19.778	20.218	20.49	20.688	415.42	415.34
19:03:22	20.5	20.12	19.864	20.478	20.487	20.688	415.42	415.34
19:04:22	20.499	20.121	19.927	20.67	20.484	20.687	415.42	415.34
19:05:22	20.499	20.123	19.976	20.811	20.485	20.687	415.42	415.34
19:06:22	20.499	20.121	20.015	20.907	20.482	20.686	415.42	415.34
19:07:22	20.5	20.119	20.043	20.98	20.481	20.687	415.42	415.34
19:08:22	20.5	20.118	20.059	20.932	20.481	20.688	415.42	415.34
19:09:22	20.5	20.118	19.95	20.741	20.483	20.685	415.42	415.34
19:10:22	20.499	20.117	19.906	20.56	20.484	20.686	415.42	415.34
19:11:22	20.499	20.115	19.863	20.379	20.482	20.687	415.42	415.34
19:12:22	20.499	20.115	19.753	20.094	20.483	20.686	415.42	415.34
19:13:22	20.5	20.115	19.64	19.875	20.482	20.686	415.42	415.34
19:14:22	20.499	20.114	19.725	20.13	20.482	20.684	415.42	415.34
19:15:22	20.499	20.114	19.836	20.454	20.483	20.685	415.42	415.34
19:16:22	20.498	20.112	19.916	20.688	20.479	20.682	415.42	415.34
19:17:22	20.497	20.112	19.975	20.837	20.478	20.683	415.42	415.34
19:18:22	20.497	20.111	20.014	20.927	20.478	20.682	415.42	415.34
19:19:22	20.497	20.11	20.042	20.996	20.482	20.684	415.42	415.34
19:20:22	20.496	20.111	20.056	20.95	20.478	20.685	415.42	415.34
19:21:22	20.495	20.111	19.947	20.681	20.481	20.685	415.42	415.34
19:22:22	20.496	20.111	19.892	20.495	20.479	20.686	415.42	415.34
19:23:22	20.496	20.113	19.836	20.248	20.482	20.688	415.42	415.34
19:24:22	20.497	20.115	19.721	19.947	20.483	20.686	415.42	415.34
19:25:22	20.497	20.117	19.618	19.903	20.485	20.688	415.42	415.34
19:26:22	20.499	20.117	19.723	20.138	20.483	20.686	415.42	415.34
19:27:25	20.497	20.118	19.823	20.424	20.483	20.685	415.42	415.34
19:28:22	20.499	20.118	19.903	20.661	20.48	20.686	415.42	415.34
19:29:22	20.497	20.119	19.951	20.808	20.478	20.685	415.42	415.34
19:30:22	20.498	20.118	19.995	20.912	20.484	20.686	415.42	415.34
19:31:22	20.499	20.119	20.032	20.98	20.484	20.685	415.42	415.34
19:32:22	20.498	20.119	20.048	20.921	20.487	20.686	415.42	415.34
19:33:22	20.498	20.119	19.945	20.634	20.487	20.686	415.42	415.34
19:34:22	20.5	20.122	19.854	20.489	20.485	20.689	415.42	415.34
19:35:22	20.499	20.123	19.817	20.405	20.488	20.688	415.42	415.34
19:36:22	20.499	20.124	19.797	20.33	20.488	20.696	415.42	415.34
19:37:22	20.499	20.126	19.784	20.331	20.493	20.697	415.42	415.34
19:38:22	20.499	20.127	19.771	20.251	20.49	20.691	415.42	415.34
19:39:22	20.498	20.126	19.761	20.197	20.486	20.694	415.42	415.34
19:40:22	20.498	20.124	19.732	20.232	20.483	20.69	415.42	415.34
19:41:22	20.498	20.124	19.841	20.458	20.483	20.69	415.42	415.34
19:42:22	20.499	20.123	19.914	20.639	20.486	20.689	415.42	415.34
19:43:22	20.499	20.124	19.955	20.767	20.485	20.688	415.42	415.34
19:44:22	20.499	20.124	19.997	20.872	20.482	20.69	415.42	415.34
19:45:22	20.498	20.123	20.025	20.937	20.482	20.688	415.42	415.34
19:46:22	20.5	20.122	20.058	20.998	20.479	20.684	415.42	415.34
19:47:22	20.499	20.121	20.056	20.908	20.482	20.682	415.42	415.34
19:48:22	20.499	20.12	19.939	20.585	20.486	20.686	415.42	415.34
19:49:22	20.498	20.122	19.889	20.437	20.482	20.686	415.42	415.34
19:50:22	20.498	20.12	19.832	20.216	20.484	20.686	415.42	415.34
19:51:22	20.498	20.122	19.768	20.066	20.485	20.687	415.42	415.34
19:52:22	20.499	20.123	19.714	20.023	20.482	20.689	415.42	415.34
19:53:22	20.498	20.121	19.801	20.259	20.485	20.686	415.42	415.34
19:54:22	20.498	20.12	19.893	20.536	20.482	20.685	415.42	415.34
19:55:22	20.497	20.119	19.955	20.714	20.481	20.685	415.42	415.34
19:56:22	20.497	20.119	20.004	20.863	20.481	20.686	415.42	415.34
19:57:22	20.498	20.119	20.042	20.96	20.485	20.688	415.42	415.34
19:58:22	20.498	20.121	20.081	21.025	20.484	20.687	415.42	415.34
19:59:22	20.499	20.122	20.085	20.918	20.486	20.688	415.42	415.34
20:00:22	20.498	20.122	19.994	20.646	20.489	20.687	415.42	415.34
20:01:22	20.498	20.122	19.941	20.535	20.485	20.685	415.42	415.34
20:02:22	20.499	20.122	19.872	20.353	20.484	20.689	415.42	415.34
20:03:22	20.498	20.123	19.764	20.16	20.487	20.69	415.42	415.34
20:04:22	20.499	20.124	19.678	19.824	20.487	20.689	415.42	415.34
20:05:22	20.498	20.122	19.61	19.667	20.487	20.687	415.42	415.34
20:06:22	20.498	20.123	19.631	19.821	20.485	20.688	415.42	415.34
20:07:22	20.498	20.123	19.746	20.083	20.481	20.689	415.42	415.34
20:08:22	20.498	20.123	19.798	20.312	20.481	20.69	415.42	415.34
20:09:22	20.498	20.122	19.865	20.526	20.476	20.687	415.42	415.34
20:10:22	20.498	20.12	19.919	20.691	20.478	20.686	415.42	415.34
20:11:22	20.498	20.119	19.965	20.817	20.482	20.684	415.42	415.34
20:12:22	20.497	20.117	19.996	20.914	20.481	20.682	415.42	415.34
20:13:23	20.498	20.116	19.956	20.714	20.478	20.685	415.42	415.34
20:14:22	0.0	20.117	19.888	20.499	20.479	20.684	415.42	415.34
20:15:22	20.497	20.116	19.824	20.43	20.476	20.682	415.42	415.34
20:16:22	20.497	20.116	19.757	20.138	20.477	20.684	415.42	415.34
20:17:22	20.496	20.114	19.659	19.867	20.479	20.685	415.42	415.34
20:18:22	20.496	20.114	19.692	19.997	20.477	20.684	415.42	415.34
20:19:22	20.496	20.113	19.785	20.263	20.478	20.683	415.42	415.34
20:20:22	20.496	20.112	19.864	20.506	20.477	20.682	415.42	415.34
20:21:22	20.495	20.113	19.912	20.689	20.477	20.68	415.42	415.34
20:22:22	20.496	20.11	19.968	20.824	20.476	20.681	415.42	415.34
20:23:22	20.495	20.111	20.014	20.917	20.478	20.682	415.42	415.34
20:25:56	20.495	20.11	19.979	20.658	20.478	20.682	415.42	415.34
20:26:11	20.493	20.11	19.941	20.611	20.476	20.681	415.42	415.34
20:27:11	20.495	20.111	19.888	20.438	20.478	20.682	415.42	415.34
20:28:11	20.494	20.11	19.84	20.103	20.475	20.681	415.42	415.34
20:29:11	20.494	20.11	19.729	19.897	20.476	20.682	415.42	415.34
20:30:11	20.496	20.111	19.659	19.771	20.475	20.681	415.42	415.34
20:31:11	20.494	20.11	19.568	19.51	20.477	20.682	415.42	415.34
20:32:11	20.494	20.111	19.641	19.836	20.472	20.68	415.42	415.34
20:33:11	20.493	20.109	19.734	20.169	20.473	20.68	415.42	415.34
20:34:11	20.493	20.109	19.798	20.407	20.475	20.679	415.42	415.34
20:35:11	0.0	20.108	19.871	20.612	20.475	20.68	415.42	415.34
20:36:11	20.494	20.109	19.924	20.784	20.474	20.681	415.42	415.34
20:37:11	20.494	20.107	19.976	20.904	20.476	20.68	415.42	415.34
20:38:11	20.494	20.107	20.007	20.937	20.474	20.681	415.42	415.34
20:39:11	20.493	20.104	19.927	20.725	20.473	20.678	415.42	415.34
20:40:11	20.492	20.105	19.89	20.53	20.471	20.679	415.42	415.34
20:41:11	20.492	20.104	19.855	20.449	20.472	20.678	415.42	415.34
20:42:11	20.492	20.104	19.795	20.157	20.471	20.679	415.42	415.34
20:43:11	20.492	20.105	19.649	19.888	20.472	20.678	415.42	415.34
20:44:12	20.492	20.103	19.722	20.1	20.471	20.677	415.42	415.34
20:45:11	20.491	20.103	19.822	20.389	20.472	20.677	415.42	415.34
20:46:11	20.49	20.104	19.901	20.628	20.472	20.676	415.42	415.34
20:47:12	20.49	20.104	19.97	20.809	20.472	20.677	415.42	415.34
20:48:11	20.491	20.104	20.005	20.939	20.475	20.677	415.42	415.34
20:49:11	20.491	20.104	20.057	21.024	20.473	20.677	415.42	415.34
20:50:11	20.492	20.104	20.092	21.048	20.473	20.679	415.42	415.34
20:51:11	20.49	20.104	20.023	20.791	20.472	20.679	415.42	415.34
20:52:11	20.491	20.105	19.985	20.526	20.471	20.678	415.42	415.34
20:53:11	20.49	20.103	19.942	20.457	20.471	20.679	415.42	415.34
20:54:11	20.491	20.104	19.867	20.267	20.473	20.68	415.42	415.34
20:55:11	20.491	20.104	19.749	19.9	20.473	20.681	415.42	415.34
20:56:11	20.49	20.105	19.676	19.67	20.473	20.681	415.42	415.34
20:57:11	20.49	20.106	19.655	19.84	20.471	20.679	415.42	415.34
20:58:11	20.491	20.107	19.771	20.135	20.472	20.68	415.42	415.34
20:59:11	20.49	20.107	19.875	20.467	20.472	20.68	415.42	415.34
21:00:11	20.492	20.108	19.943	20.736	20.474	20.681	415.42	415.34
21:01:11	20.492	20.11	20.003	20.918	20.474	20.681	415.42	415.34
21:02:11	20.491	20.111	20.053	21.031	20.475	20.681	415.42	415.34
21:03:11	20.491	20.11	20.09	21.098	20.476	20.68	415.42	415.34
21:04:11	20.492	20.111	20.074	20.956	20.477	20.679	415.42	415.34
21:05:11	20.491	20.112	19.981	20.623	20.475	20.68	415.42	415.34
21:06:11	20.491	20.113	19.932	20.567	20.472	20.679	415.42	415.34
21:07:11	20.493	20.113	19.92	20.402	20.476	20.677	415.42	415.34
21:08:11	20.492	20.114	19.826	20.248	20.476	20.679	415.42	415.34
21:09:11	20.493	20.114	19.738	20.056	20.478	20.681	415.42	415.34
21:10:11	20.493	20.115	19.66	19.922	20.484	20.68	415.42	415.34
21:11:11	20.494	20.115	19.737	20.198	20.481	20.679	415.42	415.34
21:12:11	20.493	20.116	19.822	20.43	20.476	20.681	415.42	415.34
21:13:11	20.493	20.116	19.901	20.653	20.481	20.682	415.42	415.34
21:14:11	20.492	20.117	19.966	20.826	20.48	20.682	415.42	415.34
21:15:11	20.492	20.116	20.021	20.962	20.477	20.679	415.42	415.34
21:16:11	20.492	20.116	20.071	21.055	20.478	20.68	415.42	415.34
21:17:11	20.492	20.116	20.111	21.083	20.479	20.682	415.42	415.34
21:18:11	20.492	20.116	20.045	20.815	20.477	20.681	415.42	415.34
21:19:11	20.491	20.116	19.969	20.576	20.478	20.679	415.42	415.34
21:20:11	20.493	20.116	19.942	20.454	20.479	20.68	415.42	415.34
21:21:12	20.491	20.115	19.862	20.365	20.476	20.682	415.42	415.34
21:22:11	20.492	20.115	19.756	20.166	20.478	20.681	415.42	415.34
21:23:11	20.492	20.115	19.681	20.039	20.482	20.678	415.42	415.34
21:24:11	20.493	20.116	19.689	20.093	20.482	20.68	415.42	415.34
21:25:11	20.492	20.115	19.79	20.317	20.483	20.681	415.42	415.34
21:26:11	20.492	20.116	19.865	20.553	20.478	20.683	415.42	415.34
21:27:11	20.492	20.116	19.933	20.737	20.479	20.685	415.42	415.34
21:28:11	20.492	20.116	19.988	20.879	20.474	20.682	415.42	415.34
21:29:11	20.492	20.116	20.039	20.991	20.475	20.682	415.42	415.34
21:30:11	20.492	20.115	20.079	21.077	20.474	20.68	415.42	415.34
21:31:11	20.492	20.116	20.053	20.919	20.477	20.679	415.42	415.34
21:32:11	20.493	20.116	19.998	20.671	20.478	20.684	415.42	415.34
21:33:11	20.492	20.117	19.962	20.476	20.478	20.684	415.42	415.34
21:34:12	20.492	20.116	19.924	20.189	20.479	20.682	415.42	415.34
21:35:11	20.493	20.116	19.825	19.973	20.474	20.68	415.42	415.34
21:36:11	20.492	0.0	19.742	19.804	20.476	20.685	415.42	415.34
21:37:11	20.493	20.118	19.666	19.728	20.477	20.682	415.42	415.34
21:38:11	20.492	20.117	19.726	20.037	20.474	20.682	415.42	415.34
21:39:11	20.492	20.115	19.81	20.354	20.477	20.683	415.42	415.34
21:40:11	20.492	20.116	19.887	20.611	20.477	20.68	415.42	415.34
21:41:11	20.492	20.116	19.956	20.794	20.478	20.679	415.42	415.34
21:42:11	20.492	20.116	20.011	20.932	20.477	20.681	415.42	415.34
21:43:11	20.492	20.116	20.058	21.037	20.476	20.68	415.42	415.34
21:44:11	20.493	20.116	20.103	21.106	20.476	20.681	415.42	415.34
21:45:11	20.493	20.116	20.051	20.749	20.477	20.681	415.42	415.34
21:46:11	20.493	20.116	19.977	20.569	20.476	20.68	415.42	415.34
21:47:11	20.493	20.115	19.895	20.489	20.478	20.679	415.42	415.34
21:48:11	20.492	20.115	19.755	20.268	20.478	20.681	415.42	415.34
21:49:11	20.493	20.116	19.672	19.945	20.478	20.679	415.42	415.34
21:50:11	20.493	20.116	19.775	20.196	20.477	20.681	415.42	415.34
21:51:11	20.493	20.116	19.87	20.484	20.477	20.681	415.42	415.34
21:52:11	20.492	20.117	19.949	20.708	20.48	20.685	415.42	415.34
21:53:11	20.493	20.117	20.018	20.88	20.478	20.682	415.42	415.34
21:54:11	20.493	20.116	20.063	20.993	20.476	20.681	415.42	415.34
21:55:11	20.493	20.117	20.105	21.068	20.478	20.679	415.42	415.34
21:56:11	20.492	20.118	20.133	21.085	20.482	20.681	415.42	415.34
21:57:11	20.493	20.118	20.044	20.75	20.484	20.681	415.42	415.34
21:58:11	20.493	20.12	19.968	20.562	20.483	20.682	415.42	415.34
21:59:11	20.494	20.121	19.931	20.458	20.481	20.683	415.42	415.34
22:00:11	20.493	20.119	19.851	20.264	20.48	20.682	415.42	415.34
22:01:11	20.493	20.12	19.752	19.956	20.475	20.683	415.42	415.34
22:02:11	20.493	20.118	19.64	19.672	20.479	20.683	415.42	415.34
22:03:11	20.492	20.118	19.602	19.662	20.477	20.679	415.42	415.34
22:04:11	20.493	20.118	19.707	19.994	20.479	20.68	415.42	415.34
22:05:11	20.492	20.117	19.812	20.319	20.475	20.676	415.42	415.34
22:06:11	20.492	20.117	19.881	20.571	20.476	20.679	415.42	415.34
22:07:11	20.493	20.117	19.941	20.749	20.48	20.677	415.42	415.34
22:08:11	20.492	20.117	19.991	20.878	20.478	20.679	415.42	415.34
22:09:11	20.493	20.118	20.031	20.971	20.481	20.679	415.42	415.34
22:10:13	20.494	20.118	20.021	20.792	20.48	20.68	415.42	415.34
22:11:11	20.494	20.12	19.922	20.603	20.473	20.679	415.42	415.34
22:12:11	20.493	20.12	19.876	20.553	20.478	20.68	415.42	415.34
22:13:11	20.494	20.12	19.798	20.385	20.477	20.681	415.42	415.34
22:14:11	20.494	20.119	19.706	20.041	20.478	20.68	415.42	415.34
22:15:12	20.494	20.118	19.674	20.043	20.475	20.683	415.42	415.34
22:16:11	0.0	20.117	19.78	20.295	20.475	20.678	415.42	415.34
22:17:11	20.494	20.117	19.864	20.54	20.474	20.677	415.42	415.34
22:18:11	20.493	20.115	19.921	20.729	20.474	20.678	415.42	415.34
22:19:11	20.492	20.115	19.973	20.86	20.474	20.677	415.42	415.34
22:20:11	20.492	20.113	20.018	20.948	20.474	20.675	415.42	415.34
22:21:11	20.492	20.112	20.046	21.015	20.474	20.675	415.42	415.34
22:22:11	20.492	20.11	20.014	20.854	20.476	20.676	415.42	415.34
22:23:11	20.492	20.11	19.926	20.624	20.472	20.677	415.42	415.34
22:24:11	20.491	20.11	19.892	20.461	20.473	20.675	415.42	415.34
22:25:11	20.491	20.109	19.83	20.296	20.474	20.675	415.42	415.34
22:26:11	20.491	20.111	19.726	19.994	20.474	20.676	415.42	415.34
22:27:11	20.491	20.11	19.581	19.674	20.475	20.677	415.42	415.34
22:28:11	20.491	20.11	19.519	19.648	20.474	20.677	415.42	415.34
22:29:11	20.492	20.111	19.61	19.843	20.466	20.677	415.42	415.34
22:30:11	20.493	20.111	19.696	20.12	20.469	20.675	415.42	415.34
22:31:11	20.492	20.111	19.78	20.426	20.468	20.675	415.42	415.34
22:32:11	20.492	20.111	19.849	20.645	20.471	20.675	415.42	415.34
22:33:11	20.492	20.111	19.903	20.794	20.472	20.675	415.42	415.34
22:34:11	20.492	20.11	19.952	20.887	20.472	20.676	415.42	415.34
22:35:13	20.492	20.107	19.988	20.917	20.472	20.675	415.42	415.34
22:36:11	20.492	20.107	19.91	20.666	20.469	20.675	415.42	415.34
22:37:11	20.491	20.107	19.84	20.451	20.469	20.675	415.42	415.34
22:38:11	20.49	20.108	19.797	20.316	20.47	20.675	415.42	415.34
22:39:11	20.49	20.109	19.708	20.107	20.47	20.673	415.42	415.34
22:40:11	20.491	20.109	19.612	19.888	20.469	20.673	415.42	415.34
22:41:11	20.49	20.107	19.677	20.115	20.466	20.673	415.42	415.34
22:42:11	20.49	20.106	19.778	20.399	20.469	20.673	415.42	415.34
22:43:11	20.489	20.106	19.859	20.631	20.468	20.674	415.42	415.34
22:44:11	20.49	20.106	19.924	20.804	20.469	20.674	415.42	415.34
22:45:11	20.491	20.107	19.969	20.912	20.471	20.676	415.42	415.34
22:46:11	20.49	20.108	20.006	20.978	20.47	20.676	415.42	415.34
22:47:11	20.491	20.11	20.036	20.987	20.471	20.676	415.42	415.34
22:48:11	20.49	20.111	19.945	20.673	20.47	20.675	415.42	415.34
22:49:11	20.49	20.111	19.879	20.49	20.469	20.675	415.42	415.34
22:50:11	20.491	20.112	19.842	20.286	20.467	20.675	415.42	415.34
22:51:11	20.49	20.112	19.751	20.124	20.472	20.676	415.42	415.34
22:52:11	20.49	20.113	19.62	19.882	20.474	20.674	415.42	415.34
22:53:11	20.491	20.113	19.685	20.043	20.472	20.675	415.42	415.34
22:54:11	20.49	20.113	19.798	20.368	20.474	20.675	415.42	415.34
22:55:11	20.491	20.115	19.878	20.634	20.476	20.674	415.42	415.34
22:56:11	20.491	20.115	19.931	20.809	20.472	20.676	415.42	415.34
22:57:11	20.492	20.116	19.982	20.917	20.475	20.676	415.42	415.34
22:58:11	20.491	20.116	20.018	20.984	20.472	20.677	415.42	415.34
22:59:11	20.491	20.118	20.048	20.989	20.473	20.678	415.42	415.34
23:00:11	20.491	20.118	19.966	20.727	20.476	20.677	415.42	415.34
23:01:11	20.491	20.117	19.891	20.514	20.479	20.674	415.42	415.34
23:02:11	20.492	20.119	19.848	20.224	20.479	20.676	415.42	415.34
23:03:11	20.492	20.12	19.769	20.141	20.472	20.674	415.42	415.34
23:04:11	20.491	20.119	19.635	19.855	20.474	20.676	415.42	415.34
23:05:11	20.491	20.118	19.698	20.03	20.474	20.676	415.42	415.34
23:06:11	20.492	20.117	19.806	20.361	20.472	20.675	415.42	415.34
23:07:11	20.493	20.119	19.897	20.636	20.473	20.677	415.42	415.34
23:08:11	20.492	20.119	19.955	20.802	20.472	20.674	415.42	415.34
23:09:11	20.492	20.117	19.993	20.908	20.472	20.677	415.42	415.34
23:10:11	20.493	20.117	20.025	20.977	20.471	20.676	415.42	415.34
23:11:11	20.492	20.116	20.051	20.993	20.474	20.675	415.42	415.34
23:12:11	20.492	20.115	19.955	20.718	20.473	20.677	415.42	415.34
23:13:11	20.492	20.114	19.897	20.476	20.472	20.677	415.42	415.34
23:14:11	20.493	20.114	19.85	20.374	20.47	20.676	415.42	415.34
23:15:11	20.492	20.113	19.76	20.009	20.468	20.678	415.42	415.34
23:16:11	20.492	20.113	19.645	19.68	20.474	20.678	415.42	415.34
23:17:11	20.492	20.113	19.692	19.964	20.473	20.676	415.42	415.34
23:18:11	20.491	20.113	19.773	20.277	20.476	20.677	415.42	415.34
23:19:11	20.492	20.113	19.865	20.555	20.473	20.674	415.42	415.34
23:20:11	20.492	20.115	19.927	20.748	20.475	20.675	415.42	415.34
23:21:11	20.492	20.114	19.98	20.864	20.474	20.675	415.42	415.34
23:22:11	20.492	20.115	20.016	20.944	20.474	20.675	415.42	415.34
23:23:11	20.491	20.113	20.042	20.968	20.47	20.676	415.42	415.34
23:24:11	20.491	20.112	19.973	20.619	20.472	20.677	415.42	415.34
23:25:12	20.49	20.112	19.872	20.464	20.474	20.675	415.42	415.34
23:26:11	20.491	20.112	19.828	20.329	20.474	20.674	415.42	415.34
23:27:11	20.491	20.113	19.759	20.141	20.472	20.674	415.42	415.34
23:28:11	20.491	20.112	19.662	20.04	20.469	20.675	415.42	415.34
23:29:11	20.49	20.111	19.738	20.179	20.469	20.674	415.42	415.34
23:30:11	20.491	20.111	19.83	20.426	20.471	20.676	415.42	415.34
23:31:11	20.491	20.111	19.898	20.648	20.472	20.676	415.42	415.34
23:32:11	20.491	20.112	19.966	20.822	20.474	20.676	415.42	415.34
23:33:11	20.49	20.112	20.005	20.916	20.474	20.674	415.42	415.34
23:34:11	20.49	20.114	20.043	20.985	20.473	20.676	415.42	415.34
23:35:12	20.491	20.115	20.064	21.007	20.474	20.676	415.42	415.34
23:36:11	20.491	20.116	19.992	20.759	20.476	20.676	415.42	415.34
23:37:11	20.491	20.117	19.938	20.523	20.474	20.674	415.42	415.34
23:38:11	20.491	20.115	19.919	20.349	20.475	20.677	415.42	415.34
23:39:11	20.491	20.117	19.815	20.092	20.473	20.676	415.42	415.34
23:40:11	20.491	20.116	19.744	19.711	20.469	20.679	415.42	415.34
23:41:11	20.491	20.116	19.618	19.462	20.473	20.675	415.42	415.34
23:42:11	20.49	20.115	19.617	19.542	20.472	20.676	415.42	415.34
23:43:11	20.491	20.115	19.695	19.845	20.47	20.676	415.42	415.34
23:44:11	20.491	20.113	19.804	20.186	20.467	20.672	415.42	415.34
23:45:11	20.491	20.112	19.884	20.504	20.466	20.672	415.42	415.34
23:46:11	20.49	20.11	19.943	20.721	20.468	20.671	415.42	415.34
23:47:11	20.49	20.111	19.992	20.877	20.471	20.674	415.42	415.34
23:48:11	20.492	20.112	20.041	20.971	20.469	20.673	415.42	415.34
23:49:11	20.49	20.114	20.017	20.768	20.476	20.678	415.42	415.34
23:50:11	20.491	20.115	19.947	20.562	20.47	20.674	415.42	415.34
23:51:11	20.491	20.115	19.901	20.513	20.473	20.678	415.42	415.34
23:52:11	20.49	20.117	19.85	20.363	20.472	20.676	415.42	415.34
23:53:11	20.49	20.116	19.777	20.17	20.467	20.67	415.42	415.34
23:54:11	20.491	20.116	19.699	19.847	20.471	20.672	415.42	415.34
23:55:11	20.49	20.115	19.62	19.738	20.471	20.673	415.42	415.34
23:56:11	20.491	20.115	19.711	19.96	20.471	20.673	415.42	415.34
23:57:11	20.49	20.114	19.797	20.254	20.471	20.673	415.42	415.34
23:58:11	20.49	20.114	19.856	20.537	20.469	20.672	415.42	415.34
23:59:11	20.49	20.112	19.928	20.747	20.466	20.671	415.42	415.34
