00:00:24	21.612	22.536	22.97	27.971	18.866	18.08	415.42	415.34
00:01:24	21.613	22.537	22.972	27.791	18.867	18.083	415.42	415.34
00:02:24	21.614	22.539	22.993	27.692	18.869	18.083	415.42	415.34
00:03:24	21.616	22.539	22.971	27.533	18.859	18.081	415.42	415.34
00:04:24	21.615	22.539	22.936	27.302	18.859	18.084	415.42	415.34
00:05:24	21.617	22.539	22.918	27.482	18.863	18.082	415.42	415.34
00:06:24	21.617	22.54	22.928	27.358	18.87	18.082	415.42	415.34
00:07:24	21.619	22.539	22.919	27.551	18.869	18.081	415.42	415.34
00:08:24	21.619	22.539	22.926	27.997	18.872	18.084	415.42	415.34
00:09:24	21.621	22.539	22.936	28.271	18.875	18.085	415.42	415.34
00:10:24	21.622	22.539	22.922	28.027	18.873	18.082	415.42	415.34
00:11:24	21.623	22.54	22.907	27.672	18.864	18.084	415.42	415.34
00:12:24	21.625	22.54	22.888	27.455	18.87	18.083	415.42	415.34
00:13:24	21.627	22.543	22.872	27.289	18.873	18.086	415.42	415.34
00:14:26	21.627	22.544	22.865	27.525	18.873	18.088	415.42	415.34
00:15:24	21.629	22.546	22.854	27.534	18.874	18.088	415.42	415.34
00:16:26	21.631	22.548	22.87	27.796	18.87	18.089	415.42	415.34
00:17:24	21.63	22.548	22.922	27.861	18.864	18.089	415.42	415.34
00:18:24	21.632	22.55	22.959	28.124	18.868	18.089	415.42	415.34
00:19:24	21.634	22.551	23.018	28.455	18.869	18.093	415.42	415.34
00:20:24	21.635	22.552	23.022	28.566	18.87	18.09	415.42	415.34
00:21:24	21.637	22.554	23.004	28.623	18.872	18.095	415.42	415.34
00:22:24	21.639	22.555	22.979	28.631	18.875	18.093	415.42	415.34
00:23:24	21.64	22.556	22.95	28.293	18.876	18.094	415.42	415.34
00:24:24	21.64	22.559	22.948	27.958	18.869	18.094	415.42	415.34
00:25:24	21.643	22.559	22.95	27.737	18.867	18.095	415.42	415.34
00:26:24	21.643	22.561	22.945	27.726	18.867	18.098	415.42	415.34
00:27:24	21.644	22.561	22.946	27.952	18.872	18.094	415.42	415.34
00:28:24	21.644	22.559	22.981	28.237	18.873	18.098	415.42	415.34
00:29:24	21.646	22.56	23.004	28.268	18.872	18.094	415.42	415.34
00:30:24	21.648	22.561	22.997	28.286	18.865	18.095	415.42	415.34
00:31:24	21.647	22.56	22.996	27.828	18.873	18.095	415.42	415.34
00:32:24	21.648	22.563	22.981	27.477	18.874	18.099	415.42	415.34
00:33:24	21.649	22.561	22.958	27.386	18.871	18.1	415.42	415.34
00:34:24	21.651	22.562	22.947	27.512	18.873	18.1	415.42	415.34
00:35:24	21.653	22.564	22.916	27.799	18.876	18.098	415.42	415.34
00:36:24	21.655	22.567	22.933	27.955	18.878	18.103	415.42	415.34
00:37:24	21.657	22.569	22.965	27.987	18.878	18.105	415.42	415.34
00:38:24	21.658	22.57	22.99	28.056	18.879	18.102	415.42	415.34
00:39:24	21.658	22.572	22.99	27.859	18.879	18.105	415.42	415.34
00:40:24	21.659	22.573	22.986	27.757	18.883	18.104	415.42	415.34
00:41:24	21.661	22.574	22.981	27.533	18.89	18.106	415.42	415.34
00:42:24	21.662	22.576	22.942	27.323	18.899	18.107	415.42	415.34
00:43:24	21.663	22.574	22.941	27.642	18.893	18.106	415.42	415.34
00:44:24	21.664	22.576	22.949	28.076	18.892	18.109	415.42	415.34
00:45:24	21.666	22.577	22.92	28.079	18.892	18.106	415.42	415.34
00:46:24	21.667	22.579	22.922	27.795	18.895	18.109	415.42	415.34
00:47:24	21.669	22.581	22.946	27.628	18.893	18.111	415.42	415.34
00:48:24	21.67	22.583	22.953	27.395	18.894	18.111	415.42	415.34
00:49:24	21.671	22.583	22.948	27.377	18.892	18.11	415.42	415.34
00:50:25	21.673	22.586	22.955	27.109	18.893	18.112	415.42	415.34
00:51:24	21.672	22.585	22.926	27.051	18.885	18.113	415.42	415.34
00:52:25	21.674	22.586	22.92	27.211	18.89	18.112	415.42	415.34
00:53:24	21.675	22.585	22.946	27.562	18.889	18.111	415.42	415.34
00:54:26	21.675	22.586	22.962	28.041	18.889	18.11	415.42	415.34
00:55:24	21.677	22.585	22.999	28.146	18.885	18.11	415.42	415.34
00:56:24	21.677	22.587	23.014	27.983	18.885	18.113	415.42	415.34
00:57:24	21.679	22.588	23.02	27.839	18.894	18.112	415.42	415.34
00:58:24	21.681	22.59	22.982	27.61	18.895	18.114	415.42	415.34
00:59:24	21.681	22.59	22.969	27.902	18.898	18.117	415.42	415.34
01:00:24	21.683	22.591	22.972	27.698	18.897	18.115	415.42	415.34
01:01:24	21.684	22.593	22.982	27.841	18.898	18.117	415.42	415.34
01:02:24	21.685	22.596	22.987	27.509	18.904	18.121	415.42	415.34
01:03:24	21.687	22.597	22.94	27.394	18.901	18.121	415.42	415.34
01:04:24	21.688	22.598	22.95	27.276	18.902	18.119	415.42	415.34
01:05:24	21.689	22.6	22.937	27.238	18.903	18.121	415.42	415.34
01:06:24	21.69	22.602	22.96	27.244	18.909	18.121	415.42	415.34
01:07:24	21.692	22.602	22.952	27.176	18.908	18.122	415.42	415.34
01:08:24	21.693	22.604	22.969	27.055	18.905	18.121	415.42	415.34
01:09:24	21.693	22.603	22.932	26.669	18.9	18.122	415.42	415.34
01:10:24	21.694	22.603	22.922	26.504	18.901	18.123	415.42	415.34
01:11:24	21.696	22.604	22.91	26.688	18.906	18.121	415.42	415.34
01:12:24	21.697	22.603	22.929	27.358	18.901	18.122	415.42	415.34
01:13:24	21.698	22.603	22.945	27.816	18.907	18.12	415.42	415.34
01:14:24	21.698	22.604	22.981	27.885	18.903	18.123	415.42	415.34
01:15:24	21.7	22.605	23.013	28.023	18.902	18.126	415.42	415.34
01:16:26	21.701	22.607	22.999	28.191	18.899	18.128	415.42	415.34
01:17:24	21.704	22.609	22.998	27.946	18.902	18.125	415.42	415.34
01:18:25	21.705	22.611	23.014	27.739	18.904	18.128	415.42	415.34
01:19:24	0.0	22.615	22.979	27.662	18.906	18.128	415.42	415.34
01:20:25	21.708	22.616	22.97	27.887	18.907	18.129	415.42	415.34
01:21:24	21.71	22.618	22.962	28.167	18.906	18.132	415.42	415.34
01:22:24	21.712	22.619	22.941	28.104	18.906	18.133	415.42	415.34
01:23:24	21.711	22.622	22.976	27.988	18.899	18.131	415.42	415.34
01:24:24	21.713	22.621	23.044	27.377	18.899	18.131	415.42	415.34
01:25:24	21.715	22.621	22.978	27.033	18.895	18.132	415.42	415.34
01:26:24	21.716	22.623	22.938	27.095	18.899	18.134	415.42	415.34
01:27:24	21.716	22.623	22.914	26.85	18.902	18.133	415.42	415.34
01:28:24	21.717	22.624	22.867	27.288	18.899	18.133	415.42	415.34
01:29:24	21.719	22.624	22.83	27.503	18.904	18.133	415.42	415.34
01:30:24	21.72	22.624	22.845	27.697	18.905	18.134	415.42	415.34
01:31:24	21.72	22.624	22.885	27.453	18.908	18.134	415.42	415.34
01:32:24	21.721	22.625	22.894	27.359	18.908	18.134	415.42	415.34
01:33:24	21.721	22.625	22.917	26.978	18.904	18.134	415.42	0.0
01:34:24	21.723	22.624	22.892	26.959	18.909	18.133	415.42	415.34
01:35:24	21.724	22.625	22.87	26.78	18.908	18.134	415.42	415.34
01:36:24	21.725	22.625	22.863	26.752	18.903	18.135	415.42	415.34
01:37:24	21.726	22.627	22.897	26.664	18.905	18.136	415.42	415.34
01:38:24	21.728	22.629	22.918	26.631	18.908	18.14	415.42	415.34
01:39:24	21.729	22.628	22.906	26.779	18.907	18.137	415.42	415.34
01:40:24	21.729	22.628	22.908	26.863	18.91	18.136	415.42	415.34
01:41:24	21.73	22.629	22.905	26.999	18.911	18.136	415.42	415.34
01:42:24	21.73	22.63	22.893	27.091	18.912	18.137	415.42	415.34
01:43:24	21.732	22.63	22.909	27.179	18.91	18.137	415.42	415.34
01:44:24	21.733	22.63	22.933	27.263	18.911	18.137	415.42	415.34
01:45:24	21.735	22.632	22.935	27.439	18.909	18.139	415.42	415.34
01:46:24	21.736	22.633	22.939	27.418	18.912	18.14	415.42	415.34
01:47:24	21.738	22.633	22.963	27.611	18.912	18.141	415.42	415.34
01:48:24	21.739	22.634	23.002	28.083	18.907	18.141	415.42	415.34
01:49:24	21.741	22.638	23.002	28.731	18.908	18.142	415.42	415.34
01:50:24	21.741	22.638	23.018	28.988	18.912	18.145	415.42	415.34
01:51:24	21.742	22.64	23.013	28.634	18.915	18.143	415.42	415.34
01:52:24	21.744	22.64	23.011	28.531	18.913	18.144	415.42	415.34
01:53:24	21.745	22.641	22.998	28.415	18.916	18.146	415.42	415.34
01:54:24	21.747	22.644	23.01	28.179	18.911	18.145	415.42	415.34
01:55:24	21.748	22.644	23.021	28.041	18.907	18.148	415.42	415.34
01:56:24	21.748	22.645	23.023	27.864	18.907	18.146	415.42	415.34
01:57:25	21.75	22.645	23.017	27.755	18.913	18.148	415.42	415.34
01:58:24	21.751	22.647	23.022	27.847	18.918	18.148	415.42	415.34
01:59:24	21.752	22.647	23.039	27.776	18.91	18.148	415.42	415.34
02:00:24	21.754	22.648	22.996	27.899	18.921	18.149	415.42	415.34
02:01:24	21.756	22.651	23.01	27.943	18.926	18.15	415.42	415.34
02:02:24	21.758	22.653	23.026	27.752	18.925	18.156	415.42	415.34
02:03:24	21.758	22.654	0.0	27.61	18.926	18.155	415.42	415.34
02:04:24	21.758	22.655	23.02	27.433	18.923	18.153	415.42	415.34
02:05:24	21.76	22.655	22.973	27.304	18.929	18.15	415.42	415.34
02:06:24	21.761	22.656	22.994	27.501	18.927	18.155	415.42	415.34
02:07:24	21.761	22.657	22.963	27.862	18.92	18.156	415.42	415.34
02:08:24	21.763	22.658	22.984	27.971	18.92	18.155	415.42	415.34
02:09:24	21.764	22.659	23.04	27.857	18.926	18.158	415.42	415.34
02:10:24	21.764	22.66	23.042	27.53	18.93	18.152	415.42	415.34
02:11:24	21.767	22.661	22.996	27.103	18.929	18.159	415.42	415.34
02:12:24	21.768	22.662	23.078	26.781	18.925	18.159	415.42	415.34
02:13:24	21.769	22.663	22.997	26.954	18.925	18.156	415.42	415.34
02:14:24	21.769	22.663	22.955	27.362	18.931	18.159	415.42	415.34
02:15:24	21.772	22.666	22.939	27.515	18.93	18.166	415.42	415.34
02:16:24	21.771	22.666	22.948	27.62	18.932	18.162	415.42	415.34
02:17:24	21.775	22.667	22.972	27.959	18.931	18.16	415.42	415.34
02:18:24	21.775	22.668	23.008	27.721	18.93	18.164	415.42	415.34
02:19:24	21.777	22.668	23.013	27.418	18.931	18.161	415.42	415.34
02:20:24	21.778	22.669	22.989	27.212	18.938	18.164	415.42	415.34
02:21:24	21.778	22.67	22.989	27.352	18.938	18.16	415.42	415.34
02:22:24	21.778	22.67	23.017	27.546	18.933	18.165	415.42	415.34
02:23:24	21.78	22.67	23.063	27.9	18.934	18.162	415.42	415.34
02:24:24	21.781	22.673	23.098	28.423	18.934	18.166	415.42	415.34
02:25:24	21.782	22.675	23.098	28.628	18.934	18.165	415.42	415.34
02:26:24	21.784	22.675	23.082	28.512	18.935	18.166	415.42	415.34
02:27:24	21.785	22.675	23.084	28.484	18.938	18.167	415.42	415.34
02:28:24	21.787	22.675	23.044	28.1	18.939	18.166	415.42	415.34
02:29:24	21.787	22.676	23.021	27.924	18.931	18.165	415.42	415.34
02:30:24	21.789	22.677	23.03	27.861	18.932	18.169	415.42	415.34
02:31:24	21.789	22.678	23.039	27.99	18.934	18.17	415.42	415.34
02:32:26	21.79	22.679	23.051	28.038	18.937	18.169	415.42	415.34
02:33:24	21.79	22.679	23.097	27.939	18.935	18.17	415.42	415.34
02:34:26	21.792	22.678	23.088	27.634	18.935	18.166	415.42	415.34
02:35:24	21.794	22.678	23.064	27.765	18.93	18.167	415.42	415.34
02:36:24	21.794	22.681	23.063	27.769	18.93	18.172	415.42	415.34
02:37:24	21.796	22.681	23.093	27.796	18.935	18.17	415.42	415.34
02:38:24	21.797	22.683	23.106	27.686	18.94	18.172	415.42	415.34
02:39:24	21.798	22.684	23.135	27.525	18.941	18.171	415.42	415.34
02:40:24	21.8	22.687	23.155	27.214	18.944	18.175	415.42	415.34
02:41:24	21.8	22.687	23.11	27.321	18.948	18.173	415.42	415.34
02:42:24	21.802	22.687	23.063	27.707	18.947	18.174	415.42	415.34
02:43:24	21.803	22.689	23.05	28.169	18.946	18.178	415.42	415.34
02:44:24	21.803	22.689	23.019	28.245	18.942	18.172	415.42	415.34
02:45:24	21.805	22.69	23.03	28.101	18.942	18.175	415.42	415.34
02:46:24	21.806	22.69	23.042	28.085	18.944	18.175	415.42	415.34
02:47:24	21.808	22.692	23.058	28.057	18.945	18.18	415.42	415.34
02:48:24	21.807	22.694	23.098	27.98	18.945	18.176	415.42	415.34
02:49:24	21.808	22.693	23.099	27.823	18.937	18.176	415.42	415.34
02:50:24	21.81	22.694	23.082	27.752	18.931	18.18	415.42	415.34
02:51:24	21.811	22.694	23.094	27.84	18.939	18.179	415.42	415.34
02:52:24	21.812	22.694	23.08	28.29	18.941	18.179	415.42	415.34
02:53:24	21.814	22.695	23.072	28.555	18.943	18.178	415.42	415.34
02:54:24	21.814	22.696	23.082	28.28	18.948	18.179	415.42	415.34
02:55:24	21.815	22.697	23.104	27.711	18.952	18.178	415.42	415.34
02:56:24	21.817	22.698	23.091	27.176	18.947	18.179	415.42	415.34
02:57:24	21.817	22.7	23.09	26.8	18.951	18.182	415.42	415.34
02:58:24	21.82	22.701	23.055	26.751	18.953	18.185	415.42	415.34
02:59:24	21.821	22.702	23.002	26.931	18.947	18.184	415.42	415.34
03:00:24	21.821	22.703	22.991	27.318	18.94	18.186	415.42	415.34
03:01:24	21.822	22.703	22.967	27.814	18.941	18.183	415.42	415.34
03:02:24	21.824	22.704	22.963	27.844	18.942	18.182	415.42	415.34
03:03:24	21.824	22.705	22.978	27.893	18.945	18.185	415.42	415.34
03:04:24	21.826	22.706	22.995	27.747	18.951	18.183	415.42	415.34
03:05:24	21.827	22.707	22.978	27.803	18.956	18.185	415.42	415.34
03:06:25	21.827	22.708	23.013	27.872	18.955	18.187	415.42	415.34
03:07:24	0.0	22.708	23.018	27.838	18.958	18.187	415.42	415.34
03:08:24	21.831	22.711	23.039	27.559	18.954	18.189	415.42	415.34
03:09:24	21.831	22.712	23.058	27.507	18.954	18.189	0.0	415.34
03:10:24	21.833	22.713	23.047	27.353	18.957	18.19	415.42	415.34
03:11:24	21.833	22.713	23.035	27.213	18.959	18.189	415.42	415.34
03:12:24	21.833	22.714	23.016	27.474	18.964	18.191	415.42	415.34
03:13:24	21.835	22.714	23.017	27.213	18.965	18.191	415.42	415.34
03:14:24	21.836	22.716	23.008	0.0	18.966	18.192	415.42	415.34
03:15:24	21.837	22.717	23.017	27.368	18.962	18.193	415.42	415.34
03:16:24	21.838	22.719	23.02	27.388	18.958	18.193	415.42	415.34
03:17:24	21.839	22.718	23.033	27.175	18.957	18.193	415.42	415.34
03:18:24	21.839	22.719	23.017	26.784	18.96	18.193	415.42	415.34
03:19:24	21.841	22.72	22.973	27.096	18.962	18.194	415.42	415.34
03:20:24	21.842	22.721	23.008	27.378	18.964	18.193	415.42	415.34
03:21:24	21.842	22.721	23.016	27.682	18.958	18.194	415.42	415.34
03:22:24	21.844	22.721	23.035	27.755	18.953	18.196	415.42	415.34
03:23:24	21.844	22.722	23.027	27.732	18.958	18.194	415.42	415.34
03:24:24	21.846	22.723	23.022	27.663	18.956	18.197	415.42	415.34
03:25:24	21.846	22.723	23.011	27.51	18.955	18.197	415.42	415.34
03:26:24	21.848	22.725	23.018	27.546	18.954	18.197	415.42	415.34
03:27:24	21.848	22.725	23.003	27.426	18.956	18.198	415.42	415.34
03:28:24	21.849	22.726	23.002	27.631	18.952	18.198	415.42	415.34
03:29:24	21.852	22.728	23.026	27.837	18.951	18.2	415.42	415.34
03:30:24	21.853	22.729	23.016	27.752	18.951	18.199	415.42	415.34
03:31:24	21.854	22.73	23.041	27.742	18.948	18.203	415.42	415.34
03:32:24	21.854	22.73	23.041	27.66	18.951	18.199	415.42	415.34
03:33:24	21.857	22.732	23.019	27.493	18.948	18.203	415.42	415.34
03:34:24	21.857	22.733	23.027	27.712	18.959	18.201	415.42	415.34
03:35:24	21.857	22.734	23.034	27.967	18.961	18.204	415.42	415.34
03:36:24	21.858	22.734	23.064	28.193	18.962	18.204	415.42	415.34
03:37:24	21.859	22.734	23.073	28.224	18.959	18.202	415.42	415.34
03:38:24	21.86	22.734	23.119	28.315	18.96	18.204	415.42	415.34
03:39:24	21.861	22.734	23.135	28.221	18.964	18.206	415.42	415.34
03:40:24	21.864	22.737	23.138	28.191	18.968	18.205	415.42	415.34
03:41:24	21.863	22.737	23.18	28.144	18.966	18.204	415.42	415.34
03:42:24	21.865	22.739	23.147	27.967	18.967	18.205	415.42	415.34
03:43:24	21.866	22.737	23.102	27.771	18.964	18.208	415.42	415.34
03:44:24	21.867	22.739	23.064	27.617	18.968	18.206	415.42	415.34
03:45:24	21.868	22.739	23.06	27.334	18.963	18.206	415.42	415.34
03:46:24	21.87	22.739	23.109	27.202	18.96	18.206	415.42	415.34
03:47:24	21.87	22.741	23.076	27.077	18.964	18.208	415.42	415.34
03:48:24	21.871	22.741	23.043	27.272	18.967	18.209	415.42	415.34
03:49:24	21.873	22.741	23.076	27.2	18.965	18.207	415.42	415.34
03:50:24	21.874	22.742	23.067	27.122	18.959	18.208	415.42	415.34
03:51:24	21.874	22.743	23.074	27.033	18.965	18.209	415.42	415.34
03:52:26	21.875	22.743	23.046	26.904	18.974	18.209	415.42	415.34
03:53:24	21.877	22.745	23.033	27.036	18.977	18.213	415.42	415.34
03:54:24	21.879	22.746	23.017	26.887	18.971	18.207	415.42	415.34
03:55:24	21.878	22.746	22.971	26.967	18.968	18.212	415.42	415.34
03:56:24	21.879	22.744	22.954	27.086	18.961	18.209	415.42	415.34
03:57:24	21.88	22.747	22.972	27.446	18.963	18.214	415.42	415.34
03:58:24	21.882	22.747	22.979	27.306	18.972	18.215	415.42	415.34
03:59:24	21.882	22.747	23.012	27.164	18.974	18.209	415.42	415.34
04:00:24	21.883	22.746	23.078	26.737	18.964	18.212	415.42	415.34
04:01:24	21.884	0.0	23.079	26.366	18.961	18.213	415.42	415.34
04:02:24	21.885	22.748	23.039	26.405	18.966	18.214	415.42	415.34
04:03:24	21.887	22.749	23.003	26.738	18.97	18.217	415.42	415.34
04:04:24	21.886	22.749	23.006	27.096	18.964	18.214	415.42	415.34
04:05:24	21.889	22.751	23.024	27.315	18.961	18.214	415.42	415.34
04:06:24	21.888	22.75	23.031	27.118	18.965	18.215	415.42	415.34
04:07:24	21.889	22.751	23.032	27.07	18.961	18.216	415.42	415.34
04:08:24	21.891	22.752	23.055	26.8	18.962	18.219	415.42	415.34
04:09:24	21.892	22.751	23.008	27.026	18.967	18.217	415.42	415.34
04:10:24	21.892	22.754	23.006	27.489	18.971	18.216	415.42	415.34
04:11:24	21.893	22.753	23.016	27.826	18.973	18.22	415.42	415.34
04:12:24	21.894	22.753	23.049	28.117	18.974	18.218	415.42	415.34
04:13:24	21.896	22.755	23.094	28.044	18.977	18.216	415.42	415.34
04:14:24	21.894	22.754	23.121	28.181	18.976	18.216	415.42	415.34
04:15:24	21.898	22.754	23.092	28.322	18.975	18.22	415.42	415.34
04:16:24	21.899	22.755	23.055	28.322	18.974	18.22	415.42	415.34
04:17:24	21.901	22.757	23.047	28.288	18.976	18.22	415.42	415.34
04:18:24	21.901	22.757	23.021	27.851	18.978	18.221	415.42	415.34
04:19:24	21.902	22.758	23.004	27.422	18.974	18.222	415.42	415.34
04:20:24	21.903	22.758	23.081	27.08	18.977	18.223	415.42	415.34
04:21:24	21.904	22.759	23.042	27.067	18.975	18.22	415.42	415.34
04:22:24	21.905	22.758	23.043	26.871	18.973	18.223	415.42	415.34
04:23:24	21.905	22.758	23.026	27.312	18.975	18.221	415.42	415.34
04:24:24	21.907	22.758	22.973	27.475	18.974	18.222	415.42	415.34
04:25:24	21.907	22.757	22.953	27.539	18.972	18.221	415.42	415.34
04:26:24	21.907	22.758	22.994	27.393	18.966	18.222	415.42	415.34
04:27:24	21.908	22.759	23.002	27.21	18.969	18.225	415.42	415.34
04:28:24	21.91	22.761	23.012	27.088	18.97	18.226	415.42	415.34
04:29:24	21.91	22.762	23.046	26.877	18.968	18.225	415.42	415.34
04:30:24	21.912	22.762	22.992	26.601	18.972	18.225	415.42	415.34
04:31:24	21.914	22.761	22.97	26.9	18.973	18.226	415.42	415.34
04:32:24	21.914	22.763	22.961	27.481	18.974	18.227	415.42	415.34
04:33:24	21.915	22.763	23.026	28.024	18.977	18.226	415.42	415.34
04:34:24	21.915	22.764	23.085	28.319	18.981	18.228	415.42	415.34
04:35:24	21.916	22.764	23.117	28.531	18.98	18.226	415.42	415.34
04:36:24	21.918	22.765	23.16	28.619	18.98	18.228	415.42	415.34
04:37:24	21.919	22.765	23.126	28.579	18.972	18.228	415.42	415.34
04:38:24	21.92	22.766	23.071	28.483	18.98	18.231	415.42	415.34
04:39:24	21.922	22.767	23.087	28.451	18.982	18.228	415.42	415.34
04:40:24	21.923	22.768	23.057	28.522	18.978	18.232	415.42	415.34
04:41:24	21.923	22.77	23.07	28.429	18.977	18.232	415.42	415.34
04:42:24	21.924	22.769	23.118	28.397	18.98	18.233	415.42	415.34
04:43:24	21.925	22.769	23.152	28.35	18.984	18.233	415.42	415.34
04:44:24	21.925	22.77	23.166	28.318	18.978	18.233	415.42	415.34
04:45:26	21.926	22.771	23.153	28.284	18.979	18.233	415.42	415.34
04:46:24	21.927	22.772	23.174	28.126	18.979	18.236	415.42	415.34
04:47:24	21.928	22.774	23.177	27.884	18.981	18.236	415.42	415.34
04:48:24	21.929	22.774	23.166	27.83	18.986	18.238	415.42	415.34
04:49:24	21.93	22.775	23.155	27.828	18.985	18.237	415.42	415.34
04:50:24	21.931	22.775	23.13	27.761	18.988	18.236	415.42	415.34
04:51:24	21.932	22.775	23.126	27.788	18.985	18.236	415.42	415.34
04:52:24	21.932	22.775	23.129	27.54	18.982	18.237	415.42	415.34
04:53:24	21.934	22.775	23.115	27.607	18.984	18.238	415.42	415.34
04:54:24	21.934	22.776	23.125	27.755	18.983	18.237	415.42	415.34
04:55:24	21.935	22.776	23.132	27.652	18.986	18.239	415.42	415.34
04:56:26	21.936	22.776	23.147	27.796	18.984	18.239	415.42	415.34
04:57:24	21.937	22.777	23.156	27.827	18.982	18.239	415.42	415.34
04:58:24	21.938	22.778	23.163	27.734	18.985	18.24	415.42	415.34
04:59:24	21.938	22.778	23.172	27.568	18.986	18.241	415.42	415.34
05:00:26	21.94	22.779	23.18	27.472	18.988	18.242	415.42	415.34
05:01:24	21.941	22.78	23.149	27.285	18.99	18.242	415.42	415.34
05:02:26	21.942	22.781	23.126	27.433	18.983	18.243	415.42	415.34
05:03:24	21.943	22.781	23.104	27.621	18.985	18.245	415.42	415.34
05:04:24	21.944	22.781	23.115	27.674	18.986	18.244	415.42	415.34
05:05:24	21.944	22.784	23.116	27.831	18.987	18.243	415.42	415.34
05:06:24	21.946	22.784	23.147	27.86	18.986	18.245	415.42	415.34
05:07:24	21.946	22.784	23.159	27.952	18.985	18.245	415.42	415.34
05:08:24	21.948	22.786	23.149	27.891	18.987	18.246	415.42	415.34
05:09:24	21.949	22.786	23.157	27.893	18.99	18.245	415.42	415.34
05:10:24	21.95	22.787	23.163	28.077	18.994	18.25	415.42	415.34
05:11:24	21.951	22.788	23.187	28.161	18.992	18.247	415.42	415.34
05:12:24	21.952	22.789	23.184	28.151	18.997	18.249	415.42	415.34
05:13:24	21.954	22.789	23.208	28.138	19.001	18.249	415.42	415.34
05:14:24	21.953	22.791	23.234	28.148	18.998	18.249	415.42	415.34
05:15:25	21.955	22.792	23.228	28.164	19.001	18.251	415.42	415.34
05:16:24	21.955	22.794	23.221	28.076	19.002	18.254	415.42	415.34
05:17:24	21.958	22.795	23.21	28.178	18.999	18.254	415.42	415.34
05:18:24	21.959	22.797	23.202	27.902	19.002	18.254	415.42	415.34
05:19:24	21.96	22.797	23.221	27.987	19.006	18.254	415.42	415.34
05:20:24	21.961	22.797	23.222	28.171	19.006	18.254	415.42	415.34
05:21:24	21.962	22.8	23.247	28.173	19.011	18.257	415.42	415.34
05:22:24	21.962	22.802	23.264	27.827	19.01	18.258	415.42	415.34
05:23:24	21.964	22.801	23.25	27.985	19.008	18.258	415.42	415.34
05:24:24	21.965	22.802	23.249	27.842	19.008	18.256	415.42	415.34
05:25:24	21.964	22.8	23.215	27.888	19.005	18.257	415.42	415.34
05:26:24	21.966	22.801	23.195	27.814	19.004	18.254	415.42	415.34
05:27:25	21.966	22.801	23.209	27.846	19.002	18.257	415.42	415.34
05:28:24	0.0	22.8	23.218	27.762	19.003	18.258	415.42	415.34
05:29:24	21.967	22.801	23.216	27.793	19.003	18.255	415.42	415.34
05:30:25	21.969	22.801	23.225	27.889	19.002	18.258	415.42	415.34
05:31:24	21.969	22.801	23.232	27.813	19.004	18.257	415.42	415.34
05:32:24	21.971	22.802	23.263	27.87	19.0	18.259	415.42	415.34
05:33:24	21.971	22.801	23.249	27.785	19.001	18.258	415.42	415.34
05:34:24	21.972	22.802	23.241	27.702	19.003	18.258	415.42	415.34
05:35:25	21.974	22.802	23.244	27.581	19.001	18.258	415.42	415.34
05:36:24	0.0	22.804	23.28	27.454	19.003	18.259	415.42	415.34
05:37:24	21.976	22.804	23.355	27.172	19.006	18.261	415.42	415.34
05:38:24	21.976	22.806	23.243	27.254	19.008	18.259	415.42	415.34
05:39:24	21.978	22.807	23.174	27.311	19.01	18.261	415.42	415.34
05:40:24	21.979	22.808	23.16	27.415	19.008	18.262	415.42	415.34
05:41:24	21.979	22.809	23.145	27.434	19.012	18.264	415.42	415.34
05:42:24	21.981	22.81	23.184	27.271	19.012	18.265	415.42	415.34
05:43:24	21.982	22.811	23.187	27.104	19.013	18.266	415.42	415.34
05:44:25	21.982	22.813	23.231	26.839	19.01	18.266	415.42	415.34
05:45:24	21.984	22.813	23.288	26.677	19.008	18.266	415.42	415.34
05:46:24	21.984	22.814	23.344	26.442	19.011	18.265	415.42	415.34
05:47:24	21.985	22.815	23.342	26.361	19.011	18.266	415.42	415.34
05:48:24	21.986	22.816	23.289	26.676	19.011	18.268	415.42	415.34
05:49:24	21.987	22.816	23.241	26.708	19.014	18.267	415.42	415.34
05:50:24	21.988	22.817	23.201	26.72	19.014	18.267	415.42	415.34
05:51:24	21.989	22.817	23.169	26.833	19.012	18.271	415.42	415.34
05:52:25	21.99	22.821	23.164	27.12	19.009	18.268	415.42	415.34
05:53:24	21.991	22.823	23.158	27.732	19.014	18.274	415.42	415.34
05:54:24	21.992	22.823	23.181	28.125	19.017	18.27	415.42	415.34
05:55:24	21.993	22.826	23.218	28.299	19.018	18.274	415.42	415.34
05:56:24	21.994	22.826	23.265	28.052	19.021	18.274	415.42	415.34
05:57:25	21.996	22.827	23.238	27.579	19.02	18.277	415.42	415.34
05:58:24	21.997	22.829	23.219	27.42	19.024	18.275	415.42	415.34
05:59:24	21.998	22.83	23.163	27.315	19.021	18.275	415.42	415.34
06:00:24	22.0	22.832	23.141	27.138	19.027	18.276	415.42	415.34
06:01:25	22.001	22.832	23.114	27.411	19.024	18.279	415.42	415.34
06:02:26	22.001	22.833	23.192	27.549	19.021	18.277	415.42	415.34
06:03:25	22.003	22.835	23.189	27.484	19.017	18.277	415.42	415.34
06:04:24	22.003	22.835	23.35	26.987	19.014	18.28	415.42	415.34
06:05:25	22.004	22.835	23.255	26.766	19.02	18.276	415.42	415.34
06:06:25	22.005	22.836	23.198	26.747	19.02	18.277	415.42	415.34
06:07:25	22.007	22.837	23.125	26.941	19.016	18.281	415.42	415.34
06:08:25	22.007	22.837	23.122	26.833	19.013	18.278	415.42	415.34
06:09:25	22.007	22.837	23.077	26.847	19.012	18.282	415.42	415.34
06:10:25	22.009	22.838	23.071	27.076	19.008	18.277	415.42	415.34
06:11:25	22.01	22.839	23.127	26.762	19.016	18.281	415.42	415.34
06:12:25	22.009	22.838	23.118	26.725	19.019	18.281	415.42	415.34
06:13:25	22.01	22.839	23.284	26.371	19.02	18.282	415.42	415.34
06:14:25	22.012	22.84	23.295	26.032	19.022	18.283	415.42	415.34
06:15:25	22.013	22.84	23.165	26.154	19.019	18.281	415.42	415.34
06:16:25	22.013	22.84	23.114	26.554	19.023	18.283	415.42	415.34
06:17:25	22.014	22.84	23.122	26.612	19.024	18.284	415.42	415.34
06:18:25	22.014	22.842	23.107	26.531	19.026	18.283	415.42	415.34
06:19:25	22.015	22.843	23.074	26.573	19.02	18.282	415.42	415.34
06:20:25	22.016	22.842	23.067	26.687	19.026	18.283	415.42	415.34
06:21:25	22.016	22.842	23.058	27.183	19.027	18.282	415.42	415.34
06:22:25	22.018	22.842	23.082	27.64	19.03	18.284	415.42	415.34
06:23:25	22.018	22.842	0.0	27.926	19.033	18.285	415.42	415.34
06:24:25	22.018	22.844	23.131	27.98	19.037	18.284	415.42	415.34
06:25:25	22.02	22.845	23.142	27.821	19.033	18.285	415.42	415.34
06:26:25	22.021	22.844	23.121	27.751	19.034	18.288	415.42	415.34
06:27:25	22.024	22.846	23.112	27.648	19.029	18.285	415.42	415.34
06:28:25	22.024	22.846	23.101	27.759	19.027	18.289	415.42	415.34
06:29:25	22.024	22.848	23.119	27.889	19.03	18.291	415.42	415.34
06:30:25	22.026	22.849	23.155	27.941	19.029	18.289	415.42	415.34
06:31:25	22.027	22.851	23.11	27.877	19.031	18.289	415.42	415.34
06:32:25	22.029	22.852	23.112	27.45	19.025	18.292	415.42	415.34
06:33:25	22.029	22.853	23.088	27.191	19.029	18.293	415.42	415.34
06:34:25	22.03	22.854	23.082	27.209	19.03	18.294	415.42	415.34
06:35:25	22.031	22.854	23.085	27.171	19.033	18.293	415.42	415.34
06:36:25	22.031	22.855	23.081	27.439	19.03	18.293	415.42	415.34
06:37:25	22.034	22.855	23.101	27.387	19.03	18.293	415.42	415.34
06:38:25	22.035	22.856	23.092	27.257	19.031	18.292	415.42	415.34
06:39:25	22.035	22.857	23.088	27.107	19.031	18.293	415.42	415.34
06:40:25	22.036	22.857	23.082	27.014	19.033	18.296	415.42	415.34
06:41:25	22.038	22.858	23.031	27.449	19.033	18.298	415.42	415.34
06:42:25	22.038	22.858	23.031	27.625	19.038	18.296	415.42	415.34
06:43:25	22.039	22.858	23.036	27.899	19.034	18.296	415.42	415.34
06:44:26	22.039	22.86	23.066	28.003	19.037	18.298	415.42	415.34
06:45:25	22.04	22.86	23.093	27.891	19.032	18.296	415.42	415.34
06:46:25	22.041	22.86	23.097	27.968	19.03	18.296	415.42	415.34
06:47:25	22.042	22.859	23.117	27.964	19.026	18.3	415.42	415.34
06:48:25	22.043	22.861	23.137	28.148	19.03	18.297	415.42	415.34
06:49:25	22.045	22.86	23.168	28.46	19.03	18.299	415.42	415.34
06:50:24	22.044	22.862	23.179	28.667	19.031	18.3	415.42	415.34
06:51:25	22.045	22.861	23.151	28.689	19.033	18.297	415.42	415.34
06:52:25	22.047	22.861	23.164	28.46	19.03	18.3	415.42	415.34
06:53:25	22.048	22.862	23.156	28.371	19.028	18.299	415.42	415.34
06:54:25	22.049	22.864	23.146	28.165	19.034	18.301	415.42	415.34
06:55:25	22.05	22.863	23.137	27.935	19.035	18.3	415.42	415.34
06:56:25	22.05	22.864	23.162	28.195	19.037	18.302	415.42	415.34
06:57:25	22.05	22.865	23.175	28.327	19.033	18.301	415.42	415.34
06:58:25	22.051	22.864	23.201	28.02	19.034	18.302	415.42	415.34
06:59:25	22.053	22.864	23.176	27.686	19.032	18.301	415.42	415.34
07:00:25	22.053	22.866	23.154	27.803	19.031	18.306	415.42	415.34
07:01:25	22.055	22.867	23.171	27.789	19.037	18.303	415.42	415.34
07:02:25	22.055	22.867	23.198	27.813	19.04	18.305	415.42	415.34
07:03:25	22.057	22.866	23.201	28.016	19.04	18.304	415.42	415.34
07:04:25	22.057	22.867	23.213	28.02	19.036	18.305	415.42	415.34
07:05:25	22.059	22.867	23.213	27.707	19.04	18.31	415.42	415.34
07:06:25	22.058	22.869	23.196	27.419	19.042	18.305	415.42	415.34
07:07:25	22.059	22.869	23.152	27.222	19.043	18.308	415.42	415.34
07:08:25	0.0	22.87	23.135	27.196	19.042	18.308	415.42	415.34
07:09:25	22.06	22.87	23.114	27.218	19.04	18.308	415.42	415.34
07:10:25	22.063	22.872	23.122	27.429	19.038	18.31	415.42	415.34
07:11:25	22.063	22.872	23.132	27.525	19.039	18.306	415.42	415.34
07:12:25	22.064	22.872	23.132	27.558	19.038	18.309	415.42	415.34
07:13:25	22.064	22.872	23.136	27.608	19.037	18.309	415.42	415.34
07:14:25	22.066	22.871	23.141	27.384	19.033	18.308	415.42	415.34
07:15:25	22.066	22.872	23.129	27.331	19.033	18.31	415.42	415.34
07:16:25	22.067	22.872	23.14	27.193	19.036	18.31	415.42	415.34
07:17:25	22.068	22.872	23.112	27.477	19.034	0.0	415.42	415.34
07:18:25	22.068	22.871	23.09	27.476	19.043	18.311	415.42	415.34
07:19:25	22.068	22.872	23.087	27.788	19.04	18.31	415.42	415.34
07:20:25	22.069	22.871	23.063	27.811	19.041	18.308	415.42	415.34
07:21:25	22.07	22.872	23.103	27.732	19.042	18.31	415.42	415.34
07:22:25	22.071	22.872	23.1	27.626	19.04	18.312	415.42	415.34
07:23:25	22.072	22.874	23.099	27.459	19.037	18.311	415.42	415.34
07:24:25	22.072	22.874	23.098	27.37	19.033	18.314	415.42	415.34
07:25:25	22.073	22.874	23.146	27.059	19.04	18.312	415.42	415.34
07:26:25	22.074	22.874	23.133	26.965	19.042	18.312	415.42	415.34
07:27:25	22.075	22.874	23.112	26.851	19.04	18.315	415.42	415.34
07:28:25	22.075	22.873	23.085	26.678	19.04	18.313	415.42	415.34
07:29:25	22.075	22.875	23.064	26.949	19.039	18.313	415.42	415.34
07:30:25	22.076	22.874	23.052	27.095	19.041	18.313	415.42	415.34
07:31:25	22.078	22.875	23.089	27.166	19.041	18.315	415.42	415.34
07:32:25	22.079	22.876	23.088	26.809	19.038	18.313	415.42	415.34
07:33:25	22.079	22.876	23.07	26.622	19.041	18.316	415.42	415.34
07:34:25	22.08	22.878	23.049	26.531	19.043	18.315	415.42	415.34
07:35:25	22.08	22.879	23.048	26.65	19.046	18.316	415.42	415.34
07:36:25	22.081	22.88	23.041	26.936	19.043	18.316	415.42	415.34
07:37:25	22.082	22.88	23.034	27.483	19.039	18.316	415.42	415.34
07:38:25	22.081	22.88	23.089	28.042	19.04	18.318	415.42	415.34
07:39:25	22.084	22.882	0.0	28.347	19.037	18.319	415.42	415.34
07:40:25	22.085	22.882	23.178	28.092	19.039	18.318	415.42	415.34
07:41:25	22.084	22.883	23.149	27.772	19.04	18.321	415.42	415.34
07:42:27	22.086	22.883	23.118	27.678	19.043	18.319	415.42	415.34
07:43:25	22.087	22.885	23.117	27.558	19.04	18.321	415.42	415.34
07:44:26	22.087	22.885	23.103	27.54	19.042	18.321	415.42	415.34
07:45:25	22.087	22.886	23.123	27.437	19.045	18.319	415.42	415.34
07:46:25	22.089	22.885	23.12	27.495	19.046	18.32	415.42	415.34
07:47:25	22.09	22.888	23.122	27.211	19.041	18.322	415.42	415.34
07:48:25	22.09	22.887	23.098	27.165	19.043	18.322	415.42	415.34
07:49:25	22.091	22.889	23.147	26.859	19.043	18.321	415.42	415.34
07:50:25	22.092	22.887	23.105	27.026	19.04	18.324	415.42	415.34
07:51:25	22.092	22.889	23.056	27.194	19.039	18.322	415.42	415.34
07:52:25	22.094	22.889	23.028	27.521	19.042	18.324	415.42	415.34
07:53:25	22.095	22.891	23.05	27.341	19.046	18.327	415.42	415.34
07:54:27	22.096	22.893	23.06	27.098	19.053	18.325	415.42	415.34
07:55:25	22.098	22.893	23.063	26.802	19.051	18.328	415.42	415.34
07:56:25	22.098	22.894	23.047	26.761	19.051	18.325	415.42	415.34
07:57:25	22.099	22.895	23.041	26.813	19.049	18.329	415.42	415.34
07:58:25	22.099	22.896	23.006	26.892	19.049	18.329	415.42	415.34
07:59:25	22.101	22.9	23.031	26.967	19.049	18.331	415.42	415.34
08:00:25	22.102	22.899	23.077	27.482	19.048	18.331	415.42	415.34
08:01:25	22.102	22.9	23.12	27.365	19.044	18.331	415.42	415.34
08:02:25	22.102	22.901	23.117	27.125	19.047	18.329	415.42	415.34
08:03:25	22.103	22.9	23.12	27.131	19.051	18.33	415.42	415.34
08:04:25	22.104	22.901	23.087	27.224	19.05	18.332	415.42	415.34
08:05:25	22.104	22.9	23.082	27.427	19.05	18.33	415.42	415.34
08:06:25	22.105	22.899	23.14	27.845	19.051	18.333	415.42	415.34
08:07:25	22.106	22.899	23.165	28.067	19.052	18.332	415.42	415.34
08:08:25	22.106	22.9	23.208	28.519	19.054	18.33	415.42	415.34
08:09:25	22.108	22.901	23.217	28.225	19.051	18.332	415.42	415.34
08:10:25	22.107	22.9	23.216	27.997	19.054	18.333	415.42	415.34
08:11:25	22.11	22.901	23.197	27.694	19.056	18.331	415.42	415.34
08:12:25	22.11	22.902	23.168	27.53	19.054	18.335	415.42	415.34
08:13:25	22.112	22.902	23.151	27.352	19.052	18.335	415.42	415.34
08:14:25	22.112	22.902	23.14	27.448	19.056	18.334	415.42	415.34
08:15:25	22.112	22.903	23.099	27.582	19.056	18.332	415.42	415.34
08:16:25	22.113	22.903	23.103	27.727	19.051	18.334	415.42	415.34
08:17:25	22.113	22.904	23.1	27.492	19.05	18.336	415.42	415.34
08:18:25	22.114	22.905	23.129	27.481	19.048	18.335	415.42	415.34
08:19:25	22.116	22.905	23.146	27.296	19.053	18.337	415.42	415.34
08:20:25	22.116	22.906	23.116	27.37	19.051	18.336	415.42	415.34
08:21:25	22.116	22.907	23.121	27.392	19.049	18.339	415.42	415.34
08:22:25	22.117	22.905	23.109	27.354	19.052	18.336	415.42	415.34
08:23:25	22.117	22.908	23.112	27.079	19.052	18.34	415.42	415.34
08:24:25	22.119	22.907	23.089	27.21	19.057	18.339	415.42	415.34
08:25:25	22.119	22.907	23.065	27.592	19.057	18.338	415.42	415.34
08:26:25	22.12	22.909	23.058	27.606	19.058	18.34	415.42	415.34
08:27:25	22.122	22.911	23.074	27.596	19.052	18.342	415.42	415.34
08:28:25	22.122	22.911	23.086	27.532	19.057	18.34	415.42	415.34
08:29:25	22.122	22.913	23.071	27.386	19.059	18.341	415.42	415.34
08:30:26	22.122	22.913	23.078	27.103	19.056	18.341	415.42	415.34
08:31:25	22.124	22.912	23.068	27.069	19.06	18.343	415.42	415.34
08:32:25	22.125	22.914	23.081	26.958	19.064	18.343	415.42	415.34
08:33:25	22.126	22.913	23.095	27.138	19.065	18.342	415.42	415.34
08:34:25	22.126	22.915	23.119	27.532	19.069	18.345	415.42	415.34
08:35:25	22.127	22.915	23.144	27.917	19.068	18.345	415.42	415.34
08:36:25	22.128	22.916	23.164	28.258	19.062	18.346	415.42	415.34
08:37:25	22.129	22.916	23.176	28.28	19.065	18.345	415.42	415.34
08:38:25	22.129	22.917	23.161	28.069	19.065	18.346	415.42	415.34
08:39:25	22.131	22.917	23.151	27.79	19.064	18.349	415.42	415.34
08:40:25	22.131	22.918	23.136	27.577	19.066	18.347	415.42	415.34
08:41:25	22.131	22.918	23.103	27.481	19.062	18.345	415.42	415.34
08:42:25	22.132	22.92	23.084	27.516	19.062	18.348	415.42	415.34
08:43:25	22.133	22.92	23.093	27.819	19.064	18.347	415.42	415.34
08:44:25	22.133	22.923	23.128	27.87	19.066	18.35	415.42	415.34
08:45:25	22.136	22.922	23.124	27.724	19.061	18.351	415.42	415.34
08:46:25	22.136	22.924	23.138	27.495	19.063	18.35	415.42	415.34
08:47:26	22.138	22.926	23.138	27.392	19.061	18.353	415.42	415.34
08:48:25	22.138	22.926	23.11	27.268	19.063	18.352	415.42	415.34
08:49:25	22.138	22.927	23.096	27.385	19.064	18.351	415.42	415.34
08:50:25	22.138	22.926	23.116	27.653	19.064	18.353	415.42	415.34
08:51:25	22.139	22.926	23.133	27.8	19.065	18.353	415.42	415.34
08:52:25	22.141	22.927	23.143	27.831	19.068	18.353	415.42	415.34
08:53:25	22.142	22.928	23.179	27.725	0.0	18.352	415.42	415.34
08:54:25	22.142	22.929	23.166	27.509	19.068	18.355	415.42	415.34
08:55:25	22.142	22.93	23.149	27.572	19.075	18.36	415.42	415.34
08:56:25	22.144	22.931	23.154	27.612	19.078	18.356	415.42	415.34
08:57:25	22.145	22.933	23.151	27.474	19.083	18.358	415.42	415.34
08:58:25	22.147	22.934	23.134	27.694	19.085	18.353	415.42	415.34
08:59:25	22.147	22.934	23.157	27.578	19.084	18.361	415.42	415.34
09:00:25	22.147	22.935	23.172	27.451	19.082	18.361	415.42	415.34
09:01:25	22.148	22.935	23.18	27.036	19.079	18.359	415.42	415.34
09:02:25	22.149	22.937	23.185	26.945	19.074	18.359	415.42	415.34
09:03:25	22.149	22.937	23.142	27.237	19.077	18.362	415.42	415.34
09:04:25	22.151	22.937	23.104	27.63	19.072	18.361	415.42	415.34
09:05:25	22.15	22.939	23.126	27.713	19.072	18.363	415.42	415.34
09:06:25	22.152	22.939	23.133	27.828	19.069	18.361	415.42	415.34
09:07:25	22.152	22.939	23.143	27.865	19.074	18.361	415.42	415.34
09:08:25	22.153	22.94	23.143	27.971	19.074	18.365	415.42	415.34
09:09:25	22.153	22.94	23.16	27.761	19.075	18.365	415.42	415.34
09:10:27	22.155	22.942	23.189	27.495	19.079	18.364	415.42	415.34
09:11:25	22.155	22.941	23.19	27.33	19.074	18.362	415.42	415.34
09:12:26	22.156	22.941	23.19	27.349	19.076	18.362	415.42	415.34
09:13:25	0.0	22.942	23.195	27.671	19.083	18.364	415.42	415.34
09:14:25	22.156	22.942	23.207	27.753	19.081	18.365	415.42	415.34
09:15:25	22.158	22.943	23.182	27.941	19.084	18.365	415.42	415.34
09:16:25	22.159	22.943	23.159	27.665	19.081	18.366	415.42	415.34
09:17:25	22.159	22.943	23.181	27.409	19.076	18.365	415.42	415.34
09:18:25	22.159	22.945	23.145	27.177	19.077	18.363	415.42	415.34
09:19:25	22.161	22.944	23.145	26.978	19.072	18.365	415.42	415.34
09:20:25	22.162	22.945	23.112	27.178	19.072	18.366	415.42	415.34
09:21:25	22.161	22.944	23.125	26.986	19.072	18.365	415.42	415.34
09:22:25	22.163	22.946	23.159	26.846	19.077	18.368	415.42	415.34
09:23:25	22.163	22.946	23.119	26.881	19.083	18.367	415.42	415.34
09:24:25	22.164	22.948	23.086	27.261	19.089	18.367	415.42	415.34
09:25:25	22.166	22.949	23.046	27.719	19.089	18.37	415.42	415.34
09:26:25	22.166	22.949	23.052	27.94	19.087	18.371	415.42	415.34
09:27:25	22.166	22.95	23.102	27.861	19.079	18.367	415.42	415.34
09:28:25	22.168	22.95	23.141	27.548	19.081	18.371	415.42	415.34
09:29:25	22.168	22.95	23.149	27.525	19.083	18.372	415.42	415.34
09:30:25	22.169	22.952	23.141	27.379	19.083	18.372	415.42	415.34
09:31:25	22.169	22.952	23.149	27.497	19.087	18.372	415.42	415.34
09:32:25	22.171	22.954	23.161	27.409	19.085	18.371	415.42	415.34
09:33:25	22.17	22.954	23.172	27.767	19.082	18.375	415.42	415.34
09:34:25	22.172	22.955	23.216	28.466	19.084	18.37	415.42	415.34
09:35:25	22.172	22.956	23.246	28.714	19.085	18.374	415.42	415.34
09:36:25	22.173	22.956	23.241	28.586	19.08	18.375	415.42	415.34
09:37:25	22.175	22.957	23.248	28.046	19.084	18.373	415.42	415.34
09:38:25	22.175	22.957	23.212	27.732	19.087	18.375	415.42	415.34
09:39:25	22.176	22.958	23.193	27.653	19.087	18.377	415.42	415.34
09:40:25	22.176	22.96	23.189	27.937	19.094	18.376	415.42	415.34
09:41:25	22.179	22.962	23.18	27.959	19.095	18.379	415.42	415.34
09:42:25	22.179	22.963	23.188	27.921	19.097	18.38	415.42	415.34
09:43:25	22.181	22.965	23.215	27.737	19.099	18.382	415.42	415.34
09:44:25	22.18	22.966	23.197	27.607	19.098	18.378	415.42	415.34
09:45:25	22.182	22.966	23.212	27.457	19.096	18.381	415.42	415.34
09:46:25	22.182	22.966	23.186	27.425	19.094	18.38	415.42	415.34
09:47:25	22.184	22.967	23.187	27.369	19.096	18.382	415.42	415.34
09:48:27	22.183	22.968	23.223	27.306	19.098	18.381	415.42	415.34
09:49:25	22.184	22.968	23.203	27.274	19.099	18.384	415.42	415.34
09:50:25	22.185	22.969	23.165	27.094	19.1	18.382	415.42	415.34
09:51:25	22.186	22.969	23.166	26.989	19.099	18.381	415.42	415.34
09:52:25	22.186	22.969	23.124	27.255	19.095	18.383	415.42	415.34
09:53:25	22.187	22.969	23.118	27.54	19.092	18.384	415.42	415.34
09:54:25	22.188	22.97	23.128	27.427	19.093	18.384	415.42	415.34
09:55:25	22.189	22.97	23.142	27.268	19.092	18.385	415.42	415.34
09:56:25	22.191	22.971	23.151	27.242	19.098	18.383	415.42	415.34
09:57:25	22.191	22.972	23.156	27.313	19.098	18.386	0.0	415.34
09:58:25	22.19	22.972	23.144	27.475	19.099	18.387	415.42	415.34
09:59:25	22.191	22.974	23.167	27.772	19.096	18.387	415.42	415.34
10:00:25	22.193	22.974	23.178	28.056	19.095	18.387	415.42	415.34
10:01:25	22.194	22.975	23.182	28.365	19.097	18.388	415.42	415.34
10:02:25	22.194	22.976	23.19	28.584	19.1	18.389	415.42	415.34
10:03:25	22.194	22.976	23.201	28.451	19.099	18.386	415.42	415.34
10:04:25	22.196	22.977	23.209	27.916	19.098	18.389	415.42	415.34
10:05:25	22.197	22.978	23.185	27.63	19.104	18.39	415.42	415.34
10:06:25	22.197	22.979	23.181	27.429	19.105	18.39	415.42	415.34
10:07:25	22.198	22.98	23.17	27.54	19.105	18.392	415.42	415.34
10:08:25	22.199	22.981	23.189	27.768	19.104	18.392	415.42	415.34
10:09:25	22.199	22.982	23.21	27.809	19.104	18.39	415.42	415.34
10:10:25	22.201	22.983	23.229	28.038	19.104	18.394	415.42	415.34
10:11:25	22.201	22.982	23.215	28.061	19.103	18.391	415.42	415.34
10:12:25	22.202	22.984	23.222	27.727	19.106	18.394	415.42	415.34
10:13:25	22.203	22.985	23.239	27.685	19.103	18.393	415.42	415.34
10:14:25	22.203	22.985	23.24	27.663	19.099	18.393	415.42	415.34
10:15:25	22.204	22.983	23.239	27.852	19.1	18.391	415.42	415.34
10:16:25	22.205	22.986	23.257	27.78	19.103	18.395	415.42	415.34
10:17:25	22.205	22.986	23.247	27.812	19.104	18.395	415.42	415.34
10:18:25	22.207	22.987	23.243	27.913	19.103	18.394	415.42	415.34
10:19:25	22.207	22.987	23.253	27.715	19.108	18.395	415.42	415.34
10:20:26	22.209	22.987	23.243	27.685	19.106	18.394	415.42	415.34
10:21:25	0.0	22.99	23.223	27.701	19.108	18.398	415.42	415.34
10:22:25	22.21	22.989	23.203	27.726	19.112	18.398	415.42	415.34
10:23:25	22.21	22.991	23.236	27.806	19.109	18.399	415.42	415.34
10:24:25	22.211	22.991	23.216	28.084	19.113	18.398	415.42	415.34
10:25:25	22.212	22.992	23.243	27.943	19.112	18.398	415.42	415.34
10:26:25	22.211	22.992	23.262	27.99	19.114	18.397	415.42	415.34
10:27:25	22.213	22.993	23.285	27.951	19.116	18.402	415.42	415.34
10:28:25	22.214	22.996	23.302	27.865	19.114	18.4	415.42	415.34
10:29:25	22.215	22.996	23.297	27.817	19.115	18.402	415.42	415.34
10:30:27	22.217	22.996	23.321	0.0	19.117	18.401	415.42	415.34
10:31:25	22.217	22.998	23.305	27.821	19.118	18.402	415.42	415.34
10:32:25	22.217	22.998	23.322	27.728	19.118	18.401	415.42	415.34
10:33:25	22.218	22.999	23.323	27.553	19.118	18.403	415.42	415.34
10:34:25	22.219	22.999	23.299	27.553	19.118	18.405	415.42	415.34
10:35:25	22.219	23.001	23.289	27.365	19.118	18.403	415.42	415.34
10:36:25	22.22	23.001	23.268	27.403	19.112	18.406	415.42	415.34
10:37:26	22.221	23.001	23.267	27.68	19.116	18.403	415.42	415.34
10:38:26	22.221	23.001	23.291	27.846	19.116	18.406	415.42	415.34
10:39:26	22.222	23.002	23.295	27.682	19.116	18.404	415.42	415.34
10:40:26	22.223	23.004	23.403	27.466	19.114	18.405	415.42	415.34
10:41:26	22.224	23.004	23.35	27.233	19.112	18.408	415.42	415.34
10:42:26	22.225	23.005	23.279	27.403	19.114	18.403	415.42	415.34
10:43:26	22.226	23.005	23.247	27.819	19.114	18.406	415.42	415.34
10:44:26	22.227	23.005	23.252	28.277	19.117	18.407	415.42	415.34
10:45:26	22.227	23.005	23.257	28.201	19.118	18.408	415.42	415.34
10:46:26	22.227	23.006	23.302	28.161	19.116	18.408	415.42	415.34
10:47:26	22.229	23.007	23.34	27.711	19.114	18.408	415.42	415.34
10:48:26	22.229	23.007	23.52	27.24	19.123	18.408	415.42	415.34
10:49:26	22.23	23.008	23.446	26.963	19.122	18.409	415.42	415.34
10:50:26	22.231	23.008	23.348	26.935	19.119	18.409	415.42	415.34
10:51:26	22.233	23.011	23.31	27.219	19.124	18.413	415.42	415.34
10:52:26	22.233	23.011	23.308	27.349	19.125	18.413	415.42	415.34
10:53:26	22.233	23.014	23.298	27.821	19.13	18.412	415.42	415.34
10:54:26	22.235	23.017	23.335	28.151	19.132	18.417	415.42	415.34
10:55:26	22.236	23.018	23.355	28.299	19.137	18.416	415.42	415.34
10:56:26	22.237	23.019	23.335	28.213	19.135	18.417	415.42	415.34
10:57:26	22.238	23.02	23.304	27.853	19.133	18.417	415.42	415.34
10:58:26	22.24	23.021	23.298	27.594	19.128	18.417	415.42	415.34
10:59:26	22.239	23.022	23.326	27.41	19.126	18.421	415.42	415.34
11:00:26	22.24	23.022	23.273	27.255	19.129	18.417	415.42	415.34
11:01:26	22.24	23.023	23.276	27.392	19.129	18.419	415.42	415.34
11:02:26	22.242	23.024	23.293	27.43	19.135	18.417	415.42	415.34
11:03:26	22.243	23.023	23.304	27.453	19.13	18.421	415.42	415.34
11:04:26	22.244	23.025	23.294	27.286	19.126	18.422	415.42	415.34
11:05:26	22.245	23.025	23.308	27.368	19.13	18.419	415.42	415.34
11:06:26	22.245	23.027	23.321	27.204	19.135	18.421	415.42	415.34
11:07:26	22.247	23.027	23.295	27.349	19.135	18.422	415.42	415.34
11:08:26	22.246	23.028	23.288	27.197	19.137	18.423	415.42	415.34
11:09:26	22.248	23.028	23.314	26.974	19.134	18.424	415.42	415.34
11:10:26	22.247	23.029	23.32	27.013	19.139	18.423	415.42	415.34
11:11:26	22.249	23.03	23.254	27.615	19.143	18.424	415.42	415.34
11:12:26	22.25	23.031	23.248	27.802	19.14	18.425	415.42	415.34
11:13:26	22.25	23.032	23.235	27.758	19.136	18.427	415.42	415.34
11:14:27	22.251	23.033	23.251	27.708	19.137	18.424	415.42	415.34
11:15:26	22.252	23.034	23.261	27.665	19.138	18.428	415.42	415.34
11:16:27	22.254	23.037	23.285	27.434	19.14	18.426	415.42	415.34
11:17:26	22.255	23.037	23.276	27.224	19.14	18.429	415.42	415.34
11:18:26	22.255	23.038	23.256	27.029	19.145	18.428	415.42	415.34
11:19:26	22.256	23.038	23.251	26.855	19.142	18.43	415.42	415.34
11:20:26	22.257	23.039	23.23	26.993	19.143	18.432	415.42	415.34
11:21:26	22.258	23.04	23.248	27.488	19.137	18.431	415.42	415.34
11:22:26	22.258	23.041	23.298	27.919	19.138	18.432	415.42	415.34
11:23:26	0.0	23.041	23.345	28.557	19.139	18.43	415.42	415.34
11:24:26	22.26	23.042	23.331	28.654	19.139	18.431	415.42	415.34
11:25:26	22.261	23.04	23.321	28.589	19.137	18.429	415.42	415.34
11:26:26	22.261	23.042	23.315	28.271	19.139	18.434	415.42	415.34
11:27:26	22.263	23.043	23.279	27.982	19.138	18.434	415.42	415.34
11:28:26	22.264	23.044	23.263	27.57	19.143	18.434	415.42	415.34
11:29:26	22.263	23.045	23.278	27.755	19.142	18.432	415.42	415.34
11:30:26	22.265	23.046	23.303	27.894	19.146	18.433	415.42	415.34
11:31:26	22.267	23.047	23.323	28.093	19.145	18.439	415.42	415.34
11:32:26	22.267	23.047	23.311	27.842	19.141	18.437	415.42	415.34
11:33:26	22.268	23.048	23.31	27.575	19.143	18.438	415.42	415.34
11:34:26	22.269	23.049	23.301	27.309	19.146	18.437	415.42	415.34
11:35:26	22.271	23.051	23.33	27.21	19.149	18.438	415.42	415.34
11:36:26	22.271	23.053	23.295	27.303	19.152	18.44	415.42	415.34
11:37:26	22.272	23.053	23.269	27.611	19.15	18.436	415.42	415.34
11:38:26	22.272	23.053	23.251	27.63	19.154	18.439	415.42	415.34
11:39:26	22.273	23.054	23.285	27.505	19.156	18.44	415.42	415.34
11:40:26	22.274	23.055	23.292	27.611	19.152	18.441	415.42	415.34
11:41:26	22.276	23.055	23.284	27.721	19.153	18.443	415.42	415.34
11:42:26	22.276	23.057	23.295	27.691	19.151	18.44	415.42	415.34
11:43:26	22.277	23.057	23.296	27.908	19.15	18.445	415.42	415.34
11:44:26	22.278	23.059	23.309	27.922	19.15	18.445	415.42	415.34
11:45:26	22.277	23.059	23.342	27.871	19.158	18.443	415.42	415.34
11:46:26	22.279	23.059	23.343	27.663	19.16	18.445	415.42	415.34
11:47:26	22.279	23.059	23.359	27.556	19.156	18.443	415.42	415.34
11:48:26	22.28	23.06	23.344	27.561	19.159	18.446	415.42	415.34
11:49:26	22.282	23.061	23.323	27.811	19.159	18.445	415.42	415.34
11:50:26	22.282	23.062	23.342	28.278	19.159	18.448	415.42	415.34
11:51:26	22.283	23.062	23.344	28.672	19.162	18.445	415.42	415.34
11:52:26	22.284	23.063	23.342	28.763	19.163	18.446	415.42	415.34
11:53:26	22.285	23.065	23.358	28.621	19.166	18.451	415.42	415.34
11:54:26	22.286	23.066	23.365	28.492	19.16	18.45	415.42	415.34
11:55:26	22.286	23.066	23.427	27.908	19.159	18.451	415.42	415.34
11:56:26	22.288	23.068	23.398	27.802	19.163	18.45	415.42	415.34
11:57:26	22.288	23.067	23.42	27.569	19.161	18.452	415.42	415.34
11:58:26	22.29	23.068	23.455	27.544	19.163	18.45	415.42	415.34
11:59:26	22.29	23.069	23.38	27.819	19.163	18.451	415.42	415.34
12:00:26	22.291	23.07	23.342	27.89	19.164	18.454	415.42	415.34
12:01:26	22.292	23.072	23.35	28.239	19.169	18.453	415.42	415.34
12:02:26	22.293	23.073	23.328	28.241	19.171	18.454	415.42	415.34
12:03:26	22.294	23.073	23.335	28.131	19.17	18.455	415.42	415.34
12:04:26	22.294	23.074	23.353	27.614	19.171	18.454	415.42	415.34
12:05:26	22.295	23.074	23.441	27.205	19.175	18.457	415.42	415.34
12:06:26	22.296	23.077	23.42	26.74	19.176	18.455	415.42	415.34
12:07:26	22.296	23.077	23.351	26.881	19.178	18.456	415.42	415.34
12:08:26	22.296	23.078	23.285	27.065	19.169	18.455	415.42	415.34
12:09:26	22.299	23.078	23.25	27.417	19.169	18.459	415.42	415.34
12:10:26	22.298	23.078	23.272	27.486	19.165	18.46	415.42	415.34
12:11:26	22.3	23.08	23.333	27.141	19.17	18.461	415.42	415.34
12:12:26	22.302	23.081	23.402	27.023	19.173	18.46	415.42	415.34
12:13:26	22.302	23.081	23.355	26.814	19.172	18.46	415.42	415.34
12:14:26	22.303	23.082	23.315	26.871	19.176	18.46	415.42	415.34
12:15:26	22.303	23.083	23.262	27.378	19.179	18.461	415.42	415.34
12:16:26	22.304	23.083	23.245	27.612	19.177	18.461	415.42	415.34
12:17:26	22.305	23.084	23.263	27.604	19.179	18.463	415.42	415.34
12:18:26	22.307	23.085	23.262	27.621	19.181	18.464	415.42	415.34
12:19:26	22.307	23.087	23.277	27.796	19.181	18.462	415.42	415.34
12:20:26	22.307	23.088	23.315	27.655	19.177	18.463	415.42	415.34
12:21:26	22.309	23.088	23.327	27.596	19.178	18.465	415.42	415.34
12:22:26	22.311	23.089	23.341	27.599	19.179	18.465	415.42	415.34
12:23:26	22.31	23.09	23.331	27.609	19.175	18.463	415.42	415.34
12:24:26	22.312	23.091	23.302	27.901	19.177	18.466	415.42	415.34
12:25:26	22.312	23.093	23.273	27.948	19.179	18.469	415.42	415.34
12:26:26	22.313	23.092	23.265	28.12	19.18	18.468	415.42	415.34
12:27:26	22.315	23.094	23.268	27.952	19.181	18.467	415.42	415.34
12:28:26	22.315	23.095	23.291	27.778	19.181	18.469	415.42	415.34
12:29:26	22.316	23.093	23.356	27.507	19.181	18.466	415.42	415.34
12:30:26	22.317	23.095	23.338	27.683	19.175	18.469	415.42	415.34
12:31:26	22.318	23.094	23.331	27.591	19.174	18.472	415.42	415.34
12:32:26	22.319	23.093	23.322	27.642	19.176	18.467	415.42	415.34
12:33:26	22.319	23.094	23.31	27.663	19.178	18.468	415.42	415.34
12:34:26	22.319	23.094	23.31	27.446	19.182	18.467	415.42	415.34
12:35:26	22.32	23.096	23.309	27.331	19.182	18.471	415.42	415.34
12:36:26	22.32	23.095	23.304	27.258	19.182	18.469	415.42	415.34
12:37:26	22.322	23.096	23.289	27.54	19.186	18.472	415.42	415.34
12:38:26	22.323	23.098	23.263	27.63	19.187	18.471	415.42	415.34
12:39:26	22.322	23.098	23.267	27.594	19.187	18.47	415.42	415.34
12:40:26	22.325	23.098	23.297	27.707	19.186	18.473	415.42	415.34
12:41:26	22.326	23.099	23.325	27.462	19.186	18.47	415.42	415.34
12:42:28	22.326	23.101	23.312	27.392	19.189	18.477	415.42	415.34
12:43:26	22.327	23.102	23.285	27.473	19.194	18.473	415.42	415.34
12:44:26	22.328	23.103	23.263	27.615	19.188	18.475	415.42	415.34
12:45:26	22.328	23.104	23.257	27.791	19.191	18.474	415.42	415.34
12:46:26	22.33	23.105	23.285	27.92	19.189	18.478	415.42	415.34
12:47:26	22.331	23.105	23.293	28.168	19.189	18.477	415.42	415.34
12:48:26	22.331	23.107	23.342	28.26	19.188	18.479	415.42	415.34
12:49:26	22.332	23.109	23.355	27.994	19.191	18.48	415.42	415.34
12:50:26	22.333	23.109	23.377	27.644	19.198	18.48	415.42	415.34
12:51:26	22.335	23.112	23.382	27.399	19.199	18.478	415.42	415.34
12:52:26	22.336	23.112	23.367	27.272	19.2	18.481	415.42	415.34
12:53:26	22.336	23.113	23.326	27.172	19.196	18.483	415.42	415.34
12:54:26	22.337	23.112	23.318	27.316	19.193	18.481	415.42	415.34
12:55:26	22.338	23.113	23.33	27.738	19.197	18.483	415.42	415.34
12:56:26	22.339	23.115	23.37	27.758	19.193	18.481	415.42	415.34
12:57:26	22.34	23.114	23.37	27.651	19.197	18.482	415.42	415.34
12:58:26	22.34	23.117	23.437	27.357	19.198	18.484	415.42	415.34
12:59:26	22.341	23.118	23.426	27.101	19.2	18.485	415.42	415.34
13:00:26	22.342	23.116	23.361	27.087	19.195	18.488	415.42	415.34
13:01:26	22.342	23.118	23.316	27.618	19.2	18.484	415.42	415.34
13:02:26	22.343	23.119	23.294	27.914	19.198	18.487	415.42	415.34
13:03:26	22.344	23.12	23.282	27.611	19.195	18.486	415.42	415.34
13:04:26	22.345	23.119	23.349	27.343	19.2	18.488	415.42	415.34
13:05:26	22.345	23.121	23.361	27.346	19.201	18.488	415.42	415.34
13:06:26	22.346	23.122	23.323	27.609	19.202	18.489	415.42	415.34
13:07:26	22.349	23.122	23.323	27.511	19.2	18.489	415.42	415.34
13:08:26	22.349	23.122	23.34	27.602	19.201	18.487	415.42	415.34
13:09:26	22.348	23.123	23.372	27.542	19.199	18.489	415.42	415.34
13:10:27	22.349	23.123	23.382	27.72	19.198	18.49	415.42	415.34
13:11:26	22.35	23.124	23.386	27.681	19.197	18.491	415.42	415.34
13:12:26	22.351	23.123	23.378	27.582	19.196	18.491	415.42	415.34
13:13:26	22.351	23.124	23.353	27.652	19.199	18.49	415.42	415.34
13:14:26	22.353	23.125	23.369	27.895	19.199	18.49	415.42	415.34
13:15:27	22.353	23.125	23.396	28.249	19.204	18.49	415.42	415.34
13:16:26	0.0	23.128	23.41	28.588	19.201	18.491	415.42	415.34
13:17:26	22.355	23.127	23.418	28.673	19.197	18.497	415.42	415.34
13:18:26	22.356	23.128	23.4	28.569	19.194	18.494	415.42	415.34
13:19:28	22.357	23.128	23.392	28.109	19.197	18.493	415.42	415.34
13:20:26	22.357	23.128	23.384	27.92	19.197	18.494	415.42	415.34
13:21:26	22.359	23.129	23.362	27.774	19.195	18.491	415.42	415.34
13:22:26	22.359	23.131	23.408	27.653	19.203	18.497	415.42	415.34
13:23:26	22.359	23.131	23.391	27.643	19.204	18.492	415.42	415.34
13:24:26	22.362	23.132	23.371	27.656	19.205	18.496	415.42	415.34
13:25:26	22.361	23.133	23.4	27.496	19.206	18.495	415.42	415.34
13:26:26	22.362	23.133	23.417	27.132	19.206	18.496	415.42	415.34
13:27:26	22.363	23.133	23.468	26.802	19.207	18.496	415.42	415.34
13:28:26	22.363	23.134	23.531	26.663	19.208	18.498	415.42	415.34
13:29:26	22.365	23.135	23.494	26.647	19.21	18.499	415.42	415.34
13:30:26	22.366	23.137	23.419	26.873	19.205	18.497	415.42	415.34
13:31:26	22.367	23.137	23.325	27.461	19.204	18.5	415.42	415.34
13:32:26	22.366	23.138	23.289	27.817	19.207	18.498	415.42	415.34
13:33:26	22.366	23.137	23.308	27.377	19.205	18.499	415.42	415.34
13:34:26	22.366	23.137	23.332	27.379	19.203	18.499	415.42	415.34
13:35:26	22.366	23.138	23.405	27.274	19.205	18.5	415.42	415.34
13:36:26	22.367	23.139	23.378	27.269	19.205	18.502	415.42	415.34
13:37:26	22.369	23.14	23.328	27.517	19.205	18.505	415.42	415.34
13:38:26	22.368	23.141	23.326	27.792	19.213	18.501	415.42	415.34
13:39:26	22.369	23.141	23.335	28.188	19.215	18.503	415.42	415.34
13:40:26	22.369	23.144	23.329	28.067	19.21	18.503	415.42	415.34
13:41:26	22.37	23.142	23.334	28.16	19.209	18.502	415.42	415.34
13:42:26	22.37	23.142	23.33	27.969	19.209	18.504	415.42	415.34
13:43:26	22.372	23.143	23.328	27.9	19.211	18.503	415.42	415.34
13:44:26	22.372	23.144	23.31	27.65	19.214	18.507	415.42	415.34
13:45:26	22.372	23.145	23.318	27.451	19.216	18.504	415.42	415.34
13:46:26	22.374	23.147	23.327	27.618	19.223	18.507	415.42	415.34
13:47:26	22.373	23.147	23.375	27.242	19.222	18.508	415.42	415.34
13:48:26	22.376	23.148	23.382	27.156	19.219	18.505	415.42	415.34
13:49:26	22.376	23.148	23.387	26.976	19.214	18.509	415.42	415.34
13:50:26	22.376	23.149	23.357	26.934	19.209	18.508	415.42	415.34
13:51:26	22.377	23.149	23.319	26.969	19.214	18.51	415.42	415.34
13:52:26	22.379	23.15	23.28	27.151	19.216	18.51	415.42	415.34
13:53:26	22.379	23.151	23.277	27.388	19.213	18.51	415.42	415.34
13:54:26	22.38	23.152	23.324	27.061	19.214	18.512	415.42	415.34
13:55:26	22.381	23.153	23.369	26.911	19.222	18.512	415.42	415.34
13:56:26	22.381	23.153	23.321	26.992	19.224	18.511	415.42	415.34
13:57:26	22.382	23.153	23.273	27.28	19.228	18.514	415.42	415.34
13:58:26	22.382	23.154	23.267	27.275	19.223	18.511	415.42	415.34
13:59:26	22.384	23.156	23.278	27.344	19.222	18.513	415.42	415.34
14:00:26	22.385	23.155	23.289	27.647	19.222	18.515	415.42	415.34
14:01:26	22.385	23.155	23.321	27.788	19.224	18.513	415.42	415.34
14:02:27	22.385	23.155	23.335	28.181	19.225	18.513	415.42	415.34
14:03:26	22.386	23.156	23.366	28.438	19.227	18.516	415.42	415.34
14:04:26	22.387	23.157	23.399	28.059	19.227	18.516	415.42	415.34
14:05:26	22.388	23.158	23.398	27.765	19.226	18.515	415.42	415.34
14:06:26	22.388	23.158	23.351	27.497	19.224	18.518	415.42	415.34
14:07:26	22.39	23.158	23.307	27.426	19.222	18.516	415.42	415.34
14:08:26	22.391	23.158	23.309	27.726	19.223	18.516	415.42	415.34
14:09:26	22.391	23.158	23.288	27.71	19.22	18.515	415.42	415.34
14:10:26	22.392	23.159	23.33	27.657	19.223	18.517	415.42	415.34
14:11:26	22.392	23.16	23.319	27.838	19.223	18.521	415.42	415.34
14:12:26	22.393	23.161	23.339	27.843	19.222	18.519	415.42	415.34
14:13:26	22.393	23.161	23.337	27.769	19.226	18.519	415.42	415.34
14:14:26	22.396	23.161	23.333	27.683	19.225	18.517	415.42	415.34
14:15:26	22.395	23.162	23.347	27.836	19.223	18.519	415.42	415.34
14:16:26	22.395	23.16	23.34	28.057	19.223	18.518	415.42	415.34
14:17:26	22.396	23.161	23.358	27.895	19.226	18.517	415.42	415.34
14:18:26	22.397	23.163	23.349	27.78	19.228	18.523	415.42	415.34
14:19:26	22.399	23.165	23.362	27.455	19.23	18.525	415.42	415.34
14:20:26	22.4	23.165	23.349	27.469	19.226	18.518	415.42	415.34
14:21:26	22.4	23.166	23.341	27.631	19.224	18.525	415.42	415.34
14:22:26	22.401	23.167	23.334	27.661	19.229	18.522	415.42	415.34
14:23:26	22.401	23.168	23.316	27.834	19.233	18.527	415.42	415.34
14:24:26	22.402	23.169	23.327	27.628	19.234	18.525	415.42	415.34
14:25:26	22.403	23.168	23.346	27.364	19.232	18.525	415.42	415.34
14:26:26	22.404	23.17	23.394	27.23	19.235	18.526	415.42	415.34
14:27:26	22.404	23.168	23.354	27.177	19.232	18.524	415.42	415.34
14:28:26	22.405	23.171	23.304	27.274	19.229	18.528	415.42	415.34
14:29:27	22.405	23.169	23.286	27.602	19.229	18.526	415.42	415.34
14:30:26	22.407	23.17	23.328	27.955	19.229	18.526	415.42	415.34
14:31:26	22.407	23.172	23.356	27.992	19.231	18.527	415.42	415.34
14:32:26	22.408	23.172	23.386	28.081	19.233	18.527	415.42	415.34
14:33:26	22.409	23.173	23.416	28.033	19.236	18.53	415.42	415.34
14:34:26	22.41	23.174	23.429	27.678	19.235	18.529	415.42	415.34
14:35:26	22.41	23.175	23.396	27.384	19.236	18.533	415.42	415.34
14:36:26	22.412	23.174	23.42	27.188	19.236	18.531	415.42	415.34
14:37:26	22.412	23.175	23.37	27.28	19.229	18.529	415.42	415.34
14:38:26	22.413	23.175	23.345	27.453	19.232	18.533	415.42	415.34
14:39:26	22.413	23.174	23.329	27.516	19.23	18.53	415.42	0.0
14:40:26	22.414	23.175	23.318	27.619	19.234	18.531	415.42	415.34
14:41:26	22.413	23.177	23.362	27.467	19.235	18.534	415.42	415.34
14:42:26	22.414	23.176	23.385	27.305	19.234	18.535	415.42	415.34
14:43:26	22.415	23.176	23.37	27.18	19.235	18.531	415.42	415.34
14:44:26	22.416	23.177	23.332	27.337	19.24	18.534	415.42	415.34
14:45:26	22.418	23.179	23.288	27.814	19.246	18.535	415.42	415.34
14:46:26	22.418	23.18	23.288	27.995	19.241	18.538	415.42	415.34
14:47:26	22.42	23.181	23.289	27.856	19.241	18.536	415.42	415.34
14:48:26	22.42	23.181	23.329	27.748	19.24	18.537	415.42	415.34
14:49:26	22.42	23.182	23.337	27.679	19.235	18.533	415.42	415.34
14:50:26	22.421	23.181	23.354	27.679	19.238	18.538	415.42	415.34
14:51:26	22.422	23.182	23.362	27.548	19.243	18.538	415.42	415.34
14:52:27	22.423	23.183	23.363	27.389	19.244	18.538	415.42	415.34
14:53:26	0.0	23.185	23.393	27.389	19.246	18.54	415.42	415.34
14:54:26	22.424	23.185	23.388	27.43	19.247	18.542	415.42	415.34
14:55:26	22.424	23.187	23.389	27.82	19.251	18.539	415.42	415.34
14:56:26	22.426	23.187	23.398	28.107	19.249	18.543	415.42	415.34
14:57:26	22.426	23.189	23.363	28.224	19.246	18.544	415.42	415.34
14:58:26	22.427	23.19	23.381	27.727	19.243	18.541	415.42	415.34
14:59:28	22.427	23.19	23.383	27.743	19.244	18.542	415.42	415.34
15:00:26	22.428	23.189	23.374	27.184	19.238	18.542	415.42	415.34
15:01:28	22.429	23.187	23.365	26.886	19.235	18.54	415.42	415.34
15:02:26	22.43	23.19	23.389	26.948	19.242	18.543	415.42	415.34
15:03:26	22.431	23.191	23.387	27.065	19.237	18.542	415.42	415.34
15:04:27	0.0	23.192	23.348	27.116	19.24	18.545	415.42	415.34
15:05:27	22.431	23.192	23.357	27.05	19.239	18.543	415.42	415.34
15:06:27	22.433	23.191	23.329	26.968	19.241	18.542	415.42	415.34
15:07:27	22.432	23.191	23.282	27.164	19.245	18.544	415.42	415.34
15:08:28	22.434	23.19	23.287	27.45	19.248	18.543	415.42	415.34
15:09:27	0.0	23.192	23.286	28.031	19.244	18.548	415.42	415.34
15:10:29	22.434	23.191	23.274	28.407	19.246	18.545	415.42	415.34
15:11:27	22.436	23.193	23.278	28.234	19.251	18.546	415.42	415.34
15:12:29	22.436	23.194	23.324	28.255	19.253	18.543	415.42	415.34
15:13:27	22.437	23.194	23.33	28.166	19.254	18.546	415.42	415.34
15:14:27	22.439	0.0	23.372	27.93	19.245	18.55	415.42	415.34
15:15:27	22.438	23.197	23.361	27.956	19.252	18.549	415.42	415.34
15:16:27	22.44	23.199	23.392	28.0	19.253	18.548	415.42	415.34
15:17:27	22.441	23.198	23.4	28.141	19.252	18.55	415.42	415.34
15:18:27	22.442	23.199	23.401	28.1	19.256	18.55	415.42	415.34
15:19:27	22.441	23.201	23.388	28.182	19.252	18.549	415.42	415.34
15:20:27	22.443	23.201	23.369	28.277	19.253	18.552	415.42	415.34
15:21:27	22.442	23.2	23.363	27.892	19.25	18.548	415.42	415.34
15:22:27	22.443	23.202	23.367	27.631	19.248	18.551	415.42	415.34
15:23:27	22.445	23.201	23.366	27.563	19.246	18.55	415.42	415.34
15:24:27	22.444	23.202	23.35	27.551	19.249	18.552	415.42	415.34
15:25:27	22.445	23.201	23.327	27.34	19.254	18.551	415.42	415.34
15:26:27	22.446	23.201	23.324	27.398	19.251	18.548	415.42	415.34
15:27:27	22.448	23.202	23.374	27.564	19.254	18.552	415.42	415.34
15:28:27	22.447	23.204	23.442	27.414	19.254	18.555	415.42	415.34
15:29:27	22.448	23.202	23.391	27.203	19.251	18.554	415.42	415.34
15:30:27	22.449	23.202	23.433	26.929	19.256	18.552	415.42	415.34
15:31:27	22.45	23.205	23.444	26.826	19.257	18.557	415.42	415.34
15:32:27	22.451	23.206	23.428	26.761	19.258	18.556	415.42	415.34
15:33:27	22.451	23.207	23.342	27.399	19.258	18.556	415.42	415.34
15:34:27	22.451	23.207	23.266	27.782	19.253	18.554	415.42	415.34
15:35:27	22.453	23.207	23.268	27.754	19.249	18.557	415.42	415.34
15:36:27	22.453	23.207	23.285	27.427	19.252	18.555	415.42	415.34
15:37:27	22.454	23.207	23.298	27.301	19.248	18.559	415.42	415.34
15:38:27	22.454	23.209	23.362	27.012	19.256	18.56	415.42	415.34
15:39:27	22.456	23.211	23.335	27.167	19.26	18.558	415.42	415.34
15:40:27	22.457	23.213	23.325	27.29	19.257	18.562	415.42	415.34
15:41:27	22.457	23.214	23.341	27.759	19.259	18.56	415.42	415.34
15:42:27	22.459	23.215	23.366	28.121	19.259	18.559	415.42	415.34
15:43:27	22.459	23.214	23.368	28.247	19.259	18.561	415.42	415.34
15:44:27	22.458	23.213	23.367	28.142	19.257	18.559	415.42	415.34
15:45:27	22.459	23.212	23.302	27.908	19.259	18.561	415.42	415.34
15:46:27	22.459	23.211	23.32	27.902	19.257	18.561	415.42	415.34
15:47:27	22.462	23.214	23.349	27.746	19.26	18.56	415.42	415.34
15:48:27	22.462	23.215	23.358	27.668	19.262	18.564	415.42	415.34
15:49:27	22.463	23.218	23.386	27.539	19.266	18.563	415.42	415.34
15:50:27	22.464	23.217	23.387	27.389	19.268	18.566	415.42	415.34
15:51:27	22.466	23.219	23.39	27.456	19.268	18.566	415.42	415.34
15:52:27	22.465	23.219	23.37	27.652	19.267	18.567	415.42	415.34
15:53:27	22.466	23.218	23.348	27.941	19.262	18.565	415.42	415.34
15:54:27	22.466	23.218	23.377	27.922	19.267	18.567	415.42	415.34
15:55:27	22.467	23.22	23.381	28.169	19.262	18.566	415.42	415.34
15:56:27	22.467	23.221	23.409	28.372	19.261	18.567	415.42	415.34
15:57:27	22.468	23.22	23.414	28.344	19.258	18.567	415.42	415.34
15:58:27	22.469	23.22	23.414	28.131	19.259	18.567	415.42	415.34
15:59:27	22.469	23.219	23.453	27.585	19.263	18.562	415.42	415.34
16:00:27	22.47	23.219	23.395	27.344	19.267	18.567	415.42	415.34
16:01:27	22.471	23.221	23.374	27.603	19.27	18.569	415.42	415.34
16:02:27	22.472	23.223	23.347	27.657	19.266	18.57	415.42	415.34
16:03:27	22.472	23.224	23.367	27.682	19.268	18.572	415.42	415.34
16:04:27	22.473	23.224	23.406	27.713	19.268	18.571	415.42	415.34
16:05:27	22.473	23.223	23.526	27.29	19.271	18.57	415.42	415.34
16:06:27	22.473	23.222	23.494	26.932	19.271	18.57	415.42	415.34
16:07:27	22.474	23.223	23.476	26.771	19.272	18.57	415.42	415.34
16:08:27	22.474	23.223	23.435	26.978	19.274	18.57	415.42	415.34
16:09:27	22.474	23.224	23.375	27.556	19.273	18.573	415.42	415.34
16:10:27	22.476	23.223	23.325	27.958	19.271	18.569	415.42	415.34
16:11:27	22.477	23.224	23.357	27.794	19.27	18.572	415.42	415.34
16:12:27	22.478	23.226	23.432	27.72	19.275	18.573	415.42	415.34
16:13:27	22.478	23.225	23.546	27.323	19.272	18.572	415.42	415.34
16:14:27	22.478	23.227	23.513	26.965	19.274	18.573	415.42	415.34
16:15:27	22.479	23.228	23.48	26.603	19.275	18.575	415.42	415.34
16:16:27	22.48	23.227	23.425	26.548	19.274	18.577	415.42	415.34
16:17:28	22.481	23.228	23.378	26.746	19.27	18.575	415.42	415.34
16:18:27	22.481	23.228	23.381	27.198	19.271	18.576	415.42	415.34
16:19:28	22.481	23.23	23.395	27.586	19.272	18.577	415.42	415.34
16:20:27	0.0	23.23	23.421	27.98	19.276	18.576	415.42	415.34
16:21:27	22.484	23.231	23.422	27.92	19.279	18.579	415.42	415.34
16:22:28	22.485	23.232	23.422	27.583	19.277	18.579	415.42	415.34
16:23:27	22.486	23.232	23.379	27.633	19.272	18.58	415.42	415.34
16:24:29	22.486	23.233	23.373	27.435	19.267	18.579	415.42	415.34
16:25:27	22.485	23.232	23.341	27.315	19.267	18.578	415.42	415.34
16:26:27	22.485	23.231	23.295	27.347	19.27	18.576	415.42	415.34
16:27:27	22.486	23.234	23.298	27.262	19.273	18.579	415.42	415.34
16:28:27	22.489	23.235	23.296	27.129	19.276	18.582	415.42	415.34
16:29:27	22.489	23.234	23.262	27.092	19.277	18.582	415.42	415.34
16:30:27	22.489	23.236	23.254	27.198	19.278	18.583	415.42	415.34
16:31:27	22.49	23.237	23.264	27.251	19.279	18.581	415.42	415.34
16:32:27	22.491	23.237	23.334	27.071	19.28	18.584	415.42	415.34
16:33:27	22.491	23.238	23.293	27.55	19.279	18.582	415.42	415.34
16:34:27	22.492	23.239	23.269	27.434	19.278	18.588	415.42	415.34
16:35:27	22.492	23.24	23.259	27.374	19.276	18.586	415.42	415.34
16:36:27	22.492	23.238	23.258	27.134	19.279	18.583	415.42	415.34
16:37:27	22.494	23.24	23.325	27.057	19.282	18.586	415.42	415.34
16:38:27	22.495	23.24	23.311	26.933	19.279	18.586	415.42	415.34
16:39:27	22.495	23.24	23.286	27.438	19.278	18.586	415.42	415.34
16:40:27	22.495	23.24	23.295	28.055	19.279	18.586	415.42	415.34
16:41:27	22.496	23.242	23.35	28.518	19.277	18.589	415.42	415.34
16:42:27	22.496	23.241	23.356	28.532	19.274	18.585	415.42	415.34
16:43:27	22.497	23.242	23.365	28.267	19.282	18.589	415.42	415.34
16:44:27	22.499	23.243	23.349	28.065	19.287	18.589	415.42	415.34
16:45:27	22.499	23.244	23.319	28.083	19.287	18.591	415.42	415.34
16:46:27	22.5	23.245	23.318	28.145	19.289	18.589	415.42	415.34
16:47:27	22.5	23.245	23.334	27.909	19.29	18.589	415.42	415.34
16:48:27	22.501	23.246	23.381	27.998	19.291	18.59	415.42	415.34
16:49:27	22.502	23.246	23.401	28.017	19.29	18.591	415.42	415.34
16:50:27	22.501	23.245	23.409	27.734	19.286	18.589	415.42	415.34
16:51:27	22.502	23.243	23.42	27.686	19.284	18.588	415.42	415.34
16:52:27	22.503	23.243	23.425	27.533	19.285	18.592	415.42	415.34
16:53:27	22.505	23.245	23.46	27.718	19.292	18.588	415.42	415.34
16:54:27	22.504	23.245	23.433	27.805	19.287	18.593	415.42	415.34
16:55:27	22.505	23.245	23.448	27.834	19.286	18.592	415.42	415.34
16:56:27	22.506	23.245	23.437	27.614	19.285	18.592	415.42	415.34
16:57:27	22.506	23.247	23.439	27.566	19.288	18.594	415.42	415.34
16:58:27	22.507	23.247	23.423	27.633	19.284	18.593	415.42	415.34
16:59:27	22.508	23.248	23.435	27.756	19.283	18.591	415.42	415.34
17:00:27	22.507	23.245	23.409	27.654	19.277	18.593	415.42	415.34
17:01:27	22.508	23.246	23.401	27.372	19.281	18.593	415.42	415.34
17:02:27	22.508	23.248	23.393	27.212	19.285	18.598	415.42	415.34
17:03:27	22.509	23.248	23.397	27.088	19.287	18.596	415.42	415.34
17:04:29	22.511	23.249	23.357	27.128	19.288	18.595	415.42	415.34
17:05:27	22.511	23.25	23.378	27.053	19.283	18.596	415.42	415.34
17:06:27	22.511	23.25	23.347	27.505	19.281	18.596	415.42	415.34
17:07:27	22.512	23.249	23.323	27.362	19.277	18.596	415.42	415.34
17:08:27	22.512	23.248	23.321	27.422	19.285	18.595	415.42	415.34
17:09:27	22.514	23.25	23.326	27.359	19.288	18.598	415.42	415.34
17:10:27	22.514	23.25	23.342	27.346	19.286	18.598	415.42	415.34
17:11:27	22.514	23.251	23.338	27.29	19.289	18.597	415.42	415.34
17:12:27	22.515	23.25	23.354	27.285	19.286	18.598	415.42	415.34
17:13:27	22.516	23.249	23.375	27.096	19.284	18.595	415.42	415.34
17:14:27	22.515	23.25	23.347	27.194	19.287	18.599	415.42	415.34
17:15:27	22.517	23.25	23.365	26.966	19.283	18.599	415.42	415.34
17:16:27	22.516	23.251	23.349	26.718	19.284	18.601	415.42	415.34
17:17:27	22.517	23.252	23.337	26.924	19.285	18.6	415.42	415.34
17:18:27	22.518	23.253	23.312	27.294	19.288	18.6	415.42	415.34
17:19:27	22.518	23.253	23.339	27.711	19.292	18.604	415.42	415.34
17:20:27	22.519	23.255	23.361	27.961	19.291	18.604	415.42	415.34
17:21:27	22.519	23.255	23.381	27.594	19.29	18.603	415.42	415.34
17:22:27	0.0	23.254	23.36	27.24	19.285	18.602	415.42	415.34
17:23:28	22.519	23.255	23.355	27.054	19.284	18.603	415.42	415.34
17:24:27	22.519	23.255	23.388	26.929	19.28	18.602	415.42	415.34
17:25:27	22.521	23.254	23.355	27.115	19.278	18.603	415.42	415.34
17:26:27	22.52	23.254	23.326	27.399	19.285	18.603	415.42	415.34
17:27:27	22.521	23.254	23.345	27.854	19.282	18.603	415.42	415.34
17:28:27	22.521	23.255	23.375	28.412	19.282	18.604	415.42	415.34
17:29:27	22.522	23.254	23.426	28.159	19.279	18.604	415.42	415.34
17:30:27	22.523	23.255	23.411	27.954	19.286	18.604	415.42	415.34
17:31:27	22.523	23.255	23.373	27.967	19.286	18.606	415.42	415.34
17:32:27	22.524	23.255	23.362	28.067	19.289	18.604	415.42	415.34
17:33:27	22.525	23.255	23.365	27.932	19.29	18.606	415.42	415.34
17:34:27	22.526	23.256	23.39	27.686	19.293	18.605	415.42	415.34
17:35:27	22.526	23.255	23.386	27.717	19.292	18.605	415.42	415.34
17:36:27	22.528	23.256	23.374	27.713	19.291	18.606	415.42	415.34
17:37:27	22.527	23.257	23.384	27.409	19.292	18.607	415.42	415.34
17:38:27	22.529	23.257	23.372	27.246	19.289	18.608	415.42	415.34
17:39:27	22.529	23.258	23.355	27.254	19.294	18.608	415.42	415.34
17:40:27	22.53	23.257	23.364	27.417	19.288	18.607	415.42	415.34
17:41:27	22.529	23.257	23.357	27.791	19.286	18.61	415.42	415.34
17:42:27	22.531	23.257	23.378	27.884	19.289	18.607	415.42	415.34
17:43:27	22.531	23.258	23.4	27.737	19.296	18.61	415.42	415.34
17:44:27	22.532	23.258	23.427	27.579	19.295	18.611	415.42	415.34
17:45:27	22.532	23.259	23.484	27.1	19.297	18.611	415.42	415.34
17:46:27	22.531	23.259	23.432	26.969	19.297	18.612	415.42	415.34
17:47:27	22.532	23.259	23.433	27.003	19.297	18.61	415.42	415.34
17:48:27	22.534	23.261	23.362	27.737	19.298	18.611	415.42	415.34
17:49:27	22.534	23.261	23.347	27.613	19.3	18.613	415.42	415.34
17:50:29	22.535	23.261	23.358	27.51	19.298	18.615	415.42	415.34
17:51:27	22.535	23.261	23.36	27.225	19.293	18.613	415.42	415.34
17:52:27	22.535	23.262	23.344	27.202	19.299	18.613	415.42	415.34
17:53:27	22.536	23.262	23.37	26.954	19.301	18.614	415.42	415.34
17:54:29	22.538	23.262	23.37	26.661	19.303	18.616	415.42	415.34
17:55:27	22.537	23.263	23.361	26.583	19.297	18.615	415.42	415.34
17:56:27	22.537	23.262	23.345	26.609	19.296	18.616	415.42	415.34
17:57:27	22.538	23.264	23.352	26.654	19.301	18.616	415.42	415.34
17:58:27	22.539	23.264	23.343	26.959	19.302	18.615	415.42	415.34
17:59:27	22.54	23.263	23.342	26.956	19.297	18.616	415.42	415.34
18:00:27	22.539	23.263	23.337	0.0	19.296	18.616	415.42	415.34
18:01:27	22.54	23.263	23.346	27.187	19.297	18.618	415.42	415.34
18:02:27	22.54	23.264	23.359	27.454	19.295	18.616	415.42	415.34
18:03:27	22.541	23.265	23.371	27.634	19.295	18.621	415.42	415.34
18:04:27	22.541	23.264	23.361	27.529	19.294	18.619	415.42	415.34
18:05:27	22.542	23.264	23.363	27.276	19.296	18.619	415.42	415.34
18:06:27	22.543	23.266	23.345	27.24	19.295	18.617	415.42	415.34
18:07:27	22.542	23.265	23.344	26.962	19.294	18.621	415.42	415.34
18:08:27	22.542	23.264	23.349	27.01	19.295	18.619	415.42	415.34
18:09:27	22.544	23.266	23.334	27.279	19.297	18.621	415.42	415.34
18:10:27	22.544	23.265	23.345	27.613	19.301	18.619	415.42	415.34
18:11:27	22.544	23.267	23.357	27.935	19.308	18.624	415.42	415.34
18:12:27	22.545	23.266	23.371	28.05	19.309	18.62	415.42	415.34
18:13:27	22.545	23.266	23.385	27.801	19.308	18.62	415.42	415.34
18:14:27	22.546	23.266	23.388	27.744	19.309	18.623	415.42	415.34
18:15:27	22.546	23.267	23.329	27.805	19.304	18.621	415.42	415.34
18:16:27	22.547	23.266	23.302	28.135	19.308	18.625	415.42	415.34
18:17:27	22.549	23.268	23.301	28.526	19.307	18.625	415.42	415.34
18:18:27	22.548	23.269	23.309	28.522	19.306	18.626	415.42	415.34
18:19:27	22.548	23.269	23.353	28.217	19.304	18.624	415.42	415.34
18:20:27	22.55	23.27	23.368	28.174	19.305	18.624	415.42	415.34
18:21:27	22.55	23.268	23.369	27.921	19.305	18.627	415.42	415.34
18:22:27	22.551	23.271	23.392	28.093	19.304	18.626	415.42	415.34
18:23:27	22.552	23.271	23.404	27.927	19.307	18.629	415.42	415.34
18:24:27	22.552	23.27	23.435	27.888	19.305	18.629	415.42	415.34
18:25:27	22.552	23.271	23.397	27.518	19.31	18.626	415.42	415.34
18:26:27	22.553	23.269	23.422	27.435	19.307	18.627	415.42	415.34
18:27:27	22.553	23.268	23.397	27.028	19.306	18.627	415.42	415.34
18:28:27	22.552	23.266	23.369	26.971	19.298	18.624	415.42	415.34
18:29:27	22.553	23.266	23.358	27.221	19.3	18.626	415.42	415.34
18:30:27	22.554	23.266	23.359	27.58	19.305	18.627	415.42	415.34
18:31:27	22.555	23.267	23.355	27.664	19.307	18.627	415.42	415.34
18:32:27	22.556	23.268	23.39	27.686	19.307	18.631	415.42	415.34
18:33:27	22.556	23.269	23.452	27.56	19.305	18.629	415.42	415.34
18:34:29	22.556	23.267	23.433	27.362	19.301	18.63	415.42	415.34
18:35:27	22.557	23.267	23.384	27.1	19.3	18.631	415.42	415.34
18:36:27	22.556	23.267	23.35	27.265	19.303	18.632	415.42	415.34
18:37:27	22.557	23.269	23.333	27.503	19.306	18.633	415.42	415.34
18:38:27	22.558	23.27	23.345	28.028	19.311	18.632	415.42	415.34
18:39:27	22.56	23.272	23.361	28.099	19.308	18.63	415.42	415.34
18:40:27	22.56	23.271	23.39	28.016	19.306	18.63	415.42	415.34
18:41:27	22.559	23.27	23.378	27.801	19.302	18.63	415.42	415.34
18:42:27	22.56	23.27	23.38	27.73	19.31	18.634	415.42	415.34
18:43:27	22.562	23.272	23.416	27.497	19.314	18.635	415.42	415.34
18:44:27	22.561	23.272	23.381	27.472	19.309	18.636	415.42	415.34
18:45:27	22.562	23.271	23.397	27.271	19.313	18.635	415.42	415.34
18:46:27	22.563	23.274	23.367	27.079	19.314	18.635	415.42	415.34
18:47:27	22.564	23.274	23.348	27.064	19.317	18.639	415.42	415.34
18:48:27	22.564	23.275	23.344	27.112	19.316	18.639	415.42	415.34
18:49:27	22.563	23.274	23.319	27.427	19.31	18.637	415.42	415.34
18:50:27	22.564	23.272	23.305	27.67	19.31	18.634	415.42	415.34
18:51:27	22.563	23.271	23.325	27.705	19.311	18.634	415.42	415.34
18:52:27	22.565	23.271	23.319	27.806	19.308	18.638	415.42	415.34
18:53:27	22.566	23.274	23.344	27.62	19.309	18.636	415.42	415.34
18:54:28	22.565	23.273	23.348	27.573	19.313	18.635	415.42	415.34
18:55:27	0.0	23.273	23.355	27.404	19.314	18.637	415.42	415.34
18:56:27	22.566	23.273	23.348	27.39	19.315	18.639	415.42	415.34
18:57:27	22.568	23.275	23.376	27.256	19.321	18.64	415.42	415.34
18:58:27	22.569	23.277	23.419	27.65	19.322	18.643	415.42	415.34
18:59:27	22.568	23.277	23.447	28.127	19.317	18.64	415.42	415.34
19:00:27	22.569	23.276	23.445	28.278	19.314	18.64	415.42	415.34
19:01:27	22.57	23.275	23.432	27.94	19.318	18.642	415.42	415.34
19:02:27	22.57	23.275	23.491	27.268	19.32	18.638	415.42	415.34
19:03:27	22.571	23.278	23.457	26.995	19.321	18.643	415.42	415.34
19:04:27	22.571	23.275	23.386	26.941	19.315	18.643	415.42	415.34
19:05:27	22.571	23.274	23.416	26.829	19.312	18.64	415.42	415.34
19:06:27	22.572	23.275	23.373	27.083	19.314	18.642	415.42	415.34
19:07:27	22.571	23.275	23.393	27.018	19.316	18.641	415.42	415.34
19:08:27	22.573	23.276	23.337	27.101	19.315	18.643	415.42	415.34
19:09:27	22.572	23.276	23.338	27.073	19.314	18.644	415.42	415.34
19:10:27	22.574	23.276	23.334	27.024	19.315	18.646	415.42	415.34
19:11:27	22.574	23.278	23.345	27.204	19.321	18.648	415.42	415.34
19:12:27	22.575	23.279	23.359	26.983	19.322	18.646	415.42	415.34
19:13:27	22.574	23.279	23.323	27.132	19.329	18.647	415.42	415.34
19:14:27	22.576	23.279	23.34	27.185	19.326	18.646	415.42	415.34
19:15:27	22.576	23.278	23.338	27.202	19.323	18.645	415.42	415.34
19:16:27	22.576	23.278	23.331	27.136	19.322	18.646	415.42	415.34
19:17:27	22.577	23.279	23.344	26.848	19.322	18.649	415.42	415.34
19:18:27	22.578	23.281	23.436	26.496	19.324	18.649	415.42	415.34
19:19:27	22.577	23.283	23.375	26.224	19.325	18.648	415.42	415.34
19:20:27	22.579	23.282	23.336	26.119	19.327	18.65	415.42	415.34
19:21:27	22.578	23.282	23.316	26.282	19.321	18.649	415.42	415.34
19:22:27	22.579	23.281	23.353	26.223	19.327	18.649	415.42	415.34
19:23:27	22.58	23.283	23.428	25.952	19.33	18.652	415.42	415.34
19:24:27	22.579	23.284	23.463	25.791	19.325	18.653	415.42	415.34
19:25:27	22.58	23.285	23.368	26.046	19.329	18.653	415.42	415.34
19:26:27	22.58	23.286	23.315	26.712	19.335	18.653	415.42	415.34
19:27:27	22.58	23.285	23.303	27.39	19.331	18.65	415.42	415.34
19:28:28	22.582	23.286	23.326	27.942	19.329	18.653	415.42	415.34
19:29:27	22.581	23.284	23.379	28.162	19.33	18.651	415.42	415.34
19:30:27	22.582	23.283	23.426	28.104	19.329	18.652	415.42	415.34
19:31:27	22.582	23.285	23.422	28.051	19.332	18.654	415.42	415.34
19:32:27	22.584	23.286	23.39	28.08	19.336	18.656	415.42	415.34
19:33:27	22.583	23.287	23.397	27.821	19.327	18.655	415.42	415.34
19:34:29	22.586	23.287	23.382	27.792	19.325	18.653	415.42	415.34
19:35:27	22.585	23.288	23.364	27.82	19.329	18.656	415.42	415.34
19:36:27	22.586	23.288	23.346	27.458	19.333	18.656	415.42	415.34
19:37:27	22.586	23.287	23.372	27.12	19.329	18.657	415.42	415.34
19:38:27	22.587	23.289	23.525	26.835	19.328	18.658	415.42	415.34
19:39:27	22.586	23.287	23.528	26.545	19.324	18.655	415.42	415.34
19:40:27	22.587	23.288	23.443	26.456	19.325	18.659	415.42	415.34
19:41:27	22.587	23.288	23.34	27.017	19.328	18.656	415.42	415.34
19:42:27	22.589	23.288	23.278	27.722	19.331	18.658	415.42	415.34
19:43:27	22.589	23.286	23.288	27.841	19.329	18.656	415.42	415.34
19:44:27	22.587	23.285	23.329	27.968	19.321	18.656	415.42	415.34
19:45:27	22.589	23.286	23.347	27.969	19.325	18.658	415.42	415.34
19:46:27	22.589	23.285	23.358	28.094	19.328	18.657	415.42	415.34
19:47:27	22.59	23.286	23.373	28.181	19.329	18.657	415.42	415.34
19:48:27	22.591	23.288	23.388	28.12	19.332	18.662	415.42	415.34
19:49:27	22.591	23.289	23.398	27.752	19.334	18.656	415.42	415.34
19:50:27	22.592	23.289	23.386	27.578	19.33	18.661	415.42	415.34
19:51:27	22.592	23.289	23.365	27.219	19.326	18.662	415.42	415.34
19:52:27	22.593	23.288	23.458	26.839	19.326	18.66	415.42	415.34
19:53:27	22.592	23.286	23.384	26.734	19.325	18.659	415.42	415.34
19:54:27	22.592	23.287	23.335	26.845	19.325	18.66	415.42	415.34
19:55:27	22.593	23.286	23.33	27.198	19.325	18.66	415.42	415.34
19:56:27	22.593	23.286	23.344	27.248	19.333	18.66	415.42	415.34
19:57:27	22.595	23.289	23.38	27.371	19.33	18.664	415.42	415.34
19:58:27	22.595	23.288	23.366	27.365	19.331	18.661	415.42	415.34
19:59:27	22.595	23.289	23.374	27.44	19.33	18.664	415.42	415.34
20:00:27	22.596	23.29	23.372	27.438	19.329	18.666	415.42	415.34
20:01:27	22.595	23.288	23.377	27.286	19.321	18.662	415.42	415.34
20:02:27	22.597	23.289	23.381	27.566	19.328	18.665	415.42	415.34
20:03:27	22.598	23.289	23.384	27.75	19.332	18.665	415.42	415.34
20:04:27	22.597	23.29	23.406	28.0	19.331	18.662	415.42	415.34
20:05:27	22.598	23.289	23.416	27.737	19.331	18.665	415.42	415.34
20:06:27	22.599	23.29	23.402	27.418	19.331	18.663	415.42	415.34
20:07:27	22.599	23.29	23.421	27.457	19.328	18.665	415.42	415.34
20:08:27	22.599	23.288	23.38	27.558	19.325	18.665	415.42	415.34
20:09:27	22.6	23.289	23.398	27.672	19.326	18.667	415.42	415.34
20:10:27	22.599	23.289	23.414	27.747	19.331	18.667	415.42	415.34
20:11:27	22.601	23.29	23.435	27.696	19.337	18.665	415.42	415.34
20:12:27	22.601	23.291	23.433	27.544	19.341	18.67	415.42	415.34
20:13:27	22.602	23.292	23.446	27.451	19.34	18.669	415.42	415.34
20:14:27	22.602	23.292	23.471	27.293	19.34	18.67	415.42	415.34
20:15:27	22.602	23.292	23.418	27.33	19.339	18.671	415.42	415.34
20:16:28	22.603	23.291	23.38	27.551	19.336	18.669	415.42	415.34
20:17:27	0.0	23.29	23.386	27.863	19.336	18.67	415.42	415.34
20:18:27	22.603	23.29	23.41	27.853	19.338	18.67	415.42	415.34
20:19:27	22.604	23.291	23.434	27.568	19.334	18.671	415.42	415.34
20:20:27	22.603	23.29	23.427	27.44	19.333	18.668	415.42	415.34
20:21:28	22.604	23.289	23.467	27.273	19.336	18.671	415.42	415.34
20:22:27	0.0	23.291	23.424	27.214	19.337	18.673	415.42	415.34
20:23:27	22.605	23.293	23.427	27.457	19.338	18.675	415.42	415.34
20:24:27	22.606	23.294	23.425	27.557	19.338	18.674	415.42	415.34
20:25:27	22.606	23.294	23.436	27.792	19.335	18.675	415.42	415.34
20:26:27	22.608	23.295	23.498	27.516	19.341	18.676	415.42	415.34
20:27:28	22.607	23.293	23.449	27.489	19.34	18.674	415.42	415.34
20:28:27	22.607	23.291	23.401	27.331	19.338	18.671	415.42	415.34
20:29:27	22.609	23.293	23.432	27.132	19.338	18.676	415.42	415.34
20:30:27	22.609	23.292	23.379	27.194	19.339	18.676	415.42	415.34
20:31:27	22.609	23.294	23.376	27.33	19.34	18.674	415.42	415.34
20:32:27	22.609	23.291	23.387	27.439	19.339	18.671	415.42	415.34
20:33:27	22.61	23.293	23.416	27.404	19.342	18.676	415.42	415.34
20:34:27	22.61	23.292	23.42	27.17	19.343	18.675	415.42	415.34
20:35:27	22.611	23.293	23.417	27.163	19.342	18.677	415.42	415.34
20:36:27	22.61	23.293	23.418	27.31	19.34	18.678	415.42	415.34
20:37:27	22.611	23.292	23.448	27.364	19.339	18.674	415.42	415.34
20:38:27	22.612	23.291	23.461	27.399	19.335	18.675	415.42	415.34
20:39:27	22.611	23.291	23.446	27.313	19.342	18.676	415.42	415.34
20:40:27	22.612	23.291	23.521	27.016	19.34	18.675	415.42	415.34
20:41:27	22.613	23.292	23.451	27.19	19.344	18.679	415.42	415.34
20:42:27	22.613	23.292	23.405	27.679	19.346	18.678	415.42	415.34
20:43:27	22.613	23.293	23.39	27.867	19.342	18.678	415.42	415.34
20:44:27	22.613	23.293	23.382	27.955	19.339	18.676	415.42	415.34
20:45:27	22.616	23.294	23.389	27.888	19.34	18.681	415.42	415.34
20:46:27	22.615	23.294	23.424	27.919	19.339	18.68	415.42	415.34
20:47:27	22.616	23.294	23.432	27.9	19.337	18.681	415.42	415.34
20:48:27	22.616	23.295	23.443	27.679	19.34	18.681	415.42	415.34
20:49:27	22.616	23.295	23.482	27.344	19.343	18.681	415.42	415.34
20:50:27	22.617	23.297	23.467	27.157	19.344	18.681	415.42	415.34
20:51:27	22.617	23.297	23.449	27.263	19.34	18.684	415.42	415.34
20:52:27	22.617	23.297	23.445	27.622	19.342	18.681	415.42	415.34
20:53:27	22.617	23.298	23.489	27.563	19.344	18.685	415.42	415.34
20:54:27	22.618	23.299	23.487	27.426	19.343	18.684	415.42	415.34
20:55:27	22.618	23.298	23.496	27.628	19.34	18.682	415.42	415.34
20:56:27	22.619	23.298	23.462	27.224	19.345	18.685	415.42	415.34
20:57:27	22.619	23.297	23.556	26.96	19.347	18.687	415.42	415.34
20:58:27	22.618	23.298	23.503	27.016	19.352	18.684	415.42	415.34
20:59:27	22.62	23.299	23.471	26.748	19.348	18.686	415.42	415.34
21:00:27	22.619	23.299	23.419	27.073	19.349	18.685	415.42	415.34
21:01:28	22.621	23.299	23.474	27.181	19.35	18.687	415.42	415.34
21:02:27	22.621	23.3	23.427	27.324	19.35	18.686	415.42	415.34
21:03:27	22.621	23.3	23.422	27.383	19.353	18.689	415.42	415.34
21:04:27	22.621	23.301	23.409	27.303	19.354	18.688	415.42	415.34
21:05:27	22.621	23.301	23.421	27.571	19.354	18.687	415.42	415.34
21:06:29	22.622	23.301	23.396	27.38	19.35	18.688	415.42	415.34
21:07:27	22.621	23.301	23.437	27.584	19.355	18.69	415.42	415.34
21:08:29	22.624	23.303	23.528	27.357	19.357	18.69	415.42	415.34
21:09:27	22.623	23.303	23.507	26.966	19.358	18.691	415.42	415.34
21:10:27	22.623	23.302	23.417	26.957	19.351	18.69	415.42	415.34
21:11:27	22.625	23.303	23.422	26.789	19.349	18.692	415.42	415.34
21:12:27	22.625	23.304	23.344	26.894	19.354	18.691	415.42	415.34
21:13:27	22.626	23.304	23.388	26.727	19.355	18.693	415.42	415.34
21:14:27	22.626	23.304	23.387	27.03	19.349	18.69	415.42	415.34
21:15:27	22.627	23.304	23.387	27.029	19.349	18.694	415.42	415.34
21:16:27	22.627	23.302	23.461	26.602	19.351	18.69	415.42	415.34
21:17:27	22.627	23.303	23.386	26.621	19.349	18.689	415.42	415.34
21:18:27	22.628	23.302	23.334	26.591	19.35	18.691	415.42	415.34
21:19:27	22.628	23.302	23.308	26.808	19.35	18.691	415.42	415.34
21:20:27	22.63	23.303	23.299	26.899	19.353	18.692	415.42	415.34
21:21:27	22.63	23.306	23.304	27.333	19.36	18.698	415.42	415.34
21:22:27	22.63	23.308	23.344	27.778	19.359	18.697	415.42	415.34
21:23:27	22.632	23.308	23.366	27.944	19.362	18.697	415.42	415.34
21:24:27	22.631	23.309	23.379	27.714	19.362	18.698	415.42	415.34
21:25:27	22.632	23.31	23.385	27.707	0.0	18.697	415.42	415.34
21:26:27	22.632	23.31	23.397	27.294	19.358	18.701	415.42	415.34
21:27:27	22.633	23.311	23.371	27.359	19.358	18.699	415.42	415.34
21:28:27	22.633	23.311	23.356	27.349	19.359	18.698	415.42	415.34
21:29:27	22.633	23.311	23.344	27.449	19.361	18.7	415.42	415.34
21:30:27	22.634	23.31	23.345	27.477	19.36	18.695	415.42	415.34
21:31:27	22.635	23.311	23.433	27.057	19.359	18.7	415.42	415.34
21:32:27	22.635	23.311	23.409	27.035	19.359	18.702	415.42	415.34
21:33:27	22.635	23.311	23.372	26.758	19.353	18.699	415.42	415.34
21:34:27	22.636	23.311	23.372	26.819	19.354	18.7	415.42	415.34
21:35:27	22.636	23.311	23.37	26.934	19.357	18.7	415.42	415.34
21:36:27	22.636	23.311	23.447	26.704	19.358	18.7	415.42	415.34
21:37:27	22.637	23.312	23.384	26.78	19.358	18.699	415.42	415.34
21:38:28	22.637	23.311	23.362	26.771	19.357	18.704	415.42	415.34
21:39:27	22.637	23.311	23.339	26.716	19.359	18.701	415.42	415.34
21:40:27	22.638	23.311	23.316	26.908	19.36	18.703	415.42	415.34
21:41:27	22.638	23.31	23.345	27.266	19.359	18.701	415.42	415.34
21:42:27	22.639	23.31	23.349	27.565	19.363	18.702	415.42	415.34
21:43:27	22.639	23.311	23.354	27.71	19.362	18.702	415.42	415.34
21:44:27	22.639	23.312	23.404	27.826	19.363	18.703	415.42	415.34
21:45:27	22.64	23.312	23.427	27.802	19.362	18.705	415.42	415.34
21:46:27	22.64	23.312	23.432	27.512	19.363	18.703	415.42	415.34
21:47:27	22.641	23.312	23.404	27.264	19.366	18.706	415.42	415.34
21:48:27	22.641	23.312	23.368	27.243	19.364	18.704	415.42	415.34
21:49:27	22.64	23.312	23.344	27.555	19.365	18.707	415.42	415.34
21:50:27	22.641	23.312	23.351	27.818	19.362	18.705	415.42	415.34
21:51:27	22.643	23.314	23.367	27.849	19.367	18.708	415.42	415.34
21:52:27	22.643	23.315	23.424	27.859	19.365	18.707	415.42	415.34
21:53:27	22.643	23.313	23.44	27.597	19.366	18.707	415.42	415.34
21:54:27	22.643	23.311	23.454	27.379	19.363	18.707	415.42	415.34
21:55:27	22.642	23.312	23.442	27.349	19.365	18.706	415.42	415.34
21:56:27	22.644	23.312	23.434	27.131	19.362	18.707	415.42	415.34
21:57:27	22.644	23.312	23.373	27.568	19.36	18.708	415.42	415.34
21:58:27	22.645	23.312	23.388	27.515	19.361	18.71	415.42	415.34
21:59:27	22.644	23.312	23.378	27.336	19.365	18.707	415.42	415.34
22:00:27	22.646	23.312	23.417	27.357	19.366	18.71	415.42	415.34
22:01:27	22.645	23.311	23.485	26.862	19.368	18.709	415.42	415.34
22:02:27	22.645	23.311	23.451	26.543	19.359	18.709	415.42	415.34
22:03:27	22.646	23.311	23.359	26.834	19.355	18.708	415.42	415.34
22:04:27	22.645	23.309	23.321	27.027	19.355	18.713	415.42	415.34
22:05:27	22.647	23.31	23.344	27.191	19.362	18.709	415.42	415.34
22:06:27	22.647	23.31	23.368	26.972	19.362	18.709	415.42	415.34
22:07:27	22.648	23.312	23.368	27.053	19.365	18.714	415.42	415.34
22:08:27	22.648	23.313	23.378	26.989	19.365	18.714	415.42	415.34
22:09:27	22.648	23.314	23.361	26.89	19.365	18.713	415.42	415.34
22:10:27	22.648	23.313	23.364	26.769	19.364	18.714	415.42	415.34
22:11:27	22.649	23.313	23.392	26.923	19.365	18.714	415.42	415.34
22:12:27	22.649	23.314	23.409	27.377	19.365	18.715	415.42	415.34
22:13:27	22.649	23.313	23.451	27.281	19.366	18.714	415.42	415.34
22:14:27	22.65	23.313	23.431	27.503	19.368	18.715	415.42	415.34
22:15:27	22.65	23.313	23.475	27.43	19.369	18.716	415.42	415.34
22:16:27	22.65	23.315	23.478	27.297	19.372	18.718	415.42	415.34
22:17:27	22.651	23.315	23.442	27.614	19.371	18.716	415.42	415.34
22:18:27	22.65	23.314	23.413	27.706	19.37	18.716	415.42	415.34
22:19:27	22.651	23.315	23.406	27.934	19.373	18.717	415.42	415.34
22:20:27	22.651	23.314	23.416	27.723	19.37	18.716	415.42	415.34
22:21:28	22.651	23.314	23.417	27.463	19.369	18.72	415.42	415.34
22:22:27	0.0	23.312	23.453	27.214	19.365	18.716	415.42	415.34
22:23:27	22.652	23.312	23.441	27.115	19.368	18.718	415.42	415.34
22:24:27	22.651	23.312	23.399	27.295	19.371	18.719	415.42	415.34
22:25:27	22.652	23.314	23.394	27.544	19.372	18.721	415.42	415.34
22:26:27	22.651	23.314	23.428	27.844	19.369	18.717	415.42	415.34
22:27:27	22.653	23.315	23.435	28.072	19.37	18.718	415.42	415.34
22:28:27	22.655	23.315	23.476	27.925	19.373	18.722	415.42	415.34
22:29:27	22.654	23.316	23.442	27.796	19.37	18.721	415.42	415.34
22:30:27	22.656	23.317	23.447	27.451	19.374	18.723	415.42	415.34
22:31:27	22.656	23.316	23.43	27.263	19.374	18.723	415.42	415.34
22:32:27	22.656	23.316	23.422	27.217	19.372	18.723	415.42	415.34
22:33:27	22.656	23.317	23.418	27.251	19.372	18.722	415.42	415.34
22:34:27	22.656	23.315	23.423	27.306	19.37	18.723	415.42	415.34
22:35:27	22.657	23.315	23.447	27.662	19.369	18.721	415.42	415.34
22:36:27	22.657	23.315	23.454	27.868	19.371	18.722	415.42	415.34
22:37:27	22.658	23.315	23.456	27.807	19.377	18.726	415.42	415.34
22:38:27	22.658	23.314	23.467	27.794	19.377	18.724	415.42	415.34
22:39:27	22.659	23.315	23.453	27.549	19.381	18.725	415.42	415.34
22:40:27	22.659	23.317	23.476	27.492	19.379	18.725	415.42	415.34
22:41:27	22.66	23.316	23.463	27.415	19.376	18.724	415.42	415.34
22:42:27	22.659	23.316	23.437	27.547	19.375	18.727	415.42	415.34
22:43:27	22.661	23.317	23.438	27.783	19.377	18.729	415.42	415.34
22:44:29	22.662	23.319	23.452	27.981	19.38	18.731	415.42	415.34
22:45:27	22.661	23.321	23.474	27.877	19.384	18.729	415.42	415.34
22:46:27	22.662	23.32	23.499	27.874	19.38	18.729	415.42	415.34
22:47:28	22.663	23.319	23.497	27.701	19.377	18.732	415.42	415.34
22:48:27	22.662	23.318	23.466	27.802	19.371	18.727	415.42	415.34
22:49:27	22.662	23.319	23.481	27.723	19.38	18.73	415.42	415.34
22:50:27	22.663	23.321	23.475	27.916	19.385	18.733	415.42	415.34
22:51:27	22.663	23.321	23.525	27.906	19.387	18.733	415.42	415.34
22:52:27	22.664	23.323	23.503	27.745	19.385	18.732	415.42	415.34
22:53:27	22.664	23.322	23.546	27.509	19.385	18.734	415.42	415.34
22:54:27	22.665	23.323	23.547	27.255	19.385	18.733	415.42	415.34
22:55:27	22.665	23.323	23.508	27.176	19.384	18.735	415.42	415.34
22:56:27	22.665	23.322	23.48	27.181	19.38	18.733	415.42	415.34
22:57:27	22.666	23.322	23.45	27.309	19.381	18.734	415.42	415.34
22:58:27	22.667	23.322	23.478	27.538	19.38	18.736	415.42	415.34
22:59:27	22.668	23.324	23.457	27.627	19.385	18.735	415.42	415.34
23:00:27	22.668	23.324	23.451	28.002	19.385	18.736	415.42	415.34
23:01:27	22.668	23.324	23.437	27.942	19.381	18.738	415.42	415.34
23:02:28	22.668	23.322	23.469	27.837	19.382	18.736	415.42	415.34
23:03:27	0.0	23.323	23.51	27.648	19.386	18.735	415.42	415.34
23:04:27	22.67	23.324	23.487	27.626	19.388	18.738	415.42	415.34
23:05:27	22.67	23.324	23.494	27.726	19.391	18.741	415.42	415.34
23:06:27	22.671	23.326	23.49	27.551	19.39	18.738	415.42	415.34
23:07:27	22.671	23.325	23.483	27.778	19.389	18.74	415.42	415.34
23:08:27	22.672	23.327	23.513	27.552	19.387	18.738	415.42	415.34
23:09:27	22.672	23.326	23.506	27.28	19.387	18.741	415.42	415.34
23:10:29	22.672	23.328	23.561	27.059	19.39	18.739	415.42	415.34
23:11:27	22.673	23.328	23.593	26.74	19.388	18.74	415.42	415.34
23:12:27	22.672	23.328	23.491	26.819	19.39	18.741	415.42	415.34
23:13:27	22.672	23.328	23.422	27.28	19.392	18.744	415.42	415.34
23:14:27	22.674	23.328	23.409	27.514	19.393	18.739	415.42	415.34
23:15:27	22.674	23.329	23.407	27.622	19.391	18.742	415.42	415.34
23:16:27	22.674	23.329	23.434	27.53	19.393	18.743	415.42	415.34
23:17:27	22.675	23.328	23.456	27.203	19.394	18.745	415.42	415.34
23:18:27	22.675	23.329	23.479	27.036	19.398	18.741	415.42	415.34
23:19:27	22.675	23.33	23.48	26.837	19.397	18.744	415.42	415.34
23:20:27	22.675	23.33	23.441	26.992	19.397	18.743	415.42	415.34
23:21:27	22.676	23.329	23.451	27.138	19.397	18.744	415.42	415.34
23:22:27	22.676	23.331	23.484	27.778	19.399	18.743	415.42	415.34
23:23:27	22.677	23.331	23.516	28.118	19.4	18.749	415.42	415.34
23:24:27	22.677	23.333	23.555	27.9	19.399	18.749	415.42	415.34
23:25:27	22.678	23.333	23.531	27.492	19.4	18.746	415.42	415.34
23:26:27	22.678	23.333	23.5	27.342	19.398	18.746	415.42	415.34
23:27:27	22.679	23.332	23.497	27.112	19.399	18.751	415.42	415.34
23:28:27	22.679	23.334	23.45	27.057	19.403	18.747	415.42	415.34
23:29:27	22.68	23.334	23.535	26.915	19.402	18.747	415.42	415.34
23:30:27	22.681	23.335	23.497	26.796	19.403	18.749	415.42	415.34
23:31:27	22.679	23.334	23.447	26.893	19.402	18.748	415.42	415.34
23:32:27	22.68	23.335	23.426	26.667	19.403	18.752	415.42	415.34
23:33:27	22.681	23.336	23.421	26.629	19.405	18.749	415.42	415.34
23:34:29	22.681	23.336	23.399	26.864	19.404	18.748	415.42	415.34
23:35:27	22.682	23.337	23.379	27.06	19.404	18.751	415.42	415.34
23:36:27	22.683	23.338	23.391	26.997	19.405	18.752	415.42	415.34
23:37:27	22.682	23.338	23.417	26.92	19.406	18.752	415.42	415.34
23:38:27	22.684	23.338	23.42	26.927	19.41	18.754	415.42	415.34
23:39:27	22.685	23.34	23.507	26.605	19.41	18.752	415.42	415.34
23:40:27	22.685	23.341	23.494	26.462	19.406	18.754	415.42	415.34
23:41:27	22.684	23.34	23.456	26.204	19.406	18.754	415.42	415.34
23:42:27	22.686	23.34	23.441	26.306	19.407	18.754	415.42	415.34
23:43:27	22.685	23.341	23.534	26.393	19.409	18.754	415.42	415.34
23:44:27	22.686	23.341	23.455	26.741	19.411	18.754	415.42	415.34
23:45:27	22.685	23.343	23.469	26.845	19.407	18.759	415.42	415.34
23:46:27	22.687	23.342	23.495	26.506	19.409	18.755	415.42	415.34
23:47:27	22.685	23.343	23.627	26.086	19.408	18.757	415.42	415.34
23:48:27	22.688	23.344	23.629	25.826	19.409	18.758	415.42	415.34
23:49:27	22.687	23.344	23.542	26.009	19.411	18.758	415.42	415.34
23:50:27	22.687	23.344	23.445	26.582	19.414	18.756	415.42	415.34
23:51:27	22.687	23.344	23.412	27.18	19.413	18.761	415.42	415.34
23:52:27	22.689	23.346	23.421	27.568	19.413	18.764	415.42	415.34
23:53:27	22.69	23.347	23.504	27.603	19.414	18.759	415.42	415.34
23:54:27	22.69	23.348	23.498	27.411	19.416	18.761	415.42	415.34
23:55:27	22.69	23.348	23.517	27.444	19.417	18.762	415.42	415.34
23:56:27	22.691	23.347	23.517	27.834	19.413	18.758	415.42	415.34
23:57:27	22.691	23.347	23.54	28.153	19.412	18.761	415.42	415.34
23:58:27	22.69	23.348	23.523	28.203	19.416	18.763	415.42	415.34
23:59:27	22.691	23.348	23.503	28.222	19.415	18.759	415.42	415.34
