00:00:04	16.968	16.477	15.728	16.364	18.224	18.451	415.42	415.34
00:01:04	16.969	16.479	15.615	16.124	18.232	18.426	415.42	415.34
00:02:05	16.969	16.481	15.543	15.992	18.219	18.415	415.42	415.34
00:03:04	16.969	16.482	15.544	15.945	18.226	18.422	415.42	415.34
00:04:04	16.969	16.482	15.519	15.929	18.212	18.418	415.42	415.34
00:05:04	16.971	16.482	15.541	15.802	18.223	18.419	415.42	415.34
00:06:04	16.973	16.48	15.507	15.66	18.224	18.418	415.42	415.34
00:07:04	16.973	16.476	15.52	15.633	18.222	18.426	415.42	415.34
00:08:04	16.976	16.477	15.507	15.611	18.209	18.418	415.42	415.34
00:09:04	16.977	16.475	15.508	15.604	18.23	18.42	415.42	415.34
00:10:04	16.977	16.474	15.559	15.76	18.219	18.422	415.42	415.34
00:11:04	16.973	16.475	15.534	15.742	18.219	18.419	415.42	415.34
00:12:04	16.971	16.475	15.514	15.681	18.21	18.421	415.42	415.34
00:13:04	16.969	16.472	15.497	15.657	18.216	18.421	415.42	415.34
00:14:04	16.967	16.472	15.47	15.635	18.221	18.416	415.42	415.34
00:15:04	16.966	16.472	15.464	15.529	18.212	18.418	415.42	415.34
00:16:04	16.965	16.469	15.448	15.353	18.212	18.416	415.42	415.34
00:17:04	16.966	16.469	15.423	15.275	18.212	18.415	415.42	415.34
00:18:04	16.967	16.467	15.468	15.545	18.199	18.416	415.42	415.34
00:19:04	16.969	16.468	15.561	16.004	18.206	18.433	415.42	415.34
00:20:04	16.969	16.468	15.607	16.18	18.198	18.42	415.42	415.34
00:21:04	16.968	16.467	15.673	16.292	18.205	18.421	415.42	415.34
00:22:04	16.969	16.468	15.711	16.377	18.211	18.415	415.42	415.34
00:23:04	16.968	16.468	15.764	16.44	18.219	18.42	415.42	415.34
00:24:04	16.969	16.467	15.798	16.507	18.22	18.419	415.42	415.34
00:25:04	16.972	16.471	15.736	16.331	18.216	18.423	415.42	415.34
00:26:04	16.974	16.47	15.645	16.099	18.213	18.422	415.42	415.34
00:27:04	16.973	16.469	15.602	16.018	18.215	18.414	415.42	415.34
00:28:04	16.969	16.471	15.556	15.952	18.193	18.418	415.42	415.34
00:29:04	16.969	16.468	15.562	15.737	18.204	18.419	415.42	415.34
00:30:04	16.966	16.47	15.542	15.573	18.205	18.423	415.42	415.34
00:31:04	16.965	16.472	15.523	15.509	18.214	18.419	415.42	415.34
00:32:05	16.966	16.473	15.513	15.535	18.202	18.429	415.42	415.34
00:33:04	16.964	16.474	15.48	15.438	18.205	18.444	415.42	415.34
00:34:04	16.965	16.476	15.497	15.366	18.212	18.424	415.42	415.34
00:35:04	16.968	16.477	15.509	15.66	18.2	18.421	415.42	415.34
00:36:05	16.969	16.477	15.606	16.012	18.2	18.422	415.42	415.34
00:37:04	0.0	16.475	15.679	16.238	18.222	18.419	415.42	415.34
00:38:04	16.97	16.473	15.708	16.337	18.229	18.425	415.42	415.34
00:39:04	16.974	16.47	15.76	16.41	18.219	18.418	415.42	415.34
00:40:04	16.972	16.472	15.807	16.493	18.207	18.418	415.42	415.34
00:41:04	16.969	16.47	15.82	16.584	18.221	18.419	415.42	415.34
00:42:04	16.966	0.0	15.749	16.474	18.232	18.428	415.42	415.34
00:43:04	16.964	16.468	15.665	16.236	18.212	18.427	415.42	415.34
00:44:04	16.961	16.469	15.607	16.139	18.211	18.428	415.42	415.34
00:45:04	16.961	16.469	15.582	15.966	18.2	18.429	415.42	415.34
00:46:04	16.961	16.47	15.54	15.913	18.214	18.429	415.42	415.34
00:47:04	16.959	16.471	15.524	15.715	18.221	18.415	415.42	415.34
00:48:04	16.959	16.472	15.554	15.552	18.205	18.415	415.42	415.34
00:49:04	16.961	16.472	15.514	15.372	18.207	18.423	415.42	415.34
00:50:04	16.964	16.472	15.486	15.365	18.22	18.42	415.42	415.34
00:51:04	16.966	16.472	15.423	15.325	18.212	18.416	415.42	415.34
00:52:04	16.968	16.471	15.427	15.299	18.203	18.418	415.42	415.34
00:53:04	16.966	16.472	15.418	15.327	18.21	18.423	415.42	415.34
00:54:04	16.963	16.473	15.446	15.611	18.2	18.414	415.42	415.34
00:55:05	16.961	16.471	15.564	15.943	18.211	18.416	415.42	415.34
00:56:04	16.961	16.471	15.633	16.173	18.21	18.414	415.42	415.34
00:57:04	16.96	16.47	15.686	16.347	18.212	18.422	415.42	415.34
00:58:04	16.961	16.469	15.728	16.393	18.214	18.423	415.42	415.34
00:59:04	16.964	16.468	15.774	16.46	18.206	18.426	415.42	415.34
01:00:04	16.965	16.466	15.798	16.575	18.208	18.417	415.42	415.34
01:01:04	16.964	16.466	15.744	16.432	18.221	18.421	415.42	415.34
01:02:04	16.965	16.465	15.677	16.23	18.223	18.42	415.42	415.34
01:03:04	16.963	16.468	15.631	16.134	18.213	18.416	415.42	415.34
01:04:04	16.964	16.469	15.592	15.982	18.215	18.417	415.42	415.34
01:05:04	16.964	16.469	15.58	15.776	18.202	18.423	415.42	415.34
01:06:04	16.963	16.47	15.593	15.744	18.211	18.421	415.42	415.34
01:07:04	16.963	16.472	15.578	15.64	18.216	18.43	415.42	415.34
01:08:04	16.964	16.474	15.578	15.629	18.224	18.421	415.42	415.34
01:09:04	16.968	16.473	15.6	15.617	18.216	18.422	415.42	415.34
01:10:04	16.97	16.471	15.535	15.545	18.209	18.414	415.42	415.34
01:11:04	16.971	16.472	15.538	15.599	18.209	18.42	415.42	415.34
01:12:04	16.969	16.472	15.491	15.607	18.214	18.42	415.42	415.34
01:13:04	16.965	16.473	15.462	15.675	18.218	18.418	415.42	415.34
01:14:04	16.965	16.475	15.483	15.68	18.226	18.407	415.42	415.34
01:15:04	16.964	16.476	15.444	15.512	18.218	18.416	415.42	415.34
01:16:04	16.963	16.478	15.469	15.51	18.216	18.415	415.42	415.34
01:17:04	16.962	16.478	15.427	15.429	18.221	18.411	415.42	415.34
01:18:04	16.965	16.478	15.418	15.395	18.206	18.417	415.42	415.34
01:19:04	16.965	16.475	15.446	15.459	18.208	18.416	415.42	415.34
01:20:04	16.968	16.476	15.435	15.479	18.209	18.412	415.42	415.34
01:21:04	16.969	16.469	15.434	15.446	18.22	18.419	415.42	415.34
01:22:04	16.967	16.465	15.433	15.461	18.205	18.432	415.42	415.34
01:23:04	16.964	16.467	15.426	15.432	18.203	18.418	415.42	415.34
01:24:04	16.963	16.467	15.46	15.467	18.2	18.417	415.42	415.34
01:25:04	16.965	16.469	15.41	15.396	18.195	18.424	415.42	415.34
01:26:04	16.967	16.471	15.369	15.2	18.205	18.422	415.42	415.34
01:27:04	16.963	16.471	15.44	15.475	18.2	18.418	415.42	415.34
01:28:04	16.964	16.47	15.548	15.885	18.2	18.42	415.42	415.34
01:29:04	16.961	16.47	15.603	16.13	18.199	18.414	415.42	415.34
01:30:04	16.961	16.47	15.649	16.291	18.21	18.413	415.42	415.34
01:31:04	16.961	16.469	15.68	16.366	18.203	18.414	415.42	415.34
01:32:04	16.964	16.469	15.711	16.427	18.202	18.414	415.42	415.34
01:33:04	16.964	16.468	15.759	16.455	18.214	18.414	415.42	415.34
01:34:04	16.965	16.467	15.714	16.296	18.204	18.42	415.42	415.34
01:35:04	16.967	16.466	15.613	16.118	18.207	18.423	415.42	415.34
01:36:04	16.963	16.467	15.541	16.009	18.21	18.419	415.42	415.34
01:37:04	16.958	16.468	15.517	15.951	18.219	18.423	415.42	415.34
01:38:04	16.959	16.47	15.481	15.755	18.192	18.415	415.42	415.34
01:39:04	16.957	16.47	15.479	15.548	18.202	18.417	415.42	415.34
01:40:04	16.957	16.47	15.463	15.524	18.216	18.409	415.42	415.34
01:41:04	16.955	16.47	15.457	15.485	18.22	18.414	415.42	415.34
01:42:04	16.954	16.47	15.455	15.39	18.203	18.419	415.42	415.34
01:43:04	16.952	16.469	15.425	15.353	18.215	18.408	415.42	415.34
01:44:04	16.954	16.47	15.39	15.38	18.211	18.436	415.42	415.34
01:45:04	16.955	16.47	15.465	15.575	18.196	18.416	415.42	415.34
01:46:04	16.956	16.469	15.582	15.907	18.207	18.416	415.42	415.34
01:47:04	16.956	16.468	15.632	16.222	18.22	18.413	415.42	415.34
01:48:04	16.958	16.469	15.676	16.334	18.21	18.414	415.42	415.34
01:49:04	16.958	16.468	15.725	16.442	18.205	18.41	415.42	415.34
01:50:04	16.961	16.469	15.776	16.512	18.199	18.412	415.42	415.34
01:51:04	16.962	16.47	15.783	16.564	18.199	18.405	415.42	415.34
01:52:04	16.963	16.47	15.711	16.435	18.193	18.405	415.42	415.34
01:53:04	16.964	16.466	15.604	16.139	18.2	18.41	415.42	415.34
01:54:04	16.96	16.468	15.562	16.07	18.208	18.407	415.42	415.34
01:55:04	16.959	16.469	15.563	15.984	18.221	18.401	415.42	415.34
01:56:04	16.957	16.469	15.558	15.886	18.212	18.412	415.42	415.34
01:57:04	16.955	16.468	15.541	15.704	18.203	18.406	415.42	415.34
01:58:04	16.956	16.468	15.581	15.519	18.222	18.415	415.42	415.34
01:59:04	16.953	16.468	15.54	15.35	18.21	18.411	415.42	415.34
02:00:04	16.955	16.469	15.52	15.459	18.211	18.416	415.42	415.34
02:01:04	16.953	16.472	15.5	15.458	18.219	18.408	415.42	415.34
02:02:04	16.953	16.471	15.44	15.396	18.205	18.426	415.42	415.34
02:03:04	16.953	16.472	15.489	15.615	18.218	18.416	415.42	415.34
02:04:04	16.956	16.473	15.609	16.015	18.223	18.419	415.42	415.34
02:05:05	16.958	16.473	15.676	16.316	18.208	18.41	415.42	415.34
02:06:04	16.957	16.474	15.721	16.444	18.209	18.418	415.42	415.34
02:07:04	16.959	16.473	15.773	16.489	18.213	18.413	415.42	415.34
02:08:04	16.96	16.47	15.813	16.548	18.205	18.414	415.42	415.34
02:09:04	16.959	16.47	15.823	16.631	18.206	18.406	415.42	415.34
02:10:04	16.954	16.47	15.77	16.445	18.202	18.405	415.42	415.34
02:11:04	16.952	16.469	15.685	16.259	18.209	18.411	415.42	415.34
02:12:04	16.954	16.468	15.658	16.118	18.209	18.414	415.42	415.34
02:13:04	16.956	16.469	15.619	16.026	18.199	18.411	415.42	415.34
02:14:04	16.954	16.47	15.597	15.867	18.211	18.403	415.42	415.34
02:15:04	16.953	16.468	15.58	15.785	18.201	18.411	415.42	415.34
02:16:04	16.953	16.469	15.586	15.796	18.208	18.409	415.42	415.34
02:17:04	16.953	16.47	15.582	15.663	18.199	18.41	415.42	415.34
02:18:04	16.953	16.47	15.561	15.629	18.193	18.423	415.42	415.34
02:19:04	16.955	16.468	15.528	15.622	18.199	18.406	415.42	415.34
02:20:04	16.955	16.468	15.507	15.628	18.209	18.418	415.42	415.34
02:21:04	16.953	16.467	15.505	15.582	18.202	18.411	415.42	415.34
02:22:04	16.955	16.469	15.489	15.583	18.211	18.41	415.42	415.34
02:23:04	16.953	0.0	15.453	15.523	18.207	18.408	415.42	415.34
02:24:04	16.955	16.472	15.443	15.477	18.208	18.404	415.42	415.34
02:25:04	16.954	16.472	15.448	15.536	18.21	18.413	415.42	415.34
02:26:04	16.953	16.473	15.473	15.524	18.211	18.413	415.42	415.34
02:27:04	16.953	16.472	15.461	15.602	18.222	18.41	415.42	415.34
02:28:04	16.951	16.472	15.479	15.611	18.216	18.433	415.42	415.34
02:29:04	16.951	16.471	15.406	15.59	18.209	18.415	415.42	415.34
02:30:04	16.952	16.471	15.426	15.557	18.203	18.413	415.42	415.34
02:31:04	16.95	16.47	15.414	15.7	18.214	18.402	415.42	415.34
02:32:04	16.952	16.467	15.411	15.631	18.197	18.403	415.42	415.34
02:33:04	16.95	16.467	15.422	15.567	18.185	18.41	415.42	415.34
02:34:04	16.951	16.466	15.388	15.575	18.201	18.404	415.42	415.34
02:35:04	16.95	16.467	15.392	15.521	18.194	18.414	415.42	415.34
02:36:04	16.951	16.466	15.394	15.481	18.185	18.405	415.42	415.34
02:37:04	16.951	16.465	15.378	15.409	18.201	18.406	415.42	415.34
02:38:04	16.953	16.465	15.452	15.658	18.205	18.414	415.42	415.34
02:39:04	16.955	16.467	15.469	15.586	18.206	18.418	415.42	415.34
02:40:04	16.956	16.467	15.453	15.57	18.204	18.413	415.42	415.34
02:41:04	16.957	16.467	15.429	15.539	18.208	18.414	415.42	415.34
02:42:04	16.958	16.469	15.419	15.368	18.205	18.421	415.42	415.34
02:43:04	16.958	16.47	15.451	15.593	18.209	18.416	415.42	415.34
02:44:04	16.959	16.468	15.546	15.926	18.202	18.417	415.42	415.34
02:45:04	16.958	16.467	15.608	16.147	18.203	18.409	415.42	415.34
02:46:04	16.956	16.47	15.643	16.338	18.196	18.42	415.42	415.34
02:47:04	16.957	16.47	15.674	16.386	18.214	18.413	415.42	415.34
02:48:04	16.954	16.472	15.713	16.411	18.205	18.409	415.42	415.34
02:49:04	16.958	16.473	15.755	16.481	18.209	18.408	415.42	415.34
02:50:04	16.955	16.473	15.714	16.454	18.223	18.409	415.42	415.34
02:51:04	16.953	16.475	15.637	16.283	18.23	18.417	415.42	415.34
02:52:04	16.952	16.475	15.578	16.116	18.23	18.411	415.42	415.34
02:53:04	16.949	16.474	15.563	15.937	18.225	18.414	415.42	415.34
02:54:04	16.948	16.474	15.58	15.734	18.197	18.407	415.42	415.34
02:55:04	16.949	16.473	15.55	15.548	18.209	18.414	415.42	415.34
02:56:04	16.948	16.474	15.55	15.387	18.207	18.402	415.42	415.34
02:57:04	16.948	16.476	15.521	15.501	18.219	18.412	415.42	415.34
02:58:04	16.948	16.478	15.487	15.527	18.211	18.405	415.42	415.34
02:59:04	16.948	16.479	15.498	15.448	18.208	18.416	415.42	415.34
03:00:04	16.95	16.478	15.521	15.684	18.202	18.418	415.42	415.34
03:01:04	16.948	16.477	15.617	16.028	18.219	18.418	415.42	415.34
03:02:04	16.948	16.476	15.666	16.281	18.215	18.409	415.42	415.34
03:03:04	16.948	16.474	15.713	16.403	18.222	18.406	415.42	415.34
03:04:04	16.949	16.475	15.766	16.482	18.198	18.413	415.42	415.34
03:05:04	16.948	16.472	15.8	16.543	18.212	18.407	415.42	415.34
03:06:04	16.948	16.471	15.825	16.598	18.211	18.414	415.42	415.34
03:07:04	16.947	16.473	15.8	16.52	18.205	18.415	415.42	415.34
03:08:04	16.946	16.473	15.717	16.24	18.202	18.409	415.42	415.34
03:09:04	16.946	16.474	15.631	16.114	18.189	18.4	415.42	415.34
03:10:04	16.947	16.476	15.597	15.903	18.211	18.407	415.42	415.34
03:11:04	16.948	16.476	15.581	15.615	18.213	18.414	415.42	415.34
03:12:04	16.945	16.476	15.637	15.537	18.212	18.419	415.42	415.34
03:13:04	16.945	16.476	15.595	15.487	18.207	18.412	415.42	415.34
03:14:04	16.944	16.477	15.583	15.519	18.215	18.411	415.42	415.34
03:15:04	16.943	16.477	15.585	15.397	18.224	18.412	415.42	415.34
03:16:04	16.945	16.477	15.619	15.518	18.209	18.419	415.42	415.34
03:17:04	16.945	16.477	15.606	15.591	18.213	18.411	415.42	415.34
03:18:04	16.946	16.477	15.584	15.627	18.209	18.418	415.42	415.34
03:19:04	16.945	16.477	15.544	15.652	18.202	18.427	415.42	415.34
03:20:04	16.944	16.476	15.609	15.681	18.208	18.413	415.42	415.34
03:21:04	16.945	16.473	15.592	15.558	18.203	18.416	415.42	415.34
03:22:04	16.943	16.473	15.581	15.584	18.2	18.41	415.42	415.34
03:23:04	16.942	16.471	15.598	15.589	18.208	18.408	415.42	415.34
03:24:04	16.943	16.469	15.578	15.569	18.202	18.417	415.42	415.34
03:25:04	16.942	16.468	15.574	15.587	18.203	18.408	415.42	415.34
03:26:04	16.942	16.466	15.541	15.572	18.207	18.412	415.42	415.34
03:27:04	16.941	16.463	15.591	15.753	18.212	18.404	415.42	415.34
03:28:04	16.939	16.464	15.696	16.022	18.197	18.412	415.42	415.34
03:29:04	16.939	16.464	15.746	16.305	18.2	18.413	415.42	415.34
03:30:04	16.939	16.465	15.784	16.405	18.194	18.409	415.42	415.34
03:31:04	16.939	16.467	15.804	16.482	18.205	18.414	415.42	415.34
03:32:04	16.939	16.468	15.845	16.554	18.209	18.414	415.42	415.34
03:33:04	16.939	16.47	15.861	16.644	18.206	18.41	415.42	415.34
03:34:04	16.941	16.472	15.775	16.514	18.214	18.416	415.42	415.34
03:35:04	16.943	16.474	15.682	16.242	18.211	18.407	415.42	415.34
03:36:04	16.942	16.471	15.615	16.139	18.209	18.403	415.42	415.34
03:37:04	16.943	16.469	15.618	16.043	18.19	18.413	415.42	415.34
03:38:04	16.943	16.468	15.622	15.905	18.203	18.417	415.42	415.34
03:39:04	16.944	16.47	15.616	15.715	18.19	18.406	415.42	415.34
03:40:04	16.948	16.471	15.6	15.592	18.197	18.407	415.42	415.34
03:41:04	16.948	16.471	15.622	15.569	18.203	18.41	415.42	415.34
03:42:04	16.946	16.474	15.608	15.515	18.221	18.412	415.42	415.34
03:43:04	16.947	16.476	15.574	15.421	18.209	18.402	415.42	415.34
03:44:04	16.946	16.475	15.603	15.412	18.212	18.403	415.42	415.34
03:45:04	16.944	16.473	15.584	15.481	18.207	18.4	415.42	415.34
03:46:04	16.944	16.474	15.573	15.541	18.213	18.407	415.42	415.34
03:47:04	16.944	16.476	15.553	15.562	18.206	18.406	415.42	415.34
03:48:04	16.943	16.476	15.552	15.417	18.206	18.41	415.42	415.34
03:49:04	16.944	16.476	15.527	15.234	18.204	18.405	415.42	415.34
03:50:04	16.943	16.476	15.526	15.519	18.197	18.405	415.42	415.34
03:51:06	16.945	16.474	15.654	15.895	18.21	18.41	415.42	415.34
03:52:04	16.944	16.473	15.701	16.189	18.216	18.403	415.42	415.34
03:53:04	16.945	16.471	15.726	16.385	18.206	18.418	415.42	415.34
03:54:05	16.945	16.47	15.766	16.451	18.191	18.407	415.42	415.34
03:55:04	16.945	16.469	15.81	16.501	18.19	18.402	415.42	415.34
03:56:05	16.944	16.47	15.854	16.581	18.198	18.41	415.42	415.34
03:57:05	16.942	16.469	15.833	16.491	18.193	18.42	415.42	415.34
03:58:05	16.942	16.469	15.752	16.291	18.195	18.402	415.42	415.34
03:59:05	16.941	16.468	15.672	16.207	18.197	18.402	415.42	415.34
04:00:05	16.942	16.469	15.661	16.091	18.197	18.414	415.42	415.34
04:01:04	16.941	16.47	15.632	15.824	18.198	18.409	415.42	415.34
04:02:04	16.941	16.471	15.603	15.65	18.208	18.397	415.42	415.34
04:03:05	16.94	16.468	15.593	15.454	18.191	18.392	415.42	415.34
04:04:05	16.941	16.467	15.574	15.465	18.187	18.396	415.42	415.34
04:05:05	16.943	16.466	15.537	15.276	18.192	18.39	415.42	415.34
04:06:05	16.943	16.463	15.507	15.279	18.179	18.398	415.42	415.34
04:07:04	16.942	16.463	15.473	15.175	18.186	18.398	415.42	415.34
04:08:05	16.942	16.463	15.517	15.42	18.191	18.4	415.42	415.34
04:09:05	16.943	16.462	15.631	15.852	18.185	18.399	415.42	415.34
04:10:05	16.941	16.464	15.687	16.181	18.199	18.403	415.42	415.34
04:11:05	16.942	16.464	15.735	16.346	18.182	18.393	415.42	415.34
04:12:05	16.939	16.465	15.779	16.465	18.198	18.397	415.42	415.34
04:13:04	16.942	16.464	15.823	16.541	18.19	18.386	415.42	415.34
04:14:05	16.942	16.463	15.825	16.617	18.201	18.405	415.42	415.34
04:15:05	16.94	16.462	15.763	16.396	18.199	18.412	415.42	415.34
04:16:05	16.938	16.46	15.671	16.077	18.198	18.398	415.42	415.34
04:17:05	16.938	16.459	15.602	16.008	18.185	18.394	415.42	415.34
04:18:05	16.94	16.46	15.593	15.892	18.177	18.4	415.42	415.34
04:19:04	16.938	16.461	15.592	15.917	18.186	18.396	415.42	415.34
04:20:05	16.938	16.463	15.584	15.761	18.19	18.401	415.42	415.34
04:21:05	16.937	16.464	15.596	15.701	18.183	18.405	415.42	415.34
04:22:04	16.939	16.464	15.59	15.618	18.186	18.398	415.42	415.34
04:23:04	16.938	16.464	15.626	15.39	18.177	18.403	415.42	415.34
04:24:05	16.94	16.465	15.562	15.346	18.189	18.403	415.42	415.34
04:25:04	16.942	16.465	15.531	15.384	18.201	18.41	415.42	415.34
04:26:05	16.942	16.463	15.494	15.327	18.186	18.402	415.42	415.34
04:27:05	16.945	16.464	15.51	15.458	18.181	18.404	415.42	415.34
04:28:05	16.946	16.464	15.631	15.828	18.187	18.392	415.42	415.34
04:29:05	16.945	16.466	15.685	16.126	18.198	18.391	415.42	415.34
04:30:05	16.943	16.467	15.749	16.322	18.197	18.385	415.42	415.34
04:31:05	16.943	16.468	15.798	16.408	18.198	18.396	415.42	415.34
04:32:05	16.943	16.469	15.842	16.504	18.192	18.392	415.42	415.34
04:33:05	16.943	16.467	15.87	16.583	18.184	18.391	415.42	415.34
04:34:05	16.941	16.468	15.84	16.537	18.195	18.39	415.42	415.34
04:35:04	16.942	16.467	15.734	16.194	18.197	18.396	415.42	415.34
04:36:05	16.942	16.468	15.671	16.036	18.183	18.397	415.42	415.34
04:37:05	16.941	16.469	15.653	15.927	18.195	18.391	415.42	415.34
04:38:04	16.941	16.47	15.62	15.863	18.197	18.395	415.42	415.34
04:39:05	16.942	16.469	15.624	15.805	18.194	18.406	415.42	415.34
04:40:05	16.942	16.47	15.617	15.77	18.2	18.411	415.42	415.34
04:41:05	16.942	16.471	15.599	15.784	18.206	18.415	415.42	415.34
04:42:05	16.942	16.47	15.564	15.783	18.196	18.401	415.42	415.34
04:43:04	16.945	16.472	15.566	15.747	18.202	18.406	415.42	415.34
04:44:05	16.946	16.472	15.573	15.568	18.19	18.402	415.42	415.34
04:45:04	16.947	16.474	15.533	15.467	18.19	18.389	415.42	415.34
04:46:05	16.945	16.473	15.534	15.52	18.195	18.399	415.42	415.34
04:47:05	16.946	16.473	15.54	15.488	18.192	18.403	415.42	415.34
04:48:04	16.947	16.474	15.504	15.422	18.197	18.398	415.42	415.34
04:49:06	16.948	16.473	15.514	15.44	18.19	18.403	415.42	415.34
04:50:05	16.946	16.472	15.512	15.368	18.185	18.405	415.42	415.34
04:51:05	16.945	16.472	15.524	15.413	18.185	18.395	415.42	415.34
04:52:05	16.944	16.472	15.509	15.511	18.182	18.399	415.42	415.34
04:53:04	16.946	16.472	15.459	15.375	18.185	18.395	415.42	415.34
04:54:05	16.946	16.471	15.495	15.458	18.176	18.408	415.42	415.34
04:55:04	16.946	16.47	15.605	15.84	18.175	18.395	415.42	415.34
04:56:04	16.945	16.468	15.686	16.139	18.196	18.399	415.42	415.34
04:57:05	16.944	16.467	15.712	16.342	18.185	18.391	415.42	415.34
04:58:05	16.942	16.466	15.76	16.382	18.198	18.389	415.42	415.34
04:59:05	16.942	16.465	15.789	16.449	18.185	18.389	415.42	415.34
05:00:05	16.94	16.465	15.829	16.489	18.183	18.396	415.42	415.34
05:01:05	16.941	16.465	15.772	16.516	18.178	18.391	415.42	415.34
05:02:05	16.941	16.465	15.687	16.284	18.18	18.391	415.42	415.34
05:03:05	16.943	16.462	15.655	16.224	18.183	18.402	415.42	415.34
05:04:05	16.942	16.463	15.611	16.06	18.195	18.395	415.42	415.34
05:05:04	16.941	16.465	15.585	15.983	18.198	18.398	415.42	415.34
05:06:05	16.941	16.465	15.609	15.923	18.165	18.396	415.42	415.34
05:07:05	16.94	16.467	15.603	15.764	18.187	18.399	415.42	415.34
05:08:05	16.942	16.467	15.578	15.63	18.19	18.4	415.42	415.34
05:09:05	16.943	16.467	15.568	15.525	18.18	18.402	415.42	415.34
05:10:05	16.945	16.467	15.533	15.474	18.186	18.4	415.42	415.34
05:11:05	16.947	16.466	15.52	15.39	18.191	18.395	415.42	415.34
05:12:05	16.947	16.464	15.511	15.336	18.185	18.401	415.42	415.34
05:13:05	16.947	16.464	15.52	15.401	18.193	18.4	415.42	415.34
05:14:05	16.946	16.465	15.621	15.858	18.188	18.394	415.42	415.34
05:15:04	16.947	16.461	15.707	16.151	18.186	18.393	415.42	415.34
05:16:05	16.948	16.463	15.736	16.328	18.191	18.386	415.42	415.34
05:17:04	16.948	16.463	15.783	16.447	18.191	18.4	415.42	415.34
05:18:05	16.946	16.464	15.834	16.514	18.194	18.4	415.42	415.34
05:19:04	16.947	16.466	15.852	16.584	18.186	18.389	415.42	415.34
05:20:05	16.945	16.466	15.811	16.569	18.172	18.387	415.42	415.34
05:21:05	16.945	16.468	15.731	16.303	18.184	18.398	415.42	415.34
05:22:05	16.946	16.467	15.647	16.124	18.187	18.388	415.42	415.34
05:23:05	16.945	16.468	15.627	15.927	18.178	18.394	415.42	415.34
05:24:05	16.945	16.47	15.617	15.798	18.173	18.393	415.42	415.34
05:25:05	16.945	16.47	15.589	15.716	18.177	18.402	415.42	415.34
05:26:05	16.945	16.47	15.581	15.683	18.191	18.399	415.42	415.34
05:27:05	16.946	16.465	15.559	15.595	18.188	18.394	415.42	415.34
05:28:05	16.944	16.465	15.57	15.587	18.174	18.399	415.42	415.34
05:29:05	16.942	16.465	15.546	15.582	18.165	18.391	415.42	415.34
05:30:05	16.944	16.466	15.48	15.561	18.164	18.391	415.42	415.34
05:31:05	16.944	16.467	15.485	15.685	18.177	18.393	415.42	415.34
05:32:05	16.943	16.466	15.647	16.002	18.186	18.389	415.42	415.34
05:33:05	16.946	16.466	15.709	16.26	18.181	18.389	415.42	415.34
05:34:05	16.945	16.466	15.739	16.426	18.184	18.388	415.42	415.34
05:35:04	16.949	16.467	15.79	16.506	18.183	18.392	415.42	415.34
05:36:05	16.949	16.467	15.843	16.572	18.179	18.388	415.42	415.34
05:37:05	16.95	16.467	15.872	16.647	18.17	18.391	415.42	415.34
05:38:05	16.95	16.467	15.773	16.631	18.177	18.393	415.42	415.34
05:39:05	16.952	16.467	15.691	16.33	18.178	18.389	415.42	415.34
05:40:05	16.951	16.466	15.643	16.213	18.181	18.397	415.42	415.34
05:41:05	16.951	16.468	15.579	16.188	18.19	18.398	415.42	415.34
05:42:05	16.949	16.468	15.568	16.086	18.198	18.402	415.42	415.34
05:43:05	16.951	16.468	15.668	16.205	18.181	18.397	415.42	415.34
05:44:05	16.948	16.469	15.751	16.399	18.182	18.39	415.42	415.34
05:45:05	16.949	16.469	15.819	16.584	18.179	18.388	415.42	415.34
05:46:05	16.951	16.468	15.884	16.642	18.194	18.386	415.42	415.34
05:47:05	16.95	16.466	15.917	16.708	18.188	18.393	415.42	415.34
05:48:05	16.951	16.467	15.95	16.795	18.184	18.396	415.42	415.34
05:49:05	16.949	16.467	15.912	16.769	18.182	18.388	415.42	415.34
05:50:05	16.947	16.468	15.793	16.462	18.194	18.403	415.42	415.34
05:51:05	16.948	16.466	15.753	16.257	18.185	18.402	415.42	415.34
05:52:05	16.945	16.465	15.693	16.223	18.186	18.388	415.42	415.34
05:53:05	16.945	16.464	15.643	16.157	18.181	18.393	415.42	415.34
05:54:05	16.945	16.465	15.618	15.976	18.176	18.39	415.42	415.34
05:55:05	16.943	16.464	15.585	15.895	18.188	18.388	415.42	415.34
05:56:05	16.942	16.464	15.575	15.76	18.174	18.398	415.42	415.34
05:57:05	16.943	16.464	15.562	15.717	18.184	18.4	415.42	415.34
05:58:05	16.94	16.465	15.616	15.632	18.198	18.393	415.42	415.34
05:59:05	16.942	16.465	15.589	15.554	18.19	18.394	415.42	415.34
06:00:05	16.944	16.467	15.536	15.579	18.18	18.391	415.42	415.34
06:01:05	16.948	16.468	15.5	15.557	18.179	18.401	415.42	415.34
06:02:05	16.947	16.465	15.47	15.506	18.195	18.394	415.42	415.34
06:03:05	16.949	16.462	15.504	15.491	18.185	18.41	415.42	415.34
06:04:06	16.948	0.0	15.514	15.607	18.18	18.401	415.42	415.34
06:05:05	16.95	16.466	15.489	15.65	18.182	18.394	415.42	415.34
06:06:05	16.951	16.465	15.499	15.719	18.183	18.391	415.42	415.34
06:07:05	16.951	16.465	15.457	15.682	18.176	18.383	415.42	415.34
06:08:05	16.951	16.467	15.462	15.658	18.185	18.388	415.42	415.34
06:09:05	16.951	16.467	15.484	15.554	18.179	18.397	415.42	415.34
06:10:05	16.949	16.468	15.461	15.397	18.187	18.394	415.42	415.34
06:11:05	16.951	16.467	15.478	15.444	18.187	18.39	415.42	415.34
06:12:05	16.95	16.465	15.462	15.365	18.164	18.384	415.42	415.34
06:13:07	16.949	16.466	15.42	15.314	18.194	18.38	415.42	415.34
06:14:05	16.945	16.464	15.447	15.361	18.186	18.392	415.42	415.34
06:15:05	16.947	16.466	15.508	15.713	18.186	18.392	415.42	415.34
06:16:05	16.948	16.466	15.596	16.073	18.176	18.386	415.42	415.34
06:17:05	16.947	16.467	15.641	16.258	18.178	18.386	415.42	415.34
06:18:05	16.946	16.466	15.665	16.328	18.171	18.386	415.42	415.34
06:19:05	16.947	16.466	15.722	16.398	18.174	18.388	415.42	415.34
06:20:05	16.947	16.468	15.758	16.437	18.173	18.383	415.42	415.34
06:21:05	16.947	16.469	15.735	16.543	18.192	18.387	415.42	415.34
06:22:05	16.949	16.469	15.644	16.387	18.182	18.39	415.42	415.34
06:23:05	16.952	16.47	15.579	16.219	18.178	18.389	415.42	415.34
06:24:05	16.952	16.466	15.565	16.156	18.164	18.387	415.42	415.34
06:25:05	16.951	16.466	15.568	16.062	18.176	18.384	415.42	415.34
06:26:05	16.95	16.464	15.561	15.989	18.189	18.385	415.42	415.34
06:27:05	16.951	16.465	15.537	15.813	18.177	18.382	415.42	415.34
06:28:05	16.95	16.466	15.548	15.693	18.185	18.384	415.42	415.34
06:29:05	16.951	16.465	15.55	15.69	18.193	18.384	415.42	415.34
06:30:05	16.949	16.464	15.557	15.778	18.186	18.393	415.42	415.34
06:31:05	16.951	16.465	15.52	15.637	18.174	18.395	415.42	415.34
06:32:05	16.952	16.466	15.524	15.55	18.18	18.388	415.42	415.34
06:33:05	16.951	16.468	15.537	15.63	18.168	18.382	415.42	415.34
06:34:06	16.953	16.466	15.523	15.553	18.176	18.389	415.42	415.34
06:35:05	16.951	16.467	15.507	15.62	18.17	18.381	415.42	415.34
06:36:05	16.952	16.462	15.489	15.576	18.169	18.381	415.42	415.34
06:37:05	16.952	16.462	15.472	15.473	18.171	18.38	415.42	415.34
06:38:05	16.951	16.464	15.489	15.417	18.159	18.391	415.42	415.34
06:39:05	16.948	16.463	15.453	15.321	18.159	18.384	415.42	415.34
06:40:05	16.949	16.462	15.462	15.429	18.162	18.378	415.42	415.34
06:41:05	16.945	16.462	15.539	15.704	18.169	18.379	415.42	415.34
06:42:05	16.946	16.462	15.618	15.965	18.174	18.379	415.42	415.34
06:43:05	16.946	16.462	15.678	16.178	18.168	18.38	415.42	415.34
06:44:05	16.946	16.463	15.721	16.33	18.174	18.379	415.42	415.34
06:45:05	16.948	16.464	15.754	16.408	18.182	18.388	415.42	415.34
06:46:05	16.951	16.464	15.784	16.5	18.173	18.382	415.42	415.34
06:47:05	16.951	16.462	15.798	16.574	18.17	18.384	415.42	415.34
06:48:05	16.95	16.46	15.723	16.36	18.166	18.385	415.42	415.34
06:49:05	16.948	16.459	15.659	16.191	18.171	18.379	415.42	415.34
06:50:05	16.95	16.458	15.638	16.144	18.167	18.382	415.42	415.34
06:51:05	16.948	16.461	15.618	16.017	18.169	18.381	415.42	415.34
06:52:05	16.945	16.463	15.57	15.927	18.168	18.375	415.42	415.34
06:53:05	16.944	16.464	15.568	15.787	18.195	18.376	415.42	415.34
06:54:05	16.944	16.463	15.562	15.643	18.189	18.388	415.42	415.34
06:55:05	16.945	16.464	15.552	15.634	18.19	18.384	415.42	415.34
06:56:05	16.945	16.464	15.557	15.54	18.176	18.375	415.42	415.34
06:57:05	16.943	16.465	15.528	15.453	18.184	18.38	415.42	415.34
06:58:05	16.942	16.465	15.511	15.231	18.17	18.379	415.42	415.34
06:59:05	16.945	16.467	15.463	15.134	18.176	18.378	415.42	415.34
07:00:05	16.945	16.466	15.437	15.124	18.172	18.391	415.42	415.34
07:01:05	16.947	16.467	15.432	15.159	18.188	18.383	415.42	415.34
07:02:05	16.948	16.465	15.545	15.597	18.171	18.379	415.42	415.34
07:03:05	16.948	16.464	15.629	15.951	18.173	18.377	415.42	415.34
07:04:05	0.0	16.464	15.677	16.201	18.183	18.38	415.42	415.34
07:05:05	16.948	16.463	15.721	16.331	18.192	18.376	415.42	415.34
07:06:05	16.948	16.463	15.764	16.419	18.181	18.378	415.42	415.34
07:07:05	16.947	16.465	15.808	16.489	18.171	18.379	415.42	415.34
07:08:05	16.948	16.466	15.825	16.557	18.176	18.379	415.42	415.34
07:09:05	16.945	16.466	15.733	16.343	18.17	18.38	415.42	415.34
07:10:05	16.945	16.464	15.651	16.13	18.18	18.378	415.42	415.34
07:11:05	16.946	16.465	15.634	16.055	18.174	18.385	415.42	415.34
07:12:06	16.944	16.466	15.574	15.977	18.177	18.375	415.42	415.34
07:13:05	16.946	16.465	15.554	15.681	18.188	18.386	415.42	415.34
07:14:05	16.945	16.464	15.562	15.446	18.183	18.382	415.42	415.34
07:15:05	16.945	16.464	15.557	15.468	18.182	18.388	415.42	415.34
07:16:05	16.943	16.467	15.553	15.291	18.175	18.381	415.42	415.34
07:17:05	16.944	16.467	15.526	15.234	18.181	18.378	415.42	415.34
07:18:05	16.945	16.469	15.588	15.606	18.187	18.379	415.42	415.34
07:19:05	16.944	16.469	15.665	15.939	18.167	18.383	415.42	415.34
07:20:05	16.944	16.471	15.704	16.275	18.186	18.382	415.42	415.34
07:21:05	16.945	16.471	15.761	16.421	18.185	18.396	415.42	415.34
07:22:05	16.943	16.47	15.814	16.469	18.159	18.388	415.42	415.34
07:23:05	16.942	16.469	15.83	16.558	18.168	18.389	415.42	415.34
07:24:05	16.94	16.47	15.829	16.66	18.168	18.394	415.42	415.34
07:25:05	16.94	16.47	15.737	16.47	18.172	18.386	415.42	415.34
07:26:05	16.941	16.468	15.672	16.217	18.17	18.375	415.42	415.34
07:27:05	16.942	16.467	15.647	16.098	18.17	18.376	415.42	415.34
07:28:05	16.941	16.466	15.613	15.956	18.17	18.377	415.42	415.34
07:29:05	16.942	16.464	15.584	15.746	18.167	18.378	415.42	415.34
07:30:05	16.939	16.464	15.569	15.646	18.184	18.377	415.42	415.34
07:31:05	16.94	16.463	15.535	15.591	18.158	18.379	415.42	415.34
07:32:05	16.939	16.464	15.518	15.64	18.171	18.382	415.42	415.34
07:33:05	16.941	16.464	15.506	15.714	18.178	18.375	415.42	415.34
07:34:05	16.94	16.466	15.5	15.641	18.178	18.377	415.42	415.34
07:35:05	16.94	16.466	15.475	15.675	18.18	18.393	415.42	415.34
07:36:08	16.94	16.467	15.461	15.507	18.176	18.391	415.42	415.34
07:37:05	0.0	16.468	15.448	15.413	18.19	18.38	415.42	415.34
07:38:05	16.94	16.468	15.401	15.352	18.177	18.384	415.42	415.34
07:39:05	16.942	16.47	15.362	15.277	18.178	18.38	415.42	415.34
07:40:05	16.944	16.47	15.44	15.628	18.181	18.377	415.42	415.34
07:41:05	16.947	16.47	15.567	15.983	18.176	18.382	415.42	415.34
07:42:05	16.947	16.47	15.631	16.208	18.184	18.377	415.42	415.34
07:43:05	16.948	16.47	15.668	16.366	18.168	18.378	415.42	415.34
07:44:05	16.945	16.47	15.704	16.402	18.166	18.379	415.42	415.34
07:45:05	16.945	16.468	15.74	16.446	18.184	18.375	415.42	415.34
07:46:05	16.945	16.469	15.788	16.494	18.173	18.374	415.42	415.34
07:47:05	16.946	16.468	15.744	16.316	18.164	18.379	415.42	415.34
07:48:05	16.944	16.469	15.601	16.133	18.159	18.381	415.42	415.34
07:49:05	16.945	16.469	15.538	15.992	18.166	18.373	415.42	415.34
07:50:05	16.945	16.47	15.534	15.9	18.174	18.378	415.42	415.34
07:51:05	16.943	16.47	15.508	15.809	18.169	18.381	415.42	415.34
07:52:05	16.943	16.469	15.514	15.666	18.173	18.389	415.42	415.34
07:53:05	16.942	16.468	15.498	15.575	18.165	18.375	415.42	415.34
07:54:05	16.942	16.47	15.48	15.592	18.177	18.376	415.42	415.34
07:55:05	16.942	16.469	15.436	15.495	18.18	18.376	415.42	415.34
07:56:05	16.942	16.467	15.529	15.776	18.172	18.379	415.42	415.34
07:57:05	16.941	16.467	15.624	16.094	18.183	18.383	415.42	415.34
07:58:05	16.941	16.468	15.689	16.341	18.183	18.384	415.42	415.34
07:59:07	16.941	16.469	15.736	16.447	18.17	18.388	415.42	415.34
08:00:05	16.941	16.468	15.786	16.529	18.168	18.377	415.42	415.34
08:01:05	16.942	16.468	15.819	16.627	18.182	18.372	415.42	415.34
08:02:05	16.941	16.47	15.83	16.67	18.178	18.387	415.42	415.34
08:03:05	16.942	16.472	15.739	16.459	18.179	18.382	415.42	415.34
08:04:05	16.942	16.469	15.67	16.192	18.165	18.376	415.42	415.34
08:05:05	16.942	16.47	15.624	16.247	18.172	18.382	415.42	415.34
08:06:05	16.942	16.472	15.575	16.112	18.174	18.38	415.42	415.34
08:07:05	16.942	16.472	15.537	15.817	18.173	18.376	415.42	415.34
08:08:05	16.941	16.471	15.505	15.667	18.162	18.378	415.42	415.34
08:09:05	16.943	16.47	15.509	15.651	18.164	18.371	415.42	415.34
08:10:05	16.94	16.47	15.509	15.631	18.166	18.378	415.42	415.34
08:11:05	16.938	16.471	15.514	15.421	18.169	18.383	415.42	415.34
08:12:05	16.939	16.47	15.47	15.257	18.177	18.378	415.42	415.34
08:13:05	16.939	16.468	15.465	15.331	18.171	18.386	415.42	415.34
08:14:05	16.938	16.47	15.442	15.368	18.171	18.385	415.42	415.34
08:15:06	16.938	16.47	15.416	15.451	18.171	18.379	415.42	415.34
08:16:05	16.938	16.471	15.497	15.7	18.173	18.383	415.42	415.34
08:17:06	16.939	16.47	15.598	16.057	18.162	18.379	415.42	415.34
08:18:05	0.0	16.47	15.664	16.323	18.17	18.384	415.42	415.34
08:19:05	16.941	16.471	15.697	16.359	18.159	18.393	415.42	415.34
08:20:05	16.941	16.47	15.732	16.424	18.172	18.393	415.42	415.34
08:21:05	16.94	16.469	15.775	16.516	18.16	18.383	415.42	415.34
08:22:05	16.939	16.468	15.767	16.574	18.168	18.386	415.42	415.34
08:23:05	16.939	16.466	15.69	16.385	18.17	18.38	415.42	415.34
08:24:05	16.941	16.467	15.619	16.198	18.17	18.38	415.42	415.34
08:25:05	16.938	16.468	15.601	16.092	18.167	18.387	415.42	415.34
08:26:05	16.94	16.469	15.585	15.99	18.155	18.393	415.42	415.34
08:27:05	16.938	16.469	15.546	15.783	18.173	18.387	415.42	415.34
08:28:05	16.937	16.469	15.528	15.631	18.153	18.379	415.42	415.34
08:29:05	16.938	16.468	15.494	15.581	18.163	18.378	415.42	415.34
08:30:05	16.938	16.469	15.474	15.471	18.176	18.378	415.42	415.34
08:31:05	16.938	16.468	15.448	15.318	18.165	18.381	415.42	415.34
08:32:05	16.938	16.469	15.409	15.31	18.174	18.382	415.42	415.34
08:33:05	16.94	16.466	15.481	15.643	18.188	18.383	415.42	415.34
08:34:05	16.941	16.465	15.589	16.015	18.173	18.377	415.42	415.34
08:35:07	16.94	16.464	15.658	16.253	18.178	18.371	415.42	415.34
08:36:05	16.937	16.464	15.682	16.402	18.171	18.371	415.42	415.34
08:37:05	16.935	16.462	15.737	16.476	18.16	18.365	415.42	415.34
08:38:05	16.937	16.462	15.78	16.544	18.156	18.369	415.42	415.34
08:39:05	16.935	16.46	15.815	16.626	18.17	18.369	415.42	415.34
08:40:05	16.933	16.46	15.734	16.44	18.161	18.382	415.42	415.34
08:41:05	16.934	16.461	15.632	16.276	18.167	18.377	415.42	415.34
08:42:05	16.932	16.461	15.591	16.009	18.149	18.374	415.42	415.34
08:43:05	16.935	16.463	15.579	15.857	18.157	18.369	415.42	415.34
08:44:05	16.938	16.464	15.559	15.55	18.183	18.388	415.42	415.34
08:45:05	16.936	16.466	15.601	15.864	18.184	18.381	415.42	415.34
08:46:05	16.936	16.466	15.584	15.905	18.176	18.379	415.42	415.34
08:47:05	16.937	16.465	15.569	15.841	18.168	18.372	415.42	415.34
08:48:05	16.938	16.466	15.569	15.825	18.173	18.375	415.42	415.34
08:49:05	16.938	16.467	15.552	15.814	18.173	18.36	415.42	415.34
08:50:05	16.939	16.466	15.548	15.677	18.167	18.37	415.42	415.34
08:51:05	16.942	16.466	15.502	15.665	18.177	18.372	415.42	415.34
08:52:05	16.941	16.467	15.531	15.587	18.164	18.377	415.42	415.34
08:53:05	16.942	16.465	15.527	15.553	18.168	18.372	415.42	415.34
08:54:05	16.942	16.466	15.514	15.481	18.163	18.371	415.42	415.34
08:55:05	16.94	16.463	15.483	15.47	18.167	18.366	415.42	415.34
08:56:05	16.941	16.462	15.466	15.388	18.171	18.378	415.42	415.34
08:57:05	16.942	16.464	15.406	15.355	18.169	18.382	415.42	415.34
08:58:05	16.94	16.463	15.384	15.196	18.177	18.371	415.42	415.34
08:59:05	16.938	16.464	15.361	15.1	18.185	18.372	415.42	415.34
09:00:05	16.938	16.464	15.461	15.473	18.166	18.369	415.42	415.34
09:01:05	16.937	16.467	15.573	15.855	18.18	18.368	415.42	415.34
09:02:05	16.94	16.466	15.633	16.107	18.173	18.369	415.42	415.34
09:03:05	16.939	16.466	15.676	16.312	18.157	18.369	415.42	415.34
09:04:05	16.94	16.465	15.713	16.386	18.168	18.373	415.42	415.34
09:05:05	16.941	16.464	15.755	16.474	18.171	18.37	415.42	415.34
09:06:05	16.94	16.463	15.802	16.525	18.164	18.381	415.42	415.34
09:07:05	16.942	16.464	15.782	16.26	18.166	18.379	415.42	415.34
09:08:05	16.942	16.463	15.663	16.103	18.159	18.372	415.42	415.34
09:09:05	16.939	16.463	15.592	16.102	18.176	18.363	415.42	415.34
09:10:05	16.936	16.461	15.566	15.901	18.167	18.368	415.42	415.34
09:11:05	16.935	16.458	15.508	15.74	18.163	18.376	415.42	415.34
09:12:05	16.937	16.458	15.509	15.634	18.14	18.369	415.42	415.34
09:13:05	16.937	16.461	15.472	15.54	18.151	18.374	415.42	415.34
09:14:05	16.939	16.46	15.491	15.557	18.162	18.364	415.42	415.34
09:15:05	16.938	16.461	15.453	15.48	18.156	18.365	415.42	415.34
09:16:05	16.939	16.461	15.455	15.479	18.167	18.375	415.42	415.34
09:17:05	16.939	16.463	15.472	15.573	18.156	18.363	415.42	415.34
09:18:05	16.939	16.464	15.476	15.443	18.164	18.366	415.42	415.34
09:19:05	16.939	16.463	15.545	15.727	18.16	18.37	415.42	415.34
09:20:05	16.94	16.464	15.604	16.073	18.144	18.364	415.42	415.34
09:21:05	16.941	16.464	15.667	16.323	18.142	18.359	415.42	415.34
09:22:05	16.942	16.463	15.701	16.393	18.158	18.36	415.42	415.34
09:23:05	16.94	16.46	15.739	16.44	18.158	18.364	415.42	415.34
09:24:05	16.937	16.459	15.782	16.513	18.146	18.378	415.42	415.34
09:25:06	16.938	16.46	15.788	16.577	18.149	18.38	415.42	415.34
09:26:05	0.0	16.461	15.705	16.379	18.164	18.371	415.42	415.34
09:27:05	16.938	16.459	15.631	16.192	18.169	18.372	415.42	415.34
09:28:05	16.938	16.459	15.606	16.153	18.153	18.365	415.42	415.34
09:29:05	16.935	16.459	15.585	16.022	18.174	18.362	415.42	415.34
09:30:05	16.935	16.459	15.593	15.875	18.159	18.36	415.42	415.34
09:31:05	16.936	16.458	15.58	15.813	18.166	18.374	415.42	415.34
09:32:05	16.935	16.458	15.536	15.63	18.168	18.369	415.42	415.34
09:33:05	16.934	16.459	15.51	15.504	18.162	18.365	415.42	415.34
09:34:05	16.934	16.459	15.478	15.441	18.148	18.37	415.42	415.34
09:35:05	16.933	16.457	15.446	15.418	18.159	18.361	415.42	415.34
09:36:05	16.935	16.455	15.511	15.688	18.157	18.363	415.42	415.34
09:37:05	16.933	16.454	15.63	16.056	18.152	18.369	415.42	415.34
09:38:05	16.933	16.454	15.697	16.318	18.161	18.371	415.42	415.34
09:39:05	16.933	16.454	15.751	16.4	18.153	18.37	415.42	415.34
09:40:05	16.933	16.456	15.805	16.52	18.151	18.362	415.42	415.34
09:41:05	16.933	16.455	15.832	16.572	18.15	18.367	415.42	415.34
09:42:05	16.934	16.456	15.833	16.651	18.165	18.365	415.42	415.34
09:43:05	16.934	16.457	15.706	16.43	18.159	18.375	415.42	415.34
09:44:05	16.934	16.458	15.622	16.238	18.168	18.37	415.42	415.34
09:45:05	16.936	16.459	15.598	16.148	18.168	18.379	415.42	415.34
09:46:05	16.937	16.457	15.595	16.041	18.154	18.374	415.42	415.34
09:47:07	16.937	16.457	15.605	15.939	18.141	18.373	415.42	415.34
09:48:05	16.938	16.457	15.544	15.728	18.151	18.371	415.42	415.34
09:49:05	16.941	16.458	15.538	15.58	18.16	18.374	415.42	415.34
09:50:05	16.942	16.457	15.538	15.507	18.168	18.373	415.42	415.34
09:51:05	16.944	16.454	15.54	15.445	18.156	18.364	415.42	415.34
09:52:05	16.941	16.451	15.516	15.498	18.157	18.362	415.42	415.34
09:53:05	16.941	16.45	15.443	15.508	18.169	18.361	415.42	415.34
09:54:06	16.943	16.453	15.385	15.454	18.163	18.365	415.42	415.34
09:55:05	16.941	16.452	15.419	15.34	18.156	18.357	415.42	415.34
09:56:05	16.942	16.452	15.503	15.638	18.154	18.375	415.42	415.34
09:57:05	16.939	16.453	15.595	16.022	18.163	18.373	415.42	415.34
09:58:05	16.936	16.456	15.655	16.263	18.158	18.374	415.42	415.34
09:59:05	16.938	16.457	15.695	16.358	18.155	18.356	415.42	415.34
10:00:05	16.94	16.458	15.735	16.418	18.16	18.362	415.42	415.34
10:01:07	16.942	16.457	15.777	16.492	18.144	18.372	415.42	415.34
10:02:05	16.94	16.456	15.775	16.564	18.159	18.366	415.42	415.34
10:03:07	16.941	16.453	15.648	16.346	18.15	18.372	415.42	415.34
10:04:05	16.94	16.457	15.597	16.102	18.162	18.366	415.42	415.34
10:05:05	16.94	16.456	15.572	15.979	18.158	18.362	415.42	415.34
10:06:05	16.939	16.458	15.582	15.857	18.163	18.378	415.42	415.34
10:07:05	16.936	16.46	15.541	15.713	18.165	18.381	415.42	415.34
10:08:05	16.937	16.46	15.541	15.778	18.156	18.376	415.42	415.34
10:09:05	16.938	16.46	15.529	15.656	18.152	18.368	415.42	415.34
10:10:05	16.94	16.459	15.471	15.582	18.152	18.363	415.42	415.34
10:11:05	16.941	16.458	15.475	15.526	18.144	18.367	415.42	415.34
10:12:05	16.941	16.458	15.412	15.33	18.162	18.361	415.42	415.34
10:13:05	16.939	16.459	15.399	15.155	18.171	18.367	415.42	415.34
10:14:05	16.938	16.459	15.469	15.478	18.159	18.36	415.42	415.34
10:15:05	16.94	16.458	15.585	15.884	18.158	18.357	415.42	415.34
10:16:05	16.94	16.456	15.646	16.182	18.15	18.363	415.42	415.34
10:17:05	16.938	16.456	15.678	16.311	18.165	18.364	415.42	415.34
10:18:05	16.94	16.456	15.732	16.408	18.163	18.367	415.42	415.34
10:19:05	16.944	16.455	15.776	16.466	18.156	18.356	415.42	415.34
10:20:05	16.94	16.454	15.792	16.555	18.163	18.36	415.42	415.34
10:21:05	16.938	16.456	15.679	16.306	18.159	18.365	415.42	415.34
10:22:05	16.937	16.457	15.594	16.116	18.166	18.373	415.42	415.34
10:23:05	16.938	16.456	15.57	15.987	18.162	18.37	415.42	415.34
10:24:05	16.938	16.459	15.597	15.919	18.167	18.371	415.42	415.34
10:25:05	16.939	16.46	15.567	15.877	18.147	18.369	415.42	415.34
10:26:05	16.941	16.46	15.518	15.749	18.169	18.361	415.42	415.34
10:27:05	16.94	16.46	15.511	15.71	18.163	18.366	415.42	415.34
10:28:05	16.941	16.459	15.507	15.601	18.158	18.363	415.42	415.34
10:29:07	16.943	16.458	15.523	15.544	18.16	18.362	415.42	415.34
10:30:05	16.94	16.459	15.498	15.406	18.164	18.372	415.42	415.34
10:31:05	16.94	16.458	15.521	15.438	18.159	18.365	415.42	415.34
10:32:05	16.94	16.458	15.497	15.375	18.141	18.354	415.42	415.34
10:33:05	16.939	16.457	15.448	15.471	18.15	18.363	415.42	415.34
10:34:05	16.938	16.457	15.455	15.483	18.157	18.379	415.42	415.34
10:35:05	16.938	16.458	15.478	15.272	18.15	18.375	415.42	415.34
10:36:05	16.939	16.457	15.494	15.315	18.154	18.368	415.42	415.34
10:37:05	16.941	16.457	15.452	15.367	18.148	18.369	415.42	415.34
10:38:05	16.94	16.456	15.455	15.45	18.137	18.364	415.42	415.34
10:39:05	16.944	16.456	15.524	15.677	18.158	18.36	415.42	415.34
10:40:05	16.947	16.457	15.594	16.057	18.159	18.358	415.42	415.34
10:41:05	16.946	16.454	15.651	16.234	18.165	18.373	415.42	415.34
10:42:05	16.945	16.454	15.69	16.364	18.162	18.38	415.42	415.34
10:43:05	16.943	16.455	15.704	16.417	18.158	18.357	415.42	415.34
10:44:05	16.939	16.454	15.766	16.489	18.163	18.36	415.42	415.34
10:45:05	16.938	16.455	15.789	16.518	18.142	18.363	415.42	415.34
10:46:05	16.937	16.451	15.713	16.364	18.137	18.368	415.42	415.34
10:47:05	16.938	16.451	15.645	16.189	18.149	18.361	415.42	415.34
10:48:05	16.935	16.451	15.58	16.028	18.152	18.364	415.42	415.34
10:49:05	16.934	16.451	15.568	15.927	18.159	18.364	415.42	415.34
10:50:05	16.936	16.45	15.531	15.744	18.149	18.367	415.42	415.34
10:51:05	16.935	16.453	15.481	15.567	18.154	18.362	415.42	415.34
10:52:05	16.935	16.45	15.416	15.54	18.153	18.366	415.42	415.34
10:53:05	16.935	16.451	15.408	15.465	18.149	18.371	415.42	415.34
10:54:05	16.938	16.45	15.455	15.589	18.152	18.363	415.42	415.34
10:55:05	16.937	16.45	15.562	15.866	18.155	18.364	415.42	415.34
10:56:08	16.935	16.452	15.636	16.149	18.152	18.355	415.42	415.34
10:57:05	16.939	16.453	15.68	16.348	18.157	18.368	415.42	415.34
10:58:06	16.939	16.451	15.722	16.472	18.166	18.369	415.42	415.34
10:59:05	16.938	16.452	15.76	16.526	18.157	18.363	415.42	415.34
11:00:05	16.94	16.451	15.802	16.567	18.167	18.364	415.42	415.34
11:01:05	16.94	16.449	15.823	16.472	18.151	18.361	415.42	415.34
11:02:06	16.944	16.45	15.714	16.24	18.166	18.355	415.42	415.34
11:03:06	16.941	16.45	15.655	16.103	18.155	18.351	415.42	415.34
11:04:06	16.938	16.45	15.6	16.002	18.158	18.359	415.42	415.34
11:05:06	16.938	16.45	15.563	16.02	18.159	18.357	415.42	415.34
11:06:06	16.936	16.451	15.644	16.154	18.151	18.365	415.42	415.34
11:07:06	16.935	16.451	15.734	16.379	18.16	18.357	415.42	415.34
11:08:06	16.934	16.45	15.796	16.491	18.149	18.369	415.42	415.34
11:09:06	16.932	16.449	15.847	16.591	18.164	18.361	415.42	415.34
11:10:08	16.932	16.449	15.882	16.653	18.157	18.364	415.42	415.34
11:11:06	16.929	16.446	15.919	16.73	18.15	18.357	415.42	415.34
11:12:06	16.928	16.445	15.854	16.673	18.136	18.36	415.42	415.34
11:13:06	16.926	16.446	15.768	16.414	18.153	18.364	415.42	415.34
11:14:06	16.927	16.446	15.718	16.178	18.146	18.362	415.42	415.34
11:15:06	16.928	16.446	15.662	16.14	18.131	18.364	415.42	415.34
11:16:06	16.928	16.446	15.631	16.047	18.143	18.372	415.42	415.34
11:17:08	16.93	16.445	15.596	16.084	18.142	18.367	415.42	415.34
11:18:06	16.933	16.446	15.593	15.856	18.147	18.357	415.42	415.34
11:19:06	16.936	16.446	15.567	15.727	18.133	18.358	415.42	415.34
11:20:06	16.938	16.444	15.525	15.588	18.138	18.359	415.42	415.34
11:21:06	16.939	16.445	15.521	15.689	18.138	18.36	415.42	415.34
11:22:06	16.937	16.443	15.661	16.002	18.161	18.361	415.42	415.34
11:23:06	16.938	16.443	15.724	16.24	18.16	18.362	415.42	415.34
11:24:06	16.936	16.446	15.769	16.406	18.156	18.355	415.42	415.34
11:25:06	16.934	16.447	15.818	16.52	18.146	18.354	415.42	415.34
11:26:06	16.934	16.446	15.865	16.615	18.15	18.355	415.42	415.34
11:27:06	16.933	16.45	15.895	16.726	18.149	18.357	415.42	415.34
11:28:06	16.933	16.451	15.868	16.7	18.144	18.357	415.42	415.34
11:29:06	16.932	16.453	15.811	16.446	18.146	18.36	415.42	415.34
11:30:06	16.93	16.454	15.732	16.253	18.147	18.356	415.42	415.34
11:31:06	16.931	16.453	15.648	16.115	18.146	18.356	415.42	415.34
11:32:06	16.93	16.453	15.557	15.936	18.141	18.364	415.42	415.34
11:33:06	16.93	16.451	15.498	15.875	18.139	18.355	415.42	415.34
11:34:06	16.929	16.449	15.618	16.021	18.139	18.361	415.42	415.34
11:35:06	16.926	16.448	15.708	16.259	18.154	18.365	415.42	415.34
11:36:06	16.925	16.449	15.768	16.497	18.156	18.363	415.42	415.34
11:37:06	16.924	16.448	15.822	16.634	18.148	18.359	415.42	415.34
11:38:06	16.924	16.449	15.877	16.727	18.148	18.363	415.42	415.34
11:39:06	16.923	16.45	15.927	16.807	18.149	18.379	415.42	415.34
11:40:06	16.924	16.452	15.958	16.708	18.159	18.37	415.42	415.34
11:41:06	16.925	16.452	15.901	16.447	18.153	18.366	415.42	415.34
11:42:06	16.924	16.455	15.797	16.373	18.16	18.371	415.42	415.34
11:43:06	16.925	16.455	15.719	16.175	18.159	18.365	415.42	415.34
11:44:07	16.927	16.456	15.67	16.008	18.155	18.362	415.42	415.34
11:45:06	0.0	16.457	15.597	15.892	18.172	18.364	415.42	415.34
11:46:06	16.928	16.456	15.597	15.958	18.165	18.364	415.42	415.34
11:47:06	16.93	16.455	15.609	15.889	18.161	18.362	415.42	415.34
11:48:06	16.929	16.454	15.606	15.845	18.157	18.358	415.42	415.34
11:49:06	16.932	16.455	15.593	15.726	18.148	18.364	415.42	415.34
11:50:06	16.934	16.456	15.576	15.652	18.162	18.366	415.42	415.34
11:51:06	16.934	16.455	15.493	15.659	18.148	18.361	415.42	415.34
11:52:06	16.935	16.454	15.486	15.531	18.147	18.359	415.42	415.34
11:53:06	16.935	16.452	15.493	15.538	18.153	18.354	415.42	0.0
11:54:06	16.934	16.451	15.627	15.892	18.156	18.363	415.42	415.34
11:55:06	16.932	16.45	15.703	16.208	18.153	18.368	415.42	415.34
11:56:06	16.934	16.452	15.752	16.348	18.14	18.371	415.42	415.34
11:57:06	16.932	16.452	15.768	16.459	18.143	18.371	415.42	415.34
11:58:07	16.929	16.45	15.814	16.582	18.152	18.365	415.42	415.34
11:59:06	16.927	16.45	15.858	16.621	18.151	18.36	415.42	415.34
12:00:06	16.925	16.448	15.813	16.574	18.153	18.357	415.42	415.34
12:01:06	16.924	16.448	15.7	16.274	18.155	18.361	415.42	415.34
12:02:06	16.924	16.447	15.635	16.13	18.148	18.353	415.42	415.34
12:03:06	16.924	16.449	15.632	16.077	18.159	18.353	415.42	415.34
12:04:06	16.924	16.451	15.594	15.882	18.162	18.372	415.42	415.34
12:05:06	16.926	16.452	15.559	15.918	18.142	18.367	415.42	415.34
12:06:06	16.927	16.451	15.537	15.734	18.148	18.367	415.42	415.34
12:07:06	16.928	16.45	15.514	15.587	18.145	18.356	415.42	415.34
12:08:06	16.928	16.451	15.485	15.547	18.154	18.346	415.42	415.34
12:09:06	16.93	16.45	15.466	15.412	18.141	18.353	415.42	415.34
12:10:06	16.931	16.45	15.467	15.372	18.129	18.358	415.42	415.34
12:11:06	16.93	16.45	15.433	15.403	18.144	18.352	415.42	415.34
12:12:06	16.928	16.452	15.438	15.457	18.155	18.363	415.42	415.34
12:13:06	16.929	16.452	15.443	15.472	18.159	18.367	415.42	415.34
12:14:06	16.933	16.454	15.446	15.464	18.148	18.362	415.42	415.34
12:15:06	16.931	16.455	15.479	15.572	18.161	18.359	415.42	415.34
12:16:06	16.932	16.453	15.579	15.93	18.139	18.354	415.42	415.34
12:17:06	16.931	16.453	15.636	16.159	18.152	18.352	415.42	415.34
12:18:06	16.93	16.453	15.683	16.313	18.145	18.359	415.42	415.34
12:19:06	16.932	16.451	15.714	16.42	18.142	18.36	415.42	415.34
12:20:06	16.933	16.451	15.745	16.439	18.138	18.352	415.42	415.34
12:21:06	16.932	16.449	15.791	16.513	18.147	18.353	415.42	415.34
12:22:06	16.935	16.449	15.807	16.461	18.164	18.353	415.42	415.34
12:23:06	16.933	16.451	15.715	16.229	18.145	18.354	415.42	415.34
12:24:06	16.935	16.451	15.641	16.138	18.16	18.36	415.42	0.0
12:25:06	16.933	16.454	15.603	16.016	18.151	18.365	415.42	415.34
12:26:06	16.935	16.452	15.599	15.915	18.155	18.361	415.42	415.34
12:27:06	16.932	16.454	15.572	15.82	18.145	18.352	415.42	415.34
12:28:06	16.932	16.453	15.533	15.734	18.149	18.351	415.42	415.34
12:29:06	16.932	16.453	15.477	15.628	18.16	18.354	415.42	415.34
12:30:06	16.933	16.454	15.465	15.557	18.157	18.362	415.42	415.34
12:31:06	16.935	16.452	15.44	15.463	18.172	18.366	415.42	415.34
12:32:06	16.938	16.453	15.438	15.566	18.161	18.369	415.42	415.34
12:33:06	16.938	16.454	15.557	15.918	18.156	18.354	415.42	415.34
12:34:06	16.937	16.454	15.644	16.193	18.154	18.349	415.42	415.34
12:35:06	16.936	16.455	15.707	16.311	18.143	18.359	415.42	415.34
12:36:07	16.935	16.457	15.763	16.415	18.169	18.362	415.42	415.34
12:37:06	0.0	16.458	15.804	16.507	18.155	18.357	415.42	415.34
12:38:06	16.932	16.457	15.832	16.583	18.159	18.361	415.42	415.34
12:39:06	16.932	16.457	15.794	16.663	18.154	18.37	415.42	415.34
12:40:06	16.931	16.458	15.744	16.579	18.149	18.364	415.42	415.34
12:41:06	16.931	16.457	15.691	16.42	18.14	18.361	415.42	415.34
12:42:06	16.931	16.458	15.633	16.317	18.154	18.358	415.42	415.34
12:43:06	16.931	16.456	15.636	16.208	18.162	18.358	415.42	415.34
12:44:06	16.932	16.455	15.589	16.025	18.157	18.361	415.42	415.34
12:45:06	16.933	16.452	15.526	15.771	18.151	18.358	415.42	415.34
12:46:06	16.934	16.452	15.51	15.582	18.166	18.357	415.42	415.34
12:47:06	16.937	16.452	15.514	15.617	18.145	18.358	415.42	415.34
12:48:09	16.939	16.451	15.487	15.551	18.146	18.348	415.42	415.34
12:49:06	16.941	16.45	15.452	15.583	18.148	18.352	415.42	415.34
12:50:07	16.938	16.453	15.476	15.433	18.16	18.352	415.42	415.34
12:51:06	16.936	16.453	15.439	15.483	18.169	18.363	415.42	415.34
12:52:06	16.935	16.453	15.43	15.406	18.165	18.382	415.42	415.34
12:53:06	16.935	16.456	15.424	15.514	18.156	18.377	415.42	415.34
12:54:06	16.937	16.457	15.549	15.882	18.16	18.353	415.42	415.34
12:55:06	16.939	16.456	15.604	16.132	18.163	18.354	415.42	415.34
12:56:06	16.94	16.456	15.655	16.274	18.148	18.357	415.42	415.34
12:57:06	16.939	16.456	15.723	16.356	18.164	18.345	415.42	415.34
12:58:06	16.936	16.456	15.745	16.402	18.152	18.358	415.42	415.34
12:59:06	16.934	16.457	15.774	16.453	18.155	18.357	415.42	415.34
13:00:06	16.934	16.455	15.683	16.466	18.161	18.355	415.42	415.34
13:01:06	16.936	16.454	15.615	16.258	18.151	18.354	415.42	415.34
13:02:06	16.935	16.453	15.564	16.204	18.152	18.356	415.42	415.34
13:03:06	16.933	16.452	15.57	16.108	18.154	18.362	415.42	415.34
13:04:06	16.932	16.453	15.553	15.898	18.14	18.342	415.42	415.34
13:05:06	16.932	16.454	15.541	15.7	18.15	18.345	415.42	415.34
13:06:06	16.932	16.452	15.508	15.706	18.15	18.356	415.42	415.34
13:07:06	16.934	16.454	15.481	15.694	18.145	18.355	415.42	415.34
13:08:06	16.934	16.453	15.469	15.63	18.149	18.352	415.42	415.34
13:09:06	16.937	16.452	15.422	15.513	18.149	18.36	415.42	415.34
13:10:06	16.938	16.452	15.419	15.368	18.15	18.353	415.42	415.34
13:11:06	16.941	16.449	15.517	15.672	18.154	18.358	415.42	415.34
13:12:06	16.943	16.45	15.622	16.07	18.142	18.356	415.42	415.34
13:13:06	16.944	16.451	15.668	16.298	18.153	18.364	415.42	415.34
13:14:06	16.943	16.452	15.714	16.376	18.157	18.352	415.42	415.34
13:15:06	16.941	16.451	15.757	16.464	18.151	18.352	415.42	415.34
13:16:06	16.94	16.45	15.768	16.51	18.142	18.355	415.42	415.34
13:17:06	16.937	16.451	15.788	16.593	18.146	18.349	415.42	415.34
13:18:06	16.935	16.453	15.711	16.35	18.149	18.346	415.42	415.34
13:19:06	16.936	16.454	15.617	16.159	18.141	18.376	415.42	415.34
13:20:06	16.936	16.457	15.612	16.099	18.148	18.363	415.42	415.34
13:21:06	16.937	16.456	15.628	15.916	18.142	18.353	415.42	415.34
13:22:06	16.939	16.455	15.565	15.612	18.149	18.354	415.42	415.34
13:23:06	16.941	16.454	15.53	15.471	18.142	18.37	415.42	415.34
13:24:08	16.944	16.452	15.48	15.496	18.144	18.353	415.42	415.34
13:25:06	16.942	16.452	15.479	15.455	18.144	18.356	415.42	415.34
13:26:07	16.94	16.453	15.499	15.612	18.158	18.353	415.42	415.34
13:27:06	16.939	16.453	15.486	15.613	18.156	18.362	415.42	415.34
13:28:06	16.937	16.454	15.529	15.7	18.162	18.364	415.42	415.34
13:29:06	16.935	16.455	15.461	15.769	18.164	18.358	415.42	415.34
13:30:06	16.937	16.453	15.447	15.733	18.155	18.354	415.42	415.34
13:31:06	16.937	16.455	15.49	15.565	18.157	18.357	415.42	415.34
13:32:06	16.937	16.454	15.466	15.422	18.155	18.364	415.42	415.34
13:33:06	16.936	16.453	15.406	15.291	18.156	18.369	415.42	415.34
13:34:06	16.936	16.453	15.39	15.345	18.155	18.352	415.42	415.34
13:35:06	16.936	16.455	15.47	15.6	18.152	18.353	415.42	415.34
13:36:06	16.933	16.453	15.572	15.948	18.139	18.358	415.42	415.34
13:37:06	16.933	16.454	15.631	16.26	18.147	18.363	415.42	415.34
13:38:06	16.933	16.454	15.668	16.381	18.161	18.362	415.42	415.34
13:39:06	16.936	16.453	15.699	16.393	18.156	18.356	415.42	415.34
13:40:06	16.938	16.456	15.743	16.445	18.156	18.352	415.42	415.34
13:41:06	16.939	16.454	15.774	16.503	18.141	18.349	415.42	415.34
13:42:06	16.941	16.452	15.708	16.346	18.158	18.357	415.42	415.34
13:43:06	16.938	16.455	15.618	16.087	18.162	18.355	415.42	415.34
13:44:06	16.935	16.455	15.593	15.978	18.164	18.348	415.42	415.34
13:45:06	16.935	16.454	15.559	15.931	18.146	18.347	415.42	415.34
13:46:06	16.931	16.454	15.54	15.818	18.137	18.354	415.42	415.34
13:47:06	16.933	16.454	15.526	15.817	18.151	18.357	415.42	415.34
13:48:06	16.935	16.45	15.481	15.755	18.154	18.36	415.42	415.34
13:49:06	16.937	16.449	15.472	15.517	18.16	18.354	415.42	415.34
13:50:07	16.94	16.449	15.465	15.545	18.161	18.348	415.42	415.34
13:51:06	16.94	16.446	15.532	15.724	18.152	18.347	415.42	415.34
13:52:06	16.937	16.449	15.633	16.072	18.143	18.348	415.42	415.34
13:53:06	16.936	16.447	15.684	16.316	18.154	18.351	415.42	415.34
13:54:06	16.935	16.447	15.726	16.364	18.141	18.346	415.42	415.34
13:55:06	16.932	16.448	15.765	16.432	18.148	18.352	415.42	415.34
13:56:06	16.932	16.447	15.806	16.509	18.138	18.355	415.42	415.34
13:57:06	16.932	16.448	15.815	16.598	18.15	18.351	415.42	415.34
13:58:06	16.93	16.448	15.737	16.423	18.147	18.346	415.42	415.34
13:59:06	16.93	16.449	15.647	16.269	18.142	18.347	415.42	415.34
14:00:06	16.93	16.448	15.61	16.081	18.148	18.343	415.42	415.34
14:01:06	16.931	16.447	15.603	15.952	18.141	18.349	415.42	415.34
14:02:06	16.93	16.449	15.599	15.744	18.151	18.348	415.42	415.34
14:03:06	16.932	16.45	15.577	15.594	18.142	18.349	415.42	415.34
14:04:06	16.932	16.452	15.521	15.566	18.152	18.353	415.42	415.34
14:05:06	16.935	16.452	15.487	15.545	18.149	18.346	415.42	415.34
14:06:06	16.935	16.451	15.509	15.542	18.157	18.345	415.42	415.34
14:07:06	16.934	16.449	15.488	15.59	18.149	18.348	415.42	415.34
14:08:06	16.935	16.447	15.448	15.507	18.152	18.357	415.42	415.34
14:09:06	16.937	16.443	15.488	15.496	18.141	18.351	415.42	415.34
14:10:06	16.937	16.443	15.475	15.452	18.134	18.344	415.42	415.34
14:11:06	16.937	16.442	15.452	15.388	18.141	18.338	415.42	415.34
14:12:06	16.931	16.441	15.445	15.246	18.127	18.353	415.42	415.34
14:13:06	16.932	16.444	15.508	15.533	18.135	18.348	415.42	415.34
14:14:06	16.928	16.444	15.6	15.947	18.145	18.349	415.42	415.34
14:15:06	16.928	16.443	15.643	16.199	18.133	18.348	415.42	415.34
14:16:06	16.927	16.444	15.698	16.343	18.136	18.345	415.42	415.34
14:17:07	16.929	16.445	15.724	16.408	18.133	18.351	415.42	415.34
14:18:06	16.927	16.444	15.783	16.472	18.138	18.357	415.42	415.34
14:19:06	16.929	16.443	15.795	16.528	18.137	18.348	415.42	415.34
14:20:06	16.932	16.441	15.741	16.364	18.127	18.346	415.42	415.34
14:21:06	16.932	16.44	15.639	16.176	18.137	18.346	415.42	415.34
14:22:06	16.934	16.44	15.584	16.027	18.146	18.345	415.42	415.34
14:23:06	16.936	16.441	15.576	15.828	18.14	18.346	415.42	415.34
14:24:06	16.932	16.441	15.568	15.723	18.138	18.346	415.42	415.34
14:25:06	16.932	16.44	15.552	15.686	18.129	18.352	415.42	415.34
14:26:06	16.93	16.441	15.523	15.737	18.14	18.349	415.42	415.34
14:27:06	16.93	16.443	15.517	15.774	18.141	18.343	415.42	415.34
14:28:06	16.933	16.441	15.521	15.674	18.131	18.341	415.42	415.34
14:29:08	16.935	16.439	15.508	15.633	18.124	18.337	415.42	415.34
14:30:06	16.934	16.442	15.501	15.574	18.139	18.342	415.42	415.34
14:31:06	16.931	16.442	15.499	15.579	18.144	18.335	415.42	415.34
14:32:06	16.93	16.442	15.473	15.4	18.132	18.34	415.42	415.34
14:33:06	16.931	16.438	15.466	15.361	18.146	18.343	415.42	415.34
14:34:06	16.933	16.441	15.498	15.648	18.154	18.355	415.42	415.34
14:35:06	16.929	16.441	15.612	16.084	18.146	18.351	415.42	415.34
14:36:06	16.929	16.443	15.665	16.254	18.148	18.346	415.42	415.34
14:37:06	16.931	16.444	15.696	16.315	18.152	18.354	415.42	415.34
14:38:06	16.932	16.442	15.729	16.415	18.15	18.366	415.42	415.34
14:39:06	16.93	16.443	15.776	16.474	18.137	18.344	415.42	415.34
14:40:06	16.928	16.444	15.817	16.537	18.13	18.336	415.42	415.34
14:41:06	16.927	16.443	15.769	16.268	18.141	18.344	415.42	415.34
14:42:06	16.927	16.445	15.684	16.055	18.142	18.348	415.42	415.34
14:43:06	16.927	16.444	15.649	15.936	18.138	18.348	415.42	415.34
14:44:06	16.926	16.443	15.628	15.921	18.142	18.343	415.42	415.34
14:45:06	16.926	16.443	15.567	15.862	18.132	18.351	415.42	415.34
14:46:06	16.929	16.443	15.548	15.703	18.141	18.36	0.0	415.34
14:47:06	16.925	16.445	15.558	15.695	18.14	18.352	415.42	415.34
14:48:06	16.925	16.444	15.568	15.769	18.142	18.344	415.42	415.34
14:49:06	16.925	16.444	15.555	15.773	18.14	18.349	415.42	415.34
14:50:06	16.925	16.442	15.563	15.749	18.129	18.348	415.42	415.34
14:51:08	16.927	16.44	15.541	15.663	18.145	18.341	415.42	415.34
14:52:06	16.929	16.44	15.524	15.542	18.149	18.341	415.42	415.34
14:53:06	16.93	16.439	15.48	15.51	18.133	18.336	415.42	415.34
14:54:06	16.932	16.438	15.44	15.355	18.132	18.343	415.42	415.34
14:55:06	16.93	16.44	15.401	15.274	18.132	18.342	415.42	415.34
14:56:06	16.931	16.44	15.499	15.6	18.131	18.351	415.42	415.34
14:57:06	16.933	16.44	15.602	15.962	18.13	18.352	415.42	415.34
14:58:06	16.933	16.438	15.662	16.284	18.133	18.342	415.42	415.34
14:59:06	16.934	16.438	15.697	16.41	18.131	18.345	415.42	415.34
15:00:06	16.934	16.437	15.752	16.46	18.127	18.346	415.42	415.34
15:01:06	16.932	16.438	15.781	16.483	18.135	18.347	415.42	415.34
15:02:06	16.928	16.439	15.824	16.548	18.126	18.343	415.42	415.34
15:03:06	16.926	16.439	15.763	16.378	18.144	18.347	415.42	415.34
15:04:06	16.923	16.439	15.628	16.16	18.137	18.353	415.42	415.34
15:05:06	16.922	16.441	15.566	16.043	18.141	18.35	415.42	415.34
15:06:06	16.923	16.443	15.56	16.016	18.142	18.343	415.42	415.34
15:07:06	16.924	16.442	15.523	15.786	18.128	18.335	415.42	415.34
15:08:06	16.925	16.44	15.529	15.693	18.144	18.352	415.42	415.34
15:09:06	16.925	16.442	15.525	15.621	18.142	18.343	415.42	415.34
15:10:06	16.926	16.444	15.498	15.434	18.127	18.345	415.42	415.34
15:11:06	16.928	16.445	15.516	15.505	18.12	18.341	415.42	415.34
15:12:06	16.928	16.442	15.511	15.616	18.128	18.344	415.42	415.34
15:13:06	16.926	16.44	15.5	15.572	18.131	18.343	415.42	415.34
15:14:06	16.926	16.438	15.503	15.606	18.138	18.351	415.42	415.34
15:15:06	16.926	16.437	15.494	15.584	18.142	18.338	415.42	415.34
15:16:06	16.929	16.438	15.462	15.536	18.131	18.339	415.42	415.34
15:17:06	16.93	16.437	15.423	15.381	18.137	18.349	415.42	415.34
15:18:06	16.931	16.436	15.384	15.313	18.144	18.351	415.42	415.34
15:19:06	16.93	16.437	15.345	15.197	18.139	18.343	415.42	415.34
15:20:06	16.928	16.436	15.426	15.46	18.142	18.34	415.42	415.34
15:21:06	16.927	16.437	15.56	15.826	18.133	18.342	415.42	415.34
15:22:06	16.924	16.437	15.607	16.105	18.136	18.341	415.42	415.34
15:23:06	16.924	16.437	15.661	16.321	18.129	18.343	415.42	415.34
15:24:06	16.924	16.438	15.688	16.35	18.138	18.344	415.42	415.34
15:25:07	16.925	16.436	15.726	16.403	18.121	18.338	415.42	415.34
15:26:06	16.926	16.437	15.772	16.467	18.131	18.333	415.42	415.34
15:27:06	16.925	16.436	15.75	16.311	18.139	18.334	415.42	415.34
15:28:06	16.924	16.436	15.656	16.153	18.147	18.336	415.42	415.34
15:29:06	16.926	16.435	15.603	16.046	18.145	18.337	415.42	415.34
15:30:06	16.925	16.437	15.583	15.96	18.134	18.344	415.42	415.34
15:31:06	16.924	16.436	15.534	15.687	18.141	18.344	415.42	415.34
15:32:06	16.921	16.437	15.497	15.416	18.138	18.336	415.42	415.34
15:33:06	16.922	16.438	15.497	15.375	18.151	18.34	415.42	415.34
15:34:06	16.922	16.435	15.447	15.393	18.141	18.359	415.42	415.34
15:35:06	16.924	16.436	15.543	15.636	18.136	18.357	415.42	415.34
15:36:06	16.922	16.438	15.628	16.001	18.125	18.331	415.42	415.34
15:37:06	16.925	16.436	15.689	16.231	18.137	18.336	415.42	415.34
15:38:06	16.926	16.435	15.725	16.364	18.126	18.348	415.42	415.34
15:39:06	16.927	16.436	15.775	16.478	18.12	18.34	415.42	415.34
15:40:06	16.929	16.435	15.808	16.534	18.136	18.341	415.42	415.34
15:41:06	16.931	16.435	15.808	16.59	18.142	18.341	415.42	415.34
15:42:06	16.929	16.435	15.755	16.48	18.144	18.352	415.42	415.34
15:43:06	16.925	16.435	15.693	16.292	18.13	18.343	415.42	415.34
15:44:06	16.923	16.436	15.677	16.239	18.131	18.349	415.42	415.34
15:45:06	16.921	16.437	15.683	16.06	18.135	18.34	415.42	415.34
15:46:06	16.92	16.437	15.559	15.824	18.129	18.339	415.42	415.34
15:47:08	16.918	16.434	15.529	15.58	18.144	18.346	415.42	415.34
15:48:06	16.918	16.434	15.525	15.352	18.134	18.344	415.42	415.34
15:49:07	16.918	16.434	15.5	15.35	18.135	18.337	415.42	415.34
15:50:06	16.917	16.436	15.549	15.738	18.124	18.334	415.42	415.34
15:51:06	16.918	16.437	15.649	16.098	18.14	18.346	415.42	415.34
15:52:06	16.917	16.437	15.712	16.338	18.134	18.332	415.42	415.34
15:53:06	16.919	16.438	15.757	16.439	18.142	18.338	415.42	415.34
15:54:06	16.923	16.437	15.807	16.505	18.136	18.339	415.42	415.34
15:55:06	16.925	16.432	15.847	16.572	18.123	18.34	415.42	415.34
15:56:06	16.927	16.428	15.837	16.67	18.126	18.339	415.42	415.34
15:57:06	16.925	16.431	15.743	16.441	18.12	18.337	415.42	415.34
15:58:06	16.92	16.428	15.668	16.177	18.133	18.338	415.42	415.34
15:59:06	16.919	16.429	15.657	16.172	18.135	18.343	415.42	415.34
16:00:06	16.92	16.43	15.65	15.96	18.127	18.339	415.42	415.34
16:01:06	16.918	16.432	15.594	15.837	18.115	18.331	415.42	415.34
16:02:06	16.918	16.433	15.577	15.778	18.116	18.339	415.42	415.34
16:03:06	16.92	16.433	15.578	15.698	18.131	18.34	415.42	415.34
16:04:06	16.921	16.434	15.565	15.505	18.134	18.327	415.42	415.34
16:05:06	16.924	16.432	15.55	15.529	18.144	18.341	415.42	415.34
16:06:06	16.925	16.432	15.537	15.573	18.13	18.335	415.42	415.34
16:07:06	16.926	16.43	15.526	15.509	18.127	18.334	415.42	415.34
16:08:06	16.928	16.426	15.523	15.456	18.128	18.335	415.42	415.34
16:09:06	16.929	16.427	15.57	15.682	18.134	18.336	415.42	415.34
16:10:06	16.926	16.429	15.642	16.062	18.135	18.331	415.42	415.34
16:11:08	16.924	16.432	15.707	16.285	18.131	18.33	415.42	415.34
16:12:06	16.923	16.43	15.735	16.339	18.138	18.328	415.42	415.34
16:13:06	16.923	16.432	15.778	16.473	18.127	18.332	415.42	415.34
16:14:06	16.923	16.432	15.823	16.538	18.105	18.336	415.42	415.34
16:15:06	16.925	16.433	15.812	16.601	18.13	18.33	415.42	415.34
16:16:06	16.927	16.431	15.706	16.415	18.12	18.33	415.42	415.34
16:17:06	16.925	16.431	15.615	16.099	18.137	18.334	415.42	415.34
16:18:06	16.925	16.429	15.597	16.044	18.139	18.337	415.42	415.34
16:19:06	16.923	16.428	15.621	15.937	18.136	18.344	415.42	415.34
16:20:06	16.921	16.431	15.633	15.997	18.138	18.342	415.42	415.34
16:21:06	16.922	16.434	15.601	15.875	18.14	18.336	415.42	415.34
16:22:06	16.924	16.434	15.612	15.787	18.124	18.34	415.42	415.34
16:23:06	16.926	16.435	15.556	15.662	18.131	18.339	415.42	415.34
16:24:06	16.926	16.434	15.541	15.678	18.122	18.329	415.42	415.34
16:25:06	16.926	16.432	15.536	15.615	18.116	18.33	415.42	415.34
16:26:06	16.927	16.431	15.519	15.61	18.125	18.317	415.42	415.34
16:27:06	16.926	16.429	15.513	15.67	18.126	18.33	415.42	415.34
16:28:06	16.926	16.431	15.482	15.514	18.138	18.339	415.42	415.34
16:29:06	16.926	16.434	15.437	15.426	18.113	18.34	415.42	415.34
16:30:06	16.928	16.437	15.534	15.723	18.113	18.334	415.42	415.34
16:31:06	16.928	16.435	15.613	16.058	18.132	18.332	415.42	415.34
16:32:06	16.928	16.434	15.666	16.285	18.13	18.338	415.42	415.34
16:33:06	16.923	16.435	15.712	16.44	18.13	18.334	415.42	415.34
16:34:06	16.921	16.435	15.749	16.496	18.127	18.338	415.42	415.34
16:35:06	16.921	16.433	15.786	16.53	18.122	18.332	415.42	415.34
16:36:06	16.918	16.432	15.828	16.603	18.137	18.335	415.42	415.34
16:37:06	16.917	16.433	15.75	16.383	18.138	18.345	415.42	415.34
16:38:06	16.915	16.434	15.612	16.189	18.141	18.331	415.42	415.34
16:39:06	16.915	16.434	15.56	16.043	18.119	18.335	415.42	415.34
16:40:06	16.914	16.434	15.537	15.855	18.125	18.338	415.42	415.34
16:41:06	16.913	16.433	15.486	15.852	18.135	18.336	415.42	415.34
16:42:06	16.913	16.431	15.502	15.735	18.129	18.326	415.42	415.34
16:43:06	16.911	16.429	15.486	15.664	18.129	18.329	415.42	415.34
16:44:06	16.912	16.429	15.493	15.518	18.127	18.321	415.42	415.34
16:45:06	16.913	16.431	15.497	15.609	18.128	18.325	415.42	415.34
16:46:06	16.913	16.432	15.48	15.481	18.139	18.347	415.42	415.34
16:47:07	16.915	16.428	15.444	15.436	18.126	18.351	415.42	415.34
16:48:06	16.919	16.424	15.429	15.44	18.125	18.337	415.42	415.34
16:49:06	16.919	16.427	15.483	15.738	18.124	18.323	415.42	415.34
16:50:06	16.916	16.425	15.585	16.067	18.121	18.325	415.42	415.34
16:51:06	16.916	16.426	15.642	16.237	18.11	18.327	415.42	415.34
16:52:06	16.917	16.425	15.683	16.39	18.109	18.323	415.42	415.34
16:53:06	16.917	16.426	15.718	16.451	18.123	18.333	415.42	415.34
16:54:07	16.917	16.424	15.782	16.512	18.11	18.332	415.42	415.34
16:55:06	16.919	16.423	15.805	16.548	18.109	18.335	415.42	415.34
16:56:06	16.918	16.424	15.717	16.386	18.112	18.325	415.42	415.34
16:57:06	16.914	16.424	15.607	16.222	18.121	18.327	415.42	415.34
16:58:06	16.915	16.424	15.558	15.979	18.11	18.335	415.42	415.34
16:59:06	16.916	16.423	15.571	15.862	18.113	18.335	415.42	415.34
17:00:09	16.914	16.426	15.553	15.681	18.125	18.329	415.42	415.34
17:01:06	16.912	16.428	15.522	15.574	18.116	18.329	415.42	415.34
17:02:07	16.913	16.43	15.477	15.502	18.115	18.334	415.42	415.34
17:03:06	16.912	16.429	15.55	15.819	18.118	18.335	415.42	415.34
17:04:06	16.91	16.43	15.656	16.138	18.123	18.326	415.42	415.34
17:05:06	16.912	16.431	15.716	16.4	18.133	18.333	415.42	415.34
17:06:06	16.913	16.432	15.761	16.47	18.13	18.333	415.42	415.34
17:07:06	16.914	16.432	15.804	16.561	18.119	18.329	415.42	415.34
17:08:06	16.912	16.428	15.838	16.622	18.122	18.323	415.42	415.34
17:09:07	16.914	0.0	15.838	16.669	18.114	18.33	415.42	415.34
17:10:06	16.914	16.423	15.703	16.436	18.123	18.329	415.42	415.34
17:11:07	16.914	16.423	15.628	16.16	18.119	18.322	415.42	415.34
17:12:06	16.915	16.423	15.612	16.029	18.102	18.323	415.42	415.34
17:13:06	16.915	16.422	15.616	15.963	18.116	18.323	415.42	415.34
17:14:06	16.918	16.421	15.582	15.787	18.12	18.326	415.42	415.34
17:15:06	16.919	16.419	15.571	15.799	18.106	18.327	415.42	415.34
17:16:06	16.921	16.419	15.553	15.77	18.121	18.32	415.42	415.34
17:17:06	16.919	16.421	15.546	15.774	18.127	18.324	415.42	415.34
17:18:06	16.914	16.421	15.525	15.559	18.116	18.318	415.42	415.34
17:19:06	16.914	16.421	15.514	15.492	18.108	18.322	415.42	415.34
17:20:06	16.916	16.418	15.553	15.412	18.109	18.321	415.42	415.34
17:21:06	16.915	16.419	15.512	15.244	18.109	18.325	415.42	415.34
17:22:06	16.913	16.418	15.542	15.614	18.12	18.339	415.42	415.34
17:23:06	16.913	16.418	15.638	16.047	18.13	18.324	415.42	415.34
17:24:06	16.912	16.42	15.68	16.252	18.117	18.323	415.42	415.34
17:25:06	16.916	16.421	15.706	16.328	18.101	18.324	415.42	415.34
17:26:06	16.913	16.42	15.778	16.421	18.112	18.32	415.42	415.34
17:27:06	16.914	16.42	15.817	16.537	18.12	18.318	415.42	415.34
17:28:06	16.914	16.419	15.826	16.621	18.101	18.317	415.42	415.34
17:29:06	16.912	16.42	15.757	16.409	18.112	18.324	415.42	415.34
17:30:06	16.911	16.424	15.67	16.208	18.126	18.338	415.42	415.34
17:31:07	16.913	16.423	15.647	16.041	18.117	18.333	415.42	415.34
17:32:06	16.915	16.423	15.677	15.886	18.134	18.336	415.42	415.34
17:33:06	16.916	16.423	15.69	15.988	18.121	18.327	415.42	415.34
17:34:06	16.916	16.423	15.653	15.946	18.121	18.326	415.42	415.34
17:35:06	16.917	16.421	15.66	15.885	18.12	18.332	415.42	415.34
17:36:06	16.917	16.423	15.667	15.92	18.123	18.317	415.42	415.34
17:37:06	16.916	16.425	15.612	15.786	18.114	18.321	415.42	415.34
17:38:06	16.916	16.42	15.595	15.789	18.114	18.337	415.42	415.34
17:39:06	16.913	16.421	15.568	15.591	18.115	18.338	415.42	415.34
17:40:06	16.911	16.422	15.61	15.745	18.128	18.335	415.42	415.34
17:41:06	16.91	16.425	15.622	15.843	18.13	18.335	415.42	415.34
17:42:06	16.911	16.426	15.565	15.656	18.118	18.336	415.42	415.34
17:43:06	16.909	16.426	15.524	15.559	18.135	18.343	415.42	415.34
17:44:06	16.91	16.428	15.484	15.458	18.142	18.347	415.42	415.34
17:45:06	16.914	16.428	15.479	15.446	18.127	18.356	415.42	415.34
17:46:06	16.913	16.428	15.596	15.798	18.128	18.331	415.42	415.34
17:47:06	16.916	16.425	15.676	16.115	18.126	18.338	415.42	415.34
17:48:06	16.913	16.423	15.728	16.334	18.121	18.325	415.42	415.34
17:49:06	16.914	16.424	15.768	16.448	18.114	18.328	415.42	415.34
17:50:06	16.914	16.424	15.81	16.546	18.101	18.332	415.42	415.34
17:51:06	16.914	16.425	15.844	16.624	18.118	18.322	415.42	415.34
17:52:06	16.915	16.422	15.878	16.574	18.111	18.334	415.42	415.34
17:53:06	16.916	16.422	15.78	16.377	18.12	18.332	415.42	415.34
17:54:07	16.912	16.424	15.686	16.229	18.109	18.321	415.42	415.34
17:55:06	16.91	16.424	15.636	16.027	18.105	18.327	415.42	415.34
17:56:06	16.909	16.424	15.597	15.884	18.109	18.319	415.42	415.34
17:57:06	16.909	16.426	15.519	15.713	18.122	18.324	415.42	415.34
17:58:06	16.907	16.427	15.491	15.627	18.128	18.331	415.42	415.34
17:59:06	16.907	16.426	15.492	15.575	18.113	18.332	415.42	415.34
18:00:06	16.906	16.425	15.493	15.674	18.118	18.33	415.42	415.34
18:01:07	16.906	16.426	15.599	15.906	18.114	18.325	415.42	415.34
18:02:06	16.906	16.425	15.678	16.17	18.123	18.325	415.42	415.34
18:03:06	16.905	16.426	15.732	16.402	18.13	18.331	415.42	415.34
18:04:06	16.908	16.428	15.782	16.513	18.108	18.319	415.42	415.34
18:05:06	16.909	16.427	15.809	16.551	18.108	18.327	415.42	415.34
18:06:06	16.909	16.427	15.858	16.623	18.11	18.328	415.42	415.34
18:07:06	16.91	16.425	15.884	16.586	18.116	18.315	415.42	415.34
18:08:06	16.91	16.426	15.765	16.324	18.115	18.331	415.42	415.34
18:09:06	16.909	16.424	15.69	16.18	18.131	18.329	415.42	415.34
18:10:06	16.909	16.422	15.625	16.075	18.107	18.325	415.42	415.34
18:11:06	16.908	16.421	15.563	15.762	18.111	18.333	415.42	415.34
18:12:06	16.909	16.421	15.517	15.6	18.113	18.322	415.42	415.34
18:13:06	16.911	16.42	15.536	15.588	18.116	18.321	415.42	415.34
18:14:06	16.911	16.418	15.675	15.965	18.11	18.325	415.42	415.34
18:15:06	16.912	16.417	15.75	16.218	18.124	18.328	415.42	415.34
18:16:06	16.913	16.416	15.799	16.396	18.126	18.325	415.42	415.34
18:17:06	16.915	16.416	15.836	16.515	18.122	18.342	415.42	415.34
18:18:06	16.916	16.417	15.89	16.633	18.125	18.342	415.42	415.34
18:19:06	16.916	16.418	15.916	16.712	18.114	18.339	415.42	415.34
18:20:06	16.915	16.418	15.848	16.664	18.114	18.329	415.42	415.34
18:21:06	16.914	16.416	15.748	16.382	18.104	18.334	415.42	415.34
18:22:06	16.911	16.419	15.718	16.198	18.098	18.326	415.42	415.34
18:23:06	16.911	16.42	15.621	16.002	18.112	18.318	415.42	415.34
18:24:06	16.911	16.421	15.583	15.9	18.123	18.321	415.42	415.34
18:25:06	16.909	16.421	15.673	16.152	18.112	18.316	415.42	415.34
18:26:06	16.905	16.421	15.769	16.362	18.114	18.319	415.42	415.34
18:27:06	16.904	16.422	15.812	16.56	18.114	18.321	415.42	415.34
18:28:08	16.906	16.422	15.862	16.633	18.109	18.32	415.42	415.34
18:29:06	16.905	16.422	15.91	16.701	18.112	18.321	415.42	415.34
18:30:07	16.906	16.422	15.951	16.77	18.12	18.332	415.42	415.34
18:31:06	0.0	16.422	15.969	16.787	18.123	18.327	415.42	415.34
18:32:06	16.91	16.423	15.814	16.429	18.106	18.323	415.42	415.34
18:33:06	16.912	16.423	15.723	16.226	18.096	18.327	415.42	415.34
18:34:06	16.913	16.424	15.657	16.027	18.102	18.327	415.42	415.34
18:35:06	16.916	16.423	15.604	15.993	18.114	18.339	415.42	415.34
18:36:06	16.916	16.422	15.607	15.933	18.109	18.334	415.42	415.34
18:37:08	16.915	16.422	15.579	15.895	18.118	18.324	415.42	415.34
18:38:06	16.914	16.422	15.582	15.821	18.113	18.327	415.42	415.34
18:39:06	16.913	16.423	15.553	15.659	18.114	18.324	415.42	415.34
18:40:06	16.912	16.423	15.55	15.622	18.107	18.323	415.42	415.34
18:41:06	16.91	16.422	15.506	15.541	18.109	18.33	415.42	415.34
18:42:06	16.91	16.424	15.495	15.386	18.102	18.32	415.42	415.34
18:43:06	16.909	16.424	15.485	15.347	18.11	18.315	415.42	415.34
18:44:06	16.909	16.422	15.469	15.441	18.113	18.322	415.42	415.34
18:45:06	16.911	16.42	15.59	15.87	18.107	18.321	415.42	415.34
18:46:06	16.911	16.419	15.678	16.114	18.111	18.321	415.42	415.34
18:47:06	16.913	16.418	15.724	16.319	18.103	18.317	415.42	415.34
18:48:06	16.915	16.417	15.766	16.443	18.114	18.327	415.42	415.34
18:49:06	16.913	16.415	15.789	16.527	18.097	18.325	415.42	415.34
18:50:06	16.911	16.417	15.848	16.577	18.101	18.316	415.42	415.34
18:51:06	16.909	16.418	15.857	16.567	18.115	18.325	415.42	415.34
18:52:06	16.909	16.416	15.768	16.361	18.112	18.317	415.42	415.34
18:53:06	16.908	16.414	15.661	16.14	18.105	18.314	415.42	415.34
18:54:06	16.908	16.417	15.578	15.971	18.104	18.327	415.42	415.34
18:55:06	16.911	16.417	15.574	15.969	18.109	18.322	415.42	415.34
18:56:06	16.913	16.416	15.684	16.183	18.096	18.314	415.42	415.34
18:57:06	16.914	16.415	15.771	16.391	18.109	18.326	415.42	415.34
18:58:06	16.916	16.416	15.834	16.574	18.1	18.329	415.42	415.34
18:59:06	16.917	16.418	15.886	16.668	18.112	18.322	415.42	415.34
19:00:06	16.918	16.415	15.925	16.766	18.11	18.327	415.42	415.34
19:01:07	16.913	16.416	15.949	16.838	18.104	18.324	415.42	415.34
19:02:06	0.0	16.417	15.894	16.789	18.121	18.328	415.42	415.34
19:03:06	16.911	16.419	15.788	16.526	18.097	18.327	415.42	415.34
19:04:06	16.909	16.42	15.709	16.279	18.104	18.318	415.42	415.34
19:05:06	16.91	16.422	15.649	16.114	18.083	18.319	415.42	415.34
19:06:06	16.912	16.421	15.612	15.991	18.108	18.322	415.42	415.34
19:07:06	16.913	16.419	15.556	15.849	18.104	18.312	415.42	415.34
19:08:06	16.913	16.42	15.509	15.764	18.108	18.318	415.42	415.34
19:09:06	16.914	16.417	15.552	15.819	18.108	18.322	415.42	415.34
19:10:06	16.911	16.417	15.685	16.113	18.101	18.326	415.42	415.34
19:11:06	16.91	16.416	15.771	16.304	18.107	18.319	415.42	415.34
19:12:06	16.909	16.415	15.82	16.534	18.107	18.315	415.42	415.34
19:13:06	16.911	16.415	15.863	16.646	18.101	18.321	415.42	415.34
19:14:06	16.914	16.414	15.909	16.721	18.096	18.321	415.42	415.34
19:15:06	16.916	16.41	15.944	16.829	18.103	18.325	415.42	415.34
19:16:06	16.918	16.41	15.92	16.792	18.096	18.314	415.42	415.34
19:17:06	16.918	16.408	15.797	16.526	18.104	18.307	415.42	415.34
19:18:06	16.915	16.409	15.738	16.29	18.107	18.317	415.42	415.34
19:19:06	16.914	16.41	15.657	16.205	18.104	18.316	415.42	415.34
19:20:06	16.911	16.409	15.6	16.092	18.1	18.318	415.42	415.34
19:21:06	16.91	16.409	15.56	15.961	18.106	18.312	415.42	415.34
19:22:06	16.909	16.409	15.544	15.883	18.104	18.311	415.42	415.34
19:23:06	16.908	16.409	15.523	15.79	18.093	18.319	415.42	415.34
19:24:06	16.91	16.408	15.518	15.768	18.091	18.315	415.42	415.34
19:25:06	16.912	16.409	15.513	15.564	18.084	18.319	415.42	415.34
19:26:06	16.913	16.41	15.49	15.509	18.098	18.318	415.42	415.34
19:27:06	16.91	16.411	15.498	15.56	18.098	18.31	415.42	415.34
19:28:09	16.91	16.414	15.615	15.887	18.097	18.323	415.42	415.34
19:29:06	16.912	16.413	15.685	16.147	18.092	18.31	415.42	415.34
19:30:06	16.913	16.413	15.723	16.338	18.099	18.311	415.42	415.34
19:31:06	16.913	16.414	15.762	16.444	18.099	18.31	415.42	415.34
19:32:06	16.913	16.416	15.81	16.537	18.106	18.309	415.42	415.34
19:33:06	16.912	16.418	15.859	16.628	18.113	18.318	415.42	415.34
19:34:06	16.914	16.419	15.807	16.616	18.109	18.319	415.42	415.34
19:35:08	16.913	16.419	15.711	16.354	18.106	18.322	415.42	415.34
19:36:06	16.911	16.416	15.654	16.182	18.108	18.322	415.42	415.34
19:37:06	16.91	16.414	15.645	16.168	18.095	18.321	415.42	415.34
19:38:06	16.91	16.415	15.632	16.114	18.102	18.311	415.42	415.34
19:39:06	16.911	16.414	15.616	16.002	18.112	18.315	415.42	415.34
19:40:06	16.911	16.414	15.595	15.923	18.088	18.31	415.42	415.34
19:41:06	16.911	16.413	15.589	15.836	18.096	18.308	415.42	415.34
19:42:06	16.908	16.412	15.596	15.823	18.108	18.314	415.42	415.34
19:43:06	16.906	16.413	15.591	15.832	18.106	18.312	415.42	415.34
19:44:06	16.909	16.413	15.584	15.711	18.114	18.306	415.42	415.34
19:45:06	16.911	16.412	15.546	15.575	18.119	18.318	415.42	415.34
19:46:06	16.914	16.409	15.507	15.514	18.119	18.311	415.42	415.34
19:47:06	16.912	16.409	15.473	15.428	18.113	18.318	415.42	415.34
19:48:06	16.911	16.411	15.462	15.363	18.102	18.32	415.42	415.34
19:49:07	16.912	16.412	15.447	15.369	18.103	18.318	415.42	415.34
19:50:06	16.911	16.412	15.562	15.775	18.091	18.316	415.42	415.34
19:51:06	16.914	16.413	15.647	16.115	18.104	18.315	415.42	415.34
19:52:06	16.913	16.415	15.697	16.295	18.11	18.308	415.42	415.34
19:53:06	16.917	16.416	15.717	16.427	18.101	18.317	415.42	415.34
19:54:06	16.919	16.416	15.753	16.506	18.104	18.318	415.42	415.34
19:55:06	16.917	16.414	15.803	16.562	18.113	18.322	415.42	415.34
19:56:06	16.918	16.414	15.834	16.537	18.108	18.314	415.42	415.34
19:57:08	16.913	16.416	15.741	16.305	18.098	18.311	415.42	415.34
19:58:06	16.911	16.414	15.68	16.131	18.1	18.314	415.42	415.34
19:59:06	16.91	16.415	15.639	15.999	18.102	18.313	415.42	415.34
20:00:06	16.907	16.416	15.59	15.875	18.107	18.306	415.42	415.34
20:01:06	16.905	16.415	15.515	0.0	18.109	18.303	415.42	415.34
20:02:06	16.908	16.416	15.488	15.658	18.094	18.313	415.42	415.34
20:03:06	16.911	16.417	15.444	15.597	18.109	18.309	415.42	415.34
20:04:06	16.909	16.416	15.454	15.636	18.1	18.307	415.42	415.34
20:05:06	16.912	16.418	15.585	15.964	18.093	18.314	415.42	415.34
20:06:06	16.913	16.417	15.684	16.22	18.088	18.315	415.42	415.34
20:07:06	16.915	16.418	15.726	16.374	18.102	18.313	415.42	415.34
20:08:06	16.916	16.419	0.0	16.486	18.113	18.312	415.42	415.34
20:09:06	16.915	16.418	15.802	16.555	18.107	18.318	415.42	415.34
20:10:06	16.914	16.418	15.815	16.61	18.116	18.31	415.42	415.34
20:11:06	16.91	16.421	15.787	16.581	18.109	18.31	415.42	415.34
20:12:06	16.91	16.421	15.711	16.307	18.116	18.308	415.42	415.34
20:13:06	16.912	16.421	15.67	16.237	18.116	18.316	415.42	415.34
20:14:07	16.913	16.418	15.675	16.163	18.108	18.322	415.42	415.34
20:15:06	16.913	16.419	15.635	15.913	18.104	18.322	415.42	415.34
20:16:06	16.913	16.421	15.566	15.629	18.096	18.312	415.42	415.34
20:17:08	16.912	16.421	15.533	15.574	18.093	18.318	415.42	415.34
20:18:06	16.913	16.42	15.555	15.592	18.105	18.314	415.42	415.34
20:19:06	16.914	16.417	15.526	15.517	18.095	18.312	415.42	415.34
20:20:06	16.914	16.418	15.471	15.397	18.099	18.31	415.42	415.34
20:21:06	16.913	16.416	15.437	15.411	18.104	18.32	415.42	415.34
20:22:06	16.912	16.415	15.506	15.682	18.107	18.31	415.42	415.34
20:23:06	16.912	16.415	15.62	16.026	18.108	18.309	415.42	415.34
20:24:06	16.912	16.416	15.684	16.235	18.106	18.305	415.42	415.34
20:25:06	16.91	16.416	15.715	16.351	18.102	18.307	415.42	415.34
20:26:06	16.912	16.414	15.751	16.481	18.109	18.306	415.42	415.34
20:27:06	16.914	16.413	15.78	16.536	18.106	18.309	415.42	415.34
20:28:06	16.916	16.415	15.822	16.594	18.109	18.309	415.42	415.34
20:29:06	16.914	16.415	15.785	16.45	18.121	18.317	415.42	415.34
20:30:06	16.914	16.416	15.651	16.261	18.109	18.319	415.42	415.34
20:31:06	16.915	16.418	15.6	16.115	18.097	18.312	415.42	415.34
20:32:06	16.914	16.416	15.565	16.015	18.103	18.313	415.42	415.34
20:33:06	16.915	16.414	15.59	15.951	18.096	18.311	415.42	415.34
20:34:06	16.918	16.414	15.568	15.907	18.11	18.315	415.42	415.34
20:35:06	16.918	16.415	15.572	15.738	18.106	18.318	415.42	415.34
20:36:06	16.917	16.415	15.583	15.793	18.103	18.317	415.42	415.34
20:37:06	16.914	16.416	15.567	15.827	18.103	18.312	415.42	415.34
20:38:06	16.911	16.417	15.528	15.7	18.11	18.304	415.42	415.34
20:39:06	16.91	16.417	15.493	15.723	18.111	18.305	415.42	415.34
20:40:06	16.909	16.417	15.466	15.654	18.091	18.311	415.42	415.34
20:41:06	16.906	16.415	15.527	15.793	18.098	18.31	415.42	415.34
20:42:06	16.904	16.413	15.629	16.074	18.096	18.303	415.42	415.34
20:43:06	16.905	16.411	15.675	16.297	18.093	18.304	415.42	415.34
20:44:06	16.905	16.412	15.732	16.414	18.089	18.313	415.42	415.34
20:45:06	16.904	16.413	15.772	16.478	18.103	18.314	415.42	415.34
20:46:06	16.905	16.411	15.802	16.552	18.1	18.314	415.42	415.34
20:47:06	16.908	16.409	15.8	16.658	18.097	18.307	415.42	415.34
20:48:06	16.911	16.407	15.728	16.489	18.101	18.304	415.42	415.34
20:49:06	16.912	16.405	15.636	16.179	18.084	18.319	415.42	415.34
20:50:06	16.913	16.409	15.576	16.071	18.083	18.317	415.42	415.34
20:51:08	16.915	16.41	15.582	15.881	18.096	18.317	415.42	415.34
20:52:06	16.914	16.409	15.577	15.856	18.095	18.317	415.42	415.34
20:53:06	16.915	16.409	15.552	15.759	18.099	18.308	415.42	415.34
20:54:06	16.914	16.41	15.544	15.752	18.107	18.305	415.42	415.34
20:55:06	16.916	16.413	15.542	15.71	18.094	18.312	415.42	415.34
20:56:08	16.91	16.413	15.532	15.654	18.09	18.312	415.42	415.34
20:57:06	16.911	16.414	15.485	15.603	18.092	18.315	415.42	415.34
20:58:06	16.909	16.414	15.454	15.514	18.087	18.311	415.42	415.34
20:59:06	16.908	16.417	15.451	15.349	18.082	18.314	415.42	415.34
21:00:06	16.907	16.417	15.485	15.588	18.085	18.309	415.42	415.34
21:01:06	16.907	16.415	15.604	15.949	18.09	18.313	415.42	415.34
21:02:07	16.908	16.415	15.657	16.24	18.087	18.313	415.42	415.34
21:03:07	16.907	16.413	15.686	16.355	18.101	18.307	415.42	415.34
21:04:07	16.908	16.414	15.738	16.439	18.097	18.308	415.42	415.34
21:05:07	16.911	16.414	15.79	16.519	18.106	18.31	415.42	415.34
21:06:07	16.907	16.413	15.826	16.593	18.093	18.308	415.42	415.34
21:07:07	16.906	16.412	15.779	16.497	18.091	18.311	415.42	415.34
21:08:07	16.906	16.414	15.645	16.244	18.111	18.318	415.42	415.34
21:09:07	16.905	16.413	15.58	16.088	18.105	18.312	415.42	415.34
21:10:07	16.908	16.415	15.592	15.903	18.092	18.309	415.42	415.34
21:11:07	16.903	16.415	15.538	15.784	18.103	18.301	415.42	415.34
21:12:07	16.904	16.412	15.514	15.624	18.1	18.3	415.42	415.34
21:13:07	16.903	16.413	15.488	15.417	18.092	18.309	415.42	415.34
21:14:07	16.903	16.41	15.451	15.22	18.097	18.305	415.42	415.34
21:15:07	16.904	16.412	15.442	15.121	18.11	18.305	415.42	415.34
21:16:07	16.907	16.412	15.505	15.522	18.101	18.305	415.42	415.34
21:17:07	16.906	16.415	15.609	15.976	18.103	18.315	415.42	415.34
21:18:07	16.904	16.416	15.661	16.211	18.104	18.317	415.42	415.34
21:19:07	16.903	16.417	15.708	16.403	18.096	18.301	415.42	415.34
21:20:07	16.905	16.414	15.755	16.495	18.097	18.303	415.42	415.34
21:21:07	16.905	16.413	15.814	16.563	18.104	18.308	415.42	415.34
21:22:07	16.906	16.413	15.852	16.609	18.095	18.297	415.42	415.34
21:23:07	16.907	16.411	15.774	16.481	18.094	18.312	415.42	415.34
21:24:07	16.907	16.409	15.665	16.301	18.092	18.304	415.42	415.34
21:25:09	16.907	16.41	15.616	16.084	18.09	18.309	415.42	415.34
21:26:07	16.905	16.412	15.594	15.934	18.082	18.311	415.42	415.34
21:27:07	16.906	16.41	15.539	15.832	18.097	18.304	415.42	415.34
21:28:07	16.907	16.414	15.545	15.716	18.104	18.304	415.42	415.34
21:29:07	16.908	16.414	15.535	15.532	18.1	18.315	415.42	415.34
21:30:07	16.907	16.413	15.5	15.465	18.101	18.307	415.42	415.34
21:31:07	16.91	16.415	15.496	15.474	18.098	18.306	415.42	415.34
21:32:07	16.91	16.415	15.425	15.371	18.105	18.303	415.42	415.34
21:33:07	16.907	16.416	15.481	15.619	18.1	18.3	415.42	415.34
21:34:07	16.907	16.415	15.603	16.003	18.091	18.304	415.42	415.34
21:35:07	16.908	16.412	15.675	16.299	18.099	18.299	415.42	415.34
21:36:07	16.91	16.41	15.724	16.423	18.109	18.304	415.42	415.34
21:37:07	16.907	16.41	15.774	16.53	18.097	18.304	415.42	415.34
21:38:07	16.905	16.409	15.824	16.618	18.088	18.302	415.42	415.34
21:39:07	16.905	16.408	15.855	16.66	18.097	18.297	415.42	415.34
21:40:07	16.908	16.407	15.835	16.504	18.093	18.301	415.42	415.34
21:41:07	16.907	16.409	15.681	16.264	18.09	18.314	415.42	415.34
21:42:07	16.907	16.411	15.632	16.082	18.1	18.298	415.42	415.34
21:43:07	16.907	16.412	15.562	15.996	18.091	18.3	415.42	415.34
21:44:07	16.908	16.409	15.6	16.094	18.109	18.301	415.42	415.34
21:45:07	16.907	16.408	15.703	16.32	18.088	18.305	415.42	415.34
21:46:07	16.908	16.407	15.786	16.515	18.097	18.3	415.42	415.34
21:47:07	16.906	16.406	15.839	16.626	18.101	18.297	415.42	415.34
21:48:07	16.908	16.407	15.898	16.728	18.087	18.302	415.42	415.34
21:49:07	16.908	16.408	15.943	16.802	18.095	18.312	415.42	415.34
21:50:07	16.907	16.41	15.965	16.845	18.087	18.302	415.42	415.34
21:51:07	16.906	16.409	15.877	16.599	18.081	18.308	415.42	415.34
21:52:07	16.905	16.409	15.764	16.366	18.073	18.302	415.42	415.34
21:53:07	16.907	16.41	15.718	16.25	18.074	18.303	415.42	415.34
21:54:07	16.905	16.409	15.695	16.153	18.089	18.303	415.42	415.34
21:55:07	16.907	16.406	15.656	16.09	18.089	18.299	415.42	415.34
21:56:07	16.907	16.403	15.695	16.061	18.084	18.305	415.42	415.34
21:57:07	16.907	16.399	15.72	16.07	18.081	18.296	415.42	415.34
21:58:07	16.906	16.394	15.722	16.073	18.087	18.295	415.42	415.34
21:59:07	16.907	16.393	15.739	16.013	18.084	18.306	415.42	415.34
22:00:07	16.905	16.395	15.73	15.876	18.092	18.301	415.42	415.34
22:01:07	16.906	16.399	15.681	15.809	18.08	18.3	415.42	415.34
22:02:07	16.907	16.399	15.58	15.769	18.094	18.301	415.42	415.34
22:03:07	16.908	16.401	15.526	15.709	18.101	18.3	415.42	415.34
22:04:07	16.905	16.403	15.554	15.706	18.094	18.294	415.42	415.34
22:05:07	16.905	16.405	15.536	15.572	18.101	18.294	415.42	415.34
22:06:07	16.906	16.407	15.545	15.466	18.088	18.301	415.42	415.34
22:07:07	16.908	16.407	15.511	15.524	18.102	18.311	415.42	415.34
22:08:07	16.909	16.408	15.561	15.753	18.093	18.306	415.42	415.34
22:09:07	16.91	16.41	15.662	16.093	18.101	18.299	415.42	415.34
22:10:07	16.911	16.41	15.731	16.363	18.087	18.306	415.42	415.34
22:11:07	16.911	16.408	15.775	16.468	18.089	18.303	415.42	415.34
22:12:07	16.908	16.409	15.826	16.533	18.098	18.307	415.42	415.34
22:13:07	16.907	16.409	15.858	16.626	18.081	18.306	415.42	415.34
22:14:08	16.906	16.41	15.883	16.718	18.077	18.296	415.42	415.34
22:15:07	0.0	16.409	15.787	16.435	18.094	18.296	415.42	415.34
22:16:07	16.906	16.411	15.674	16.168	18.104	18.301	415.42	415.34
22:17:07	16.908	16.412	15.633	16.073	18.081	18.293	415.42	415.34
22:18:07	16.907	16.411	15.643	16.018	18.085	18.297	415.42	415.34
22:19:09	16.906	16.409	15.627	15.896	18.091	18.305	415.42	415.34
22:20:07	16.906	16.411	15.594	15.903	18.099	18.303	415.42	415.34
22:21:07	16.903	16.411	15.57	15.824	18.085	18.308	415.42	415.34
22:22:07	16.903	16.411	15.54	15.682	18.098	18.306	415.42	415.34
22:23:07	16.903	16.411	15.541	15.685	18.092	18.299	415.42	415.34
22:24:07	16.902	16.413	15.519	15.693	18.095	18.308	415.42	415.34
22:25:07	16.903	16.412	15.505	15.625	18.089	18.301	415.42	415.34
22:26:07	16.904	16.413	15.485	15.485	18.088	18.305	415.42	415.34
22:27:07	16.907	16.413	15.465	15.35	18.088	18.298	415.42	415.34
22:28:07	16.908	16.413	15.512	15.262	18.102	18.298	415.42	415.34
22:29:07	16.908	16.412	15.495	15.17	18.09	18.303	415.42	415.34
22:30:07	16.906	16.413	15.548	15.46	18.094	18.31	415.42	415.34
22:31:07	16.905	16.414	15.62	15.854	18.086	18.294	415.42	415.34
22:32:07	16.903	16.414	15.665	16.18	18.1	18.302	415.42	415.34
22:33:07	16.901	16.411	15.716	16.291	18.1	18.308	415.42	415.34
22:34:07	16.9	16.412	15.755	16.347	18.101	18.301	415.42	415.34
22:35:07	16.9	16.41	15.779	16.504	18.098	18.301	415.42	415.34
22:36:07	16.902	16.412	15.817	16.547	18.101	18.313	415.42	415.34
22:37:07	16.904	16.41	15.787	16.341	18.097	18.317	415.42	415.34
22:38:07	16.905	16.41	15.682	16.178	18.107	18.318	415.42	415.34
22:39:07	16.906	16.408	15.613	16.076	18.088	18.318	415.42	415.34
22:40:07	16.903	16.408	15.625	16.017	18.091	18.307	415.42	415.34
22:41:07	16.904	16.409	15.595	16.008	18.086	18.31	415.42	415.34
22:42:07	16.901	16.406	15.613	16.026	18.088	18.295	415.42	415.34
22:43:07	16.902	16.405	15.624	16.088	18.098	18.303	415.42	415.34
22:44:07	16.904	16.403	15.584	16.006	18.085	18.301	415.42	415.34
22:45:07	16.902	16.403	15.61	15.898	18.087	18.294	415.42	415.34
22:46:08	16.901	16.405	15.531	15.604	18.083	18.302	415.42	415.34
22:47:07	16.901	16.404	15.534	15.551	18.081	18.291	415.42	415.34
22:48:07	16.9	16.404	15.554	15.432	18.079	18.298	415.42	415.34
22:49:07	16.899	16.403	15.54	15.386	18.084	18.294	415.42	415.34
22:50:07	16.899	16.403	15.559	15.368	18.087	18.3	415.42	415.34
22:51:08	16.898	16.402	15.572	15.687	18.105	18.298	415.42	415.34
22:52:07	16.898	16.402	15.68	16.043	18.09	18.302	415.42	415.34
22:53:07	16.896	16.404	15.716	16.248	18.085	18.303	415.42	415.34
22:54:07	16.893	16.406	15.762	16.364	18.089	18.3	415.42	415.34
22:55:07	16.895	16.406	15.784	16.467	18.084	18.295	415.42	415.34
22:56:07	16.896	16.403	15.801	16.6	18.095	18.295	415.42	415.34
22:57:07	16.898	16.403	15.755	16.606	18.084	18.295	415.42	415.34
22:58:07	16.902	16.402	15.711	16.396	18.087	18.298	415.42	415.34
22:59:07	16.903	16.401	15.672	16.151	18.092	18.298	415.42	415.34
23:00:07	16.899	16.405	15.66	16.129	18.098	18.302	415.42	415.34
23:01:07	16.897	16.402	15.644	15.985	18.09	18.302	415.42	415.34
23:02:07	16.899	16.405	15.61	15.713	18.103	18.296	415.42	415.34
23:03:07	16.901	16.403	15.576	15.557	18.093	18.297	415.42	415.34
23:04:07	16.904	16.405	15.529	15.307	18.083	18.297	415.42	415.34
23:05:07	16.903	16.404	15.511	15.316	18.088	18.295	415.42	415.34
23:06:07	16.903	16.407	15.533	15.319	18.077	18.295	415.42	415.34
23:07:07	16.906	16.407	15.578	15.623	18.088	18.307	415.42	415.34
23:08:07	16.906	16.406	15.669	16.001	18.087	18.301	415.42	415.34
23:09:07	16.905	16.408	15.714	16.267	18.078	18.295	415.42	415.34
23:10:07	16.903	16.41	15.758	16.335	18.103	18.296	415.42	415.34
23:11:07	16.901	16.41	15.798	16.451	18.104	18.296	415.42	415.34
23:12:07	16.901	16.411	15.847	16.539	18.102	18.304	415.42	415.34
23:13:07	16.902	16.41	15.834	16.639	18.1	18.3	415.42	415.34
23:14:07	16.904	16.41	15.758	16.448	18.085	18.31	415.42	415.34
23:15:07	16.907	16.414	15.671	16.156	18.105	18.301	415.42	415.34
23:16:07	16.904	16.416	15.632	16.039	18.091	18.307	415.42	415.34
23:17:07	16.901	16.418	15.6	15.856	18.094	18.301	415.42	415.34
23:18:07	16.9	16.416	15.553	15.739	18.075	18.299	415.42	415.34
23:19:07	16.904	16.414	15.528	15.596	18.093	18.297	415.42	415.34
23:20:07	16.906	16.417	15.502	15.445	18.088	18.3	415.42	415.34
23:21:07	16.906	16.413	15.489	15.547	18.092	18.291	415.42	415.34
23:22:07	16.905	16.415	15.513	15.579	18.095	18.287	415.42	415.34
23:23:07	16.902	16.413	15.5	15.683	18.089	18.29	415.42	415.34
23:24:07	16.903	16.409	15.463	15.7	18.093	18.292	415.42	415.34
23:25:07	16.901	16.409	15.47	15.587	18.092	18.302	415.42	415.34
23:26:07	16.899	16.407	15.444	15.513	18.084	18.29	415.42	415.34
23:27:07	16.901	16.405	15.432	15.269	18.07	18.288	415.42	415.34
23:28:07	16.9	16.402	15.476	0.0	18.071	18.291	415.42	415.34
23:29:07	16.901	16.402	15.569	15.933	18.077	18.297	415.42	415.34
23:30:07	16.9	16.397	15.634	16.2	18.078	18.296	415.42	415.34
23:31:07	16.9	16.398	15.67	16.326	18.074	18.297	415.42	415.34
23:32:07	16.899	16.398	15.717	16.401	18.088	18.296	415.42	415.34
23:33:07	16.901	16.4	15.762	16.465	18.093	18.292	415.42	415.34
23:34:07	16.901	16.402	15.79	16.539	18.078	18.293	415.42	415.34
23:35:07	16.898	16.405	15.763	16.418	18.088	18.3	415.42	415.34
23:36:07	16.898	16.407	15.667	16.248	18.087	18.292	415.42	415.34
23:37:07	16.902	16.406	15.599	16.076	18.083	18.295	415.42	415.34
23:38:07	16.902	16.405	15.585	16.025	18.09	18.306	415.42	415.34
23:39:07	16.903	16.404	15.606	15.999	18.085	18.312	415.42	415.34
23:40:07	16.904	16.407	15.585	15.998	18.082	18.297	415.42	415.34
23:41:07	16.9	16.409	15.576	15.835	18.084	18.305	415.42	415.34
23:42:07	16.903	16.411	15.535	15.717	18.086	18.299	415.42	415.34
23:43:07	16.904	16.414	15.528	15.641	18.077	18.295	415.42	415.34
23:44:07	16.905	16.409	15.5	15.548	18.093	18.3	415.42	415.34
23:45:07	16.903	16.413	15.465	15.404	18.094	18.307	415.42	415.34
23:46:07	16.9	16.416	15.434	15.265	18.088	18.306	415.42	415.34
23:47:07	16.898	16.421	15.405	15.141	18.089	18.296	415.42	415.34
23:48:07	16.898	16.424	15.479	15.472	18.104	18.297	415.42	415.34
23:49:07	16.901	16.425	15.589	15.924	18.108	18.31	415.42	415.34
23:50:07	16.9	16.423	15.641	16.241	18.107	18.321	415.42	415.34
23:51:07	16.902	16.422	15.687	16.401	18.091	18.307	415.42	415.34
23:52:07	16.902	16.419	15.746	16.462	18.091	18.299	415.42	415.34
23:53:07	16.899	16.414	15.775	16.506	18.086	18.298	415.42	415.34
23:54:07	16.898	16.413	15.809	16.582	18.09	18.302	415.42	415.34
23:55:07	16.898	16.409	15.758	16.399	18.087	18.294	415.42	415.34
23:56:07	16.899	16.405	15.659	16.136	18.088	18.298	415.42	415.34
23:57:07	16.898	16.407	15.593	15.967	18.076	18.298	415.42	415.34
23:58:07	16.895	16.406	15.564	15.921	18.094	18.296	415.42	415.34
23:59:07	16.895	16.409	15.541	15.706	18.09	18.292	415.42	415.34
