00:00:35	16.184	15.832	15.737	16.45	15.993	16.162	415.42	415.34
00:01:35	16.187	15.834	15.736	16.448	15.991	16.164	415.42	415.34
00:02:35	16.186	15.834	15.736	16.448	15.993	16.165	415.42	415.34
00:03:35	16.183	15.835	15.739	16.447	15.995	16.164	415.42	415.34
00:04:35	16.184	15.834	15.737	16.444	15.993	16.162	415.42	415.34
00:05:35	16.184	15.83	15.735	16.445	15.99	16.161	415.42	415.34
00:06:35	16.185	15.829	15.733	16.443	15.991	16.16	415.42	415.34
00:07:35	16.186	15.828	15.734	16.441	15.989	16.16	415.42	415.34
00:08:35	16.184	15.828	15.735	16.445	15.991	16.159	415.42	415.34
00:09:37	16.186	15.828	15.737	16.453	15.993	16.162	415.42	415.34
00:10:35	16.182	15.827	15.737	16.456	15.993	16.162	415.42	415.34
00:11:35	16.186	15.83	15.737	16.456	15.994	16.162	415.42	415.34
00:12:35	16.182	15.827	15.732	16.45	15.988	16.16	415.42	415.34
00:13:35	16.186	15.827	15.732	16.446	15.991	16.163	415.42	415.34
00:14:35	16.183	15.827	15.735	16.44	15.988	16.162	415.42	415.34
00:15:35	16.184	15.825	15.739	16.441	15.991	16.161	415.42	415.34
00:16:35	16.185	15.829	15.741	16.449	15.993	16.163	415.42	415.34
00:17:35	16.184	15.829	15.737	16.458	15.998	16.163	415.42	415.34
00:18:35	16.184	15.83	15.737	16.484	15.996	16.164	415.42	415.34
00:19:35	16.184	15.831	15.737	16.483	15.991	16.164	415.42	415.34
00:20:35	16.183	15.831	15.739	16.483	15.991	16.164	415.42	415.34
00:21:35	16.187	15.834	15.739	16.476	15.989	16.163	415.42	415.34
00:22:35	16.186	15.832	15.739	16.476	15.993	16.165	415.42	415.34
00:23:35	16.184	15.832	15.739	16.495	15.997	16.164	415.42	415.34
00:24:35	16.184	15.834	15.746	16.513	15.998	16.165	415.42	415.34
00:25:35	16.184	15.834	15.749	16.509	15.995	16.165	415.42	415.34
00:26:36	16.185	15.834	15.752	16.503	15.992	16.164	415.42	415.34
00:27:35	0.0	15.832	15.748	16.492	15.994	16.163	415.42	415.34
00:28:35	16.185	15.835	15.747	16.488	15.993	16.162	415.42	415.34
00:29:35	16.184	15.834	15.747	16.488	15.994	16.161	415.42	415.34
00:30:35	16.183	15.83	15.748	16.49	15.993	16.16	415.42	415.34
00:31:35	16.183	15.831	15.748	16.503	15.991	16.159	415.42	415.34
00:32:35	16.182	15.829	15.751	16.525	15.992	16.16	415.42	415.34
00:33:36	16.182	15.83	15.756	16.546	15.993	16.162	415.42	415.34
00:34:35	16.184	15.829	15.76	16.565	15.993	16.161	415.42	415.34
00:35:36	16.181	15.83	15.766	16.581	15.995	16.162	415.42	415.34
00:36:35	16.183	15.828	15.768	16.594	15.995	16.164	415.42	415.34
00:37:35	16.183	15.831	15.77	16.602	15.995	16.164	415.42	415.34
00:38:35	16.182	15.831	15.771	16.593	15.995	16.164	415.42	415.34
00:39:35	16.183	15.832	15.773	16.594	15.993	16.164	415.42	415.34
00:40:35	16.182	15.831	15.776	16.602	15.99	16.164	415.42	415.34
00:41:36	16.183	15.83	15.776	16.614	15.99	16.162	415.42	415.34
00:42:35	16.183	15.828	15.783	16.633	15.99	16.162	415.42	415.34
00:43:35	16.182	15.829	15.782	16.637	15.993	16.161	415.42	415.34
00:44:36	16.182	15.828	15.784	16.634	15.992	16.159	415.42	415.34
00:45:35	16.181	15.824	15.781	16.621	15.985	16.157	415.42	415.34
00:46:35	16.183	15.823	15.783	16.607	15.987	16.16	415.42	415.34
00:47:35	16.182	15.823	15.783	16.592	15.988	16.16	415.42	415.34
00:48:35	16.183	15.824	15.782	16.579	15.99	16.16	415.42	415.34
00:49:35	16.182	15.827	15.783	16.572	15.995	16.162	415.42	415.34
00:50:35	16.182	15.827	15.784	16.562	15.995	16.162	415.42	415.34
00:51:35	16.183	15.829	15.782	16.55	15.998	16.163	415.42	415.34
00:52:35	16.182	15.829	15.779	16.543	15.995	16.164	415.42	415.34
00:53:35	16.183	15.829	15.778	16.535	15.994	16.164	415.42	415.34
00:54:36	16.183	15.829	15.778	16.533	15.996	16.164	415.42	415.34
00:55:35	16.182	15.832	15.775	16.534	15.994	16.165	415.42	415.34
00:56:36	16.181	15.832	15.777	16.527	15.998	16.165	415.42	415.34
00:57:36	16.182	15.832	15.776	16.521	0.0	16.165	415.42	415.34
00:58:36	16.181	15.831	15.776	16.52	15.997	16.164	415.42	415.34
00:59:35	16.181	15.83	15.775	16.519	15.994	16.163	415.42	415.34
01:00:35	16.181	15.829	15.775	16.517	15.991	16.162	415.42	415.34
01:01:35	16.181	15.829	15.777	16.519	15.992	16.16	415.42	415.34
01:02:35	16.181	15.828	15.777	16.518	15.993	16.16	415.42	415.34
01:03:36	16.183	15.828	15.775	16.515	15.992	16.16	415.42	415.34
01:04:35	16.181	15.828	15.775	16.511	15.992	16.161	415.42	415.34
01:05:35	16.182	15.829	15.777	16.512	15.992	16.163	415.42	415.34
01:06:35	16.181	15.828	15.778	16.508	15.989	16.161	415.42	415.34
01:07:37	16.181	15.828	15.776	16.515	15.99	16.161	415.42	415.34
01:08:35	16.181	15.828	15.775	16.521	16.0	16.163	415.42	415.34
01:09:35	16.181	15.83	15.773	16.515	15.999	16.162	415.42	415.34
01:10:37	16.181	15.83	15.772	16.512	15.994	16.162	415.42	415.34
01:11:35	0.0	15.828	15.773	16.515	15.991	16.161	415.42	415.34
01:12:36	16.181	15.828	15.776	16.587	15.995	16.162	415.42	415.34
01:13:35	16.18	15.828	15.785	16.643	15.992	16.162	415.42	415.34
01:14:35	16.181	15.826	15.794	16.648	15.993	16.16	415.42	415.34
01:15:35	16.18	15.827	15.794	16.619	15.996	16.161	415.42	415.34
01:16:35	16.181	15.827	15.794	16.593	15.998	16.16	415.42	415.34
01:17:35	16.181	15.826	15.791	16.577	15.998	16.16	415.42	415.34
01:18:35	16.181	15.828	15.788	16.565	15.996	16.161	415.42	415.34
01:19:35	16.18	15.828	15.788	16.563	15.994	16.162	415.42	415.34
01:20:35	16.18	15.827	15.787	16.549	15.99	16.162	415.42	415.34
01:21:36	16.18	15.827	15.786	16.54	15.99	16.16	415.42	415.34
01:22:35	16.181	15.826	15.785	16.535	15.992	16.161	415.42	415.34
01:23:36	16.181	15.825	15.782	16.528	15.992	16.161	415.42	415.34
01:24:36	16.18	15.825	15.779	16.518	15.99	16.159	415.42	415.34
01:25:35	16.181	15.826	15.78	16.512	15.989	16.161	415.42	415.34
01:26:35	16.18	15.826	15.777	16.504	15.986	16.159	415.42	415.34
01:27:36	16.181	15.825	15.778	16.499	15.989	16.161	415.42	415.34
01:28:35	16.181	15.826	15.777	16.499	15.99	16.161	415.42	415.34
01:29:35	16.181	15.824	15.775	16.492	15.987	16.161	415.42	415.34
01:30:36	16.18	15.824	15.772	16.485	15.985	16.16	415.42	415.34
01:31:35	16.179	15.825	15.772	16.484	15.989	16.161	415.42	415.34
01:32:35	16.179	15.825	15.77	16.479	15.988	16.159	415.42	415.34
01:33:36	16.18	15.823	15.77	16.478	15.988	16.159	415.42	415.34
01:34:35	16.18	15.824	15.771	16.48	15.993	16.161	415.42	415.34
01:35:35	16.18	15.826	15.768	16.484	15.991	16.162	415.42	415.34
01:36:35	16.18	15.827	15.767	16.483	15.992	16.162	415.42	415.34
01:37:36	16.18	0.0	15.768	16.489	15.99	16.163	415.42	415.34
01:38:35	16.181	15.83	15.768	16.492	15.993	16.163	415.42	415.34
01:39:35	16.18	15.831	15.766	16.496	15.994	16.164	415.42	415.34
01:40:36	16.181	15.832	15.767	16.493	15.994	16.164	415.42	415.34
01:41:35	16.18	15.832	15.764	16.488	15.995	16.166	415.42	415.34
01:42:36	16.18	15.833	15.765	16.489	15.995	16.164	415.42	415.34
01:43:36	16.18	15.833	15.765	16.49	15.993	16.166	415.42	415.34
01:44:36	16.181	15.833	15.766	16.494	15.995	16.165	415.42	415.34
01:45:36	16.18	15.832	15.766	16.495	15.996	16.164	415.42	415.34
01:46:35	16.181	15.833	15.766	16.496	15.998	16.163	415.42	415.34
01:47:35	16.181	15.833	15.766	16.504	15.995	16.162	415.42	415.34
01:48:35	16.181	15.832	15.767	16.507	15.994	16.162	415.42	415.34
01:49:36	16.181	15.832	15.768	16.507	15.991	16.163	415.42	415.34
01:50:35	16.181	15.832	15.769	16.508	15.993	16.164	415.42	415.34
01:51:37	16.18	15.833	15.767	16.509	15.993	16.162	415.42	415.34
01:52:35	0.0	15.83	15.768	16.513	15.993	16.162	415.42	415.34
01:53:35	16.181	15.831	15.771	16.511	15.996	16.161	415.42	415.34
01:54:37	16.181	15.831	15.768	16.513	15.999	16.162	415.42	415.34
01:55:35	16.181	15.832	15.769	16.512	15.996	16.162	415.42	415.34
01:56:36	16.181	15.831	15.775	16.512	15.993	16.161	415.42	415.34
01:57:35	0.0	15.831	15.778	16.512	15.996	16.163	415.42	415.34
01:58:35	16.18	15.83	15.772	16.522	15.998	16.163	415.42	415.34
01:59:35	16.18	15.83	15.773	16.534	15.995	16.162	415.42	415.34
02:00:35	16.18	15.83	15.774	16.529	15.997	16.161	415.42	415.34
02:01:35	16.18	15.83	15.773	16.524	15.997	16.161	415.42	415.34
02:02:36	16.181	15.829	15.775	16.593	16.0	16.161	415.42	415.34
02:03:35	16.181	15.827	15.788	16.895	15.997	16.162	415.42	415.34
02:04:35	16.18	15.828	15.807	17.11	15.993	16.162	415.42	415.34
02:05:35	16.18	15.828	15.819	16.995	15.997	16.162	415.42	415.34
02:06:36	16.18	15.828	15.82	16.848	15.996	16.163	415.42	415.34
02:07:35	16.18	15.83	15.818	16.755	16.001	16.162	415.42	415.34
02:08:35	16.18	15.83	15.815	16.69	16.001	16.163	415.42	415.34
02:09:35	16.18	15.829	15.809	16.651	15.997	16.161	415.42	415.34
02:10:35	16.18	15.828	15.808	16.63	15.999	16.161	415.42	415.34
02:11:35	16.18	15.828	15.806	16.611	15.995	16.162	415.42	415.34
02:12:35	16.181	15.827	15.806	16.589	15.995	16.161	415.42	415.34
02:13:35	16.181	15.828	15.804	16.579	15.995	16.161	415.42	415.34
02:14:35	16.18	15.828	15.801	16.569	15.996	16.161	415.42	415.34
02:15:36	16.18	15.827	15.801	16.556	15.992	16.161	415.42	415.34
02:16:36	16.18	15.827	15.799	16.551	15.995	16.161	415.42	415.34
02:17:36	16.179	15.826	15.799	16.544	15.999	16.161	415.42	415.34
02:18:35	16.181	15.828	15.796	16.538	15.999	16.163	415.42	415.34
02:19:35	16.181	15.828	15.795	16.53	16.0	16.162	415.42	415.34
02:20:35	16.181	15.828	15.793	16.526	15.996	16.162	415.42	415.34
02:21:36	16.18	15.827	15.792	16.522	15.995	16.162	415.42	415.34
02:22:35	16.179	15.827	15.79	16.52	15.994	16.162	415.42	415.34
02:23:35	16.18	15.827	15.79	16.515	15.993	16.163	415.42	415.34
02:24:36	16.18	15.827	15.79	16.516	15.995	16.162	415.42	415.34
02:25:36	16.18	15.827	15.787	16.513	15.996	16.161	415.42	415.34
02:26:36	16.18	15.827	15.787	16.512	15.995	16.162	415.42	415.34
02:27:36	16.18	15.828	15.786	16.51	15.995	16.16	415.42	415.34
02:28:35	16.18	15.827	15.785	16.507	15.994	16.161	415.42	415.34
02:29:35	16.18	15.827	15.783	16.503	15.991	16.161	415.42	415.34
02:30:35	16.18	15.828	15.783	16.501	15.989	16.161	415.42	415.34
02:31:36	16.18	15.827	15.782	16.497	15.992	16.161	415.42	415.34
02:32:37	16.18	15.828	15.782	16.495	15.993	16.16	415.42	415.34
02:33:35	16.179	15.828	15.781	16.497	15.993	16.16	415.42	415.34
02:34:37	16.18	15.828	15.778	16.5	15.994	16.161	415.42	415.34
02:35:36	0.0	15.828	15.779	16.496	15.994	16.159	415.42	415.34
02:36:35	16.18	15.827	15.78	16.492	15.994	16.16	415.42	415.34
02:37:36	16.18	15.826	15.778	16.493	15.991	16.16	415.42	415.34
02:38:35	16.179	15.827	15.778	16.495	15.992	16.161	415.42	415.34
02:39:36	16.179	15.826	15.778	16.499	15.995	16.162	415.42	415.34
02:40:35	16.179	15.826	15.777	16.497	15.995	16.162	415.42	415.34
02:41:37	16.18	15.827	15.776	16.499	15.996	16.162	415.42	415.34
02:42:35	16.179	15.827	15.782	16.497	15.997	16.162	415.42	415.34
02:43:36	16.179	15.828	15.786	16.502	15.996	16.164	415.42	415.34
02:44:35	16.179	15.827	15.782	16.503	15.993	16.162	415.42	415.34
02:45:35	16.181	15.829	15.778	16.505	15.997	16.163	415.42	415.34
02:46:35	16.18	15.828	15.777	16.503	15.996	16.164	415.42	415.34
02:47:36	16.181	15.831	15.777	16.504	15.995	16.164	415.42	415.34
02:48:36	16.18	15.832	15.776	16.515	15.998	16.164	415.42	415.34
02:49:36	16.181	15.831	15.779	16.543	15.996	16.165	415.42	415.34
02:50:35	16.179	15.832	15.784	16.588	15.998	16.164	415.42	415.34
02:51:35	16.18	15.832	15.794	16.632	15.997	16.162	415.42	415.34
02:52:35	16.181	15.832	15.797	16.619	15.995	16.163	415.42	415.34
02:53:36	16.18	15.833	15.796	16.596	15.996	16.161	415.42	415.34
02:54:36	16.18	15.832	15.793	16.577	15.999	16.161	415.42	415.34
02:55:36	16.181	15.833	15.791	16.568	15.998	16.162	415.42	415.34
02:56:36	16.18	15.833	15.791	16.57	15.998	16.16	415.42	415.34
02:57:36	16.18	15.833	15.792	16.565	15.998	16.161	415.42	415.34
02:58:36	16.181	15.832	15.791	16.558	15.999	16.16	415.42	415.34
02:59:36	16.18	15.831	15.79	16.55	15.999	16.161	415.42	415.34
03:00:36	16.179	15.831	15.789	16.544	15.995	16.161	415.42	415.34
03:01:36	16.18	15.832	15.787	16.537	15.994	16.161	415.42	415.34
03:02:36	16.18	15.832	15.785	16.532	15.996	16.161	415.42	415.34
03:03:36	16.181	15.831	15.784	16.526	15.995	16.163	415.42	415.34
03:04:36	16.18	15.831	15.785	16.524	15.994	16.162	415.42	415.34
03:05:36	16.179	15.83	15.783	16.524	15.998	16.162	415.42	415.34
03:06:35	16.181	15.831	15.784	16.522	15.998	16.161	415.42	415.34
03:07:36	16.179	15.831	15.783	16.517	15.997	16.161	415.42	415.34
03:08:36	16.18	15.83	15.782	16.515	15.994	16.162	415.42	415.34
03:09:36	16.18	15.831	15.782	16.51	15.992	16.162	415.42	415.34
03:10:36	16.179	15.83	15.781	16.507	15.991	16.162	415.42	415.34
03:11:36	16.179	15.83	15.779	16.506	15.991	16.162	415.42	415.34
03:12:36	16.18	15.83	15.779	16.504	15.995	16.162	415.42	415.34
03:13:36	16.181	15.831	15.778	16.504	15.991	16.161	415.42	415.34
03:14:36	16.179	15.829	15.777	16.498	15.993	16.161	415.42	415.34
03:15:36	16.179	15.829	15.776	16.497	15.993	16.159	415.42	415.34
03:16:36	16.181	15.829	15.774	16.494	15.994	16.161	415.42	415.34
03:17:36	16.18	15.828	15.774	16.492	15.994	16.16	415.42	415.34
03:18:36	16.181	15.828	15.774	16.494	15.996	16.16	415.42	415.34
03:19:36	16.18	15.828	15.773	16.497	15.993	16.161	415.42	415.34
03:20:36	16.18	15.828	15.773	16.499	15.993	16.161	415.42	415.34
03:21:36	16.18	15.827	15.773	16.496	15.994	16.161	415.42	415.34
03:22:36	16.179	15.826	15.774	16.5	15.992	16.16	415.42	415.34
03:23:36	16.179	15.827	15.776	16.503	15.99	16.16	415.42	415.34
03:24:36	16.179	15.827	15.772	16.506	15.991	16.16	415.42	415.34
03:25:36	16.179	15.826	15.776	16.507	15.992	16.16	415.42	415.34
03:26:36	16.179	15.827	15.78	16.51	15.995	16.16	415.42	415.34
03:27:36	16.179	15.827	15.777	16.514	15.995	16.16	415.42	415.34
03:28:36	16.18	15.827	15.776	16.532	15.994	16.16	415.42	415.34
03:29:36	16.18	15.826	15.778	16.543	15.991	16.16	415.42	415.34
03:30:36	16.179	15.828	15.777	16.547	15.99	16.16	415.42	415.34
03:31:36	16.179	15.827	15.78	16.545	15.99	16.159	415.42	415.34
03:32:36	16.179	15.826	15.777	16.542	15.989	16.161	415.42	415.34
03:33:36	16.18	15.825	15.777	16.547	15.992	16.16	415.42	415.34
03:34:36	16.18	15.826	15.783	16.587	15.99	16.16	415.42	415.34
03:35:36	16.179	15.825	15.787	16.591	15.991	16.161	415.42	415.34
03:36:36	16.181	15.824	15.789	16.577	15.992	16.16	415.42	415.34
03:37:36	16.178	15.825	15.79	16.565	15.993	16.159	415.42	415.34
03:38:36	16.179	15.826	15.791	16.559	15.992	16.159	415.42	415.34
03:39:36	16.178	15.825	15.787	16.559	15.992	16.16	415.42	415.34
03:40:36	16.179	15.825	15.784	16.555	15.994	16.161	415.42	415.34
03:41:36	16.179	15.827	15.785	16.55	15.992	16.161	415.42	415.34
03:42:36	16.179	15.826	15.784	16.547	15.989	16.161	415.42	415.34
03:43:36	16.179	15.827	15.782	16.543	15.992	16.161	415.42	415.34
03:44:36	16.18	15.826	15.782	16.539	15.994	16.161	415.42	415.34
03:45:36	16.18	15.826	15.782	16.532	15.996	16.162	415.42	415.34
03:46:36	16.179	15.826	15.785	16.531	15.994	16.161	415.42	415.34
03:47:36	16.18	15.827	15.786	16.53	15.992	16.161	415.42	415.34
03:48:36	16.179	15.827	15.782	16.535	15.99	16.159	415.42	415.34
03:49:36	16.179	15.826	15.78	16.538	15.99	16.159	415.42	415.34
03:50:36	16.179	15.827	15.782	16.542	15.993	16.16	415.42	415.34
03:51:36	16.179	15.825	15.784	16.542	15.991	16.159	415.42	415.34
03:52:36	16.18	15.826	15.785	16.553	15.992	16.159	415.42	415.34
03:53:36	16.179	15.826	15.789	16.609	15.991	16.158	415.42	415.34
03:54:36	16.179	15.826	15.794	16.652	15.991	16.16	415.42	415.34
03:55:36	16.178	15.825	15.803	16.661	15.99	16.16	415.42	415.34
03:56:36	16.178	15.825	15.805	16.64	15.989	16.16	415.42	415.34
03:57:36	16.178	15.826	15.804	16.617	15.988	16.16	415.42	415.34
03:58:36	0.0	15.826	15.801	16.598	15.992	16.16	415.42	415.34
03:59:36	16.18	15.826	15.797	16.59	15.991	16.16	415.42	415.34
04:00:36	16.178	15.825	15.798	16.591	15.988	16.16	415.42	415.34
04:01:36	16.179	15.825	15.797	16.587	15.988	16.16	415.42	415.34
04:02:36	16.179	15.826	15.797	16.582	15.99	16.16	415.42	415.34
04:03:36	0.0	15.825	15.797	16.571	15.988	16.161	415.42	415.34
04:04:36	16.178	15.826	15.797	16.564	15.989	16.161	415.42	415.34
04:05:36	16.178	15.826	15.795	16.558	15.991	16.16	415.42	415.34
04:06:36	16.179	15.825	15.793	16.554	15.991	16.16	415.42	415.34
04:07:36	16.179	15.827	15.793	16.551	15.99	16.16	415.42	415.34
04:08:36	16.177	15.826	15.792	16.543	15.99	16.159	415.42	415.34
04:09:36	16.179	15.825	15.789	16.543	15.989	16.159	415.42	415.34
04:10:36	16.179	15.825	15.789	16.538	15.989	16.16	415.42	415.34
04:11:36	16.18	15.826	15.789	16.538	15.993	16.16	415.42	415.34
04:12:36	16.179	15.826	15.788	16.536	15.992	16.16	415.42	415.34
04:13:36	16.178	15.826	15.788	16.54	15.993	16.16	415.42	415.34
04:14:36	16.18	15.826	15.784	16.535	15.994	16.159	415.42	415.34
04:15:36	16.179	15.825	15.786	16.527	15.992	16.159	415.42	415.34
04:16:36	16.179	15.825	15.785	16.526	15.992	16.159	415.42	415.34
04:17:36	16.179	15.826	15.786	16.525	15.992	16.159	415.42	415.34
04:18:36	16.179	15.826	15.784	16.522	15.99	16.159	415.42	415.34
04:19:36	16.179	15.825	15.783	16.518	15.992	16.158	415.42	415.34
04:20:36	16.178	15.826	15.783	16.517	15.99	16.158	415.42	415.34
04:21:36	16.179	15.826	15.782	16.518	15.989	16.159	415.42	415.34
04:22:36	16.179	15.825	15.78	16.52	15.99	16.157	415.42	415.34
04:23:36	16.179	15.825	15.779	16.519	15.988	16.158	415.42	415.34
04:24:36	16.179	15.825	15.781	16.52	15.987	16.158	415.42	415.34
04:25:36	16.178	15.824	15.78	16.521	15.987	16.159	415.42	415.34
04:26:36	16.179	15.824	15.779	16.52	15.988	16.158	415.42	415.34
04:27:36	16.179	15.824	15.78	16.523	15.989	16.159	415.42	415.34
04:28:36	16.179	15.826	15.779	16.523	15.992	16.16	415.42	415.34
04:29:36	16.179	15.825	15.781	16.523	15.991	16.159	415.42	415.34
04:30:36	16.179	15.826	15.782	16.524	15.99	16.158	415.42	415.34
04:31:36	0.0	15.825	15.778	16.525	15.991	16.159	415.42	415.34
04:32:36	16.178	15.825	15.778	16.523	15.989	16.158	415.42	415.34
04:33:36	16.179	15.825	15.781	16.524	15.988	16.159	415.42	415.34
04:34:36	16.179	15.825	15.78	16.522	15.988	16.159	415.42	415.34
04:35:36	16.178	15.825	15.779	16.526	15.989	16.159	415.42	415.34
04:36:36	16.178	15.825	15.779	16.528	15.989	16.157	415.42	415.34
04:37:36	16.179	15.823	15.779	16.527	15.988	16.157	415.42	415.34
04:38:36	16.178	15.824	15.782	16.528	15.988	16.158	415.42	415.34
04:39:36	16.179	15.824	15.78	16.53	15.989	16.16	415.42	415.34
04:40:37	16.178	15.825	15.778	16.539	15.991	16.16	415.42	415.34
04:41:36	16.179	15.824	15.779	16.542	15.989	16.158	415.42	415.34
04:42:36	16.179	15.824	15.78	16.536	15.988	16.158	415.42	415.34
04:43:36	16.179	15.825	15.783	16.535	15.99	16.158	415.42	415.34
04:44:36	16.179	15.825	15.78	16.547	15.99	16.158	415.42	415.34
04:45:37	16.178	15.825	15.787	16.594	15.988	16.16	415.42	415.34
04:46:36	16.177	15.826	15.795	16.678	15.986	16.158	415.42	415.34
04:47:36	16.179	15.825	15.802	16.688	15.987	16.158	415.42	415.34
04:48:36	16.179	15.825	15.803	16.654	15.988	16.158	415.42	415.34
04:49:36	16.179	15.826	15.804	16.628	15.989	16.159	415.42	415.34
04:50:36	16.179	15.826	15.798	16.605	15.987	16.158	415.42	415.34
04:51:36	16.18	15.825	15.795	16.591	15.986	16.158	415.42	415.34
04:52:36	16.179	15.825	15.795	16.583	15.985	16.158	415.42	415.34
04:53:36	16.179	15.825	15.795	16.576	15.988	16.157	415.42	415.34
04:54:36	16.18	15.824	15.793	16.567	15.987	16.156	415.42	415.34
04:55:36	16.178	15.823	15.792	16.559	15.986	16.157	415.42	415.34
04:56:36	16.178	15.823	15.79	16.552	15.985	16.157	415.42	415.34
04:57:36	16.178	15.822	15.788	16.54	15.987	16.157	415.42	415.34
04:58:36	16.177	15.824	15.785	16.532	15.986	16.157	415.42	415.34
04:59:36	16.179	15.823	15.786	16.527	15.988	16.157	415.42	415.34
05:00:36	16.178	15.823	15.787	16.522	15.986	16.157	415.42	415.34
05:01:36	16.178	15.824	15.785	16.52	15.986	16.158	415.42	415.34
05:02:36	16.179	15.824	15.784	16.519	15.984	16.156	415.42	415.34
05:03:36	16.178	15.823	15.783	16.515	15.987	16.157	415.42	415.34
05:04:36	16.178	15.824	15.783	16.506	15.987	16.158	415.42	415.34
05:05:36	0.0	15.824	15.78	16.5	15.987	16.158	415.42	415.34
05:06:37	16.179	15.825	15.777	16.5	15.987	16.159	415.42	415.34
05:07:36	0.0	15.826	15.778	16.502	15.989	16.159	415.42	415.34
05:08:36	16.179	15.826	15.776	16.503	15.99	16.157	415.42	415.34
05:09:36	16.179	15.826	15.776	16.499	15.99	16.159	415.42	415.34
05:10:36	16.179	15.826	15.775	16.501	15.989	16.158	415.42	415.34
05:11:36	16.179	15.826	15.775	16.502	15.988	16.158	415.42	415.34
05:12:36	16.179	15.827	15.774	16.503	15.992	16.159	415.42	415.34
05:13:36	16.179	15.828	15.775	16.498	15.991	16.161	415.42	415.34
05:14:36	16.179	15.828	15.775	16.496	15.992	16.159	415.42	415.34
05:15:36	16.179	15.83	15.774	16.495	15.994	16.161	415.42	415.34
05:16:36	16.179	15.831	15.775	16.498	15.994	16.16	415.42	415.34
05:17:36	16.179	15.83	15.774	16.5	15.996	16.16	415.42	415.34
05:18:36	16.178	15.829	15.773	16.507	15.989	16.159	415.42	415.34
05:19:36	16.179	15.83	15.772	16.509	15.99	16.159	415.42	415.34
05:20:36	16.179	15.831	15.772	16.508	15.993	16.159	415.42	415.34
05:21:36	16.179	15.832	15.773	16.505	15.995	16.16	415.42	415.34
05:22:36	16.18	15.831	15.774	16.503	15.996	16.159	415.42	415.34
05:23:36	16.179	15.831	15.771	16.497	15.992	16.157	415.42	415.34
05:24:36	16.179	15.83	15.77	16.5	15.989	16.157	415.42	415.34
05:25:36	16.178	15.829	15.769	16.506	15.989	16.158	415.42	415.34
05:26:36	16.178	15.829	15.769	16.507	15.989	16.158	415.42	415.34
05:27:36	16.179	15.829	15.769	16.508	15.988	16.157	415.42	415.34
05:28:36	16.178	15.828	15.768	16.512	15.99	16.158	415.42	415.34
05:29:36	16.177	15.826	15.768	16.514	15.99	16.158	415.42	415.34
05:30:36	16.178	15.827	15.769	16.513	15.988	16.158	415.42	415.34
05:31:36	16.179	15.827	15.771	16.516	15.989	16.159	415.42	415.34
05:32:38	16.179	15.828	15.772	16.513	15.99	16.158	415.42	415.34
05:33:36	16.179	15.829	15.777	16.513	15.988	16.157	415.42	415.34
05:34:36	16.179	15.829	15.774	16.514	15.988	16.158	415.42	415.34
05:35:36	16.179	15.828	15.774	16.531	15.99	16.158	415.42	415.34
05:36:36	16.179	15.828	15.775	16.538	15.988	16.159	415.42	415.34
05:37:36	16.179	15.829	15.774	16.537	15.99	16.159	415.42	415.34
05:38:36	16.178	15.828	15.776	16.549	15.991	16.159	415.42	415.34
05:39:36	16.179	15.829	15.782	16.644	15.99	16.159	415.42	415.34
05:40:36	16.179	15.829	15.793	16.848	15.99	16.157	415.42	415.34
05:41:36	16.18	15.83	15.807	16.913	15.989	16.158	415.42	415.34
05:42:36	16.179	15.829	15.813	16.819	15.99	16.158	415.42	415.34
05:43:36	16.179	15.831	15.813	16.741	15.99	16.158	415.42	415.34
05:44:36	16.179	15.83	15.811	16.687	15.988	16.158	415.42	415.34
05:45:36	16.18	15.83	15.809	16.647	15.986	16.158	415.42	415.34
05:46:36	16.179	15.83	15.803	16.63	15.987	16.158	415.42	415.34
05:47:36	16.178	15.83	15.803	16.62	15.988	16.158	415.42	415.34
05:48:36	16.179	15.83	15.802	16.609	15.987	16.157	415.42	415.34
05:49:36	16.179	15.828	15.799	16.6	15.989	16.157	415.42	415.34
05:50:36	16.178	15.829	15.799	16.589	15.988	16.158	415.42	415.34
05:51:36	16.179	15.83	15.799	16.579	15.988	16.157	415.42	415.34
05:52:36	16.179	15.83	15.798	16.565	15.987	16.157	415.42	415.34
05:53:36	16.179	15.828	15.796	16.557	15.989	16.156	415.42	415.34
05:54:36	16.179	15.829	15.793	16.551	15.989	16.156	415.42	415.34
05:55:36	16.178	15.827	15.794	16.548	15.989	16.158	415.42	415.34
05:56:36	16.179	15.828	15.793	16.542	15.987	16.157	415.42	415.34
05:57:36	16.179	15.827	15.789	16.536	15.985	16.155	415.42	415.34
05:58:36	16.179	15.826	15.788	16.534	15.984	16.156	415.42	415.34
05:59:36	16.178	15.828	15.787	16.532	15.987	16.157	415.42	415.34
06:00:36	16.179	15.826	15.787	16.536	15.986	16.157	415.42	415.34
06:01:36	0.0	15.827	15.786	16.534	15.987	16.157	415.42	415.34
06:02:36	16.178	15.827	15.788	16.529	15.986	16.156	415.42	415.34
06:03:36	16.178	15.825	15.784	16.528	15.986	16.155	415.42	415.34
06:04:36	16.179	15.826	15.784	16.521	15.986	16.157	415.42	415.34
06:05:36	16.179	15.825	15.78	16.517	15.984	16.155	415.42	415.34
06:06:36	16.18	15.825	15.782	16.516	15.987	16.157	415.42	415.34
06:07:36	16.178	15.826	15.782	16.517	15.988	16.158	415.42	415.34
06:08:37	16.179	15.825	15.782	16.515	15.987	16.157	415.42	415.34
06:09:36	16.179	15.826	15.782	16.514	15.986	16.157	415.42	415.34
06:10:36	16.18	15.827	15.78	16.511	15.989	16.156	415.42	415.34
06:11:36	0.0	15.827	15.78	16.513	15.99	16.156	415.42	415.34
06:12:36	16.179	15.827	15.779	16.516	15.985	16.156	415.42	415.34
06:13:36	16.179	15.828	15.779	16.519	15.985	16.157	415.42	415.34
06:14:36	16.179	15.828	15.779	16.522	15.986	16.157	415.42	415.34
06:15:36	16.179	15.828	15.778	16.515	15.988	16.156	415.42	415.34
06:16:36	16.179	15.826	15.776	16.518	15.984	16.156	415.42	415.34
06:17:36	16.178	15.826	15.777	16.516	15.99	16.155	415.42	415.34
06:18:36	16.178	15.826	15.778	16.525	15.988	16.155	415.42	415.34
06:19:36	16.178	15.824	15.774	16.523	15.987	16.155	415.42	415.34
06:20:36	16.179	15.825	15.776	16.521	15.99	16.154	415.42	415.34
06:21:36	16.178	15.825	15.775	16.521	15.988	16.155	415.42	415.34
06:22:36	16.179	15.826	15.773	16.517	15.986	16.155	415.42	415.34
06:23:36	16.178	15.824	15.773	16.517	15.988	16.154	415.42	415.34
06:24:36	16.178	15.824	15.774	16.517	15.985	16.154	415.42	415.34
06:25:36	16.178	15.822	15.772	16.523	15.984	16.154	415.42	415.34
06:26:36	16.18	15.823	15.774	16.518	15.983	16.154	415.42	415.34
06:27:36	16.179	15.822	15.773	16.516	15.983	16.153	415.42	415.34
06:28:36	16.177	15.823	15.772	16.521	15.985	16.154	415.42	415.34
06:29:36	16.178	15.823	15.775	16.516	15.986	16.156	415.42	415.34
06:30:36	16.179	15.824	15.773	16.519	15.989	16.153	415.42	415.34
06:31:37	16.178	15.824	15.774	16.518	15.989	16.155	415.42	415.34
06:32:36	0.0	15.824	15.778	16.516	15.989	16.155	415.42	415.34
06:33:36	16.178	15.825	15.782	16.514	15.99	16.156	415.42	415.34
06:34:36	16.179	15.825	15.775	16.52	15.987	16.156	415.42	415.34
06:35:36	16.178	15.826	15.775	16.534	15.988	16.156	415.42	415.34
06:36:36	16.179	15.827	15.775	16.54	15.991	16.156	415.42	415.34
06:37:36	16.179	15.826	15.777	16.533	15.991	16.156	415.42	415.34
06:38:36	16.179	15.826	15.775	16.533	15.991	16.157	415.42	415.34
06:39:36	16.178	15.828	15.774	16.531	15.992	16.157	415.42	415.34
06:40:36	16.179	15.829	15.774	16.533	15.989	16.157	415.42	415.34
06:41:36	16.179	15.829	15.778	16.538	15.988	16.156	415.42	415.34
06:42:36	16.179	15.829	15.781	16.535	15.987	16.155	415.42	415.34
06:43:36	16.18	15.829	15.782	16.53	15.989	16.157	415.42	415.34
06:44:36	16.18	15.83	15.782	16.525	15.988	16.157	415.42	415.34
06:45:36	16.177	15.83	15.776	16.525	15.989	16.157	415.42	415.34
06:46:36	16.18	15.832	15.777	16.523	15.991	16.157	415.42	415.34
06:47:36	16.18	15.83	15.775	16.523	15.991	16.157	415.42	415.34
06:48:36	16.179	15.831	15.775	16.525	15.991	16.157	415.42	415.34
06:49:36	16.179	15.831	15.774	16.518	15.994	16.156	415.42	415.34
06:50:36	16.179	15.83	15.773	16.519	15.989	16.155	415.42	415.34
06:51:36	16.18	15.831	15.773	16.514	15.989	16.155	415.42	415.34
06:52:36	16.181	15.832	15.771	16.508	15.992	16.158	415.42	415.34
06:53:36	16.18	15.832	15.772	16.502	15.995	16.157	415.42	415.34
06:54:37	16.179	15.832	15.771	16.507	15.995	16.158	415.42	415.34
06:55:36	16.18	15.833	15.768	16.506	15.996	16.158	415.42	415.34
06:56:36	16.179	15.833	15.77	16.509	15.994	16.157	415.42	415.34
06:57:36	16.18	15.832	15.767	16.507	15.993	16.157	415.42	415.34
06:58:36	16.179	15.831	15.766	16.503	15.991	16.155	415.42	415.34
06:59:36	16.179	15.831	15.765	16.505	15.986	16.156	415.42	415.34
07:00:36	16.179	15.83	15.766	16.509	15.986	16.158	415.42	415.34
07:01:36	16.179	15.831	15.767	16.511	15.985	16.157	415.42	415.34
07:02:36	16.179	15.831	15.768	16.51	15.987	16.157	415.42	415.34
07:03:36	16.18	15.83	15.768	16.507	15.986	16.156	415.42	415.34
07:04:36	16.178	15.828	15.766	16.507	15.985	16.154	415.42	415.34
07:05:36	16.178	15.828	15.766	16.51	15.984	16.155	415.42	415.34
07:06:36	16.178	15.825	15.764	16.509	15.981	16.152	415.42	415.34
07:07:36	16.178	15.826	15.767	16.507	15.985	16.153	415.42	415.34
07:08:36	16.178	15.826	15.764	16.506	15.984	16.153	415.42	415.34
07:09:36	16.178	15.826	15.764	16.513	15.986	16.154	415.42	415.34
07:10:36	16.179	15.826	15.765	16.511	15.986	16.154	415.42	415.34
07:11:36	16.179	15.826	15.767	16.511	15.984	16.155	415.42	415.34
07:12:36	16.178	15.825	15.767	16.509	15.985	16.156	415.42	415.34
07:13:36	16.178	15.826	15.765	16.512	15.986	16.155	415.42	415.34
07:14:36	16.179	15.827	15.766	16.512	15.985	16.155	415.42	415.34
07:15:36	16.179	15.827	15.765	16.515	15.986	16.155	415.42	415.34
07:16:36	16.178	15.828	15.767	16.515	15.987	16.156	415.42	415.34
07:17:36	16.179	15.827	15.766	16.515	15.987	16.156	415.42	415.34
07:18:36	16.178	15.827	15.766	16.518	15.987	16.156	415.42	415.34
07:19:36	16.179	15.828	15.767	16.519	15.987	16.156	415.42	415.34
07:20:36	16.179	15.828	15.767	16.52	15.987	16.156	415.42	415.34
07:21:36	16.178	15.829	15.766	16.516	15.983	16.154	415.42	415.34
07:22:36	16.178	15.829	15.766	16.511	15.982	16.154	415.42	415.34
07:23:36	16.179	15.828	15.764	16.513	15.982	16.153	415.42	415.34
07:24:36	16.178	15.826	15.771	16.511	15.982	16.156	415.42	415.34
07:25:36	16.178	15.826	15.775	16.515	15.981	16.154	415.42	415.34
07:26:36	16.178	15.826	15.773	16.519	15.982	16.155	415.42	415.34
07:27:36	16.178	15.825	15.768	16.528	15.981	16.152	415.42	415.34
07:28:36	16.177	15.824	15.768	16.526	15.982	16.153	415.42	415.34
07:29:36	16.177	15.825	15.768	16.518	15.983	16.154	415.42	415.34
07:30:36	16.178	15.825	15.765	16.512	15.983	16.153	415.42	415.34
07:31:36	16.178	15.825	15.765	16.512	15.983	16.154	415.42	415.34
07:32:36	16.178	15.825	15.767	16.515	15.984	16.156	415.42	415.34
07:33:36	16.179	15.826	15.767	16.518	15.987	16.155	415.42	415.34
07:34:36	16.178	15.825	15.771	16.517	15.982	16.154	415.42	415.34
07:35:36	16.177	15.825	15.769	16.515	15.98	16.152	415.42	415.34
07:36:36	16.178	15.824	15.768	16.513	15.982	16.152	415.42	415.34
07:37:36	16.177	15.823	15.769	16.514	15.981	16.152	415.42	415.34
07:38:36	16.176	15.823	15.766	16.513	15.978	16.151	415.42	415.34
07:39:36	16.178	15.823	15.764	16.516	15.979	16.152	415.42	415.34
07:40:36	16.178	15.824	15.766	16.515	15.981	16.151	415.42	415.34
07:41:36	16.177	15.823	15.764	16.517	15.982	16.153	415.42	415.34
07:42:36	16.178	15.823	15.765	16.521	15.981	16.152	415.42	415.34
07:43:36	16.176	15.822	15.762	16.51	15.979	16.151	415.42	415.34
07:44:36	16.178	15.824	15.763	16.508	15.98	16.152	415.42	415.34
07:45:36	16.178	15.823	15.763	16.503	15.983	16.153	415.42	415.34
07:46:36	16.178	15.824	15.76	16.498	15.983	16.155	415.42	415.34
07:47:36	16.177	15.825	15.761	16.502	15.983	16.155	415.42	415.34
07:48:36	16.177	15.825	15.759	16.502	15.983	16.154	415.42	415.34
07:49:36	16.177	15.826	15.761	16.505	15.983	16.157	415.42	415.34
07:50:36	16.178	15.827	15.759	16.498	15.983	16.155	415.42	415.34
07:51:36	16.178	15.827	15.759	16.497	15.981	16.153	415.42	415.34
07:52:36	16.178	15.825	15.757	16.495	15.983	16.154	415.42	415.34
07:53:36	16.177	15.825	15.757	16.5	15.983	16.152	415.42	415.34
07:54:36	16.18	15.825	15.757	16.494	15.984	16.154	415.42	415.34
07:55:36	16.177	15.825	15.756	16.494	15.981	16.154	415.42	415.34
07:56:36	16.177	15.825	15.76	16.497	15.98	16.152	415.42	415.34
07:57:36	16.177	15.825	15.767	16.502	15.982	16.154	415.42	415.34
07:58:36	16.177	15.823	15.768	16.505	15.98	16.151	415.42	415.34
07:59:36	16.176	15.824	15.763	16.521	15.982	16.152	415.42	415.34
08:00:36	16.177	15.824	15.763	16.523	15.984	16.153	415.42	415.34
08:01:36	16.175	15.824	15.762	16.523	15.982	16.151	415.42	415.34
08:02:36	16.178	15.823	15.762	16.522	15.982	16.151	415.42	415.34
08:03:36	16.177	15.822	15.761	16.524	15.981	16.15	415.42	415.34
08:04:36	16.176	15.823	15.766	16.567	15.98	16.151	415.42	415.34
08:05:36	16.176	15.822	15.77	16.623	15.981	16.151	415.42	415.34
08:06:36	16.176	15.822	15.78	16.628	15.981	16.152	415.42	415.34
08:07:36	16.176	15.822	15.781	16.611	15.98	16.152	415.42	415.34
08:08:36	16.177	15.821	15.782	16.591	15.981	16.152	415.42	415.34
08:09:36	16.177	15.822	15.78	16.578	15.98	16.151	415.42	415.34
08:10:36	16.177	15.821	15.775	16.582	15.979	16.153	415.42	415.34
08:11:36	16.177	15.821	15.776	16.57	15.98	16.152	0.0	415.34
08:12:36	16.176	15.821	15.775	16.563	15.981	16.15	415.42	415.34
08:13:36	16.176	15.821	15.776	16.554	15.983	16.153	415.42	415.34
08:14:36	16.176	15.821	15.776	16.55	15.982	16.153	415.42	415.34
08:15:36	16.176	15.821	15.772	16.541	15.981	16.152	415.42	415.34
08:16:36	16.177	15.823	15.771	16.542	15.982	16.152	415.42	415.34
08:17:36	16.175	15.823	15.771	16.538	15.981	16.152	415.42	415.34
08:18:36	16.177	15.824	15.772	16.535	15.983	16.154	415.42	415.34
08:19:36	16.177	15.827	15.77	16.534	15.984	16.152	415.42	415.34
08:20:36	16.176	15.825	15.77	16.534	15.987	16.152	415.42	415.34
08:21:36	16.176	15.825	15.772	16.53	15.984	16.153	415.42	415.34
08:22:36	16.177	15.825	15.77	16.526	15.986	16.153	415.42	415.34
08:23:36	16.177	15.826	15.774	16.526	15.985	16.155	415.42	415.34
08:24:36	16.178	15.827	15.775	16.53	15.985	16.153	415.42	415.34
08:25:36	16.177	15.827	15.772	16.536	15.983	16.152	415.42	415.34
08:26:36	16.176	15.826	15.772	16.541	15.982	16.153	415.42	415.34
08:27:36	16.175	15.825	15.769	16.539	15.98	16.15	415.42	415.34
08:28:36	16.175	15.825	15.771	16.545	15.98	16.149	415.42	415.34
08:29:36	16.175	15.823	15.772	16.555	15.981	16.151	415.42	415.34
08:30:36	16.175	15.823	15.779	16.605	15.981	16.151	415.42	415.34
08:31:36	16.175	15.823	15.785	16.722	15.978	16.149	415.42	415.34
08:32:36	16.175	15.821	15.797	16.73	15.981	16.149	415.42	415.34
08:33:36	16.175	15.822	15.798	16.687	15.981	16.148	415.42	415.34
08:34:36	16.175	15.822	15.797	16.652	15.981	16.151	415.42	415.34
08:35:36	16.175	15.822	15.795	16.627	15.983	16.151	415.42	415.34
08:36:36	16.176	15.823	15.793	16.611	15.981	16.15	415.42	415.34
08:37:36	16.176	15.823	15.793	16.607	15.983	16.15	415.42	415.34
08:38:36	16.176	15.822	15.793	16.599	15.981	16.151	415.42	415.34
08:39:36	16.177	15.823	15.791	16.591	15.978	16.151	415.42	415.34
08:40:36	16.176	15.823	15.79	16.577	15.978	16.149	415.42	415.34
08:41:36	16.176	15.821	15.785	16.565	15.978	16.148	415.42	415.34
08:42:36	16.175	15.82	15.782	16.55	15.974	16.145	415.42	415.34
08:43:37	16.173	15.815	15.78	16.538	15.974	16.144	415.42	415.34
08:44:36	0.0	15.814	15.78	16.531	15.976	16.145	415.42	415.34
08:45:36	16.173	15.813	15.78	16.525	15.977	16.145	415.42	415.34
08:46:36	16.172	15.815	15.78	16.525	15.979	16.146	415.42	415.34
08:47:36	16.173	15.814	15.775	16.523	15.977	16.143	415.42	415.34
08:48:36	16.173	15.813	15.774	16.517	15.975	16.143	415.42	415.34
08:49:36	16.172	15.815	15.774	16.519	15.976	16.144	415.42	415.34
08:50:38	16.172	15.813	15.774	16.516	15.979	16.144	415.42	415.34
08:51:36	16.169	15.814	15.771	16.505	15.977	16.142	415.42	415.34
08:52:38	16.17	15.812	15.768	16.506	15.973	16.14	415.42	415.34
08:53:36	16.17	15.811	15.766	16.503	15.974	16.142	415.42	415.34
08:54:36	16.173	15.814	15.772	16.512	15.982	16.149	415.42	415.34
08:55:36	16.172	15.818	15.77	16.517	15.981	16.15	415.42	415.34
08:56:36	16.174	15.82	15.772	16.522	15.982	16.152	415.42	415.34
08:57:36	16.173	15.821	15.773	16.524	15.985	16.151	415.42	415.34
08:58:36	16.174	15.823	15.772	16.521	15.986	16.153	415.42	415.34
08:59:36	16.175	15.824	15.771	16.519	15.985	16.153	415.42	415.34
09:00:36	16.174	15.824	15.768	16.517	15.984	16.151	415.42	415.34
09:01:36	16.173	15.824	15.77	16.514	15.981	16.154	415.42	415.34
09:02:36	16.175	15.825	15.77	16.517	15.984	16.155	415.42	415.34
09:03:36	16.174	15.826	15.767	16.519	15.983	16.154	415.42	415.34
09:04:36	16.175	15.825	15.769	16.52	15.983	16.151	415.42	415.34
09:05:36	16.174	15.825	15.769	16.525	15.982	16.15	415.42	415.34
09:06:36	16.175	15.825	15.771	16.532	15.987	16.151	415.42	415.34
09:07:36	16.175	15.827	15.772	16.529	15.987	16.151	415.42	415.34
09:08:36	16.175	15.829	15.773	16.525	15.991	16.156	415.42	415.34
09:09:36	16.175	15.831	15.772	16.523	15.991	16.155	415.42	415.34
09:10:36	16.175	15.828	15.771	16.519	15.985	16.155	415.42	415.34
09:11:36	16.176	15.831	15.77	16.52	15.986	16.155	415.42	415.34
09:12:36	16.175	15.833	15.769	16.522	15.986	16.155	415.42	415.34
09:13:36	16.175	15.831	15.767	16.519	15.985	16.154	415.42	415.34
09:14:36	16.175	15.83	15.763	16.512	15.982	16.153	415.42	415.34
09:15:36	16.175	15.83	15.766	16.509	15.985	16.152	415.42	415.34
09:16:36	16.174	15.829	15.769	16.509	15.983	16.153	415.42	415.34
09:17:36	16.174	15.826	15.768	16.507	15.983	16.15	415.42	415.34
09:18:36	16.175	15.827	15.766	16.522	15.983	16.15	415.42	415.34
09:19:36	16.175	15.827	15.768	16.552	15.983	16.151	415.42	415.34
09:20:36	16.175	15.824	15.771	16.554	15.983	16.149	415.42	415.34
09:21:36	16.175	15.826	15.77	16.55	15.984	16.15	415.42	415.34
09:22:36	16.175	15.826	15.773	16.577	15.982	16.15	415.42	415.34
09:23:36	16.175	15.825	15.781	16.698	15.98	16.151	415.42	415.34
09:24:37	16.176	15.827	15.791	16.759	15.977	16.15	415.42	415.34
09:25:36	0.0	15.824	15.795	16.746	15.975	16.147	415.42	415.34
09:26:37	16.174	15.823	15.798	16.689	15.979	16.148	415.42	415.34
09:27:36	16.174	15.822	15.795	16.645	15.98	16.149	415.42	415.34
09:28:36	16.174	15.822	15.793	16.615	15.975	16.148	415.42	415.34
09:29:36	16.174	15.82	15.786	16.601	15.977	16.148	415.42	415.34
09:30:36	16.174	15.821	15.787	16.603	15.979	16.148	415.42	415.34
09:31:36	16.175	15.821	15.787	16.595	15.977	16.148	415.42	415.34
09:32:36	16.174	15.82	15.787	16.58	15.977	16.148	415.42	415.34
09:33:37	16.173	15.819	15.782	16.572	15.976	16.147	415.42	415.34
09:34:36	16.174	15.819	15.781	16.56	15.975	16.146	415.42	415.34
09:35:36	16.173	15.818	15.78	16.557	15.976	16.147	415.42	415.34
09:36:36	16.174	15.82	15.782	16.553	15.982	16.151	415.42	415.34
09:37:36	16.175	15.823	15.781	16.547	15.987	16.151	415.42	415.34
09:38:36	16.173	15.825	15.777	16.536	15.985	16.152	415.42	415.34
09:39:36	16.175	15.826	15.777	16.534	15.985	16.153	415.42	415.34
09:40:36	16.175	15.826	15.775	16.532	15.979	16.151	415.42	415.34
09:41:36	16.175	15.825	15.775	16.531	15.983	16.152	415.42	415.34
09:42:36	16.174	15.826	15.773	16.527	15.979	16.151	415.42	415.34
09:43:36	16.175	15.827	15.775	16.525	15.984	16.153	415.42	415.34
09:44:36	16.175	15.828	15.775	16.528	15.986	16.154	415.42	415.34
09:45:36	16.175	15.831	15.774	16.534	15.983	16.154	415.42	415.34
09:46:36	16.175	15.832	15.773	16.53	15.989	16.154	415.42	415.34
09:47:36	16.175	15.833	15.774	16.526	15.984	16.156	415.42	415.34
09:48:36	16.176	15.832	15.773	16.518	15.985	16.154	415.42	415.34
09:49:36	16.176	15.831	15.772	16.519	15.988	16.155	415.42	415.34
09:50:36	16.175	15.831	15.772	16.517	15.986	16.154	415.42	415.34
09:51:36	16.175	15.831	15.769	16.523	15.986	16.152	415.42	415.34
09:52:36	16.175	15.83	15.769	16.522	15.983	16.15	415.42	415.34
09:53:36	16.174	15.829	15.769	16.528	15.98	16.15	415.42	415.34
09:54:36	16.176	15.829	15.769	16.531	15.983	16.153	415.42	415.34
09:55:36	16.175	15.829	15.77	16.533	15.984	16.152	415.42	415.34
09:56:36	16.175	15.828	15.768	16.527	15.982	16.151	415.42	415.34
09:57:36	16.175	15.829	15.77	16.536	15.983	16.151	415.42	415.34
09:58:36	16.175	15.829	15.77	16.535	15.984	16.15	415.42	415.34
09:59:36	16.176	15.828	15.768	16.528	15.98	16.151	415.42	415.34
10:00:36	16.175	15.829	15.771	16.528	15.979	16.151	415.42	415.34
10:01:36	16.175	15.828	15.771	16.527	15.983	16.152	415.42	415.34
10:02:36	16.175	15.829	15.769	16.531	0.0	16.151	415.42	415.34
10:03:36	16.175	15.829	15.769	16.53	15.98	16.152	415.42	415.34
10:04:37	16.175	15.828	15.768	16.531	15.979	16.15	415.42	415.34
10:05:36	0.0	15.826	15.769	16.526	15.979	16.15	415.42	415.34
10:06:36	16.176	15.825	15.768	16.532	15.981	16.148	415.42	415.34
10:07:36	16.175	15.824	15.768	16.53	15.977	16.149	415.42	415.34
10:08:36	16.175	15.824	15.769	16.526	15.977	16.15	415.42	415.34
10:09:36	16.175	15.823	15.77	16.525	15.98	16.15	415.42	415.34
10:10:36	16.175	15.825	15.771	16.526	15.982	16.152	415.42	415.34
10:11:36	16.175	15.825	15.769	16.526	15.98	16.152	415.42	415.34
10:12:37	16.175	15.826	15.769	16.519	15.981	16.151	415.42	415.34
10:13:36	0.0	15.825	15.767	16.518	15.979	16.149	415.42	415.34
10:14:37	16.174	15.824	15.767	16.518	15.982	16.149	415.42	415.34
10:15:36	16.175	15.824	15.769	16.517	15.981	16.149	415.42	415.34
10:16:36	16.175	15.825	15.776	16.52	15.982	16.151	415.42	415.34
10:17:36	16.176	15.825	15.772	16.52	15.982	16.152	415.42	415.34
10:18:38	16.175	15.825	15.769	16.532	15.979	16.149	415.42	415.34
10:19:36	16.176	15.826	15.769	16.535	15.978	16.151	415.42	415.34
10:20:36	16.175	15.825	15.769	16.53	15.982	16.153	415.42	415.34
10:21:36	16.175	15.825	15.772	16.524	15.983	16.152	415.42	415.34
10:22:36	16.175	15.827	15.77	16.524	15.982	16.151	415.42	415.34
10:23:36	16.175	15.828	15.768	16.519	15.982	16.152	415.42	415.34
10:24:36	16.175	15.828	15.773	16.542	15.982	16.151	415.42	415.34
10:25:36	16.176	15.829	15.776	16.554	15.986	16.152	415.42	415.34
10:26:36	16.175	15.829	15.775	16.55	15.985	16.152	415.42	415.34
10:27:36	16.175	15.829	15.777	16.548	15.983	16.153	415.42	415.34
10:28:36	16.176	15.829	15.778	16.544	15.986	16.154	415.42	415.34
10:29:36	16.175	15.829	15.774	16.547	15.984	16.153	415.42	415.34
10:30:36	16.175	15.831	15.775	16.537	15.983	16.152	415.42	415.34
10:31:36	16.175	15.831	15.772	16.531	15.986	16.153	415.42	415.34
10:32:36	16.176	15.83	15.77	16.521	15.983	16.152	415.42	415.34
10:33:36	16.176	15.832	15.771	16.52	15.983	16.151	415.42	415.34
10:34:36	16.175	15.831	15.769	16.514	15.983	16.151	415.42	415.34
10:35:36	16.176	15.83	15.766	16.505	15.978	16.15	415.42	415.34
10:36:36	16.176	15.828	15.767	16.503	15.979	16.15	415.42	415.34
10:37:36	16.176	15.827	15.765	16.5	15.98	16.15	415.42	415.34
10:38:36	16.175	15.827	15.764	16.493	15.981	16.15	415.42	415.34
10:39:36	16.175	15.825	15.761	16.491	15.976	16.147	415.42	415.34
10:40:36	16.175	15.826	15.762	16.49	15.98	16.148	415.42	415.34
10:41:36	16.176	15.824	15.76	16.482	15.978	16.148	415.42	415.34
10:42:36	16.173	15.823	15.758	16.473	15.978	16.148	415.42	415.34
10:43:36	16.174	15.822	15.757	16.478	15.978	16.149	415.42	415.34
10:44:36	16.175	15.823	15.756	16.477	15.978	16.148	415.42	415.34
10:45:36	16.174	15.823	15.755	16.47	15.979	16.149	415.42	415.34
10:46:36	16.175	15.823	15.756	16.468	15.978	16.146	415.42	415.34
10:47:36	16.175	15.823	15.754	16.468	15.978	16.148	415.42	415.34
10:48:36	16.175	15.825	15.755	16.469	15.981	16.15	415.42	415.34
10:49:36	16.175	15.825	15.754	16.466	15.982	16.151	415.42	415.34
10:50:36	16.175	15.824	15.752	16.471	15.983	16.15	415.42	415.34
10:51:36	16.175	15.825	15.751	16.467	15.982	16.15	415.42	415.34
10:52:36	16.175	15.826	15.75	16.467	15.981	16.149	415.42	415.34
10:53:37	16.175	15.827	15.751	16.465	15.981	16.151	415.42	415.34
10:54:36	0.0	15.827	15.751	16.464	15.984	16.15	415.42	415.34
10:55:36	16.176	15.826	15.751	16.461	15.982	16.151	415.42	415.34
10:56:36	16.175	15.827	15.749	16.465	15.985	16.151	415.42	415.34
10:57:36	16.175	15.828	15.746	16.469	15.985	16.15	415.42	415.34
10:58:36	16.176	15.827	15.749	16.466	15.985	16.15	415.42	415.34
10:59:36	16.175	15.827	15.752	16.471	15.985	16.15	415.42	415.34
11:00:36	16.174	15.825	15.751	16.473	15.98	16.149	415.42	415.34
11:01:36	16.175	15.825	15.747	16.491	15.982	16.151	415.42	415.34
11:02:36	16.175	15.826	15.748	16.489	15.983	16.151	415.42	415.34
11:03:36	16.175	15.825	15.749	16.484	15.982	16.15	415.42	415.34
11:04:36	16.175	15.826	15.75	16.482	15.983	16.151	415.42	415.34
11:05:36	16.175	15.826	15.747	16.478	15.985	16.151	415.42	415.34
11:06:36	16.175	15.829	15.751	16.501	15.984	16.152	415.42	415.34
11:07:36	16.174	15.828	15.753	16.552	15.982	16.15	415.42	415.34
11:08:36	16.175	15.828	15.758	16.565	15.981	16.15	415.42	415.34
11:09:36	16.175	15.828	15.759	16.544	15.983	16.151	415.42	415.34
11:10:36	16.176	15.828	15.758	16.525	15.983	16.15	415.42	415.34
11:11:36	16.173	15.827	15.759	16.503	15.982	16.15	415.42	415.34
11:12:36	16.174	15.826	15.753	16.503	15.984	16.151	415.42	415.34
11:13:36	16.174	15.827	15.754	16.502	15.986	16.15	415.42	415.34
11:14:36	16.174	15.827	15.752	16.493	15.987	16.15	415.42	415.34
11:15:36	16.176	15.827	15.751	16.477	15.984	16.151	415.42	415.34
11:16:36	16.175	15.826	15.75	16.467	15.986	16.15	415.42	415.34
11:17:36	16.175	15.828	15.747	16.459	15.983	16.148	415.42	415.34
11:18:36	16.175	15.828	15.747	16.451	15.984	16.151	415.42	415.34
11:19:36	16.175	15.825	15.747	16.441	15.985	16.15	415.42	415.34
11:20:36	16.175	15.827	15.741	16.44	15.981	16.15	415.42	415.34
11:21:36	16.175	15.823	15.742	16.435	15.981	16.149	415.42	415.34
11:22:36	16.175	15.824	15.738	16.431	15.981	16.147	415.42	415.34
11:23:36	16.175	15.824	15.736	16.434	15.982	16.149	415.42	415.34
11:24:36	16.174	15.823	15.736	16.427	15.981	16.148	415.42	415.34
11:25:36	16.174	15.824	15.735	16.427	15.978	16.147	415.42	415.34
11:26:36	16.173	15.823	15.73	16.425	15.982	16.149	415.42	415.34
11:27:36	16.174	15.822	15.728	16.423	15.977	16.147	415.42	415.34
11:28:36	16.174	15.824	15.728	16.419	15.979	16.148	415.42	415.34
11:29:36	16.174	15.822	15.727	16.415	15.979	16.148	415.42	415.34
11:30:36	16.174	15.822	15.726	16.414	15.977	16.146	415.42	415.34
11:31:37	16.174	15.821	15.73	16.411	15.977	16.147	415.42	415.34
11:32:36	16.174	15.821	15.728	16.414	15.982	16.149	415.42	415.34
11:33:36	16.173	15.823	15.726	16.423	15.981	16.149	415.42	415.34
11:34:36	16.176	15.821	15.72	16.448	15.978	16.149	415.42	415.34
11:35:36	16.175	15.824	15.72	16.45	15.979	16.149	415.42	415.34
11:36:38	16.175	15.823	15.72	16.446	15.981	16.15	415.42	415.34
11:37:36	16.174	15.824	15.72	16.444	15.98	16.15	415.42	415.34
11:38:36	16.173	15.825	15.727	16.474	15.979	16.149	415.42	415.34
11:39:36	16.175	15.825	15.725	16.518	15.98	16.15	415.42	415.34
11:40:36	16.176	15.825	15.736	16.541	15.979	16.151	415.42	415.34
11:41:36	16.177	15.825	15.739	16.525	15.98	16.151	415.42	415.34
11:42:36	16.175	15.825	15.735	16.504	15.983	16.151	415.42	415.34
11:43:36	16.174	15.828	15.732	16.48	15.985	16.149	415.42	415.34
11:44:36	16.171	15.826	15.73	16.471	15.986	16.149	415.42	415.34
11:45:36	16.174	15.825	15.723	16.474	15.979	16.147	415.42	415.34
11:46:36	16.173	15.823	15.721	16.473	15.978	16.147	415.42	415.34
11:47:36	16.172	15.823	15.72	16.46	15.976	16.148	415.42	415.34
11:48:37	16.172	15.825	15.72	16.449	15.98	16.148	415.42	415.34
11:49:36	16.174	15.821	15.718	16.44	15.978	16.148	415.42	415.34
11:50:36	16.173	15.823	15.716	16.432	15.979	16.147	415.42	415.34
11:51:36	16.173	15.823	15.717	16.427	15.978	16.147	415.42	415.34
11:52:36	16.174	15.822	15.715	16.425	15.976	16.145	415.42	415.34
11:53:36	16.172	15.821	15.714	16.419	15.976	16.147	415.42	415.34
11:54:36	16.172	15.821	15.711	16.413	15.977	16.148	415.42	415.34
11:55:37	16.173	15.82	15.709	16.409	15.975	16.146	415.42	415.34
11:56:36	16.171	15.82	15.709	16.406	15.975	16.147	415.42	415.34
11:57:37	16.171	15.819	15.709	16.398	15.975	16.148	415.42	415.34
11:58:36	16.171	15.819	15.707	16.398	15.974	16.146	415.42	415.34
11:59:36	16.174	15.82	15.703	16.399	15.976	16.147	415.42	415.34
12:00:39	16.171	15.819	15.708	16.391	15.976	16.147	415.42	415.34
12:01:36	16.173	15.819	15.707	16.387	15.974	16.146	415.42	415.34
12:02:38	16.173	15.817	15.702	16.399	15.975	16.146	415.42	415.34
12:03:36	16.17	15.818	15.698	16.391	15.97	16.145	415.42	415.34
12:04:36	16.173	15.82	15.703	16.389	15.974	16.146	415.42	415.34
12:05:36	16.174	15.817	15.7	16.389	15.975	16.148	415.42	415.34
12:06:36	16.172	15.821	15.694	16.394	15.976	16.148	415.42	415.34
12:07:36	16.171	15.822	15.697	16.418	15.98	16.148	415.42	415.34
12:08:36	16.172	15.823	15.696	16.474	15.971	16.143	415.42	415.34
12:09:36	16.171	15.819	15.703	16.505	15.977	16.149	415.42	415.34
12:10:36	16.175	15.826	15.707	16.477	15.981	16.15	415.42	415.34
12:11:36	16.171	15.827	15.714	16.455	15.987	16.151	415.42	415.34
12:12:36	16.173	15.828	15.709	16.44	15.982	16.15	415.42	415.34
12:13:36	16.173	15.827	15.702	16.43	15.979	16.15	415.42	415.34
12:14:36	16.169	15.825	15.702	16.425	15.977	16.151	415.42	415.34
12:15:36	16.169	15.826	15.701	16.412	15.977	16.148	415.42	415.34
12:16:36	16.172	15.827	15.7	16.401	15.978	16.15	415.42	415.34
12:17:36	16.17	15.825	15.7	16.398	15.98	16.15	415.42	415.34
12:18:36	16.174	15.828	15.702	16.389	15.982	16.151	415.42	415.34
12:19:36	16.174	15.825	15.693	16.379	15.979	16.149	415.42	415.34
12:20:36	16.171	15.825	15.694	16.371	15.978	16.148	415.42	415.34
12:21:36	16.169	15.822	15.702	16.362	15.97	16.144	415.42	415.34
12:22:36	16.172	15.818	15.708	16.357	15.975	16.148	415.42	415.34
12:23:36	16.17	15.819	15.688	16.356	15.979	16.149	415.42	415.34
12:24:38	16.171	15.822	15.685	16.39	15.98	16.148	415.42	415.34
12:25:36	16.173	15.822	15.69	16.398	15.981	16.147	415.42	415.34
12:26:38	16.17	15.823	15.697	16.398	15.982	16.149	415.42	415.34
12:27:36	16.175	15.825	15.701	16.413	15.985	16.151	415.42	415.34
12:28:36	16.169	15.826	15.703	16.493	15.982	16.15	415.42	415.34
12:29:36	16.171	15.825	15.705	16.539	15.98	16.151	415.42	415.34
12:30:36	16.173	15.828	15.711	16.581	15.98	16.15	415.42	415.34
12:31:36	16.171	15.823	15.709	16.549	15.978	16.149	415.42	415.34
12:32:36	16.17	15.826	15.707	16.495	15.982	16.15	415.42	415.34
12:33:38	16.171	15.828	15.707	16.462	15.984	16.15	415.42	415.34
12:34:36	16.171	15.829	15.703	16.433	15.984	16.152	415.42	415.34
12:35:36	16.168	15.827	15.695	16.431	15.982	16.15	415.42	415.34
12:36:36	16.171	15.825	15.693	16.416	15.981	16.149	415.42	415.34
12:37:36	16.172	15.826	15.703	16.398	15.98	16.147	415.42	415.34
12:38:36	16.17	15.827	15.698	16.389	15.978	16.148	415.42	415.34
12:39:36	16.171	15.826	15.687	16.378	15.976	16.148	415.42	415.34
12:40:36	16.169	15.825	15.686	16.368	15.978	16.148	415.42	415.34
12:41:36	16.169	15.824	15.685	16.36	15.98	16.151	415.42	415.34
12:42:36	16.17	15.825	15.682	16.349	15.976	16.148	415.42	415.34
12:43:36	16.169	15.822	15.682	16.333	15.974	16.148	415.42	415.34
12:44:37	16.171	15.819	15.677	16.327	15.975	16.149	415.42	415.34
12:45:37	16.172	15.823	15.687	16.326	15.976	16.147	415.42	415.34
12:46:37	16.167	15.822	15.688	16.329	15.977	16.148	415.42	415.34
12:47:37	16.172	15.823	15.676	16.337	15.976	16.148	415.42	415.34
12:48:37	16.169	15.822	15.671	16.35	15.981	16.15	415.42	415.34
12:49:37	16.172	15.824	15.67	16.344	15.976	16.148	415.42	415.34
12:50:37	16.169	15.822	15.673	16.344	15.975	16.15	415.42	415.34
12:51:37	16.171	15.821	15.667	16.346	15.975	16.149	415.42	415.34
12:52:37	16.168	15.819	15.669	16.337	15.976	16.147	415.42	415.34
12:53:37	16.171	15.823	15.672	16.381	15.974	16.147	415.42	415.34
12:54:37	16.169	15.82	15.679	16.529	15.973	16.146	415.42	415.34
12:55:37	16.17	15.821	15.686	16.486	15.974	16.148	415.42	415.34
12:56:37	16.169	15.82	15.687	16.442	15.976	16.147	415.42	415.34
12:57:37	16.169	15.822	15.682	16.406	15.974	16.147	415.42	415.34
12:58:37	16.171	15.82	15.677	16.38	15.971	16.148	415.42	415.34
12:59:37	16.166	15.82	15.673	16.379	15.975	16.149	415.42	415.34
13:00:37	16.168	15.823	15.674	16.381	15.975	16.149	415.42	415.34
13:01:37	16.168	15.82	15.676	16.367	15.975	16.146	415.42	415.34
13:02:37	16.168	15.821	15.671	16.354	15.974	16.148	415.42	415.34
13:03:37	16.169	15.822	15.676	16.342	15.974	16.148	415.42	415.34
13:04:37	16.169	15.823	15.679	16.335	15.979	16.148	415.42	415.34
13:05:37	16.171	15.823	15.676	16.332	15.975	16.149	415.42	415.34
13:06:37	16.169	15.824	15.667	16.325	15.974	16.149	415.42	415.34
13:07:37	16.168	15.823	15.666	16.328	15.975	16.149	415.42	415.34
13:08:37	16.166	15.82	15.659	16.331	15.974	16.147	415.42	415.34
13:09:37	16.166	15.82	15.661	16.326	15.972	16.145	415.42	415.34
13:10:37	16.166	15.821	15.666	16.325	15.969	16.144	415.42	415.34
13:11:37	16.166	15.817	15.67	16.343	15.97	16.144	415.42	415.34
13:12:38	16.167	15.816	15.665	16.411	15.969	16.144	415.42	415.34
13:13:37	16.168	15.816	15.673	16.456	15.97	16.144	415.42	415.34
13:14:39	16.167	15.818	15.68	16.428	15.973	16.145	415.42	415.34
13:15:37	16.168	15.816	15.675	16.398	15.975	16.147	415.42	415.34
13:16:38	16.167	15.818	15.673	16.377	15.975	16.147	415.42	415.34
13:17:37	16.167	15.819	15.666	16.361	15.975	16.147	415.42	415.34
13:18:37	16.167	15.819	15.664	16.354	15.975	16.147	415.42	415.34
13:19:37	16.165	15.817	15.663	16.344	15.973	16.147	415.42	415.34
13:20:37	16.165	15.82	15.664	16.331	15.972	16.147	415.42	415.34
13:21:37	16.166	15.817	15.66	16.321	15.969	16.146	415.42	415.34
13:22:37	16.166	15.816	15.667	16.309	15.97	16.144	415.42	415.34
13:23:37	16.167	15.814	15.669	16.298	15.971	16.146	415.42	415.34
13:24:37	16.164	15.814	15.66	16.293	15.972	16.145	415.42	415.34
13:25:37	16.166	15.814	15.652	16.3	15.973	16.143	415.42	415.34
13:26:37	16.166	15.814	15.654	16.309	15.969	16.144	415.42	415.34
13:27:37	16.164	15.811	15.653	16.304	15.97	16.144	415.42	415.34
13:28:37	16.167	15.813	15.662	16.292	15.971	16.143	415.42	415.34
13:29:37	16.166	15.813	15.659	16.286	15.969	16.144	415.42	415.34
13:30:37	16.166	15.811	15.644	16.292	15.97	16.143	415.42	415.34
13:31:37	16.163	15.81	15.641	16.307	15.971	16.143	415.42	415.34
13:32:37	16.166	15.811	15.649	16.305	15.972	16.144	415.42	415.34
13:33:37	16.165	15.812	15.65	16.299	15.971	16.145	415.42	415.34
13:34:37	16.164	15.811	15.653	16.29	15.97	16.144	415.42	415.34
13:35:37	16.165	15.812	15.651	16.285	15.974	16.146	415.42	415.34
13:36:37	16.163	15.809	15.655	16.278	15.972	16.144	415.42	415.34
13:37:37	16.165	15.811	15.634	16.23	15.968	16.145	415.42	415.34
13:38:37	16.163	15.813	15.611	16.179	15.969	16.144	415.42	415.34
13:39:37	16.165	15.813	15.589	16.166	15.97	16.145	415.42	415.34
13:40:37	16.165	15.814	15.57	16.164	15.973	16.146	415.42	415.34
13:41:37	16.165	15.815	15.564	16.159	15.976	16.146	415.42	415.34
13:42:37	0.0	15.814	15.557	16.164	15.974	16.145	415.42	415.34
13:43:37	16.162	15.813	15.553	16.152	15.971	16.145	415.42	415.34
13:44:37	16.162	15.815	15.546	16.148	15.971	16.145	415.42	415.34
13:45:37	16.161	15.817	15.548	16.156	15.973	16.147	415.42	415.34
13:46:37	16.162	15.818	15.541	16.162	15.976	16.147	415.42	415.34
13:47:37	16.162	15.818	15.538	16.165	15.972	16.146	415.42	415.34
13:48:39	16.163	15.818	15.538	16.166	15.972	16.146	415.42	415.34
13:49:37	16.162	15.818	15.533	16.163	15.97	16.147	415.42	415.34
13:50:38	16.163	15.818	15.524	16.167	15.976	16.147	415.42	415.34
13:51:37	0.0	15.82	15.511	16.15	15.976	16.147	415.42	415.34
13:52:38	16.164	15.82	15.511	16.154	15.972	16.146	415.42	415.34
13:53:37	0.0	15.819	15.51	16.149	15.972	16.146	415.42	415.34
13:54:37	16.164	15.817	15.512	16.157	15.972	16.146	415.42	415.34
13:55:37	16.164	15.817	15.528	16.212	15.969	16.146	415.42	415.34
13:56:37	16.161	15.819	15.547	16.306	15.972	16.146	415.42	415.34
13:57:37	16.161	15.816	15.566	16.344	15.971	16.147	415.42	415.34
13:58:37	16.163	15.816	15.576	16.359	15.97	16.146	415.42	415.34
13:59:38	16.165	15.817	15.58	16.37	15.971	16.145	415.42	415.34
14:00:37	16.163	15.816	15.586	16.376	15.97	16.145	415.42	415.34
14:01:37	16.161	15.816	15.597	16.457	15.972	16.144	415.42	415.34
14:02:37	16.162	15.814	15.604	16.575	15.97	16.143	415.42	415.34
14:03:37	16.162	15.814	15.611	16.646	15.968	16.144	415.42	415.34
14:04:37	16.161	15.812	15.636	16.716	15.97	16.144	415.42	415.34
14:05:37	16.161	15.815	15.64	16.638	15.974	16.145	415.42	415.34
14:06:37	16.161	15.814	15.631	16.645	15.974	16.144	415.42	415.34
14:07:37	16.161	15.814	15.635	16.639	15.969	16.144	415.42	415.34
14:08:37	16.159	15.811	15.635	16.634	15.964	16.142	415.42	415.34
14:09:37	16.159	15.809	15.634	16.732	15.964	16.142	415.42	415.34
14:10:37	16.16	15.809	15.658	16.897	15.965	16.143	415.42	415.34
14:11:37	16.161	15.809	15.674	16.862	15.967	16.141	415.42	415.34
14:12:37	16.162	15.807	15.697	16.849	15.965	16.14	415.42	415.34
14:13:37	16.16	15.807	15.687	16.76	15.966	16.142	415.42	415.34
14:14:37	16.16	15.808	15.694	16.738	15.968	16.143	415.42	415.34
14:15:37	16.158	15.807	15.686	16.646	15.966	16.142	415.42	415.34
14:16:37	16.158	15.807	15.672	16.555	15.965	16.143	415.42	415.34
14:17:37	16.158	15.807	15.667	16.488	15.965	16.142	415.42	415.34
14:18:37	16.158	15.807	15.665	16.449	15.968	16.143	415.42	415.34
14:19:37	16.158	15.81	15.659	16.423	15.968	16.145	415.42	415.34
14:20:37	16.156	15.81	15.655	16.409	15.97	16.145	415.42	415.34
14:21:37	16.157	15.811	15.654	16.397	15.973	16.144	415.42	415.34
14:22:37	16.157	15.81	15.654	16.384	15.97	16.145	415.42	415.34
14:23:37	16.157	15.812	15.652	16.368	15.97	16.144	415.42	415.34
14:24:37	16.157	15.812	15.648	16.352	15.971	16.144	415.42	415.34
14:25:37	16.157	15.812	15.645	16.342	15.972	16.146	415.42	415.34
14:26:37	16.157	15.814	15.643	16.341	15.97	16.146	415.42	415.34
14:27:37	16.157	15.814	15.651	16.333	15.97	16.145	415.42	415.34
14:28:37	16.156	15.814	15.652	16.324	15.971	16.144	415.42	415.34
14:29:37	16.156	15.814	15.649	16.318	15.972	16.146	415.42	415.34
14:30:38	16.156	15.815	15.649	16.321	15.97	16.146	415.42	415.34
14:31:37	16.156	15.813	15.638	16.337	15.968	16.144	415.42	415.34
14:32:38	16.157	15.813	15.639	16.346	15.97	16.144	415.42	415.34
14:33:37	16.156	15.812	15.638	16.349	15.972	16.144	415.42	415.34
14:34:38	16.157	15.812	15.639	16.347	15.972	16.146	415.42	415.34
14:35:37	0.0	15.811	15.639	16.349	15.968	16.145	415.42	415.34
14:36:38	16.154	15.811	15.642	16.386	15.97	16.144	415.42	415.34
14:37:37	16.155	15.809	15.65	16.441	15.973	16.146	415.42	415.34
14:38:39	16.154	15.813	15.653	16.443	15.973	16.145	415.42	415.34
14:39:37	16.156	15.813	15.655	16.421	15.97	16.146	415.42	415.34
14:40:37	16.157	15.811	15.649	16.394	15.97	16.144	415.42	415.34
14:41:37	16.155	15.811	15.644	16.371	15.976	16.146	415.42	415.34
14:42:37	16.158	15.816	15.634	16.365	15.976	16.146	415.42	415.34
14:43:37	16.155	15.813	15.63	16.351	15.973	16.145	415.42	415.34
14:44:37	16.155	15.815	15.631	16.33	15.97	16.144	415.42	415.34
14:45:37	16.158	15.816	15.625	16.321	15.973	16.146	415.42	415.34
14:46:37	16.155	15.813	15.623	16.306	15.972	16.145	415.42	415.34
14:47:37	16.154	15.813	15.63	16.297	15.973	16.144	415.42	415.34
14:48:37	16.154	15.814	15.628	16.29	15.976	16.145	415.42	415.34
14:49:37	16.153	15.814	15.619	16.288	15.977	16.146	415.42	415.34
14:50:37	16.155	15.812	15.611	16.3	15.973	16.146	415.42	415.34
14:51:37	16.153	15.81	15.61	16.285	15.971	16.146	415.42	415.34
14:52:37	16.155	15.812	15.609	16.281	15.973	16.146	415.42	415.34
14:53:37	16.156	15.81	15.608	16.282	15.972	16.145	415.42	415.34
14:54:37	16.155	15.813	15.612	16.285	15.973	16.146	415.42	415.34
14:55:37	16.157	15.815	15.612	16.288	15.974	16.146	415.42	415.34
14:56:37	16.157	15.816	15.609	16.317	15.977	16.145	415.42	415.34
14:57:37	16.154	15.816	15.658	16.463	15.975	16.147	415.42	415.34
14:58:37	16.153	15.816	15.687	16.682	15.977	16.147	415.42	415.34
14:59:37	16.154	15.817	15.681	16.833	15.981	16.147	415.42	415.34
15:00:37	16.153	15.817	15.683	16.876	15.978	16.146	415.42	415.34
15:01:37	16.155	15.82	15.677	17.001	15.983	16.147	415.42	415.34
15:02:37	16.155	15.818	15.677	17.156	15.98	16.148	415.42	415.34
15:03:37	16.152	15.821	15.68	17.319	15.984	16.146	415.42	415.34
15:04:37	16.154	15.819	15.692	17.186	15.984	16.147	415.42	415.34
15:05:37	16.152	15.82	15.694	16.912	15.984	16.148	415.42	415.34
15:06:37	16.154	15.818	15.69	16.73	15.987	16.148	415.42	415.34
15:07:37	16.152	15.818	15.687	16.618	15.983	16.148	415.42	415.34
15:08:37	16.154	15.818	15.684	16.556	15.98	16.147	415.42	415.34
15:09:37	16.153	15.815	15.681	16.526	15.975	16.145	415.42	415.34
15:10:37	16.154	15.814	15.681	16.503	15.98	16.145	415.42	415.34
15:11:37	16.154	15.816	15.684	16.482	15.979	16.147	415.42	415.34
15:12:37	16.154	15.816	15.68	16.47	15.982	16.149	415.42	415.34
15:13:37	16.153	15.816	15.678	16.449	15.983	16.147	415.42	415.34
15:14:37	16.155	15.815	15.678	16.437	15.981	16.148	415.42	415.34
15:15:37	16.153	15.816	15.677	16.426	15.983	16.148	415.42	415.34
15:16:37	16.152	15.816	15.683	16.42	15.973	16.146	415.42	415.34
15:17:37	16.15	15.812	15.68	16.414	15.98	16.147	415.42	415.34
15:18:37	16.154	15.813	15.679	16.429	15.981	16.147	415.42	415.34
15:19:37	16.153	15.811	15.681	16.45	15.983	16.147	415.42	415.34
15:20:37	16.153	15.813	15.685	16.452	15.981	16.147	415.42	415.34
15:21:37	16.15	15.813	15.682	16.417	15.979	16.147	415.42	415.34
15:22:37	16.153	15.811	15.673	16.388	15.973	16.145	415.42	415.34
15:23:37	16.149	15.809	15.669	16.37	15.974	16.146	415.42	415.34
15:24:37	16.152	15.81	15.66	16.356	15.976	16.145	415.42	415.34
15:25:37	16.151	15.808	15.65	16.347	15.978	16.145	415.42	415.34
15:26:37	16.148	15.807	15.645	16.343	15.974	16.146	415.42	415.34
15:27:37	16.151	15.807	15.639	16.341	15.973	16.145	415.42	415.34
15:28:37	16.15	15.807	15.64	16.331	15.978	16.146	415.42	415.34
15:29:37	16.153	15.806	15.635	16.34	15.973	16.143	415.42	415.34
15:30:37	16.152	15.806	15.639	16.343	15.975	16.146	415.42	415.34
15:31:37	16.153	15.808	15.645	16.352	15.978	16.145	415.42	415.34
15:32:37	16.152	15.808	15.647	16.359	15.981	16.146	415.42	415.34
15:33:37	16.15	15.805	15.648	16.381	15.977	16.146	415.42	415.34
15:34:37	16.152	15.807	15.655	16.381	15.981	16.145	415.42	415.34
15:35:37	16.15	15.81	15.657	16.39	15.978	16.146	415.42	415.34
15:36:39	16.149	15.809	15.658	16.394	15.974	16.146	415.42	415.34
15:37:37	16.151	15.809	15.664	16.39	15.974	16.146	415.42	415.34
15:38:37	16.153	15.813	15.669	16.39	15.978	16.146	415.42	415.34
15:39:37	16.149	15.814	15.663	16.383	15.982	16.147	415.42	415.34
15:40:37	16.148	15.813	15.661	16.388	15.983	16.147	415.42	415.34
15:41:37	16.151	15.81	15.658	16.391	15.98	16.147	415.42	415.34
15:42:37	16.152	15.809	15.657	16.39	15.977	16.148	415.42	415.34
15:43:37	16.15	15.81	15.657	16.383	15.975	16.146	415.42	415.34
15:44:37	16.151	0.0	15.657	16.382	15.98	16.146	415.42	415.34
15:45:37	16.147	15.809	15.659	16.382	15.98	16.147	415.42	415.34
15:46:37	16.148	15.807	15.655	16.374	15.976	16.146	415.42	415.34
15:47:37	16.15	15.805	15.658	16.369	15.977	16.146	415.42	415.34
15:48:37	16.146	15.808	15.655	16.373	15.971	16.145	415.42	415.34
15:49:37	16.15	15.805	15.653	16.37	15.971	16.144	415.42	415.34
15:50:37	16.148	15.806	15.658	16.365	15.969	16.144	415.42	415.34
15:51:37	16.147	15.801	15.662	16.37	15.971	16.143	415.42	415.34
15:52:37	16.147	15.801	15.662	16.377	15.969	16.142	415.42	415.34
15:53:37	16.15	15.801	15.659	16.381	15.971	16.139	415.42	415.34
15:54:37	16.146	15.798	15.658	16.38	15.968	16.14	415.42	415.34
15:55:37	16.147	15.795	15.657	16.378	15.968	16.14	415.42	415.34
15:56:37	16.148	15.795	15.655	16.375	15.965	16.14	415.42	415.34
15:57:37	16.147	15.792	15.659	16.375	15.966	16.141	415.42	415.34
15:58:37	16.145	15.79	15.659	16.37	15.962	16.137	415.42	415.34
15:59:37	16.144	15.79	15.663	16.373	15.964	16.139	415.42	415.34
16:00:37	16.144	15.791	15.666	16.372	15.964	16.137	415.42	415.34
16:01:37	16.145	15.788	15.666	16.373	15.964	16.138	415.42	415.34
16:02:37	16.147	15.787	15.669	16.37	15.963	16.138	415.42	415.34
16:03:37	16.145	15.786	15.667	16.375	15.969	16.141	415.42	415.34
16:04:37	16.141	15.788	15.661	16.366	15.965	16.138	415.42	415.34
16:05:37	16.144	15.788	15.658	16.364	15.967	16.14	415.42	415.34
16:06:37	16.146	15.789	15.657	16.363	15.968	16.142	415.42	415.34
16:07:37	16.145	15.792	15.656	16.366	15.971	16.142	415.42	415.34
16:08:37	16.146	15.791	15.658	16.359	15.968	16.14	415.42	415.34
16:09:38	16.142	15.788	15.654	16.355	15.965	16.141	415.42	415.34
16:10:37	0.0	15.792	15.654	16.354	15.964	16.142	415.42	415.34
16:11:37	16.146	15.79	15.667	16.352	15.969	16.143	415.42	415.34
16:12:37	16.143	15.789	15.665	16.355	15.969	16.142	415.42	415.34
16:13:37	16.143	15.794	15.66	16.357	15.969	16.141	415.42	415.34
16:14:37	16.143	15.793	15.658	16.355	15.966	16.141	415.42	415.34
16:15:37	16.145	15.794	15.654	16.352	15.968	16.141	415.42	415.34
16:16:37	16.145	15.793	15.653	16.353	15.963	16.141	415.42	415.34
16:17:37	16.143	15.793	15.651	16.356	15.965	16.141	415.42	415.34
16:18:37	16.143	15.793	15.652	16.356	15.965	16.141	415.42	415.34
16:19:37	16.147	15.791	15.653	16.367	15.971	16.142	415.42	415.34
16:20:37	16.143	15.792	15.659	16.447	15.973	16.142	415.42	415.34
16:21:37	16.143	15.792	15.663	16.439	15.976	16.143	415.42	415.34
16:22:37	16.143	15.792	15.667	16.42	15.971	16.141	415.42	415.34
16:23:37	16.145	15.797	15.669	16.402	15.968	16.143	415.42	415.34
16:24:37	16.143	15.792	15.666	16.388	15.962	16.14	415.42	415.34
16:25:37	16.143	15.791	15.658	16.388	15.962	16.141	415.42	415.34
16:26:37	16.143	15.79	15.657	16.387	15.965	16.142	415.42	415.34
16:27:37	16.142	15.793	15.662	16.384	15.967	16.141	415.42	415.34
16:28:37	16.144	15.79	15.661	16.377	15.968	16.14	415.42	415.34
16:29:37	16.144	15.791	15.659	16.369	15.966	16.14	415.42	415.34
16:30:37	16.14	15.787	15.655	16.358	15.964	16.14	415.42	415.34
16:31:37	16.142	15.786	15.657	16.352	15.964	16.139	415.42	415.34
16:32:37	16.141	15.784	15.654	16.353	15.967	16.139	415.42	415.34
16:33:37	16.143	15.783	15.652	16.349	15.968	16.138	415.42	415.34
16:34:39	16.14	15.787	15.654	16.339	15.968	16.139	415.42	415.34
16:35:37	16.141	15.787	15.659	16.337	15.97	16.141	415.42	415.34
16:36:37	16.143	15.788	15.656	16.347	15.971	16.142	415.42	415.34
16:37:37	16.143	15.789	15.651	16.353	15.966	16.14	415.42	415.34
16:38:37	16.14	15.786	15.649	16.372	15.962	16.139	415.42	415.34
16:39:37	16.14	15.788	15.654	16.374	15.964	16.142	415.42	415.34
16:40:37	16.141	15.787	15.652	16.371	15.963	16.139	415.42	415.34
16:41:37	16.138	15.785	15.652	16.375	15.964	16.138	415.42	415.34
16:42:37	16.141	15.784	15.656	16.392	15.961	16.136	415.42	415.34
16:43:37	16.142	15.785	15.657	16.406	15.959	16.137	415.42	415.34
16:44:37	16.139	15.781	15.659	16.413	15.958	16.134	415.42	415.34
16:45:37	16.139	15.776	15.659	16.402	15.955	16.133	415.42	415.34
16:46:37	16.14	15.777	15.666	16.396	15.96	16.136	415.42	415.34
16:47:37	16.139	15.779	15.665	16.382	15.959	16.136	415.42	415.34
16:48:37	16.14	15.778	15.657	16.375	15.957	16.133	415.42	415.34
16:49:37	16.139	15.78	15.663	16.368	15.959	16.135	415.42	415.34
16:50:37	16.141	15.781	15.656	16.357	15.96	16.135	415.42	415.34
16:51:37	16.141	15.777	15.654	16.348	15.96	16.136	415.42	415.34
16:52:37	16.137	15.778	15.651	16.344	15.962	16.136	415.42	415.34
16:53:37	16.138	15.776	15.65	16.34	15.966	16.137	415.42	415.34
16:54:37	16.137	15.779	15.646	16.329	15.965	16.136	415.42	415.34
16:55:37	16.14	15.775	15.647	16.331	15.962	16.136	415.42	415.34
16:56:37	16.138	15.777	15.647	16.324	15.964	16.136	415.42	415.34
16:57:37	16.135	15.777	15.656	16.318	15.958	16.135	415.42	415.34
16:58:37	16.136	15.775	15.649	16.319	15.958	16.136	415.42	415.34
16:59:37	16.138	15.777	15.643	16.333	15.961	16.136	415.42	415.34
17:00:37	16.135	15.776	15.644	16.352	15.955	16.133	415.42	415.34
17:01:37	16.135	15.773	15.64	16.355	15.957	16.134	415.42	415.34
17:02:37	16.136	15.773	15.644	16.355	15.961	16.136	415.42	415.34
17:03:37	16.135	15.771	15.645	16.351	15.962	16.135	415.42	415.34
17:04:37	16.135	15.771	15.644	16.369	15.955	16.131	415.42	415.34
17:05:37	16.134	15.769	15.646	16.389	15.955	16.133	415.42	415.34
17:06:37	16.136	15.772	15.652	16.401	15.957	16.137	415.42	415.34
17:07:37	16.135	15.77	15.656	16.39	15.956	16.136	415.42	415.34
17:08:37	16.136	15.774	15.656	16.373	15.959	16.135	415.42	415.34
17:09:37	16.135	15.772	15.654	16.36	15.959	16.134	415.42	415.34
17:10:38	16.135	15.776	15.645	16.351	15.956	16.133	415.42	415.34
17:11:37	16.135	15.772	15.64	16.344	15.953	16.133	415.42	415.34
17:12:37	16.132	15.769	15.641	16.337	15.952	16.134	415.42	415.34
17:13:38	16.132	15.766	15.642	16.333	15.951	16.136	415.42	415.34
17:14:37	16.134	15.765	15.639	16.324	15.952	16.132	415.42	415.34
17:15:37	16.131	15.764	15.647	16.319	15.951	16.13	415.42	415.34
17:16:37	16.132	15.765	15.643	16.309	15.954	16.131	415.42	415.34
17:17:37	16.13	15.766	15.642	16.298	15.952	16.128	415.42	415.34
17:18:37	16.134	15.764	15.637	16.301	15.955	16.129	415.42	415.34
17:19:37	16.132	15.764	15.634	16.315	15.955	16.133	415.42	415.34
17:20:37	16.131	15.767	15.638	16.328	15.959	16.133	415.42	415.34
17:21:37	16.131	15.766	15.633	16.317	15.958	16.135	415.42	415.34
17:22:37	16.131	15.77	15.636	16.318	15.958	16.133	415.42	415.34
17:23:37	16.13	15.766	15.631	16.305	15.953	16.131	415.42	415.34
17:24:37	16.129	15.762	15.631	16.305	15.948	16.13	415.42	415.34
17:25:37	16.131	15.762	15.63	16.327	15.949	16.132	415.42	415.34
17:26:37	16.132	15.762	15.63	16.432	15.949	16.131	415.42	415.34
17:27:37	16.133	15.763	15.653	16.602	15.953	16.131	415.42	415.34
17:28:37	16.132	15.763	15.699	16.641	15.956	16.132	415.42	415.34
17:29:37	16.131	15.763	15.711	16.791	15.956	16.131	415.42	415.34
17:30:37	16.133	15.764	15.692	16.758	15.958	16.132	415.42	415.34
17:31:37	16.13	15.768	15.729	16.717	15.957	16.133	415.42	415.34
17:32:37	16.128	15.766	15.697	16.604	15.954	16.133	415.42	415.34
17:33:37	16.13	15.768	15.673	16.518	15.952	16.132	415.42	415.34
17:34:37	16.129	15.766	15.665	16.46	15.948	16.129	415.42	415.34
17:35:37	16.129	15.764	15.66	16.421	15.95	16.131	415.42	415.34
17:36:37	16.131	15.765	15.655	16.402	15.951	16.131	415.42	415.34
17:37:37	16.127	15.763	15.651	16.4	15.953	16.131	415.42	415.34
17:38:37	16.126	15.761	15.646	16.383	15.954	16.13	415.42	415.34
17:39:37	16.127	15.763	15.645	16.372	15.957	16.132	415.42	415.34
17:40:37	16.128	15.764	15.646	16.367	15.953	16.131	415.42	415.34
17:41:37	16.128	15.763	15.646	16.367	15.954	16.131	415.42	415.34
17:42:37	16.128	15.76	15.649	16.358	15.951	16.131	415.42	415.34
17:43:37	16.127	15.759	15.648	16.352	15.949	16.13	415.42	415.34
17:44:37	16.128	15.756	15.648	16.337	15.945	16.127	415.42	415.34
17:45:37	16.123	15.754	15.658	16.318	15.945	16.125	415.42	415.34
17:46:37	16.125	15.755	15.649	16.311	15.948	16.125	415.42	415.34
17:47:37	16.125	15.756	15.638	16.306	15.948	16.126	415.42	415.34
17:48:37	16.124	15.757	15.643	16.312	15.949	16.126	415.42	415.34
17:49:37	16.126	15.756	15.642	16.307	15.952	16.127	415.42	415.34
17:50:37	16.125	15.758	15.633	16.304	15.949	16.128	415.42	415.34
17:51:37	16.124	15.755	15.64	16.337	15.951	16.13	415.42	415.34
17:52:37	16.126	15.756	15.64	16.414	15.947	16.128	415.42	415.34
17:53:37	16.125	15.753	15.645	16.437	15.945	16.125	415.42	415.34
17:54:37	16.122	15.751	15.651	16.437	15.944	16.125	415.42	415.34
17:55:37	16.125	15.751	15.651	16.4	15.944	16.126	415.42	415.34
17:56:37	16.122	15.752	15.648	16.365	15.946	16.127	415.42	415.34
17:57:37	16.122	15.755	15.64	16.344	15.949	16.128	415.42	415.34
17:58:37	16.123	15.753	15.633	16.327	15.954	16.13	415.42	415.34
17:59:37	16.122	15.755	15.638	16.322	15.951	16.129	415.42	415.34
18:00:37	16.124	15.754	15.643	16.309	15.95	16.131	415.42	415.34
18:01:37	16.125	15.757	15.637	16.294	15.946	16.13	415.42	415.34
18:02:37	16.121	15.756	15.625	16.275	15.945	16.128	415.42	415.34
18:03:37	16.122	15.754	15.626	16.27	15.945	16.128	415.42	415.34
18:04:37	16.122	15.755	15.629	16.262	15.948	16.13	415.42	415.34
18:05:37	16.122	15.755	15.624	16.259	15.95	16.13	415.42	415.34
18:06:38	16.125	15.755	15.613	16.27	15.949	16.129	415.42	415.34
18:07:37	0.0	15.756	15.616	16.282	15.947	16.129	415.42	415.34
18:08:39	16.122	15.757	15.62	16.271	15.948	16.13	415.42	415.34
18:09:37	16.123	15.756	15.625	16.268	15.947	16.13	415.42	415.34
18:10:38	16.122	15.756	15.615	16.289	15.949	16.131	415.42	415.34
18:11:37	16.123	15.758	15.615	16.345	15.953	16.131	415.42	415.34
18:12:37	16.122	15.758	15.615	16.358	15.951	16.13	415.42	415.34
18:13:37	16.122	15.756	15.63	16.371	15.948	16.129	415.42	415.34
18:14:37	16.122	15.756	15.636	16.393	15.952	16.131	415.42	415.34
18:15:39	16.121	15.756	15.627	16.372	15.952	16.131	415.42	415.34
18:16:37	16.121	15.755	15.622	16.349	15.952	16.131	415.42	415.34
18:17:37	16.121	15.753	15.618	16.316	15.948	16.129	415.42	415.34
18:18:37	16.121	15.751	15.616	16.294	15.945	16.128	415.42	415.34
18:19:37	16.121	15.751	15.612	16.293	15.948	16.129	415.42	415.34
18:20:37	16.12	15.751	15.62	16.283	15.949	16.128	415.42	415.34
18:21:37	16.12	15.751	15.625	16.273	15.949	16.129	415.42	415.34
18:22:37	16.122	15.752	15.613	16.275	15.953	16.129	415.42	415.34
18:23:37	16.117	15.753	15.616	16.264	15.947	16.127	415.42	415.34
18:24:37	16.119	15.752	15.609	16.254	15.945	16.127	415.42	415.34
18:25:37	16.117	15.75	15.6	16.255	15.946	16.129	415.42	415.34
18:26:37	16.117	15.75	15.604	16.263	15.947	16.128	415.42	415.34
18:27:37	16.118	15.747	15.6	16.262	15.946	16.129	415.42	415.34
18:28:37	16.119	15.747	15.609	16.255	15.947	16.127	415.42	415.34
18:29:37	16.12	15.746	15.614	16.261	15.947	16.126	415.42	415.34
18:30:37	16.12	15.749	15.604	16.295	15.951	16.129	415.42	415.34
18:31:37	16.117	15.749	15.599	16.315	15.949	16.129	415.42	415.34
18:32:37	16.117	15.751	15.602	16.334	15.948	16.129	415.42	415.34
18:33:37	16.117	15.75	15.618	16.443	15.948	16.132	415.42	415.34
18:34:37	16.117	15.751	15.618	16.417	15.945	16.127	415.42	415.34
18:35:37	16.117	15.751	15.619	16.381	15.948	16.13	415.42	415.34
18:36:37	16.118	15.753	15.62	16.36	15.946	16.128	415.42	415.34
18:37:37	16.115	15.75	15.636	16.384	15.948	16.129	415.42	415.34
18:38:37	16.118	15.751	15.653	16.454	15.947	16.13	415.42	415.34
18:39:37	16.117	15.753	15.668	16.552	15.952	16.13	415.42	415.34
18:40:37	16.118	15.752	15.68	16.621	15.951	16.132	415.42	415.34
18:41:37	16.117	15.752	15.68	16.606	15.951	16.131	415.42	415.34
18:42:37	16.116	15.752	15.688	16.534	15.95	16.13	415.42	415.34
18:43:37	16.116	15.754	15.696	16.519	15.953	16.131	415.42	415.34
18:44:37	16.116	15.753	15.699	16.509	15.953	16.13	415.42	415.34
18:45:37	16.116	15.75	15.704	16.576	15.949	16.131	415.42	415.34
18:46:37	16.116	15.753	15.692	16.742	15.945	16.13	415.42	415.34
18:47:37	16.117	15.756	15.697	16.912	15.946	16.131	415.42	415.34
18:48:37	16.116	15.754	15.705	16.987	15.947	16.129	415.42	415.34
18:49:37	16.114	15.755	15.707	16.967	15.948	16.131	415.42	415.34
18:50:37	16.114	15.753	15.734	16.841	15.95	16.132	415.42	415.34
18:51:38	16.117	15.752	15.717	16.777	15.947	16.129	415.42	415.34
18:52:37	0.0	15.752	15.689	16.616	15.947	16.13	415.42	415.34
18:53:37	16.115	15.749	15.673	16.515	15.944	16.129	415.42	415.34
18:54:37	16.114	15.749	15.662	16.455	15.944	16.128	415.42	415.34
18:55:37	16.113	15.748	15.654	16.404	15.943	16.126	415.42	415.34
18:56:38	16.113	15.748	15.652	16.388	15.947	16.128	415.42	415.34
18:57:37	16.113	15.747	15.65	0.0	15.948	16.127	415.42	415.34
18:58:39	16.112	15.746	15.65	16.351	15.945	16.126	415.42	415.34
18:59:37	16.114	15.746	15.643	16.336	15.945	16.128	415.42	415.34
19:00:37	16.113	15.748	15.639	16.328	15.951	16.129	415.42	415.34
19:01:37	16.113	15.746	15.634	16.32	15.948	16.128	415.42	415.34
19:02:37	16.111	15.746	15.637	16.311	15.948	16.128	415.42	415.34
19:03:37	16.112	15.745	15.644	16.302	15.946	16.128	415.42	415.34
19:04:37	16.111	15.742	15.633	16.296	15.95	16.129	415.42	415.34
19:05:37	16.11	15.743	15.623	16.301	15.947	16.126	415.42	415.34
19:06:37	16.11	15.741	15.629	16.315	15.943	16.125	415.42	415.34
19:07:37	16.108	15.737	15.632	16.312	15.945	16.125	415.42	415.34
19:08:37	16.109	15.743	15.628	16.308	15.948	16.127	415.42	415.34
19:09:37	16.109	15.742	15.622	16.3	15.948	16.126	415.42	415.34
19:10:37	16.11	15.743	15.617	16.297	15.948	16.128	415.42	415.34
19:11:37	16.108	15.744	15.609	16.297	15.949	16.128	415.42	415.34
19:12:37	16.11	15.743	15.622	16.279	15.948	16.127	415.42	415.34
19:13:37	16.11	15.744	15.63	16.258	15.946	16.128	415.42	415.34
19:14:37	16.109	15.739	15.622	16.231	15.942	16.127	415.42	415.34
19:15:37	16.108	15.739	15.616	16.219	15.938	16.126	415.42	415.34
19:16:37	16.107	15.738	15.612	16.205	15.938	16.121	415.42	415.34
19:17:37	16.104	15.735	15.617	16.214	15.941	16.121	415.42	415.34
19:18:37	16.109	15.735	15.622	16.277	15.938	16.119	415.42	415.34
19:19:37	16.106	15.734	15.645	16.367	15.939	16.118	415.42	415.34
19:20:37	16.106	15.732	15.638	16.349	15.937	16.118	415.42	415.34
19:21:37	16.103	15.731	15.627	16.326	15.937	16.117	415.42	415.34
19:22:37	16.107	15.731	15.632	16.312	15.937	16.117	415.42	415.34
19:23:37	16.105	15.729	15.642	16.375	15.937	16.117	415.42	415.34
19:24:37	16.103	15.727	15.648	16.423	15.938	16.118	415.42	415.34
19:25:37	16.106	15.733	15.655	16.444	15.939	16.118	415.42	415.34
19:26:39	16.105	15.732	15.651	16.436	15.94	16.121	415.42	415.34
19:27:37	16.105	15.731	15.673	16.45	15.942	16.12	415.42	415.34
19:28:38	16.105	15.73	15.655	16.445	15.939	16.118	415.42	415.34
19:29:37	16.104	15.729	15.668	16.45	15.936	16.117	415.42	415.34
19:30:38	16.103	15.729	15.672	16.555	15.938	16.12	415.42	415.34
19:31:37	0.0	15.729	15.681	16.694	15.944	16.121	415.42	415.34
19:32:37	16.104	15.729	15.693	16.64	15.939	16.121	415.42	415.34
19:33:37	16.104	15.729	15.72	16.589	15.94	16.119	415.42	415.34
19:34:37	16.104	15.728	15.744	16.629	15.94	16.12	415.42	415.34
19:35:37	0.0	15.727	15.757	16.674	15.938	16.118	415.42	415.34
19:36:37	16.102	15.727	15.745	16.676	15.934	16.117	415.42	415.34
19:37:37	16.102	15.726	15.719	16.797	15.936	16.118	415.42	415.34
19:38:37	16.102	15.726	15.71	16.782	15.937	16.117	415.42	415.34
19:39:37	16.101	15.727	15.727	16.713	15.937	16.117	415.42	415.34
19:40:37	16.101	15.727	15.761	16.666	15.94	16.118	415.42	415.34
19:41:37	16.101	15.729	15.753	16.636	15.939	16.119	415.42	415.34
19:42:37	16.101	15.729	15.741	16.618	15.943	16.121	415.42	415.34
19:43:37	16.102	15.732	15.711	16.723	15.944	16.121	415.42	415.34
19:44:37	16.102	15.733	15.746	16.748	15.943	16.123	415.42	415.34
19:45:37	16.102	15.733	15.758	16.804	15.945	16.124	415.42	415.34
19:46:37	16.101	15.733	15.74	16.943	15.941	16.124	415.42	415.34
19:47:37	16.102	15.735	15.738	16.788	15.945	16.125	415.42	415.34
19:48:37	16.101	15.734	15.701	16.64	15.945	16.126	415.42	415.34
19:49:37	16.101	15.732	15.685	16.533	15.943	16.124	415.42	415.34
19:50:37	16.101	15.732	15.678	16.472	15.944	16.127	415.42	415.34
19:51:37	16.101	15.731	15.666	16.433	15.941	16.125	415.42	415.34
19:52:37	16.1	15.732	15.661	16.412	15.941	16.124	415.42	415.34
19:53:37	16.101	15.733	15.657	16.394	15.946	16.125	415.42	415.34
19:54:37	16.1	15.733	15.656	16.378	15.948	16.126	415.42	415.34
19:55:37	16.1	15.734	15.65	16.37	15.946	16.125	415.42	415.34
19:56:37	16.144	15.767	15.649	16.367	15.943	16.125	415.42	415.34
19:57:37	16.48	16.337	15.646	16.388	15.943	16.126	415.42	415.34
19:58:37	16.485	16.505	15.644	16.389	15.941	16.125	415.42	415.34
19:59:37	16.412	16.462	15.649	16.39	15.943	16.127	415.42	415.34
20:00:37	16.355	16.401	15.648	16.382	15.941	16.125	415.42	415.34
20:01:37	16.313	16.336	15.647	16.372	15.941	16.125	415.42	415.34
20:02:37	16.285	16.275	15.657	16.364	15.943	16.125	415.42	415.34
20:03:37	16.262	16.218	15.661	16.369	15.947	16.125	415.42	415.34
20:04:37	16.246	16.159	15.649	16.393	15.946	16.125	415.42	415.34
20:05:37	16.233	16.124	15.646	16.403	15.943	16.125	415.42	415.34
20:06:37	16.226	16.089	15.644	16.395	15.943	16.125	415.42	415.34
20:07:37	16.218	16.06	15.647	16.384	15.94	16.123	415.42	415.34
20:08:39	16.214	16.036	15.646	16.369	15.939	16.123	415.42	415.34
20:09:37	16.211	16.015	15.647	16.383	15.941	16.123	415.42	415.34
20:10:39	16.206	15.999	15.654	16.406	15.942	16.121	415.42	415.34
20:11:37	16.203	15.983	15.661	16.407	15.94	16.121	415.42	415.34
20:12:37	16.202	15.969	15.666	16.393	15.941	16.123	415.42	415.34
20:13:37	16.199	15.957	15.67	16.383	15.941	16.122	415.42	415.34
20:14:37	16.197	15.946	15.67	16.365	15.938	16.121	415.42	415.34
20:15:37	16.195	15.935	15.654	16.363	15.938	16.121	415.42	415.34
20:16:37	16.196	15.926	15.644	16.357	15.935	16.119	415.42	415.34
20:17:37	16.195	15.916	15.643	16.341	15.936	16.117	415.42	415.34
20:18:37	16.193	15.909	15.636	16.333	15.935	16.117	415.42	415.34
20:19:37	16.192	15.904	15.638	16.343	15.937	16.119	415.42	415.34
20:20:37	16.192	15.901	15.647	16.335	15.938	16.117	415.42	415.34
20:21:37	16.189	15.896	15.652	16.332	15.937	16.116	415.42	415.34
20:22:37	16.189	15.89	15.637	16.333	15.936	16.117	415.42	415.34
20:23:37	16.189	15.886	15.635	16.335	15.937	16.119	415.42	415.34
20:24:37	16.191	15.884	15.632	16.336	15.939	16.12	415.42	415.34
20:25:37	16.186	15.881	15.632	16.326	15.939	16.12	415.42	415.34
20:26:39	16.185	15.878	15.629	16.327	15.939	16.12	415.42	415.34
20:27:37	16.186	15.876	15.627	16.325	15.939	16.12	415.42	415.34
20:28:40	16.186	15.875	15.626	16.317	15.939	16.12	415.42	415.34
20:29:37	16.183	15.87	15.638	16.289	15.943	16.121	415.42	415.34
20:30:37	16.186	15.871	15.649	16.279	15.941	16.122	415.42	415.34
20:31:37	16.183	15.867	15.651	16.281	15.939	16.12	415.42	415.34
20:32:37	16.181	15.863	15.655	16.29	15.936	16.119	415.42	415.34
20:33:37	16.181	15.861	15.667	16.374	15.937	16.118	415.42	415.34
20:34:37	16.18	15.859	15.676	16.506	15.939	16.117	415.42	415.34
20:35:37	16.182	15.858	15.711	16.507	15.94	16.119	415.42	415.34
20:36:37	16.181	15.856	15.699	16.478	15.939	16.117	415.42	415.34
20:37:37	16.178	15.852	15.705	16.454	15.938	16.117	415.42	415.34
20:38:37	16.178	15.851	15.697	16.466	15.937	16.117	415.42	415.34
20:39:37	16.178	15.851	15.698	16.455	15.937	16.117	415.42	415.34
20:40:37	16.18	15.85	15.695	16.544	15.938	16.117	415.42	415.34
20:41:37	16.178	15.845	15.708	16.552	15.939	16.118	415.42	415.34
20:42:37	16.179	15.846	15.705	16.552	15.938	16.118	415.42	415.34
20:43:37	16.175	15.845	15.683	16.552	15.937	16.117	415.42	415.34
20:44:37	16.176	15.844	15.696	16.643	15.938	16.118	415.42	415.34
20:45:37	16.175	15.845	15.704	16.64	15.94	16.118	415.42	415.34
20:46:37	16.175	15.843	15.729	16.556	15.939	16.119	415.42	415.34
20:47:37	16.174	15.844	15.732	16.592	15.94	16.119	415.42	415.34
20:48:37	16.175	15.84	15.738	16.65	15.94	16.118	415.42	415.34
20:49:38	16.174	15.838	15.743	16.703	15.941	16.12	415.42	415.34
20:50:37	16.173	15.838	15.765	16.668	15.939	16.12	415.42	415.34
20:51:38	16.173	15.836	15.764	16.662	15.938	16.118	415.42	415.34
20:52:37	0.0	15.835	15.753	16.689	15.937	16.119	415.42	415.34
20:53:37	16.172	15.835	15.763	16.627	15.94	16.119	415.42	415.34
20:54:37	16.171	15.834	15.765	16.676	15.941	16.118	415.42	415.34
20:55:37	16.171	15.832	15.76	16.779	15.94	16.119	415.42	415.34
20:56:37	16.17	15.831	15.736	16.804	15.937	16.118	415.42	415.34
20:57:37	16.171	15.83	15.745	16.733	15.936	16.117	415.42	415.34
20:58:37	16.169	15.829	15.768	16.701	15.935	16.118	415.42	415.34
20:59:37	16.169	15.827	15.754	16.652	15.935	16.117	415.42	415.34
21:00:37	16.169	15.826	15.735	16.607	15.937	16.12	415.42	415.34
21:01:37	16.169	15.828	15.724	16.535	15.941	16.12	415.42	415.34
21:02:37	16.169	15.828	15.715	16.48	15.94	16.121	415.42	415.34
21:03:37	16.168	15.829	15.708	16.44	15.942	16.121	415.42	415.34
21:04:37	16.168	15.83	15.704	16.416	15.942	16.124	415.42	415.34
21:05:37	16.168	15.83	15.684	16.411	15.943	16.124	415.42	415.34
21:06:37	16.167	15.829	15.674	16.402	15.944	16.123	415.42	415.34
21:07:37	16.166	15.83	15.67	16.397	15.943	16.124	415.42	415.34
21:08:37	16.167	15.828	15.667	16.384	15.942	16.122	415.42	415.34
21:09:37	16.166	15.828	15.668	16.373	15.94	16.123	415.42	415.34
21:10:37	16.165	15.826	15.671	16.36	15.939	16.122	415.42	415.34
21:11:37	16.166	15.823	15.664	16.353	15.937	16.121	415.42	415.34
21:12:37	16.165	15.822	15.665	16.342	15.937	16.12	415.42	415.34
21:13:37	16.166	15.822	15.672	16.337	15.938	16.121	415.42	415.34
21:14:37	16.165	15.821	15.67	16.334	15.94	16.119	415.42	415.34
21:15:37	16.164	15.821	15.659	16.345	15.94	16.12	415.42	415.34
21:16:37	16.164	15.82	15.654	16.35	15.944	16.122	415.42	415.34
21:17:37	16.164	15.822	15.651	16.342	15.941	16.122	415.42	415.34
21:18:39	16.163	15.821	15.648	16.335	15.94	16.12	415.42	415.34
21:19:37	16.163	15.818	15.646	16.33	15.937	16.121	415.42	415.34
21:20:38	16.164	15.817	15.647	16.328	15.942	16.122	415.42	415.34
21:21:37	0.0	15.817	15.649	16.33	15.94	16.124	415.42	415.34
21:22:37	16.162	15.818	15.684	16.377	15.941	16.122	415.42	415.34
21:23:37	16.161	15.818	15.691	16.431	15.944	16.121	415.42	415.34
21:24:37	16.161	15.817	15.684	16.576	15.942	16.122	415.42	415.34
21:25:38	16.163	15.815	15.681	16.707	15.943	16.124	415.42	415.34
21:26:37	16.161	15.816	15.692	17.005	15.943	16.123	415.42	415.34
21:27:37	16.16	15.816	15.728	16.875	15.941	16.122	415.42	415.34
21:28:37	16.161	15.814	15.719	16.72	15.94	16.12	415.42	415.34
21:29:37	16.161	15.812	15.746	16.702	15.94	16.121	415.42	415.34
21:30:37	16.16	15.812	15.741	16.642	15.939	16.12	415.42	415.34
21:31:37	16.159	15.811	15.754	16.602	15.939	16.118	415.42	415.34
21:32:37	16.158	15.809	15.758	16.657	15.943	16.12	415.42	415.34
21:33:37	16.16	15.808	15.731	16.691	15.942	16.12	415.42	415.34
21:34:37	16.159	15.81	15.746	16.691	15.945	16.121	415.42	415.34
21:35:37	16.158	15.809	15.774	16.624	15.942	16.121	415.42	415.34
21:36:37	16.158	15.811	15.741	16.645	15.943	16.122	415.42	415.34
21:37:37	16.157	15.809	15.772	16.629	15.944	16.12	415.42	415.34
21:38:37	16.156	15.807	15.781	16.665	15.942	16.121	415.42	415.34
21:39:37	16.156	15.807	15.767	16.842	15.938	16.119	415.42	415.34
21:40:37	16.156	15.806	15.763	16.878	15.94	16.12	415.42	415.34
21:41:37	16.157	15.805	15.743	16.735	15.94	16.119	415.42	415.34
21:42:37	16.156	15.806	15.731	16.618	15.941	16.119	415.42	415.34
21:43:37	16.156	15.806	15.723	16.54	15.943	16.12	415.42	415.34
21:44:37	16.156	15.806	15.715	16.484	15.944	16.12	415.42	415.34
21:45:37	16.155	15.805	15.694	16.459	15.942	16.12	415.42	415.34
21:46:37	16.156	15.806	15.686	16.446	15.944	16.122	415.42	415.34
21:47:37	16.155	15.805	15.682	16.425	15.942	16.121	415.42	415.34
21:48:37	16.155	15.805	15.678	16.409	15.943	16.121	415.42	415.34
21:49:37	16.154	15.804	15.677	16.395	15.941	16.121	415.42	415.34
21:50:37	16.154	15.803	15.673	16.387	15.944	16.121	415.42	415.34
21:51:37	16.155	15.803	15.671	16.382	15.945	16.121	415.42	415.34
21:52:37	16.154	15.803	15.671	16.376	15.943	16.12	0.0	415.34
21:53:37	16.154	15.803	15.667	16.365	15.942	16.119	415.42	415.34
21:54:37	16.153	15.801	15.666	16.36	15.942	16.122	415.42	415.34
21:55:37	16.152	15.799	15.666	16.351	15.941	16.12	415.42	415.34
21:56:37	16.153	15.798	15.673	16.346	15.941	16.119	415.42	415.34
21:57:37	16.153	15.799	15.679	16.346	15.94	16.12	415.42	415.34
21:58:37	16.151	15.796	15.667	16.37	15.939	16.118	415.42	415.34
21:59:37	16.15	15.794	15.662	16.394	15.937	16.114	415.42	415.34
22:00:37	16.15	15.789	15.661	16.386	15.935	16.113	415.42	415.34
22:01:37	16.148	15.788	15.662	16.379	15.934	16.112	415.42	415.34
22:02:37	16.149	15.787	15.66	16.374	15.935	16.111	415.42	415.34
22:03:37	16.149	15.788	15.66	16.368	15.937	16.112	415.42	415.34
22:04:37	16.149	15.79	15.661	16.369	15.938	16.115	415.42	415.34
22:05:37	16.148	15.791	15.668	16.363	15.937	16.114	415.42	415.34
22:06:37	16.149	15.79	15.674	16.357	15.938	16.116	415.42	415.34
22:07:37	16.149	15.79	15.678	16.354	15.939	16.121	415.42	415.34
22:08:39	16.15	15.792	15.681	16.348	15.94	16.121	415.42	415.34
22:09:37	16.149	15.79	15.664	16.347	15.941	16.123	415.42	415.34
22:10:38	16.149	15.792	15.655	16.342	15.942	16.123	415.42	415.34
22:11:37	0.0	15.792	15.655	16.338	15.939	16.122	415.42	415.34
22:12:37	16.148	15.792	15.653	16.334	15.942	16.12	415.42	415.34
22:13:37	16.148	15.79	15.65	16.335	15.94	16.119	415.42	415.34
22:14:37	16.147	15.79	15.647	16.331	15.942	16.117	415.42	415.34
22:15:37	16.149	15.788	15.648	16.326	15.941	16.119	415.42	415.34
22:16:37	16.148	15.789	15.652	16.326	15.941	16.118	415.42	415.34
22:17:37	16.143	15.788	15.662	16.33	15.94	16.12	415.42	415.34
22:18:37	16.148	15.791	15.656	16.329	15.939	16.121	415.42	415.34
22:19:37	16.147	15.791	15.648	16.339	15.94	16.12	415.42	415.34
22:20:37	16.145	15.792	15.648	16.34	15.941	16.122	415.42	415.34
22:21:37	16.147	15.789	15.644	16.344	15.942	16.122	415.42	415.34
22:22:37	16.144	15.79	15.641	16.342	15.941	16.12	415.42	415.34
22:23:37	16.148	15.792	15.64	16.335	15.945	16.12	415.42	415.34
22:24:37	16.145	15.789	15.644	16.338	15.944	16.12	415.42	415.34
22:25:37	16.144	15.79	15.66	16.336	15.94	16.12	415.42	415.34
22:26:37	16.144	15.789	15.692	16.37	15.939	16.119	415.42	415.34
22:27:37	16.144	15.786	15.697	16.391	15.939	16.119	415.42	415.34
22:28:37	16.146	15.786	15.709	16.415	15.941	16.118	415.42	415.34
22:29:37	16.144	15.784	15.695	16.456	15.944	16.118	415.42	415.34
22:30:37	16.145	15.786	15.709	16.552	15.947	16.12	415.42	415.34
22:31:37	16.144	15.786	15.712	16.652	15.943	16.118	415.42	415.34
22:32:37	16.145	15.785	15.731	16.683	15.942	16.12	415.42	415.34
22:33:37	16.144	15.786	15.734	16.657	15.94	16.12	415.42	415.34
22:34:37	16.143	15.786	15.755	16.59	15.944	16.119	415.42	415.34
22:35:37	16.143	15.784	15.725	16.51	15.941	16.118	415.42	415.34
22:36:37	16.141	15.785	15.706	16.455	15.942	16.118	415.42	415.34
22:37:37	16.144	15.784	15.698	16.415	15.941	16.118	415.42	415.34
22:38:37	16.142	15.783	15.684	16.388	15.942	16.117	415.42	415.34
22:39:37	16.142	15.784	15.676	16.369	15.944	16.119	415.42	415.34
22:40:37	16.141	15.783	15.661	16.365	15.943	16.119	415.42	415.34
22:41:37	16.141	15.783	15.652	16.358	15.941	16.117	415.42	415.34
22:42:37	16.14	15.782	15.648	16.35	15.941	16.117	415.42	415.34
22:43:37	16.14	15.782	15.648	16.351	15.943	16.119	415.42	415.34
22:44:37	16.141	15.779	15.648	16.351	15.943	16.119	415.42	415.34
22:45:37	16.141	15.779	15.646	16.346	15.942	16.118	415.42	415.34
22:46:37	16.141	15.779	15.644	16.346	15.942	16.117	415.42	415.34
22:47:37	16.14	15.779	15.644	16.346	15.941	16.119	415.42	415.34
22:48:37	16.14	15.78	15.643	16.337	15.942	16.118	415.42	415.34
22:49:37	16.141	15.778	15.643	16.334	15.941	16.118	415.42	415.34
22:50:37	16.139	15.777	15.643	16.333	15.94	16.118	415.42	415.34
22:51:37	16.139	15.777	15.655	16.328	15.94	16.118	415.42	415.34
22:52:37	16.139	15.775	15.655	16.323	15.937	16.117	415.42	415.34
22:53:37	16.141	15.777	15.64	16.353	15.938	16.116	415.42	415.34
22:54:37	16.137	15.776	15.642	16.347	15.939	16.118	415.42	415.34
22:55:37	16.138	15.775	15.658	16.327	15.942	16.12	415.42	415.34
22:56:37	16.14	15.779	15.665	16.31	15.943	16.121	415.42	415.34
22:57:37	16.136	15.777	15.668	16.299	15.939	16.12	415.42	415.34
22:58:37	16.137	15.777	15.668	16.294	15.94	16.119	415.42	415.34
22:59:37	16.136	15.778	15.668	16.287	15.941	16.12	415.42	415.34
23:00:37	16.138	15.779	15.673	16.281	15.944	16.12	415.42	415.34
23:01:37	16.138	15.779	15.669	16.278	15.944	16.12	415.42	415.34
23:02:37	16.135	15.777	15.668	16.278	15.944	16.12	415.42	415.34
23:03:37	16.137	15.778	15.674	16.319	15.941	16.117	415.42	415.34
23:04:37	16.136	15.779	15.69	16.463	15.94	16.118	415.42	415.34
23:05:37	16.135	15.776	15.704	16.671	15.939	16.118	415.42	415.34
23:06:37	16.135	15.775	15.715	16.591	15.94	16.118	415.42	415.34
23:07:37	16.134	15.772	15.698	16.482	15.941	16.118	415.42	415.34
23:08:37	16.135	15.773	15.704	16.431	15.942	16.117	415.42	415.34
23:09:37	16.134	15.771	15.712	16.446	15.942	16.116	415.42	415.34
23:10:37	16.134	15.773	15.716	16.517	15.941	16.117	415.42	415.34
23:11:37	16.135	15.775	15.719	16.605	15.941	16.118	415.42	415.34
23:12:37	16.134	15.774	15.723	16.666	15.941	16.118	415.42	415.34
23:13:37	16.135	15.774	15.735	16.712	15.941	16.118	415.42	415.34
23:14:37	16.133	15.772	15.749	16.708	15.942	16.119	415.42	415.34
23:15:37	16.133	15.771	15.756	16.644	15.942	16.119	415.42	415.34
23:16:37	16.132	15.772	15.735	16.638	15.943	16.119	415.42	415.34
23:17:37	16.134	15.771	15.74	16.583	15.943	16.118	415.42	415.34
23:18:37	16.133	15.77	15.72	16.519	15.943	16.119	415.42	415.34
23:19:37	16.132	15.77	15.701	16.466	15.945	16.118	415.42	415.34
23:20:37	16.133	15.77	15.689	16.43	15.942	16.119	415.42	415.34
23:21:37	16.131	15.771	15.687	16.408	15.94	16.119	415.42	415.34
23:22:37	16.131	15.77	15.67	16.394	15.94	16.118	415.42	415.34
23:23:37	16.131	15.772	15.662	16.384	15.942	16.119	415.42	415.34
23:24:37	16.134	15.77	15.659	16.373	15.943	16.118	415.42	415.34
23:25:37	16.133	15.769	15.665	16.365	15.943	16.12	415.42	415.34
23:26:38	16.133	15.771	15.671	16.36	15.943	16.119	415.42	415.34
23:27:37	16.132	15.771	15.663	16.358	15.945	16.119	415.42	415.34
23:28:37	16.131	15.774	15.654	16.368	15.945	16.12	415.42	415.34
23:29:37	16.131	15.774	15.65	16.36	15.946	16.121	415.42	415.34
23:30:37	16.131	15.775	15.65	16.352	15.947	16.122	415.42	415.34
23:31:37	16.13	15.776	15.647	16.349	15.945	16.123	415.42	415.34
23:32:37	16.129	15.774	15.647	16.348	15.947	16.123	415.42	415.34
23:33:37	16.13	15.776	15.649	16.354	15.945	16.124	415.42	415.34
23:34:37	16.129	15.776	15.656	16.361	15.949	16.123	415.42	415.34
23:35:37	16.13	15.776	15.658	16.357	15.949	16.122	415.42	415.34
23:36:37	16.131	15.777	15.666	16.341	15.944	16.123	415.42	415.34
23:37:37	16.127	15.776	15.661	16.336	15.942	16.122	415.42	415.34
23:38:37	16.13	15.774	15.651	16.333	15.942	16.121	415.42	415.34
23:39:37	16.128	15.773	15.64	16.328	15.944	16.12	415.42	415.34
23:40:37	16.128	15.772	15.636	16.329	15.944	16.12	415.42	415.34
23:41:37	16.127	15.771	15.636	16.331	15.942	16.118	415.42	415.34
23:42:37	16.129	15.769	15.634	16.326	15.943	16.12	415.42	415.34
23:43:37	16.13	15.772	15.636	16.323	15.945	16.121	415.42	415.34
23:44:38	16.127	15.772	15.635	16.32	15.945	16.122	415.42	415.34
23:45:37	0.0	15.771	15.633	16.314	15.944	16.122	415.42	415.34
23:46:39	16.127	15.772	15.642	16.316	15.947	16.123	415.42	415.34
23:47:37	16.129	15.77	15.649	16.315	15.948	16.123	415.42	415.34
23:48:38	16.129	15.772	15.643	16.313	15.944	16.122	415.42	415.34
23:49:37	16.126	15.771	15.629	16.321	15.944	16.122	415.42	415.34
23:50:39	16.126	15.77	15.629	16.326	15.945	16.122	415.42	415.34
23:51:37	16.124	15.772	15.632	16.325	15.947	16.124	415.42	415.34
23:52:37	16.127	15.774	15.629	16.318	15.947	16.123	415.42	415.34
23:53:37	16.125	15.773	15.625	16.313	15.947	16.124	415.42	415.34
23:54:37	16.124	15.774	15.621	16.313	15.948	16.123	415.42	415.34
23:55:37	16.125	15.775	15.631	16.3	15.949	16.123	415.42	415.34
23:56:37	16.125	15.77	15.643	16.29	15.946	16.123	415.42	415.34
23:57:37	16.124	15.774	15.649	16.282	15.948	16.122	415.42	415.34
23:58:37	16.126	15.77	15.649	16.281	15.948	16.123	415.42	415.34
23:59:37	16.127	15.771	15.649	16.282	15.95	16.123	415.42	415.34
