00:00:03	18.685	18.212	17.498	18.949	19.782	19.981	415.42	415.34
00:01:03	18.684	18.214	17.646	19.04	19.777	19.988	415.42	415.34
00:02:03	18.685	18.213	17.71	19.11	19.777	19.988	415.42	415.34
00:03:03	18.685	18.213	17.83	19.182	19.787	19.985	415.42	415.34
00:04:03	18.685	18.213	17.881	19.247	19.783	19.983	415.42	415.34
00:05:03	18.682	18.211	17.945	19.306	19.783	19.991	415.42	415.34
00:06:03	18.679	18.213	17.842	19.303	19.787	19.987	415.42	415.34
00:07:03	18.678	18.212	17.789	19.241	19.793	19.987	415.42	415.34
00:08:03	18.676	18.211	17.738	19.197	19.788	19.979	415.42	415.34
00:09:05	18.676	18.212	17.636	19.139	19.787	19.981	415.42	415.34
00:10:03	18.682	18.213	17.451	19.072	19.792	19.987	415.42	415.34
00:11:03	18.686	18.214	17.395	18.986	19.785	19.982	415.42	415.34
00:12:03	18.685	18.213	17.204	18.92	19.787	19.987	415.42	415.34
00:13:03	18.683	18.214	17.125	18.884	19.792	19.988	415.42	415.34
00:14:03	18.685	18.212	17.057	18.833	19.787	19.984	415.42	415.34
00:15:03	18.685	18.214	17.008	18.795	19.799	19.987	415.42	415.34
00:16:03	18.681	18.215	16.971	18.781	19.794	19.987	415.42	415.34
00:17:05	18.678	18.214	16.896	18.724	19.783	19.994	415.42	415.34
00:18:03	18.68	18.212	16.874	18.699	19.786	19.985	415.42	415.34
00:19:03	18.681	18.213	17.073	18.697	19.781	19.986	415.42	415.34
00:20:03	18.679	18.211	17.277	18.784	19.781	19.984	415.42	415.34
00:21:03	18.68	18.211	17.362	18.891	19.774	19.994	415.42	415.34
00:22:03	18.68	18.212	17.469	18.957	19.777	19.988	415.42	415.34
00:23:03	18.677	18.204	17.596	19.034	19.762	19.979	415.42	415.34
00:24:03	18.677	18.201	17.669	19.106	19.77	19.982	415.42	415.34
00:25:03	18.673	18.202	17.754	19.188	19.771	0.0	415.42	415.34
00:26:03	18.676	18.202	17.826	19.248	19.779	19.981	415.42	415.34
00:27:03	18.679	18.203	17.906	19.304	19.786	19.979	415.42	415.34
00:28:03	18.679	18.207	17.949	19.359	19.787	19.985	415.42	415.34
00:29:03	18.681	18.209	17.877	19.349	19.791	19.976	415.42	415.34
00:30:03	18.683	18.21	17.789	19.286	19.779	19.971	415.42	415.34
00:31:03	18.68	18.209	17.79	19.233	19.779	19.972	415.42	415.34
00:32:03	18.681	18.209	17.648	19.162	19.777	19.977	415.42	415.34
00:33:03	18.682	18.209	17.554	19.068	19.786	19.981	415.42	415.34
00:34:03	18.68	18.208	17.399	18.99	19.773	19.981	415.42	415.34
00:35:03	18.682	18.211	17.261	18.934	19.783	19.988	415.42	415.34
00:36:03	18.682	18.211	17.154	18.864	19.785	19.983	415.42	415.34
00:37:03	18.68	18.21	17.124	18.809	19.79	19.981	415.42	415.34
00:38:03	18.679	18.21	17.11	18.771	19.791	19.991	415.42	415.34
00:39:05	18.68	18.21	17.001	18.763	19.786	19.989	415.42	415.34
00:40:03	18.675	18.208	16.887	18.726	19.785	19.983	415.42	415.34
00:41:03	18.677	18.21	16.786	18.695	19.782	19.98	415.42	415.34
00:42:03	18.676	18.208	16.851	18.683	19.788	19.981	415.42	415.34
00:43:03	18.678	18.206	17.089	18.689	19.785	19.98	415.42	415.34
00:44:03	18.675	18.207	17.253	18.814	19.79	19.977	415.42	415.34
00:45:03	18.675	18.208	17.367	18.916	19.786	19.983	415.42	415.34
00:46:03	18.676	18.208	17.488	18.988	19.778	19.979	415.42	415.34
00:47:03	18.674	18.205	17.555	19.053	19.783	19.984	415.42	415.34
00:48:03	18.674	18.204	17.627	19.124	19.782	19.992	415.42	415.34
00:49:03	18.674	18.203	17.724	19.182	19.775	19.974	415.42	415.34
00:50:03	18.672	18.201	17.803	19.236	19.786	19.973	415.42	0.0
00:51:03	18.672	18.202	17.851	19.29	19.779	19.969	415.42	415.34
00:52:03	18.673	18.204	17.751	19.29	19.777	19.978	415.42	415.34
00:53:03	18.676	18.205	17.722	19.219	19.78	19.975	415.42	415.34
00:54:03	18.676	18.206	17.611	19.172	19.779	19.991	415.42	415.34
00:55:03	18.676	18.206	17.372	19.115	19.792	19.986	415.42	415.34
00:56:03	18.677	18.206	17.22	19.024	19.774	19.981	415.42	415.34
00:57:03	18.676	18.205	17.136	18.942	19.776	19.981	415.42	415.34
00:58:03	18.676	18.206	17.243	18.894	19.778	19.974	415.42	415.34
00:59:03	18.676	18.205	17.154	18.864	19.776	19.98	415.42	415.34
01:00:03	18.679	18.202	17.077	18.841	19.774	19.982	415.42	415.34
01:01:03	18.677	18.203	16.954	18.819	19.774	19.973	415.42	415.34
01:02:03	18.675	18.201	16.931	18.804	19.776	19.978	415.42	415.34
01:03:03	18.673	18.201	16.896	18.766	19.773	19.975	415.42	415.34
01:04:03	18.67	18.203	16.751	18.7	19.776	19.971	415.42	415.34
01:05:03	18.67	18.205	16.758	18.705	19.78	19.976	415.42	415.34
01:06:03	18.67	18.205	16.835	18.68	19.778	19.979	415.42	415.34
01:07:03	18.672	18.205	16.907	18.69	19.773	19.975	415.42	415.34
01:08:04	18.669	18.205	17.148	18.802	19.774	19.977	415.42	415.34
01:09:03	18.67	18.206	17.31	18.89	0.0	19.983	415.42	415.34
01:10:03	18.67	18.205	17.346	18.958	19.781	19.992	415.42	415.34
01:11:03	18.671	18.202	17.444	19.017	19.777	19.984	415.42	415.34
01:12:03	18.673	18.202	17.566	19.079	19.778	19.989	415.42	415.34
01:13:03	18.674	18.202	17.624	19.141	19.778	19.993	415.42	415.34
01:14:03	18.672	18.202	17.69	19.196	19.775	19.983	415.42	415.34
01:15:03	18.67	18.199	17.753	19.243	19.776	19.98	415.42	415.34
01:16:03	18.671	18.198	17.835	19.295	19.785	19.983	415.42	415.34
01:17:04	18.67	18.198	17.909	19.338	19.78	19.977	415.42	415.34
01:18:03	18.665	18.2	17.972	19.385	19.783	19.98	415.42	415.34
01:19:03	18.666	18.199	18.015	19.42	19.778	19.973	415.42	415.34
01:20:03	18.668	18.197	18.073	19.452	19.777	19.976	415.42	415.34
01:21:03	18.669	18.198	18.105	19.48	19.772	19.973	415.42	415.34
01:22:03	18.668	18.197	18.148	19.501	19.773	19.973	415.42	415.34
01:23:03	18.666	18.196	18.049	19.069	19.779	19.972	415.42	415.34
01:24:04	18.667	18.194	17.851	18.678	19.77	19.973	415.42	415.34
01:25:03	18.667	18.193	17.783	18.494	19.765	19.974	415.42	415.34
01:26:03	18.667	18.192	17.608	18.128	19.763	19.967	415.42	415.34
01:27:03	18.669	18.192	17.297	17.76	19.769	19.971	415.42	415.34
01:28:05	18.669	18.188	17.191	17.89	19.764	19.964	415.42	415.34
01:29:03	18.669	18.188	17.142	18.215	19.766	19.965	415.42	415.34
01:30:03	18.669	18.188	17.023	18.47	19.755	19.965	415.42	415.34
01:31:03	18.669	18.188	17.088	18.606	19.759	19.97	415.42	415.34
01:32:03	18.666	18.187	16.999	18.668	19.763	19.967	415.42	415.34
01:33:03	18.669	18.188	16.966	18.708	19.764	19.962	415.42	415.34
01:34:03	18.667	18.189	17.002	18.724	19.774	19.964	415.42	415.34
01:35:03	18.666	18.189	17.148	18.734	19.772	19.96	415.42	415.34
01:36:03	18.664	18.19	17.399	18.826	19.771	19.963	415.42	415.34
01:37:03	18.664	18.192	17.495	18.928	19.781	19.966	415.42	415.34
01:38:03	18.665	18.192	17.567	19.012	19.773	19.965	415.42	415.34
01:39:03	18.665	18.194	17.664	19.1	19.768	19.973	415.42	415.34
01:40:03	18.663	18.194	17.749	19.166	19.775	19.964	415.42	415.34
01:41:03	18.663	18.194	17.86	19.241	19.778	19.967	415.42	415.34
01:42:03	18.662	18.192	17.91	19.311	19.771	19.97	415.42	415.34
01:43:03	18.663	18.193	17.839	19.315	19.771	19.978	415.42	415.34
01:44:03	18.664	18.191	17.822	19.261	19.766	19.966	415.42	415.34
01:45:03	18.661	18.191	17.753	19.2	19.778	19.971	415.42	415.34
01:46:03	18.665	18.19	17.588	19.155	19.765	19.97	415.42	415.34
01:47:03	18.664	18.191	17.457	18.999	19.769	19.968	415.42	415.34
01:48:03	18.665	18.193	17.324	18.946	19.767	19.969	415.42	415.34
01:49:03	18.663	18.192	17.286	18.894	19.766	19.972	415.42	415.34
01:50:04	18.664	18.193	17.198	18.876	19.767	19.968	415.42	415.34
01:51:03	18.666	18.193	17.082	18.854	19.769	19.97	415.42	415.34
01:52:04	18.666	18.192	17.002	18.815	19.771	19.962	415.42	415.34
01:53:03	18.665	18.196	16.985	18.779	19.774	19.966	415.42	415.34
01:54:04	18.665	18.195	16.946	18.766	19.779	19.965	415.42	415.34
01:55:03	18.664	18.194	16.942	18.732	19.774	19.969	415.42	415.34
01:56:04	18.665	18.194	17.114	18.724	19.78	19.976	415.42	415.34
01:57:04	18.667	18.196	17.289	18.816	19.776	19.973	415.42	415.34
01:58:04	18.667	18.195	17.471	18.93	19.778	19.966	415.42	415.34
01:59:03	18.663	18.197	17.557	18.989	19.776	19.97	415.42	415.34
02:00:03	18.662	18.192	17.614	19.045	19.772	19.977	415.42	415.34
02:01:03	18.661	18.192	17.755	19.108	19.769	19.984	415.42	415.34
02:02:04	18.662	18.19	17.808	19.171	19.772	19.975	415.42	415.34
02:03:03	18.66	18.191	17.882	19.23	19.767	19.972	415.42	415.34
02:04:04	18.656	18.191	17.964	19.29	19.773	19.968	415.42	415.34
02:05:03	18.655	18.193	17.921	19.329	19.767	19.963	415.42	415.34
02:06:04	18.655	18.19	17.906	19.273	19.761	19.969	415.42	415.34
02:07:03	18.656	18.186	17.921	19.23	19.771	19.963	415.42	415.34
02:08:04	18.655	18.184	17.775	19.187	19.767	19.96	415.42	415.34
02:09:03	18.651	18.183	17.583	19.126	19.773	19.963	415.42	415.34
02:10:04	18.655	18.182	17.452	19.036	19.766	19.955	415.42	415.34
02:11:03	18.657	18.182	17.322	18.972	19.763	19.946	415.42	415.34
02:12:04	18.654	18.178	17.313	18.924	19.749	19.951	415.42	415.34
02:13:03	18.657	18.178	17.324	18.876	19.754	19.954	415.42	415.34
02:14:04	18.656	18.177	17.218	18.842	19.755	19.956	415.42	415.34
02:15:03	18.656	18.175	17.136	18.826	19.752	19.954	415.42	415.34
02:16:04	18.657	18.175	17.118	18.793	19.758	19.955	415.42	415.34
02:17:04	18.658	18.173	17.069	18.764	19.753	19.953	415.42	415.34
02:18:04	18.657	18.178	17.381	18.784	19.758	19.956	415.42	415.34
02:19:04	18.656	18.175	17.472	18.876	19.747	19.949	415.42	415.34
02:20:04	18.654	18.177	17.599	18.955	19.752	19.949	415.42	415.34
02:21:03	18.657	18.177	17.724	19.024	19.759	19.954	415.42	415.34
02:22:04	18.654	18.177	17.804	19.096	19.758	19.955	415.42	415.34
02:23:03	18.653	18.177	17.828	19.152	19.749	19.955	415.42	415.34
02:24:04	18.654	18.175	17.883	19.208	19.757	19.954	415.42	415.34
02:25:03	18.656	18.174	17.966	19.258	19.746	19.954	415.42	0.0
02:26:04	18.658	18.174	18.001	19.315	19.756	19.948	415.42	415.34
02:27:04	18.659	18.176	18.016	19.351	19.757	19.949	415.42	415.34
02:28:03	18.658	18.176	17.972	19.326	19.761	19.958	415.42	415.34
02:29:03	18.659	18.176	17.921	19.264	19.762	19.954	415.42	415.34
02:30:04	18.657	18.178	17.803	19.227	19.758	19.953	415.42	415.34
02:31:04	18.656	18.181	17.697	19.173	19.756	19.961	415.42	415.34
02:32:04	18.652	18.182	17.421	19.072	19.756	19.955	415.42	415.34
02:33:03	18.655	18.183	17.415	19.003	19.761	19.954	415.42	415.34
02:34:03	18.655	18.181	17.318	18.946	19.756	19.959	415.42	415.34
02:35:04	18.651	18.179	17.236	18.904	19.758	19.949	415.42	415.34
02:36:04	18.649	18.177	17.309	18.835	19.752	19.952	415.42	415.34
02:37:04	18.653	18.176	17.228	18.817	19.745	19.947	415.42	415.34
02:38:04	18.654	18.177	17.185	18.814	19.746	19.962	415.42	415.34
02:39:03	18.649	18.177	17.135	18.792	19.753	19.959	415.42	415.34
02:40:04	18.65	18.179	17.029	18.731	19.755	19.949	415.42	415.34
02:41:04	18.649	18.179	17.114	18.7	19.757	19.959	415.42	415.34
02:42:04	18.65	18.179	17.237	18.774	19.753	19.96	415.42	415.34
02:43:03	18.651	18.181	17.394	18.885	19.756	19.952	415.42	415.34
02:44:04	18.65	18.181	17.514	18.959	19.76	19.956	415.42	415.34
02:45:04	18.652	18.182	17.627	19.033	19.762	19.966	415.42	415.34
02:46:04	18.649	18.182	17.693	19.088	19.764	19.957	415.42	415.34
02:47:04	18.65	18.18	17.796	19.142	19.758	19.95	415.42	415.34
02:48:04	18.651	18.183	17.867	19.187	19.76	19.955	415.42	415.34
02:49:04	18.65	18.181	17.936	19.24	19.756	19.952	415.42	415.34
02:50:04	18.649	18.182	17.976	19.286	19.756	19.952	415.42	415.34
02:51:03	18.652	18.181	17.938	19.303	19.762	19.954	415.42	415.34
02:52:04	18.653	18.181	17.844	19.25	19.761	19.948	415.42	415.34
02:53:04	18.653	18.184	17.824	19.193	19.757	19.949	415.42	415.34
02:54:04	18.651	18.182	17.767	19.146	19.759	19.952	415.42	415.34
02:55:04	18.65	18.183	17.564	19.081	19.766	19.961	415.42	415.34
02:56:04	18.65	18.182	17.364	18.977	19.761	19.966	415.42	415.34
02:57:03	18.653	18.182	17.231	18.89	19.76	19.967	415.42	415.34
02:58:04	18.652	18.182	17.165	18.86	19.761	19.971	415.42	415.34
02:59:04	18.646	18.183	17.19	18.791	19.761	19.976	415.42	415.34
03:00:04	18.646	18.183	17.122	18.79	19.751	19.963	415.42	415.34
03:01:04	18.652	18.182	17.057	18.784	19.754	19.952	415.42	415.34
03:02:04	18.652	18.184	17.112	18.762	19.76	19.953	415.42	415.34
03:03:03	18.651	18.185	17.104	18.676	19.758	19.953	415.42	415.34
03:04:04	18.651	18.183	17.144	18.706	19.754	19.959	415.42	415.34
03:05:04	18.65	18.179	17.307	18.737	19.751	19.959	415.42	415.34
03:06:04	18.648	18.176	17.389	18.796	19.752	19.95	415.42	415.34
03:07:04	0.0	18.176	17.494	18.884	0.0	19.961	415.42	415.34
03:08:04	18.643	18.174	17.607	18.948	19.75	19.95	415.42	415.34
03:09:04	0.0	18.174	17.608	19.01	19.749	19.947	415.42	415.34
03:10:04	18.643	18.174	17.738	19.075	19.744	19.949	415.42	415.34
03:11:04	18.643	18.175	17.808	19.141	19.761	19.953	415.42	415.34
03:12:04	18.643	18.174	17.87	19.197	19.766	19.962	415.42	415.34
03:13:04	18.641	18.176	17.945	19.251	19.749	19.957	415.42	415.34
03:14:04	18.645	18.178	17.98	19.307	19.747	19.958	415.42	415.34
03:15:04	18.65	18.18	17.93	19.332	19.757	19.956	415.42	415.34
03:16:04	18.651	18.185	17.858	19.279	19.77	19.95	415.42	415.34
03:17:04	18.651	18.188	17.877	19.239	19.768	19.961	415.42	415.34
03:18:04	18.65	18.191	17.794	19.184	19.767	19.957	415.42	415.34
03:19:04	18.649	18.192	17.595	19.121	19.777	19.963	415.42	415.34
03:20:04	18.647	18.191	17.461	19.006	19.773	19.953	415.42	415.34
03:21:04	18.647	18.19	17.511	18.968	19.772	19.968	415.42	415.34
03:22:04	18.646	18.188	17.486	18.928	19.762	19.961	415.42	415.34
03:23:03	18.645	18.185	17.315	18.87	19.762	19.957	415.42	415.34
03:24:04	18.646	18.188	17.283	18.86	19.766	19.963	415.42	415.34
03:25:04	18.645	18.186	17.315	18.846	19.766	19.967	415.42	415.34
03:26:04	18.643	18.187	17.459	18.828	19.759	19.964	415.42	415.34
03:27:03	18.644	18.187	17.261	18.826	19.76	19.959	415.42	415.34
03:28:04	18.647	18.187	17.159	18.793	19.766	19.956	415.42	415.34
03:29:03	18.649	18.186	17.186	18.774	19.757	19.955	415.42	415.34
03:30:04	18.648	18.185	17.125	18.767	19.757	19.958	415.42	415.34
03:31:04	18.648	18.183	17.297	18.784	19.768	19.958	415.42	415.34
03:32:04	18.646	18.185	17.484	18.881	19.769	19.958	415.42	415.34
03:33:04	18.646	18.185	17.582	18.969	19.762	19.968	415.42	415.34
03:34:04	18.644	18.185	17.7	19.022	19.763	19.964	415.42	415.34
03:35:04	18.647	18.184	17.766	19.075	19.759	19.973	415.42	415.34
03:36:04	18.646	18.184	17.822	19.13	19.759	19.965	415.42	415.34
03:37:03	18.647	18.184	17.874	19.184	19.76	19.96	415.42	415.34
03:38:04	18.649	18.183	17.946	19.23	19.764	19.955	415.42	415.34
03:39:04	18.649	18.182	18.005	19.272	19.751	19.96	415.42	415.34
03:40:05	18.651	18.18	17.987	19.313	19.758	19.969	415.42	415.34
03:41:03	18.649	18.183	17.931	19.298	19.754	19.961	415.42	415.34
03:42:04	18.647	18.183	17.909	19.248	19.761	19.957	415.42	415.34
03:43:04	18.649	18.182	17.873	19.202	19.756	19.952	415.42	415.34
03:44:04	18.647	18.182	17.793	19.151	19.759	19.955	415.42	415.34
03:45:03	18.647	18.181	17.556	19.044	19.758	19.96	415.42	415.34
03:46:04	18.645	18.18	17.545	18.985	19.756	19.96	415.42	415.34
03:47:04	18.647	18.178	17.483	18.905	19.762	19.961	415.42	415.34
03:48:04	18.645	18.178	17.229	18.868	19.762	19.958	415.42	415.34
03:49:05	18.647	18.178	17.272	18.843	19.764	19.958	415.42	415.34
03:50:04	18.649	18.178	17.216	18.816	19.752	19.961	415.42	415.34
03:51:04	18.648	18.18	17.258	18.772	19.756	19.954	415.42	415.34
03:52:04	18.648	18.183	17.194	18.766	19.759	19.951	415.42	415.34
03:53:03	18.647	18.182	17.136	18.757	19.755	19.953	415.42	415.34
03:54:04	18.647	18.18	17.047	18.719	19.753	19.954	415.42	415.34
03:55:04	18.648	18.179	17.243	18.738	19.753	19.946	415.42	415.34
03:56:04	18.649	18.18	17.439	18.832	19.759	19.949	415.42	415.34
03:57:03	18.652	18.18	17.538	18.92	19.758	19.947	415.42	415.34
03:58:05	18.652	18.182	17.579	18.981	19.758	19.949	415.42	415.34
03:59:04	18.65	18.182	17.669	19.041	19.757	19.95	415.42	415.34
04:00:04	18.651	18.182	17.774	19.091	19.756	19.949	415.42	415.34
04:01:04	18.649	18.184	17.809	19.142	19.766	19.965	415.42	415.34
04:02:04	18.652	18.185	17.885	19.193	19.765	19.969	415.42	415.34
04:03:03	18.652	18.184	17.94	19.248	19.758	19.962	415.42	415.34
04:04:04	18.651	18.184	17.979	19.295	19.761	19.961	415.42	415.34
04:05:04	18.65	18.184	17.934	19.324	19.752	19.965	415.42	415.34
04:06:04	18.649	18.183	17.923	19.277	19.76	19.962	415.42	415.34
04:07:05	18.65	18.182	17.908	19.223	19.759	19.96	415.42	415.34
04:08:04	18.649	18.181	17.838	19.168	19.758	19.954	415.42	415.34
04:09:04	18.649	18.181	17.717	19.111	19.758	19.95	415.42	415.34
04:10:04	18.644	18.182	17.549	19.015	19.762	19.952	415.42	415.34
04:11:04	18.647	18.183	17.305	18.935	19.751	19.949	415.42	415.34
04:12:04	18.642	18.183	17.228	18.867	19.766	19.96	415.42	415.34
04:13:04	18.641	18.18	17.182	18.801	19.767	19.945	415.42	415.34
04:14:04	18.64	18.179	17.052	18.774	19.754	19.954	415.42	415.34
04:15:04	18.644	18.18	17.07	18.761	19.759	19.956	415.42	415.34
04:16:04	18.646	18.182	17.192	18.747	19.758	19.965	415.42	415.34
04:17:04	18.645	18.184	17.134	18.718	19.753	19.96	415.42	415.34
04:18:04	18.647	18.182	17.278	18.747	19.756	19.951	415.42	415.34
04:19:04	18.645	18.181	17.475	18.863	19.76	19.949	415.42	415.34
04:20:04	18.646	18.179	17.601	18.938	19.757	19.944	415.42	415.34
04:21:04	18.644	18.177	17.666	19.001	19.759	19.956	415.42	415.34
04:22:04	18.647	18.179	17.728	19.069	19.76	19.964	415.42	415.34
04:23:03	18.651	18.182	17.781	19.137	19.763	19.956	415.42	415.34
04:24:04	18.65	18.185	17.867	19.206	19.758	19.961	415.42	415.34
04:25:04	18.649	18.184	17.95	19.254	19.753	19.955	415.42	415.34
04:26:04	18.647	18.184	17.917	19.289	19.764	19.956	415.42	415.34
04:27:04	18.645	18.187	17.822	19.246	19.764	19.96	415.42	415.34
04:28:04	18.644	18.185	17.807	19.195	19.765	19.958	415.42	415.34
04:29:04	18.641	18.188	17.709	19.13	19.77	19.968	415.42	415.34
04:30:04	18.645	18.186	17.597	19.074	19.769	19.958	415.42	415.34
04:31:04	18.645	18.185	17.41	18.985	19.763	19.961	415.42	415.34
04:32:04	18.643	18.182	17.327	18.936	19.763	19.963	415.42	415.34
04:33:04	0.0	18.179	17.288	18.867	19.752	19.956	415.42	415.34
04:34:04	18.643	18.177	17.2	18.814	19.754	19.964	415.42	415.34
04:35:04	18.643	18.175	17.183	18.797	19.758	19.949	415.42	415.34
04:36:04	18.643	18.173	17.08	18.772	19.752	19.947	415.42	415.34
04:37:04	18.643	18.172	17.052	18.736	19.75	19.948	415.42	415.34
04:38:04	18.638	18.17	16.954	18.735	19.747	19.95	415.42	415.34
04:39:04	18.639	18.17	17.023	18.694	19.745	19.947	415.42	415.34
04:40:04	18.638	18.169	17.296	18.784	19.745	19.944	415.42	415.34
04:41:04	18.639	18.168	17.43	18.87	19.746	19.944	415.42	415.34
04:42:04	18.641	18.165	17.545	18.952	19.74	19.936	415.42	415.34
04:43:04	18.639	18.165	17.625	19.02	19.746	19.945	415.42	415.34
04:44:04	18.644	18.167	17.674	19.066	19.743	19.945	415.42	415.34
04:45:04	18.643	18.166	17.742	19.117	19.736	19.944	415.42	415.34
04:46:04	18.645	18.167	17.829	19.18	19.743	19.951	415.42	415.34
04:47:04	18.647	18.167	17.891	19.234	19.737	19.949	415.42	415.34
04:48:04	18.646	18.167	17.963	19.286	19.734	19.941	415.42	415.34
04:49:04	18.647	18.168	17.884	19.279	19.747	19.941	415.42	415.34
04:50:04	18.643	18.166	17.749	19.22	19.743	19.94	415.42	415.34
04:51:04	18.643	18.166	17.8	19.181	19.744	19.95	415.42	415.34
04:52:04	18.642	18.166	17.713	19.125	19.743	19.942	415.42	415.34
04:53:04	18.642	18.167	17.456	19.028	19.743	19.944	415.42	415.34
04:54:04	18.641	18.167	17.348	18.97	19.748	19.936	415.42	415.34
04:55:04	18.644	18.167	17.287	18.895	19.745	19.934	415.42	415.34
04:56:04	18.644	18.166	17.249	18.824	19.748	19.94	415.42	415.34
04:57:05	18.639	18.165	17.173	18.787	19.742	19.941	415.42	415.34
04:58:04	18.637	18.166	17.077	18.784	19.74	19.933	415.42	415.34
04:59:04	18.64	18.165	17.126	18.766	19.737	19.943	415.42	415.34
05:00:04	18.64	18.164	17.128	18.764	19.743	19.946	415.42	415.34
05:01:04	18.642	18.165	17.024	18.722	19.741	19.941	415.42	415.34
05:02:04	18.642	18.167	16.993	18.689	19.748	19.95	415.42	415.34
05:03:04	18.643	18.167	17.261	18.723	19.74	19.945	415.42	415.34
05:04:04	18.645	18.167	17.397	18.816	19.733	19.94	415.42	415.34
05:05:03	18.641	18.167	17.479	18.902	19.739	19.94	415.42	415.34
05:06:04	18.642	18.167	17.569	18.958	19.74	19.949	415.42	415.34
05:07:04	18.643	18.167	17.697	19.033	19.734	19.945	415.42	415.34
05:08:04	18.644	18.167	17.728	19.078	19.745	19.934	415.42	415.34
05:09:04	18.642	18.165	17.778	19.135	19.74	19.931	415.42	415.34
05:10:04	18.642	18.164	17.87	19.188	19.741	19.936	415.42	415.34
05:11:04	18.641	18.166	17.927	19.242	19.739	19.93	415.42	415.34
05:12:04	18.642	18.167	17.991	19.282	19.75	19.939	415.42	415.34
05:13:04	18.639	18.167	18.044	19.325	19.741	19.93	415.42	415.34
05:14:04	18.641	18.166	17.931	19.331	19.74	19.943	415.42	415.34
05:15:04	18.639	18.165	17.877	19.275	19.737	19.945	415.42	415.34
05:16:04	18.641	18.166	17.862	19.225	19.737	19.933	415.42	415.34
05:17:04	18.636	18.166	17.689	19.145	19.749	19.932	415.42	415.34
05:18:04	18.637	18.165	17.41	18.99	19.746	19.948	415.42	415.34
05:19:04	18.637	18.165	17.25	18.798	19.742	19.948	415.42	415.34
05:20:05	18.639	18.163	17.202	18.658	19.744	19.945	415.42	415.34
05:21:04	18.638	18.162	17.347	18.634	19.746	19.937	415.42	415.34
05:22:04	18.636	18.164	17.43	18.66	19.741	19.935	415.42	415.34
05:23:04	18.629	18.161	17.572	18.749	19.74	19.94	415.42	415.34
05:24:04	18.63	18.16	17.688	18.872	19.738	19.946	415.42	415.34
05:25:04	18.627	18.159	17.787	18.995	19.731	19.944	415.42	415.34
05:26:04	18.631	18.157	17.871	19.099	19.732	19.933	415.42	415.34
05:27:04	18.633	18.158	17.955	19.182	19.733	19.938	415.42	415.34
05:28:04	18.634	18.157	18.008	19.256	19.73	19.942	415.42	415.34
05:29:04	18.636	18.157	18.063	19.306	19.736	19.928	415.42	415.34
05:30:04	18.636	18.157	18.062	19.34	19.734	19.925	415.42	415.34
05:31:04	18.637	18.158	17.997	19.303	19.733	19.936	415.42	415.34
05:32:04	18.639	18.159	17.924	19.244	19.739	19.933	415.42	415.34
05:33:04	18.637	18.16	17.893	19.21	19.74	19.937	415.42	415.34
05:34:04	18.635	18.162	17.799	19.149	19.733	19.938	415.42	415.34
05:35:04	18.631	18.163	17.604	19.051	19.738	19.931	415.42	415.34
05:36:04	18.633	18.16	17.464	18.959	19.734	19.938	415.42	415.34
05:37:04	18.636	18.16	17.375	18.871	19.735	19.935	415.42	415.34
05:38:04	18.639	18.158	17.252	18.829	19.738	19.939	415.42	415.34
05:39:04	18.637	18.157	17.249	18.788	19.728	19.937	415.42	415.34
05:40:04	18.636	18.157	17.3	18.762	19.728	19.939	415.42	415.34
05:41:05	18.634	18.156	17.471	18.805	19.726	19.929	415.42	415.34
05:42:04	0.0	18.155	17.629	18.904	19.725	19.927	415.42	415.34
05:43:04	18.635	18.155	17.682	18.977	19.729	19.928	415.42	415.34
05:44:04	18.633	18.156	17.762	19.052	19.731	19.928	415.42	415.34
05:45:04	18.631	18.157	17.839	19.113	19.742	19.934	415.42	415.34
05:46:04	18.632	18.157	17.906	19.175	19.735	19.935	415.42	415.34
05:47:04	18.63	18.158	17.988	19.23	19.737	19.939	415.42	415.34
05:48:04	18.629	18.157	18.038	19.288	19.729	19.938	415.42	415.34
05:49:04	18.631	18.157	17.941	19.299	19.733	19.931	415.42	415.34
05:50:04	18.634	18.158	17.902	19.244	19.733	19.929	415.42	415.34
05:51:04	18.636	18.158	17.909	19.205	19.735	19.931	415.42	0.0
05:52:04	18.636	18.158	17.726	19.116	19.73	19.938	415.42	415.34
05:53:04	18.636	18.156	17.472	19.051	19.73	19.934	415.42	415.34
05:54:04	18.633	18.156	17.326	18.949	19.728	19.94	415.42	415.34
05:55:04	18.63	18.155	17.256	18.902	19.733	19.934	415.42	415.34
05:56:04	18.629	18.158	17.3	18.838	19.729	19.928	415.42	415.34
05:57:04	18.631	18.155	17.493	18.904	19.727	19.938	415.42	415.34
05:58:04	18.633	18.155	17.662	18.991	19.723	19.932	415.42	415.34
05:59:03	18.634	18.155	17.757	19.069	19.731	19.931	415.42	415.34
06:00:04	18.634	18.157	17.866	19.153	19.727	19.924	415.42	415.34
06:01:04	18.634	18.156	17.974	19.238	19.734	19.929	415.42	415.34
06:02:04	18.631	18.158	18.047	19.304	19.74	19.927	415.42	415.34
06:03:04	18.631	18.157	18.111	19.358	19.734	19.928	415.42	415.34
06:04:04	18.627	18.156	18.148	19.405	19.742	19.934	415.42	415.34
06:05:04	18.628	18.155	18.206	19.438	19.739	19.939	415.42	415.34
06:06:04	18.63	18.156	18.212	19.474	19.731	19.933	415.42	415.34
06:07:04	18.631	18.155	18.111	19.445	19.73	19.933	415.42	415.34
06:08:04	18.632	18.155	18.116	19.375	19.738	19.928	415.42	415.34
06:09:04	18.626	18.153	18.055	19.328	19.733	19.926	415.42	415.34
06:10:04	18.624	18.153	17.903	19.255	19.726	19.934	415.42	415.34
06:11:04	18.622	18.154	17.698	19.163	19.721	19.93	415.42	415.34
06:12:04	18.622	18.153	17.499	19.04	19.731	19.933	415.42	415.34
06:13:03	18.627	18.154	17.349	18.958	19.732	19.93	415.42	415.34
06:14:04	18.628	18.157	17.276	18.891	19.727	19.932	415.42	415.34
06:15:04	18.627	18.157	17.161	18.845	19.732	19.935	415.42	415.34
06:16:04	18.625	18.158	17.297	18.821	19.731	19.943	415.42	415.34
06:17:04	18.626	18.158	17.138	18.751	19.735	19.938	415.42	415.34
06:18:04	18.625	18.159	17.064	18.621	19.742	19.937	415.42	415.34
06:19:04	18.626	18.158	17.109	18.715	19.729	19.929	415.42	415.34
06:20:04	18.626	18.157	17.224	18.738	19.733	19.925	415.42	415.34
06:21:04	18.626	18.155	17.31	18.767	19.723	19.927	415.42	415.34
06:22:04	18.626	18.158	17.449	18.879	19.736	19.927	415.42	415.34
06:23:04	18.629	18.159	17.66	18.979	19.73	19.922	415.42	415.34
06:24:04	18.628	18.16	17.68	19.03	19.73	19.927	415.42	415.34
06:25:04	18.63	18.159	17.706	19.091	19.73	19.927	415.42	415.34
06:26:04	18.629	18.159	17.79	19.145	19.734	19.927	415.42	415.34
06:27:04	18.629	18.159	17.874	19.209	19.732	19.927	415.42	415.34
06:28:04	18.626	18.159	17.932	19.251	19.734	19.93	415.42	415.34
06:29:03	18.627	18.16	18.0	19.294	19.726	19.926	415.42	415.34
06:30:04	18.628	18.16	17.996	19.331	19.733	19.926	415.42	415.34
06:31:04	18.628	18.161	17.922	19.287	19.738	19.93	415.42	415.34
06:32:04	18.629	18.162	17.834	19.217	19.737	19.934	415.42	415.34
06:33:04	18.628	18.161	17.802	19.184	19.731	19.926	415.42	415.34
06:34:04	18.626	18.161	17.587	19.119	19.731	19.937	415.42	415.34
06:35:04	18.628	18.158	17.497	19.038	19.728	19.929	415.42	415.34
06:36:04	18.628	18.159	17.444	18.96	19.728	19.932	415.42	415.34
06:37:04	18.63	18.157	17.376	18.909	19.732	19.926	415.42	415.34
06:38:04	18.632	18.159	17.336	18.868	19.733	19.93	415.42	415.34
06:39:04	18.631	18.158	17.3	18.84	19.727	19.929	415.42	415.34
06:40:05	18.629	18.158	17.255	18.81	19.733	19.927	415.42	415.34
06:41:04	0.0	18.158	17.165	18.783	19.729	19.924	415.42	415.34
06:42:04	18.629	18.158	17.106	18.737	19.727	19.927	415.42	415.34
06:43:04	18.631	18.157	17.076	18.725	19.725	19.923	415.42	415.34
06:44:04	18.631	18.156	17.165	18.712	19.723	19.919	415.42	415.34
06:45:04	18.63	18.155	17.445	18.807	19.727	19.92	415.42	415.34
06:46:04	18.63	18.158	17.56	18.907	19.731	19.924	415.42	415.34
06:47:04	18.631	18.157	17.638	18.955	19.718	19.918	415.42	415.34
06:48:04	18.632	18.157	17.669	19.04	19.725	19.915	415.42	415.34
06:49:04	18.63	18.158	17.773	19.102	19.728	19.923	415.42	415.34
06:50:04	18.632	18.16	17.87	19.157	19.731	19.933	415.42	415.34
06:51:04	18.634	18.161	17.898	19.196	19.732	19.932	415.42	415.34
06:52:04	18.633	18.161	17.966	19.237	19.732	19.926	415.42	415.34
06:53:04	18.63	18.16	18.015	19.288	19.735	19.919	415.42	415.34
06:54:04	18.63	18.16	18.062	19.328	19.733	19.935	415.42	415.34
06:55:04	18.631	18.159	18.041	19.355	19.729	19.926	415.42	415.34
06:56:04	18.631	18.157	18.005	19.305	19.721	19.932	415.42	415.34
06:57:04	18.629	18.157	17.872	19.213	19.726	19.922	415.42	415.34
06:58:04	18.631	18.156	17.791	19.17	19.722	19.924	415.42	415.34
06:59:04	0.0	18.158	17.539	19.087	19.724	19.917	415.42	415.34
07:00:04	18.632	18.157	17.476	18.984	19.724	19.927	415.42	415.34
07:01:04	18.632	18.159	17.247	18.894	19.724	19.93	415.42	415.34
07:02:04	18.631	18.161	17.112	18.844	19.726	19.932	415.42	415.34
07:03:04	18.632	18.162	16.997	18.805	19.734	19.929	415.42	415.34
07:04:04	18.631	18.165	17.05	18.759	19.732	19.934	415.42	415.34
07:05:04	18.634	18.165	17.184	18.755	19.726	19.936	415.42	415.34
07:06:04	18.634	18.164	17.107	18.746	19.728	19.94	415.42	415.34
07:07:04	18.628	18.161	17.208	18.752	19.723	19.928	415.42	415.34
07:08:04	18.628	18.162	17.475	18.809	19.73	19.931	415.42	415.34
07:09:04	18.625	18.159	17.524	18.895	19.726	19.927	415.42	415.34
07:10:04	18.625	18.16	17.609	18.952	19.729	19.932	415.42	415.34
07:11:04	18.622	18.159	17.665	19.009	19.735	19.928	415.42	415.34
07:12:04	18.623	18.156	17.747	19.065	19.731	19.913	415.42	415.34
07:13:04	18.622	18.155	17.813	19.123	19.721	19.92	415.42	415.34
07:14:04	18.621	18.152	17.902	19.182	19.729	19.922	415.42	415.34
07:15:04	18.623	18.152	17.968	19.247	19.712	19.919	415.42	415.34
07:16:04	18.624	18.153	18.015	19.289	19.716	19.916	415.42	415.34
07:17:04	18.626	18.151	18.013	19.33	19.717	19.919	415.42	415.34
07:18:04	18.626	18.154	17.924	19.292	19.719	19.92	415.42	415.34
07:19:04	18.628	18.152	17.883	19.242	19.724	19.917	415.42	415.34
07:20:04	18.624	18.153	17.736	19.147	19.717	19.917	415.42	415.34
07:21:04	18.625	18.154	17.626	19.102	19.711	19.923	415.42	415.34
07:22:04	18.623	18.154	17.367	19.002	19.721	19.914	415.42	415.34
07:23:04	18.623	18.154	17.223	18.903	19.718	19.924	415.42	415.34
07:24:04	18.623	18.153	17.204	18.843	19.711	19.917	415.42	415.34
07:25:04	18.622	18.153	17.117	18.792	19.715	19.926	415.42	415.34
07:26:04	18.623	18.154	17.025	18.752	19.717	19.921	415.42	415.34
07:27:04	18.626	18.153	16.984	18.712	19.72	19.921	415.42	415.34
07:28:04	18.627	18.153	17.231	18.758	19.724	19.916	415.42	415.34
07:29:04	18.629	18.153	17.42	18.851	19.724	19.922	415.42	415.34
07:30:04	18.627	18.156	17.521	18.938	19.717	19.919	415.42	415.34
07:31:04	18.628	18.154	17.624	18.994	19.715	19.911	415.42	415.34
07:32:04	18.625	18.154	17.705	19.06	19.726	19.914	415.42	415.34
07:33:04	18.622	18.152	17.805	19.118	19.724	19.915	415.42	415.34
07:34:04	18.622	18.153	17.867	19.175	19.723	19.913	415.42	415.34
07:35:04	18.616	18.153	17.925	19.225	19.708	19.91	415.42	415.34
07:36:04	18.62	18.153	18.006	19.279	19.71	19.916	415.42	415.34
07:37:04	18.621	18.152	17.961	19.311	19.716	19.918	415.42	415.34
07:38:04	18.623	18.153	17.869	19.262	19.707	19.911	415.42	415.34
07:39:04	18.624	18.153	17.809	19.205	19.721	19.923	415.42	415.34
07:40:04	18.624	18.154	17.807	19.163	19.721	19.92	415.42	415.34
07:41:04	18.624	18.155	17.609	19.094	19.716	19.916	415.42	415.34
07:42:04	18.623	18.155	17.452	19.001	19.716	19.916	415.42	415.34
07:43:04	18.622	18.154	17.311	18.923	19.704	19.914	415.42	415.34
07:44:04	18.623	18.155	17.282	18.846	19.722	19.914	415.42	415.34
07:45:04	18.623	18.153	17.239	18.812	19.719	19.918	415.42	415.34
07:46:04	18.622	18.154	17.213	18.801	19.722	19.91	415.42	415.34
07:47:04	18.624	18.154	17.194	18.762	19.706	19.916	415.42	415.34
07:48:04	18.623	18.154	17.307	18.742	19.717	19.91	415.42	415.34
07:49:04	18.622	18.152	17.42	18.806	19.712	19.91	415.42	415.34
07:50:04	18.624	18.153	17.579	18.907	19.723	19.92	415.42	415.34
07:51:04	18.625	18.153	17.622	18.962	19.71	19.915	415.42	415.34
07:52:04	18.627	18.154	17.714	19.038	19.718	19.917	415.42	415.34
07:53:04	18.626	18.154	17.837	19.102	19.716	19.923	415.42	415.34
07:54:04	18.627	18.156	17.904	19.171	19.726	19.924	415.42	415.34
07:55:04	18.628	18.155	17.963	19.23	19.721	19.922	415.42	415.34
07:56:04	18.628	18.154	18.03	19.291	19.719	19.917	415.42	415.34
07:57:04	18.628	18.155	18.076	19.332	19.726	19.914	415.42	415.34
07:58:04	18.627	18.155	18.113	19.371	19.72	19.908	415.42	415.34
07:59:04	18.629	18.155	18.143	19.4	19.727	19.92	415.42	415.34
08:00:04	18.628	18.156	18.161	19.426	19.718	19.917	415.42	415.34
08:01:04	18.628	18.154	18.002	19.392	19.715	19.915	415.42	415.34
08:02:04	18.624	18.153	18.053	19.32	19.719	19.922	415.42	415.34
08:03:04	18.626	18.156	18.039	19.261	19.723	19.912	415.42	415.34
08:04:04	18.628	18.154	17.9	19.175	19.726	19.921	415.42	415.34
08:05:04	18.628	18.154	17.648	19.08	19.725	19.92	415.42	415.34
08:06:04	18.625	18.154	17.511	19.006	19.724	19.918	415.42	415.34
08:07:04	18.624	18.152	17.527	18.933	19.721	19.923	415.42	415.34
08:08:04	18.624	18.151	17.418	18.88	19.719	19.912	415.42	415.34
08:09:04	18.622	18.151	17.275	18.85	19.714	19.918	415.42	415.34
08:10:04	18.62	18.152	17.162	18.81	19.711	19.902	415.42	415.34
08:11:04	18.621	18.151	17.258	18.774	19.709	19.907	415.42	415.34
08:12:04	18.62	18.15	17.342	18.763	19.714	19.908	415.42	415.34
08:13:04	18.619	18.148	17.512	18.839	19.717	19.905	415.42	415.34
08:14:04	18.619	18.147	17.628	18.929	19.712	19.913	415.42	415.34
08:15:04	18.618	18.148	17.719	19.003	19.703	19.908	415.42	415.34
08:16:04	18.62	18.148	17.781	19.063	19.711	19.907	415.42	415.34
08:17:04	18.62	18.147	17.863	19.108	19.712	19.911	415.42	415.34
08:18:04	18.62	18.147	17.917	19.166	19.713	19.914	415.42	415.34
08:19:04	18.62	18.15	17.991	19.213	19.71	19.92	415.42	415.34
08:20:04	18.621	18.15	18.031	19.266	19.716	19.915	415.42	415.34
08:21:04	18.621	18.151	18.071	19.302	19.717	19.914	415.42	415.34
08:22:04	18.622	18.15	18.126	19.352	19.719	19.917	415.42	415.34
08:23:04	18.619	18.152	18.165	19.383	19.722	19.922	415.42	415.34
08:24:04	18.617	18.152	18.201	19.416	19.724	19.925	415.42	415.34
08:25:04	18.618	18.152	18.244	19.439	19.724	19.913	415.42	415.34
08:26:04	18.618	18.152	18.275	19.464	19.716	19.911	415.42	415.34
08:27:04	18.618	18.155	18.216	19.462	19.726	19.921	415.42	415.34
08:28:04	18.618	18.156	18.075	19.392	19.731	19.918	415.42	415.34
08:29:04	18.62	18.155	17.994	19.311	19.724	19.918	415.42	415.34
08:30:04	18.621	18.153	17.838	19.206	19.725	19.903	415.42	415.34
08:31:04	18.619	18.156	17.581	19.051	19.729	19.907	415.42	415.34
08:32:04	18.615	18.156	17.42	18.904	19.722	19.909	415.42	415.34
08:33:04	18.616	18.155	17.311	18.748	19.719	19.905	415.42	415.34
08:34:04	18.617	18.155	17.368	18.649	19.715	19.91	415.42	415.34
08:35:04	18.62	18.155	17.462	18.644	19.717	19.912	415.42	415.34
08:36:04	18.621	18.155	17.527	18.664	19.714	19.902	415.42	415.34
08:37:04	18.622	18.156	17.642	18.739	19.723	19.909	415.42	415.34
08:38:04	18.622	18.157	17.751	18.861	19.716	19.913	415.42	415.34
08:39:04	18.622	18.155	17.852	18.978	19.713	19.905	415.42	415.34
08:40:04	18.623	18.154	17.936	19.089	19.715	19.911	415.42	415.34
08:41:04	18.621	18.155	18.022	19.177	19.711	19.913	415.42	415.34
08:42:04	18.621	18.155	18.078	19.251	19.71	19.909	415.42	415.34
08:43:04	18.623	18.152	18.122	19.31	19.715	19.907	415.42	415.34
08:44:04	18.622	18.152	18.163	19.354	19.709	19.915	415.42	415.34
08:45:04	18.62	18.152	18.203	19.387	19.706	19.906	415.42	415.34
08:46:04	18.621	18.151	18.184	19.413	19.718	19.915	415.42	415.34
08:47:04	18.618	18.152	18.152	19.398	19.721	19.913	415.42	415.34
08:48:04	18.619	18.153	18.156	19.356	19.712	19.915	415.42	415.34
08:49:04	18.619	18.153	18.123	19.328	19.711	19.908	415.42	415.34
08:50:04	18.62	18.155	18.04	19.283	19.711	19.916	415.42	415.34
08:51:04	18.622	18.155	17.962	19.212	19.711	19.908	415.42	415.34
08:52:04	18.623	18.157	17.935	19.148	19.708	19.907	415.42	415.34
08:53:04	18.623	18.159	17.869	19.101	19.712	19.907	415.42	415.34
08:54:04	18.626	18.159	17.843	19.063	19.708	19.915	415.42	415.34
08:55:04	18.624	18.16	17.783	19.032	19.716	19.916	415.42	415.34
08:56:04	18.623	18.16	17.873	19.016	19.719	19.911	415.42	415.34
08:57:04	18.622	18.158	17.975	19.05	19.715	19.908	415.42	415.34
08:58:04	18.62	18.159	18.04	19.097	19.721	19.912	415.42	415.34
08:59:04	18.62	18.159	18.047	19.152	19.719	19.915	415.42	415.34
09:00:04	18.622	18.162	18.073	19.196	19.716	19.919	415.42	415.34
09:01:04	0.0	18.164	18.113	19.244	19.722	19.915	415.42	415.34
09:02:04	18.623	18.163	18.162	19.28	19.712	19.912	415.42	415.34
09:03:04	18.624	18.162	18.219	19.321	19.727	19.917	415.42	415.34
09:04:04	18.623	18.163	18.26	19.365	19.72	19.907	415.42	415.34
09:05:04	18.628	18.163	18.277	19.401	19.722	19.922	415.42	415.34
09:06:04	18.628	18.165	18.246	19.4	19.723	19.925	415.42	415.34
09:07:05	18.628	18.162	18.189	19.353	19.72	19.91	415.42	415.34
09:08:04	18.63	18.162	18.16	19.31	19.725	19.914	415.42	415.34
09:09:04	18.631	18.162	18.143	19.268	19.716	19.911	415.42	415.34
09:10:04	18.63	18.163	18.017	19.207	19.714	19.91	415.42	415.34
09:11:04	18.629	18.162	17.903	19.146	19.718	19.924	415.42	415.34
09:12:04	18.624	18.16	17.88	19.104	0.0	19.916	415.42	415.34
09:13:04	18.626	18.16	17.851	19.069	19.712	19.921	415.42	415.34
09:14:04	18.627	18.161	17.861	19.049	19.709	19.907	415.42	415.34
09:15:04	18.628	18.163	17.986	19.062	19.711	19.914	415.42	415.34
09:16:04	18.63	18.161	18.061	19.116	19.714	19.918	415.42	415.34
09:17:04	18.631	18.163	18.124	19.17	19.722	19.917	415.42	415.34
09:18:05	18.63	18.163	18.152	19.217	19.715	19.904	415.42	415.34
09:19:04	18.629	18.164	18.185	19.263	19.708	19.908	415.42	415.34
09:20:04	18.629	18.164	18.225	19.305	19.714	19.917	415.42	415.34
09:21:04	18.628	18.164	18.267	19.346	19.714	19.912	415.42	415.34
09:22:04	18.63	18.165	18.314	19.39	19.706	19.911	415.42	415.34
09:23:04	18.631	18.163	18.337	19.431	19.704	19.908	415.42	415.34
09:24:04	18.632	18.164	18.145	19.395	19.711	19.906	415.42	415.34
09:25:04	18.631	18.164	18.039	19.258	19.717	19.913	415.42	415.34
09:26:04	18.63	18.163	17.936	19.147	19.72	19.918	415.42	415.34
09:27:04	18.631	18.164	17.737	19.016	19.712	19.906	415.42	415.34
09:28:04	18.634	18.165	17.558	18.822	19.715	19.9	415.42	415.34
09:29:04	18.636	18.167	17.568	18.676	19.71	19.899	415.42	415.34
09:30:04	18.637	18.166	17.689	18.682	19.713	19.9	415.42	415.34
09:31:04	18.636	18.168	17.804	18.814	19.711	19.904	415.42	415.34
09:32:04	18.634	18.168	17.944	18.955	19.718	19.909	415.42	415.34
09:33:05	18.632	18.169	18.055	19.09	19.712	19.91	415.42	415.34
09:34:04	18.634	18.17	18.12	19.196	19.715	19.916	415.42	415.34
09:35:04	18.63	18.17	18.178	19.277	19.72	19.913	415.42	415.34
09:36:04	18.63	18.171	18.232	19.334	19.715	19.907	415.42	415.34
09:37:04	18.631	18.171	18.279	19.381	19.715	19.912	415.42	415.34
09:38:04	18.629	18.172	18.246	19.414	19.719	19.91	415.42	415.34
09:39:04	18.632	18.173	18.229	19.39	19.713	19.91	415.42	415.34
09:40:04	18.632	18.173	18.218	19.349	19.714	19.912	415.42	415.34
09:41:04	18.629	18.173	18.186	19.317	19.713	19.908	415.42	415.34
09:42:04	18.63	18.173	18.13	19.27	19.714	19.908	415.42	415.34
09:43:04	18.63	18.173	18.013	19.201	19.717	19.915	415.42	415.34
09:44:05	18.634	18.175	17.955	19.139	19.712	19.907	415.42	415.34
09:45:04	18.635	18.176	17.933	19.095	19.718	19.907	415.42	415.34
09:46:04	18.636	18.176	17.886	19.058	19.708	19.907	415.42	415.34
09:47:04	18.637	18.177	17.909	19.035	19.719	19.906	415.42	415.34
09:48:04	18.638	18.18	17.971	19.04	19.716	19.909	415.42	415.34
09:49:04	18.64	18.179	18.034	19.094	19.712	19.918	415.42	415.34
09:50:04	18.64	18.181	18.093	19.139	19.722	19.909	415.42	0.0
09:51:04	18.638	18.183	18.111	19.183	19.723	19.906	415.42	415.34
09:52:04	18.64	18.185	18.167	19.234	19.72	19.91	415.42	415.34
09:53:04	18.643	18.184	18.208	19.275	19.717	19.918	415.42	415.34
09:54:04	18.643	18.184	18.255	19.32	19.72	19.926	415.42	415.34
09:55:04	18.644	18.185	18.303	19.371	19.72	19.914	415.42	415.34
09:56:04	18.643	18.187	18.344	19.407	19.715	19.913	415.42	415.34
09:57:04	18.642	18.188	18.315	19.443	19.726	19.907	415.42	415.34
09:58:04	18.642	18.189	18.149	19.362	19.723	19.907	415.42	415.34
09:59:04	18.642	18.188	17.988	19.202	19.727	19.915	415.42	415.34
10:00:04	18.64	18.187	17.91	19.079	19.718	19.911	415.42	415.34
10:01:04	18.64	18.188	17.693	18.949	19.717	19.909	415.42	415.34
10:02:04	18.643	18.189	17.539	18.765	19.717	19.911	415.42	415.34
10:03:04	18.643	18.189	17.69	18.719	19.71	19.911	415.42	415.34
10:04:04	18.645	18.188	17.831	18.809	19.715	19.918	415.42	415.34
10:05:04	18.645	18.189	17.954	18.941	19.709	19.918	415.42	415.34
10:06:04	18.645	18.19	18.075	19.066	19.717	19.914	415.42	415.34
10:07:04	18.649	18.189	18.145	19.188	19.716	19.908	415.42	415.34
10:08:04	18.645	18.191	18.205	19.274	19.718	19.911	415.42	415.34
10:09:04	18.646	18.193	18.254	19.331	19.714	19.91	415.42	415.34
10:10:04	18.648	18.195	18.289	19.378	19.72	19.909	415.42	415.34
10:11:04	18.649	18.196	18.241	19.41	19.721	19.917	415.42	415.34
10:12:04	18.65	18.195	18.226	19.381	19.725	19.916	415.42	415.34
10:13:04	18.653	18.197	18.206	19.348	19.728	19.919	415.42	415.34
10:14:04	18.653	18.2	18.107	19.317	19.73	19.91	415.42	415.34
10:15:04	18.654	18.2	18.066	19.278	19.722	19.909	415.42	415.34
10:16:04	18.654	18.2	17.929	19.206	19.728	19.91	415.42	415.34
10:17:04	18.652	18.2	17.959	19.143	19.721	19.911	415.42	415.34
10:18:04	18.65	18.2	18.002	19.104	19.713	19.91	415.42	415.34
10:19:04	18.651	18.2	17.947	19.081	19.713	19.909	415.42	415.34
10:20:04	18.65	18.198	17.924	19.057	19.717	19.912	415.42	415.34
10:21:04	18.65	18.2	17.928	19.036	19.715	19.916	415.42	415.34
10:22:04	18.652	18.199	17.984	19.034	19.713	19.909	415.42	415.34
10:23:04	18.654	18.199	18.049	19.079	19.716	19.909	415.42	415.34
10:24:04	18.654	18.199	18.101	19.129	19.711	19.908	415.42	415.34
10:25:04	18.655	18.2	18.116	19.183	19.718	19.906	415.42	415.34
10:26:04	18.656	18.202	18.178	19.249	19.716	19.904	415.42	415.34
10:27:04	18.657	18.203	18.236	19.304	19.708	19.91	415.42	415.34
10:28:04	18.659	18.204	18.289	19.346	19.721	19.921	415.42	415.34
10:29:04	18.655	18.206	18.334	19.398	19.718	19.911	415.42	415.34
10:30:04	18.656	18.207	18.351	19.438	19.719	19.906	415.42	415.34
10:31:04	18.656	18.21	18.185	19.391	19.718	19.912	415.42	415.34
10:32:04	18.657	18.212	18.035	19.262	19.714	19.905	415.42	415.34
10:33:04	18.659	18.211	17.98	19.088	19.724	19.908	415.42	415.34
10:34:04	18.66	18.211	17.849	18.981	19.72	19.92	415.42	415.34
10:35:04	18.659	18.212	17.605	18.816	19.724	19.916	415.42	415.34
10:36:04	18.66	18.212	17.671	18.708	19.721	19.911	415.42	415.34
10:37:04	18.661	18.213	17.793	18.765	19.719	19.908	415.42	415.34
10:38:04	18.662	18.213	17.918	18.882	19.727	19.915	415.42	415.34
10:39:04	18.66	18.212	18.027	19.012	19.72	19.912	415.42	415.34
10:40:04	18.661	18.212	18.119	19.141	19.711	19.903	415.42	415.34
10:41:04	18.662	18.212	18.185	19.235	19.706	19.902	415.42	415.34
10:42:04	18.664	18.214	18.238	19.301	19.714	19.905	415.42	415.34
10:43:04	18.664	18.215	18.274	19.358	19.72	19.906	415.42	415.34
10:44:04	18.665	18.215	18.313	19.397	19.713	19.907	415.42	415.34
10:45:04	18.663	18.214	18.244	19.421	19.716	19.909	415.42	415.34
10:46:04	18.663	18.214	18.223	19.397	19.715	19.912	415.42	415.34
10:47:04	18.665	18.216	18.166	19.358	19.718	19.909	415.42	415.34
10:48:04	18.665	18.215	18.123	19.321	19.713	19.91	415.42	415.34
10:49:04	18.664	18.217	18.074	19.261	19.716	19.905	415.42	415.34
10:50:07	18.666	18.219	17.991	19.196	19.723	19.898	415.42	415.34
10:51:04	18.668	18.218	17.94	19.133	19.715	19.9	415.42	415.34
10:52:04	18.668	18.22	17.885	19.086	19.715	19.896	415.42	415.34
10:53:04	18.669	18.22	17.891	19.054	19.721	19.905	415.42	415.34
10:54:04	18.67	18.22	17.899	19.029	19.719	19.906	415.42	415.34
10:55:04	18.671	18.22	17.973	19.05	19.709	19.9	415.42	415.34
10:56:04	18.671	18.221	18.038	19.107	19.712	19.901	415.42	415.34
10:57:04	18.671	18.221	18.064	19.156	19.709	19.906	415.42	415.34
10:58:04	18.671	18.221	18.126	19.206	19.718	19.902	415.42	415.34
10:59:06	18.672	18.223	18.174	19.256	19.709	19.912	415.42	415.34
11:00:04	18.672	18.223	18.23	19.299	19.716	19.913	415.42	415.34
11:01:04	18.668	18.224	18.276	19.348	19.716	19.904	415.42	415.34
11:02:04	18.67	18.223	18.322	19.394	19.713	19.898	415.42	415.34
11:03:04	18.672	18.224	18.285	19.422	19.714	19.9	415.42	415.34
11:04:04	18.67	18.225	18.175	19.356	19.714	19.907	415.42	415.34
11:05:04	18.672	18.226	18.04	19.234	19.715	19.914	415.42	415.34
11:06:04	18.673	18.226	17.823	19.077	19.71	19.912	415.42	415.34
11:07:04	18.671	18.225	17.625	18.952	19.715	19.905	415.42	415.34
11:08:04	18.673	18.227	17.418	18.764	19.716	19.907	415.42	415.34
11:09:04	18.674	18.227	17.488	18.643	19.704	19.905	415.42	415.34
11:10:04	18.673	18.227	17.664	18.693	19.707	19.903	415.42	415.34
11:11:04	18.674	18.227	17.799	18.811	19.715	19.906	415.42	415.34
11:12:04	18.673	18.229	17.923	18.941	19.713	19.91	415.42	415.34
11:13:04	18.674	18.23	18.022	19.072	19.721	19.914	415.42	415.34
11:14:04	18.674	18.23	18.103	19.173	19.721	19.916	415.42	415.34
11:15:04	18.674	18.231	18.17	19.253	19.714	19.924	415.42	415.34
11:16:04	18.675	18.233	18.216	19.319	19.711	19.914	415.42	415.34
11:17:04	18.675	18.234	18.26	19.366	19.713	19.923	415.42	415.34
11:18:04	18.675	18.234	18.259	19.398	19.715	19.911	415.42	415.34
11:19:04	18.674	18.235	18.18	19.404	19.713	19.905	415.42	415.34
11:20:04	18.676	18.236	18.157	19.357	19.71	19.911	415.42	415.34
11:21:04	18.676	18.234	18.159	19.315	19.717	19.913	415.42	415.34
11:22:04	18.677	18.236	18.089	19.263	19.712	19.908	415.42	415.34
11:23:04	18.679	18.237	18.0	19.199	19.712	19.904	415.42	415.34
11:24:04	18.679	18.237	17.963	19.138	19.706	19.899	415.42	415.34
11:25:04	18.68	18.236	17.948	19.087	19.707	19.903	415.42	415.34
11:26:04	18.682	18.236	17.926	19.048	19.713	19.907	415.42	415.34
11:27:04	18.681	18.234	17.984	19.019	19.711	19.904	415.42	415.34
11:28:04	18.681	18.235	18.028	19.049	19.704	19.9	415.42	415.34
11:29:04	18.681	18.236	18.08	19.114	19.706	19.9	415.42	415.34
11:30:04	18.681	18.239	18.119	19.166	19.714	19.905	415.42	415.34
11:31:04	18.683	18.239	18.164	19.221	19.711	19.904	415.42	415.34
11:32:04	18.682	18.239	18.222	19.274	19.71	19.901	415.42	415.34
11:33:04	18.684	18.239	18.281	19.327	19.713	19.904	415.42	415.34
11:34:04	18.684	18.242	18.33	19.38	19.709	19.907	415.42	415.34
11:35:04	18.685	18.241	18.363	19.421	19.701	19.9	415.42	415.34
11:36:04	18.683	18.242	18.225	19.416	19.704	19.903	415.42	415.34
11:37:04	18.684	18.242	18.082	19.316	19.703	19.901	415.42	415.34
11:38:04	18.683	18.241	17.978	19.191	19.707	19.912	415.42	415.34
11:39:04	18.684	18.241	17.846	19.079	19.708	19.909	415.42	415.34
11:40:04	18.686	18.24	17.558	18.888	19.712	19.908	415.42	415.34
11:41:05	18.687	18.242	17.388	18.677	19.698	19.91	415.42	415.34
11:42:04	0.0	18.241	17.544	18.62	19.705	19.903	415.42	415.34
11:43:04	18.685	18.242	17.677	18.683	19.703	19.907	415.42	415.34
11:44:05	18.687	18.243	17.829	18.822	19.709	19.9	415.42	415.34
11:45:04	18.686	18.244	17.944	18.976	19.702	19.905	415.42	415.34
11:46:04	18.688	18.245	18.034	19.092	19.704	19.899	415.42	415.34
11:47:04	18.689	18.246	18.114	19.184	19.701	19.91	415.42	415.34
11:48:04	18.691	18.247	18.176	19.265	19.707	19.901	415.42	415.34
11:49:04	18.69	18.248	18.221	19.327	19.712	19.897	415.42	415.34
11:50:04	18.69	18.248	18.265	19.373	19.72	19.897	415.42	415.34
11:51:04	18.691	18.248	18.259	19.407	19.707	19.902	415.42	415.34
11:52:04	18.691	18.25	18.194	19.407	19.711	19.898	415.42	415.34
11:53:04	18.692	18.251	18.199	19.359	19.711	19.898	415.42	415.34
11:54:04	18.693	18.251	18.183	19.307	19.712	19.902	415.42	415.34
11:55:04	18.695	18.252	18.074	19.27	19.718	19.897	415.42	0.0
11:56:04	18.695	18.253	18.026	19.206	19.716	19.904	415.42	415.34
11:57:04	18.694	18.254	17.935	19.135	19.716	19.906	415.42	415.34
11:58:04	18.697	18.253	17.93	19.092	19.715	19.905	415.42	415.34
11:59:04	18.698	18.255	17.843	19.056	19.711	19.904	415.42	415.34
12:00:04	18.698	18.255	17.924	19.026	19.718	19.897	415.42	415.34
12:01:04	18.697	18.256	18.018	19.056	19.713	19.899	415.42	415.34
12:02:04	18.696	18.258	18.07	19.11	19.708	19.9	415.42	415.34
12:03:04	18.696	18.258	18.131	19.161	19.714	19.91	415.42	415.34
12:04:04	18.697	18.26	18.16	19.202	19.711	19.904	415.42	415.34
12:05:04	18.698	18.26	18.213	19.261	19.711	19.903	415.42	415.34
12:06:04	18.698	18.26	18.265	19.311	19.71	19.899	415.42	415.34
12:07:04	18.699	18.261	18.31	19.367	19.71	19.904	415.42	415.34
12:08:04	18.699	18.262	18.348	19.398	19.711	19.902	415.42	415.34
12:09:04	18.7	18.26	18.339	19.437	19.71	19.901	415.42	415.34
12:10:04	18.701	18.26	18.189	19.392	19.705	19.909	415.42	415.34
12:11:04	18.701	18.261	18.05	19.237	19.708	19.898	415.42	415.34
12:12:04	18.702	18.262	17.943	19.099	19.71	19.899	415.42	415.34
12:13:04	18.701	18.262	17.765	18.923	19.712	19.895	415.42	415.34
12:14:04	18.701	18.264	17.699	18.798	19.71	19.894	415.42	415.34
12:15:04	18.701	18.263	17.804	18.769	19.707	19.899	415.42	415.34
12:16:04	18.702	18.264	17.925	18.863	19.717	19.894	415.42	415.34
12:17:04	18.701	18.265	18.052	19.003	19.714	19.899	415.42	415.34
12:18:04	18.703	18.265	18.141	19.137	19.708	19.897	415.42	415.34
12:19:04	18.704	18.265	18.203	19.231	19.707	19.901	415.42	415.34
12:20:04	18.704	18.266	18.257	19.313	19.715	19.905	415.42	415.34
12:21:04	18.706	18.267	18.301	19.367	19.719	19.907	415.42	415.34
12:22:04	18.705	18.267	18.302	19.404	19.711	19.902	415.42	415.34
12:23:04	18.704	18.268	18.271	19.412	19.708	19.897	415.42	415.34
12:24:04	18.705	18.267	18.252	19.376	19.716	19.897	415.42	415.34
12:25:04	18.707	18.267	18.223	19.343	19.705	19.898	415.42	415.34
12:26:04	18.707	18.268	18.182	19.304	19.708	19.895	415.42	415.34
12:27:06	18.704	18.267	18.104	19.23	19.711	19.896	415.42	415.34
12:28:04	18.705	18.267	18.008	19.167	19.715	19.896	415.42	415.34
12:29:04	18.706	18.269	17.918	19.123	19.711	19.903	415.42	415.34
12:30:04	18.706	18.27	17.822	19.086	19.713	19.902	415.42	415.34
12:31:04	18.707	18.271	17.868	19.048	19.724	19.905	415.42	415.34
12:32:04	18.708	18.273	17.935	19.017	19.715	19.915	415.42	415.34
12:33:04	18.709	18.273	18.002	19.023	19.721	19.905	415.42	415.34
12:34:04	18.71	18.276	18.066	19.079	19.71	19.903	415.42	415.34
12:35:04	18.71	18.275	18.107	19.136	19.713	19.901	415.42	415.34
12:36:04	18.712	18.275	18.15	19.192	19.711	19.899	415.42	415.34
12:37:04	18.71	18.274	18.204	19.242	19.715	19.9	415.42	415.34
12:38:04	18.711	18.275	18.262	19.297	19.716	19.908	415.42	415.34
12:39:04	18.711	18.274	18.319	19.345	19.713	19.9	415.42	415.34
12:40:04	18.711	18.274	18.36	19.397	19.714	19.903	415.42	415.34
12:41:04	18.71	18.276	18.27	19.406	19.715	19.897	415.42	415.34
12:42:04	18.712	18.276	18.131	19.319	19.708	19.895	415.42	415.34
12:43:04	18.713	18.277	18.045	19.187	19.714	19.897	415.42	415.34
12:44:04	18.713	18.276	17.859	19.056	19.709	19.891	415.42	415.34
12:45:04	18.714	18.277	17.634	18.919	19.71	19.888	415.42	415.34
12:46:04	18.715	18.276	17.571	18.747	19.709	19.901	415.42	415.34
12:47:04	18.716	18.277	17.699	18.706	19.71	19.899	415.42	415.34
12:48:04	18.714	18.277	17.835	18.794	19.71	19.899	415.42	415.34
12:49:04	18.713	18.277	17.95	18.927	19.697	19.889	415.42	415.34
12:50:04	18.715	18.277	18.053	19.062	19.698	19.892	415.42	415.34
12:51:04	18.715	18.278	18.125	19.161	19.707	19.894	415.42	415.34
12:52:04	18.714	18.277	18.189	19.238	19.711	19.89	415.42	415.34
12:53:04	18.713	18.28	18.238	19.303	19.702	19.904	415.42	415.34
12:54:04	18.715	18.28	18.277	19.358	19.703	19.899	415.42	415.34
12:55:04	18.716	18.281	18.316	19.398	19.707	19.897	415.42	415.34
12:56:04	18.717	18.282	18.279	19.423	19.705	19.896	415.42	415.34
12:57:04	18.717	18.283	18.225	19.396	19.704	19.902	415.42	415.34
12:58:04	18.717	18.283	18.246	19.346	19.707	19.901	415.42	415.34
12:59:04	18.72	18.285	18.173	19.314	19.707	19.9	415.42	415.34
13:00:04	18.719	18.285	18.111	19.268	19.711	19.896	415.42	415.34
13:01:04	18.72	18.285	18.066	19.202	19.708	19.893	415.42	415.34
13:02:04	18.721	18.285	17.967	19.141	19.711	19.895	415.42	415.34
13:03:04	18.722	18.286	17.916	19.093	19.709	19.899	415.42	415.34
13:04:04	18.722	18.289	17.871	19.065	19.713	19.896	415.42	415.34
13:05:04	18.723	18.288	17.974	19.046	19.711	19.894	415.42	415.34
13:06:04	18.725	18.29	18.048	19.07	19.709	19.894	415.42	415.34
13:07:04	18.724	18.289	18.097	19.117	19.711	19.891	415.42	415.34
13:08:04	18.724	18.288	18.138	19.163	19.711	19.89	415.42	415.34
13:09:04	18.724	18.289	18.177	19.21	19.709	19.898	415.42	415.34
13:10:04	18.725	18.288	18.243	19.272	19.707	19.895	415.42	415.34
13:11:04	18.725	18.288	18.302	19.334	19.705	19.895	415.42	415.34
13:12:04	18.725	18.289	18.349	19.382	19.712	19.892	415.42	415.34
13:13:04	18.726	18.289	18.369	19.418	19.711	19.893	415.42	415.34
13:14:04	18.725	18.291	18.212	19.399	19.712	19.901	415.42	415.34
13:15:04	18.726	18.291	18.068	19.249	19.711	19.899	415.42	415.34
13:16:04	18.726	18.292	17.981	19.12	19.702	19.896	415.42	415.34
13:17:04	18.727	18.291	17.794	18.974	19.698	19.897	415.42	415.34
13:18:04	18.727	18.293	17.516	18.812	19.702	19.902	415.42	415.34
13:19:04	18.728	18.292	17.59	18.695	19.707	19.904	415.42	415.34
13:20:04	18.729	18.293	17.743	18.741	19.707	19.901	415.42	415.34
13:21:04	18.73	18.294	17.916	18.876	19.705	19.9	415.42	415.34
13:22:04	18.729	18.295	18.044	19.026	19.708	19.898	415.42	415.34
13:23:04	18.727	18.294	18.122	19.149	19.704	19.9	415.42	415.34
13:24:04	18.728	18.296	18.185	19.243	19.706	19.896	415.42	415.34
13:25:04	18.727	18.296	18.234	19.311	19.705	19.891	415.42	415.34
13:26:04	18.727	18.297	18.273	19.359	19.708	19.885	415.42	415.34
13:27:06	18.729	18.297	18.315	19.397	19.7	19.892	415.42	415.34
13:28:04	18.731	18.297	18.349	19.43	19.71	19.9	415.42	415.34
13:29:04	18.732	18.298	18.314	19.446	19.709	19.898	415.42	415.34
13:30:04	18.732	18.297	18.276	19.405	19.708	19.898	415.42	415.34
13:31:04	18.732	18.297	18.221	19.36	19.706	19.904	415.42	415.34
13:32:04	18.732	18.298	18.177	19.32	19.709	19.9	415.42	415.34
13:33:04	18.732	18.298	18.104	19.264	19.71	19.901	415.42	415.34
13:34:04	18.731	18.299	18.043	19.193	19.71	19.894	415.42	415.34
13:35:04	18.733	18.301	18.019	19.146	19.705	19.892	415.42	415.34
13:36:04	18.734	18.302	17.9	19.1	19.705	19.898	415.42	415.34
13:37:04	18.735	18.301	17.892	19.071	19.698	19.895	415.42	415.34
13:38:04	18.732	18.304	17.894	19.039	19.704	19.896	415.42	415.34
13:39:06	18.735	18.303	17.983	19.042	19.709	19.893	415.42	415.34
13:40:04	18.734	18.304	18.045	19.093	19.701	19.892	415.42	415.34
13:41:04	18.734	18.303	18.104	19.151	19.701	19.894	415.42	415.34
13:42:04	18.735	18.305	18.168	19.202	19.706	19.888	415.42	415.34
13:43:04	18.735	18.304	18.21	19.258	19.71	19.891	415.42	415.34
13:44:04	18.738	18.304	18.268	19.31	19.71	19.896	415.42	415.34
13:45:04	18.737	18.304	18.32	19.357	19.71	19.89	415.42	415.34
13:46:04	18.736	18.305	18.358	19.404	19.702	19.893	415.42	415.34
13:47:04	18.737	18.304	18.228	19.395	19.707	19.891	415.42	415.34
13:48:04	18.736	18.304	18.069	19.246	19.704	19.888	415.42	415.34
13:49:05	18.737	18.302	17.981	19.134	19.7	19.886	415.42	415.34
13:50:04	0.0	18.302	17.807	19.028	19.705	19.885	415.42	415.34
13:51:04	18.735	18.302	17.605	18.841	19.704	19.901	415.42	415.34
13:52:04	18.736	18.303	17.636	18.723	19.702	19.899	415.42	415.34
13:53:04	18.737	18.302	17.778	18.758	19.697	19.888	415.42	415.34
13:54:04	18.736	18.302	17.933	18.885	19.702	19.886	415.42	415.34
13:55:04	18.736	18.301	18.039	19.033	19.701	19.893	415.42	415.34
13:56:04	18.736	18.303	18.124	19.147	19.696	19.884	415.42	415.34
13:57:04	18.736	18.304	18.2	19.237	19.694	19.89	415.42	415.34
13:58:04	18.736	18.302	18.186	19.305	19.702	19.892	415.42	415.34
13:59:06	18.738	18.303	18.116	19.307	19.707	19.901	415.42	415.34
14:00:04	18.736	18.303	18.158	19.282	19.705	19.887	415.42	415.34
14:01:04	18.736	18.305	18.127	19.25	19.693	19.889	415.42	415.34
14:02:04	18.736	18.306	18.056	19.215	19.704	19.891	415.42	415.34
14:03:04	18.737	18.307	17.948	19.151	19.702	19.895	415.42	415.34
14:04:04	18.739	18.306	17.909	19.098	19.697	19.883	415.42	415.34
14:05:04	18.739	18.308	17.874	19.056	19.7	19.888	415.42	415.34
14:06:04	18.739	18.309	17.964	19.029	19.703	19.892	415.42	415.34
14:07:04	18.74	18.309	18.001	19.049	19.704	19.884	415.42	415.34
14:08:04	18.741	18.309	18.076	19.103	19.695	19.886	415.42	415.34
14:09:04	18.741	18.309	18.123	19.163	19.698	19.889	415.42	415.34
14:10:04	18.742	18.309	18.188	19.225	19.702	19.887	415.42	415.34
14:11:04	18.742	18.31	18.249	19.294	19.699	19.886	415.42	415.34
14:12:04	18.742	18.312	18.297	19.346	19.703	19.883	415.42	415.34
14:13:04	18.744	18.312	18.339	19.388	19.705	19.889	415.42	415.34
14:14:04	18.745	18.314	18.296	19.416	19.703	19.888	415.42	415.34
14:15:04	18.745	18.314	18.121	19.34	19.704	19.887	415.42	415.34
14:16:04	18.745	18.313	17.996	19.208	19.699	19.888	415.42	415.34
14:17:04	18.747	18.314	17.871	19.089	19.702	19.889	415.42	415.34
14:18:04	18.747	18.313	17.625	18.954	19.698	19.89	415.42	415.34
14:19:04	18.747	18.314	17.441	18.787	19.695	19.889	415.42	415.34
14:20:04	18.747	18.314	17.615	18.714	19.705	19.886	415.42	415.34
14:21:06	18.747	18.313	17.781	18.785	19.7	19.888	415.42	415.34
14:22:04	18.749	18.314	17.919	18.908	19.698	19.893	415.42	415.34
14:23:05	18.747	18.314	18.02	19.046	19.704	19.888	415.42	415.34
14:24:04	0.0	18.314	18.105	19.152	19.692	19.89	415.42	415.34
14:25:04	18.748	18.315	18.172	19.238	19.697	19.89	415.42	415.34
14:26:04	18.748	18.316	18.217	19.305	19.691	19.892	415.42	415.34
14:27:04	18.745	0.0	18.26	19.352	19.696	19.886	415.42	415.34
14:28:04	18.746	18.315	18.295	19.389	19.693	19.886	415.42	415.34
14:29:06	18.746	18.315	18.33	19.422	19.696	19.888	415.42	415.34
14:30:04	18.748	18.315	18.305	19.45	19.698	19.885	415.42	415.34
14:31:04	18.75	18.316	18.289	19.419	19.692	19.886	415.42	415.34
14:32:04	18.75	18.315	18.216	19.364	19.69	19.881	415.42	415.34
14:33:04	18.749	18.316	18.203	19.323	19.696	19.885	415.42	415.34
14:34:04	18.748	18.315	18.149	19.266	19.702	19.882	415.42	415.34
14:35:04	18.749	18.317	17.974	19.205	19.701	19.882	415.42	415.34
14:36:04	18.75	18.316	18.008	19.137	19.699	19.88	415.42	415.34
14:37:04	18.75	18.317	17.97	19.091	19.7	19.882	415.42	415.34
14:38:04	18.749	18.317	17.939	19.051	19.696	19.887	415.42	415.34
14:39:04	18.748	18.318	17.916	19.027	19.693	19.884	415.42	415.34
14:40:04	18.749	18.319	18.014	19.036	19.695	19.892	415.42	415.34
14:41:04	18.749	18.319	18.085	19.085	19.694	19.891	415.42	415.34
14:42:04	18.749	18.321	18.102	19.139	19.697	19.882	415.42	415.34
14:43:04	18.748	18.321	18.159	19.193	19.701	19.885	415.42	415.34
14:44:04	18.749	18.32	18.216	19.247	19.698	19.883	415.42	415.34
14:45:04	18.75	18.32	18.271	19.304	19.699	19.887	415.42	415.34
14:46:04	18.751	18.319	18.321	19.355	19.701	19.887	415.42	0.0
14:47:04	18.751	18.32	18.363	19.399	19.699	19.88	415.42	415.34
14:48:04	18.75	18.322	18.381	19.434	19.699	19.883	415.42	415.34
14:49:04	18.75	18.324	18.219	19.391	19.695	19.893	415.42	415.34
14:50:04	18.75	18.323	18.114	19.239	19.693	19.894	415.42	415.34
14:51:04	18.75	18.323	17.935	19.113	19.691	19.888	415.42	415.34
14:52:06	18.752	18.323	17.71	18.957	19.702	19.886	415.42	415.34
14:53:04	18.75	18.323	17.567	18.782	19.695	19.889	415.42	415.34
14:54:04	18.752	18.325	17.667	18.683	0.0	19.885	415.42	415.34
14:55:04	18.754	18.327	17.811	18.755	19.701	19.891	415.42	415.34
14:56:04	18.754	18.325	17.951	18.896	19.692	19.888	415.42	415.34
14:57:04	18.754	18.325	18.068	19.033	19.695	19.886	415.42	415.34
14:58:04	18.754	18.325	18.144	19.159	19.693	19.887	415.42	415.34
14:59:04	18.754	18.324	18.195	19.249	19.696	19.888	415.42	415.34
15:00:04	18.756	18.323	18.252	19.308	19.694	19.885	415.42	415.34
15:01:04	18.756	18.324	18.288	19.355	19.695	19.879	415.42	415.34
15:02:04	18.757	18.325	18.231	19.391	19.692	19.881	415.42	415.34
15:03:04	18.757	18.326	18.054	19.3	19.693	19.877	415.42	415.34
15:04:04	18.756	18.326	17.926	19.162	19.696	19.883	415.42	415.34
15:05:04	18.758	18.325	17.821	19.02	19.698	19.875	415.42	415.34
15:06:05	18.759	18.326	17.641	18.89	19.692	19.871	415.42	415.34
15:07:04	0.0	18.326	17.611	18.764	19.688	19.876	415.42	415.34
15:08:04	18.757	18.325	17.741	18.752	19.689	19.876	415.42	415.34
15:09:04	18.756	18.324	17.868	18.851	19.691	19.878	415.42	415.34
15:10:04	18.755	18.324	17.99	18.97	19.688	19.874	415.42	415.34
15:11:04	18.756	18.323	18.084	19.105	19.691	19.874	415.42	415.34
15:12:04	18.756	18.323	18.151	19.201	19.689	19.873	415.42	415.34
15:13:04	18.757	18.323	18.202	19.283	19.689	19.875	415.42	415.34
15:14:04	18.758	18.323	18.243	19.339	19.678	19.879	415.42	415.34
15:15:04	18.758	18.325	18.29	19.375	19.682	19.886	415.42	415.34
15:16:04	18.759	18.325	18.325	19.408	19.689	19.879	415.42	415.34
15:17:04	18.759	18.324	18.339	19.432	19.694	19.872	415.42	415.34
15:18:04	18.76	18.325	18.224	19.409	19.691	19.874	415.42	415.34
15:19:04	18.757	18.326	18.167	19.332	19.691	19.878	415.42	415.34
15:20:04	18.755	18.325	18.017	19.27	19.687	19.881	415.42	415.34
15:21:05	18.757	18.326	17.867	19.194	19.686	19.878	415.42	415.34
15:22:04	18.757	18.326	17.653	19.081	19.686	19.882	415.42	415.34
15:23:04	18.759	18.325	17.615	18.994	19.684	19.883	415.42	415.34
15:24:04	18.758	0.0	17.505	18.931	19.689	19.876	415.42	415.34
15:25:04	18.757	18.325	17.422	18.864	19.687	19.878	415.42	415.34
15:26:04	18.759	18.324	17.188	18.813	19.68	19.869	415.42	415.34
15:27:04	18.757	18.327	17.232	18.77	19.692	19.87	415.42	415.34
15:28:04	18.757	18.327	17.192	18.752	19.689	19.874	415.42	415.34
15:29:04	18.758	18.327	17.139	18.744	19.69	19.871	415.42	415.34
15:30:06	18.759	18.327	17.412	18.783	19.689	19.872	415.42	415.34
15:31:04	18.76	18.328	17.6	18.874	19.683	19.879	415.42	415.34
15:32:04	18.761	18.33	17.694	18.942	19.684	19.88	415.42	415.34
15:33:04	18.762	18.33	17.78	19.016	19.683	19.876	415.42	415.34
15:34:04	18.761	18.33	17.867	19.078	19.676	19.873	415.42	415.34
15:35:04	18.764	18.331	17.951	19.137	19.686	19.877	415.42	415.34
15:36:04	18.762	18.332	18.004	19.201	19.684	19.878	415.42	415.34
15:37:04	18.764	18.331	18.062	19.271	19.686	19.878	415.42	415.34
15:38:04	18.765	18.331	18.128	19.315	19.692	19.875	415.42	415.34
15:39:04	18.765	18.331	18.185	19.365	19.688	19.878	415.42	415.34
15:40:04	18.766	18.331	18.218	19.398	19.687	19.872	415.42	415.34
15:41:04	18.766	18.33	18.25	19.424	19.685	19.872	415.42	415.34
15:42:04	18.765	18.331	18.279	19.451	19.686	19.866	415.42	415.34
15:43:04	18.767	18.331	18.238	19.455	19.692	19.868	415.42	415.34
15:44:04	18.766	18.332	18.076	19.371	19.686	19.874	415.42	415.34
15:45:04	18.765	18.331	17.997	19.256	19.688	19.878	415.42	415.34
15:46:04	18.763	18.329	17.916	19.133	19.679	19.877	415.42	415.34
15:47:04	18.762	18.33	17.517	18.983	19.687	19.871	415.42	415.34
15:48:04	18.762	18.328	17.314	18.809	19.686	19.869	415.42	415.34
15:49:04	18.762	18.329	17.383	18.652	19.684	19.874	415.42	415.34
15:50:04	18.764	18.329	17.564	18.64	19.686	19.873	415.42	415.34
15:51:04	18.766	18.329	17.694	18.706	19.681	19.875	415.42	415.34
15:52:04	18.767	18.33	17.821	18.849	19.678	19.877	415.42	415.34
15:53:04	18.767	18.33	17.928	18.983	19.683	19.877	415.42	415.34
15:54:04	18.767	18.331	18.016	19.112	19.69	19.872	415.42	415.34
15:55:04	18.766	18.33	18.068	19.206	19.683	19.87	415.42	415.34
15:56:04	18.767	18.33	18.128	19.272	19.684	19.875	415.42	415.34
15:57:04	18.767	18.331	18.183	19.329	19.689	19.871	415.42	415.34
15:58:04	18.767	18.331	18.219	19.378	19.679	19.87	415.42	415.34
15:59:04	18.768	18.331	18.256	19.408	19.679	19.864	415.42	415.34
16:00:04	18.767	18.33	18.291	19.432	19.681	19.876	415.42	415.34
16:01:04	18.767	18.33	18.327	19.457	19.682	19.878	415.42	415.34
16:02:04	18.767	18.329	18.27	19.465	19.683	19.879	415.42	415.34
16:03:04	18.768	18.33	18.214	19.389	19.677	19.875	415.42	415.34
16:04:04	18.769	18.33	18.123	19.309	19.679	19.876	415.42	415.34
16:05:04	18.767	18.328	17.969	19.204	19.673	19.877	415.42	415.34
16:06:04	18.766	18.328	17.758	19.11	19.671	19.878	415.42	415.34
16:07:04	18.765	18.328	17.698	19.038	19.669	19.873	415.42	415.34
16:08:04	18.764	18.328	17.506	18.959	19.677	19.874	415.42	415.34
16:09:04	18.762	18.329	17.424	18.879	19.678	19.868	415.42	415.34
16:10:04	18.761	18.329	17.356	18.852	19.682	19.869	415.42	415.34
16:11:04	18.762	18.328	17.159	18.825	19.674	19.872	415.42	415.34
16:12:04	18.763	18.328	17.204	18.796	19.674	19.87	415.42	415.34
16:13:04	18.764	18.328	17.322	18.792	19.676	19.869	415.42	415.34
16:14:04	18.764	18.328	17.277	18.787	19.68	19.867	415.42	415.34
16:15:04	18.764	18.327	17.389	18.811	19.681	19.865	415.42	0.0
16:16:04	18.764	18.326	17.309	18.801	19.676	19.87	415.42	415.34
16:17:04	18.762	18.327	17.166	18.76	19.674	19.869	415.42	0.0
16:18:04	18.763	18.326	17.122	18.738	19.678	19.871	415.42	415.34
16:19:04	18.76	18.325	17.404	18.769	19.672	19.867	415.42	415.34
16:20:04	18.759	18.325	17.525	18.866	19.679	19.865	415.42	415.34
16:21:04	18.762	18.324	17.586	18.947	19.68	19.87	415.42	415.34
16:22:04	18.762	18.326	17.681	19.009	19.672	19.868	415.42	415.34
16:23:04	18.764	18.325	17.771	19.074	19.668	19.868	415.42	415.34
16:24:04	18.763	18.325	17.876	19.142	19.674	19.868	415.42	415.34
16:25:04	18.765	18.326	17.958	19.213	19.676	19.873	415.42	415.34
16:26:04	18.764	18.326	18.03	19.276	19.683	19.867	415.42	415.34
16:27:05	18.763	18.325	18.085	19.319	19.678	19.872	415.42	415.34
16:28:04	18.763	18.325	18.134	19.361	19.674	19.864	415.42	415.34
16:29:04	18.764	18.323	18.172	19.396	19.68	19.861	415.42	415.34
16:30:04	18.765	18.326	18.213	19.431	19.677	19.862	415.42	415.34
16:31:04	18.764	18.325	18.247	19.453	19.671	19.864	415.42	415.34
16:32:04	18.764	18.324	18.153	19.464	19.675	19.866	415.42	415.34
16:33:04	18.765	18.325	17.989	19.36	19.676	19.869	415.42	415.34
16:34:04	18.765	18.326	17.934	19.24	19.676	19.87	415.42	415.34
16:35:04	18.763	18.324	17.799	19.121	19.674	19.871	415.42	415.34
16:36:04	18.763	18.324	17.629	18.993	19.676	19.868	415.42	415.34
16:37:04	18.763	18.323	17.506	18.852	19.676	19.87	415.42	415.34
16:38:04	18.76	18.324	17.504	18.717	19.672	19.869	415.42	415.34
16:39:04	18.761	18.324	17.611	18.693	19.675	19.865	415.42	415.34
16:40:04	18.759	18.326	17.714	18.755	19.677	19.867	415.42	415.34
16:41:04	18.761	18.326	17.839	18.862	19.686	19.862	415.42	415.34
16:42:04	18.762	18.326	17.926	18.977	19.676	19.872	415.42	415.34
16:43:04	18.763	18.326	18.001	19.098	19.673	19.868	415.42	415.34
16:44:04	18.764	18.326	18.08	19.189	19.673	19.855	415.42	415.34
16:45:04	18.764	18.324	18.124	19.26	19.676	19.865	415.42	415.34
16:46:04	18.765	18.325	18.17	19.315	19.682	19.87	415.42	415.34
16:47:04	18.766	18.325	18.215	19.357	19.676	19.869	415.42	415.34
16:48:04	18.766	18.323	18.256	19.397	19.672	19.862	415.42	415.34
16:49:04	18.764	18.323	18.289	19.427	19.67	19.872	415.42	415.34
16:50:04	18.763	18.321	18.315	19.447	19.673	19.871	415.42	415.34
16:51:04	18.763	18.322	18.253	19.442	19.674	19.863	415.42	415.34
16:52:04	18.763	18.321	18.15	19.377	19.668	19.87	415.42	415.34
16:53:04	18.764	18.321	18.063	19.293	19.666	19.869	415.42	415.34
16:54:04	18.765	18.322	17.999	19.237	19.673	19.86	415.42	415.34
16:55:04	18.762	18.32	17.796	19.141	19.671	19.857	415.42	415.34
16:56:04	18.762	18.32	17.761	19.07	19.675	19.864	415.42	415.34
16:57:04	18.76	18.32	17.567	18.949	19.675	19.863	415.42	415.34
16:58:04	18.761	18.319	17.416	18.877	19.673	19.859	415.42	415.34
16:59:04	18.759	18.317	17.392	18.861	19.678	19.859	415.42	415.34
17:00:04	18.762	18.318	17.221	18.796	19.666	19.859	415.42	415.34
17:01:04	18.762	18.316	17.113	18.783	19.668	19.864	415.42	415.34
17:02:04	18.762	18.316	17.181	18.75	19.666	19.855	415.42	415.34
17:03:04	18.762	18.316	17.045	18.743	19.666	19.856	415.42	415.34
17:04:04	18.763	18.315	16.993	18.708	19.661	19.86	415.42	415.34
17:05:05	18.762	18.314	17.22	18.696	19.665	19.857	415.42	415.34
17:06:04	18.763	18.317	17.339	18.786	19.661	19.852	415.42	415.34
17:07:04	18.762	18.316	17.575	18.907	19.665	19.857	415.42	415.34
17:08:04	18.762	18.316	17.666	18.971	19.664	19.864	415.42	415.34
17:09:04	18.761	18.314	17.72	19.035	19.659	19.857	415.42	415.34
17:10:04	18.762	18.313	17.796	19.098	19.665	19.866	415.42	415.34
17:11:04	18.761	18.314	17.887	19.155	19.662	19.858	415.42	415.34
17:12:06	18.762	18.312	17.964	19.216	19.657	19.859	415.42	415.34
17:13:04	18.762	18.311	18.001	19.274	19.654	19.861	415.42	415.34
17:14:04	18.764	18.31	18.063	19.322	19.662	19.863	415.42	415.34
17:15:04	18.762	18.31	18.117	19.361	19.661	19.864	415.42	415.34
17:16:04	18.759	18.31	18.164	19.402	19.66	19.858	415.42	415.34
17:17:04	18.758	18.311	18.193	19.431	19.668	19.862	415.42	415.34
17:18:04	18.758	18.311	18.091	19.392	19.67	19.862	415.42	415.34
17:19:04	18.759	18.31	17.984	19.311	19.662	19.855	415.42	415.34
17:20:04	18.76	18.312	17.964	19.247	19.666	19.856	415.42	415.34
17:21:04	18.76	18.312	17.812	19.151	19.669	19.864	415.42	415.34
17:22:04	18.757	18.312	17.56	19.054	19.66	19.863	415.42	415.34
17:23:04	18.758	18.312	17.447	18.982	19.662	19.855	415.42	415.34
17:24:04	18.758	18.31	17.385	18.923	19.668	19.856	415.42	415.34
17:25:04	18.756	18.308	17.326	18.869	19.659	19.862	415.42	415.34
17:26:04	18.756	18.308	17.279	18.831	19.66	19.854	415.42	415.34
17:27:04	18.757	18.307	17.298	18.811	19.658	19.855	415.42	415.34
17:28:04	18.757	18.307	17.182	18.758	19.66	19.865	415.42	415.34
17:29:04	18.757	18.306	17.165	18.731	19.659	19.856	415.42	415.34
17:30:04	18.759	18.305	17.04	18.724	19.655	19.855	415.42	415.34
17:31:04	18.759	18.305	17.26	18.738	19.655	19.855	415.42	415.34
17:32:04	18.757	18.305	17.385	18.818	19.654	19.857	415.42	415.34
17:33:04	18.756	18.305	17.499	18.895	19.658	19.85	415.42	415.34
17:34:04	18.756	18.303	17.647	18.966	19.661	19.851	415.42	415.34
17:35:04	18.755	18.305	17.686	19.032	19.653	19.85	415.42	415.34
17:36:04	18.755	18.301	17.804	19.103	19.652	19.856	415.42	415.34
17:37:05	18.751	18.301	17.878	19.167	19.651	19.861	415.42	415.34
17:38:04	0.0	18.301	17.956	19.232	19.649	19.856	415.42	415.34
17:39:06	18.754	18.3	18.035	19.298	19.658	19.852	415.42	415.34
17:40:04	18.753	18.301	18.086	19.342	19.658	19.852	415.42	415.34
17:41:04	18.754	18.303	18.129	19.379	19.663	19.853	415.42	415.34
17:42:04	18.751	18.304	18.174	19.415	19.66	19.859	415.42	415.34
17:43:05	18.751	18.303	18.128	19.431	19.66	19.852	415.42	415.34
17:44:05	18.75	18.305	18.033	19.371	19.65	19.855	415.42	415.34
17:45:05	18.749	18.305	17.96	19.308	19.664	19.862	415.42	415.34
17:46:05	18.748	18.306	17.867	19.262	19.66	19.854	415.42	415.34
17:47:05	18.748	18.307	17.717	19.14	19.659	19.86	415.42	415.34
17:48:05	18.75	18.304	17.567	19.02	19.662	19.861	415.42	415.34
17:49:05	18.751	18.303	17.465	18.938	19.659	19.851	415.42	415.34
17:50:05	18.751	18.303	17.37	18.895	19.653	19.852	415.42	415.34
17:51:05	18.75	18.301	17.412	18.861	19.657	19.849	415.42	415.34
17:52:05	18.752	18.299	17.244	18.823	19.654	19.857	415.42	415.34
17:53:04	18.751	18.298	17.167	18.771	19.653	19.853	415.42	415.34
17:54:05	18.752	18.299	17.029	18.699	19.655	19.849	415.42	415.34
17:55:05	18.753	18.299	17.029	18.681	19.652	19.851	415.42	415.34
17:56:05	18.753	18.3	16.987	18.688	19.655	19.852	415.42	415.34
17:57:05	18.75	18.3	17.188	18.721	19.656	19.853	415.42	415.34
17:58:05	18.747	18.3	17.332	18.812	19.645	19.849	415.42	415.34
17:59:05	18.746	18.299	17.454	18.899	19.65	19.848	415.42	415.34
18:00:05	18.744	18.3	17.589	18.976	19.655	19.848	415.42	415.34
18:01:05	18.746	18.299	17.668	19.034	19.656	19.846	415.42	415.34
18:02:05	18.746	18.297	17.756	19.098	19.658	19.845	415.42	415.34
18:03:05	18.749	18.296	17.849	19.161	19.651	19.848	415.42	415.34
18:04:05	18.751	18.296	17.918	19.231	19.651	19.85	415.42	415.34
18:05:05	18.75	18.295	17.988	19.291	19.664	19.854	415.42	415.34
18:06:05	0.0	18.297	18.041	19.338	19.655	19.848	415.42	415.34
18:07:05	18.749	18.296	18.098	19.38	19.66	19.853	415.42	415.34
18:08:05	18.748	18.298	18.138	19.41	19.656	19.85	415.42	415.34
18:09:05	18.746	18.296	18.132	19.425	19.651	19.858	415.42	415.34
18:10:05	18.746	18.297	18.01	19.378	19.657	19.844	415.42	415.34
18:11:05	18.746	18.297	17.925	19.288	19.66	19.853	415.42	415.34
18:12:05	18.746	18.296	17.883	19.22	19.655	19.859	415.42	415.34
18:13:05	18.746	18.297	17.789	19.157	19.661	19.847	415.42	415.34
18:14:05	18.748	18.295	17.669	19.068	19.651	19.849	415.42	415.34
18:15:06	18.747	18.296	17.464	18.981	19.657	19.849	415.42	415.34
18:16:05	18.746	18.295	17.472	18.936	19.658	19.849	415.42	415.34
18:17:05	18.746	18.295	17.328	18.876	19.657	19.854	415.42	415.34
18:18:05	18.746	18.296	17.271	18.84	19.658	19.85	415.42	415.34
18:19:05	18.747	18.295	17.176	18.758	19.655	19.847	415.42	415.34
18:20:05	18.745	18.295	17.192	18.727	19.656	19.849	415.42	415.34
18:21:04	18.746	18.294	17.017	18.705	19.652	19.851	415.42	415.34
18:22:05	18.744	18.293	17.091	18.64	19.648	19.844	415.42	415.34
18:23:05	18.743	18.294	17.348	18.684	19.648	19.851	415.42	415.34
18:24:05	18.743	18.292	17.498	18.818	19.649	19.846	415.42	415.34
18:25:05	18.743	18.291	17.571	18.895	19.649	19.848	415.42	415.34
18:26:05	18.742	18.292	17.63	18.973	19.653	19.848	415.42	415.34
18:27:07	18.745	18.289	17.712	19.036	19.649	19.847	415.42	415.34
18:28:05	18.743	18.289	17.819	19.11	19.657	19.848	415.42	415.34
18:29:05	18.742	18.288	17.903	19.189	19.654	19.844	415.42	415.34
18:30:05	18.742	18.289	17.976	19.249	19.655	19.84	415.42	415.34
18:31:05	18.743	18.289	18.047	19.296	19.653	19.84	415.42	415.34
18:32:05	18.743	18.291	18.096	19.35	19.653	19.849	415.42	415.34
18:33:05	18.744	18.294	18.146	19.384	19.66	19.847	415.42	415.34
18:34:05	18.744	18.294	18.177	19.417	19.658	19.855	415.42	415.34
18:35:05	18.744	18.292	18.179	19.436	19.661	19.852	415.42	415.34
18:36:05	18.745	18.293	18.016	19.375	19.654	19.846	415.42	415.34
18:37:05	18.744	18.292	18.008	19.298	19.657	19.85	415.42	415.34
18:38:05	18.743	18.29	17.943	19.246	19.651	19.859	415.42	415.34
18:39:04	18.741	18.288	17.72	19.106	19.649	19.848	415.42	415.34
18:40:05	18.74	18.285	17.54	19.045	19.645	19.841	415.42	415.34
18:41:05	18.74	18.282	17.539	18.962	19.645	19.845	415.42	415.34
18:42:05	18.737	18.277	17.417	18.915	19.648	19.844	415.42	415.34
18:43:04	18.736	18.277	17.244	18.851	19.659	19.844	415.42	415.34
18:44:05	18.738	18.28	17.104	18.822	19.654	19.848	415.42	415.34
18:45:05	18.737	18.283	17.181	18.796	19.651	19.849	415.42	415.34
18:46:05	18.739	18.293	17.087	18.778	19.664	19.847	415.42	415.34
18:47:05	18.738	18.299	17.206	18.755	19.665	19.847	415.42	415.34
18:48:05	18.738	18.298	17.089	18.751	19.666	19.842	415.42	415.34
18:49:07	18.733	0.0	17.158	18.736	19.655	19.838	415.42	415.34
18:50:05	18.734	18.284	17.16	18.729	19.655	19.843	415.42	415.34
18:51:05	18.733	18.281	17.346	18.784	19.656	19.842	415.42	415.34
18:52:05	18.733	18.279	17.495	18.844	19.653	19.841	415.42	415.34
18:53:05	18.733	18.279	17.578	18.928	19.651	19.843	415.42	415.34
18:54:05	18.728	18.278	17.656	18.998	19.648	19.839	415.42	415.34
18:55:05	18.73	18.276	17.728	19.068	19.64	19.843	415.42	415.34
18:56:05	18.733	18.278	17.804	19.107	19.647	19.849	415.42	415.34
18:57:05	18.733	18.278	17.882	19.119	19.646	19.848	415.42	415.34
18:58:05	18.734	18.278	17.954	19.18	19.647	19.844	415.42	415.34
18:59:05	18.733	18.277	17.97	19.246	19.651	19.845	415.42	415.34
19:00:05	18.735	18.28	18.004	19.279	19.643	19.846	415.42	415.34
19:01:04	18.737	18.281	18.042	19.277	19.648	19.844	415.42	415.34
19:02:05	18.736	18.282	17.855	18.852	19.652	19.847	415.42	415.34
19:03:05	18.736	18.281	17.635	18.4	19.654	19.847	415.42	415.34
19:04:05	18.735	18.28	17.501	18.181	19.652	19.855	415.42	415.34
19:05:05	18.736	18.28	17.364	18.436	19.649	19.847	415.42	415.34
19:06:05	18.737	18.279	17.348	18.529	19.645	19.852	415.42	415.34
19:07:04	18.733	18.28	17.487	18.601	19.643	19.854	415.42	415.34
19:08:05	18.735	18.281	17.55	18.706	19.653	19.854	415.42	415.34
19:09:05	18.736	18.286	17.699	18.813	19.653	19.861	415.42	415.34
19:10:05	18.736	18.288	17.815	18.944	19.654	19.854	415.42	415.34
19:11:05	0.0	18.288	17.917	19.061	19.657	19.844	415.42	415.34
19:12:05	18.735	18.286	17.978	19.16	19.656	19.855	415.42	415.34
19:13:04	18.732	18.284	18.035	19.232	19.649	19.849	415.42	415.34
19:14:05	18.729	18.279	18.075	19.286	19.651	19.844	415.42	415.34
19:15:05	18.729	18.275	18.114	19.319	19.65	19.843	415.42	415.34
19:16:05	18.729	18.273	18.155	19.357	19.643	19.849	415.42	415.34
19:17:05	18.731	18.271	18.184	19.381	19.639	19.85	415.42	415.34
19:18:05	18.73	18.269	18.216	19.4	19.639	19.848	415.42	415.34
19:19:05	18.729	18.265	18.086	19.364	19.643	19.844	415.42	415.34
19:20:05	18.729	18.266	18.025	19.298	19.638	19.833	415.42	415.34
19:21:05	18.728	18.265	17.942	19.248	19.64	19.835	415.42	415.34
19:22:05	0.0	18.267	17.886	19.173	19.65	19.837	415.42	415.34
19:23:05	18.728	18.266	17.795	19.063	19.645	19.838	415.42	415.34
19:24:05	18.726	18.266	17.601	18.991	19.645	19.841	415.42	415.34
19:25:04	18.724	18.264	17.566	18.95	19.648	19.84	415.42	415.34
19:26:05	18.724	18.267	17.474	18.89	19.643	19.842	415.42	415.34
19:27:05	18.725	18.264	17.289	18.844	19.649	19.841	415.42	0.0
19:28:05	18.723	18.263	17.293	18.832	19.645	19.835	415.42	415.34
19:29:05	18.722	18.264	17.254	18.77	19.644	19.83	415.42	415.34
19:30:05	18.721	18.265	17.206	18.778	19.644	19.832	415.42	415.34
19:31:06	18.718	18.263	17.069	18.74	19.645	19.834	415.42	415.34
19:32:05	18.719	18.263	17.192	18.726	19.64	19.838	415.42	415.34
19:33:05	18.72	18.265	17.295	18.703	19.634	19.84	415.42	415.34
19:34:05	18.719	18.264	17.439	18.771	19.64	19.842	415.42	415.34
19:35:05	18.72	18.264	17.517	18.877	19.644	19.841	415.42	415.34
19:36:05	18.72	18.266	17.644	18.955	19.645	19.842	415.42	415.34
19:37:05	18.718	18.263	17.737	18.999	19.642	19.84	415.42	415.34
19:38:05	18.72	18.263	17.787	19.068	19.639	19.825	415.42	415.34
19:39:05	18.718	18.26	17.864	19.134	19.638	19.837	415.42	415.34
19:40:05	18.717	18.261	17.929	19.204	19.642	19.834	415.42	415.34
19:41:05	18.718	18.26	17.995	19.272	19.64	19.833	415.42	415.34
19:42:05	18.718	18.257	18.064	19.324	19.634	19.836	415.42	415.34
19:43:05	18.717	18.258	18.112	19.371	19.638	19.829	415.42	415.34
19:44:05	18.717	18.261	18.164	19.404	19.646	19.834	415.42	415.34
19:45:05	18.718	18.262	18.106	19.409	19.645	19.827	415.42	415.34
19:46:05	18.72	18.267	18.063	19.35	19.656	19.837	415.42	415.34
19:47:05	18.722	18.274	18.001	19.277	19.651	19.844	415.42	415.34
19:48:05	18.722	18.274	17.857	19.199	19.644	19.851	415.42	415.34
19:49:05	18.72	18.273	17.689	19.112	19.643	19.838	415.42	415.34
19:50:05	18.718	18.267	17.509	19.023	19.634	19.845	415.42	415.34
19:51:05	18.716	18.265	17.542	18.944	19.641	19.841	415.42	415.34
19:52:05	18.714	18.263	17.326	18.887	19.646	19.841	415.42	415.34
19:53:05	18.717	18.266	17.288	18.826	19.643	19.838	415.42	415.34
19:54:05	18.718	18.266	17.151	18.804	19.646	19.846	415.42	415.34
19:55:05	18.718	18.264	17.196	18.756	19.641	19.841	415.42	415.34
19:56:05	18.72	18.266	17.139	18.674	19.638	19.836	415.42	415.34
19:57:04	18.722	18.271	17.118	18.698	19.643	19.845	415.42	415.34
19:58:05	18.721	18.273	17.116	18.695	19.652	19.85	415.42	415.34
19:59:05	18.72	18.276	17.326	18.711	19.652	19.84	415.42	415.34
20:00:05	18.721	18.278	17.436	18.784	19.662	19.851	415.42	415.34
20:01:05	18.721	18.279	17.59	18.889	19.664	19.853	415.42	415.34
20:02:05	18.718	18.277	17.686	18.958	19.656	19.843	415.42	415.34
20:03:05	18.716	18.274	17.699	18.995	19.659	19.843	415.42	415.34
20:04:05	18.716	18.272	17.758	19.035	19.652	19.846	415.42	415.34
20:05:05	18.716	18.271	17.812	19.083	19.654	19.843	415.42	415.34
20:06:05	18.715	18.268	17.899	19.145	19.637	19.834	415.42	415.34
20:07:05	18.713	18.262	17.967	19.193	19.642	19.849	415.42	415.34
20:08:05	18.715	18.259	18.017	19.244	19.638	19.842	415.42	415.34
20:09:05	18.718	18.257	18.062	19.286	19.638	19.836	415.42	415.34
20:10:05	18.712	18.254	18.108	19.328	19.637	19.831	415.42	415.34
20:11:05	18.713	18.254	18.158	19.361	19.628	19.831	415.42	415.34
20:12:06	18.713	18.251	18.19	19.395	19.637	19.828	415.42	415.34
20:13:05	18.715	18.249	18.12	19.409	19.639	19.84	415.42	415.34
20:14:05	18.716	18.251	17.997	19.329	19.636	19.828	415.42	415.34
20:15:05	18.717	18.251	17.956	19.261	19.633	19.826	415.42	415.34
20:16:05	18.718	18.252	17.941	19.211	19.628	19.831	415.42	415.34
20:17:05	18.717	18.254	17.651	19.131	19.63	19.828	415.42	415.34
20:18:05	18.717	18.254	17.4	19.022	19.634	19.829	415.42	415.34
20:19:05	18.715	18.253	17.37	18.895	19.634	19.837	415.42	415.34
20:20:05	18.715	18.255	17.31	18.86	19.63	19.837	415.42	415.34
20:21:05	18.714	18.255	17.422	18.823	19.634	19.836	415.42	415.34
20:22:05	18.714	18.254	17.326	18.803	19.637	19.836	415.42	415.34
20:23:05	18.715	18.255	17.222	18.77	19.63	19.834	415.42	415.34
20:24:05	18.712	18.254	17.178	18.736	19.631	19.83	415.42	415.34
20:25:05	18.708	18.252	17.195	18.726	19.63	19.831	415.42	415.34
20:26:05	18.71	18.253	17.057	18.697	19.633	19.83	415.42	415.34
20:27:05	18.711	18.253	17.15	18.684	19.632	19.823	415.42	415.34
20:28:05	18.712	18.251	17.321	18.766	19.636	19.82	415.42	415.34
20:29:05	18.711	18.251	17.464	18.858	19.635	19.828	415.42	415.34
20:30:05	18.712	18.25	17.529	18.921	19.634	19.83	415.42	415.34
20:31:05	18.711	18.249	17.638	18.981	19.638	19.828	415.42	415.34
20:32:05	18.71	18.25	17.705	19.022	19.634	19.84	415.42	415.34
20:33:05	18.709	18.25	17.767	19.073	19.63	19.828	415.42	415.34
20:34:05	18.711	18.248	17.84	19.13	19.621	19.829	415.42	415.34
20:35:05	18.709	18.247	17.887	19.175	19.628	19.832	415.42	415.34
20:36:05	18.709	18.247	17.969	19.222	19.629	19.836	415.42	415.34
20:37:05	18.709	18.246	18.027	19.266	19.634	19.842	415.42	415.34
20:38:05	18.709	18.247	18.07	19.303	19.628	19.827	415.42	415.34
20:39:05	18.707	18.244	18.113	19.335	19.628	19.83	415.42	415.34
20:40:05	18.704	18.244	18.142	19.367	19.624	19.826	415.42	415.34
20:41:05	18.704	18.245	18.074	19.375	19.628	19.829	415.42	415.34
20:42:05	18.707	18.244	17.977	19.295	19.619	19.83	415.42	415.34
20:43:05	18.707	18.244	17.927	19.219	19.629	19.831	415.42	415.34
20:44:05	18.708	18.241	17.843	19.179	19.625	19.826	415.42	415.34
20:45:05	18.707	18.239	17.664	19.106	19.622	19.824	415.42	415.34
20:46:05	18.708	18.238	17.631	19.012	19.618	19.822	415.42	415.34
20:47:05	18.706	18.234	17.457	18.936	19.621	19.817	415.42	415.34
20:48:05	18.703	18.23	17.338	18.887	19.618	19.815	415.42	415.34
20:49:05	18.703	18.227	17.365	18.838	19.619	19.814	415.42	415.34
20:50:05	18.701	18.225	17.176	18.786	19.618	19.811	415.42	415.34
20:51:05	18.698	18.224	17.058	18.741	19.614	19.816	415.42	415.34
20:52:05	18.696	18.225	17.109	18.724	19.613	19.814	415.42	415.34
20:53:05	18.695	18.224	17.308	18.723	19.616	19.818	415.42	415.34
20:54:05	18.695	18.225	17.45	18.785	19.623	19.817	415.42	415.34
20:55:05	18.694	18.224	17.504	18.846	19.623	19.824	415.42	415.34
20:56:05	18.695	18.226	17.59	18.929	19.615	19.816	415.42	415.34
20:57:05	18.698	18.227	17.704	18.982	19.621	19.811	415.42	415.34
20:58:05	18.695	18.228	17.819	19.042	19.617	19.815	415.42	415.34
20:59:05	18.696	18.227	17.851	19.096	19.621	19.824	415.42	415.34
21:00:05	18.694	18.227	17.926	19.159	19.615	19.819	415.42	415.34
21:01:05	18.696	18.226	17.971	19.218	19.618	19.826	415.42	415.34
21:02:05	18.696	18.224	18.04	19.269	19.622	19.818	415.42	415.34
21:03:05	18.694	18.223	18.086	19.309	19.616	19.82	415.42	415.34
21:04:05	18.693	18.221	18.073	19.344	19.617	19.815	415.42	415.34
21:05:05	18.693	18.22	18.017	19.319	19.609	19.809	415.42	415.34
21:06:05	18.692	18.22	17.944	19.245	19.609	19.811	415.42	415.34
21:07:05	18.689	18.222	17.872	19.189	19.619	19.816	415.42	415.34
21:08:05	18.689	18.223	17.78	19.1	19.628	19.81	415.42	415.34
21:09:05	18.691	18.224	17.511	19.002	19.623	19.822	415.42	415.34
21:10:05	18.689	18.224	17.446	18.923	19.619	19.824	415.42	415.34
21:11:05	18.691	18.226	17.367	18.852	19.627	19.819	415.42	415.34
21:12:05	18.693	18.227	17.336	18.816	19.624	19.816	415.42	415.34
21:13:05	18.692	18.227	17.264	18.778	19.625	19.816	415.42	415.34
21:14:05	18.691	18.226	17.171	18.73	19.623	19.817	415.42	415.34
21:15:05	18.688	18.227	17.177	18.658	19.62	19.821	415.42	415.34
21:16:05	18.689	18.226	17.273	18.679	19.62	19.811	415.42	415.34
21:17:05	18.69	18.226	17.429	18.766	19.621	19.815	415.42	415.34
21:18:05	18.689	18.226	17.57	18.854	19.625	19.821	415.42	415.34
21:19:05	18.688	18.228	17.612	18.918	19.624	19.818	415.42	415.34
21:20:05	18.69	18.229	17.672	18.986	19.62	19.822	415.42	415.34
21:21:06	18.691	18.23	17.746	19.039	19.62	19.809	415.42	415.34
21:22:05	18.691	18.228	17.807	19.092	19.619	19.811	415.42	415.34
21:23:05	18.691	18.229	17.903	19.143	19.627	19.82	415.42	415.34
21:24:05	18.691	18.229	17.955	19.192	19.624	19.822	415.42	415.34
21:25:05	18.691	18.229	18.009	19.245	19.62	19.822	415.42	415.34
21:26:05	18.689	18.227	18.057	19.291	19.628	19.817	415.42	415.34
21:27:05	18.687	18.228	18.104	19.336	19.621	19.812	415.42	415.34
21:28:05	18.691	18.228	18.156	19.368	19.623	19.811	415.42	415.34
21:29:05	18.689	0.0	18.11	19.394	19.627	19.822	415.42	415.34
21:30:05	18.69	18.23	18.006	19.336	19.628	19.818	415.42	415.34
21:31:05	18.689	18.23	17.967	19.266	19.625	19.816	415.42	415.34
21:32:05	18.691	18.231	17.875	19.209	19.616	19.82	415.42	415.34
21:33:05	18.692	18.233	17.749	19.127	19.624	19.827	415.42	415.34
21:34:06	18.69	18.234	17.464	19.03	19.624	19.826	415.42	415.34
21:35:05	18.69	18.231	17.553	18.949	19.628	19.818	415.42	415.34
21:36:05	18.69	18.23	17.435	0.0	19.629	19.819	415.42	415.34
21:37:05	18.689	18.229	17.473	18.866	19.622	19.811	415.42	415.34
21:38:06	18.69	18.229	17.275	18.843	19.624	19.824	415.42	415.34
21:39:05	0.0	18.228	17.271	18.791	19.626	19.815	415.42	415.34
21:40:05	18.689	18.229	17.323	18.765	19.622	19.819	415.42	415.34
21:41:05	18.686	18.229	17.38	18.737	19.624	19.819	415.42	415.34
21:42:05	18.688	18.228	17.259	18.715	19.627	19.82	415.42	415.34
21:43:05	18.688	18.227	17.17	18.714	19.624	19.821	415.42	415.34
21:44:05	18.69	18.226	17.249	18.679	19.623	19.819	415.42	415.34
21:45:07	18.688	18.227	17.427	18.739	19.619	19.818	415.42	415.34
21:46:05	18.688	18.227	17.529	18.829	19.622	19.819	415.42	415.34
21:47:05	18.689	18.226	17.605	18.906	19.62	19.818	415.42	415.34
21:48:05	18.686	18.227	17.68	18.952	19.622	19.814	415.42	415.34
21:49:05	18.685	18.227	17.754	19.007	19.626	19.818	415.42	415.34
21:50:05	18.683	18.228	17.794	19.051	19.624	19.822	415.42	415.34
21:51:05	18.685	18.225	17.878	19.107	19.625	19.82	415.42	415.34
21:52:05	18.687	18.224	17.931	19.167	19.62	19.818	415.42	415.34
21:53:05	18.689	18.224	18.011	19.22	19.623	19.822	415.42	415.34
21:54:05	18.688	18.223	18.056	19.267	19.621	19.825	415.42	415.34
21:55:05	18.687	18.223	18.095	19.312	19.622	19.82	415.42	415.34
21:56:05	18.684	18.223	18.142	19.348	19.631	19.821	415.42	415.34
21:57:05	18.684	18.222	18.179	19.379	19.617	19.819	415.42	415.34
21:58:05	18.684	18.224	18.064	19.385	19.62	19.82	415.42	415.34
21:59:05	18.684	18.224	17.994	19.321	19.623	19.817	415.42	415.34
22:00:05	18.684	18.224	17.909	19.253	19.623	19.82	415.42	415.34
22:01:06	18.687	18.224	17.796	19.181	19.621	19.824	415.42	415.34
22:02:05	18.683	18.226	17.643	19.071	19.618	19.822	415.42	415.34
22:03:05	18.682	18.225	17.501	18.978	19.62	19.817	415.42	415.34
22:04:05	18.682	18.224	17.506	18.924	19.62	19.816	415.42	415.34
22:05:05	18.684	18.223	17.372	18.867	19.616	19.825	415.42	415.34
22:06:05	18.683	18.222	17.279	18.819	19.611	19.828	415.42	415.34
22:07:05	18.68	18.221	17.215	18.815	19.616	19.822	415.42	415.34
22:08:05	18.679	18.219	17.242	18.771	19.614	19.82	415.42	415.34
22:09:05	18.682	18.217	17.219	18.761	19.613	19.813	415.42	415.34
22:10:05	18.678	18.218	17.193	18.748	19.609	19.809	415.42	415.34
22:11:05	18.681	18.219	17.257	18.757	19.615	19.815	415.42	415.34
22:12:05	18.681	18.219	17.158	18.748	19.62	19.804	415.42	415.34
22:13:05	18.683	18.219	17.158	18.76	19.61	19.815	415.42	415.34
22:14:05	18.684	18.218	17.083	18.77	19.617	19.813	415.42	415.34
22:15:05	18.684	18.219	17.104	18.711	19.617	19.817	415.42	415.34
22:16:05	18.684	18.219	17.315	18.732	19.618	19.814	415.42	415.34
22:17:05	18.684	18.218	17.403	18.816	19.622	19.817	415.42	415.34
22:18:05	18.682	18.218	17.553	18.9	19.619	19.813	415.42	415.34
22:19:05	18.681	18.217	17.607	18.954	19.62	19.812	415.42	415.34
22:20:05	18.682	18.217	17.675	19.003	19.617	19.815	415.42	415.34
22:21:05	18.681	18.217	17.75	19.071	19.615	19.815	415.42	415.34
22:22:05	18.682	18.215	17.834	19.123	19.62	19.811	415.42	415.34
22:23:05	18.682	18.214	17.921	19.186	19.618	19.815	415.42	415.34
22:24:05	18.681	18.214	17.967	19.24	19.618	19.821	415.42	415.34
22:25:05	18.681	18.213	18.013	19.282	19.621	19.819	415.42	415.34
22:26:05	18.68	18.214	18.066	19.323	19.619	19.822	415.42	415.34
22:27:05	18.681	18.215	18.106	19.357	19.625	19.824	415.42	415.34
22:28:05	18.681	18.215	18.154	19.388	19.617	19.814	415.42	415.34
22:29:05	18.68	18.213	18.143	19.409	19.613	19.809	415.42	415.34
22:30:05	18.678	18.212	18.077	19.347	19.614	19.811	415.42	415.34
22:31:05	18.677	18.211	18.012	19.28	19.617	19.818	415.42	415.34
22:32:05	18.676	18.209	17.945	19.229	19.621	19.809	415.42	415.34
22:33:05	18.674	18.21	17.786	19.147	19.613	19.812	415.42	415.34
22:34:05	18.674	18.211	17.579	19.053	19.616	19.815	415.42	415.34
22:35:05	18.674	18.211	17.37	18.952	19.61	19.814	415.42	415.34
22:36:05	18.676	18.21	17.254	18.832	19.613	19.814	415.42	415.34
22:37:05	18.677	18.213	17.346	18.81	19.621	19.813	415.42	415.34
22:38:05	18.678	18.213	17.322	18.76	19.613	19.803	415.42	415.34
22:39:05	18.675	18.212	17.255	18.749	19.607	19.804	415.42	415.34
22:40:05	18.675	18.212	17.15	18.726	19.613	19.811	415.42	415.34
22:41:05	18.672	18.21	17.121	18.723	19.609	19.809	415.42	415.34
22:42:05	18.669	18.209	17.108	18.713	19.61	19.806	415.42	415.34
22:43:05	18.669	18.207	17.382	18.733	19.609	19.809	415.42	415.34
22:44:05	18.669	18.206	17.435	18.811	19.606	19.816	415.42	415.34
22:45:05	18.67	18.206	17.519	18.883	19.601	19.809	415.42	415.34
22:46:05	18.672	18.204	17.635	18.939	19.607	19.809	415.42	415.34
22:47:05	18.667	18.204	17.697	18.985	19.611	19.814	415.42	415.34
22:48:05	18.663	18.204	17.774	19.041	19.613	19.811	415.42	415.34
22:49:06	18.664	18.203	17.812	19.094	19.613	19.811	415.42	415.34
22:50:05	18.667	18.202	17.883	19.154	19.606	19.801	415.42	415.34
22:51:05	18.663	18.201	17.949	19.208	19.602	19.808	415.42	415.34
22:52:05	18.66	18.2	17.998	19.254	19.603	19.81	415.42	415.34
22:53:05	18.662	18.201	18.061	19.294	19.606	19.812	415.42	415.34
22:54:06	18.661	18.2	18.107	19.329	19.609	19.807	415.42	415.34
22:55:05	18.656	18.2	18.143	19.359	19.607	19.808	415.42	415.34
22:56:05	18.659	18.198	18.165	19.387	19.605	19.803	415.42	415.34
22:57:05	18.659	18.198	18.065	19.362	19.608	19.812	415.42	415.34
22:58:05	18.661	18.196	18.031	19.285	19.604	19.81	415.42	415.34
22:59:05	18.662	18.197	18.026	19.242	19.604	19.811	415.42	415.34
23:00:05	18.663	18.196	17.785	19.168	19.607	19.813	415.42	415.34
23:01:05	18.663	18.197	17.589	19.068	19.614	19.805	415.42	415.34
23:02:05	18.659	18.196	17.513	18.973	19.602	19.806	415.42	415.34
23:03:05	18.66	18.196	17.412	18.927	19.6	19.812	415.42	415.34
23:04:05	18.662	18.197	17.447	18.877	19.607	19.811	415.42	415.34
23:05:05	18.663	18.197	17.571	18.833	19.604	19.804	415.42	415.34
23:06:05	18.665	18.199	17.234	18.794	19.609	19.812	415.42	415.34
23:07:05	18.663	18.199	17.277	18.776	19.617	19.813	415.42	415.34
23:08:05	18.664	18.201	17.268	18.762	19.612	19.823	415.42	415.34
23:09:05	18.666	18.202	17.152	18.761	19.614	19.809	415.42	415.34
23:10:05	18.666	18.201	17.05	18.72	19.603	19.802	415.42	415.34
23:11:05	18.666	18.202	16.997	18.666	19.601	19.802	415.42	415.34
23:12:05	18.667	18.204	17.29	18.692	19.605	19.809	415.42	415.34
23:13:05	18.668	18.204	17.495	18.808	19.604	19.81	415.42	415.34
23:14:05	18.667	18.204	17.53	18.873	19.605	19.816	415.42	415.34
23:15:05	18.662	18.202	17.584	18.945	19.602	19.808	415.42	415.34
23:16:05	18.662	18.2	17.668	19.0	19.609	19.813	415.42	415.34
23:17:05	18.66	18.198	17.734	19.06	19.609	19.804	415.42	415.34
23:18:05	18.658	18.197	17.777	19.109	19.6	19.799	415.42	415.34
23:19:05	18.66	18.197	17.883	19.164	19.609	19.806	415.42	415.34
23:20:05	18.661	18.197	17.947	19.211	19.606	19.807	415.42	415.34
23:21:05	18.664	18.195	17.996	19.255	19.608	19.812	415.42	415.34
23:22:05	18.661	18.196	18.05	19.298	19.613	19.811	415.42	415.34
23:23:05	18.662	18.196	18.101	19.342	19.613	19.809	415.42	415.34
23:24:05	18.664	18.197	18.078	19.36	19.615	19.805	415.42	415.34
23:25:05	18.666	18.198	17.971	19.29	19.618	19.8	415.42	415.34
23:26:05	18.666	18.198	17.906	19.222	19.617	19.803	415.42	415.34
23:27:05	18.668	18.2	17.834	19.171	19.608	19.799	415.42	415.34
23:28:05	18.666	18.199	17.631	19.073	19.61	19.805	415.42	415.34
23:29:05	18.663	18.198	17.459	19.002	19.615	19.803	415.42	415.34
23:30:05	18.662	18.199	17.444	18.945	19.607	19.799	415.42	415.34
23:31:06	18.662	18.199	17.4	18.867	19.617	19.798	415.42	415.34
23:32:05	18.661	18.199	17.354	18.814	19.61	19.804	415.42	415.34
23:33:05	18.662	18.198	17.168	18.784	19.613	19.813	415.42	415.34
23:34:05	18.662	18.199	17.185	18.736	19.615	19.805	415.42	415.34
23:35:05	18.662	18.198	17.148	18.718	19.61	19.799	415.42	415.34
23:36:05	18.663	18.197	17.287	18.719	19.6	19.798	415.42	415.34
23:37:05	18.662	18.196	17.431	18.797	19.604	19.807	415.42	415.34
23:38:05	18.661	18.195	17.527	18.876	19.6	19.807	415.42	415.34
23:39:05	18.66	18.195	17.57	18.941	19.607	19.806	415.42	415.34
23:40:05	18.661	18.195	17.64	18.994	19.601	19.804	415.42	415.34
23:41:05	18.66	18.195	17.74	19.058	19.605	19.807	415.42	415.34
23:42:05	18.66	18.195	17.832	19.114	19.611	19.81	415.42	415.34
23:43:05	18.656	18.195	17.905	19.182	19.607	19.802	415.42	415.34
23:44:05	18.656	18.196	17.981	19.233	19.608	19.799	415.42	415.34
23:45:05	18.656	18.195	18.039	19.289	19.598	19.804	415.42	415.34
23:46:05	18.657	18.195	18.082	19.33	19.601	19.809	415.42	415.34
23:47:05	18.658	18.194	18.122	19.357	19.608	19.808	415.42	415.34
23:48:05	18.658	18.196	18.169	19.383	19.61	19.804	415.42	415.34
23:49:05	18.659	18.196	18.077	19.387	19.606	19.803	415.42	415.34
23:50:05	18.658	18.195	17.966	19.328	19.611	19.807	415.42	415.34
23:51:05	18.655	18.195	17.922	19.266	19.613	19.808	415.42	415.34
23:52:05	18.655	18.195	17.842	19.196	19.626	19.811	415.42	415.34
23:53:07	18.657	18.195	17.673	19.109	19.609	19.804	415.42	415.34
23:54:05	18.659	18.196	17.604	18.93	19.613	19.8	415.42	415.34
23:55:05	18.657	18.196	17.331	18.905	19.615	19.802	415.42	415.34
23:56:05	18.657	18.196	17.288	18.807	19.608	19.803	415.42	415.34
23:57:05	18.658	18.196	17.288	18.781	19.605	19.799	415.42	415.34
23:58:05	18.659	18.195	17.216	18.749	19.602	19.804	415.42	415.34
23:59:05	18.659	18.195	17.151	18.731	19.601	19.807	415.42	415.34
