00:00:43	16.117	15.77	15.719	16.257	16.019	16.206	415.42	415.34
00:01:43	16.118	15.772	15.722	16.237	16.02	16.206	415.42	415.34
00:02:43	16.118	15.774	15.718	16.221	16.024	16.206	415.42	415.34
00:03:43	16.117	15.776	15.71	16.198	16.023	16.205	415.42	415.34
00:04:43	16.118	15.777	15.71	16.184	16.027	16.208	415.42	415.34
00:05:43	16.119	15.779	15.708	16.164	16.032	16.208	415.42	415.34
00:06:43	16.119	15.782	15.704	16.169	16.031	16.209	415.42	415.34
00:07:43	16.117	15.782	15.698	16.165	16.033	0.0	415.42	415.34
00:08:43	16.119	15.781	15.691	16.153	16.027	16.203	415.42	415.34
00:09:43	16.118	15.778	15.691	16.265	16.021	16.205	415.42	415.34
00:10:43	16.118	15.774	15.686	16.596	16.016	16.205	415.42	415.34
00:11:43	16.118	15.773	15.685	16.896	16.015	16.205	415.42	415.34
00:12:43	16.118	15.768	15.684	16.981	16.011	16.202	415.42	415.34
00:13:43	16.119	15.766	15.681	16.762	16.01	16.203	415.42	415.34
00:14:43	16.118	15.764	15.688	16.583	16.012	16.209	415.42	415.34
00:15:43	16.118	15.764	15.69	16.53	16.013	16.206	415.42	415.34
00:16:43	16.118	15.763	15.69	16.594	16.014	16.205	415.42	415.34
00:17:43	16.118	15.763	15.703	16.762	16.011	16.203	415.42	415.34
00:18:43	16.118	15.762	15.716	16.802	16.008	16.202	415.42	415.34
00:19:43	16.119	15.762	15.724	16.724	16.009	16.205	415.42	415.34
00:20:43	16.119	15.762	15.727	16.676	16.014	16.208	415.42	415.34
00:21:43	16.118	15.763	0.0	16.676	16.014	16.212	415.42	415.34
00:22:43	16.118	15.764	15.733	16.709	16.016	16.212	415.42	415.34
00:23:43	16.118	15.766	15.738	16.716	16.016	16.211	415.42	415.34
00:24:43	16.119	15.766	15.742	16.744	16.015	16.211	415.42	415.34
00:25:43	16.118	15.766	15.739	16.68	16.012	16.209	415.42	415.34
00:26:43	16.12	15.766	15.727	16.611	16.012	16.208	415.42	415.34
00:27:43	16.119	15.767	15.724	16.507	16.013	16.207	415.42	415.34
00:28:43	16.118	15.766	15.722	16.432	16.015	16.207	415.42	415.34
00:29:43	16.12	15.768	15.714	16.363	16.016	16.211	415.42	415.34
00:30:43	16.12	15.77	15.712	16.309	16.019	16.212	415.42	415.34
00:31:43	16.12	15.771	15.704	16.152	16.021	16.211	415.42	415.34
00:32:43	16.119	15.775	15.701	16.07	16.025	16.209	415.42	415.34
00:33:43	16.119	15.776	15.695	16.04	16.025	16.208	415.42	415.34
00:34:43	16.121	15.778	15.692	16.048	16.023	16.209	415.42	415.34
00:35:43	16.12	15.778	15.69	16.332	16.025	16.206	415.42	415.34
00:36:43	16.12	15.779	15.684	16.814	16.028	16.205	415.42	415.34
00:37:43	16.122	15.78	15.683	17.083	16.024	16.204	415.42	415.34
00:38:43	16.121	15.779	15.678	17.11	16.022	16.208	415.42	415.34
00:39:43	16.12	15.78	15.678	17.109	16.025	16.208	415.42	415.34
00:40:43	16.12	15.779	15.683	17.138	16.022	16.207	415.42	415.34
00:41:43	16.12	15.777	15.683	17.314	16.02	16.208	415.42	415.34
00:42:43	16.12	15.776	15.683	17.292	16.018	16.206	415.42	415.34
00:43:43	16.12	15.775	15.688	17.241	16.019	16.209	415.42	415.34
00:44:43	16.12	15.772	15.701	17.545	16.017	16.205	415.42	415.34
00:45:43	16.121	15.77	15.714	17.888	16.015	16.204	415.42	415.34
00:46:43	16.12	15.77	15.72	17.669	16.016	16.206	415.42	415.34
00:47:43	16.12	15.769	15.724	17.113	16.017	16.207	415.42	415.34
00:48:43	16.121	15.768	15.722	16.698	16.016	16.208	415.42	415.34
00:49:43	16.12	15.768	15.719	16.481	16.016	16.207	415.42	415.34
00:50:43	16.12	15.766	15.714	16.314	16.013	16.206	415.42	415.34
00:51:43	16.12	15.765	15.697	16.251	16.012	16.205	415.42	415.34
00:52:43	16.12	15.763	15.693	16.203	16.013	16.206	415.42	415.34
00:53:43	16.12	15.765	15.694	16.18	16.015	16.207	415.42	415.34
00:54:43	16.12	15.763	15.684	16.146	16.012	16.206	415.42	415.34
00:55:43	16.12	15.761	15.681	16.104	16.009	16.206	415.42	415.34
00:56:43	16.12	15.76	15.669	16.089	16.003	16.204	415.42	415.34
00:57:43	16.119	15.758	15.672	16.062	16.004	16.206	415.42	415.34
00:58:43	16.12	15.758	15.672	16.07	16.003	16.204	415.42	415.34
00:59:43	16.119	15.755	15.67	16.071	16.003	16.203	415.42	415.34
01:00:43	16.119	15.754	15.669	16.055	16.003	16.202	415.42	415.34
01:01:43	16.119	15.752	15.661	16.059	16.0	16.204	415.42	415.34
01:02:43	16.121	15.755	15.662	16.061	16.002	16.204	415.42	415.34
01:03:43	16.119	15.759	15.663	16.075	16.008	0.0	415.42	415.34
01:04:43	16.119	15.761	15.667	16.077	16.01	16.208	415.42	415.34
01:05:43	16.121	15.765	15.664	16.164	16.013	16.209	415.42	415.34
01:06:43	16.12	15.768	15.668	16.492	16.013	16.208	415.42	415.34
01:07:43	16.12	15.77	15.671	16.723	16.015	16.206	415.42	415.34
01:08:43	16.121	15.77	15.666	16.768	16.012	16.205	415.42	415.34
01:09:43	16.119	15.769	15.671	16.751	16.011	16.199	415.42	415.34
01:10:43	16.119	15.767	15.678	16.801	16.011	16.202	415.42	415.34
01:11:43	16.119	15.764	15.682	16.896	16.008	16.201	415.42	415.34
01:12:43	16.12	15.763	15.681	16.952	16.009	16.203	415.42	415.34
01:13:43	16.12	15.763	15.691	16.963	16.01	16.205	415.42	415.34
01:14:43	16.119	15.764	15.711	16.978	16.011	16.204	415.42	415.34
01:15:43	16.12	15.765	15.709	16.988	16.013	16.205	415.42	415.34
01:16:43	16.12	15.766	15.723	17.063	16.012	16.205	415.42	415.34
01:17:43	16.119	15.767	15.739	16.953	16.01	16.204	415.42	415.34
01:18:43	16.12	15.765	15.74	16.828	16.008	16.203	415.42	415.34
01:19:43	16.12	15.764	15.742	16.774	16.008	16.202	415.42	415.34
01:20:43	16.121	15.762	15.753	16.687	16.006	16.203	415.42	415.34
01:21:43	16.12	15.762	15.747	16.561	16.01	16.205	415.42	415.34
01:22:43	16.12	15.763	15.741	16.531	16.011	16.205	415.42	415.34
01:23:43	16.12	15.764	15.739	16.552	16.012	16.206	415.42	415.34
01:24:43	16.12	15.763	15.727	16.582	16.007	16.202	415.42	415.34
01:25:43	16.119	15.763	15.732	16.594	16.005	16.204	415.42	415.34
01:26:43	16.119	15.763	15.727	16.495	16.008	16.204	415.42	415.34
01:27:43	16.12	15.761	15.721	16.509	16.004	16.201	415.42	415.34
01:28:43	16.119	15.758	15.713	16.45	16.0	16.2	415.42	415.34
01:29:43	16.119	15.757	15.713	16.399	16.002	16.202	415.42	415.34
01:30:43	16.119	15.756	15.707	16.355	16.003	16.203	415.42	415.34
01:31:43	16.118	15.755	15.7	16.314	16.0	16.202	415.42	415.34
01:32:43	16.118	15.755	15.696	16.165	15.998	16.201	415.42	415.34
01:33:43	16.12	15.755	15.675	15.911	15.998	16.203	415.42	415.34
01:34:43	16.117	15.754	15.672	15.929	15.995	16.204	415.42	415.34
01:35:43	16.118	15.754	15.671	15.952	15.999	16.203	415.42	415.34
01:36:43	16.118	15.754	15.667	16.089	15.999	16.201	415.42	415.34
01:37:43	16.117	15.752	15.663	16.32	15.993	16.202	415.42	415.34
01:38:43	16.119	15.751	15.664	16.337	15.992	16.196	415.42	415.34
01:39:43	16.118	15.75	15.663	16.354	15.992	16.197	415.42	415.34
01:40:43	16.118	15.75	15.664	16.516	15.994	16.202	415.42	415.34
01:41:43	16.117	15.75	15.665	16.649	15.996	16.2	415.42	415.34
01:42:43	16.117	15.751	15.67	16.905	15.999	16.202	415.42	415.34
01:43:43	16.117	15.75	15.67	16.855	15.998	16.202	415.42	415.34
01:44:43	16.118	15.753	15.686	16.871	16.003	16.201	415.42	415.34
01:45:43	16.118	15.758	15.699	16.944	16.007	16.206	415.42	415.34
01:46:43	16.117	15.761	15.709	16.944	16.011	16.208	415.42	415.34
01:47:43	16.118	15.763	15.713	17.006	16.01	16.207	415.42	415.34
01:48:43	16.117	15.763	15.712	17.172	16.01	16.21	415.42	415.34
01:49:43	16.118	15.765	15.708	17.175	16.011	16.207	415.42	415.34
01:50:43	16.118	15.765	15.704	17.321	16.01	16.206	415.42	415.34
01:51:43	16.117	15.764	15.707	17.039	16.008	16.202	415.42	415.34
01:52:43	16.117	15.764	15.714	16.724	16.01	16.204	415.42	415.34
01:53:43	16.117	15.765	15.713	16.517	16.011	16.206	415.42	415.34
01:54:43	16.118	15.767	15.707	16.363	16.012	16.206	415.42	415.34
01:55:43	16.118	15.766	15.704	16.302	16.01	16.204	415.42	415.34
01:56:43	16.117	15.766	15.698	16.285	16.012	16.206	415.42	415.34
01:57:43	16.118	15.766	15.699	16.246	16.011	16.208	415.42	415.34
01:58:43	16.117	15.768	15.69	16.217	16.011	16.208	415.42	415.34
01:59:43	16.118	15.767	15.681	16.197	16.013	16.207	415.42	415.34
02:00:43	16.118	15.768	15.682	16.183	16.015	16.208	415.42	415.34
02:01:43	16.117	15.771	15.681	16.163	16.019	16.209	415.42	415.34
02:02:44	16.118	15.771	15.678	16.145	16.02	16.209	415.42	415.34
02:03:43	16.117	15.773	15.67	16.146	16.021	16.209	415.42	415.34
02:04:45	16.118	15.774	15.664	16.135	16.024	16.21	415.42	415.34
02:05:43	16.119	15.776	15.666	16.133	16.023	16.208	415.42	415.34
02:06:43	16.119	15.779	15.663	16.132	16.023	16.206	415.42	415.34
02:07:43	16.119	15.779	15.656	16.163	16.021	16.203	415.42	415.34
02:08:43	16.12	15.777	15.65	16.366	16.02	16.203	415.42	415.34
02:09:43	16.119	15.775	15.65	16.553	16.015	16.205	415.42	415.34
02:10:43	16.118	15.773	15.65	16.543	16.016	16.203	415.42	415.34
02:11:43	16.118	15.773	15.659	16.524	16.016	16.206	415.42	415.34
02:12:43	16.119	15.772	15.658	16.523	16.019	16.207	415.42	415.34
02:13:43	16.118	15.772	15.662	16.496	16.021	16.208	415.42	415.34
02:14:43	16.118	15.772	15.672	16.459	16.019	16.205	415.42	415.34
02:15:43	16.118	15.772	15.684	16.469	16.018	16.205	415.42	415.34
02:16:43	16.118	15.773	15.682	16.425	16.023	16.205	415.42	415.34
02:17:43	16.118	15.773	15.684	16.515	16.025	16.205	415.42	415.34
02:18:43	16.119	15.775	15.684	16.619	16.024	16.205	415.42	415.34
02:19:43	16.118	15.774	15.677	16.779	16.022	16.207	415.42	415.34
02:20:43	16.118	15.774	15.686	16.952	16.022	16.207	415.42	415.34
02:21:43	16.118	15.772	15.695	16.965	16.021	16.205	415.42	415.34
02:22:43	16.118	15.773	15.704	17.07	16.02	16.207	415.42	415.34
02:23:43	16.118	15.771	15.718	16.828	16.017	16.204	415.42	415.34
02:24:43	16.119	15.77	15.714	16.87	16.017	16.207	415.42	415.34
02:25:43	16.119	15.771	15.708	16.958	16.02	16.209	415.42	415.34
02:26:43	16.119	15.772	15.721	16.91	16.022	16.208	415.42	415.34
02:27:43	16.119	15.774	15.719	16.767	16.024	16.213	415.42	415.34
02:28:43	16.119	15.776	15.731	16.772	16.026	16.213	415.42	415.34
02:29:43	16.12	15.778	15.727	16.801	16.024	16.208	415.42	415.34
02:30:43	16.119	15.778	15.732	16.916	16.026	16.207	415.42	415.34
02:31:43	16.119	15.777	15.737	16.924	16.027	16.208	415.42	415.34
02:32:43	16.119	15.776	15.738	16.909	16.024	16.205	415.42	415.34
02:33:43	16.12	15.775	15.734	16.909	16.02	16.204	415.42	415.34
02:34:43	16.119	15.774	15.748	16.788	16.021	16.208	415.42	415.34
02:35:43	16.119	15.774	15.754	16.769	16.02	16.209	415.42	415.34
02:36:43	16.118	15.773	15.745	16.755	16.019	16.207	415.42	415.34
02:37:43	16.118	15.774	15.751	16.708	16.019	16.205	415.42	415.34
02:38:43	16.119	15.774	15.754	16.652	16.018	16.207	415.42	415.34
02:39:43	16.118	15.77	15.739	16.64	16.015	16.206	415.42	415.34
02:40:43	16.118	15.767	15.728	16.568	16.012	16.203	415.42	415.34
02:41:43	16.118	15.767	15.72	16.457	16.012	16.206	415.42	415.34
02:42:43	16.117	15.764	15.715	16.389	16.013	16.207	415.42	415.34
02:43:43	16.118	15.762	15.707	16.345	16.011	16.204	415.42	415.34
02:44:43	16.118	15.761	15.7	16.207	16.01	16.204	415.42	415.34
02:45:43	16.118	15.758	15.688	16.081	16.007	16.203	415.42	415.34
02:46:43	16.117	15.758	15.679	16.054	16.007	16.202	415.42	415.34
02:47:43	16.117	15.757	15.676	16.016	16.006	16.202	415.42	415.34
02:48:43	16.117	15.757	15.675	16.004	16.004	16.204	415.42	415.34
02:49:43	16.117	15.755	15.666	16.168	15.999	16.203	415.42	415.34
02:50:43	16.117	15.755	15.663	16.511	16.002	16.203	415.42	415.34
02:51:43	16.117	15.755	15.662	16.782	16.004	16.203	415.42	415.34
02:52:43	16.118	15.756	15.664	16.934	16.006	16.203	415.42	415.34
02:53:43	16.117	15.757	15.668	17.119	16.006	16.206	415.42	415.34
02:54:43	16.117	15.76	15.671	17.245	16.01	16.207	415.42	415.34
02:55:43	16.118	15.764	15.67	17.206	16.013	16.21	415.42	415.34
02:56:43	16.119	15.766	15.673	17.021	16.014	16.209	415.42	415.34
02:57:43	16.117	15.767	15.69	16.939	16.016	16.203	415.42	415.34
02:58:43	16.118	15.769	15.708	17.056	16.017	16.205	415.42	415.34
02:59:43	16.119	15.77	15.709	17.022	16.018	16.203	415.42	415.34
03:00:43	16.118	15.771	15.708	17.137	16.017	16.205	415.42	415.34
03:01:43	16.118	15.771	15.716	17.183	16.015	16.203	415.42	415.34
03:02:43	16.118	15.768	15.716	16.997	16.014	16.203	415.42	415.34
03:03:43	16.118	15.767	15.729	16.859	16.012	16.201	415.42	415.34
03:04:43	16.117	15.766	15.723	16.699	16.01	16.202	415.42	415.34
03:05:43	16.117	15.763	15.731	16.662	16.009	16.2	415.42	415.34
03:06:43	16.118	15.761	15.729	16.647	16.006	16.202	415.42	415.34
03:07:43	16.117	15.76	15.726	16.699	16.005	16.201	415.42	415.34
03:08:43	16.117	15.76	15.728	16.663	16.006	16.202	415.42	415.34
03:09:43	16.117	15.759	15.724	16.68	16.006	16.201	415.42	415.34
03:10:43	16.117	15.761	15.728	16.599	16.005	16.203	415.42	415.34
03:11:43	16.117	15.76	15.733	16.71	16.002	16.2	415.42	415.34
03:12:43	16.117	15.758	15.74	16.803	16.003	16.202	415.42	415.34
03:13:43	16.117	15.756	15.743	16.913	16.001	16.201	415.42	415.34
03:14:43	16.117	15.755	15.739	16.948	16.0	16.2	415.42	415.34
03:15:43	16.117	15.753	15.728	16.848	15.999	16.199	415.42	415.34
03:16:43	16.117	15.751	15.738	16.756	15.991	16.199	415.42	415.34
03:17:43	16.116	15.748	15.747	16.751	15.99	16.2	415.42	415.34
03:18:43	16.116	15.746	15.741	16.635	15.986	16.198	415.42	415.34
03:19:43	16.116	15.742	15.745	16.614	15.983	16.192	415.42	415.34
03:20:43	16.115	15.74	15.733	16.704	15.983	16.195	415.42	415.34
03:21:43	16.115	15.74	15.747	16.735	15.981	16.191	415.42	415.34
03:22:43	16.116	15.737	15.74	16.712	15.986	16.197	415.42	415.34
03:23:43	16.115	15.739	15.735	16.688	15.986	16.195	415.42	415.34
03:24:43	16.115	15.739	15.741	16.575	15.991	16.197	415.42	415.34
03:25:43	16.114	15.741	15.732	16.611	15.992	16.197	415.42	415.34
03:26:43	16.115	15.743	15.733	16.7	15.989	16.197	415.42	415.34
03:27:43	16.114	15.744	15.749	16.768	15.991	16.196	415.42	415.34
03:28:43	16.115	15.744	15.756	16.793	15.995	16.197	415.42	415.34
03:29:43	16.115	15.746	15.757	16.72	15.995	16.198	415.42	415.34
03:30:43	16.115	15.746	15.749	16.591	15.991	16.197	415.42	415.34
03:31:43	16.113	15.745	15.743	16.547	15.993	16.197	415.42	415.34
03:32:43	16.113	15.745	15.746	16.639	15.992	16.198	415.42	415.34
03:33:43	16.114	15.746	15.751	16.654	15.99	16.196	415.42	415.34
03:34:43	16.113	15.746	15.751	16.656	15.99	16.191	415.42	415.34
03:35:43	16.114	15.745	15.753	16.599	15.991	16.193	415.42	415.34
03:36:43	16.113	15.745	15.753	16.649	15.989	16.197	415.42	415.34
03:37:43	16.114	15.745	15.745	16.821	15.986	16.198	415.42	415.34
03:38:43	16.113	15.743	15.736	17.089	15.986	16.196	415.42	415.34
03:39:43	16.114	15.745	15.737	17.309	15.985	16.2	415.42	415.34
03:40:43	16.112	15.745	15.74	17.248	15.985	16.202	415.42	415.34
03:41:43	16.112	15.745	15.746	17.075	15.99	16.199	415.42	415.34
03:42:43	16.113	15.746	15.748	16.999	15.993	16.199	415.42	415.34
03:43:43	16.113	15.746	15.75	16.759	15.993	16.199	415.42	415.34
03:44:43	16.113	15.748	15.749	16.541	15.996	16.199	415.42	415.34
03:45:43	16.112	15.749	15.746	16.414	15.994	16.202	415.42	415.34
03:46:43	16.113	15.752	15.742	16.331	15.996	16.2	415.42	415.34
03:47:43	16.114	0.0	15.735	16.317	15.997	16.2	415.42	415.34
03:48:43	16.114	15.756	15.729	16.306	15.997	16.201	415.42	415.34
03:49:43	16.114	15.755	15.726	16.286	15.998	16.2	415.42	415.34
03:50:43	16.113	15.757	15.723	16.264	16.001	16.202	415.42	415.34
03:51:43	16.114	15.757	15.721	16.249	16.002	16.204	415.42	415.34
03:52:43	16.113	15.76	15.717	16.236	16.003	16.204	415.42	415.34
03:53:43	16.114	15.762	15.714	16.192	16.006	16.206	415.42	415.34
03:54:43	16.114	15.765	15.714	16.179	16.008	16.203	415.42	415.34
03:55:43	16.113	15.764	15.699	16.175	16.006	16.203	415.42	415.34
03:56:43	16.113	15.763	15.687	16.17	16.005	16.201	415.42	415.34
03:57:43	16.114	15.763	15.694	16.168	16.007	16.203	415.42	415.34
03:58:43	16.113	15.765	15.694	16.202	16.009	16.202	415.42	415.34
03:59:43	16.114	15.765	15.694	16.617	16.009	16.203	415.42	415.34
04:00:43	16.115	15.765	15.693	16.875	16.01	16.203	415.42	415.34
04:01:43	16.115	15.765	15.687	16.856	16.008	16.203	415.42	415.34
04:02:43	16.114	15.764	15.688	16.792	16.005	16.203	415.42	415.34
04:03:43	16.114	15.763	15.693	16.683	16.003	16.202	415.42	415.34
04:04:43	16.114	15.762	15.697	16.573	15.999	16.198	415.42	415.34
04:05:43	16.114	15.761	15.706	16.528	15.997	16.2	415.42	415.34
04:06:43	16.114	15.759	15.707	16.448	16.0	16.199	415.42	415.34
04:07:43	16.114	15.759	15.703	16.416	16.001	16.202	415.42	415.34
04:08:43	16.114	15.759	15.699	16.377	15.996	16.203	415.42	415.34
04:09:43	16.113	15.757	15.697	16.314	15.995	16.202	415.42	415.34
04:10:43	16.114	15.758	15.686	16.265	15.995	16.2	415.42	415.34
04:11:43	16.114	15.757	15.68	16.053	15.995	16.2	415.42	415.34
04:12:43	16.114	15.759	15.674	15.937	15.999	16.2	415.42	415.34
04:13:43	16.115	15.759	15.67	15.942	16.001	16.2	415.42	415.34
04:14:43	16.114	15.76	15.667	15.94	16.002	16.199	415.42	415.34
04:15:43	16.114	15.759	15.663	16.059	16.003	16.2	415.42	415.34
04:16:44	16.114	15.76	15.657	16.444	16.001	16.199	415.42	415.34
04:17:43	16.115	15.759	15.656	16.831	16.0	16.199	415.42	415.34
04:18:43	16.115	15.758	15.654	16.934	16.0	16.201	415.42	415.34
04:19:43	16.116	15.759	15.658	17.034	16.0	16.203	415.42	415.34
04:20:43	16.114	15.758	15.658	17.029	15.998	16.203	415.42	415.34
04:21:43	16.114	15.758	15.659	17.148	15.997	16.2	415.42	415.34
04:22:43	16.116	15.758	15.66	17.057	15.996	16.2	415.42	415.34
04:23:43	16.115	15.758	15.674	17.083	15.998	16.198	415.42	415.34
04:24:43	16.116	15.759	15.681	17.111	15.996	16.199	415.42	415.34
04:25:43	16.114	15.76	15.684	17.235	15.996	16.2	415.42	415.34
04:26:43	16.116	15.759	15.685	17.171	15.994	16.2	415.42	415.34
04:27:43	16.115	15.758	15.691	17.218	15.995	16.199	415.42	415.34
04:28:43	16.114	15.758	15.694	17.225	15.997	16.2	415.42	415.34
04:29:43	16.114	15.759	15.697	16.971	15.995	16.196	415.42	415.34
04:30:43	16.114	15.758	15.711	16.823	15.997	16.198	415.42	415.34
04:31:43	16.115	15.757	15.718	16.851	15.998	16.198	415.42	415.34
04:32:43	16.114	15.756	15.715	16.733	15.999	16.195	415.42	415.34
04:33:43	16.114	15.753	15.706	16.687	15.997	16.193	415.42	415.34
04:34:43	0.0	15.752	15.712	16.741	15.995	16.19	415.42	415.34
04:35:43	16.115	15.752	15.708	16.708	15.994	16.192	415.42	415.34
04:36:43	16.114	15.751	15.71	16.634	15.99	16.198	415.42	415.34
04:37:43	16.114	15.751	15.711	16.685	15.987	16.198	415.42	415.34
04:38:43	16.113	15.749	15.715	16.659	15.989	16.199	415.42	415.34
04:39:43	16.115	15.749	15.724	16.7	15.994	16.198	415.42	415.34
04:40:43	16.114	15.751	15.718	16.606	15.989	16.2	415.42	415.34
04:41:43	16.114	15.749	15.712	16.537	15.987	16.196	415.42	415.34
04:42:43	16.114	15.749	15.728	16.73	15.99	16.198	415.42	415.34
04:43:43	16.114	15.749	15.715	16.769	15.995	16.198	415.42	415.34
04:44:43	16.114	15.748	15.714	16.776	15.998	16.196	415.42	415.34
04:45:43	16.114	15.75	15.719	16.616	15.996	16.195	415.42	415.34
04:46:43	16.114	15.75	15.712	16.718	15.993	16.197	415.42	415.34
04:47:43	16.114	15.751	15.709	16.711	15.998	16.2	415.42	415.34
04:48:43	16.114	15.753	15.712	16.769	15.996	16.197	415.42	415.34
04:49:43	16.113	15.753	15.729	16.751	15.993	16.2	415.42	415.34
04:50:43	16.114	15.755	15.732	16.761	15.995	16.2	415.42	415.34
04:51:43	16.113	15.757	15.726	16.739	15.997	16.203	415.42	415.34
04:52:43	16.114	15.758	15.742	16.654	16.0	16.201	415.42	415.34
04:53:43	16.113	15.76	15.742	16.625	16.002	16.2	415.42	415.34
04:54:43	16.113	15.76	15.741	16.609	16.002	16.2	415.42	415.34
04:55:43	16.114	15.76	15.74	16.716	16.001	16.203	415.42	415.34
04:56:43	16.114	15.761	15.732	16.773	16.002	16.202	415.42	415.34
04:57:43	16.114	15.761	15.732	16.769	16.002	16.205	415.42	415.34
04:58:43	16.114	15.761	15.728	16.748	16.003	16.2	415.42	415.34
04:59:43	16.114	15.761	15.739	16.771	16.003	16.201	415.42	415.34
05:00:43	16.114	15.761	15.747	16.864	16.004	16.2	415.42	415.34
05:01:43	16.114	15.762	15.746	16.834	16.004	16.202	415.42	415.34
05:02:43	16.114	15.762	15.753	16.829	16.005	16.201	415.42	415.34
05:03:43	16.114	15.762	15.759	16.754	16.005	16.204	415.42	415.34
05:04:43	16.114	15.765	15.753	16.734	16.007	16.204	415.42	415.34
05:05:43	16.114	15.766	15.759	16.735	16.009	16.202	415.42	415.34
05:06:43	16.114	15.767	15.763	16.663	16.01	16.206	415.42	415.34
05:07:43	16.113	15.767	15.763	16.613	16.008	16.204	415.42	415.34
05:08:43	16.114	15.767	15.754	16.669	16.007	16.203	415.42	415.34
05:09:43	16.114	15.767	15.741	16.547	16.007	16.202	415.42	415.34
05:10:43	16.114	15.766	15.735	16.457	16.008	16.202	415.42	415.34
05:11:43	16.114	15.767	15.729	16.38	16.007	16.204	415.42	415.34
05:12:43	16.114	15.767	15.721	16.297	16.006	16.202	415.42	415.34
05:13:43	16.113	15.766	15.707	16.123	16.005	16.203	415.42	415.34
05:14:43	16.114	15.767	15.689	16.027	16.007	16.201	415.42	415.34
05:15:43	16.115	15.765	15.685	16.03	16.007	16.202	415.42	415.34
05:16:43	16.113	15.765	15.683	16.021	16.005	16.2	415.42	415.34
05:17:43	16.114	15.764	15.679	16.055	16.003	16.199	415.42	415.34
05:18:43	16.114	15.761	15.672	16.333	16.003	16.202	415.42	415.34
05:19:43	16.114	15.763	15.675	16.698	16.004	16.201	415.42	415.34
05:20:43	16.114	15.762	15.673	16.862	16.003	16.2	415.42	415.34
05:21:43	16.114	15.763	15.676	17.01	16.002	16.203	415.42	415.34
05:22:43	16.114	15.763	15.681	17.284	16.004	16.201	415.42	415.34
05:23:43	16.114	15.764	15.684	17.328	16.006	16.202	415.42	415.34
05:24:43	16.115	15.763	15.686	17.112	16.003	16.202	415.42	415.34
05:25:43	16.114	15.764	15.697	16.886	16.002	16.2	415.42	415.34
05:26:43	16.114	15.763	15.702	16.763	16.001	16.2	415.42	415.34
05:27:43	16.114	15.762	15.714	17.042	16.0	16.199	415.42	415.34
05:28:43	16.114	15.761	15.717	17.55	15.996	16.199	415.42	415.34
05:29:43	16.113	15.759	15.734	17.668	15.994	16.197	415.42	415.34
05:30:43	16.114	15.757	15.734	17.674	15.994	16.199	415.42	415.34
05:31:43	16.114	15.756	15.734	17.125	15.987	16.198	415.42	415.34
05:32:43	16.114	15.754	15.729	16.725	15.988	16.196	415.42	415.34
05:33:43	16.115	15.753	15.725	16.485	15.987	16.197	415.42	415.34
05:34:43	16.114	15.751	15.718	16.36	15.987	16.197	415.42	415.34
05:35:43	16.114	15.752	15.712	16.312	15.988	16.194	415.42	415.34
05:36:43	16.114	15.751	15.705	16.27	15.989	16.196	415.42	415.34
05:37:43	16.114	15.75	15.703	16.236	15.993	16.197	415.42	415.34
05:38:43	16.114	15.749	15.694	16.206	15.993	16.193	415.42	415.34
05:39:43	16.113	15.752	15.691	16.184	15.997	16.198	415.42	415.34
05:40:43	16.114	15.752	15.683	16.168	15.997	16.199	415.42	415.34
05:41:43	16.113	15.751	15.683	16.14	15.998	16.197	415.42	415.34
05:42:43	16.113	15.751	15.68	16.106	15.998	16.199	415.42	415.34
05:43:43	16.113	15.753	15.678	16.11	15.998	16.2	415.42	415.34
05:44:43	16.113	15.753	15.674	16.121	15.999	16.2	415.42	415.34
05:45:43	16.113	15.753	15.667	16.124	15.999	16.198	415.42	415.34
05:46:43	16.113	15.753	15.665	16.122	15.996	16.199	415.42	415.34
05:47:43	16.114	15.754	15.655	16.126	15.995	16.202	415.42	415.34
05:48:43	16.114	15.755	15.652	16.309	15.998	16.197	415.42	415.34
05:49:43	16.114	15.755	15.653	16.572	16.001	16.2	415.42	415.34
05:50:43	16.113	15.757	15.657	16.621	16.002	16.2	415.42	415.34
05:51:43	16.114	15.758	15.662	16.743	16.002	16.199	415.42	415.34
05:52:43	16.113	15.759	15.664	16.818	16.002	16.198	415.42	415.34
05:53:43	16.114	15.76	15.661	16.756	16.002	16.2	415.42	415.34
05:54:43	16.114	15.763	15.677	16.636	16.005	16.201	415.42	415.34
05:55:43	16.114	15.764	15.683	16.538	16.004	16.203	415.42	415.34
05:56:43	16.115	15.767	15.684	16.6	16.008	16.203	415.42	415.34
05:57:43	16.114	15.768	15.687	16.619	16.009	16.203	415.42	415.34
05:58:43	16.114	15.769	15.693	16.657	16.008	16.206	415.42	415.34
05:59:43	0.0	15.769	15.701	16.62	16.01	16.204	415.42	415.34
06:00:43	16.114	15.771	15.692	16.523	16.012	16.204	415.42	415.34
06:01:43	16.115	15.772	15.689	16.559	16.013	16.203	415.42	415.34
06:02:43	16.114	15.773	15.689	16.579	16.012	16.204	415.42	415.34
06:03:43	16.114	15.773	15.684	16.636	16.012	16.202	415.42	415.34
06:04:43	16.114	15.772	15.686	16.703	16.011	16.202	415.42	415.34
06:05:43	16.114	15.771	15.686	16.703	16.012	16.202	415.42	415.34
06:06:43	16.115	15.773	15.686	16.712	16.012	16.204	415.42	415.34
06:07:43	16.115	15.772	15.695	16.757	16.012	16.204	415.42	415.34
06:08:43	16.114	15.774	15.701	16.831	16.014	16.209	415.42	415.34
06:09:43	16.116	15.774	15.705	16.776	16.015	16.205	415.42	415.34
06:10:43	16.116	15.774	15.707	16.617	16.014	16.205	415.42	415.34
06:11:43	16.115	15.775	15.707	16.584	16.016	16.203	415.42	415.34
06:12:43	16.114	15.774	15.711	16.55	16.014	16.202	415.42	415.34
06:13:43	16.115	15.773	15.709	16.649	16.012	16.203	415.42	415.34
06:14:43	16.114	15.771	15.702	16.633	16.011	16.203	415.42	415.34
06:15:43	16.114	15.769	15.714	16.789	16.008	16.201	415.42	415.34
06:16:43	16.115	15.767	15.711	16.775	16.008	16.199	415.42	415.34
06:17:43	16.116	15.766	15.705	16.888	16.005	16.199	415.42	415.34
06:18:43	16.115	15.764	15.698	17.043	16.006	16.198	415.42	415.34
06:19:43	16.115	15.764	15.708	17.054	16.007	16.199	415.42	415.34
06:20:43	16.115	15.764	15.715	17.047	16.008	16.2	415.42	415.34
06:21:43	16.114	15.765	15.717	16.87	16.009	16.202	415.42	415.34
06:22:43	16.115	15.766	15.731	16.777	16.009	16.203	415.42	415.34
06:23:43	16.114	15.768	15.745	16.815	16.008	16.203	415.42	415.34
06:24:43	16.115	15.768	15.738	16.807	16.009	16.203	415.42	415.34
06:25:43	16.114	15.769	15.732	16.797	16.009	16.206	415.42	415.34
06:26:43	16.116	15.769	15.729	16.71	16.01	16.205	415.42	415.34
06:27:43	16.116	15.769	15.743	16.733	16.01	16.203	415.42	415.34
06:28:43	16.115	15.768	15.736	16.639	16.008	16.202	415.42	415.34
06:29:43	16.114	15.768	15.724	16.796	16.007	16.203	415.42	415.34
06:30:43	16.116	15.766	15.734	16.925	16.006	16.201	415.42	415.34
06:31:43	16.114	15.764	15.73	16.947	16.004	16.2	415.42	415.34
06:32:43	16.114	15.762	15.729	16.813	16.002	16.202	415.42	415.34
06:33:43	16.115	15.76	15.729	16.809	16.001	16.201	415.42	415.34
06:34:43	16.115	15.76	15.724	16.783	16.003	16.201	415.42	415.34
06:35:43	16.115	15.76	15.723	16.74	16.003	16.2	415.42	415.34
06:36:43	16.114	15.759	15.72	16.541	16.001	16.199	415.42	415.34
06:37:43	16.114	15.757	15.712	16.397	15.999	16.2	415.42	415.34
06:38:43	16.115	15.756	15.706	16.339	15.999	16.194	415.42	415.34
06:39:43	16.114	15.755	15.697	16.266	15.993	16.196	415.42	415.34
06:40:43	16.114	15.755	15.678	16.013	15.99	16.198	415.42	415.34
06:41:43	16.114	15.753	15.65	15.849	15.992	16.198	415.42	415.34
06:42:43	16.114	15.751	15.639	15.889	15.994	16.197	415.42	415.34
06:43:43	16.114	15.75	15.645	15.915	15.994	16.197	415.42	415.34
06:44:43	16.113	15.751	15.64	15.892	15.99	16.195	415.42	415.34
06:45:43	16.114	15.75	15.635	15.98	15.988	16.197	415.42	415.34
06:46:43	16.113	15.751	15.638	16.268	15.993	16.195	415.42	415.34
06:47:43	16.114	15.749	15.634	16.412	15.994	16.195	415.42	415.34
06:48:43	16.114	15.749	15.633	16.473	15.993	16.195	415.42	415.34
06:49:43	16.113	15.749	15.624	16.447	15.996	16.194	415.42	415.34
06:50:43	16.111	15.75	15.626	16.585	15.996	16.196	415.42	415.34
06:51:43	16.112	15.749	15.628	16.594	15.993	16.197	415.42	415.34
06:52:43	16.112	15.749	15.634	16.597	15.99	16.196	415.42	415.34
06:53:43	16.113	15.748	15.638	16.556	15.989	16.19	415.42	415.34
06:54:43	16.111	15.746	15.64	16.609	15.989	16.192	415.42	415.34
06:55:43	16.112	15.744	15.646	16.692	15.991	16.193	415.42	415.34
06:56:43	16.112	15.745	15.65	16.796	15.987	16.195	415.42	415.34
06:57:43	16.112	15.743	15.653	16.931	15.988	16.19	415.42	415.34
06:58:43	16.111	15.743	15.662	17.113	15.989	16.192	415.42	415.34
06:59:43	16.111	15.742	15.674	17.244	15.99	16.187	415.42	415.34
07:00:43	16.111	15.742	15.679	17.403	15.992	16.191	415.42	415.34
07:01:43	16.111	15.743	15.69	17.586	15.991	16.191	415.42	415.34
07:02:43	16.112	15.745	15.699	17.732	15.989	16.193	415.42	415.34
07:03:43	16.112	15.747	15.7	17.324	15.989	16.194	415.42	415.34
07:04:43	16.111	15.749	15.702	16.856	15.99	16.196	415.42	415.34
07:05:43	16.111	15.75	15.701	16.588	15.994	16.197	415.42	415.34
07:06:43	16.111	15.752	15.698	16.405	15.995	16.198	415.42	415.34
07:07:43	16.112	15.753	15.692	16.316	15.993	16.198	415.42	415.34
07:08:43	16.111	15.755	15.683	16.267	15.995	16.201	415.42	415.34
07:09:43	16.111	15.755	15.674	16.219	15.997	16.199	415.42	415.34
07:10:43	16.112	15.755	15.672	16.185	15.998	16.196	415.42	415.34
07:11:43	16.112	15.755	15.668	16.16	15.999	16.196	415.42	415.34
07:12:43	16.111	15.754	15.66	16.137	15.998	16.198	415.42	415.34
07:13:43	16.111	15.754	15.653	16.098	15.998	16.198	415.42	415.34
07:14:43	16.112	15.753	15.65	16.084	15.996	16.195	415.42	415.34
07:15:43	16.111	15.753	15.65	16.09	15.992	16.196	415.42	415.34
07:16:43	16.111	15.753	15.644	16.082	15.993	16.196	415.42	415.34
07:17:43	16.111	15.752	15.634	16.066	15.993	16.197	415.42	415.34
07:18:43	16.111	15.752	15.626	16.073	15.99	16.195	415.42	415.34
07:19:43	16.11	15.751	15.622	16.2	15.987	16.195	415.42	415.34
07:20:43	16.111	15.752	15.624	16.536	15.992	16.197	415.42	415.34
07:21:43	16.111	15.751	15.629	16.772	15.997	16.194	415.42	415.34
07:22:43	16.111	15.752	15.626	16.701	15.991	16.194	415.42	415.34
07:23:43	16.111	15.752	15.631	16.544	15.991	16.197	415.42	415.34
07:24:43	16.111	15.754	15.644	16.478	15.992	16.198	415.42	415.34
07:25:43	16.111	15.755	15.646	16.471	15.996	16.197	415.42	415.34
07:26:43	16.111	15.756	15.653	16.423	15.995	16.198	415.42	415.34
07:27:43	16.111	15.754	15.65	16.461	15.995	16.198	415.42	415.34
07:28:43	16.111	15.755	15.652	16.489	15.996	16.199	415.42	415.34
07:29:43	16.111	15.755	15.654	16.579	15.996	16.198	415.42	415.34
07:30:43	16.109	15.756	15.659	16.719	16.0	16.198	415.42	415.34
07:31:43	16.11	15.757	15.67	16.811	15.999	16.199	415.42	415.34
07:32:43	16.11	15.757	15.68	16.76	15.998	16.202	415.42	415.34
07:33:43	16.11	15.758	15.678	16.698	15.998	16.2	415.42	415.34
07:34:43	16.11	15.757	15.681	16.708	15.995	16.198	415.42	415.34
07:35:43	16.11	15.757	15.689	16.79	15.997	16.199	415.42	415.34
07:36:43	16.11	15.756	15.697	16.702	15.995	16.197	415.42	415.34
07:37:43	16.11	15.756	15.693	16.582	15.997	16.198	415.42	415.34
07:38:43	16.111	15.756	15.685	16.546	15.996	16.2	415.42	415.34
07:39:43	16.11	15.755	15.678	16.604	15.994	16.196	415.42	415.34
07:40:43	16.11	15.754	15.678	16.684	15.993	16.194	415.42	415.34
07:41:43	16.111	15.752	15.676	16.861	15.992	16.193	415.42	415.34
07:42:43	16.109	15.751	15.677	17.084	15.994	16.194	415.42	415.34
07:43:43	16.11	15.751	15.678	17.077	15.99	16.193	415.42	415.34
07:44:43	16.11	15.749	15.696	17.11	15.987	16.194	415.42	415.34
07:45:43	16.11	15.748	15.695	16.999	15.986	16.189	415.42	415.34
07:46:43	16.109	15.748	15.701	17.097	15.984	16.191	415.42	415.34
07:47:43	16.109	15.748	15.72	17.08	15.987	16.192	415.42	415.34
07:48:43	16.108	15.748	15.711	17.095	15.986	16.192	415.42	415.34
07:49:43	16.108	15.747	15.73	16.937	15.985	16.194	415.42	415.34
07:50:43	16.108	15.748	15.721	16.781	15.987	16.194	415.42	415.34
07:51:43	16.109	15.749	15.712	16.535	15.99	16.194	415.42	415.34
07:52:43	16.109	15.748	15.706	16.373	15.994	16.193	415.42	415.34
07:53:43	16.108	15.747	15.694	16.272	15.994	16.195	415.42	415.34
07:54:43	16.109	15.748	15.687	16.203	15.994	16.193	415.42	415.34
07:55:43	16.109	15.749	15.676	16.187	15.993	16.194	415.42	415.34
07:56:43	16.109	15.749	15.67	16.167	15.993	16.194	415.42	415.34
07:57:43	16.108	15.749	15.668	16.145	15.99	16.196	415.42	415.34
07:58:43	16.108	15.749	15.657	16.126	15.991	16.197	415.42	415.34
07:59:43	16.108	15.75	15.652	16.092	15.996	16.194	415.42	415.34
08:00:43	16.107	15.751	15.651	16.048	15.995	16.194	415.42	415.34
08:01:43	16.106	15.751	15.642	16.087	15.995	16.194	415.42	415.34
08:02:43	16.108	15.752	15.632	16.112	15.996	16.198	415.42	415.34
08:03:43	16.108	15.751	15.623	16.121	15.997	16.197	415.42	415.34
08:04:43	16.106	15.752	15.617	16.112	15.998	16.202	415.42	415.34
08:05:43	16.107	15.752	15.612	16.006	15.996	16.198	415.42	415.34
08:06:43	16.108	15.752	15.592	15.888	15.992	16.196	415.42	415.34
08:07:43	16.108	15.752	15.581	15.758	15.993	16.196	415.42	415.34
08:08:43	16.107	15.752	15.572	15.727	15.994	16.196	415.42	415.34
08:09:43	16.108	15.752	15.577	15.891	15.992	16.195	415.42	415.34
08:10:43	16.108	15.751	15.58	15.967	15.992	16.193	415.42	415.34
08:11:43	16.107	15.752	15.579	16.308	15.993	16.194	415.42	415.34
08:12:43	16.107	15.751	15.584	16.724	15.994	16.192	415.42	415.34
08:13:43	16.107	15.75	15.582	17.049	15.993	16.194	415.42	415.34
08:14:43	16.107	15.751	15.583	17.017	15.995	16.195	415.42	415.34
08:15:43	16.107	15.751	15.585	16.805	15.996	16.193	415.42	415.34
08:16:43	16.106	15.751	15.591	16.689	15.998	16.196	415.42	415.34
08:17:43	16.106	15.751	15.6	16.616	15.998	16.199	415.42	415.34
08:18:43	16.107	15.75	15.605	16.699	15.996	16.195	415.42	415.34
08:19:43	16.107	15.749	15.609	17.019	15.995	16.193	415.42	415.34
08:20:43	16.108	15.749	15.613	17.265	15.995	16.19	415.42	415.34
08:21:43	16.107	15.749	15.625	17.711	15.997	16.192	415.42	415.34
08:22:43	16.106	15.75	15.648	18.005	15.997	16.193	415.42	415.34
08:23:43	16.106	15.75	15.65	17.592	15.996	16.194	415.42	415.34
08:24:43	16.106	15.75	15.656	16.959	15.992	16.192	415.42	415.34
08:25:43	16.106	15.75	15.655	16.568	15.993	16.194	415.42	415.34
08:26:43	16.106	15.749	15.654	16.32	15.993	16.196	415.42	415.34
08:27:43	16.105	15.749	15.651	16.2	15.991	16.194	415.42	415.34
08:28:43	16.105	15.749	15.643	16.152	15.992	16.196	415.42	415.34
08:29:43	16.105	15.748	15.632	16.094	15.992	16.196	415.42	415.34
08:30:43	16.105	15.749	15.628	16.061	15.994	16.196	415.42	415.34
08:31:43	16.106	15.748	15.62	16.033	15.994	16.192	415.42	415.34
08:32:43	16.106	15.748	15.619	16.024	15.993	16.192	415.42	415.34
08:33:43	16.105	15.748	15.617	15.988	15.995	16.194	415.42	415.34
08:34:43	16.105	15.748	15.619	15.969	15.993	16.192	415.42	415.34
08:35:43	16.106	15.75	15.605	15.972	15.996	16.194	415.42	415.34
08:36:43	16.106	15.75	15.602	15.975	15.997	16.199	415.42	415.34
08:37:43	16.105	15.751	15.603	15.975	15.994	16.196	415.42	415.34
08:38:43	16.106	15.749	15.601	15.974	15.995	16.193	415.42	415.34
08:39:43	16.105	15.749	15.598	15.971	15.995	16.192	415.42	415.34
08:40:43	16.105	15.748	15.595	16.234	15.995	16.192	415.42	415.34
08:41:43	16.104	15.747	15.589	16.289	15.995	16.195	415.42	415.34
08:42:43	16.104	15.746	15.59	16.229	15.994	16.194	415.42	415.34
08:43:43	16.104	15.745	15.588	16.21	15.994	16.194	415.42	415.34
08:44:43	16.104	15.745	15.593	16.262	15.995	16.193	415.42	415.34
08:45:43	16.104	15.746	15.597	16.276	15.993	16.194	415.42	415.34
08:46:43	16.105	15.747	15.602	16.287	15.993	16.193	415.42	415.34
08:47:43	16.104	15.746	15.602	16.321	15.99	16.194	415.42	415.34
08:48:43	16.104	15.746	15.598	16.398	15.992	16.195	415.42	415.34
08:49:43	16.104	15.747	15.602	16.524	15.991	16.195	415.42	415.34
08:50:43	16.104	15.746	15.605	16.504	15.989	16.194	415.42	415.34
08:51:43	16.103	15.745	15.611	16.417	15.992	16.193	415.42	415.34
08:52:43	16.104	15.744	15.609	16.437	15.992	16.191	415.42	415.34
08:53:43	16.102	15.742	15.61	16.597	15.989	16.193	415.42	415.34
08:54:43	16.104	15.741	15.613	16.619	15.988	16.193	415.42	415.34
08:55:43	16.103	15.741	15.617	16.816	15.991	16.189	415.42	415.34
08:56:43	16.102	15.739	15.623	17.07	15.99	16.188	415.42	415.34
08:57:43	16.102	15.74	15.624	17.27	15.987	16.191	415.42	415.34
08:58:43	16.103	15.74	15.631	17.185	15.986	16.191	415.42	415.34
08:59:43	16.101	15.739	15.642	17.016	15.986	16.19	415.42	415.34
09:00:43	16.102	15.739	15.644	16.743	15.989	16.188	415.42	415.34
09:01:43	16.101	15.739	15.644	16.488	15.991	16.193	415.42	415.34
09:02:43	16.102	15.738	15.642	16.33	15.991	16.193	415.42	415.34
09:03:43	16.101	15.739	15.638	16.24	15.989	16.191	415.42	415.34
09:04:43	16.101	15.738	15.634	16.193	15.988	16.19	415.42	415.34
09:05:43	16.102	15.737	15.629	16.167	15.988	16.191	415.42	415.34
09:06:43	16.101	15.735	15.627	16.12	15.988	16.193	415.42	415.34
09:07:43	16.1	15.736	15.624	16.08	15.989	16.193	415.42	415.34
09:08:43	16.101	15.736	15.614	16.092	15.99	16.19	415.42	415.34
09:09:43	16.102	15.736	15.612	16.083	15.99	16.191	415.42	415.34
09:10:43	16.101	15.734	15.61	16.07	15.988	16.189	415.42	415.34
09:11:43	16.1	15.732	15.603	16.109	15.984	16.19	415.42	415.34
09:12:43	16.1	15.731	15.602	16.268	15.985	16.187	415.42	415.34
09:13:43	16.1	15.731	15.603	16.344	15.979	16.186	415.42	415.34
09:14:43	16.1	15.732	15.598	16.423	15.979	16.187	415.42	415.34
09:15:43	16.099	15.732	15.59	16.414	15.98	16.191	415.42	415.34
09:16:43	16.1	15.732	15.596	16.42	15.982	16.193	415.42	415.34
09:17:43	16.098	15.733	15.595	16.407	15.983	16.192	415.42	415.34
09:18:43	16.1	15.733	15.601	16.431	15.985	16.191	415.42	415.34
09:19:43	16.1	15.733	15.603	16.49	15.986	16.189	415.42	415.34
09:20:43	16.098	15.733	15.61	16.727	15.985	16.188	415.42	415.34
09:21:43	16.098	15.733	15.61	17.038	15.984	16.193	415.42	415.34
09:22:43	16.098	15.735	15.621	17.236	15.985	16.193	415.42	415.34
09:23:43	16.098	15.734	15.632	17.456	15.988	16.191	415.42	415.34
09:24:43	16.097	15.735	15.641	17.534	15.99	16.194	415.42	415.34
09:25:43	16.099	15.735	15.649	17.341	15.99	16.194	415.42	415.34
09:26:43	16.097	15.735	15.652	17.04	15.988	16.195	415.42	415.34
09:27:43	16.097	15.734	15.652	16.87	15.988	16.192	415.42	415.34
09:28:43	16.097	15.733	15.66	16.843	15.989	16.194	415.42	415.34
09:29:43	16.096	15.732	15.67	16.832	15.986	16.194	415.42	415.34
09:30:43	16.096	15.732	15.68	16.773	15.981	16.192	415.42	415.34
09:31:43	16.096	15.731	15.674	16.787	15.983	16.194	415.42	415.34
09:32:43	16.097	15.731	15.673	16.742	15.981	16.19	415.42	415.34
09:33:43	16.096	15.729	15.673	16.613	15.98	16.189	415.42	415.34
09:34:43	16.095	15.73	15.672	16.597	15.981	16.188	415.42	415.34
09:35:43	16.096	15.729	15.678	16.687	15.981	16.192	415.42	415.34
09:36:43	16.095	15.728	15.675	16.673	15.981	16.19	415.42	415.34
09:37:43	16.095	15.728	15.684	16.776	15.981	16.193	415.42	415.34
09:38:43	16.095	15.726	15.688	16.771	15.98	16.191	415.42	415.34
09:39:43	16.095	15.727	15.703	16.783	15.978	16.191	415.42	415.34
09:40:43	16.096	15.727	15.698	16.833	15.977	16.188	415.42	415.34
09:41:43	16.094	15.725	15.7	16.884	15.98	16.185	415.42	415.34
09:42:43	16.094	15.725	15.7	16.773	15.982	16.19	415.42	415.34
09:43:43	16.095	15.722	15.695	16.632	15.981	16.189	415.42	415.34
09:44:43	16.094	15.723	15.691	16.627	15.979	16.19	415.42	415.34
09:45:43	16.093	15.721	15.694	16.789	15.978	16.186	415.42	415.34
09:46:43	16.092	15.72	15.707	16.809	15.974	16.186	415.42	415.34
09:47:43	16.093	15.719	15.709	16.753	15.976	16.187	415.42	415.34
09:48:43	16.092	15.717	15.711	16.825	15.976	16.187	415.42	415.34
09:49:43	16.092	15.719	15.699	16.843	15.976	16.186	415.42	415.34
09:50:43	16.093	15.718	15.703	16.883	15.979	16.19	415.42	415.34
09:51:43	16.093	15.719	15.717	16.93	15.981	16.187	415.42	415.34
09:52:43	16.092	15.72	15.706	16.968	15.979	16.183	415.42	415.34
09:53:43	16.092	15.722	15.707	16.816	15.973	16.186	415.42	415.34
09:54:43	16.093	15.721	15.722	16.786	15.975	16.187	415.42	415.34
09:55:43	16.091	15.72	15.726	16.601	15.976	16.187	415.42	415.34
09:56:43	16.091	15.721	15.716	16.492	15.974	16.181	415.42	415.34
09:57:43	16.091	15.72	15.701	16.575	15.977	16.181	415.42	415.34
09:58:43	16.091	15.719	15.702	16.529	15.977	16.191	415.42	415.34
09:59:43	16.091	15.72	15.7	16.482	15.98	16.19	415.42	415.34
10:00:43	16.09	15.721	15.706	16.55	15.978	16.185	415.42	415.34
10:01:43	16.09	15.722	15.699	16.656	15.978	16.186	415.42	415.34
10:02:43	16.091	15.722	15.693	16.551	15.981	16.185	415.42	415.34
10:03:43	16.091	15.722	15.691	16.455	15.979	16.186	415.42	415.34
10:04:43	16.09	15.723	15.686	16.378	15.977	16.187	415.42	415.34
10:05:43	16.09	15.722	15.675	16.309	15.979	16.189	415.42	415.34
10:06:43	16.091	15.723	15.668	16.196	15.979	16.19	415.42	415.34
10:07:43	16.089	15.724	15.659	16.017	15.982	16.19	415.42	415.34
10:08:43	16.09	15.724	15.652	16.001	15.981	16.192	415.42	415.34
10:09:43	16.09	15.725	15.65	16.005	15.983	16.189	415.42	415.34
10:10:43	16.09	15.726	15.64	16.12	15.983	16.191	415.42	415.34
10:11:43	16.09	15.725	15.64	16.329	15.982	16.192	415.42	415.34
10:12:43	16.089	15.725	15.64	16.47	15.981	16.193	415.42	415.34
10:13:43	16.09	15.725	15.639	16.565	15.981	16.19	415.42	415.34
10:14:43	16.09	15.725	15.638	16.582	15.982	16.191	415.42	415.34
10:15:43	16.089	15.725	15.641	16.574	15.983	16.19	415.42	415.34
10:16:43	16.09	15.725	15.638	16.722	15.981	16.192	415.42	415.34
10:17:43	16.088	15.724	15.636	16.728	15.98	16.186	415.42	415.34
10:18:43	16.089	15.726	15.643	16.793	15.981	16.189	415.42	415.34
10:19:43	16.089	15.726	15.648	16.757	15.984	16.191	415.42	415.34
10:20:43	16.09	15.727	15.657	16.818	15.986	16.189	415.42	415.34
10:21:43	16.089	15.725	15.662	16.835	15.983	16.192	415.42	415.34
10:22:43	16.09	15.726	15.662	16.963	15.984	16.186	415.42	415.34
10:23:43	16.089	15.726	15.667	17.021	15.982	16.186	415.42	415.34
10:24:43	16.089	15.725	15.673	17.011	15.978	16.191	415.42	415.34
10:25:43	16.089	15.724	15.677	16.968	15.983	16.188	415.42	415.34
10:26:43	16.089	15.724	15.698	17.005	15.985	16.186	415.42	415.34
10:27:43	16.089	15.724	15.704	16.961	15.985	16.181	415.42	415.34
10:28:44	16.089	15.724	15.712	16.916	15.982	16.186	415.42	415.34
10:29:43	0.0	15.724	15.72	16.85	15.982	16.188	415.42	415.34
10:30:43	16.089	15.725	15.708	16.77	15.982	16.189	415.42	415.34
10:31:43	16.088	15.724	15.712	16.829	15.983	16.184	415.42	415.34
10:32:43	16.088	15.725	15.718	16.846	15.984	16.187	415.42	415.34
10:33:43	16.088	15.723	15.719	16.857	15.986	16.186	415.42	415.34
10:34:43	16.09	15.723	15.717	16.746	15.985	16.186	415.42	415.34
10:35:43	16.088	15.725	15.721	16.808	15.984	16.189	415.42	415.34
10:36:43	16.087	15.723	15.721	16.833	15.98	16.189	415.42	415.34
10:37:43	16.086	15.723	15.716	16.86	15.979	16.192	415.42	415.34
10:38:43	16.088	15.722	15.728	16.975	15.978	16.188	415.42	415.34
10:39:43	16.089	15.723	15.72	16.977	15.981	16.185	415.42	415.34
10:40:43	16.087	15.722	15.732	16.994	15.98	16.19	415.42	415.34
10:41:43	16.088	15.721	15.73	16.977	15.977	16.187	415.42	415.34
10:42:43	16.088	15.72	15.742	16.946	15.982	16.187	415.42	415.34
10:43:43	16.088	15.721	15.758	17.019	15.981	16.186	415.42	415.34
10:44:43	16.087	15.722	15.738	16.956	15.982	16.188	415.42	415.34
10:45:43	16.087	15.72	15.725	17.054	15.982	16.187	415.42	415.34
10:46:43	16.088	15.72	15.732	17.047	15.979	16.189	415.42	415.34
10:47:43	16.088	15.72	15.738	16.917	15.981	16.189	415.42	415.34
10:48:43	16.087	15.721	15.736	16.813	15.983	16.189	415.42	415.34
10:49:43	16.087	15.721	15.731	16.704	15.984	16.188	415.42	415.34
10:50:43	16.088	15.721	15.728	16.733	15.985	16.189	415.42	415.34
10:51:43	16.088	15.72	15.726	16.776	15.981	16.19	415.42	415.34
10:52:43	16.086	15.722	15.723	16.82	15.979	16.186	415.42	415.34
10:53:43	16.087	15.721	15.73	16.783	15.975	16.184	415.42	415.34
10:54:43	16.087	15.722	15.738	16.716	15.98	16.186	415.42	415.34
10:55:43	16.087	15.721	15.745	16.663	15.98	16.189	415.42	415.34
10:56:43	16.087	15.723	15.741	16.619	15.983	16.187	415.42	415.34
10:57:43	16.087	15.722	15.747	16.778	15.979	16.186	415.42	415.34
10:58:43	16.087	15.722	15.748	16.885	15.978	16.188	415.42	415.34
10:59:43	16.086	15.722	15.76	16.973	15.977	16.186	415.42	415.34
11:00:43	16.086	15.723	15.765	16.905	15.98	16.185	415.42	415.34
11:01:43	16.086	15.723	15.755	16.868	15.98	16.187	415.42	415.34
11:02:43	16.087	15.722	15.751	16.977	15.981	16.185	415.42	415.34
11:03:43	16.086	15.721	15.759	16.983	15.984	16.185	415.42	415.34
11:04:43	16.086	15.722	15.767	16.985	15.981	16.187	415.42	415.34
11:05:43	16.087	15.722	15.758	16.93	15.981	16.186	415.42	415.34
11:06:43	16.087	15.722	15.762	16.843	15.978	16.186	415.42	415.34
11:07:43	16.085	15.722	15.752	16.834	15.977	16.185	415.42	415.34
11:08:43	16.087	15.723	15.746	16.693	15.98	16.186	415.42	415.34
11:09:43	16.086	15.722	15.741	16.51	15.983	16.187	415.42	415.34
11:10:43	16.087	15.724	15.733	16.4	15.982	16.188	415.42	415.34
11:11:43	16.086	15.723	15.727	16.322	15.979	16.184	415.42	415.34
11:12:43	16.086	15.724	15.72	16.261	15.98	16.189	415.42	415.34
11:13:43	16.086	15.723	15.708	16.211	15.981	16.19	415.42	415.34
11:14:43	16.087	15.725	15.701	16.191	15.984	16.186	415.42	415.34
11:15:43	16.086	15.725	15.694	16.168	15.981	16.187	415.42	415.34
11:16:43	16.086	15.727	15.692	16.158	15.98	16.188	415.42	415.34
11:17:43	16.087	15.727	15.691	16.139	15.983	16.188	415.42	415.34
11:18:43	16.087	15.729	15.689	16.122	15.985	16.19	415.42	415.34
11:19:43	16.088	15.729	15.684	16.135	15.987	16.192	415.42	415.34
11:20:43	16.086	15.729	15.681	16.136	15.987	16.191	415.42	415.34
11:21:43	16.087	15.73	15.682	16.131	15.986	16.189	415.42	415.34
11:22:43	16.086	15.731	15.677	16.127	15.986	16.19	415.42	415.34
11:23:43	16.087	15.731	15.671	16.279	15.985	16.191	415.42	415.34
11:24:43	16.088	15.731	15.666	16.494	15.987	16.191	415.42	415.34
11:25:43	16.087	15.73	15.665	16.54	15.986	16.19	415.42	415.34
11:26:43	16.088	15.732	15.66	16.614	15.986	16.192	415.42	415.34
11:27:43	16.088	15.733	15.666	16.668	15.988	16.192	415.42	415.34
11:28:43	16.087	15.732	15.68	16.964	15.987	16.192	415.42	415.34
11:29:43	16.088	15.734	15.683	17.484	15.987	16.19	415.42	415.34
11:30:43	16.086	15.734	15.693	17.923	15.986	16.189	415.42	415.34
11:31:43	16.087	15.733	15.698	17.536	15.989	16.189	415.42	415.34
11:32:43	16.087	15.733	15.707	16.99	15.99	16.19	415.42	415.34
11:33:43	16.088	15.734	15.707	16.652	15.99	16.188	415.42	415.34
11:34:43	16.088	15.735	15.703	16.433	15.992	16.19	415.42	415.34
11:35:43	16.088	15.736	15.7	16.355	15.994	16.19	415.42	415.34
11:36:43	16.088	15.736	15.691	16.315	15.993	16.189	415.42	415.34
11:37:43	16.088	15.737	15.687	16.249	15.99	16.189	415.42	415.34
11:38:43	16.089	15.736	15.678	16.22	15.992	16.191	415.42	415.34
11:39:43	16.088	15.737	15.675	16.193	15.989	16.19	415.42	415.34
11:40:43	16.088	15.738	15.666	16.162	15.991	16.192	415.42	415.34
11:41:43	16.088	15.739	15.667	16.135	15.995	16.194	415.42	415.34
11:42:43	16.089	15.739	15.668	16.109	15.995	16.192	415.42	415.34
11:43:43	16.089	15.739	15.662	16.115	15.995	16.195	415.42	415.34
11:44:43	16.09	15.74	15.657	16.117	15.993	16.195	415.42	415.34
11:45:43	16.089	15.74	15.657	16.107	15.993	16.192	415.42	415.34
11:46:43	16.089	15.74	15.65	16.094	15.993	16.191	415.42	415.34
11:47:43	16.088	15.741	15.643	16.21	15.99	16.191	415.42	415.34
11:48:43	16.09	15.739	15.64	16.675	15.992	16.191	415.42	415.34
11:49:43	16.09	15.74	15.642	16.95	15.992	16.192	415.42	415.34
11:50:43	16.089	15.739	15.643	16.981	15.991	16.192	415.42	415.34
11:51:43	16.09	15.738	15.646	16.894	15.991	16.192	415.42	415.34
11:52:43	16.09	15.738	15.653	16.875	15.993	16.192	415.42	415.34
11:53:43	16.089	15.738	15.663	16.786	15.992	16.192	415.42	415.34
11:54:43	16.09	15.737	15.675	16.785	15.989	16.192	415.42	415.34
11:55:43	16.09	15.737	15.672	16.89	15.991	16.191	415.42	415.34
11:56:43	16.09	15.737	15.677	17.094	15.994	16.189	415.42	415.34
11:57:43	16.089	15.737	15.694	17.212	15.992	16.19	415.42	415.34
11:58:43	16.09	15.738	15.691	17.275	15.992	16.189	415.42	415.34
11:59:43	16.091	15.737	15.687	17.383	15.991	16.192	415.42	415.34
12:00:43	16.09	15.737	15.686	17.222	15.992	16.191	415.42	415.34
12:01:43	16.09	15.738	15.696	16.843	15.992	16.189	415.42	415.34
12:02:43	16.089	15.738	15.696	16.59	15.992	16.19	415.42	415.34
12:03:43	16.09	15.737	15.693	16.418	15.991	16.192	415.42	415.34
12:04:43	16.09	15.738	15.689	16.315	15.991	16.193	415.42	415.34
12:05:43	16.091	15.739	15.683	16.285	15.99	16.192	415.42	415.34
12:06:43	16.09	15.739	15.677	16.245	15.99	16.191	415.42	415.34
12:07:43	16.09	15.739	15.672	16.211	15.984	16.189	415.42	415.34
12:08:43	16.09	15.737	15.664	16.18	15.988	16.192	415.42	415.34
12:09:43	16.091	15.738	15.655	16.158	15.989	16.193	415.42	415.34
12:10:43	16.09	15.738	15.651	16.13	15.991	16.195	415.42	415.34
12:11:43	16.09	15.738	15.653	16.108	15.993	16.193	415.42	415.34
12:12:43	16.091	15.738	15.652	16.1	15.99	16.192	415.42	415.34
12:13:43	16.091	15.737	15.638	16.095	15.99	16.189	415.42	415.34
12:14:43	16.091	15.738	15.631	16.121	15.989	16.19	415.42	415.34
12:15:43	16.09	15.738	15.63	16.128	15.994	16.19	415.42	415.34
12:16:43	16.09	15.74	15.631	16.135	15.99	16.192	415.42	415.34
12:17:43	16.09	15.741	15.628	16.143	15.993	16.193	415.42	415.34
12:18:43	16.091	15.74	15.581	15.83	15.993	16.193	415.42	415.34
12:19:43	16.091	15.74	15.586	15.714	15.993	16.195	415.42	415.34
12:20:43	16.09	15.741	15.594	15.779	15.993	16.191	415.42	415.34
12:21:43	16.091	15.741	15.595	15.84	15.994	16.191	415.42	415.34
12:22:43	16.091	15.742	15.596	15.918	15.995	16.194	415.42	415.34
12:23:43	16.091	15.742	15.594	16.038	15.998	16.192	415.42	415.34
12:24:43	16.091	15.743	15.595	16.213	15.997	16.194	415.42	415.34
12:25:43	16.091	15.743	15.593	16.318	16.0	16.196	415.42	415.34
12:26:43	16.091	15.744	15.589	16.421	15.998	16.195	415.42	415.34
12:27:43	16.092	15.743	15.593	16.541	15.998	16.192	415.42	415.34
12:28:43	16.091	15.745	15.596	16.474	16.0	16.192	415.42	415.34
12:29:43	16.092	15.745	15.593	16.537	16.0	16.193	415.42	415.34
12:30:43	16.091	15.745	15.598	16.554	16.0	16.194	415.42	0.0
12:31:43	16.092	15.743	15.607	16.625	15.999	16.192	415.42	415.34
12:32:43	16.091	15.746	15.615	16.718	16.0	16.191	415.42	415.34
12:33:43	16.092	15.744	15.625	16.842	15.998	16.194	415.42	415.34
12:34:43	16.091	15.745	15.638	16.995	16.0	16.194	415.42	415.34
12:35:43	16.093	15.744	15.634	17.145	15.998	16.192	415.42	415.34
12:36:43	16.092	15.743	15.642	17.378	15.997	16.19	415.42	415.34
12:37:43	16.093	15.742	15.648	17.587	15.996	16.19	415.42	415.34
12:38:43	16.091	15.741	15.658	17.774	15.996	16.19	415.42	415.34
12:39:43	16.092	15.741	15.662	17.386	15.995	16.189	415.42	415.34
12:40:43	16.092	15.741	15.666	16.933	15.993	16.189	415.42	415.34
12:41:43	16.092	15.74	15.664	16.601	15.994	16.191	415.42	415.34
12:42:43	16.093	15.74	15.664	16.416	15.992	16.194	415.42	415.34
12:43:43	16.093	15.739	15.66	16.315	15.991	16.191	415.42	415.34
12:44:43	16.092	15.739	15.652	16.283	15.989	16.193	415.42	415.34
12:45:43	16.093	15.739	15.646	16.239	15.99	16.192	415.42	415.34
12:46:43	16.091	15.738	15.646	16.186	15.991	16.193	415.42	415.34
12:47:43	16.09	15.738	15.643	16.142	15.993	16.193	415.42	415.34
12:48:43	16.092	15.739	15.638	16.117	15.996	16.195	415.42	415.34
12:49:43	16.091	15.739	15.628	16.117	15.996	16.194	415.42	415.34
12:50:43	16.091	15.741	15.626	16.108	15.995	16.192	415.42	415.34
12:51:43	16.091	15.739	15.616	16.076	15.994	16.193	415.42	415.34
12:52:43	16.092	15.739	15.614	16.072	15.994	16.196	415.42	415.34
12:53:43	16.092	15.739	15.617	16.323	15.992	16.193	415.42	415.34
12:54:43	16.091	15.738	15.615	16.657	15.993	16.192	415.42	415.34
12:55:43	16.092	15.738	15.617	16.916	15.991	16.192	415.42	415.34
12:56:43	16.091	15.738	15.616	16.92	15.99	16.191	415.42	415.34
12:57:43	16.091	15.736	15.615	16.908	15.99	16.19	415.42	415.34
12:58:43	16.091	15.736	15.617	16.83	15.988	16.193	415.42	415.34
12:59:43	16.091	15.736	15.624	16.616	15.99	16.193	415.42	415.34
13:00:43	16.091	15.736	15.626	16.633	15.99	16.194	415.42	415.34
13:01:43	16.091	15.735	15.641	16.596	15.99	16.192	415.42	415.34
13:02:43	16.091	15.734	15.642	16.528	15.99	16.19	415.42	415.34
13:03:43	16.091	15.735	15.642	16.625	15.989	16.19	415.42	415.34
13:04:43	16.091	15.735	15.641	16.671	15.991	16.191	415.42	415.34
13:05:43	16.09	15.733	15.641	16.708	15.99	16.192	415.42	415.34
13:06:43	16.091	15.733	15.64	16.633	15.989	16.188	415.42	415.34
13:07:43	16.091	15.732	15.644	16.672	15.987	16.185	415.42	415.34
13:08:43	16.091	15.732	15.647	16.607	15.988	16.19	415.42	415.34
13:09:43	16.091	15.732	15.643	16.714	15.985	16.19	415.42	415.34
13:10:43	16.09	15.733	15.642	17.093	15.985	16.189	415.42	415.34
13:11:43	16.09	15.733	15.645	17.157	15.988	16.19	415.42	415.34
13:12:43	16.091	15.732	15.655	17.284	15.988	16.187	415.42	415.34
13:13:43	16.09	15.731	15.661	17.257	15.988	16.19	415.42	415.34
13:14:43	16.09	15.73	15.662	17.096	15.986	16.188	415.42	415.34
13:15:43	16.089	15.729	15.681	16.856	15.99	16.19	415.42	415.34
13:16:43	16.09	15.729	15.678	16.732	15.986	16.186	415.42	415.34
13:17:43	16.09	15.729	15.679	16.879	15.985	16.185	415.42	415.34
13:18:43	16.088	15.728	15.677	17.007	15.985	16.186	415.42	415.34
13:19:43	16.09	15.727	15.687	16.93	15.983	16.187	415.42	415.34
13:20:43	16.089	15.727	15.689	16.951	15.983	16.188	415.42	415.34
13:21:43	16.088	15.727	15.698	16.962	15.988	16.186	415.42	415.34
13:22:43	16.089	15.728	15.7	16.956	15.989	16.186	415.42	415.34
13:23:43	16.089	15.726	15.7	16.993	15.986	16.187	415.42	415.34
13:24:43	16.088	15.728	15.697	16.879	15.983	16.188	415.42	415.34
13:25:43	16.09	15.728	15.69	16.681	15.984	16.188	415.42	415.34
13:26:43	16.088	15.728	15.682	16.529	15.987	16.186	415.42	415.34
13:27:43	16.089	15.729	15.676	16.422	15.988	16.186	415.42	415.34
13:28:43	16.088	15.728	15.668	16.361	15.99	16.187	415.42	415.34
13:29:43	16.089	15.729	15.657	16.276	15.991	16.187	415.42	415.34
13:30:43	16.089	15.73	15.631	16.031	15.992	16.19	415.42	415.34
13:31:43	16.089	15.729	15.614	15.996	15.99	16.19	415.42	415.34
13:32:43	16.088	15.729	15.582	15.829	15.991	16.188	415.42	415.34
13:33:43	16.088	15.728	15.586	15.829	15.988	16.19	415.42	415.34
13:34:43	16.088	15.729	15.587	15.921	15.985	16.188	415.42	415.34
13:35:43	16.088	15.729	15.6	16.062	15.986	16.19	415.42	415.34
13:36:43	16.088	15.73	15.602	16.114	15.987	16.191	415.42	415.34
13:37:43	16.089	15.731	15.602	16.283	15.988	16.192	415.42	415.34
13:38:43	16.088	15.73	15.602	16.481	15.989	16.189	415.42	415.34
13:39:43	16.088	15.731	15.607	16.598	15.989	16.191	415.42	415.34
13:40:43	16.089	15.732	15.612	16.627	15.989	16.192	415.42	415.34
13:41:43	16.089	15.73	15.608	16.565	15.99	16.192	415.42	415.34
13:42:43	16.088	15.731	15.612	16.692	15.989	16.188	415.42	415.34
13:43:43	16.088	15.73	15.621	16.863	15.989	16.189	415.42	415.34
13:44:43	16.088	15.731	15.618	16.876	15.988	16.191	415.42	415.34
13:45:43	16.088	15.73	15.618	16.741	15.988	16.188	415.42	415.34
13:46:43	16.087	15.729	15.63	16.874	15.987	16.186	415.42	415.34
13:47:44	16.088	15.728	15.637	17.071	15.988	16.186	415.42	415.34
13:48:43	16.088	15.728	15.64	17.223	15.984	16.189	415.42	415.34
13:49:43	0.0	15.728	15.644	17.264	15.985	16.189	415.42	415.34
13:50:43	16.088	15.728	15.66	17.312	15.986	16.19	415.42	415.34
13:51:43	16.088	15.73	15.666	17.421	15.988	16.19	415.42	415.34
13:52:43	16.087	15.73	15.677	17.639	15.989	16.194	415.42	415.34
13:53:43	16.087	15.729	15.684	17.62	15.989	16.191	415.42	415.34
13:54:43	16.088	15.731	15.679	17.331	15.992	16.191	415.42	415.34
13:55:43	16.088	15.731	15.679	16.841	15.992	16.188	415.42	415.34
13:56:43	16.088	15.732	15.677	16.532	15.993	16.19	415.42	415.34
13:57:43	16.088	15.732	15.672	16.329	15.993	16.189	415.42	415.34
13:58:43	16.087	15.732	15.666	16.211	15.992	16.19	415.42	415.34
13:59:43	16.087	15.732	15.657	16.166	15.989	16.19	415.42	415.34
14:00:43	16.087	15.732	15.653	16.129	15.991	16.192	415.42	415.34
14:01:43	16.088	15.731	15.651	16.099	15.992	16.19	415.42	415.34
14:02:43	16.087	15.732	15.634	16.081	15.992	16.19	415.42	415.34
14:03:43	16.087	15.731	15.634	16.062	15.993	16.188	415.42	415.34
14:04:43	16.087	15.732	15.633	16.065	15.991	16.19	415.42	415.34
14:05:43	16.088	15.733	15.632	16.173	15.991	16.192	415.42	415.34
14:06:43	16.086	15.733	15.624	16.196	15.993	16.193	415.42	415.34
14:07:43	16.087	15.732	15.623	16.582	15.993	16.191	415.42	415.34
14:08:43	16.088	15.732	15.622	16.958	15.994	16.192	415.42	415.34
14:09:43	16.087	15.732	15.624	16.989	15.993	16.19	415.42	415.34
14:10:43	16.087	15.732	15.627	16.984	15.994	16.19	415.42	415.34
14:11:43	16.086	15.732	15.629	17.053	15.993	16.187	415.42	415.34
14:12:43	16.087	15.731	15.632	16.698	15.991	16.188	415.42	415.34
14:13:43	16.087	15.73	15.634	16.424	15.992	16.19	415.42	415.34
14:14:43	16.087	15.731	15.635	16.277	15.992	16.191	415.42	415.34
14:15:43	16.087	15.729	15.629	16.189	15.988	16.19	415.42	415.34
14:16:43	16.088	15.73	15.623	16.158	15.988	16.193	415.42	415.34
14:17:44	16.088	15.729	15.62	16.126	15.989	16.191	415.42	415.34
14:18:43	16.087	15.729	15.612	16.1	15.987	16.19	415.42	415.34
14:19:43	16.087	15.728	15.609	16.075	15.986	16.19	415.42	415.34
14:20:43	16.087	15.728	15.61	16.058	15.986	16.191	415.42	415.34
14:21:43	16.087	15.728	15.609	16.051	15.988	16.19	415.42	415.34
14:22:43	16.087	15.728	15.606	16.046	15.989	16.188	415.42	415.34
14:23:43	16.087	15.727	15.597	16.083	15.988	16.188	415.42	415.34
14:24:43	16.087	15.729	15.59	16.126	15.987	16.19	415.42	415.34
14:25:43	16.087	15.727	15.585	16.114	15.989	16.189	415.42	415.34
14:26:43	16.087	15.728	15.579	16.106	15.988	16.188	415.42	415.34
14:27:43	16.086	15.728	15.565	15.925	15.988	16.187	415.42	415.34
14:28:43	16.086	15.727	15.543	15.839	15.989	16.187	415.42	415.34
14:29:43	16.086	15.726	15.531	15.695	15.986	16.185	415.42	415.34
14:30:44	16.086	15.725	15.539	15.792	15.985	16.189	415.42	415.34
14:31:43	16.086	15.728	15.55	15.912	15.984	16.189	415.42	415.34
14:32:43	16.087	15.726	15.547	16.089	15.987	16.19	415.42	415.34
14:33:43	16.086	15.726	15.546	16.262	15.987	16.191	415.42	415.34
14:34:43	16.087	15.727	15.548	16.407	15.987	16.19	415.42	415.34
14:35:43	16.086	15.727	15.546	16.558	15.987	16.192	415.42	415.34
14:36:43	16.086	15.729	15.546	16.638	15.989	16.192	415.42	415.34
14:37:43	16.086	15.728	15.546	16.575	15.992	16.192	415.42	415.34
14:38:43	16.086	15.729	15.558	16.592	15.993	16.192	415.42	415.34
14:39:43	16.086	15.73	15.564	16.585	15.991	16.193	415.42	415.34
14:40:43	16.085	15.729	15.564	16.717	15.992	16.191	415.42	415.34
14:41:43	16.086	15.731	15.576	16.774	15.992	16.191	415.42	415.34
14:42:44	16.086	15.73	15.587	16.835	15.992	16.19	415.42	415.34
14:43:43	16.086	15.73	15.587	16.877	15.993	16.189	415.42	415.34
14:44:43	16.087	15.73	15.593	17.1	15.992	16.189	415.42	415.34
14:45:44	16.085	15.73	15.599	17.315	15.991	16.189	415.42	415.34
14:46:43	16.086	15.729	15.606	17.269	15.989	16.188	415.42	415.34
14:47:43	16.085	15.729	15.626	17.412	15.989	16.188	415.42	415.34
14:48:43	16.086	15.728	15.632	17.444	15.992	16.189	415.42	415.34
14:49:43	16.085	15.728	15.647	17.549	15.991	16.187	415.42	415.34
14:50:43	16.085	15.728	15.654	17.44	15.99	16.185	415.42	415.34
14:51:43	16.084	15.726	15.659	17.248	15.992	16.185	415.42	415.34
14:52:44	16.085	15.726	15.654	16.97	15.987	16.186	415.42	415.34
14:53:43	0.0	15.726	15.65	16.612	15.986	16.187	415.42	415.34
14:54:43	16.084	15.725	15.643	16.39	15.989	16.188	415.42	415.34
14:55:43	16.084	15.725	15.638	16.246	15.99	16.186	415.42	415.34
14:56:44	16.085	15.723	15.629	16.16	15.989	16.187	415.42	415.34
14:57:43	16.084	15.723	15.619	16.117	15.988	16.186	415.42	415.34
14:58:43	16.084	15.722	15.616	16.081	15.986	16.188	415.42	415.34
14:59:43	16.084	15.721	15.611	16.066	15.985	16.186	415.42	415.34
15:00:43	16.083	15.721	15.607	16.062	15.984	16.186	415.42	415.34
15:01:43	16.083	15.721	15.606	16.056	15.985	16.188	415.42	415.34
15:02:43	16.083	15.719	15.601	16.075	15.985	16.188	415.42	415.34
15:03:43	16.083	15.719	15.595	16.079	15.985	16.188	415.42	415.34
15:04:43	16.083	15.719	15.578	16.068	15.986	16.187	415.42	415.34
15:05:43	16.083	15.72	15.579	16.056	15.982	16.186	415.42	415.34
15:06:43	16.083	15.721	15.584	16.091	15.981	16.188	415.42	415.34
15:07:43	16.084	15.72	15.59	16.234	15.984	16.188	415.42	415.34
15:08:43	16.083	15.721	15.587	16.367	15.986	16.188	415.42	415.34
15:09:43	16.083	15.721	15.579	16.289	15.986	16.187	415.42	415.34
15:10:44	16.083	15.721	15.576	16.284	15.986	16.188	415.42	415.34
15:11:43	0.0	15.723	15.577	16.307	15.988	16.188	415.42	415.34
15:12:45	16.082	15.722	15.578	16.274	15.99	16.188	415.42	415.34
15:13:43	16.082	15.722	15.585	16.279	15.991	16.187	415.42	415.34
15:14:43	16.082	15.723	15.589	16.307	15.99	16.191	415.42	415.34
15:15:44	16.083	15.722	15.592	16.357	15.99	16.193	415.42	415.34
15:16:43	16.082	15.721	15.586	16.338	15.988	16.189	415.42	415.34
15:17:43	16.082	15.722	15.588	16.369	15.99	16.188	415.42	415.34
15:18:43	16.083	15.723	15.589	16.407	15.99	16.19	415.42	415.34
15:19:43	16.081	15.723	15.59	16.43	15.991	16.193	415.42	415.34
15:20:43	16.082	15.723	15.595	16.362	15.992	16.188	415.42	415.34
15:21:43	16.082	15.723	15.594	16.28	15.991	16.19	415.42	415.34
15:22:43	16.082	15.723	15.588	16.238	15.99	16.19	415.42	415.34
15:23:43	16.082	15.723	15.584	16.204	15.989	16.189	415.42	415.34
15:24:43	16.082	15.722	15.575	16.152	15.992	16.19	415.42	415.34
15:25:44	16.081	15.722	15.567	15.969	15.992	16.189	415.42	415.34
15:26:43	0.0	15.724	15.555	15.907	15.992	16.19	415.42	415.34
15:27:43	16.081	15.724	15.514	15.691	15.99	16.187	415.42	415.34
15:28:44	16.08	15.722	15.515	15.823	15.991	16.186	415.42	415.34
15:29:43	16.08	15.722	15.524	15.842	15.989	16.187	415.42	415.34
15:30:43	16.081	15.722	15.532	15.923	15.99	16.189	415.42	415.34
15:31:43	16.08	15.72	15.532	16.421	15.991	16.189	415.42	415.34
15:32:43	16.082	15.722	15.533	16.924	15.991	16.187	415.42	415.34
15:33:43	16.08	15.721	15.539	17.335	15.989	16.187	415.42	415.34
15:34:43	16.08	15.721	15.548	16.968	15.989	16.187	415.42	415.34
15:35:43	16.08	15.722	15.552	16.879	15.987	16.189	415.42	415.34
15:36:43	16.08	15.718	15.555	16.881	15.987	16.184	415.42	415.34
15:37:43	16.078	15.717	15.562	16.973	15.987	16.187	415.42	415.34
15:38:43	16.079	15.716	15.564	17.322	15.988	16.184	415.42	415.34
15:39:43	16.079	15.716	15.566	17.508	15.988	16.185	415.42	415.34
15:40:43	16.078	15.716	15.581	17.513	15.988	16.185	415.42	415.34
15:41:43	16.08	15.715	15.587	17.463	15.987	16.186	415.42	415.34
15:42:43	16.079	15.716	15.599	16.998	15.986	16.183	415.42	415.34
15:43:43	16.078	15.717	15.603	16.586	15.988	16.186	415.42	415.34
15:44:43	16.078	15.716	15.603	16.345	15.987	16.186	415.42	415.34
15:45:43	16.08	15.716	15.6	16.205	15.987	16.188	415.42	415.34
15:46:43	16.078	15.716	15.594	16.144	15.987	16.188	415.42	415.34
15:47:43	16.078	15.716	15.59	16.084	15.987	16.189	415.42	415.34
15:48:43	16.078	15.717	15.585	16.034	15.988	16.188	415.42	415.34
15:49:43	16.079	15.717	15.576	15.996	15.99	16.193	415.42	415.34
15:50:44	16.077	15.715	15.574	15.973	15.99	16.189	415.42	415.34
15:51:43	16.077	15.717	15.574	16.069	15.99	16.189	415.42	415.34
15:52:43	16.077	15.718	15.571	16.103	15.992	16.188	415.42	415.34
15:53:43	16.077	15.719	15.57	16.184	15.992	16.188	415.42	415.34
15:54:44	16.076	15.718	15.574	16.378	15.993	16.191	415.42	415.34
15:55:43	16.077	15.719	15.572	16.563	15.992	16.188	415.42	415.34
15:56:43	16.077	15.721	15.57	16.793	15.993	16.186	415.42	415.34
15:57:43	16.076	15.72	15.571	16.784	15.994	16.187	415.42	415.34
15:58:43	16.077	15.721	15.573	16.687	15.994	16.188	415.42	415.34
15:59:43	16.076	15.721	15.572	16.63	15.993	16.187	415.42	415.34
16:00:43	16.076	15.72	15.58	16.748	15.993	16.188	415.42	415.34
16:01:43	16.077	15.719	15.59	16.682	15.994	16.19	415.42	415.34
16:02:43	16.077	15.721	15.589	16.592	15.993	16.189	415.42	415.34
16:03:43	16.075	15.719	15.596	16.56	15.993	16.188	415.42	415.34
16:04:44	16.075	15.72	15.601	16.526	15.993	16.189	415.42	415.34
16:05:43	16.076	15.721	15.61	16.65	15.994	16.189	415.42	415.34
16:06:44	16.075	15.721	15.609	16.657	15.996	16.187	415.42	415.34
16:07:43	16.076	15.722	15.608	16.683	15.996	16.187	415.42	415.34
16:08:43	16.076	15.723	15.615	16.636	15.997	16.184	415.42	415.34
16:09:43	16.075	15.722	15.627	16.616	15.997	16.192	415.42	415.34
16:10:43	16.075	15.722	15.63	16.615	15.998	16.189	415.42	415.34
16:11:43	16.075	15.722	15.632	16.605	15.997	16.19	415.42	415.34
16:12:43	16.075	15.72	15.628	16.576	15.996	16.191	415.42	415.34
16:13:43	16.075	15.721	15.619	16.531	15.994	16.192	415.42	415.34
16:14:44	16.075	15.72	15.623	16.529	15.995	16.188	415.42	415.34
16:15:43	16.075	15.719	15.627	16.538	15.993	16.186	415.42	415.34
16:16:44	16.075	15.718	15.624	16.649	15.994	16.183	415.42	415.34
16:17:44	16.075	15.718	15.623	16.716	15.993	16.186	415.42	415.34
16:18:43	16.074	15.717	15.616	16.552	15.993	16.186	415.42	415.34
16:19:43	16.075	15.717	15.62	16.42	15.993	16.185	415.42	415.34
16:20:43	16.075	15.715	15.615	16.334	15.989	16.185	415.42	415.34
16:21:43	16.074	15.712	15.608	16.252	15.988	16.183	415.42	415.34
16:22:43	16.074	15.712	15.602	16.154	15.987	16.183	415.42	415.34
16:23:44	16.074	15.711	15.573	16.004	15.989	16.184	415.42	415.34
16:24:43	16.074	15.71	15.562	15.923	15.988	16.185	415.42	415.34
16:25:44	16.073	15.708	15.561	15.849	15.986	16.181	415.42	415.34
16:26:43	16.073	15.707	15.566	15.978	15.981	16.18	415.42	415.34
16:27:43	16.073	15.706	15.561	16.056	15.981	16.184	415.42	415.34
16:28:43	16.074	15.705	15.562	16.424	15.982	16.183	415.42	415.34
16:29:43	16.073	15.706	15.563	16.662	15.984	16.185	415.42	415.34
16:30:43	16.073	15.706	15.563	16.939	15.984	16.183	415.42	415.34
16:31:43	16.073	15.704	15.559	16.896	15.982	16.181	415.42	415.34
16:32:43	16.072	15.703	15.564	16.76	15.981	16.185	415.42	415.34
16:33:43	16.072	15.704	15.57	16.776	15.98	16.182	415.42	415.34
16:34:43	16.071	15.704	15.572	16.895	15.98	16.183	415.42	415.34
16:35:43	16.071	15.703	15.574	17.061	15.98	16.184	415.42	415.34
16:36:44	16.071	15.704	15.581	17.622	15.979	16.184	415.42	415.34
16:37:44	16.071	15.703	15.594	18.044	15.978	16.185	415.42	415.34
16:38:43	16.07	15.703	15.608	17.898	15.981	16.184	415.42	415.34
16:39:44	16.071	15.704	15.618	17.22	15.982	16.183	415.42	415.34
16:40:44	16.071	15.705	15.624	16.735	15.983	16.187	415.42	415.34
16:41:43	16.069	15.706	15.622	16.441	15.985	16.187	415.42	415.34
16:42:43	16.07	15.707	15.619	16.268	15.987	16.187	415.42	415.34
16:43:43	16.071	15.709	15.61	16.283	15.988	16.189	415.42	415.34
16:44:43	16.07	15.711	15.606	16.207	15.988	16.186	415.42	415.34
16:45:43	16.071	15.709	15.603	16.103	15.987	16.185	415.42	415.34
16:46:43	16.071	15.709	15.6	16.043	15.987	16.185	415.42	415.34
16:47:43	16.069	15.708	15.594	15.991	15.985	16.185	415.42	415.34
16:48:43	16.07	15.706	15.59	15.965	15.982	16.184	415.42	415.34
16:49:43	16.07	15.706	15.588	15.958	15.982	16.183	415.42	415.34
16:50:44	16.069	15.706	15.586	16.009	15.981	16.182	415.42	415.34
16:51:43	16.069	15.703	15.575	16.008	15.977	16.181	415.42	415.34
16:52:44	16.07	15.704	15.574	16.137	15.98	16.181	415.42	415.34
16:53:43	16.069	15.704	15.57	16.407	15.982	16.181	415.42	415.34
16:54:44	16.069	15.702	15.568	16.668	15.981	16.178	415.42	415.34
16:55:43	16.069	15.7	15.567	16.78	15.978	16.177	415.42	415.34
16:56:44	16.07	15.699	15.568	16.699	15.977	16.18	415.42	415.34
16:57:43	16.069	15.699	15.571	16.552	15.978	16.181	415.42	415.34
16:58:43	16.067	15.698	15.572	16.598	15.977	16.182	415.42	415.34
16:59:43	16.067	15.698	15.57	16.801	15.972	16.181	415.42	415.34
17:00:43	16.068	15.695	15.576	16.91	15.971	16.178	415.42	415.34
17:01:43	16.067	15.695	15.586	16.83	15.97	16.181	415.42	415.34
17:02:43	16.068	15.696	15.599	16.687	15.971	16.18	415.42	415.34
17:03:43	16.067	15.695	15.596	16.898	15.973	16.177	415.42	415.34
17:04:43	16.067	15.695	15.593	17.309	15.976	16.179	415.42	415.34
17:05:43	16.066	15.695	15.598	17.486	15.973	16.18	415.42	415.34
17:06:44	16.066	15.694	15.607	17.384	15.973	16.177	415.42	415.34
17:07:44	16.067	15.694	15.622	17.372	15.974	16.18	415.42	415.34
17:08:43	16.066	15.694	15.637	17.447	15.972	16.176	415.42	415.34
17:09:43	16.066	15.692	15.654	17.458	15.972	16.178	415.42	415.34
17:10:43	16.066	15.693	15.649	17.297	15.971	16.177	415.42	415.34
17:11:44	16.066	15.693	15.645	16.92	15.974	16.179	415.42	415.34
17:12:44	16.066	15.693	15.639	16.585	15.968	16.181	415.42	415.34
17:13:43	16.065	15.691	15.633	16.391	15.969	16.18	415.42	415.34
17:14:43	16.066	15.692	15.627	16.266	15.971	16.181	415.42	415.34
17:15:43	16.065	15.692	0.0	16.183	15.974	16.18	415.42	415.34
17:16:44	16.066	15.694	15.603	16.172	15.973	16.178	415.42	415.34
17:17:43	16.065	15.694	15.598	16.185	15.975	16.179	415.42	415.34
17:18:44	16.065	15.694	15.588	16.14	15.976	16.182	415.42	415.34
17:19:43	16.064	15.694	15.585	16.148	15.974	16.182	415.42	415.34
17:20:44	16.064	15.695	15.565	15.875	15.977	16.181	415.42	415.34
17:21:43	16.065	15.696	15.554	15.689	15.975	16.181	415.42	415.34
17:22:43	16.064	15.694	15.553	15.743	15.974	16.18	415.42	415.34
17:23:43	16.064	15.695	15.552	15.801	15.976	16.18	415.42	415.34
17:24:43	16.063	15.694	15.542	15.848	15.977	16.172	415.42	415.34
17:25:43	16.063	15.695	15.539	15.891	15.976	16.175	415.42	415.34
17:26:43	16.063	15.694	15.535	15.935	15.976	16.177	415.42	415.34
17:27:43	16.064	15.695	15.539	15.962	15.976	16.18	415.42	415.34
17:28:44	16.064	15.696	15.545	16.211	15.981	16.181	415.42	415.34
17:29:43	16.063	15.696	15.543	16.629	15.982	16.182	415.42	415.34
17:30:43	16.064	15.697	15.539	16.784	15.979	16.182	415.42	415.34
17:31:43	16.063	15.698	15.536	16.763	15.98	16.18	415.42	415.34
17:32:43	16.063	15.697	15.549	16.838	15.979	16.182	415.42	415.34
17:33:43	16.062	15.696	15.561	17.111	15.977	16.181	415.42	415.34
17:34:43	16.062	15.695	15.57	17.229	15.976	16.18	415.42	415.34
17:35:44	16.062	15.697	15.577	17.366	15.976	16.18	415.42	415.34
17:36:43	16.062	15.696	15.587	17.359	15.978	16.179	415.42	415.34
17:37:43	16.061	15.696	15.608	17.152	15.976	16.179	415.42	415.34
17:38:45	16.061	15.694	15.635	16.975	15.975	16.182	415.42	415.34
17:39:43	16.062	15.693	15.645	16.915	15.974	16.179	415.42	415.34
17:40:44	16.061	15.692	15.631	16.755	15.971	16.177	415.42	415.34
17:41:43	16.06	15.69	15.645	16.722	15.971	16.176	415.42	415.34
17:42:43	16.059	15.688	15.644	16.723	15.968	16.178	415.42	415.34
17:43:43	16.06	15.686	15.637	16.719	15.967	16.176	415.42	415.34
17:44:43	16.059	15.685	15.626	16.693	15.972	16.176	415.42	415.34
17:45:43	16.061	15.685	15.63	16.573	15.972	16.175	415.42	415.34
17:46:43	16.06	15.684	15.634	16.526	15.973	16.179	415.42	415.34
17:47:43	16.061	15.683	15.625	16.508	15.973	16.177	415.42	415.34
17:48:44	16.059	15.681	15.62	16.502	15.969	16.179	415.42	415.34
17:49:43	16.058	15.679	15.618	16.479	15.968	16.18	415.42	415.34
17:50:44	16.058	15.68	15.621	16.524	15.967	16.178	415.42	415.34
17:51:44	16.059	15.678	15.627	16.608	15.969	16.175	415.42	415.34
17:52:44	16.059	15.678	15.62	16.683	15.968	16.173	415.42	415.34
17:53:44	16.058	15.678	15.613	16.682	15.966	16.177	415.42	415.34
17:54:43	16.058	15.678	15.617	16.708	15.968	16.179	415.42	415.34
17:55:43	16.058	15.675	15.619	16.601	15.962	16.178	415.42	415.34
17:56:43	16.057	15.677	15.615	16.702	15.967	16.174	415.42	415.34
17:57:43	16.057	15.678	15.629	16.68	15.97	16.176	415.42	415.34
17:58:43	16.057	15.678	15.631	16.512	15.968	16.172	415.42	415.34
17:59:43	16.056	15.677	15.627	16.483	15.963	16.173	415.42	415.34
18:00:43	16.057	15.675	15.626	16.581	15.959	16.173	415.42	415.34
18:01:43	16.057	15.675	15.635	16.768	15.962	16.172	415.42	415.34
18:02:44	16.056	15.675	15.639	16.915	15.961	16.175	415.42	415.34
18:03:44	16.056	15.675	15.634	16.968	15.957	16.167	415.42	415.34
18:04:43	16.056	15.676	15.63	16.9	15.959	16.169	415.42	415.34
18:05:43	16.056	15.676	15.64	16.889	15.961	16.168	415.42	415.34
18:06:44	16.056	15.674	15.635	16.914	15.961	16.174	415.42	415.34
18:07:44	16.056	15.672	15.645	16.951	15.956	16.173	415.42	415.34
18:08:44	16.055	15.669	15.642	17.009	15.957	16.175	415.42	415.34
18:09:44	16.053	15.669	15.652	16.873	15.957	16.174	415.42	415.34
18:10:44	16.055	15.67	15.644	16.845	15.958	16.173	415.42	415.34
18:11:43	16.053	15.67	15.651	16.87	15.959	16.17	415.42	415.34
18:12:44	16.055	15.672	15.654	16.92	15.961	16.174	415.42	415.34
18:13:43	16.054	15.673	15.666	16.914	15.964	16.175	415.42	415.34
18:14:43	16.054	15.673	15.664	16.842	15.965	16.179	415.42	415.34
18:15:44	16.053	15.671	15.654	16.812	15.964	16.173	415.42	415.34
18:16:44	16.054	15.674	15.66	16.897	15.967	16.176	415.42	415.34
18:17:44	16.053	15.678	15.654	16.852	15.968	16.177	415.42	415.34
18:18:43	16.053	15.679	15.653	16.728	15.969	16.176	415.42	415.34
18:19:43	16.053	15.681	15.655	16.747	15.966	16.178	415.42	415.34
18:20:43	16.053	15.682	15.661	16.746	15.968	16.178	415.42	415.34
18:21:43	16.054	15.683	15.66	16.739	15.968	16.177	415.42	415.34
18:22:45	16.053	15.682	15.661	16.745	15.969	16.176	415.42	415.34
18:23:43	16.052	15.682	15.656	16.734	15.971	16.178	415.42	415.34
18:24:44	16.052	15.684	15.664	16.704	15.969	16.179	415.42	415.34
18:25:43	16.052	15.684	15.655	16.618	15.971	16.179	415.42	415.34
18:26:44	16.052	15.683	15.656	16.547	15.97	16.176	415.42	415.34
18:27:43	16.052	15.682	15.665	16.513	15.968	16.175	415.42	415.34
18:28:44	16.052	15.681	15.668	16.516	15.967	16.177	415.42	415.34
18:29:44	16.052	15.68	15.661	16.598	15.964	16.175	415.42	415.34
18:30:44	16.051	15.679	15.658	16.641	15.963	16.17	415.42	415.34
18:31:44	16.051	15.678	15.661	16.714	15.962	16.171	415.42	415.34
18:32:44	16.051	15.679	15.67	16.813	15.961	16.171	415.42	415.34
18:33:44	16.051	15.679	15.671	16.751	15.965	16.171	415.42	415.34
18:34:44	16.051	15.678	15.668	16.593	15.963	16.171	415.42	415.34
18:35:44	16.051	15.678	15.664	16.448	15.965	16.175	415.42	415.34
18:36:43	16.051	15.676	15.654	16.364	15.964	16.176	415.42	415.34
18:37:43	16.051	15.676	15.646	16.309	15.963	16.176	415.42	415.34
18:38:43	16.052	15.675	15.627	16.248	15.964	16.174	415.42	415.34
18:39:43	16.051	15.675	15.624	16.151	15.969	16.173	415.42	415.34
18:40:44	16.051	15.672	15.621	16.105	15.966	16.172	415.42	415.34
18:41:44	16.05	15.672	15.618	16.103	15.962	16.174	415.42	415.34
18:42:44	16.051	15.673	15.615	16.148	15.965	16.175	415.42	415.34
18:43:43	16.051	15.672	15.611	16.351	15.964	16.174	415.42	415.34
18:44:44	16.05	15.672	15.61	16.563	15.964	16.173	415.42	415.34
18:45:44	16.049	15.674	15.61	16.565	15.959	16.17	415.42	415.34
18:46:43	16.05	15.674	15.608	16.636	15.963	16.17	415.42	415.34
18:47:44	16.049	15.674	15.602	16.648	15.962	16.172	415.42	415.34
18:48:43	16.05	15.674	15.603	16.549	15.957	16.172	415.42	415.34
18:49:44	16.05	15.673	15.61	16.415	15.956	16.168	415.42	415.34
18:50:43	16.05	15.673	15.613	16.433	15.962	16.165	415.42	415.34
18:51:43	16.049	15.671	15.616	16.446	15.957	16.167	415.42	415.34
18:52:44	16.049	15.673	15.615	16.464	15.956	16.169	415.42	415.34
18:53:43	16.049	15.675	15.627	16.472	15.956	16.17	415.42	415.34
18:54:44	16.049	15.673	15.628	16.484	15.956	16.174	415.42	415.34
18:55:44	16.049	15.671	15.632	16.501	15.955	16.172	415.42	415.34
18:56:44	16.05	15.67	15.637	16.556	15.959	16.172	415.42	415.34
18:57:44	16.047	15.67	15.642	16.618	15.963	16.171	415.42	415.34
18:58:43	16.048	15.67	15.643	16.657	15.961	16.174	415.42	415.34
18:59:43	16.05	15.669	15.649	16.632	15.962	16.172	415.42	415.34
19:00:43	16.047	15.669	15.648	16.62	15.963	16.169	415.42	415.34
19:01:44	16.048	15.668	15.643	16.624	15.963	16.168	415.42	415.34
19:02:44	16.048	15.667	15.643	16.574	15.961	16.163	415.42	415.34
19:03:43	16.047	15.667	15.649	16.599	15.96	16.168	415.42	415.34
19:04:44	16.048	15.668	15.64	16.598	15.956	16.167	415.42	415.34
19:05:43	16.046	15.669	15.645	16.535	15.955	16.167	415.42	415.34
19:06:43	16.046	15.669	15.644	16.483	15.958	16.17	415.42	415.34
19:07:44	16.047	15.667	15.645	16.493	15.954	16.173	415.42	415.34
19:08:44	16.046	15.667	15.648	16.502	15.959	16.176	415.42	415.34
19:09:43	16.047	15.668	15.644	16.546	15.953	16.174	415.42	415.34
19:10:43	16.046	15.671	15.649	16.496	15.956	16.171	415.42	415.34
19:11:44	16.046	15.672	15.646	16.451	15.963	16.168	415.42	415.34
19:12:43	16.048	15.672	15.645	16.351	15.964	16.165	415.42	415.34
19:13:44	16.046	15.673	15.64	16.304	15.965	16.169	415.42	415.34
19:14:44	16.047	15.672	15.641	16.319	15.966	16.17	415.42	415.34
19:15:44	16.046	15.675	15.639	16.352	15.963	16.171	415.42	415.34
19:16:44	16.046	15.676	15.637	16.415	15.96	16.171	415.42	415.34
19:17:44	16.046	15.674	15.634	16.528	15.965	16.173	415.42	415.34
19:18:43	16.046	15.674	15.635	16.663	15.968	16.173	415.42	415.34
19:19:43	16.047	15.675	15.636	16.845	15.967	16.168	415.42	415.34
19:20:44	16.046	15.676	15.64	16.982	15.967	16.17	415.42	415.34
19:21:44	16.045	15.676	15.651	17.211	15.97	16.171	415.42	415.34
19:22:44	16.046	15.675	15.66	17.119	15.968	16.166	415.42	415.34
19:23:44	16.046	15.674	15.66	16.987	15.967	16.168	415.42	415.34
19:24:44	16.046	15.675	15.655	16.755	15.969	16.169	415.42	415.34
19:25:44	16.046	15.675	15.667	16.609	15.969	16.167	415.42	415.34
19:26:43	16.046	15.677	15.673	16.642	15.967	16.169	415.42	415.34
19:27:44	16.046	15.677	15.671	16.63	15.961	16.169	415.42	415.34
19:28:44	16.047	15.675	15.669	16.63	15.96	16.168	415.42	415.34
19:29:43	16.047	15.675	15.67	16.718	15.958	16.172	415.42	415.34
19:30:44	16.047	15.675	15.659	16.802	15.96	16.172	415.42	415.34
19:31:44	16.046	15.672	15.656	16.797	15.961	16.169	415.42	415.34
19:32:43	16.045	15.674	15.656	16.825	15.964	16.173	415.42	415.34
19:33:43	16.046	15.673	15.657	16.695	15.964	16.169	415.42	415.34
19:34:43	16.045	15.672	15.659	16.537	15.961	16.168	415.42	415.34
19:35:44	16.045	15.672	15.652	16.415	15.958	16.17	415.42	415.34
19:36:43	16.045	15.671	15.644	16.324	15.963	16.172	415.42	415.34
19:37:44	16.045	15.671	15.634	16.259	15.959	16.17	415.42	415.34
19:38:44	16.045	15.671	15.63	16.212	15.961	16.167	415.42	415.34
19:39:44	16.045	15.671	15.627	16.131	15.963	16.166	415.42	415.34
19:40:43	16.045	15.67	15.626	16.082	15.962	16.167	415.42	415.34
19:41:44	16.044	15.671	15.618	16.044	15.96	16.169	415.42	415.34
19:42:43	16.044	15.673	15.615	16.231	15.961	16.169	415.42	415.34
19:43:44	16.044	15.672	15.608	16.483	15.966	16.169	415.42	415.34
19:44:44	16.045	15.673	15.602	16.581	15.964	16.17	415.42	415.34
19:45:44	16.044	15.675	15.596	16.641	15.958	16.172	415.42	415.34
19:46:44	16.044	15.673	15.595	16.751	15.962	16.169	415.42	415.34
19:47:44	16.045	15.671	15.596	16.862	15.959	16.169	415.42	415.34
19:48:44	16.044	15.669	15.594	16.907	15.96	16.173	415.42	415.34
19:49:44	16.044	15.668	15.591	17.036	15.963	16.171	415.42	415.34
19:50:44	16.043	15.67	15.6	17.111	15.963	16.167	415.42	415.34
19:51:44	16.044	15.668	15.603	16.892	15.962	16.162	415.42	415.34
19:52:44	16.045	15.671	15.611	16.746	15.96	16.166	415.42	415.34
19:53:44	16.044	15.671	15.614	16.707	15.958	16.165	415.42	415.34
19:54:44	16.044	15.671	15.618	16.578	15.956	16.162	415.42	415.34
19:55:44	16.044	15.671	15.62	16.509	15.962	16.167	415.42	415.34
19:56:44	16.044	15.67	15.623	16.416	15.963	16.163	415.42	415.34
19:57:44	16.044	15.672	15.619	16.506	15.964	16.169	415.42	415.34
19:58:44	16.043	15.673	15.622	16.549	15.967	16.169	415.42	415.34
19:59:44	16.042	15.673	15.623	16.595	15.966	16.167	415.42	415.34
20:00:44	16.043	15.673	15.62	16.645	15.967	16.174	415.42	415.34
20:01:44	16.044	15.673	15.622	16.649	15.961	16.171	415.42	415.34
20:02:44	16.043	15.673	15.626	16.552	15.961	16.171	415.42	415.34
20:03:43	16.042	15.675	15.626	16.517	15.964	16.171	415.42	415.34
20:04:44	16.044	15.675	15.63	16.523	15.962	16.168	415.42	415.34
20:05:44	16.043	15.676	15.63	16.463	15.96	16.171	415.42	415.34
20:06:43	16.043	15.676	15.625	16.543	15.956	16.171	415.42	415.34
20:07:43	16.044	15.677	15.619	16.537	15.957	16.171	415.42	415.34
20:08:44	16.042	15.677	15.621	16.544	15.96	16.171	415.42	415.34
20:09:44	16.042	15.677	15.622	16.528	15.961	16.17	415.42	415.34
20:10:45	16.043	15.679	15.622	16.447	15.963	16.171	415.42	415.34
20:11:44	16.044	15.677	15.619	16.402	15.96	16.17	415.42	415.34
20:12:45	16.043	15.68	15.619	16.359	15.962	16.17	415.42	415.34
20:13:44	16.042	15.678	15.615	16.357	15.959	16.169	415.42	415.34
20:14:44	16.042	15.677	15.614	16.443	15.961	16.168	415.42	415.34
20:15:44	16.043	15.677	15.619	16.64	15.964	16.171	415.42	415.34
20:16:44	16.043	15.677	15.623	16.727	15.959	16.171	415.42	415.34
20:17:44	16.044	15.677	15.624	16.769	15.965	16.173	415.42	0.0
20:18:44	16.042	15.677	15.634	16.754	15.965	16.172	415.42	415.34
20:19:44	16.043	15.678	15.636	16.784	15.966	16.174	415.42	415.34
20:20:44	16.042	15.679	15.633	16.871	15.966	16.172	415.42	415.34
20:21:44	16.042	15.679	15.639	16.943	15.964	16.17	415.42	415.34
20:22:44	16.043	15.678	15.642	16.985	15.967	16.169	415.42	415.34
20:23:44	16.043	15.679	15.636	16.959	15.963	16.17	415.42	415.34
20:24:44	16.043	15.679	15.639	17.127	15.964	16.173	415.42	415.34
20:25:44	16.043	15.679	15.656	17.126	15.965	16.169	415.42	415.34
20:26:44	16.044	15.681	15.655	17.206	15.965	16.168	415.42	415.34
20:27:44	16.043	15.681	15.667	17.187	15.967	16.174	415.42	415.34
20:28:44	16.044	15.682	15.664	17.244	15.967	16.174	415.42	415.34
20:29:44	0.0	15.68	15.661	17.126	15.968	16.168	415.42	415.34
20:30:44	16.044	15.68	15.66	17.163	15.967	16.162	415.42	415.34
20:31:44	16.043	15.68	15.66	17.03	15.964	16.167	415.42	415.34
20:32:44	16.043	15.679	15.66	16.972	15.961	16.172	415.42	415.34
20:33:44	16.044	15.679	15.665	17.171	15.964	16.173	415.42	415.34
20:34:44	16.044	15.679	15.677	17.206	15.962	16.169	415.42	415.34
20:35:44	16.043	15.68	15.682	17.139	15.961	16.169	415.42	415.34
20:36:44	16.043	15.679	15.679	17.509	15.958	16.17	415.42	415.34
20:37:44	16.043	15.677	15.678	17.72	15.96	16.169	415.42	415.34
20:38:44	16.043	15.679	15.686	17.965	15.958	16.171	415.42	415.34
20:39:43	16.043	15.678	15.695	18.268	15.959	16.168	415.42	415.34
20:40:44	16.043	15.679	15.694	17.671	15.962	16.172	415.42	415.34
20:41:44	16.044	15.679	15.693	17.049	15.966	16.175	415.42	415.34
20:42:44	16.044	15.68	15.687	16.678	15.965	16.172	415.42	415.34
20:43:44	16.043	15.68	15.68	16.454	15.963	16.173	415.42	415.34
20:44:44	16.042	15.681	15.672	16.406	15.963	16.172	415.42	415.34
20:45:44	16.044	15.681	15.661	16.341	15.964	16.172	415.42	415.34
20:46:44	16.043	15.682	15.654	16.286	15.961	16.173	415.42	415.34
20:47:44	16.045	15.682	15.647	16.234	15.963	16.169	415.42	415.34
20:48:43	16.043	15.68	15.643	16.168	15.961	16.169	415.42	415.34
20:49:44	16.044	15.679	15.631	16.129	15.962	16.167	415.42	415.34
20:50:44	16.044	15.68	15.624	16.087	15.967	16.17	415.42	415.34
20:51:44	16.043	15.681	15.623	16.077	15.966	16.17	415.42	415.34
20:52:44	16.044	15.682	15.613	16.083	15.966	16.173	415.42	415.34
20:53:43	16.043	15.683	15.608	16.098	15.964	16.172	415.42	415.34
20:54:44	16.043	15.682	15.608	16.23	15.97	16.173	415.42	415.34
20:55:44	16.044	15.683	15.603	16.473	15.972	16.173	415.42	415.34
20:56:44	16.043	15.683	15.596	16.733	15.97	16.173	415.42	415.34
20:57:44	16.043	15.684	15.595	17.04	15.964	16.171	415.42	415.34
20:58:44	16.044	15.684	15.594	16.841	15.966	16.174	415.42	415.34
20:59:43	16.043	15.683	15.594	16.834	15.969	16.171	415.42	415.34
21:00:44	16.044	15.684	15.597	16.796	15.971	16.175	415.42	415.34
21:01:44	16.043	15.684	15.601	16.82	15.971	16.174	415.42	415.34
21:02:44	16.044	15.684	15.605	16.756	15.969	16.174	415.42	415.34
21:03:43	16.044	15.686	15.607	16.581	15.97	16.175	415.42	415.34
21:04:44	16.043	15.687	15.609	16.644	15.974	16.177	415.42	415.34
21:05:44	16.044	15.688	15.61	16.694	15.971	16.177	415.42	415.34
21:06:44	16.044	15.688	15.614	16.733	15.972	16.176	415.42	415.34
21:07:44	16.043	15.689	15.613	16.805	15.972	16.176	415.42	415.34
21:08:43	16.044	15.689	15.62	17.138	15.974	16.174	415.42	415.34
21:09:44	16.044	15.69	15.619	17.338	15.97	16.173	415.42	415.34
21:10:44	16.044	15.689	15.626	17.743	15.971	16.173	415.42	415.34
21:11:44	16.045	15.691	15.648	17.64	15.972	16.17	415.42	415.34
21:12:44	16.044	15.689	15.657	17.342	15.971	16.171	415.42	415.34
21:13:44	16.045	15.689	15.665	17.026	15.968	16.172	415.42	415.34
21:14:44	16.044	15.689	15.656	16.813	15.971	16.17	415.42	415.34
21:15:44	16.044	15.688	15.65	16.831	15.974	16.17	415.42	415.34
21:16:44	16.045	15.688	15.646	17.009	15.966	16.171	415.42	415.34
21:17:44	16.045	15.687	15.649	16.958	15.97	16.171	415.42	415.34
21:18:44	16.046	15.688	15.651	16.751	15.97	16.175	415.42	415.34
21:19:44	16.045	15.69	15.654	16.568	15.97	16.175	415.42	415.34
21:20:44	16.045	15.691	15.648	16.428	15.974	16.176	415.42	415.34
21:21:44	16.045	15.691	15.641	16.454	15.974	16.175	415.42	415.34
21:22:44	16.044	15.693	15.638	16.553	15.974	16.177	415.42	415.34
21:23:44	16.045	15.693	15.638	16.671	15.974	16.176	415.42	415.34
21:24:44	16.045	15.691	15.637	16.803	15.974	16.175	415.42	415.34
21:25:44	16.046	15.691	15.641	16.836	15.976	16.176	415.42	415.34
21:26:44	16.046	15.692	15.645	16.923	15.978	16.176	415.42	415.34
21:27:44	16.045	15.692	15.647	16.97	15.974	16.175	415.42	415.34
21:28:44	16.046	15.695	15.652	17.215	15.977	16.177	415.42	415.34
21:29:44	16.046	15.696	15.655	17.471	15.976	16.179	415.42	415.34
21:30:44	16.046	15.695	15.661	17.232	15.98	16.178	415.42	415.34
21:31:44	16.046	15.697	15.665	17.486	15.981	16.178	415.42	415.34
21:32:44	16.046	15.697	15.666	17.64	15.978	16.177	415.42	415.34
21:33:44	16.047	15.696	15.674	17.598	15.975	16.174	415.42	415.34
21:34:44	16.046	15.695	15.678	17.757	15.97	16.175	415.42	415.34
21:35:44	0.0	15.693	15.682	17.462	15.968	16.174	415.42	415.34
21:36:44	16.046	15.692	15.682	17.14	15.965	16.173	415.42	415.34
21:37:44	16.047	15.692	15.682	16.912	15.966	16.176	415.42	415.34
21:38:44	16.045	15.691	15.682	16.935	15.97	16.175	415.42	415.34
21:39:44	16.046	15.694	15.686	16.875	15.973	16.176	415.42	415.34
21:40:44	16.046	15.694	15.682	16.769	15.973	16.176	415.42	415.34
21:41:44	16.046	15.694	15.675	16.697	15.97	16.177	415.42	415.34
21:42:44	16.047	15.694	15.67	16.7	15.971	16.178	415.42	415.34
21:43:44	16.047	15.694	15.67	16.712	15.975	16.176	415.42	415.34
21:44:43	16.048	15.695	15.666	16.633	15.978	16.176	415.42	415.34
21:45:44	16.046	15.694	15.672	16.729	15.979	16.172	415.42	415.34
21:46:44	16.047	15.694	15.67	16.71	15.972	16.175	415.42	415.34
21:47:44	16.047	15.693	15.682	16.719	15.971	16.174	415.42	415.34
21:48:44	16.047	15.691	15.678	16.677	15.976	16.173	415.42	415.34
21:49:44	16.047	15.693	15.674	16.762	15.98	16.173	415.42	415.34
21:50:44	16.047	15.693	15.68	16.863	15.98	16.174	415.42	415.34
21:51:44	16.047	15.694	15.684	16.844	15.98	16.178	415.42	415.34
21:52:44	16.048	15.696	15.676	16.834	15.979	16.177	415.42	415.34
21:53:44	16.047	15.697	15.672	16.802	15.98	16.179	415.42	415.34
21:54:44	16.047	15.696	15.67	16.699	15.98	16.178	415.42	415.34
21:55:44	16.048	15.697	15.669	16.695	15.98	16.18	415.42	415.34
21:56:44	16.048	15.696	15.669	16.716	15.978	16.178	415.42	415.34
21:57:44	16.048	15.696	15.675	16.7	15.978	16.178	415.42	415.34
21:58:44	16.048	15.697	15.686	16.797	15.976	16.178	415.42	415.34
21:59:44	16.049	15.698	15.678	16.687	15.976	16.177	415.42	415.34
22:00:44	16.048	15.698	15.678	16.586	15.977	16.177	415.42	415.34
22:01:44	16.048	15.698	15.679	16.532	15.975	16.174	415.42	415.34
22:02:44	16.048	15.698	15.671	16.493	15.974	16.174	415.42	415.34
22:03:44	16.048	15.698	15.671	16.628	15.975	16.176	415.42	415.34
22:04:44	16.048	15.697	15.668	16.687	15.98	16.176	415.42	415.34
22:05:44	16.049	15.698	15.667	16.693	15.982	16.182	415.42	415.34
22:06:44	16.049	15.7	15.663	16.747	15.982	16.178	415.42	415.34
22:07:44	16.049	15.701	15.662	16.82	15.981	16.181	415.42	415.34
22:08:44	16.048	15.702	15.66	16.915	15.98	16.178	415.42	415.34
22:09:44	16.05	15.701	15.662	17.12	15.977	16.18	415.42	415.34
22:10:44	16.049	15.702	15.663	17.325	15.979	16.181	415.42	415.34
22:11:44	16.049	15.702	15.674	17.718	15.981	16.18	415.42	415.34
22:12:44	16.05	15.703	15.681	17.627	15.982	16.18	415.42	415.34
22:13:44	16.051	15.705	15.695	17.36	15.983	16.183	415.42	415.34
22:14:44	16.05	15.708	15.695	17.287	15.985	16.181	415.42	415.34
22:15:44	16.051	15.708	15.691	17.629	15.986	16.185	415.42	415.34
22:16:44	16.051	15.708	15.691	17.75	15.986	16.183	415.42	415.34
22:17:44	16.051	15.709	15.702	17.799	15.986	16.183	415.42	415.34
22:18:44	16.05	15.71	15.712	17.507	15.985	16.181	415.42	415.34
22:19:44	16.051	15.709	15.707	17.117	15.986	16.181	415.42	415.34
22:20:44	16.051	15.709	15.702	16.734	15.985	16.181	415.42	415.34
22:21:44	16.051	15.708	15.691	16.487	15.984	16.178	415.42	415.34
22:22:44	16.051	15.708	15.681	16.357	15.985	16.178	415.42	415.34
22:23:44	16.052	15.71	15.675	16.29	15.988	16.18	415.42	415.34
22:24:44	16.052	15.711	15.668	16.257	15.991	16.183	415.42	415.34
22:25:44	16.053	15.713	15.663	16.226	15.991	16.18	415.42	415.34
22:26:44	16.053	15.713	15.658	16.188	15.988	16.182	415.42	415.34
22:27:44	16.053	15.713	15.648	16.144	15.988	16.184	415.42	415.34
22:28:44	16.053	15.714	15.639	16.113	15.99	16.187	415.42	415.34
22:29:44	16.052	15.716	15.63	16.101	15.991	16.184	415.42	415.34
22:30:44	16.053	15.716	15.631	16.118	15.989	16.182	415.42	415.34
22:31:44	16.054	15.714	15.626	16.104	15.988	16.18	415.42	415.34
22:32:44	16.053	15.716	15.621	16.095	15.99	16.182	415.42	415.34
22:33:44	16.054	15.715	15.62	16.078	15.989	16.181	415.42	415.34
22:34:44	16.054	15.715	15.616	16.061	15.99	16.181	415.42	415.34
22:35:44	16.053	15.716	15.61	16.054	15.992	16.181	415.42	415.34
22:36:44	16.054	15.716	15.607	16.178	15.992	16.18	415.42	415.34
22:37:44	16.054	15.717	15.603	16.528	15.993	16.183	415.42	415.34
22:38:44	16.055	15.717	15.6	16.671	15.991	16.182	415.42	415.34
22:39:44	16.056	15.717	15.603	16.853	15.992	16.183	415.42	415.34
22:40:44	16.054	15.716	15.613	17.129	15.993	16.183	415.42	415.34
22:41:44	0.0	15.716	15.617	17.354	15.991	16.183	415.42	415.34
22:42:44	16.055	15.716	15.631	17.571	15.991	16.183	415.42	415.34
22:43:44	16.056	15.716	15.633	17.358	15.99	16.183	415.42	415.34
22:44:44	16.055	15.716	15.633	17.072	15.991	16.181	415.42	415.34
22:45:44	16.055	15.717	15.636	16.798	15.99	16.182	415.42	415.34
22:46:44	16.055	15.717	15.638	16.55	15.989	16.182	415.42	415.34
22:47:44	16.055	15.717	15.639	16.368	15.988	16.182	415.42	415.34
22:48:44	16.056	15.719	15.633	16.255	15.988	16.181	415.42	415.34
22:49:44	16.056	15.719	15.627	16.177	15.988	16.181	415.42	415.34
22:50:44	16.057	15.719	15.617	16.135	15.99	16.181	415.42	415.34
22:51:44	16.056	15.719	15.613	16.098	15.994	16.185	415.42	415.34
22:52:44	16.057	15.72	15.605	16.049	15.99	16.181	415.42	415.34
22:53:44	16.056	15.72	15.6	16.09	15.993	16.182	415.42	415.34
22:54:44	16.058	15.72	15.597	16.08	15.989	16.181	415.42	415.34
22:55:44	16.057	15.719	15.593	16.058	15.986	16.182	415.42	415.34
22:56:44	16.058	15.719	15.587	16.043	15.986	16.183	415.42	415.34
22:57:44	16.057	15.719	15.583	16.022	15.986	16.182	415.42	415.34
22:58:44	16.058	15.72	15.576	16.006	15.986	16.183	415.42	415.34
22:59:44	16.059	15.722	15.572	15.998	15.987	16.185	415.42	415.34
23:00:44	16.058	15.721	15.563	15.991	15.99	16.181	415.42	415.34
23:01:44	16.057	15.721	15.555	16.006	15.991	16.181	415.42	415.34
23:02:44	16.058	15.719	15.552	15.988	15.988	16.182	415.42	415.34
23:03:44	16.058	15.72	15.553	15.991	15.986	16.184	415.42	415.34
23:04:44	16.058	15.719	15.551	15.988	15.986	16.181	415.42	415.34
23:05:44	16.059	15.719	15.546	15.989	15.987	16.18	415.42	415.34
23:06:44	16.058	15.719	15.548	15.98	15.983	16.18	415.42	415.34
23:07:44	16.059	15.718	15.54	15.964	15.985	16.183	415.42	415.34
23:08:44	16.058	15.719	15.539	15.963	15.987	16.18	415.42	415.34
23:09:44	16.059	15.72	15.532	15.956	15.988	16.181	415.42	415.34
23:10:44	16.059	15.72	15.523	15.957	15.986	16.182	415.42	415.34
23:11:44	16.059	15.722	15.527	16.296	15.988	16.184	415.42	415.34
23:12:44	16.059	15.722	15.537	16.65	15.991	16.186	415.42	415.34
23:13:44	16.06	15.722	15.542	17.048	15.99	16.181	415.42	415.34
23:14:44	16.059	15.723	15.558	16.897	15.991	16.182	415.42	415.34
23:15:44	16.059	15.722	15.566	16.961	15.989	16.182	415.42	415.34
23:16:44	16.06	15.722	15.57	17.276	15.988	16.182	415.42	415.34
23:17:44	16.06	15.721	15.577	17.583	15.991	16.182	415.42	415.34
23:18:44	16.059	15.722	15.592	17.88	15.991	16.185	415.42	415.34
23:19:44	16.061	15.723	15.595	17.863	15.992	16.181	415.42	415.34
23:20:44	16.06	15.724	15.609	17.917	15.993	16.183	415.42	415.34
23:21:44	16.06	15.725	15.617	17.964	15.992	16.185	415.42	415.34
23:22:44	16.06	15.725	15.616	18.15	15.994	16.185	415.42	415.34
23:23:44	16.061	15.725	15.624	18.436	15.993	16.184	415.42	415.34
23:24:44	16.061	15.725	15.635	18.013	15.993	16.185	415.42	415.34
23:25:44	16.061	15.726	15.643	17.281	15.993	16.185	415.42	415.34
23:26:44	16.061	15.726	15.643	16.785	15.99	16.187	415.42	415.34
23:27:44	16.06	15.726	15.638	16.499	15.99	16.183	415.42	415.34
23:28:44	16.061	15.724	15.632	16.35	15.993	16.182	415.42	415.34
23:29:44	16.061	15.725	15.623	16.299	15.993	16.182	415.42	415.34
23:30:44	16.061	15.724	15.613	16.249	15.993	16.183	415.42	415.34
23:31:44	16.061	15.722	15.608	16.189	15.992	16.18	415.42	415.34
23:32:44	16.06	15.722	15.601	16.127	15.991	16.185	415.42	415.34
23:33:44	16.06	15.724	15.594	16.092	15.993	16.181	415.42	415.34
23:34:44	16.061	15.723	15.587	16.045	15.992	16.182	415.42	415.34
23:35:44	16.061	15.722	15.583	16.029	15.992	16.184	415.42	415.34
23:36:44	16.061	15.722	15.577	16.025	15.994	16.184	415.42	415.34
23:37:44	16.061	15.722	15.569	16.019	15.993	16.182	415.42	415.34
23:38:44	16.059	15.721	15.575	16.071	15.99	16.18	415.42	415.34
23:39:44	16.06	0.0	15.567	16.389	15.987	16.181	415.42	415.34
23:40:44	16.061	15.718	15.563	16.629	15.986	16.177	415.42	415.34
23:41:44	16.06	15.718	15.562	16.841	15.987	16.182	415.42	415.34
23:42:44	16.061	15.717	15.557	16.904	15.988	16.18	415.42	415.34
23:43:44	16.06	15.718	15.562	16.866	15.988	16.181	415.42	415.34
23:44:44	16.061	15.718	15.564	16.806	15.986	16.178	415.42	415.34
23:45:44	16.062	15.718	15.574	16.845	15.988	16.181	415.42	415.34
23:46:44	16.061	15.718	15.586	16.861	15.988	16.18	415.42	415.34
23:47:44	16.061	15.718	15.594	17.079	15.989	16.182	415.42	415.34
23:48:44	16.06	15.718	15.592	17.069	15.99	16.182	415.42	415.34
23:49:44	16.06	15.721	15.589	16.955	15.991	16.184	415.42	415.34
23:50:44	16.061	15.722	15.607	16.732	15.991	16.186	415.42	415.34
23:51:44	16.06	15.722	15.613	16.625	15.995	16.187	415.42	415.34
23:52:44	16.06	15.724	15.604	16.644	15.997	16.186	415.42	415.34
23:53:44	16.061	15.725	15.6	16.85	15.995	16.182	415.42	415.34
23:54:44	16.06	15.724	15.605	16.78	15.997	16.18	415.42	415.34
23:55:44	16.061	15.726	15.611	16.695	15.996	16.182	415.42	415.34
23:56:44	16.061	15.728	15.619	16.681	15.999	16.18	415.42	415.34
23:57:44	16.062	15.729	15.626	16.892	15.997	16.178	415.42	415.34
23:58:44	16.061	15.729	15.618	17.174	15.997	16.18	415.42	415.34
23:59:44	16.063	15.73	15.616	17.151	15.999	16.18	415.42	415.34
