00:00:44	16.118	15.767	15.747	16.798	15.979	16.174	415.42	415.34
00:01:44	16.118	15.766	15.742	16.77	15.975	16.172	415.42	415.34
00:02:44	16.119	15.766	15.742	16.738	15.97	16.174	415.42	415.34
00:03:44	16.119	15.767	15.748	16.803	15.977	16.174	415.42	415.34
00:04:44	16.119	15.766	15.745	16.928	15.977	16.171	415.42	415.34
00:05:44	16.118	15.766	15.749	17.037	15.977	16.172	415.42	415.34
00:06:44	16.117	15.767	15.753	17.384	15.972	16.174	415.42	415.34
00:07:44	16.118	15.768	15.751	17.44	15.974	16.174	415.42	415.34
00:08:44	16.118	15.767	15.754	17.494	15.974	16.173	415.42	415.34
00:09:45	16.119	15.767	15.755	17.162	15.977	16.171	415.42	415.34
00:10:44	16.118	15.767	15.755	16.847	15.974	16.175	415.42	415.34
00:11:44	16.119	15.767	15.751	16.6	15.977	16.175	415.42	415.34
00:12:44	16.119	15.769	15.747	16.454	15.976	16.176	415.42	415.34
00:13:44	16.118	15.77	15.741	16.388	15.979	16.173	415.42	415.34
00:14:44	16.118	15.771	15.736	16.359	15.983	16.174	415.42	415.34
00:15:44	16.118	15.771	15.728	16.331	15.978	16.174	415.42	415.34
00:16:44	16.118	15.772	15.721	16.299	15.982	16.174	415.42	415.34
00:17:44	16.119	15.773	15.717	16.27	15.985	16.178	415.42	415.34
00:18:44	16.12	15.772	15.716	16.241	15.983	16.178	415.42	415.34
00:19:44	16.118	15.774	15.711	16.218	0.0	16.176	415.42	415.34
00:20:44	16.119	15.772	15.705	16.203	15.977	16.176	415.42	415.34
00:21:44	16.12	15.772	15.702	16.181	15.977	16.177	415.42	415.34
00:22:44	16.119	15.774	15.697	16.158	15.976	16.177	415.42	415.34
00:23:44	16.119	15.773	15.693	16.237	15.974	16.174	415.42	415.34
00:24:44	16.12	15.774	15.688	16.269	15.977	16.176	415.42	415.34
00:25:44	16.119	15.775	15.69	16.233	15.978	16.175	415.42	415.34
00:26:44	16.12	15.775	15.684	16.203	15.978	16.178	415.42	415.34
00:27:44	16.12	15.774	15.679	16.191	15.977	16.176	415.42	415.34
00:28:44	16.12	15.775	15.675	16.176	15.977	16.176	415.42	415.34
00:29:44	16.12	15.775	15.673	16.242	15.977	16.175	415.42	415.34
00:30:44	16.119	15.775	15.671	16.327	15.977	16.177	415.42	415.34
00:31:44	16.12	15.776	15.67	16.406	15.981	16.176	415.42	415.34
00:32:44	16.12	15.776	15.674	16.452	15.981	16.177	415.42	415.34
00:33:44	16.119	15.776	15.675	16.484	15.981	16.176	415.42	415.34
00:34:44	16.119	15.776	15.671	16.721	15.977	16.173	415.42	415.34
00:35:44	16.119	15.775	15.674	16.951	15.975	16.179	415.42	415.34
00:36:44	16.119	15.775	15.682	17.096	15.974	16.18	415.42	415.34
00:37:44	16.121	15.773	15.691	16.957	15.973	16.178	415.42	415.34
00:38:44	16.119	15.773	15.694	16.894	15.97	16.175	415.42	415.34
00:39:44	16.12	15.773	15.704	16.825	15.978	16.17	415.42	415.34
00:40:44	16.12	15.773	15.702	16.891	15.979	16.174	415.42	415.34
00:41:44	16.12	15.774	15.718	17.216	15.98	16.177	415.42	415.34
00:42:44	16.12	15.772	15.72	17.082	15.981	16.175	415.42	415.34
00:43:44	16.12	15.773	15.734	17.118	15.981	16.176	415.42	415.34
00:44:44	16.12	15.774	15.745	17.068	15.983	16.177	415.42	415.34
00:45:44	16.12	15.774	15.736	16.858	15.98	16.178	415.42	415.34
00:46:44	16.12	15.775	15.752	16.728	15.978	16.178	415.42	415.34
00:47:44	16.12	15.776	15.743	16.74	15.984	16.177	415.42	415.34
00:48:44	16.121	15.778	15.741	16.763	15.984	16.178	415.42	415.34
00:49:44	16.12	15.778	15.738	16.829	15.981	16.176	415.42	415.34
00:50:44	16.12	15.778	15.728	16.852	15.979	16.176	415.42	415.34
00:51:44	16.121	15.778	15.73	16.928	15.982	16.175	415.42	415.34
00:52:44	16.121	15.779	15.724	16.916	15.982	16.177	415.42	415.34
00:53:44	16.121	15.778	15.725	16.765	15.985	16.177	415.42	415.34
00:54:44	16.12	15.779	15.723	16.626	15.984	16.177	415.42	415.34
00:55:44	16.121	15.779	15.723	16.545	15.983	16.176	415.42	415.34
00:56:44	16.12	15.778	15.722	16.441	15.983	16.175	415.42	415.34
00:57:44	16.121	15.777	15.717	16.359	15.979	16.176	415.42	415.34
00:58:44	16.121	15.777	15.713	16.298	15.978	16.178	415.42	415.34
00:59:44	16.12	15.778	15.71	16.258	15.977	16.175	415.42	415.34
01:00:44	16.12	15.778	15.697	16.245	15.981	16.176	415.42	415.34
01:01:44	16.12	15.778	15.697	16.232	15.984	16.177	415.42	415.34
01:02:44	16.121	15.777	15.693	16.219	15.985	16.176	415.42	415.34
01:03:44	16.12	15.778	15.689	16.2	15.987	16.177	415.42	415.34
01:04:44	16.121	15.778	15.683	16.188	15.987	16.177	415.42	415.34
01:05:44	16.121	15.78	15.681	16.171	15.985	16.177	415.42	415.34
01:06:44	16.121	15.781	15.677	16.149	15.982	16.178	415.42	415.34
01:07:44	16.122	15.783	15.678	16.156	15.985	16.18	415.42	415.34
01:08:44	16.121	15.783	15.67	16.152	15.988	16.182	415.42	415.34
01:09:44	16.12	15.782	15.667	16.146	15.988	16.182	415.42	415.34
01:10:44	16.122	15.784	15.667	16.136	15.987	16.18	415.42	415.34
01:11:44	16.122	15.784	15.663	16.125	15.989	16.184	415.42	415.34
01:12:44	16.121	15.784	15.659	16.121	15.988	16.183	415.42	415.34
01:13:44	16.122	15.784	15.656	16.115	15.986	16.181	415.42	415.34
01:14:44	16.123	15.785	15.652	16.117	15.987	16.18	415.42	415.34
01:15:44	16.121	15.785	15.649	16.111	15.99	16.178	415.42	415.34
01:16:44	16.121	15.784	15.647	16.107	15.989	16.179	415.42	415.34
01:17:44	16.122	15.784	15.643	16.11	15.986	16.18	415.42	415.34
01:18:44	16.122	15.785	15.639	16.113	15.988	16.18	415.42	415.34
01:19:44	16.122	15.784	15.64	16.1	15.989	16.183	415.42	415.34
01:20:44	16.122	15.785	15.627	16.092	15.987	16.182	415.42	415.34
01:21:44	16.122	15.785	15.621	16.094	15.988	16.178	415.42	415.34
01:22:44	16.121	15.784	15.62	16.446	15.989	16.178	415.42	415.34
01:23:44	16.122	15.785	15.628	16.73	15.988	16.18	415.42	415.34
01:24:44	16.122	15.784	15.633	17.053	15.989	16.179	415.42	415.34
01:25:44	16.122	15.785	15.648	17.387	15.988	16.179	415.42	415.34
01:26:44	16.122	15.784	15.654	17.549	15.988	16.179	415.42	415.34
01:27:44	16.122	15.784	15.666	17.722	15.989	16.176	415.42	415.34
01:28:44	16.123	15.784	15.672	17.935	15.989	16.176	415.42	415.34
01:29:44	16.122	15.784	15.682	17.849	15.986	16.177	415.42	415.34
01:30:44	16.123	15.783	15.686	17.579	15.983	16.179	415.42	415.34
01:31:44	16.121	15.783	15.696	17.108	15.982	16.178	415.42	415.34
01:32:44	16.123	15.783	15.697	16.731	15.984	16.18	415.42	415.34
01:33:44	16.122	15.783	15.697	16.521	15.986	16.177	415.42	415.34
01:34:44	16.123	15.783	15.693	16.397	15.988	16.179	415.42	415.34
01:35:44	16.123	15.782	15.688	16.366	15.988	16.181	415.42	415.34
01:36:44	16.123	15.782	15.686	16.317	15.984	16.18	415.42	415.34
01:37:44	16.122	15.781	15.675	16.269	15.988	16.18	415.42	415.34
01:38:44	16.122	15.783	15.672	16.229	15.986	16.18	415.42	415.34
01:39:44	16.122	15.783	15.667	16.209	15.986	16.179	415.42	415.34
01:40:44	16.123	15.784	15.664	16.193	15.987	16.179	415.42	415.34
01:41:44	16.123	15.784	15.661	16.177	15.988	16.182	415.42	415.34
01:42:44	16.123	15.784	15.659	16.153	15.988	16.181	415.42	415.34
01:43:44	16.123	15.785	15.658	16.143	15.99	16.182	415.42	415.34
01:44:44	16.122	15.783	15.653	16.147	15.99	16.18	415.42	415.34
01:45:44	16.122	15.783	15.65	16.139	15.985	16.179	415.42	415.34
01:46:44	16.122	15.783	15.645	16.143	15.984	16.18	415.42	415.34
01:47:44	16.122	15.783	15.642	16.205	15.986	16.179	415.42	415.34
01:48:44	16.122	15.783	15.642	16.826	15.989	16.179	415.42	415.34
01:49:44	16.122	15.783	15.642	17.024	15.989	16.176	415.42	415.34
01:50:44	16.122	15.782	15.64	16.91	15.987	16.178	415.42	415.34
01:51:44	16.123	15.781	15.653	16.826	15.987	16.178	415.42	415.34
01:52:44	16.121	15.781	15.657	16.853	15.983	16.178	415.42	415.34
01:53:44	16.122	15.782	15.658	16.748	15.981	16.178	415.42	415.34
01:54:44	16.123	15.78	15.661	16.791	15.986	16.18	415.42	415.34
01:55:44	16.121	15.781	15.675	16.892	15.985	16.18	415.42	415.34
01:56:44	16.121	15.78	15.675	16.861	15.986	16.18	415.42	415.34
01:57:44	16.122	15.781	15.678	16.679	15.986	16.18	415.42	415.34
01:58:44	16.122	15.782	15.681	16.721	15.984	16.183	415.42	415.34
01:59:44	16.122	15.782	15.679	16.676	15.984	16.181	415.42	415.34
02:00:44	16.122	15.781	15.677	16.706	15.986	16.18	415.42	415.34
02:01:44	16.122	15.78	15.683	16.735	15.987	16.18	415.42	415.34
02:02:44	16.121	15.782	15.685	16.616	15.986	16.18	415.42	415.34
02:03:44	16.121	15.781	15.699	16.622	15.988	16.179	415.42	415.34
02:04:44	16.122	15.782	15.694	16.6	15.986	16.182	415.42	415.34
02:05:44	16.122	15.781	15.694	16.611	15.987	16.179	415.42	415.34
02:06:44	16.121	15.78	15.707	16.589	15.985	16.178	415.42	415.34
02:07:44	16.122	15.779	15.696	16.49	15.985	16.179	415.42	415.34
02:08:44	16.122	15.777	15.689	16.418	15.981	16.176	415.42	415.34
02:09:44	16.122	15.778	15.69	16.45	15.981	16.176	415.42	415.34
02:10:44	16.121	15.776	15.691	16.536	15.983	16.178	415.42	415.34
02:11:44	16.121	15.777	15.683	16.737	15.984	16.179	415.42	415.34
02:12:44	16.121	15.775	15.682	16.911	15.98	16.175	415.42	415.34
02:13:44	16.12	15.775	15.684	17.031	15.978	16.175	415.42	415.34
02:14:44	16.121	15.774	15.689	16.918	15.976	16.176	415.42	415.34
02:15:44	16.121	15.772	15.707	16.985	15.974	16.175	415.42	415.34
02:16:44	16.12	15.772	15.702	17.038	15.974	16.175	415.42	415.34
02:17:44	16.121	15.771	15.702	17.135	15.97	16.176	415.42	415.34
02:18:44	16.12	15.77	15.705	17.228	15.972	16.173	415.42	415.34
02:19:44	16.12	15.769	15.705	17.315	15.977	16.172	415.42	415.34
02:20:44	16.121	15.768	15.71	17.215	15.977	16.173	415.42	415.34
02:21:44	16.12	15.769	15.717	17.137	15.977	16.176	415.42	415.34
02:22:44	16.12	15.769	15.737	16.996	15.978	16.177	415.42	415.34
02:23:44	16.119	15.768	15.732	16.804	15.976	16.174	415.42	415.34
02:24:44	16.119	15.769	15.738	16.729	15.98	16.176	415.42	415.34
02:25:44	16.12	15.768	15.727	16.706	15.98	16.176	415.42	415.34
02:26:44	16.119	15.768	15.727	16.647	15.982	16.175	415.42	415.34
02:27:44	16.118	15.767	15.721	16.696	15.98	16.176	415.42	415.34
02:28:44	16.12	15.768	15.717	16.85	15.98	16.174	415.42	415.34
02:29:44	16.119	15.768	15.718	16.843	15.978	16.174	415.42	415.34
02:30:44	16.12	15.768	15.73	16.831	15.976	16.174	415.42	415.34
02:31:44	16.12	15.767	15.728	16.705	15.976	16.173	415.42	415.34
02:32:44	16.119	15.764	15.725	16.896	15.972	16.172	415.42	415.34
02:33:44	16.119	15.764	15.725	17.16	15.972	16.173	415.42	415.34
02:34:44	16.118	15.763	15.722	17.338	15.968	16.171	415.42	415.34
02:35:44	16.118	15.762	15.721	17.463	15.968	16.174	415.42	415.34
02:36:44	16.118	15.76	15.727	17.334	15.968	16.167	415.42	415.34
02:37:44	16.118	15.759	15.728	17.123	15.971	16.169	415.42	415.34
02:38:44	16.118	15.759	15.73	16.791	15.974	16.168	415.42	415.34
02:39:44	16.117	15.76	15.727	16.573	15.97	16.169	415.42	415.34
02:40:44	16.118	15.76	15.724	16.426	15.971	16.17	415.42	415.34
02:41:44	16.118	15.76	15.718	16.343	15.974	16.173	415.42	415.34
02:42:44	16.118	15.761	15.711	16.305	15.975	16.176	415.42	415.34
02:43:44	16.117	15.76	15.704	16.289	15.975	16.174	415.42	415.34
02:44:44	16.118	15.759	15.7	16.248	15.975	16.173	415.42	415.34
02:45:44	16.117	15.758	15.694	16.217	15.975	16.171	415.42	415.34
02:46:44	16.117	15.759	15.686	16.196	15.974	16.173	415.42	415.34
02:47:44	16.116	15.758	15.68	16.174	15.976	16.173	415.42	415.34
02:48:44	16.117	15.759	15.675	16.152	15.967	16.173	415.42	415.34
02:49:44	16.116	15.76	15.67	16.135	15.969	16.174	415.42	415.34
02:50:44	16.117	15.76	15.664	16.204	15.972	16.172	415.42	415.34
02:51:44	16.116	15.761	15.659	16.258	15.972	16.174	415.42	415.34
02:52:44	16.117	15.762	15.659	16.215	15.975	16.174	415.42	415.34
02:53:44	16.117	15.762	15.655	16.185	15.978	16.173	415.42	415.34
02:54:44	16.117	15.764	15.654	16.16	15.979	16.173	415.42	415.34
02:55:44	16.117	15.764	15.65	16.142	15.981	16.173	415.42	415.34
02:56:44	16.117	15.765	15.649	16.129	15.982	16.173	415.42	415.34
02:57:44	16.117	15.767	15.638	16.175	15.984	16.174	415.42	415.34
02:58:44	16.116	15.768	15.636	16.258	15.985	16.175	415.42	415.34
02:59:44	16.117	15.769	15.642	16.273	15.984	16.175	415.42	415.34
03:00:44	16.117	15.768	15.64	16.309	15.985	16.178	415.42	415.34
03:01:44	16.117	15.769	15.639	16.514	15.982	16.177	415.42	415.34
03:02:44	16.117	15.771	15.646	16.76	15.981	16.176	415.42	415.34
03:03:44	16.117	15.77	15.656	16.878	15.983	16.178	415.42	415.34
03:04:44	16.116	15.771	15.658	16.853	15.982	16.177	415.42	415.34
03:05:44	16.116	15.769	15.66	16.909	15.984	16.175	415.42	415.34
03:06:44	16.117	15.769	15.662	17.045	15.982	16.176	415.42	415.34
03:07:44	16.117	15.769	15.669	17.169	15.98	16.175	415.42	415.34
03:08:44	16.117	15.769	15.675	17.31	15.978	16.175	415.42	415.34
03:09:44	16.117	15.769	15.682	17.179	15.975	16.174	415.42	415.34
03:10:44	16.116	15.768	15.704	17.151	15.978	16.175	415.42	415.34
03:11:44	16.116	15.767	15.701	17.194	15.979	16.172	415.42	415.34
03:12:44	16.117	15.767	15.699	17.146	15.979	16.179	415.42	415.34
03:13:44	16.116	15.767	15.696	17.226	15.98	16.179	415.42	415.34
03:14:44	16.117	15.766	15.693	17.208	15.977	16.179	415.42	415.34
03:15:44	16.117	15.768	15.695	16.925	15.976	16.177	415.42	415.34
03:16:44	16.117	15.769	15.696	16.771	15.975	16.177	415.42	415.34
03:17:44	16.116	15.769	15.697	16.774	15.977	16.177	415.42	415.34
03:18:44	16.117	15.77	15.705	17.171	15.978	16.177	415.42	415.34
03:19:44	16.117	15.771	15.703	17.432	15.979	16.177	415.42	415.34
03:20:44	16.117	15.771	15.707	17.458	15.981	16.18	415.42	415.34
03:21:44	16.117	15.772	15.712	17.196	15.982	16.179	415.42	415.34
03:22:44	16.116	15.773	15.718	16.935	15.985	16.179	415.42	415.34
03:23:44	16.116	15.773	15.722	16.732	15.985	16.18	415.42	415.34
03:24:44	16.117	15.773	15.72	16.686	15.987	16.179	415.42	415.34
03:25:44	16.118	15.773	15.713	16.684	15.986	16.181	415.42	415.34
03:26:44	16.116	15.773	15.714	16.685	15.986	16.178	415.42	415.34
03:27:44	16.116	15.773	15.708	16.653	15.987	16.179	415.42	415.34
03:28:44	16.116	15.774	15.711	16.657	15.985	16.178	415.42	415.34
03:29:44	16.117	15.773	15.718	16.677	15.982	16.177	415.42	415.34
03:30:44	16.117	15.772	15.726	16.964	15.981	16.177	415.42	415.34
03:31:44	16.116	15.772	15.722	17.136	15.98	16.176	415.42	415.34
03:32:44	16.117	15.772	15.721	17.116	15.982	16.177	415.42	415.34
03:33:44	16.117	15.771	15.719	17.044	15.982	16.176	415.42	415.34
03:34:44	16.116	15.772	15.726	17.042	15.978	16.178	415.42	415.34
03:35:44	16.116	15.772	15.728	17.156	15.976	16.175	415.42	415.34
03:36:44	16.116	15.77	15.727	17.163	15.975	16.175	415.42	415.34
03:37:44	16.116	15.769	15.734	17.202	15.975	16.175	415.42	415.34
03:38:44	16.117	15.768	15.733	17.082	15.978	16.174	415.42	415.34
03:39:44	16.116	15.766	15.73	16.95	15.976	16.174	415.42	415.34
03:40:44	16.115	15.765	15.74	16.819	15.969	16.173	415.42	415.34
03:41:44	16.116	15.764	15.747	16.726	15.969	16.174	415.42	415.34
03:42:44	16.117	15.764	15.743	16.571	15.969	16.175	415.42	415.34
03:43:44	16.116	15.764	15.742	16.556	15.974	16.173	415.42	415.34
03:44:44	16.116	15.764	15.739	16.493	15.976	16.175	415.42	415.34
03:45:44	16.115	15.766	15.742	16.577	15.974	16.175	415.42	415.34
03:46:44	16.116	15.765	15.734	16.7	15.975	16.175	415.42	415.34
03:47:44	16.116	15.768	15.726	16.776	15.981	16.174	415.42	415.34
03:48:44	16.117	15.768	15.735	16.715	15.983	16.176	415.42	415.34
03:49:44	16.116	15.769	15.734	16.85	15.981	16.173	415.42	415.34
03:50:44	16.116	15.769	15.735	17.112	15.982	16.177	415.42	415.34
03:51:44	16.116	15.77	15.73	17.297	15.985	16.176	415.42	415.34
03:52:44	16.116	15.772	15.731	17.518	15.987	16.178	415.42	415.34
03:53:44	16.116	15.774	15.736	17.605	15.988	16.182	415.42	415.34
03:54:44	16.117	15.777	15.739	17.46	15.988	16.181	415.42	415.34
03:55:44	16.117	15.776	15.753	17.313	15.987	16.181	415.42	415.34
03:56:44	16.116	15.775	15.75	16.919	15.986	16.18	415.42	415.34
03:57:44	16.117	15.775	15.742	16.66	15.984	16.178	415.42	415.34
03:58:44	16.117	15.775	15.734	16.492	15.986	16.177	415.42	415.34
03:59:44	16.116	15.775	15.725	16.385	15.987	16.18	415.42	415.34
04:00:44	16.116	15.777	15.714	16.351	15.988	16.178	415.42	415.34
04:01:44	16.117	15.777	15.708	16.307	15.988	16.181	415.42	415.34
04:02:44	16.117	15.778	15.702	16.28	15.99	16.182	415.42	415.34
04:03:44	16.117	15.778	15.696	16.246	15.989	16.18	415.42	415.34
04:04:44	16.117	15.777	15.69	16.207	15.987	16.18	415.42	415.34
04:05:44	16.117	15.776	15.685	16.18	15.985	16.177	415.42	415.34
04:06:44	16.117	15.776	15.679	16.158	15.986	16.178	415.42	415.34
04:07:44	16.117	15.776	15.673	16.126	15.987	16.175	415.42	415.34
04:08:44	16.118	15.775	15.671	16.13	15.986	16.178	415.42	415.34
04:09:44	16.117	15.775	15.663	16.158	15.985	16.177	415.42	415.34
04:10:44	16.117	15.774	15.656	16.143	15.985	16.177	415.42	415.34
04:11:44	16.117	15.773	15.656	16.122	15.981	16.175	415.42	415.34
04:12:44	16.118	15.774	15.651	16.105	15.982	16.177	415.42	415.34
04:13:44	16.117	15.772	15.649	16.095	15.983	16.177	415.42	415.34
04:14:44	16.118	15.771	15.639	16.082	15.983	16.179	415.42	415.34
04:15:44	16.117	15.771	15.63	16.07	15.977	16.175	415.42	415.34
04:16:44	16.118	15.771	15.614	16.066	15.975	16.176	415.42	415.34
04:17:45	16.117	15.769	15.607	16.053	15.976	16.174	415.42	415.34
04:18:44	0.0	15.769	15.613	16.048	15.974	16.174	415.42	415.34
04:19:44	16.117	15.77	15.617	16.108	15.979	16.175	415.42	415.34
04:20:44	0.0	15.77	15.612	16.739	15.982	16.175	415.42	415.34
04:21:44	16.117	15.768	15.626	17.076	15.981	16.176	415.42	415.34
04:22:44	16.117	15.769	15.631	17.17	15.975	16.173	415.42	415.34
04:23:44	16.117	15.768	15.64	17.24	15.979	16.173	415.42	415.34
04:24:44	16.117	15.768	15.649	17.679	15.977	16.172	415.42	415.34
04:25:44	16.117	15.769	15.657	18.039	15.978	16.174	415.42	415.34
04:26:44	16.117	15.769	15.686	17.867	15.981	16.177	415.42	415.34
04:27:44	16.118	15.771	15.701	17.728	15.983	16.177	415.42	415.34
04:28:44	16.117	15.773	15.696	17.745	15.984	16.175	415.42	415.34
04:29:44	16.118	15.778	15.691	17.808	15.986	16.175	415.42	415.34
04:30:44	16.118	15.781	15.696	17.89	15.989	16.181	415.42	415.34
04:31:44	16.118	15.783	15.701	17.783	15.988	16.178	415.42	415.34
04:32:44	16.119	15.781	15.697	17.327	15.99	16.176	415.42	415.34
04:33:44	16.118	15.781	15.698	16.904	15.992	16.18	415.42	415.34
04:34:44	16.118	15.782	15.693	16.627	15.992	16.183	415.42	415.34
04:35:44	16.118	15.781	15.686	16.435	15.989	16.18	415.42	415.34
04:36:44	16.119	15.782	15.677	16.348	15.991	16.179	415.42	415.34
04:37:44	16.119	15.783	15.668	16.315	15.991	16.179	415.42	415.34
04:38:44	16.118	15.782	15.661	16.262	15.989	16.178	415.42	415.34
04:39:44	16.12	15.781	15.657	16.219	15.992	16.18	415.42	415.34
04:40:44	16.118	15.781	15.647	16.192	15.989	16.177	415.42	415.34
04:41:44	16.118	15.78	15.64	16.147	15.989	16.177	415.42	415.34
04:42:45	16.118	15.78	15.631	16.124	15.988	16.177	415.42	415.34
04:43:44	0.0	15.776	15.628	16.096	15.983	16.173	415.42	415.34
04:44:45	16.118	15.775	15.628	16.087	15.981	16.174	415.42	415.34
04:45:44	0.0	15.772	15.625	16.089	15.979	16.176	415.42	415.34
04:46:45	16.119	15.771	15.621	16.091	15.978	16.172	415.42	415.34
04:47:44	0.0	15.77	15.616	16.141	15.976	16.173	415.42	415.34
04:48:45	16.118	15.769	15.616	16.689	15.976	16.175	415.42	415.34
04:49:44	16.117	15.77	15.615	16.994	15.981	16.173	415.42	415.34
04:50:46	16.119	15.771	15.613	16.97	15.976	16.17	415.42	415.34
04:51:44	16.117	15.77	15.614	16.911	15.977	16.172	415.42	415.34
04:52:46	16.118	15.77	15.617	16.81	15.981	16.173	415.42	415.34
04:53:44	16.117	15.769	15.619	16.9	15.981	16.173	415.42	415.34
04:54:46	16.118	15.771	15.622	16.889	15.98	16.175	415.42	415.34
04:55:44	16.118	15.771	15.628	17.021	15.977	16.175	415.42	415.34
04:56:44	16.117	15.771	15.638	17.151	15.981	16.174	415.42	415.34
04:57:44	16.118	15.773	15.644	17.159	15.982	16.175	415.42	415.34
04:58:44	16.117	15.774	15.645	17.291	15.985	16.176	415.42	415.34
04:59:44	16.117	15.774	15.655	17.18	15.986	16.179	415.42	415.34
05:00:44	16.117	15.776	15.663	17.043	15.984	16.179	415.42	415.34
05:01:44	16.117	15.775	15.659	17.06	15.987	16.178	415.42	415.34
05:02:44	16.117	15.777	15.664	17.107	15.988	16.178	415.42	415.34
05:03:44	16.118	15.777	15.664	17.11	15.986	16.179	415.42	415.34
05:04:44	16.118	15.777	15.659	17.274	15.983	16.177	415.42	415.34
05:05:44	16.118	15.777	15.663	17.21	15.982	16.177	415.42	415.34
05:06:44	16.118	15.776	15.668	17.119	15.982	16.177	415.42	415.34
05:07:44	16.117	15.774	15.684	16.939	15.979	16.176	415.42	415.34
05:08:44	16.117	15.772	15.678	16.985	15.98	16.174	415.42	415.34
05:09:44	16.117	15.771	15.671	17.201	15.981	16.176	415.42	415.34
05:10:44	16.117	15.769	15.678	17.166	15.981	16.178	415.42	415.34
05:11:44	16.117	15.77	15.676	16.941	15.979	16.178	415.42	415.34
05:12:44	16.116	15.77	15.68	16.764	15.983	16.176	415.42	415.34
05:13:44	16.116	15.771	15.673	16.808	15.981	16.176	415.42	415.34
05:14:44	16.117	15.771	15.678	16.844	15.979	16.175	415.42	415.34
05:15:44	16.118	15.77	15.69	16.799	15.984	16.175	415.42	415.34
05:16:44	16.117	15.772	15.686	16.783	15.984	16.176	415.42	415.34
05:17:44	16.117	15.772	15.694	16.722	15.983	16.177	415.42	415.34
05:18:44	16.116	15.771	15.689	16.7	15.984	16.178	415.42	415.34
05:19:44	16.116	15.77	15.683	16.705	15.984	16.177	415.42	415.34
05:20:44	16.114	15.77	15.687	16.845	15.982	16.178	415.42	415.34
05:21:44	16.116	15.769	15.68	16.936	15.983	16.18	415.42	415.34
05:22:44	16.116	15.771	15.68	16.814	15.982	16.176	415.42	415.34
05:23:44	16.116	15.769	15.681	16.614	15.979	16.178	415.42	415.34
05:24:44	16.116	15.771	15.678	16.604	15.982	16.178	415.42	415.34
05:25:44	16.116	15.773	15.677	16.692	15.983	16.178	415.42	415.34
05:26:45	16.116	15.772	15.676	16.569	15.983	16.176	415.42	415.34
05:27:44	16.115	15.772	15.68	16.46	15.987	16.175	415.42	415.34
05:28:44	16.116	15.773	15.673	16.382	15.985	16.175	415.42	415.34
05:29:44	16.116	15.772	15.669	16.337	15.986	16.179	415.42	415.34
05:30:44	16.116	15.772	15.662	16.467	15.982	16.178	415.42	415.34
05:31:44	16.114	15.771	15.659	16.627	15.984	16.179	415.42	415.34
05:32:44	16.116	15.77	15.661	16.749	15.985	16.176	415.42	415.34
05:33:44	16.115	15.769	15.662	16.743	15.98	16.177	415.42	415.34
05:34:44	16.116	15.769	15.66	16.914	15.982	16.179	415.42	415.34
05:35:44	16.116	15.77	15.663	17.024	15.978	16.178	415.42	415.34
05:36:44	16.116	15.77	15.672	16.923	15.98	16.178	415.42	415.34
05:37:44	16.116	15.77	15.676	16.863	15.981	16.178	415.42	415.34
05:38:44	16.116	15.772	15.675	16.801	15.984	16.177	415.42	415.34
05:39:44	16.116	15.77	15.676	16.687	15.985	16.176	415.42	415.34
05:40:44	16.115	15.771	15.681	16.66	15.985	16.174	415.42	415.34
05:41:44	16.116	15.771	15.683	16.625	15.985	16.176	415.42	415.34
05:42:44	16.116	15.77	15.688	16.631	15.987	16.177	415.42	415.34
05:43:44	16.116	15.771	15.683	16.636	15.989	16.18	415.42	415.34
05:44:44	16.116	15.772	15.683	16.704	15.988	16.181	415.42	415.34
05:45:44	16.116	15.772	15.682	16.719	15.986	16.181	415.42	415.34
05:46:44	16.115	15.772	15.7	16.707	15.985	16.179	415.42	415.34
05:47:44	16.116	15.773	15.703	16.717	15.985	16.179	415.42	415.34
05:48:44	16.116	15.772	15.699	16.678	15.986	16.18	415.42	415.34
05:49:44	16.116	15.773	15.698	16.704	15.989	16.182	415.42	415.34
05:50:44	16.115	15.775	15.696	16.73	15.992	16.181	415.42	415.34
05:51:44	16.115	15.775	15.707	16.692	15.992	16.179	415.42	415.34
05:52:44	16.116	15.775	15.707	16.68	15.989	16.181	415.42	415.34
05:53:44	16.115	15.774	15.696	16.763	15.989	16.179	415.42	415.34
05:54:44	16.115	15.772	15.698	16.756	15.988	16.178	415.42	415.34
05:55:44	16.114	15.771	15.698	16.597	15.986	16.177	415.42	415.34
05:56:44	16.116	15.77	15.688	16.541	15.986	16.176	415.42	415.34
05:57:44	16.115	15.769	15.692	16.528	15.985	16.176	415.42	415.34
05:58:44	16.115	15.767	15.693	16.633	15.986	16.178	415.42	415.34
05:59:44	16.114	15.767	15.694	16.764	15.986	16.174	415.42	415.34
06:00:44	16.114	15.767	15.688	16.684	15.979	16.175	415.42	415.34
06:01:44	16.115	15.766	15.692	16.704	15.982	16.177	415.42	0.0
06:02:44	16.113	15.766	15.693	16.791	15.982	16.175	415.42	415.34
06:03:44	16.114	15.763	15.69	16.855	15.981	16.176	415.42	415.34
06:04:44	16.114	15.764	15.688	16.823	15.977	16.176	415.42	415.34
06:05:44	16.114	15.764	15.693	16.816	15.978	16.173	415.42	415.34
06:06:44	16.114	15.763	15.687	16.848	15.978	16.173	415.42	415.34
06:07:44	16.113	15.763	15.695	16.803	15.976	16.172	415.42	415.34
06:08:44	16.113	15.763	15.691	16.654	15.978	16.175	415.42	415.34
06:09:44	16.113	15.764	15.689	16.529	15.978	16.177	415.42	415.34
06:10:44	16.114	15.766	15.691	16.521	15.976	16.174	415.42	415.34
06:11:44	16.114	15.765	15.688	16.492	15.98	16.176	415.42	415.34
06:12:44	16.113	15.767	15.687	16.564	15.984	16.175	415.42	415.34
06:13:44	16.114	15.767	15.681	16.636	15.982	16.176	415.42	415.34
06:14:44	16.113	15.767	15.683	16.681	15.982	16.176	415.42	415.34
06:15:44	16.114	15.767	15.681	16.838	15.983	16.177	415.42	415.34
06:16:44	16.113	15.766	15.676	16.73	15.976	16.173	415.42	415.34
06:17:44	16.113	15.765	15.682	16.559	15.975	16.176	415.42	415.34
06:18:44	16.113	15.767	15.68	16.406	15.978	16.177	415.42	415.34
06:19:44	16.113	15.766	15.675	16.303	15.976	16.178	415.42	415.34
06:20:44	16.112	15.767	15.673	16.24	15.974	16.174	415.42	415.34
06:21:44	16.114	15.766	15.669	16.201	15.976	16.175	415.42	415.34
06:22:44	16.113	15.767	15.658	16.181	15.979	16.175	415.42	415.34
06:23:44	16.113	15.768	15.654	16.156	15.979	16.175	415.42	415.34
06:24:44	16.113	15.767	15.651	16.13	15.98	16.177	415.42	415.34
06:25:45	16.113	15.767	15.647	16.139	15.982	16.174	415.42	415.34
06:26:44	0.0	15.767	15.639	16.154	15.982	16.178	415.42	415.34
06:27:44	16.113	15.768	15.631	16.135	15.985	16.177	415.42	415.34
06:28:44	16.114	15.768	15.626	16.113	15.981	16.177	415.42	415.34
06:29:44	16.113	15.767	15.626	16.097	15.981	16.177	415.42	415.34
06:30:44	16.114	15.768	15.619	16.087	15.981	16.176	415.42	415.34
06:31:44	16.114	15.769	15.609	16.088	15.98	16.176	415.42	415.34
06:32:44	16.112	15.769	15.616	16.084	15.98	16.177	415.42	415.34
06:33:44	16.113	15.768	15.618	16.081	15.979	16.176	415.42	415.34
06:34:44	16.113	15.768	15.614	16.081	15.983	16.18	415.42	415.34
06:35:44	16.114	15.77	15.606	16.076	15.986	16.176	415.42	415.34
06:36:44	16.112	15.77	15.603	16.076	15.983	16.174	415.42	415.34
06:37:44	16.113	15.77	15.6	16.169	15.98	16.175	415.42	415.34
06:38:44	16.112	15.77	15.602	16.462	15.979	16.176	415.42	415.34
06:39:44	16.112	15.77	15.604	16.785	15.978	16.178	415.42	415.34
06:40:44	16.114	15.77	15.606	17.149	15.98	16.176	415.42	415.34
06:41:44	16.113	15.769	15.616	17.426	15.977	16.178	415.42	415.34
06:42:44	16.113	15.769	15.625	17.49	15.974	16.177	415.42	415.34
06:43:44	16.113	15.768	15.637	17.477	15.974	16.175	415.42	415.34
06:44:44	16.112	15.768	15.654	17.494	15.98	16.175	415.42	415.34
06:45:44	16.113	15.768	15.655	17.362	15.977	16.175	415.42	415.34
06:46:44	16.111	15.768	15.661	17.325	15.979	16.177	415.42	415.34
06:47:48	16.111	15.768	15.671	17.488	15.981	16.177	415.42	415.34
06:48:44	16.113	15.767	15.667	17.506	15.976	16.173	415.42	415.34
06:49:44	16.113	15.766	15.671	17.419	15.974	16.174	415.42	415.34
06:50:46	16.112	15.768	15.671	17.326	15.975	16.173	415.42	415.34
06:51:44	16.112	15.767	15.671	17.326	15.975	16.173	415.42	415.34
06:52:44	16.112	15.767	15.671	17.375	15.973	16.174	415.42	415.34
06:53:44	16.11	15.767	15.691	17.502	15.974	16.176	415.42	415.34
06:54:44	16.111	15.767	15.694	17.598	15.971	16.173	415.42	415.34
06:55:44	16.112	15.767	15.694	17.675	15.974	16.173	415.42	415.34
06:56:44	16.111	15.769	15.696	17.447	15.975	16.176	415.42	415.34
06:57:44	16.111	15.766	15.714	17.364	15.975	16.175	415.42	415.34
06:58:44	16.111	15.768	15.708	17.366	15.975	16.173	415.42	415.34
06:59:44	16.112	15.768	15.724	17.291	15.974	16.176	415.42	415.34
07:00:44	16.111	15.767	15.716	17.15	15.975	16.177	415.42	415.34
07:01:44	16.111	15.768	15.711	16.903	15.977	16.178	415.42	415.34
07:02:44	16.111	15.767	15.707	16.649	15.978	16.174	415.42	415.34
07:03:44	16.111	15.768	15.698	16.502	15.975	16.172	415.42	415.34
07:04:44	16.11	15.766	15.692	16.392	15.974	16.174	415.42	415.34
07:05:44	16.109	15.767	15.688	16.345	15.975	16.175	415.42	415.34
07:06:44	16.111	15.768	15.681	16.325	15.978	16.175	415.42	415.34
07:07:44	16.11	15.767	15.676	16.291	15.978	16.175	415.42	415.34
07:08:44	16.11	15.767	15.667	16.262	15.98	16.174	415.42	415.34
07:09:44	16.11	15.768	15.66	16.239	15.979	16.175	415.42	415.34
07:10:44	16.11	15.767	15.658	16.205	15.98	16.175	415.42	415.34
07:11:44	16.109	15.767	15.65	16.183	15.977	16.172	415.42	415.34
07:12:44	16.11	15.765	15.649	16.152	15.977	16.173	415.42	415.34
07:13:44	16.11	15.765	15.641	16.196	15.978	16.173	415.42	415.34
07:14:44	16.109	15.765	15.641	16.229	15.976	16.173	415.42	415.34
07:15:44	16.11	15.765	0.0	16.2	15.974	16.174	415.42	415.34
07:16:44	16.108	15.765	15.636	16.178	15.971	16.174	415.42	415.34
07:17:44	16.11	15.765	15.633	16.155	15.973	16.175	415.42	415.34
07:18:44	16.11	15.765	15.629	16.154	15.97	16.175	415.42	415.34
07:19:44	16.109	15.765	15.629	16.318	15.974	16.175	415.42	415.34
07:20:44	16.11	15.764	15.623	16.611	15.972	16.17	415.42	415.34
07:21:44	16.109	15.764	15.622	16.768	15.973	16.176	415.42	415.34
07:22:44	16.11	15.764	15.626	16.75	15.975	16.176	415.42	415.34
07:23:44	16.109	15.764	15.631	16.637	15.975	16.175	415.42	415.34
07:24:44	16.109	15.764	15.638	16.706	15.976	16.172	415.42	415.34
07:25:44	16.11	15.765	15.649	16.702	15.977	16.175	415.42	415.34
07:26:44	16.109	15.764	15.652	16.766	15.975	16.178	415.42	415.34
07:27:44	16.109	15.765	15.646	16.973	15.975	16.175	415.42	415.34
07:28:44	16.109	15.765	15.651	17.227	15.974	16.174	415.42	415.34
07:29:44	16.11	15.765	15.651	17.269	15.976	16.174	415.42	415.34
07:30:44	16.109	15.765	15.66	17.255	15.978	16.175	415.42	415.34
07:31:44	16.109	15.766	15.667	17.111	15.98	16.175	415.42	415.34
07:32:44	16.109	15.766	15.664	17.05	15.979	16.174	415.42	415.34
07:33:44	16.109	15.765	15.669	16.979	15.981	16.175	415.42	415.34
07:34:44	16.109	15.766	15.683	16.829	15.979	16.176	415.42	415.34
07:35:44	16.109	15.765	15.684	16.751	15.976	16.175	415.42	415.34
07:36:44	16.108	15.765	15.686	16.668	15.976	16.174	415.42	415.34
07:37:44	16.109	15.766	15.689	16.634	15.981	16.176	415.42	415.34
07:38:44	16.109	15.766	15.685	16.532	15.978	16.179	415.42	415.34
07:39:44	16.11	15.766	15.677	16.532	15.978	16.181	415.42	415.34
07:40:44	16.11	15.767	15.68	16.488	15.978	16.174	415.42	415.34
07:41:44	16.109	15.766	15.673	16.68	15.976	16.174	415.42	415.34
07:42:44	16.109	15.765	15.68	16.876	15.976	16.175	415.42	415.34
07:43:44	16.108	15.764	15.677	16.811	15.974	16.173	415.42	415.34
07:44:44	16.109	15.765	15.678	16.8	15.974	16.178	415.42	415.34
07:45:44	16.109	15.765	15.69	16.67	15.975	16.175	415.42	415.34
07:46:44	16.109	15.766	15.686	16.629	15.98	16.173	415.42	415.34
07:47:44	16.109	15.766	15.684	16.774	15.981	16.175	415.42	415.34
07:48:44	16.109	15.766	15.681	16.914	15.983	16.178	415.42	415.34
07:49:44	16.108	15.768	15.678	16.85	15.98	16.176	415.42	415.34
07:50:44	16.108	15.767	15.676	16.853	15.981	16.176	415.42	415.34
07:51:44	16.108	15.767	15.68	16.849	15.981	16.177	415.42	415.34
07:52:44	16.108	15.767	15.685	16.952	15.978	16.176	415.42	415.34
07:53:44	16.108	15.766	15.684	16.944	15.976	16.175	415.42	415.34
07:54:44	16.108	15.766	15.687	16.951	15.975	16.176	415.42	415.34
07:55:44	16.108	15.766	15.691	16.868	15.978	16.175	415.42	415.34
07:56:44	16.108	15.765	15.695	16.763	15.98	16.174	415.42	415.34
07:57:44	16.108	15.763	15.695	16.71	15.978	16.174	415.42	415.34
07:58:44	16.107	15.765	15.701	16.947	15.985	16.175	415.42	415.34
07:59:44	16.107	15.766	15.705	16.922	15.981	16.173	415.42	415.34
08:00:44	16.108	15.766	15.695	16.853	15.98	16.177	415.42	415.34
08:01:44	16.108	15.766	15.691	16.813	15.984	16.174	415.42	415.34
08:02:44	16.108	15.767	15.691	16.776	15.987	16.177	415.42	415.34
08:03:44	16.108	15.767	15.698	16.889	15.985	16.175	415.42	415.34
08:04:44	16.107	15.766	15.707	16.848	15.981	16.175	415.42	415.34
08:05:44	16.11	15.766	15.704	16.851	15.982	16.176	415.42	415.34
08:06:44	16.109	15.766	15.705	16.838	15.98	16.178	415.42	415.34
08:07:44	16.109	15.767	15.699	16.678	15.981	16.178	415.42	415.34
08:08:44	16.108	15.767	15.699	16.59	15.985	16.176	415.42	415.34
08:09:44	16.108	15.768	15.699	16.603	15.985	16.175	415.42	415.34
08:10:44	16.109	15.768	15.698	16.646	15.985	16.175	415.42	415.34
08:11:44	16.108	15.77	15.709	16.594	15.986	16.177	415.42	415.34
08:12:44	16.109	15.769	15.699	16.694	15.987	16.178	415.42	415.34
08:13:44	16.108	15.769	15.7	16.637	15.988	16.18	415.42	415.34
08:14:44	16.108	15.77	15.691	16.634	15.988	16.178	415.42	415.34
08:15:44	16.108	15.769	15.687	16.719	15.986	16.176	415.42	415.34
08:16:44	16.109	15.768	15.681	16.713	15.985	16.177	415.42	415.34
08:17:44	16.109	15.766	15.684	16.619	15.985	16.178	415.42	415.34
08:18:44	16.107	15.765	15.684	16.529	15.983	16.174	415.42	415.34
08:19:44	16.107	15.765	15.69	16.573	15.983	16.176	415.42	415.34
08:20:44	16.108	15.765	15.694	16.588	15.98	16.176	415.42	415.34
08:21:44	16.107	15.764	15.687	16.891	15.978	16.175	415.42	415.34
08:22:44	16.107	15.763	15.686	16.945	15.978	16.174	415.42	415.34
08:23:44	16.109	15.762	15.697	16.914	15.978	16.174	415.42	415.34
08:24:44	16.108	15.762	15.693	16.856	15.978	16.171	415.42	415.34
08:25:44	16.107	15.761	15.7	16.887	15.98	16.174	415.42	415.34
08:26:44	16.107	15.761	15.693	16.909	15.981	16.174	415.42	415.34
08:27:44	16.107	15.761	15.693	16.746	15.983	16.176	415.42	415.34
08:28:44	16.108	15.762	15.699	16.617	15.982	16.175	415.42	415.34
08:29:44	16.108	15.763	15.693	16.624	15.98	16.174	415.42	415.34
08:30:44	16.108	15.764	15.688	16.773	15.984	16.174	415.42	415.34
08:31:44	16.109	15.765	15.699	16.809	15.986	16.176	415.42	415.34
08:32:44	16.108	15.766	15.7	16.797	15.988	16.18	415.42	415.34
08:33:44	16.108	15.768	15.694	16.887	15.986	16.18	415.42	415.34
08:34:44	16.108	15.77	15.693	16.957	15.986	16.18	415.42	415.34
08:35:44	16.108	15.771	15.691	16.857	15.99	16.182	415.42	415.34
08:36:44	16.108	15.773	15.703	16.827	15.991	16.18	415.42	415.34
08:37:44	16.108	15.774	15.7	16.763	15.992	16.179	415.42	415.34
08:38:44	16.108	15.774	15.695	16.74	15.988	16.18	415.42	415.34
08:39:44	16.108	15.773	15.691	16.722	15.987	16.177	415.42	415.34
08:40:44	16.109	15.772	15.694	16.702	15.989	16.178	415.42	415.34
08:41:44	16.109	15.771	15.692	16.649	15.989	16.179	415.42	415.34
08:42:44	16.108	15.77	15.69	16.636	15.986	16.18	415.42	415.34
08:43:44	16.109	15.77	15.702	16.619	15.986	16.177	415.42	415.34
08:44:44	16.108	15.768	15.695	16.495	15.982	16.176	415.42	415.34
08:45:44	16.109	15.767	15.69	16.473	15.983	16.176	415.42	415.34
08:46:44	16.108	15.766	15.684	16.462	15.981	16.176	415.42	415.34
08:47:44	16.109	15.764	15.68	16.554	15.983	16.176	415.42	415.34
08:48:44	16.108	15.764	15.674	16.711	15.981	16.176	415.42	415.34
08:49:44	16.109	15.764	15.672	16.944	15.982	16.174	415.42	415.34
08:50:44	16.108	15.761	15.672	16.983	15.98	16.171	415.42	415.34
08:51:44	16.108	15.761	15.672	17.043	15.979	16.173	415.42	415.34
08:52:44	16.108	15.762	15.683	17.114	15.978	16.171	415.42	415.34
08:53:44	16.109	15.761	15.685	17.051	15.979	16.173	415.42	415.34
08:54:44	16.108	15.764	15.685	17.055	15.977	16.174	415.42	415.34
08:55:44	16.109	15.765	15.693	17.187	15.978	16.175	415.42	415.34
08:56:44	16.109	15.766	15.692	17.078	15.983	16.174	415.42	415.34
08:57:44	16.108	15.768	15.691	16.978	15.985	16.175	415.42	415.34
08:58:44	16.109	15.77	15.687	17.138	15.986	16.176	415.42	415.34
08:59:44	16.108	15.77	15.689	17.24	15.986	16.176	415.42	415.34
09:00:44	16.109	15.771	15.708	17.396	15.986	16.178	415.42	415.34
09:01:44	16.109	0.0	15.708	17.311	15.987	16.178	415.42	415.34
09:02:44	16.108	15.774	15.709	17.128	15.988	16.176	415.42	415.34
09:03:44	16.108	15.774	15.702	16.836	15.987	16.177	415.42	415.34
09:04:44	16.109	15.774	15.704	16.747	15.984	16.177	415.42	415.34
09:05:44	16.109	15.776	15.71	17.021	15.988	16.181	415.42	415.34
09:06:44	16.108	15.777	15.707	17.484	15.992	16.177	415.42	415.34
09:07:44	16.11	15.779	15.707	17.699	15.992	16.181	415.42	415.34
09:08:44	16.109	15.779	15.73	17.937	15.993	16.181	415.42	415.34
09:09:44	16.109	15.778	15.743	18.054	15.992	16.175	415.42	415.34
09:10:44	16.109	15.778	15.74	17.537	15.991	16.175	415.42	415.34
09:11:44	16.109	15.778	15.735	17.002	15.99	16.174	415.42	415.34
09:12:44	16.109	15.776	15.726	16.694	15.988	16.176	415.42	415.34
09:13:44	16.109	15.773	15.715	16.512	15.987	16.176	415.42	415.34
09:14:44	16.109	15.77	15.704	16.425	15.985	16.176	415.42	415.34
09:15:44	16.107	15.769	15.694	16.381	15.984	16.177	415.42	415.34
09:16:44	16.108	15.767	15.685	16.305	15.981	16.173	415.42	415.34
09:17:44	16.109	15.767	15.679	16.254	15.979	16.175	415.42	415.34
09:18:44	16.109	15.767	15.672	16.218	15.98	16.177	415.42	415.34
09:19:44	16.109	15.766	15.666	16.196	15.981	16.175	415.42	415.34
09:20:44	16.108	15.767	15.659	16.15	15.982	16.174	415.42	415.34
09:21:44	16.109	15.767	15.656	16.127	15.983	16.173	415.42	415.34
09:22:44	16.109	15.767	15.651	16.115	15.982	16.17	415.42	415.34
09:23:44	16.108	15.769	15.644	16.131	15.984	16.172	415.42	415.34
09:24:44	16.107	15.768	15.633	16.14	15.984	16.172	415.42	415.34
09:25:44	16.108	15.769	15.63	16.202	15.981	16.175	415.42	415.34
09:26:44	16.108	15.768	15.627	16.719	15.981	16.174	415.42	415.34
09:27:44	16.107	15.769	15.621	17.172	15.982	16.175	415.42	415.34
09:28:44	16.109	15.771	15.624	17.424	15.981	16.173	415.42	415.34
09:29:44	16.108	15.77	15.623	17.58	15.983	16.172	415.42	415.34
09:30:44	16.109	15.77	15.629	17.405	15.986	16.174	415.42	415.34
09:31:44	16.11	15.77	15.637	17.171	15.984	16.175	415.42	415.34
09:32:44	16.11	15.772	15.645	16.869	15.986	16.175	415.42	415.34
09:33:44	16.109	15.772	15.654	16.63	15.984	16.173	415.42	415.34
09:34:44	16.108	15.772	15.65	16.606	15.98	16.173	415.42	415.34
09:35:44	16.11	15.772	15.647	16.646	15.982	16.175	415.42	415.34
09:36:44	16.109	15.773	15.648	16.627	15.982	16.175	415.42	415.34
09:37:44	16.109	15.773	15.647	16.587	15.979	16.174	415.42	415.34
09:38:44	16.109	15.771	15.649	16.601	15.976	16.173	415.42	415.34
09:39:44	16.109	15.772	15.651	16.617	15.974	16.171	415.42	415.34
09:40:44	16.109	15.771	15.654	16.637	15.976	16.171	415.42	415.34
09:41:44	16.109	15.772	15.66	16.78	15.976	16.174	415.42	415.34
09:42:44	16.108	15.773	15.661	16.881	15.977	16.175	415.42	415.34
09:43:44	16.11	15.774	15.656	16.911	15.978	16.175	415.42	415.34
09:44:44	16.109	15.774	15.656	17.051	15.981	16.178	415.42	415.34
09:45:44	16.11	15.774	15.656	16.948	15.983	16.176	415.42	415.34
09:46:44	16.109	15.775	15.666	16.909	15.986	16.177	415.42	415.34
09:47:44	16.11	15.777	15.666	16.836	15.989	16.178	415.42	415.34
09:48:44	16.108	15.778	15.666	16.683	15.989	16.179	415.42	415.34
09:49:44	16.11	15.78	15.663	16.699	15.988	16.181	415.42	415.34
09:50:44	16.109	15.781	15.661	16.646	15.989	16.181	415.42	415.34
09:51:44	16.109	15.781	15.658	16.707	15.988	16.181	415.42	415.34
09:52:44	16.11	15.781	15.663	16.963	15.988	16.181	415.42	415.34
09:53:44	16.11	15.782	15.665	17.212	15.986	16.178	415.42	415.34
09:54:44	16.11	15.78	15.666	17.218	15.988	16.176	415.42	415.34
09:55:44	16.11	15.779	15.674	17.047	15.99	16.178	415.42	415.34
09:56:44	16.11	15.779	15.681	16.976	15.989	16.178	415.42	415.34
09:57:44	16.109	15.777	15.681	17.01	15.99	16.179	415.42	415.34
09:58:44	16.11	15.778	15.686	16.948	15.99	16.178	415.42	415.34
09:59:44	16.11	15.777	15.702	17.114	15.983	16.176	415.42	415.34
10:00:44	16.11	15.777	15.711	17.09	15.984	16.177	415.42	415.34
10:01:44	16.111	15.777	15.714	16.998	15.987	16.177	415.42	415.34
10:02:44	16.11	15.778	15.711	16.887	15.99	16.18	415.42	415.34
10:03:44	16.111	15.777	15.698	16.995	15.99	16.178	415.42	415.34
10:04:44	16.111	15.777	15.692	17.015	15.984	16.179	415.42	415.34
10:05:44	16.11	15.778	15.698	16.967	15.984	16.179	415.42	415.34
10:06:44	16.111	15.778	15.698	16.948	15.987	16.18	415.42	415.34
10:07:44	16.109	15.778	15.698	16.85	15.991	16.18	415.42	415.34
10:08:44	16.11	0.0	15.7	16.757	15.991	16.176	415.42	415.34
10:09:44	16.11	15.779	15.695	16.827	15.991	16.178	415.42	415.34
10:10:44	16.111	15.779	15.696	16.984	15.991	16.178	415.42	415.34
10:11:44	16.111	15.778	15.691	16.823	15.99	16.178	415.42	415.34
10:12:44	16.11	15.778	15.691	16.732	15.989	16.176	415.42	415.34
10:13:44	16.111	15.776	15.689	16.614	15.99	16.178	415.42	415.34
10:14:44	16.11	15.777	15.681	16.671	15.989	16.178	415.42	415.34
10:15:44	16.11	15.776	15.676	16.747	15.986	16.177	415.42	415.34
10:16:44	16.111	15.776	15.675	16.667	15.986	16.177	415.42	415.34
10:17:44	16.11	15.775	15.676	16.7	15.987	16.175	415.42	415.34
10:18:44	16.11	15.774	15.674	16.635	15.988	16.175	415.42	415.34
10:19:44	16.11	15.773	15.676	16.583	15.983	16.175	415.42	415.34
10:20:44	16.11	15.773	15.676	16.524	15.985	16.177	415.42	415.34
10:21:44	16.111	15.774	15.683	16.794	15.987	16.179	415.42	415.34
10:22:44	16.109	15.774	15.685	16.729	15.985	16.181	415.42	415.34
10:23:44	16.11	15.777	15.685	16.805	15.988	16.181	415.42	415.34
10:24:44	16.11	15.777	15.682	16.979	15.99	16.179	415.42	415.34
10:25:44	16.11	15.777	15.682	17.043	15.989	16.178	415.42	415.34
10:26:44	16.11	15.776	15.687	17.093	15.99	16.178	415.42	415.34
10:27:44	16.11	15.776	15.694	17.098	15.99	16.179	415.42	415.34
10:28:44	16.11	15.776	15.695	16.939	15.99	16.181	415.42	415.34
10:29:44	16.11	15.777	15.687	16.819	15.994	16.18	415.42	415.34
10:30:44	16.11	15.777	15.687	16.794	15.994	16.179	415.42	415.34
10:31:44	16.11	15.78	15.685	16.777	15.995	16.182	415.42	415.34
10:32:44	16.11	15.781	15.681	16.85	15.994	16.183	415.42	415.34
10:33:44	16.111	15.782	15.679	16.87	15.996	16.182	415.42	415.34
10:34:44	16.111	15.783	15.69	16.855	15.997	16.182	415.42	415.34
10:35:44	16.11	15.784	15.687	16.809	15.996	16.181	415.42	415.34
10:36:44	16.111	15.783	15.692	16.849	15.995	16.178	415.42	415.34
10:37:44	16.111	15.783	15.685	16.982	15.996	16.183	415.42	415.34
10:38:44	16.11	15.781	15.682	16.862	15.994	16.181	415.42	415.34
10:39:44	16.111	15.781	15.688	16.926	15.995	16.179	415.42	415.34
10:40:44	16.11	15.781	15.692	16.882	15.996	16.179	415.42	415.34
10:41:44	16.11	15.78	15.7	16.874	15.998	16.18	415.42	415.34
10:42:44	16.112	15.781	15.7	16.804	15.998	16.18	415.42	415.34
10:43:44	16.111	15.782	15.694	16.789	16.0	16.178	415.42	415.34
10:44:44	16.111	15.782	15.688	16.865	16.0	16.181	415.42	415.34
10:45:44	16.111	15.783	15.693	16.974	16.0	16.183	415.42	415.34
10:46:44	16.111	15.783	15.697	17.105	15.999	16.183	415.42	415.34
10:47:44	16.112	15.783	15.7	16.991	15.999	16.182	415.42	415.34
10:48:44	16.11	15.783	15.707	16.885	15.999	16.18	415.42	415.34
10:49:44	16.112	15.783	15.701	16.801	16.0	16.183	415.42	415.34
10:50:44	16.111	15.784	15.697	16.685	16.0	16.183	415.42	415.34
10:51:44	16.111	15.783	15.706	16.708	16.001	16.182	415.42	415.34
10:52:44	16.111	15.783	15.708	16.722	16.001	16.18	415.42	415.34
10:53:44	16.112	15.784	15.702	16.688	16.0	16.18	415.42	415.34
10:54:44	16.112	15.783	15.697	16.628	15.999	16.184	415.42	415.34
10:55:44	16.111	15.782	15.694	16.59	15.999	16.183	415.42	415.34
10:56:44	16.111	15.781	15.693	16.667	15.998	16.181	415.42	415.34
10:57:44	16.112	15.781	15.692	16.889	15.998	16.18	415.42	415.34
10:58:44	16.111	15.78	15.697	17.015	16.0	16.18	415.42	415.34
10:59:44	16.111	15.781	15.699	16.917	15.998	16.182	415.42	415.34
11:00:44	16.11	15.781	15.702	16.839	15.999	16.181	415.42	415.34
11:01:44	16.111	15.781	15.703	16.859	15.999	16.18	415.42	415.34
11:02:44	16.111	15.781	15.706	16.81	15.998	16.179	415.42	415.34
11:03:44	16.112	15.781	15.711	16.769	15.995	16.178	415.42	415.34
11:04:44	16.112	15.782	15.711	16.793	15.996	16.179	415.42	415.34
11:05:44	16.111	15.782	15.711	16.928	15.996	16.177	415.42	415.34
11:06:44	16.112	15.78	15.712	17.003	15.996	16.178	415.42	415.34
11:07:44	16.112	15.78	15.715	17.137	15.995	16.18	415.42	415.34
11:08:44	16.111	15.78	15.717	17.121	15.995	16.179	415.42	415.34
11:09:44	16.112	15.78	15.73	17.038	15.995	16.178	415.42	415.34
11:10:44	16.113	15.78	15.726	17.228	15.994	16.179	415.42	415.34
11:11:44	16.113	15.78	15.719	17.456	15.993	16.18	415.42	415.34
11:12:44	16.112	15.78	15.723	17.446	15.991	16.178	415.42	415.34
11:13:44	16.112	15.778	15.734	17.295	15.988	16.177	415.42	415.34
11:14:44	16.114	15.777	15.745	17.001	15.985	16.18	415.42	415.34
11:15:44	16.112	15.778	15.741	16.86	15.99	16.182	415.42	415.34
11:16:44	16.111	15.776	15.73	16.813	15.989	16.18	415.42	415.34
11:17:44	16.111	15.777	15.738	16.796	15.992	16.179	415.42	415.34
11:18:44	16.112	15.778	15.739	16.836	15.99	16.18	415.42	415.34
11:19:44	16.111	15.777	15.734	16.721	15.99	16.179	415.42	415.34
11:20:44	16.112	15.778	15.736	16.654	15.99	16.177	415.42	415.34
11:21:44	16.112	15.779	15.731	16.634	15.987	16.178	415.42	415.34
11:22:44	16.112	15.778	15.723	16.716	15.988	16.178	415.42	415.34
11:23:44	16.112	15.777	15.721	16.921	15.985	16.175	415.42	415.34
11:24:44	16.111	15.777	15.722	16.927	15.985	16.179	415.42	415.34
11:25:44	16.112	15.777	15.735	16.878	15.986	16.179	415.42	415.34
11:26:44	16.112	15.777	15.728	16.802	15.988	16.181	415.42	415.34
11:27:44	16.111	15.777	15.722	16.847	15.988	16.177	415.42	415.34
11:28:44	16.111	15.778	15.723	16.896	15.988	16.176	415.42	415.34
11:29:44	16.112	15.778	15.726	17.128	15.989	16.175	415.42	415.34
11:30:44	16.112	15.778	15.732	17.056	15.991	16.177	415.42	415.34
11:31:44	16.112	15.778	15.738	16.941	15.99	16.18	415.42	415.34
11:32:44	16.112	15.778	15.738	16.882	15.99	16.18	415.42	415.34
11:33:44	16.113	15.78	15.739	16.863	15.989	16.178	415.42	415.34
11:34:44	16.112	15.779	15.735	16.878	15.99	16.179	415.42	415.34
11:35:44	16.112	15.78	15.733	16.804	15.992	16.178	415.42	415.34
11:36:44	16.113	15.78	15.74	16.718	15.988	16.178	415.42	415.34
11:37:44	16.113	15.781	15.74	16.616	15.986	16.176	415.42	415.34
11:38:44	16.113	15.782	15.742	16.665	15.988	16.177	415.42	415.34
11:39:44	16.113	15.781	15.736	16.7	15.986	16.179	415.42	415.34
11:40:44	16.113	15.781	15.732	16.654	15.986	16.177	415.42	415.34
11:41:44	16.113	15.782	15.734	16.702	15.987	16.178	415.42	415.34
11:42:44	16.112	15.782	15.741	16.655	15.985	16.176	415.42	415.34
11:43:44	16.112	15.783	15.738	16.669	15.987	16.179	415.42	415.34
11:44:44	16.114	15.783	15.732	16.659	15.986	16.18	415.42	415.34
11:45:44	16.114	15.783	15.745	16.847	15.984	16.181	415.42	415.34
11:46:44	16.113	15.783	15.742	17.068	15.983	16.178	415.42	415.34
11:47:44	16.113	15.782	15.736	17.141	15.987	16.18	415.42	415.34
11:48:44	16.113	15.782	15.748	17.244	15.987	16.176	415.42	415.34
11:49:44	16.113	15.783	15.743	17.311	15.989	16.182	415.42	415.34
11:50:44	16.114	15.784	15.748	17.365	15.99	16.182	415.42	415.34
11:51:44	16.114	15.784	15.752	17.199	15.991	16.181	415.42	415.34
11:52:44	16.114	15.784	15.756	16.977	15.991	16.179	415.42	415.34
11:53:44	16.113	15.784	15.768	16.769	15.992	16.18	415.42	415.34
11:54:44	16.114	15.786	15.758	16.674	15.994	16.18	415.42	415.34
11:55:44	16.114	15.786	15.752	16.658	15.994	16.18	415.42	415.34
11:56:44	16.114	15.786	15.751	16.618	15.991	16.18	415.42	415.34
11:57:44	16.115	15.787	15.743	16.721	15.992	16.181	415.42	415.34
11:58:44	16.115	15.787	15.739	16.776	15.993	16.18	415.42	415.34
11:59:44	16.114	15.787	15.74	16.817	15.991	16.177	415.42	415.34
12:00:44	16.115	15.786	15.737	16.736	15.989	16.178	415.42	415.34
12:01:44	16.114	15.786	15.736	16.603	15.988	16.179	415.42	415.34
12:02:44	16.114	15.785	15.738	16.592	15.985	16.178	415.42	415.34
12:03:44	16.114	15.784	15.747	16.594	15.986	16.18	415.42	415.34
12:04:44	16.114	15.785	15.748	16.556	15.989	16.178	415.42	415.34
12:05:44	16.115	15.784	15.75	16.673	15.988	16.179	415.42	415.34
12:06:44	16.115	15.785	15.748	16.676	15.989	16.179	415.42	415.34
12:07:44	16.115	15.785	15.739	16.635	15.987	16.178	415.42	415.34
12:08:44	16.114	15.785	15.738	16.624	15.988	16.177	415.42	415.34
12:09:44	16.115	15.784	15.747	16.617	15.987	16.177	415.42	415.34
12:10:44	16.114	15.785	15.746	16.774	15.988	16.177	415.42	415.34
12:11:44	16.115	15.786	15.753	16.871	15.987	16.178	415.42	415.34
12:12:44	16.116	15.786	15.748	16.834	15.987	16.179	415.42	415.34
12:13:44	16.115	15.787	15.752	16.888	15.986	16.179	415.42	415.34
12:14:44	16.115	15.787	15.745	16.822	15.986	16.177	415.42	415.34
12:15:44	16.116	15.787	15.756	16.985	15.987	16.177	415.42	415.34
12:16:44	16.116	15.788	15.749	17.275	15.991	16.177	415.42	415.34
12:17:44	16.115	15.789	15.762	17.371	15.99	16.179	415.42	415.34
12:18:44	16.116	15.789	15.766	17.347	15.986	16.177	415.42	415.34
12:19:44	16.117	15.789	15.758	17.069	15.985	16.177	415.42	415.34
12:20:44	16.116	15.79	15.753	16.751	15.992	16.178	415.42	415.34
12:21:44	16.116	15.79	15.747	16.57	15.994	16.18	415.42	415.34
12:22:44	16.117	15.791	15.737	16.427	15.993	16.18	415.42	415.34
12:23:44	16.117	15.792	15.729	16.354	15.992	16.18	415.42	415.34
12:24:44	16.116	15.793	15.721	16.315	15.994	16.183	415.42	415.34
12:25:44	16.118	15.793	15.715	16.282	15.991	16.183	415.42	415.34
12:26:44	16.117	15.794	15.708	16.26	15.993	16.181	415.42	415.34
12:27:44	16.117	15.793	15.706	16.245	15.991	16.18	415.42	415.34
12:28:44	16.119	15.794	15.695	16.223	15.989	16.182	415.42	415.34
12:29:44	16.117	15.795	15.69	16.193	15.99	16.181	415.42	415.34
12:30:44	16.118	15.795	15.685	16.173	15.99	16.181	415.42	415.34
12:31:44	16.118	15.795	15.684	16.185	15.992	16.179	415.42	415.34
12:32:44	16.118	15.795	15.681	16.181	15.992	16.181	415.42	415.34
12:33:44	16.118	15.796	15.673	16.18	15.995	16.182	415.42	415.34
12:34:44	16.118	15.796	15.672	16.165	15.994	16.179	415.42	415.34
12:35:44	16.118	15.797	15.668	16.164	15.997	16.18	415.42	415.34
12:36:44	16.119	15.798	15.665	16.198	15.998	16.18	415.42	415.34
12:37:44	16.12	15.799	15.657	16.477	15.999	16.182	415.42	415.34
12:38:44	16.118	15.798	15.658	16.447	15.998	16.182	415.42	0.0
12:39:44	16.119	15.797	15.662	16.616	15.995	16.18	415.42	415.34
12:40:44	16.12	15.797	15.663	16.723	15.997	16.181	415.42	415.34
12:41:44	16.12	15.797	15.668	16.927	15.996	16.18	415.42	415.34
12:42:44	16.119	15.797	15.681	17.03	15.996	16.179	415.42	415.34
12:43:44	16.12	15.796	15.691	17.027	15.996	16.181	415.42	415.34
12:44:44	16.12	15.796	15.684	16.987	15.994	16.181	415.42	415.34
12:45:44	16.12	15.796	15.683	16.879	15.995	16.18	415.42	415.34
12:46:44	16.121	15.795	15.684	17.027	15.989	16.182	415.42	415.34
12:47:44	16.121	15.796	15.682	17.114	15.995	16.178	415.42	415.34
12:48:44	16.12	15.797	15.684	16.93	15.996	16.181	415.42	415.34
12:49:44	16.121	15.796	15.711	16.874	15.996	16.182	415.42	415.34
12:50:44	16.121	15.797	15.715	16.887	15.997	16.182	415.42	415.34
12:51:44	16.121	15.799	15.719	16.858	15.999	16.18	415.42	415.34
12:52:44	16.12	15.799	15.708	16.85	15.997	16.181	415.42	415.34
12:53:44	16.121	15.8	15.699	16.793	15.997	16.184	415.42	415.34
12:54:44	16.122	15.801	15.701	16.758	15.997	16.183	415.42	415.34
12:55:44	16.122	15.801	15.706	16.791	15.998	16.183	415.42	415.34
12:56:44	16.122	15.803	15.707	16.716	15.999	16.18	415.42	415.34
12:57:44	16.122	15.802	15.705	16.758	15.998	16.182	415.42	415.34
12:58:44	16.122	15.804	15.71	16.848	16.0	16.185	415.42	415.34
12:59:44	16.122	15.803	15.706	16.845	15.999	16.184	415.42	415.34
13:00:44	16.123	15.804	15.709	17.012	16.0	16.184	415.42	415.34
13:01:44	16.123	15.804	15.715	17.208	15.998	16.182	415.42	415.34
13:02:44	16.122	15.804	15.717	17.293	16.0	16.182	415.42	415.34
13:03:44	16.123	15.805	15.723	17.467	16.001	16.184	415.42	415.34
13:04:44	16.123	15.806	15.728	17.405	16.001	16.184	415.42	415.34
13:05:44	16.122	15.806	15.734	17.265	16.001	16.184	415.42	415.34
13:06:44	16.123	15.806	15.747	17.242	16.0	16.184	415.42	415.34
13:07:47	16.123	15.805	15.745	17.174	16.002	16.184	415.42	415.34
13:08:44	0.0	15.805	15.766	17.133	16.002	16.185	415.42	415.34
13:09:44	16.123	15.805	15.762	17.166	15.999	16.181	415.42	415.34
13:10:44	16.123	15.805	15.754	17.121	16.001	16.185	415.42	415.34
13:11:44	16.123	15.804	15.747	17.236	16.001	16.186	415.42	415.34
13:12:44	16.123	15.804	15.741	17.234	16.002	16.183	415.42	415.34
13:13:44	16.124	15.804	15.744	17.272	16.001	16.182	415.42	415.34
13:14:44	16.123	15.804	15.749	17.2	16.001	16.181	415.42	415.34
13:15:44	16.123	15.805	15.746	17.07	16.001	16.183	415.42	415.34
13:16:44	16.123	15.803	15.74	16.91	16.001	16.184	415.42	415.34
13:17:44	16.123	15.804	15.737	16.913	16.002	16.184	415.42	415.34
13:18:44	16.124	15.803	15.732	16.868	16.003	16.183	415.42	415.34
13:19:44	16.124	15.804	15.738	16.69	16.005	16.184	415.42	415.34
13:20:44	16.124	15.805	15.743	16.656	16.006	16.182	415.42	415.34
13:21:44	16.124	15.805	15.738	16.687	16.005	16.183	415.42	415.34
13:22:44	16.125	15.806	15.74	16.705	16.004	16.183	415.42	415.34
13:23:44	16.124	15.806	15.735	16.752	16.002	16.186	415.42	415.34
13:24:44	16.125	15.806	15.734	16.757	16.003	16.185	415.42	415.34
13:25:44	16.125	15.806	15.744	16.773	16.004	16.182	415.42	415.34
13:26:44	16.125	15.807	15.738	16.831	16.005	16.183	415.42	415.34
13:27:44	16.124	15.807	15.746	16.828	16.004	16.183	415.42	415.34
13:28:44	16.126	15.807	15.74	16.935	16.007	16.182	415.42	415.34
13:29:44	16.125	15.81	15.738	16.999	16.009	16.188	415.42	415.34
13:30:44	16.126	15.81	15.745	17.225	16.012	16.188	415.42	415.34
13:31:44	16.125	15.814	15.746	17.147	16.012	16.188	415.42	415.34
13:32:44	16.127	15.814	15.748	17.175	16.013	16.189	415.42	415.34
13:33:44	16.127	15.816	15.75	17.072	16.014	16.185	415.42	415.34
13:34:44	16.127	15.816	15.747	17.066	16.016	16.188	415.42	415.34
13:35:44	16.127	15.817	15.748	16.996	16.016	16.189	415.42	415.34
13:36:44	16.126	15.819	15.753	16.87	16.016	16.189	415.42	415.34
13:37:44	16.128	15.819	15.755	16.79	16.017	16.183	415.42	415.34
13:38:44	16.128	15.819	15.756	16.765	16.017	16.183	415.42	415.34
13:39:44	16.127	15.819	15.753	16.701	16.016	16.188	415.42	415.34
13:40:44	16.128	15.819	15.747	16.705	16.019	16.189	415.42	415.34
13:41:44	16.128	15.82	15.739	16.753	16.019	16.186	415.42	415.34
13:42:44	16.127	15.819	15.743	16.647	16.017	16.187	415.42	415.34
13:43:44	16.127	15.82	15.74	16.591	16.017	16.19	415.42	415.34
13:44:44	16.129	15.819	15.744	16.606	16.016	16.186	415.42	415.34
13:45:44	16.129	15.82	15.738	16.852	16.015	16.185	415.42	415.34
13:46:44	16.128	15.819	15.74	17.019	16.016	16.186	415.42	415.34
13:47:44	16.129	15.819	15.744	17.072	16.016	16.186	415.42	415.34
13:48:44	16.129	15.819	15.748	16.987	16.016	16.189	415.42	415.34
13:49:44	16.13	15.817	15.742	16.84	16.014	16.186	415.42	415.34
13:50:44	16.129	15.818	15.744	16.875	16.014	16.187	415.42	415.34
13:51:44	16.13	15.815	15.751	16.988	16.013	16.188	415.42	415.34
13:52:44	16.129	15.817	15.75	17.009	16.014	16.187	415.42	415.34
13:53:44	16.13	15.815	15.755	17.057	16.013	16.188	415.42	415.34
13:54:44	16.131	15.815	15.755	17.035	16.012	16.186	415.42	415.34
13:55:44	16.131	15.815	15.752	16.91	16.011	16.187	415.42	415.34
13:56:44	16.13	15.814	15.75	16.936	16.012	16.185	415.42	415.34
13:57:44	16.131	15.815	15.754	16.925	16.012	16.186	415.42	415.34
13:58:44	16.131	15.816	15.75	16.955	16.012	16.186	415.42	415.34
13:59:44	16.131	15.816	15.75	16.953	16.012	16.187	415.42	415.34
14:00:44	16.13	15.816	15.756	16.926	16.013	16.188	415.42	415.34
14:01:44	16.132	15.818	15.761	17.134	16.014	16.19	415.42	415.34
14:02:44	16.131	15.817	15.76	17.204	16.014	16.188	415.42	415.34
14:03:44	16.131	15.818	15.76	17.259	16.013	16.188	415.42	415.34
14:04:44	16.132	15.818	15.762	16.965	16.012	16.186	415.42	415.34
14:05:44	16.131	15.818	15.76	16.711	16.013	16.185	415.42	415.34
14:06:44	16.133	15.818	15.754	16.529	16.012	16.189	415.42	415.34
14:07:44	16.133	15.818	15.75	16.433	16.012	16.186	415.42	415.34
14:08:44	16.131	15.817	15.743	16.394	16.011	16.188	415.42	415.34
14:09:44	16.132	15.816	15.738	16.366	16.011	16.186	415.42	415.34
14:10:44	16.133	15.816	15.734	16.334	16.011	16.186	415.42	415.34
14:11:44	16.132	15.816	15.726	16.299	16.011	16.186	415.42	415.34
14:12:44	16.133	15.815	15.721	16.257	16.01	16.189	415.42	415.34
14:13:44	16.134	15.817	15.712	16.228	16.011	16.186	415.42	415.34
14:14:44	16.135	15.816	15.703	16.192	16.01	16.186	415.42	415.34
14:15:44	16.134	15.817	15.698	16.156	16.01	16.185	415.42	415.34
14:16:44	16.134	15.817	15.692	16.146	16.01	16.184	415.42	415.34
14:17:44	16.134	15.816	15.689	16.139	16.009	16.187	415.42	415.34
14:18:44	16.134	15.817	15.683	16.148	16.011	16.186	415.42	415.34
14:19:44	16.133	15.818	15.682	16.272	16.013	16.186	415.42	415.34
14:20:44	16.135	15.819	15.675	16.271	16.012	16.186	415.42	415.34
14:21:44	16.135	15.819	15.672	16.23	16.014	16.186	415.42	415.34
14:22:44	16.134	15.82	15.672	16.213	16.013	16.186	415.42	415.34
14:23:44	16.134	15.821	15.67	16.192	16.014	16.188	415.42	415.34
14:24:44	16.135	15.821	15.661	16.18	16.012	16.184	415.42	415.34
14:25:44	16.135	15.821	15.659	16.28	16.012	16.185	415.42	415.34
14:26:44	16.135	15.82	15.663	16.704	16.011	16.185	415.42	415.34
14:27:44	16.136	15.821	15.667	17.013	16.011	16.183	415.42	415.34
14:28:44	16.135	15.819	15.67	17.179	16.011	16.186	415.42	415.34
14:29:44	16.136	15.819	15.678	17.307	16.01	16.185	415.42	415.34
14:30:44	16.136	15.818	15.687	17.177	16.011	16.185	415.42	415.34
14:31:44	16.137	15.818	15.686	17.113	16.011	16.187	415.42	415.34
14:32:44	16.136	15.82	15.698	16.997	16.011	16.186	415.42	415.34
14:33:44	16.136	15.82	15.707	16.926	16.011	16.186	415.42	415.34
14:34:44	16.136	15.821	15.708	16.906	16.012	16.189	415.42	415.34
14:35:44	16.136	15.821	15.707	16.993	16.011	16.187	415.42	415.34
14:36:44	16.136	15.822	15.707	17.189	16.011	16.186	415.42	415.34
14:37:44	16.137	15.822	15.714	17.319	16.011	16.187	415.42	415.34
14:38:44	16.136	15.823	15.714	17.242	16.012	16.185	415.42	415.34
14:39:44	16.137	15.823	15.724	17.444	16.011	16.186	415.42	415.34
14:40:44	16.138	15.822	15.723	17.211	16.011	16.186	415.42	415.34
14:41:44	16.137	15.822	15.723	16.888	16.01	16.186	415.42	415.34
14:42:44	16.138	15.823	15.722	16.653	16.011	16.187	415.42	415.34
14:43:44	16.136	15.822	15.717	16.504	16.011	16.185	415.42	415.34
14:44:44	16.138	15.822	15.71	16.388	16.011	16.184	415.42	415.34
14:45:44	16.137	15.821	15.703	16.348	16.011	16.183	415.42	415.34
14:46:44	16.138	15.822	15.696	16.303	16.011	16.184	415.42	415.34
14:47:44	16.137	15.822	15.693	16.267	16.011	16.186	415.42	415.34
14:48:44	16.138	15.822	15.688	16.252	16.012	16.188	415.42	415.34
14:49:44	16.138	15.822	15.679	16.229	16.012	16.191	415.42	415.34
14:50:44	16.139	15.823	15.676	16.204	16.011	16.191	415.42	415.34
14:51:44	16.137	15.822	15.672	16.185	16.013	16.19	415.42	415.34
14:52:44	16.139	15.823	15.668	16.192	16.012	16.187	415.42	415.34
14:53:44	16.138	15.822	15.657	16.21	16.012	16.19	415.42	415.34
14:54:44	16.138	15.822	15.655	16.195	16.013	16.187	415.42	415.34
14:55:44	16.139	15.823	15.653	16.307	16.012	16.187	415.42	415.34
14:56:44	16.14	15.823	15.656	16.663	16.013	16.188	415.42	415.34
14:57:44	16.139	15.822	15.661	16.812	16.011	16.185	415.42	415.34
14:58:44	16.139	15.822	15.663	17.135	16.011	16.187	415.42	415.34
14:59:44	16.14	15.822	15.668	17.439	16.01	16.185	415.42	415.34
15:00:44	16.14	15.823	15.68	17.511	16.013	16.186	415.42	415.34
15:01:44	16.14	15.824	15.696	17.476	16.011	16.186	415.42	415.34
15:02:44	16.14	15.823	15.702	17.249	16.012	16.187	415.42	415.34
15:03:44	16.14	15.823	15.7	16.901	16.011	16.188	415.42	415.34
15:04:44	16.14	15.822	15.704	16.743	16.01	16.187	415.42	415.34
15:05:44	16.139	15.822	15.701	16.717	16.012	16.187	415.42	415.34
15:06:44	16.14	15.822	15.709	16.817	16.013	16.186	415.42	415.34
15:07:44	16.14	15.824	15.7	17.011	16.014	16.189	415.42	415.34
15:08:44	16.14	15.824	15.701	17.115	16.013	16.19	415.42	415.34
15:09:44	16.142	15.824	15.721	17.227	16.012	16.187	415.42	415.34
15:10:44	16.141	15.824	15.722	17.101	16.013	16.19	415.42	415.34
15:11:44	16.141	15.824	15.714	16.968	16.012	16.188	415.42	415.34
15:12:44	16.14	15.824	15.713	17.121	16.012	16.187	415.42	415.34
15:13:44	16.14	15.824	15.716	17.188	16.012	16.189	415.42	415.34
15:14:44	16.141	15.824	15.72	17.323	16.014	16.187	415.42	415.34
15:15:44	16.14	15.825	15.729	17.13	16.014	16.187	415.42	415.34
15:16:44	16.141	15.826	15.727	16.997	16.014	16.188	415.42	415.34
15:17:44	16.141	15.826	15.734	16.895	16.015	16.187	415.42	415.34
15:18:44	16.141	15.826	15.747	16.941	16.014	16.19	415.42	415.34
15:19:44	16.142	15.825	15.761	16.836	16.016	16.192	415.42	415.34
15:20:44	16.141	15.827	15.748	16.934	16.016	16.188	415.42	415.34
15:21:44	16.141	15.826	15.738	16.829	16.016	16.189	415.42	415.34
15:22:44	16.141	15.827	15.745	16.886	16.015	16.189	415.42	415.34
15:23:44	16.141	15.826	15.735	16.828	16.016	16.191	415.42	415.34
15:24:44	16.142	15.826	15.738	16.68	16.014	16.19	415.42	415.34
15:25:44	16.142	15.825	15.734	16.648	16.013	16.188	415.42	415.34
15:26:44	16.141	15.825	15.741	16.62	16.014	16.187	415.42	415.34
15:27:44	16.142	15.824	15.732	16.708	16.013	16.19	415.42	415.34
15:28:44	16.141	15.824	15.739	16.729	16.016	16.193	415.42	415.34
15:29:44	16.142	15.823	15.732	16.725	16.013	16.191	415.42	415.34
15:30:44	16.141	15.823	15.73	16.703	16.01	16.188	415.42	415.34
15:31:44	16.141	15.822	15.739	16.749	16.009	16.186	415.42	415.34
15:32:44	16.141	15.82	15.739	16.743	16.01	16.185	415.42	415.34
15:33:44	16.142	15.82	15.733	16.695	16.008	16.185	415.42	415.34
15:34:44	16.141	15.817	15.741	16.674	16.009	16.185	415.42	415.34
15:35:44	16.142	15.818	15.734	16.764	16.006	16.187	415.42	415.34
15:36:44	16.142	15.817	15.747	16.825	16.006	16.188	415.42	415.34
15:37:44	16.142	15.816	15.745	16.735	16.006	16.186	415.42	415.34
15:38:44	16.142	15.815	15.737	16.648	16.004	16.186	415.42	415.34
15:39:44	16.14	15.815	15.733	16.583	16.004	16.185	415.42	415.34
15:40:44	16.142	15.815	15.729	16.581	16.003	16.184	415.42	415.34
15:41:44	16.142	15.814	15.726	16.536	16.0	16.182	415.42	415.34
15:42:44	16.142	15.814	15.723	16.489	16.002	16.183	415.42	415.34
15:43:44	16.141	15.814	15.722	16.53	16.001	16.185	415.42	415.34
15:44:44	16.141	15.815	15.724	16.616	15.996	16.184	415.42	415.34
15:45:44	16.141	15.813	15.719	16.505	15.999	16.185	415.42	415.34
15:46:44	16.141	15.815	15.72	16.514	16.0	16.187	415.42	415.34
15:47:44	16.142	15.816	15.726	16.538	16.004	16.186	415.42	415.34
15:48:44	16.143	15.815	15.726	16.682	16.0	16.185	415.42	415.34
15:49:44	16.141	15.818	15.722	16.889	16.0	16.187	415.42	415.34
15:50:44	16.142	15.817	15.722	16.8	16.003	16.187	415.42	415.34
15:51:44	16.141	15.819	15.722	16.73	16.004	16.186	415.42	415.34
15:52:44	16.142	15.82	15.724	16.674	16.004	16.187	415.42	415.34
15:53:44	16.142	15.82	15.729	16.7	16.007	16.191	415.42	415.34
15:54:44	16.143	15.82	15.727	16.796	16.006	16.188	415.42	415.34
15:55:44	16.142	15.822	15.721	16.77	16.006	16.187	415.42	415.34
15:56:44	16.142	15.822	15.727	16.723	16.006	16.19	415.42	415.34
15:57:44	16.143	15.822	15.729	16.733	16.007	16.188	415.42	415.34
15:58:44	16.143	15.823	15.727	16.776	16.006	16.186	415.42	415.34
15:59:44	16.143	15.821	15.735	16.993	16.005	16.185	415.42	415.34
16:00:44	16.143	15.821	15.734	17.031	16.005	16.187	415.42	415.34
16:01:44	16.143	15.822	15.741	17.063	16.008	16.187	415.42	415.34
16:02:44	16.143	15.821	15.742	17.023	16.007	16.187	415.42	415.34
16:03:44	16.142	15.821	15.741	16.938	16.007	16.189	415.42	415.34
16:04:44	16.143	15.822	15.747	16.926	16.008	16.191	415.42	415.34
16:05:44	16.143	15.82	15.748	16.822	16.006	16.188	415.42	415.34
16:06:44	16.143	15.822	15.743	16.723	16.01	16.187	415.42	415.34
16:07:44	16.142	15.823	15.743	16.709	16.011	16.189	415.42	415.34
16:08:44	16.143	15.823	15.753	16.683	16.012	16.19	415.42	415.34
16:09:44	16.143	15.824	15.751	16.72	16.012	16.189	415.42	415.34
16:10:44	16.143	15.824	15.759	16.786	16.013	16.187	415.42	415.34
16:11:44	16.143	15.825	15.762	16.736	16.014	16.192	415.42	415.34
16:12:44	16.144	15.825	15.751	16.738	16.013	16.193	415.42	415.34
16:13:44	16.143	15.824	15.754	16.703	16.011	16.187	415.42	415.34
16:14:44	16.144	15.825	15.754	16.723	16.011	16.189	415.42	415.34
16:15:44	16.144	15.824	15.749	16.7	16.012	16.188	415.42	415.34
16:16:44	16.143	15.824	15.747	16.706	16.011	16.191	415.42	415.34
16:17:44	16.145	15.824	15.742	16.75	16.012	16.187	415.42	415.34
16:18:44	16.144	15.824	15.747	16.887	16.012	16.189	415.42	415.34
16:19:44	16.144	15.823	15.751	17.009	16.012	16.192	415.42	415.34
16:20:44	16.144	15.823	15.746	17.274	16.014	16.189	415.42	415.34
16:21:44	16.144	15.823	15.748	17.182	16.013	16.188	415.42	415.34
16:22:44	16.144	15.825	15.774	17.15	16.014	16.189	415.42	415.34
16:23:44	16.144	15.826	15.779	17.066	16.014	16.19	415.42	415.34
16:24:44	16.144	15.826	15.777	16.927	16.015	16.189	415.42	415.34
16:25:44	16.144	15.827	15.777	16.916	16.016	16.19	415.42	415.34
16:26:44	16.145	15.829	15.768	16.943	16.016	16.19	415.42	415.34
16:27:44	16.145	15.828	15.764	16.909	16.016	16.189	415.42	415.34
16:28:44	16.145	15.829	15.766	16.987	16.017	16.188	415.42	415.34
16:29:44	16.146	15.828	15.761	16.925	16.015	16.189	415.42	415.34
16:30:44	16.145	15.83	15.765	16.974	16.015	16.188	415.42	415.34
16:31:44	16.145	15.831	15.771	16.897	16.016	16.187	415.42	415.34
16:32:44	16.145	15.829	15.766	16.728	16.017	16.19	415.42	415.34
16:33:44	16.145	15.829	15.767	16.587	16.015	16.191	415.42	415.34
16:34:44	16.146	15.828	15.769	16.52	16.014	16.192	415.42	415.34
16:35:44	16.145	15.828	15.755	16.546	16.014	16.189	415.42	415.34
16:36:44	16.145	15.827	15.747	16.638	16.012	16.191	415.42	415.34
16:37:44	16.146	15.827	15.755	16.669	16.014	16.191	415.42	415.34
16:38:44	16.146	15.828	15.763	16.936	16.014	16.19	415.42	415.34
16:39:44	16.147	15.827	15.759	17.124	16.015	16.189	415.42	415.34
16:40:44	16.147	15.828	15.761	17.28	16.015	16.19	415.42	415.34
16:41:44	16.146	15.829	15.762	17.302	16.015	16.191	415.42	415.34
16:42:44	16.147	15.831	15.762	17.07	16.018	16.191	415.42	415.34
16:43:44	16.148	15.833	15.766	16.757	16.02	16.193	415.42	415.34
16:44:44	16.148	15.834	15.763	16.568	16.022	16.192	415.42	415.34
16:45:44	16.148	15.836	15.758	16.46	16.024	16.188	415.42	415.34
16:46:44	16.148	15.837	15.752	16.408	16.024	16.19	415.42	415.34
16:47:44	16.147	15.838	15.738	16.39	16.025	16.19	415.42	415.34
16:48:44	16.148	15.839	15.737	16.347	16.027	16.191	415.42	415.34
16:49:44	16.148	15.841	15.734	16.303	16.026	16.189	415.42	415.34
16:50:44	16.148	15.841	15.728	16.278	16.026	16.191	415.42	415.34
16:51:44	16.149	15.84	15.724	16.254	16.025	16.193	415.42	415.34
16:52:44	16.149	15.84	15.719	16.218	16.024	16.19	415.42	415.34
16:53:44	16.148	15.84	15.715	16.215	16.021	16.186	415.42	415.34
16:54:44	16.149	15.839	15.713	16.254	16.02	16.187	415.42	415.34
16:55:44	16.149	15.837	15.701	16.281	16.021	0.0	415.42	415.34
16:56:44	16.149	15.836	15.7	16.26	16.02	16.19	415.42	415.34
16:57:44	16.149	15.837	15.701	16.257	16.02	16.189	415.42	415.34
16:58:44	16.149	15.837	15.697	16.344	16.021	16.192	415.42	415.34
16:59:44	16.149	15.836	15.698	16.484	16.02	16.192	415.42	415.34
17:00:44	16.149	15.837	15.697	16.654	16.02	16.191	415.42	415.34
17:01:44	16.149	15.835	15.69	16.987	16.02	16.191	415.42	415.34
17:02:44	16.149	15.837	15.693	17.051	16.019	16.191	415.42	415.34
17:03:44	16.15	15.838	15.696	16.909	16.02	16.189	415.42	415.34
17:04:44	16.151	15.836	15.699	16.737	16.019	16.191	415.42	415.34
17:05:44	16.15	15.838	15.708	16.667	16.019	16.191	415.42	415.34
17:06:44	16.151	15.838	15.72	16.671	16.021	16.192	415.42	415.34
17:07:44	16.151	15.839	15.726	16.679	16.02	16.193	415.42	415.34
17:08:44	16.15	15.84	15.722	16.651	16.022	16.191	415.42	415.34
17:09:44	16.152	15.84	15.718	16.705	16.021	16.192	415.42	415.34
17:10:44	16.151	15.84	15.73	16.849	16.02	16.192	415.42	415.34
17:11:44	16.151	15.84	15.734	16.965	16.021	16.191	415.42	415.34
17:12:44	16.15	15.839	15.733	17.043	16.02	16.191	415.42	415.34
17:13:44	16.151	15.838	15.73	17.111	16.018	16.193	415.42	415.34
17:14:44	16.153	15.836	15.731	17.062	16.016	16.188	415.42	415.34
17:15:44	16.152	15.837	15.731	16.987	16.015	16.187	415.42	415.34
17:16:44	16.152	15.836	15.731	17.039	16.014	16.188	415.42	415.34
17:17:44	16.152	15.835	15.732	17.121	16.014	16.187	415.42	415.34
17:18:44	16.152	15.835	15.729	17.098	16.014	16.19	415.42	415.34
17:19:44	16.152	15.835	15.735	17.103	16.015	16.188	415.42	415.34
17:20:44	16.152	15.834	15.745	17.108	16.015	16.19	415.42	415.34
17:21:44	16.152	15.835	15.747	17.134	16.014	16.189	415.42	415.34
17:22:44	16.152	15.835	15.755	17.156	16.014	16.189	415.42	415.34
17:23:44	16.153	15.836	15.752	17.114	16.014	16.188	415.42	415.34
17:24:44	16.152	15.834	15.749	16.885	16.014	16.19	415.42	415.34
17:25:45	16.152	15.835	15.751	16.848	16.015	16.189	415.42	415.34
17:26:44	16.152	15.835	15.753	16.824	16.015	16.189	415.42	415.34
17:27:45	16.153	15.835	15.751	16.847	16.012	16.189	415.42	415.34
17:28:44	0.0	15.835	15.749	16.91	16.012	16.189	415.42	415.34
17:29:44	16.152	15.834	15.754	16.759	16.012	16.189	415.42	415.34
17:30:44	16.152	15.833	15.754	16.645	16.012	16.187	415.42	415.34
17:31:44	16.152	15.832	15.753	16.648	16.012	16.186	415.42	415.34
17:32:44	16.152	15.832	15.763	16.812	16.011	16.189	415.42	415.34
17:33:44	16.152	15.832	15.77	16.816	16.011	16.188	415.42	415.34
17:34:44	16.153	15.832	15.785	16.777	16.008	16.19	415.42	415.34
17:35:44	16.152	15.832	15.784	16.74	16.008	16.188	415.42	415.34
17:36:44	16.153	15.831	15.772	16.823	16.008	16.19	415.42	415.34
17:37:44	16.153	15.832	15.767	16.876	16.007	16.189	415.42	415.34
17:38:44	16.154	15.833	15.767	16.971	16.008	16.187	415.42	415.34
17:39:44	16.154	15.834	15.787	17.049	16.006	16.187	415.42	415.34
17:40:44	16.153	15.835	15.788	17.028	16.006	16.188	415.42	415.34
17:41:44	16.153	15.834	15.796	17.014	16.008	16.189	415.42	415.34
17:42:44	16.152	15.834	15.795	17.144	16.007	16.19	415.42	415.34
17:43:44	16.153	15.835	15.786	17.013	16.009	16.189	415.42	415.34
17:44:44	16.153	15.836	15.78	16.751	16.01	16.19	415.42	415.34
17:45:44	16.154	15.836	15.775	16.6	16.011	16.193	415.42	415.34
17:46:44	16.154	15.835	15.767	16.488	16.011	16.189	415.42	415.34
17:47:44	16.153	15.837	15.76	16.424	16.01	16.189	415.42	415.34
17:48:44	16.154	15.836	15.755	16.415	16.009	16.191	415.42	415.34
17:49:44	16.154	15.836	15.753	16.391	16.011	16.19	415.42	415.34
17:50:44	16.154	15.838	15.748	16.361	16.01	16.191	415.42	415.34
17:51:44	16.154	15.839	15.746	16.334	16.013	16.195	415.42	415.34
17:52:44	16.155	15.838	15.744	16.306	16.013	16.19	415.42	415.34
17:53:44	16.155	15.838	15.741	16.293	16.014	16.19	415.42	415.34
17:54:44	16.154	15.837	15.74	16.273	16.015	16.188	415.42	415.34
17:55:44	16.155	15.838	15.734	16.302	16.014	16.19	415.42	415.34
17:56:44	16.156	15.838	15.729	16.38	16.015	16.193	415.42	415.34
17:57:44	16.156	15.838	15.729	16.368	16.014	16.191	415.42	415.34
17:58:44	16.154	15.838	15.727	16.326	16.012	16.19	415.42	415.34
17:59:44	16.155	15.837	15.725	16.287	16.011	16.189	415.42	415.34
18:00:44	16.154	15.834	15.723	16.258	16.009	16.186	415.42	415.34
18:01:44	16.155	15.831	15.718	16.238	16.006	16.184	415.42	415.34
18:02:44	16.155	15.828	15.716	16.226	16.003	16.184	415.42	415.34
18:03:44	16.155	15.826	15.712	16.228	16.001	16.183	415.42	415.34
18:04:44	16.154	15.826	15.706	16.225	15.999	16.185	415.42	415.34
18:05:44	16.154	15.824	15.703	16.223	15.997	16.187	415.42	415.34
18:06:44	16.154	15.824	15.704	16.224	16.0	16.185	415.42	415.34
18:07:44	16.155	15.825	15.704	16.216	16.0	16.185	415.42	415.34
18:08:44	16.155	15.826	15.705	16.206	16.002	16.187	415.42	415.34
18:09:44	16.155	15.828	15.706	16.216	15.999	16.185	415.42	415.34
18:10:44	16.155	15.828	15.695	16.22	15.999	16.186	415.42	415.34
18:11:44	16.155	15.829	15.687	16.224	15.999	16.185	415.42	415.34
18:12:44	16.155	15.829	15.691	16.214	16.001	16.186	415.42	415.34
18:13:44	16.155	15.83	15.686	16.212	16.001	16.186	415.42	415.34
18:14:44	16.155	15.83	15.685	16.441	16.002	16.185	415.42	415.34
18:15:44	16.155	15.831	15.686	16.938	16.003	16.185	415.42	415.34
18:16:44	16.154	15.83	15.69	17.262	16.006	16.187	415.42	415.34
18:17:44	16.154	15.832	15.688	17.377	16.004	16.183	415.42	415.34
18:18:44	16.155	15.831	15.695	17.261	16.003	16.184	415.42	415.34
18:19:44	16.156	15.831	15.704	17.192	16.003	16.186	415.42	415.34
18:20:44	16.156	15.832	15.715	17.128	16.001	16.187	415.42	415.34
18:21:44	16.155	15.833	15.736	16.964	16.003	16.187	415.42	415.34
18:22:44	16.155	15.833	15.739	16.901	16.003	16.186	415.42	415.34
18:23:44	16.156	15.833	15.743	16.929	16.003	16.183	415.42	415.34
18:24:44	16.155	15.832	15.763	16.766	16.002	16.184	415.42	415.34
18:25:44	16.156	15.831	15.768	16.637	15.999	16.185	415.42	415.34
18:26:44	16.155	15.83	15.761	16.576	15.997	16.184	415.42	415.34
18:27:44	16.156	15.829	15.744	16.579	15.998	16.185	415.42	415.34
18:28:44	16.155	15.829	15.743	16.677	15.998	16.185	415.42	415.34
18:29:44	16.155	15.828	15.736	16.633	16.001	16.185	415.42	415.34
18:30:44	16.154	15.827	15.743	16.692	16.0	16.186	415.42	415.34
18:31:44	16.155	15.828	15.75	16.658	15.999	16.184	415.42	415.34
18:32:44	16.155	15.828	15.741	16.63	15.996	16.183	415.42	415.34
18:33:44	16.156	15.828	15.747	16.634	15.997	16.186	415.42	415.34
18:34:44	16.155	15.828	15.759	16.615	16.001	16.186	415.42	415.34
18:35:44	16.156	15.827	15.759	16.586	16.0	16.187	415.42	415.34
18:36:44	16.155	15.826	15.748	16.687	15.999	16.187	415.42	415.34
18:37:44	16.155	15.826	15.75	16.819	16.0	16.186	415.42	415.34
18:38:44	16.154	15.826	15.753	16.866	15.997	16.185	415.42	415.34
18:39:44	16.155	15.824	15.762	16.892	15.995	16.181	415.42	415.34
18:40:44	16.155	15.824	15.762	16.926	15.994	16.182	415.42	415.34
18:41:44	16.155	15.824	15.767	16.903	15.993	16.183	415.42	415.34
18:42:44	16.155	15.823	15.768	16.955	15.989	16.181	415.42	415.34
18:43:44	16.154	15.821	15.773	17.209	15.992	16.183	415.42	415.34
18:44:44	16.154	15.822	15.766	17.049	15.994	16.184	415.42	415.34
18:45:44	16.155	15.823	15.764	16.791	15.995	16.185	415.42	415.34
18:46:44	16.155	15.825	15.762	16.612	15.996	16.185	415.42	415.34
18:47:45	16.155	15.824	15.758	16.5	15.994	16.185	415.42	415.34
18:48:44	16.154	15.823	15.752	16.433	15.996	16.182	415.42	415.34
18:49:44	16.155	15.824	15.748	16.408	15.993	16.184	415.42	415.34
18:50:44	16.155	15.824	15.748	16.378	15.995	16.183	415.42	415.34
18:51:44	16.156	15.824	15.741	16.339	15.998	16.186	415.42	415.34
18:52:44	16.155	15.825	15.737	16.32	15.998	16.185	415.42	415.34
18:53:44	16.154	15.825	15.726	16.303	15.999	16.184	415.42	415.34
18:54:44	16.155	15.826	15.728	16.279	15.999	16.185	415.42	415.34
18:55:44	16.154	15.827	15.726	16.264	16.0	16.185	415.42	415.34
18:56:44	16.154	15.826	15.723	16.273	15.999	16.186	415.42	415.34
18:57:44	16.156	15.828	15.718	16.299	15.996	16.186	415.42	415.34
18:58:45	16.155	15.828	15.718	16.282	15.997	16.184	415.42	415.34
18:59:44	16.155	15.827	15.716	16.445	15.995	16.184	415.42	415.34
19:00:44	16.155	15.826	15.717	16.732	15.998	16.185	415.42	415.34
19:01:44	16.154	15.825	15.715	17.182	15.996	16.184	415.42	415.34
19:02:44	16.155	15.823	15.717	17.492	15.995	16.186	415.42	415.34
19:03:44	16.155	15.822	15.721	17.355	15.995	16.183	415.42	415.34
19:04:44	16.155	15.821	15.722	17.039	15.993	16.181	415.42	415.34
19:05:44	16.154	15.818	15.73	16.731	15.993	16.177	415.42	415.34
19:06:44	16.155	15.817	15.729	16.542	15.991	16.176	415.42	415.34
19:07:44	16.153	15.817	15.731	16.433	15.993	16.18	415.42	415.34
19:08:44	16.154	15.818	15.727	16.361	15.987	16.178	415.42	415.34
19:09:44	16.154	15.816	15.723	16.334	15.99	16.185	415.42	415.34
19:10:44	16.154	15.818	15.72	16.311	15.989	16.185	415.42	415.34
19:11:44	16.154	15.818	15.715	16.294	15.986	16.183	415.42	415.34
19:12:45	16.154	0.0	15.71	16.279	15.99	16.182	415.42	415.34
19:13:44	16.153	15.816	15.708	16.26	15.991	16.183	415.42	415.34
19:14:46	16.154	15.816	15.708	16.245	15.993	16.183	415.42	415.34
19:15:44	16.153	15.816	15.708	16.222	15.99	16.183	415.42	415.34
19:16:46	16.153	15.817	15.706	16.218	15.991	16.184	415.42	415.34
19:17:44	16.153	15.816	15.703	16.23	15.991	16.182	415.42	415.34
19:18:46	16.154	15.815	15.691	16.236	15.99	16.185	415.42	415.34
19:19:44	16.154	15.814	15.689	16.451	15.989	16.181	415.42	415.34
19:20:44	16.153	15.814	15.687	16.854	15.99	16.182	415.42	415.34
19:21:44	16.152	15.813	15.69	17.18	15.987	16.178	415.42	415.34
19:22:44	16.153	15.813	15.693	17.42	15.986	16.179	415.42	415.34
19:23:44	16.153	15.812	15.698	17.505	15.982	16.18	415.42	415.34
19:24:44	16.153	15.812	15.702	17.403	15.982	16.18	415.42	415.34
19:25:44	16.153	15.812	15.71	17.2	15.986	16.182	415.42	415.34
19:26:44	16.153	15.81	15.72	17.022	15.986	16.178	415.42	415.34
19:27:44	16.153	15.809	15.728	16.9	15.987	16.181	415.42	415.34
19:28:44	16.153	15.809	15.737	16.86	15.984	16.178	415.42	415.34
19:29:44	16.152	15.809	15.741	16.947	15.986	16.175	415.42	415.34
19:30:44	16.152	15.809	15.742	16.81	15.98	16.18	415.42	415.34
19:31:44	16.151	15.807	15.751	16.873	15.98	16.178	415.42	415.34
19:32:44	16.152	15.808	15.755	16.761	15.979	16.177	415.42	415.34
19:33:45	16.151	15.808	15.762	16.819	15.979	16.182	415.42	415.34
19:34:44	16.152	15.809	15.767	16.909	15.982	16.183	415.42	415.34
19:35:44	16.15	15.81	15.762	16.948	15.986	16.182	415.42	415.34
19:36:44	16.151	15.81	15.756	16.945	15.988	16.18	415.42	415.34
19:37:44	16.152	15.81	15.754	17.001	15.988	16.181	415.42	415.34
19:38:44	16.151	15.81	15.756	17.12	15.986	16.18	415.42	415.34
19:39:44	16.151	15.809	15.772	17.333	15.985	16.182	415.42	415.34
19:40:44	16.151	15.81	15.777	17.485	15.985	16.178	415.42	415.34
19:41:44	16.152	15.809	15.785	17.477	15.986	16.18	415.42	415.34
19:42:44	16.152	15.809	15.784	17.489	15.98	16.177	415.42	415.34
19:43:44	16.151	15.807	15.807	17.381	15.981	16.178	415.42	415.34
19:44:44	16.151	15.808	15.796	17.43	15.986	16.183	415.42	415.34
19:45:44	16.151	15.809	15.823	17.305	15.982	16.179	415.42	415.34
19:46:44	16.151	15.808	15.81	17.123	15.981	16.179	415.42	415.34
19:47:44	16.151	15.809	15.798	16.867	15.985	16.179	415.42	415.34
19:48:44	16.151	15.809	15.789	16.668	15.988	16.18	415.42	415.34
19:49:44	16.15	15.809	15.78	16.549	15.988	16.182	415.42	415.34
19:50:44	16.15	15.81	15.774	16.476	15.986	16.182	415.42	415.34
19:51:44	16.15	15.807	15.768	16.443	15.989	16.182	415.42	415.34
19:52:44	16.15	15.807	15.761	16.397	15.988	16.177	415.42	415.34
19:53:44	16.151	15.806	15.753	16.354	15.982	16.183	415.42	415.34
19:54:44	16.15	15.805	15.748	16.338	15.986	16.181	415.42	415.34
19:55:44	16.149	15.806	15.749	16.325	15.988	16.18	415.42	415.34
19:56:44	16.15	15.806	15.746	16.306	15.987	16.18	415.42	415.34
19:57:44	16.15	15.806	15.742	16.29	15.988	16.179	415.42	415.34
19:58:44	16.151	15.807	15.742	16.275	15.988	16.181	415.42	415.34
19:59:44	16.149	15.807	15.738	16.268	15.989	16.181	415.42	415.34
20:00:44	16.15	15.805	15.737	16.286	15.986	16.179	415.42	415.34
20:01:44	16.15	15.804	15.734	16.288	15.986	16.18	415.42	415.34
20:02:44	16.15	15.803	15.728	16.27	15.982	16.181	415.42	415.34
20:03:44	16.15	15.803	15.723	16.269	15.982	16.178	415.42	415.34
20:04:44	16.149	15.802	15.72	16.27	15.985	16.177	415.42	415.34
20:05:44	16.149	15.801	15.715	16.282	15.981	16.178	415.42	415.34
20:06:44	16.149	15.802	15.711	16.286	15.98	16.178	415.42	415.34
20:07:44	16.148	15.801	15.71	16.365	15.98	16.178	415.42	415.34
20:08:44	16.149	15.801	15.709	16.516	15.981	16.179	415.42	415.34
20:09:44	16.149	15.8	15.714	16.668	15.984	16.178	415.42	415.34
20:10:44	16.15	15.799	15.715	16.883	15.984	16.178	415.42	415.34
20:11:45	16.148	15.8	15.726	16.974	15.982	16.176	415.42	415.34
20:12:44	0.0	15.8	15.735	17.056	15.982	16.179	415.42	415.34
20:13:44	16.149	15.802	15.766	17.052	15.979	16.18	415.42	415.34
20:14:44	16.148	15.802	15.771	17.018	15.98	16.181	415.42	415.34
20:15:44	16.149	15.802	15.775	17.018	15.987	16.18	415.42	415.34
20:16:44	16.149	15.802	15.773	17.18	15.986	16.18	415.42	415.34
20:17:45	16.149	15.803	15.776	17.444	15.981	16.18	415.42	415.34
20:18:44	16.149	15.805	15.774	17.198	15.982	16.179	415.42	415.34
20:19:44	16.149	15.806	15.769	16.991	15.986	16.18	415.42	415.34
20:20:44	16.149	15.806	15.767	16.749	15.986	16.18	415.42	415.34
20:21:45	16.149	15.806	15.764	16.57	15.987	16.18	415.42	415.34
20:22:44	16.15	15.808	15.762	16.477	15.991	16.181	415.42	415.34
20:23:46	16.149	15.808	15.757	16.42	15.995	16.181	415.42	415.34
20:24:44	16.148	15.809	15.751	16.388	15.994	16.183	415.42	415.34
20:25:44	16.149	15.81	15.748	16.364	15.993	16.182	415.42	415.34
20:26:44	16.149	15.809	15.743	16.337	15.989	16.183	415.42	415.34
20:27:44	16.149	15.809	15.74	16.32	15.99	16.185	415.42	415.34
20:28:44	16.149	15.808	15.735	16.303	15.985	16.182	415.42	415.34
20:29:44	16.149	15.807	15.732	16.285	15.988	16.181	415.42	415.34
20:30:44	16.149	15.806	15.73	16.272	15.99	16.18	415.42	415.34
20:31:44	16.148	15.805	15.729	16.296	15.986	16.181	415.42	415.34
20:32:44	16.148	15.805	15.723	16.348	15.985	16.18	415.42	415.34
20:33:44	16.148	15.805	15.719	16.327	15.985	16.182	415.42	415.34
20:34:44	16.148	15.805	15.717	16.295	15.988	16.183	415.42	415.34
20:35:44	16.148	15.806	15.716	16.276	15.991	16.182	415.42	415.34
20:36:44	16.148	15.806	15.716	16.263	15.988	16.183	415.42	415.34
20:37:44	16.148	15.805	15.712	16.255	15.99	16.183	415.42	415.34
20:38:44	16.148	15.806	15.707	16.253	15.992	16.182	415.42	415.34
20:39:44	16.149	15.806	15.706	16.256	15.992	16.182	415.42	415.34
20:40:44	16.148	15.806	15.713	16.28	15.994	16.182	415.42	415.34
20:41:44	16.148	15.806	15.709	16.417	15.992	16.18	415.42	415.34
20:42:44	16.148	15.804	15.706	16.461	15.991	16.181	415.42	415.34
20:43:44	16.149	15.804	15.709	16.544	15.984	16.182	415.42	415.34
20:44:44	16.148	15.803	15.71	16.621	15.979	16.18	415.42	415.34
20:45:44	16.149	15.803	15.717	16.749	15.98	16.182	415.42	415.34
20:46:44	16.148	15.803	15.725	16.881	15.98	16.182	415.42	415.34
20:47:44	16.149	15.802	15.728	16.856	15.981	16.181	415.42	415.34
20:48:44	16.149	15.802	15.732	16.86	15.983	16.181	415.42	415.34
20:49:44	16.147	15.803	15.744	16.906	15.987	16.181	415.42	415.34
20:50:44	16.148	15.802	15.763	16.947	15.987	16.18	415.42	415.34
20:51:44	16.149	15.802	15.762	17.035	15.989	16.183	415.42	415.34
20:52:44	16.149	15.802	15.757	16.961	15.989	16.182	415.42	415.34
20:53:44	16.148	15.802	15.766	17.013	15.99	16.181	415.42	415.34
20:54:44	16.148	15.804	15.779	17.061	15.992	16.182	415.42	415.34
20:55:44	16.148	15.805	15.775	17.003	15.995	16.181	415.42	415.34
20:56:44	16.148	15.805	15.783	16.883	15.994	16.18	415.42	415.34
20:57:44	16.149	15.805	15.802	16.913	15.995	16.181	415.42	415.34
20:58:44	16.148	15.806	15.792	16.837	15.995	16.183	415.42	415.34
20:59:44	16.148	15.806	15.778	16.791	15.993	16.182	415.42	415.34
21:00:44	16.149	15.806	15.773	16.785	15.994	16.185	415.42	415.34
21:01:44	16.148	15.806	15.782	16.845	15.994	16.187	415.42	415.34
21:02:44	16.148	15.806	15.786	16.784	15.992	16.185	415.42	415.34
21:03:44	16.148	15.806	15.794	16.845	15.991	16.185	415.42	415.34
21:04:44	16.148	15.806	15.788	16.845	15.99	16.182	415.42	415.34
21:05:44	16.147	15.805	15.795	16.985	15.99	16.182	415.42	415.34
21:06:44	16.148	15.804	15.789	16.946	15.991	16.181	415.42	415.34
21:07:44	16.147	15.803	15.801	16.921	15.989	16.182	415.42	415.34
21:08:44	16.148	15.801	15.814	16.974	15.983	16.182	415.42	415.34
21:09:44	16.148	15.801	15.811	17.021	15.982	16.176	415.42	415.34
21:10:44	16.147	15.8	15.8	17.012	15.982	16.18	415.42	415.34
21:11:44	16.147	15.801	15.791	16.786	15.984	16.183	415.42	415.34
21:12:44	16.148	15.8	15.785	16.615	15.982	16.182	415.42	415.34
21:13:44	16.147	15.801	15.778	16.488	15.981	16.179	415.42	415.34
21:14:44	16.148	15.8	15.774	16.433	15.98	16.18	415.42	415.34
21:15:44	16.148	15.8	15.766	16.421	15.98	16.179	415.42	415.34
21:16:44	16.148	15.8	15.762	16.397	15.986	16.182	415.42	415.34
21:17:44	16.147	15.801	15.761	16.372	15.988	16.182	415.42	415.34
21:18:44	16.148	15.8	15.755	16.349	15.988	16.18	415.42	415.34
21:19:44	16.148	15.8	15.748	16.33	15.991	16.181	415.42	415.34
21:20:44	16.148	15.8	15.744	16.31	15.991	16.18	415.42	415.34
21:21:44	16.148	15.802	15.742	16.295	15.991	16.18	415.42	415.34
21:22:44	16.147	15.799	15.74	16.264	15.987	16.178	415.42	415.34
21:23:44	16.147	15.8	15.738	16.281	15.987	16.18	415.42	415.34
21:24:44	16.147	15.8	15.733	16.298	15.985	16.178	415.42	415.34
21:25:44	16.147	15.798	15.728	16.278	15.984	16.177	415.42	415.34
21:26:44	16.147	15.799	15.728	16.262	15.985	16.178	415.42	415.34
21:27:44	16.147	15.798	15.727	16.247	15.981	16.179	415.42	415.34
21:28:44	16.148	15.798	15.727	16.243	15.98	16.181	415.42	415.34
21:29:44	16.146	15.798	15.725	16.233	15.981	16.179	415.42	415.34
21:30:44	16.148	15.799	15.719	16.23	15.982	16.182	415.42	415.34
21:31:44	16.147	15.798	15.713	16.228	15.985	16.18	415.42	415.34
21:32:44	16.147	15.799	15.713	16.226	15.988	16.182	415.42	415.34
21:33:44	16.146	15.799	15.71	16.227	15.989	16.182	415.42	415.34
21:34:44	16.148	15.8	15.706	16.228	15.99	16.182	415.42	415.34
21:35:44	16.147	15.801	15.704	16.217	15.992	16.182	415.42	415.34
21:36:44	16.147	15.802	15.706	16.203	15.994	16.183	415.42	415.34
21:37:44	16.147	15.801	15.704	16.2	15.992	16.182	415.42	415.34
21:38:44	16.147	15.801	15.698	16.229	15.991	16.182	415.42	415.34
21:39:44	16.147	15.801	15.694	16.228	15.992	16.183	415.42	415.34
21:40:44	16.147	15.8	15.694	16.221	15.992	16.181	415.42	415.34
21:41:44	16.147	15.8	15.691	16.224	15.988	16.182	415.42	415.34
21:42:44	16.146	15.799	15.69	16.436	15.99	16.182	415.42	415.34
21:43:44	16.147	15.8	15.689	16.561	15.99	16.18	415.42	415.34
21:44:44	16.147	15.8	15.685	16.53	15.991	16.181	415.42	415.34
21:45:44	16.146	15.799	15.687	16.551	15.986	16.181	415.42	415.34
21:46:44	16.146	15.798	15.695	16.783	15.984	16.181	415.42	415.34
21:47:44	16.146	15.798	15.695	16.983	15.987	16.18	415.42	415.34
21:48:44	16.146	15.795	15.699	17.026	15.985	16.18	415.42	415.34
21:49:44	16.148	15.796	15.709	17.087	15.983	16.18	415.42	415.34
21:50:44	16.147	15.797	15.721	17.227	15.981	16.178	415.42	415.34
21:51:44	16.146	15.797	15.729	17.164	15.98	16.176	415.42	415.34
21:52:44	16.147	15.797	15.735	17.055	15.983	16.18	415.42	415.34
21:53:44	16.147	15.797	15.742	16.932	15.987	16.181	415.42	415.34
21:54:44	16.147	15.798	15.746	16.835	15.988	16.18	415.42	415.34
21:55:44	16.146	15.798	15.752	16.889	15.989	16.18	415.42	415.34
21:56:45	16.147	15.797	15.747	16.797	15.983	16.179	415.42	415.34
21:57:44	16.146	15.796	15.744	16.727	15.982	16.181	415.42	415.34
21:58:44	16.146	15.795	15.744	16.577	15.987	16.18	415.42	415.34
21:59:44	16.145	15.795	15.74	16.463	15.987	16.182	415.42	415.34
22:00:44	16.146	15.795	15.738	16.402	15.984	16.182	415.42	415.34
22:01:44	16.145	15.796	15.732	16.36	15.982	16.181	415.42	415.34
22:02:44	16.145	15.796	15.731	16.353	15.981	16.181	415.42	415.34
22:03:44	16.146	15.796	15.724	16.343	15.985	16.18	415.42	415.34
22:04:44	16.145	15.796	15.72	16.313	15.986	16.18	415.42	415.34
22:05:44	16.145	15.796	15.712	16.29	15.988	16.177	415.42	415.34
22:06:44	16.145	15.796	15.713	16.268	15.984	16.18	415.42	415.34
22:07:44	16.145	15.794	15.715	16.248	15.986	16.178	415.42	415.34
22:08:44	16.145	15.795	15.713	16.243	15.987	16.177	415.42	415.34
22:09:44	16.144	15.795	15.706	16.237	15.986	16.177	415.42	415.34
22:10:44	16.145	15.794	15.697	16.236	15.985	16.178	415.42	415.34
22:11:44	16.144	15.794	15.698	16.239	15.986	16.178	415.42	415.34
22:12:44	16.144	15.795	15.694	16.237	15.982	16.177	415.42	415.34
22:13:44	16.145	15.795	15.697	16.29	15.982	16.179	415.42	415.34
22:14:44	16.145	15.796	15.698	16.871	15.983	16.181	415.42	415.34
22:15:44	16.145	15.798	15.699	17.2	15.987	16.18	415.42	415.34
22:16:44	16.145	15.799	15.7	17.096	15.991	16.18	415.42	415.34
22:17:44	16.145	15.801	15.722	17.056	15.993	16.18	415.42	415.34
22:18:44	16.145	15.803	15.727	16.816	15.992	16.183	415.42	415.34
22:19:44	16.145	15.803	15.74	16.769	15.994	16.183	415.42	415.34
22:20:44	16.145	15.805	15.742	16.742	15.996	16.187	415.42	415.34
22:21:44	16.145	15.806	15.742	16.69	15.998	16.19	415.42	415.34
22:22:44	16.145	15.808	15.746	16.64	15.998	16.187	415.42	415.34
22:23:44	16.145	15.807	15.742	16.561	15.999	16.185	415.42	415.34
22:24:44	16.145	15.807	15.741	16.501	15.998	16.185	415.42	415.34
22:25:44	16.145	15.809	15.753	16.631	15.998	16.183	415.42	415.34
22:26:44	16.145	15.808	15.747	16.628	15.997	16.186	415.42	415.34
22:27:44	16.145	15.808	15.748	16.568	15.997	16.185	415.42	415.34
22:28:44	16.146	15.809	15.743	16.676	15.997	16.181	415.42	415.34
22:29:44	16.145	15.808	15.764	16.726	15.997	16.186	415.42	415.34
22:30:44	16.144	15.809	15.771	16.733	15.998	16.185	415.42	415.34
22:31:44	16.145	15.807	15.764	16.763	15.998	16.185	415.42	415.34
22:32:44	16.145	15.807	15.759	16.863	15.998	16.185	415.42	415.34
22:33:44	16.145	15.806	15.777	17.017	15.998	16.187	415.42	415.34
22:34:44	16.145	15.806	15.772	17.167	15.996	16.185	415.42	415.34
22:35:46	16.145	15.805	15.778	17.159	15.997	16.184	415.42	415.34
22:36:44	16.145	15.806	15.781	17.22	15.995	16.185	415.42	415.34
22:37:44	16.146	15.806	15.777	17.166	15.995	16.186	415.42	415.34
22:38:44	16.145	15.805	15.771	17.033	15.997	16.187	415.42	415.34
22:39:44	16.145	15.806	15.77	16.799	15.996	16.185	415.42	415.34
22:40:44	16.145	15.805	15.764	16.603	15.995	16.183	415.42	415.34
22:41:44	16.145	15.805	15.762	16.503	15.996	16.184	415.42	415.34
22:42:44	16.144	15.806	15.758	16.42	15.996	16.187	415.42	415.34
22:43:44	16.146	15.806	15.752	16.408	15.996	16.185	415.42	415.34
22:44:44	16.145	15.805	15.743	16.385	15.996	16.185	415.42	415.34
22:45:44	16.145	15.804	15.734	16.321	15.996	16.185	415.42	415.34
22:46:44	16.144	15.803	15.724	16.281	15.993	16.183	415.42	415.34
22:47:44	16.144	15.802	15.726	16.273	15.993	16.182	415.42	415.34
22:48:44	16.144	15.801	15.724	16.264	15.993	16.182	415.42	415.34
22:49:44	16.144	15.8	15.726	16.243	15.993	16.182	415.42	415.34
22:50:44	16.143	15.799	15.726	16.242	15.993	16.182	415.42	415.34
22:51:45	16.146	15.799	15.722	16.272	15.99	16.18	415.42	415.34
22:52:44	16.144	15.798	15.722	16.264	15.991	16.181	415.42	415.34
22:53:46	16.144	15.798	15.716	16.27	15.987	16.183	415.42	415.34
22:54:44	16.144	15.798	15.709	16.264	15.986	16.182	415.42	415.34
22:55:44	16.145	15.798	15.711	16.256	15.986	16.183	415.42	415.34
22:56:44	16.144	15.798	15.699	16.255	15.989	16.182	415.42	415.34
22:57:44	16.144	15.798	15.698	16.248	15.991	16.181	415.42	415.34
22:58:44	16.144	15.796	15.703	16.245	15.99	16.184	415.42	415.34
22:59:44	16.143	15.796	15.7	16.241	15.987	16.183	415.42	415.34
23:00:44	16.144	15.797	15.706	16.242	15.988	16.183	415.42	415.34
23:01:44	16.144	15.796	15.706	16.247	15.989	16.182	415.42	415.34
23:02:44	16.144	15.796	15.701	16.247	15.986	16.183	415.42	415.34
23:03:44	16.145	15.797	15.705	16.245	15.989	16.18	415.42	415.34
23:04:44	16.144	15.797	15.704	16.243	15.985	16.184	415.42	415.34
23:05:44	16.144	15.796	15.7	16.239	15.988	16.185	415.42	415.34
23:06:44	16.144	15.797	15.702	16.236	15.989	16.184	415.42	415.34
23:07:44	16.143	15.797	15.701	16.276	15.99	16.184	415.42	415.34
23:08:44	16.144	15.797	15.705	16.513	15.992	16.185	415.42	415.34
23:09:44	16.144	15.798	15.713	16.765	15.992	16.18	415.42	415.34
23:10:44	16.145	15.798	15.721	16.953	15.992	16.184	415.42	415.34
23:11:44	16.144	15.798	15.734	17.1	15.988	16.183	415.42	415.34
23:12:44	16.144	15.796	15.749	17.117	15.991	16.181	415.42	415.34
23:13:44	16.145	15.797	15.747	17.242	15.987	16.181	415.42	415.34
23:14:44	16.144	15.797	15.751	17.276	15.988	16.185	415.42	415.34
23:15:44	16.144	15.799	15.753	17.237	15.99	16.185	415.42	415.34
23:16:44	16.145	15.801	15.756	17.208	15.991	16.185	415.42	415.34
23:17:44	16.144	15.801	15.771	17.241	15.994	16.185	415.42	415.34
23:18:45	16.144	15.802	15.773	17.159	15.995	16.187	415.42	415.34
23:19:44	16.145	15.803	15.767	16.941	15.995	16.187	415.42	415.34
23:20:44	16.144	15.803	15.763	16.705	15.993	16.187	415.42	415.34
23:21:44	16.144	15.802	15.756	16.567	15.994	16.186	415.42	415.34
23:22:44	16.143	15.802	15.752	16.46	15.993	16.188	415.42	415.34
23:23:44	16.144	15.802	15.747	16.415	15.992	16.187	415.42	415.34
23:24:44	16.144	15.802	15.739	16.395	15.993	16.187	415.42	415.34
23:25:44	16.144	15.801	15.735	16.375	15.995	16.186	415.42	415.34
23:26:44	16.144	15.802	15.731	16.346	15.994	16.188	415.42	415.34
23:27:44	16.144	15.801	15.727	16.316	15.992	16.187	415.42	415.34
23:28:44	16.145	15.8	15.724	16.3	15.991	16.187	415.42	415.34
23:29:44	16.144	15.801	15.724	16.283	15.991	16.188	415.42	415.34
23:30:44	16.144	15.799	15.721	16.263	15.989	16.185	415.42	415.34
23:31:44	16.143	15.797	15.716	16.259	15.989	16.183	415.42	415.34
23:32:44	16.143	15.795	15.71	16.249	15.987	16.18	415.42	415.34
23:33:44	16.143	15.794	15.71	16.248	15.986	16.18	415.42	415.34
23:34:44	16.144	15.792	15.706	16.246	15.983	16.178	415.42	415.34
23:35:44	16.143	15.791	15.706	16.245	15.982	16.181	415.42	415.34
23:36:44	16.143	15.791	15.701	16.246	15.98	16.18	415.42	415.34
23:37:44	16.143	15.791	15.694	16.243	15.984	16.182	415.42	415.34
23:38:44	16.143	15.791	15.697	16.247	15.987	16.184	415.42	415.34
23:39:45	16.143	15.791	15.698	16.26	15.988	16.182	415.42	415.34
23:40:44	0.0	15.791	15.698	16.352	15.986	16.181	415.42	415.34
23:41:44	16.142	15.792	15.703	16.463	15.986	16.182	415.42	415.34
23:42:44	16.143	15.791	15.701	16.569	15.988	16.18	415.42	415.34
23:43:44	16.142	15.792	15.709	16.61	15.985	16.182	415.42	415.34
23:44:44	16.142	15.792	15.724	16.692	15.984	16.181	415.42	415.34
23:45:44	16.143	15.794	15.726	16.945	15.987	16.185	415.42	415.34
23:46:44	16.143	15.795	15.737	17.092	15.99	16.187	415.42	415.34
23:47:44	16.143	15.797	15.745	17.199	15.992	16.185	415.42	415.34
23:48:44	16.142	15.798	15.751	17.297	15.992	16.185	415.42	415.34
23:49:44	16.142	15.798	15.757	17.227	15.989	16.186	415.42	415.34
23:50:44	16.143	15.798	15.765	17.094	15.988	16.187	415.42	415.34
23:51:44	16.143	15.796	15.768	17.088	15.988	16.183	415.42	415.34
23:52:44	16.143	15.797	15.773	16.989	15.99	16.181	415.42	415.34
23:53:44	16.143	15.797	15.771	16.828	15.99	16.184	415.42	415.34
23:54:44	16.143	15.798	15.78	16.834	15.991	16.185	415.42	415.34
23:55:44	16.143	15.797	15.783	16.754	15.992	16.183	415.42	415.34
23:56:44	16.142	15.798	15.79	16.782	15.992	16.182	415.42	415.34
23:57:44	16.143	15.798	15.802	16.763	15.992	16.183	415.42	415.34
23:58:44	16.142	15.796	15.796	16.717	15.992	16.183	415.42	415.34
23:59:44	16.142	15.797	15.785	16.666	15.993	16.185	415.42	415.34
