00:00:39	16.363	16.003	15.997	16.571	16.145	16.364	415.42	415.34
00:01:39	16.365	16.002	15.998	16.574	16.145	16.364	415.42	415.34
00:02:39	16.363	16.0	15.996	16.58	16.144	16.367	415.42	415.34
00:03:39	16.366	15.999	15.999	16.583	16.146	16.366	415.42	415.34
00:04:39	16.364	16.0	15.999	16.58	16.144	16.363	415.42	415.34
00:05:39	16.366	15.999	15.995	16.576	16.146	16.364	415.42	415.34
00:06:39	16.364	16.002	15.996	16.577	16.146	16.365	415.42	415.34
00:07:39	16.365	16.002	15.995	16.578	16.147	16.365	415.42	415.34
00:08:39	16.365	16.002	15.999	16.578	16.146	16.361	415.42	415.34
00:09:39	16.363	16.003	15.995	16.578	16.148	16.366	415.42	415.34
00:10:39	16.362	16.003	15.997	16.572	16.148	16.36	415.42	415.34
00:11:39	16.364	16.004	15.997	16.573	16.149	16.361	415.42	415.34
00:12:39	16.363	16.004	15.999	16.575	16.15	16.359	415.42	415.34
00:13:39	16.364	16.004	15.995	16.577	16.15	16.355	415.42	415.34
00:14:39	16.363	16.005	15.996	16.576	16.147	16.357	415.42	415.34
00:15:39	16.364	16.004	15.994	16.577	16.147	16.362	415.42	415.34
00:16:39	16.364	16.004	15.992	16.578	16.149	16.36	415.42	415.34
00:17:39	16.364	16.005	15.993	16.573	16.147	16.361	415.42	415.34
00:18:39	16.363	16.003	15.991	16.57	16.147	16.353	415.42	415.34
00:19:39	16.363	16.002	15.989	16.568	16.148	16.358	415.42	415.34
00:20:39	16.363	16.002	15.992	16.566	16.147	16.357	415.42	415.34
00:21:39	16.362	16.002	15.99	16.57	16.145	16.36	415.42	415.34
00:22:39	16.364	16.001	15.988	16.574	16.148	16.362	415.42	415.34
00:23:39	16.363	16.001	15.991	16.571	16.147	16.362	415.42	415.34
00:24:39	16.363	16.003	15.991	16.573	16.147	16.361	415.42	415.34
00:25:39	16.363	16.002	15.991	16.574	16.148	16.363	415.42	415.34
00:26:39	16.362	16.002	15.989	16.574	16.148	16.366	415.42	415.34
00:27:39	16.362	16.004	15.992	16.569	16.148	16.357	415.42	415.34
00:28:39	16.362	16.002	15.996	16.569	16.149	16.359	415.42	415.34
00:29:39	16.361	16.003	15.99	16.567	16.148	16.364	415.42	415.34
00:30:39	16.362	16.003	15.991	16.565	16.148	16.362	415.42	415.34
00:31:39	16.362	16.004	15.99	16.565	16.15	16.363	415.42	415.34
00:32:39	16.362	16.004	15.991	16.563	16.151	16.363	415.42	415.34
00:33:39	16.362	16.005	15.987	16.562	16.15	16.363	415.42	415.34
00:34:39	16.362	16.005	15.987	16.561	16.151	16.361	415.42	415.34
00:35:39	16.362	16.006	15.99	16.561	16.151	16.358	415.42	415.34
00:36:39	16.36	16.004	15.992	16.558	16.149	16.363	415.42	415.34
00:37:39	16.361	16.004	15.99	16.555	16.149	16.366	415.42	415.34
00:38:39	16.359	16.002	15.99	16.555	16.147	16.361	415.42	415.34
00:39:39	16.359	16.001	15.986	16.552	16.145	16.358	415.42	415.34
00:40:39	16.36	15.999	15.984	16.55	16.146	16.356	415.42	415.34
00:41:39	16.36	15.999	15.983	16.545	16.146	16.362	415.42	415.34
00:42:39	16.362	15.999	15.981	16.545	16.146	16.366	415.42	415.34
00:43:39	16.362	16.001	15.987	16.548	16.148	16.368	415.42	415.34
00:44:39	16.361	16.002	15.987	16.554	16.15	16.367	415.42	415.34
00:45:40	16.36	16.002	15.984	16.558	16.151	16.362	415.42	415.34
00:46:39	16.361	16.004	15.986	16.561	16.152	16.359	415.42	415.34
00:47:39	16.362	16.005	15.985	16.557	16.15	16.361	415.42	415.34
00:48:39	16.361	16.006	15.982	16.556	16.153	16.358	415.42	415.34
00:49:39	16.362	16.005	15.981	16.551	16.154	16.355	415.42	415.34
00:50:39	16.362	16.006	15.983	16.555	16.153	16.356	415.42	415.34
00:51:39	16.361	16.004	15.985	16.561	16.15	16.354	415.42	415.34
00:52:39	16.361	16.002	15.987	16.567	16.149	16.36	415.42	415.34
00:53:39	16.36	16.001	15.986	16.567	16.149	16.358	415.42	415.34
00:54:39	16.36	16.001	15.987	16.565	16.149	16.36	415.42	415.34
00:55:39	16.361	16.001	15.985	16.571	16.149	16.361	415.42	415.34
00:56:39	16.36	15.999	15.984	16.574	16.147	16.359	415.42	415.34
00:57:39	16.359	15.999	15.986	16.573	16.147	16.363	415.42	415.34
00:58:39	16.359	15.998	15.989	16.571	16.147	16.364	415.42	415.34
00:59:39	16.358	15.998	15.984	16.567	16.145	16.366	415.42	415.34
01:00:39	16.358	15.996	15.984	16.566	16.148	16.365	415.42	415.34
01:01:39	16.359	15.996	15.987	16.57	16.147	16.362	415.42	415.34
01:02:39	16.359	15.997	15.988	16.576	16.149	16.359	415.42	415.34
01:03:39	16.359	15.998	15.989	16.584	16.15	16.361	415.42	415.34
01:04:39	16.359	15.998	15.99	16.581	16.149	16.358	415.42	415.34
01:05:39	16.359	15.998	15.99	16.572	16.149	16.358	415.42	415.34
01:06:39	16.359	15.999	15.987	16.572	16.146	16.354	415.42	415.34
01:07:39	16.359	15.999	15.986	16.577	16.145	16.356	415.42	415.34
01:08:39	16.359	15.997	15.987	16.575	16.146	16.362	415.42	415.34
01:09:39	16.359	15.997	15.991	16.572	16.145	16.362	415.42	415.34
01:10:39	16.36	15.996	15.99	16.568	16.145	16.359	415.42	415.34
01:11:39	16.359	15.997	15.987	16.569	16.146	16.36	415.42	415.34
01:12:39	16.358	15.996	15.985	16.574	16.147	16.361	415.42	415.34
01:13:39	16.358	15.997	15.985	16.578	16.15	16.363	415.42	415.34
01:14:39	16.358	15.997	15.988	16.579	16.149	16.358	415.42	415.34
01:15:39	16.358	15.997	15.988	16.577	16.149	16.356	415.42	415.34
01:16:39	16.358	15.999	15.992	16.578	16.149	16.361	415.42	415.34
01:17:39	16.357	16.0	15.991	16.576	16.149	16.355	415.42	415.34
01:18:39	16.357	16.001	15.989	16.57	16.152	16.359	415.42	415.34
01:19:39	16.355	15.998	15.988	16.566	16.15	16.362	415.42	415.34
01:20:39	16.356	15.999	15.987	16.568	16.149	16.362	415.42	415.34
01:21:39	16.355	15.998	15.987	16.569	16.148	16.358	415.42	415.34
01:22:39	16.355	15.995	15.987	16.573	16.145	16.36	415.42	415.34
01:23:39	0.0	15.995	15.987	16.573	16.144	16.351	415.42	415.34
01:24:39	16.353	15.993	15.983	16.57	16.142	16.355	415.42	415.34
01:25:39	16.355	15.991	15.983	16.565	16.141	16.356	415.42	415.34
01:26:39	16.355	15.991	15.986	16.569	16.144	16.359	415.42	415.34
01:27:39	16.356	15.992	15.988	16.574	16.146	16.361	415.42	415.34
01:28:39	16.357	15.994	15.989	16.575	16.148	16.362	415.42	415.34
01:29:39	16.356	15.996	15.991	16.574	16.149	16.36	415.42	415.34
01:30:39	16.357	15.998	15.987	16.576	16.149	16.363	415.42	415.34
01:31:39	16.357	16.0	15.989	16.579	16.146	16.359	415.42	415.34
01:32:39	16.356	16.0	15.989	16.579	16.148	16.358	415.42	415.34
01:33:39	16.357	16.0	15.988	16.576	16.149	16.354	415.42	415.34
01:34:39	16.355	15.998	15.986	16.576	16.147	16.359	415.42	415.34
01:35:39	16.354	15.997	15.988	16.577	16.147	16.363	415.42	415.34
01:36:39	16.354	15.996	15.989	16.576	16.144	16.363	415.42	415.34
01:37:39	16.355	15.993	15.99	16.576	16.142	16.364	415.42	415.34
01:38:39	16.354	15.99	15.987	16.57	16.14	16.363	415.42	415.34
01:39:39	16.352	15.988	15.983	16.571	16.139	16.361	415.42	415.34
01:40:39	16.353	15.99	15.984	16.573	16.141	16.359	415.42	415.34
01:41:39	16.356	15.99	15.992	16.57	16.145	16.362	415.42	415.34
01:42:39	16.356	15.993	15.995	16.573	16.148	16.36	415.42	415.34
01:43:39	16.355	15.996	15.998	16.577	16.151	16.359	415.42	415.34
01:44:39	16.355	15.997	15.998	16.578	16.154	16.36	415.42	415.34
01:45:39	16.355	15.999	15.993	16.583	16.155	16.359	415.42	415.34
01:46:39	16.355	16.003	15.994	16.583	16.154	16.362	415.42	415.34
01:47:39	16.355	16.003	15.991	16.582	16.151	16.361	415.42	415.34
01:48:39	16.354	16.002	15.989	16.578	16.146	16.353	415.42	415.34
01:49:39	16.352	16.0	15.99	16.572	16.15	16.356	415.42	415.34
01:50:39	16.352	15.998	15.986	16.568	16.148	16.36	415.42	415.34
01:51:39	16.352	15.996	15.985	16.565	16.143	16.36	415.42	415.34
01:52:39	16.351	15.994	15.988	16.563	16.14	16.358	415.42	415.34
01:53:39	16.352	15.992	15.987	16.568	16.141	16.359	415.42	415.34
01:54:39	16.352	15.99	15.989	16.564	16.14	16.353	415.42	415.34
01:55:39	16.352	15.989	15.991	16.566	16.14	16.356	415.42	415.34
01:56:39	16.353	15.987	15.99	16.57	16.143	16.359	415.42	415.34
01:57:39	16.353	15.987	15.988	16.571	16.144	16.36	415.42	415.34
01:58:39	16.354	15.989	15.99	16.574	16.144	16.365	415.42	415.34
01:59:39	16.353	15.99	15.99	16.577	16.146	16.358	415.42	415.34
02:00:39	16.352	15.991	15.988	16.57	16.147	16.358	415.42	415.34
02:01:39	16.352	15.992	15.989	16.569	16.145	16.357	415.42	415.34
02:02:39	16.352	15.993	15.99	16.575	16.144	16.359	415.42	415.34
02:03:39	16.351	15.991	15.987	16.575	16.144	16.355	415.42	415.34
02:04:39	16.352	15.991	15.988	16.574	16.143	16.357	415.42	415.34
02:05:39	16.351	15.989	15.988	16.578	16.141	16.355	415.42	415.34
02:06:39	16.352	15.99	15.99	16.581	16.141	16.358	415.42	415.34
02:07:39	16.352	15.989	15.99	16.583	16.141	16.363	415.42	415.34
02:08:39	16.352	15.989	15.99	16.587	16.141	16.363	415.42	415.34
02:09:41	16.352	15.989	15.991	16.591	16.142	16.358	415.42	415.34
02:10:39	16.352	15.989	15.991	16.592	16.143	16.358	415.42	415.34
02:11:39	16.351	15.991	15.995	16.598	16.144	16.36	415.42	415.34
02:12:39	16.352	15.993	15.994	16.597	16.146	16.364	415.42	415.34
02:13:39	16.351	15.994	15.994	16.597	16.147	16.361	415.42	415.34
02:14:39	16.351	15.996	15.998	16.595	16.146	16.357	415.42	415.34
02:15:39	16.351	15.996	15.998	16.596	16.147	16.351	415.42	415.34
02:16:39	16.35	15.994	15.994	16.593	16.146	16.359	415.42	415.34
02:17:39	16.35	15.993	15.997	16.593	16.144	16.359	415.42	415.34
02:18:39	16.349	15.992	15.995	16.59	16.143	16.363	415.42	415.34
02:19:39	16.351	15.991	15.994	16.591	16.143	16.364	415.42	415.34
02:20:39	16.351	15.991	15.994	16.596	16.144	16.366	415.42	415.34
02:21:39	16.352	15.992	15.997	16.597	16.145	16.365	415.42	415.34
02:22:39	16.352	15.993	15.999	16.596	16.146	16.363	415.42	415.34
02:23:39	16.353	15.994	15.999	16.595	16.144	16.36	415.42	415.34
02:24:39	16.352	15.994	15.999	16.599	16.145	16.358	415.42	415.34
02:25:39	16.35	15.993	16.0	16.595	16.142	16.357	415.42	415.34
02:26:39	16.349	15.992	16.0	16.591	16.141	16.358	415.42	415.34
02:27:39	16.348	15.99	15.995	16.591	16.137	16.357	415.42	415.34
02:28:39	16.348	15.987	15.994	16.594	16.136	16.354	415.42	415.34
02:29:39	16.347	15.986	15.996	16.592	16.137	16.358	415.42	415.34
02:30:39	16.348	15.985	15.997	16.594	16.138	16.361	415.42	415.34
02:31:39	16.35	15.987	15.996	16.596	16.142	16.362	415.42	415.34
02:32:39	16.35	15.989	15.999	16.601	16.146	16.365	415.42	415.34
02:33:39	16.35	15.992	16.004	16.602	16.149	16.36	415.42	415.34
02:34:39	16.352	15.996	16.004	16.603	16.15	16.358	415.42	415.34
02:35:39	16.35	15.998	16.005	16.599	16.147	16.351	415.42	415.34
02:36:39	16.351	15.999	16.001	16.598	16.149	16.349	415.42	415.34
02:37:39	16.35	15.997	16.003	16.594	16.148	16.348	415.42	415.34
02:38:39	16.348	15.993	16.004	16.593	16.144	16.355	415.42	415.34
02:39:39	16.347	15.993	16.002	16.593	16.141	16.347	415.42	415.34
02:40:39	16.348	15.99	16.001	16.594	16.14	16.348	415.42	415.34
02:41:39	16.348	15.99	16.001	16.599	16.142	16.353	415.42	415.34
02:42:39	16.349	15.989	16.002	16.602	16.143	16.358	415.42	415.34
02:43:39	16.349	15.991	16.005	16.605	16.145	16.361	415.42	415.34
02:44:39	16.35	15.992	16.004	16.607	16.146	16.358	415.42	415.34
02:45:39	16.351	15.992	16.005	16.606	16.143	16.352	415.42	415.34
02:46:39	16.349	15.991	16.002	16.601	16.142	16.344	415.42	415.34
02:47:39	16.349	15.989	15.998	16.595	16.141	16.342	415.42	415.34
02:48:39	16.347	15.987	15.995	16.589	16.14	16.343	415.42	415.34
02:49:39	16.346	15.984	16.001	16.589	16.136	16.356	415.42	415.34
02:50:39	16.347	15.983	16.003	16.6	16.137	16.354	415.42	415.34
02:51:39	16.349	15.984	16.005	16.603	16.14	16.355	415.42	415.34
02:52:39	16.348	15.986	16.004	16.608	16.143	16.357	415.42	415.34
02:53:39	16.348	15.989	16.005	16.608	16.145	16.358	415.42	415.34
02:54:39	16.349	15.99	16.001	16.61	16.144	16.356	415.42	415.34
02:55:39	16.349	15.992	16.004	16.606	16.142	16.351	415.42	415.34
02:56:39	16.347	15.991	16.0	16.599	16.141	16.351	415.42	415.34
02:57:39	16.347	15.989	16.002	16.592	16.138	16.354	415.42	415.34
02:58:39	16.347	15.987	16.003	16.594	16.137	16.354	415.42	415.34
02:59:39	16.347	15.987	16.005	16.596	16.139	16.361	415.42	415.34
03:00:39	16.348	15.988	16.004	16.593	16.14	16.359	415.42	415.34
03:01:39	16.347	15.987	16.002	16.594	16.139	16.36	415.42	415.34
03:02:39	16.348	15.985	15.999	16.591	16.138	16.357	415.42	415.34
03:03:39	16.349	15.984	16.0	16.588	16.139	16.358	415.42	415.34
03:04:39	16.349	15.986	15.999	16.591	16.141	16.357	415.42	415.34
03:05:39	16.348	15.987	16.001	16.593	16.141	16.359	415.42	415.34
03:06:39	16.349	15.989	16.001	16.59	16.142	16.359	415.42	415.34
03:07:39	16.347	15.99	16.001	16.588	16.141	16.363	415.42	415.34
03:08:39	16.348	15.99	16.003	16.593	16.144	16.362	415.42	415.34
03:09:39	16.348	15.99	16.006	16.593	16.145	16.358	415.42	415.34
03:10:39	16.347	15.991	16.002	16.589	16.145	16.357	415.42	415.34
03:11:39	16.348	15.989	15.999	16.587	16.142	16.356	415.42	415.34
03:12:39	16.345	15.988	15.996	16.587	16.141	16.355	415.42	415.34
03:13:40	16.347	15.987	15.994	16.58	16.139	16.354	415.42	415.34
03:14:39	16.346	15.987	15.996	16.583	16.139	16.36	415.42	415.34
03:15:39	16.346	15.987	15.999	16.581	16.141	16.357	415.42	415.34
03:16:39	16.348	15.987	15.997	16.579	16.141	16.359	415.42	415.34
03:17:39	16.347	15.987	15.999	16.582	16.143	16.358	415.42	415.34
03:18:39	16.349	15.991	15.998	16.586	16.142	16.352	415.42	415.34
03:19:39	16.35	15.991	16.0	16.587	16.145	16.355	415.42	415.34
03:20:39	16.35	15.994	15.998	16.588	16.144	16.357	415.42	415.34
03:21:39	16.349	15.991	15.995	16.586	16.146	16.354	415.42	415.34
03:22:39	16.35	15.993	15.995	16.586	16.146	16.353	415.42	415.34
03:23:39	16.349	15.992	15.997	16.584	16.142	16.348	415.42	415.34
03:24:39	16.349	15.992	15.997	16.581	16.141	16.356	415.42	415.34
03:25:39	16.348	15.991	15.998	16.582	16.139	16.358	415.42	415.34
03:26:39	16.349	15.992	15.995	16.585	16.14	16.355	415.42	415.34
03:27:39	16.348	15.99	15.998	16.588	16.142	16.356	415.42	415.34
03:28:39	16.349	15.992	16.0	16.593	16.146	16.358	415.42	415.34
03:29:39	16.35	15.992	15.999	16.596	16.148	16.358	415.42	415.34
03:30:39	16.351	15.993	15.999	16.597	16.148	16.355	415.42	415.34
03:31:39	16.351	15.993	15.999	16.596	16.149	16.356	415.42	415.34
03:32:39	16.35	15.993	15.999	16.599	16.148	16.352	415.42	415.34
03:33:39	16.35	15.992	15.998	16.599	16.148	16.349	415.42	415.34
03:34:39	16.35	15.992	15.999	16.599	16.146	16.355	415.42	415.34
03:35:39	16.348	15.991	16.001	16.6	16.145	16.358	415.42	415.34
03:36:39	16.349	15.992	15.999	16.604	16.145	16.358	415.42	415.34
03:37:39	16.348	15.992	16.001	16.6	16.143	16.355	415.42	415.34
03:38:39	16.348	15.992	16.004	16.598	16.144	16.356	415.42	415.34
03:39:39	16.349	15.994	16.004	16.602	16.144	16.354	415.42	415.34
03:40:39	16.348	15.992	16.007	16.602	16.143	16.356	415.42	415.34
03:41:39	16.348	15.992	16.006	16.605	16.142	16.356	415.42	415.34
03:42:39	16.348	15.992	16.001	16.602	16.142	16.359	415.42	415.34
03:43:39	16.345	15.99	15.999	16.601	16.141	16.358	415.42	415.34
03:44:39	16.347	15.99	16.002	16.601	16.14	16.359	415.42	415.34
03:45:39	16.348	15.988	16.004	16.604	16.14	16.357	415.42	415.34
03:46:39	16.348	15.987	16.005	16.606	16.14	16.358	415.42	415.34
03:47:39	16.346	15.987	16.006	16.602	16.14	16.36	415.42	415.34
03:48:39	16.346	15.987	16.005	16.603	16.14	16.36	415.42	415.34
03:49:39	16.345	15.987	16.004	16.603	16.141	16.358	415.42	415.34
03:50:40	16.346	15.986	16.006	16.606	16.141	16.357	415.42	415.34
03:51:39	16.346	15.986	16.005	16.604	16.14	16.357	415.42	415.34
03:52:39	16.346	15.985	16.007	16.603	16.139	16.359	415.42	415.34
03:53:39	16.346	15.985	16.007	16.602	16.139	16.358	415.42	415.34
03:54:39	16.345	15.984	16.001	16.604	16.139	16.355	415.42	415.34
03:55:39	16.345	15.983	16.001	16.603	16.138	16.35	415.42	415.34
03:56:39	16.345	15.984	16.001	16.6	16.137	16.35	415.42	415.34
03:57:39	16.346	15.983	16.001	16.604	16.138	16.356	415.42	415.34
03:58:39	16.345	15.984	15.999	16.605	16.138	16.353	415.42	415.34
03:59:39	16.345	15.982	15.998	16.606	16.137	16.353	415.42	415.34
04:00:39	16.346	15.982	15.999	16.599	16.136	16.354	415.42	415.34
04:01:39	16.344	15.982	16.0	16.597	16.136	16.352	415.42	415.34
04:02:39	16.346	15.982	16.001	16.602	16.137	16.358	415.42	415.34
04:03:39	16.346	15.982	16.001	16.605	16.138	16.358	415.42	415.34
04:04:39	16.346	15.984	16.001	16.606	16.14	16.36	415.42	415.34
04:05:39	16.348	15.985	16.0	16.603	16.139	16.354	415.42	415.34
04:06:39	16.347	15.983	15.999	16.601	16.138	16.35	415.42	415.34
04:07:39	16.348	15.983	16.001	16.599	16.137	16.354	415.42	415.34
04:08:39	16.346	15.983	16.002	16.595	16.135	16.359	415.42	415.34
04:09:39	16.347	15.983	16.0	16.598	16.136	16.358	415.42	415.34
04:10:39	16.347	15.982	16.0	16.599	16.135	16.359	415.42	415.34
04:11:39	16.347	15.983	15.999	16.6	16.135	16.358	415.42	415.34
04:12:39	16.346	15.983	16.001	16.599	16.135	16.358	415.42	415.34
04:13:39	16.346	15.983	16.001	16.596	16.136	16.359	415.42	415.34
04:14:39	16.344	15.984	16.004	16.598	16.136	16.358	415.42	415.34
04:15:39	16.346	15.984	16.002	16.603	16.139	16.358	415.42	415.34
04:16:39	16.347	15.987	16.004	16.603	16.14	16.357	415.42	415.34
04:17:39	16.346	15.987	16.003	16.603	16.14	16.346	415.42	415.34
04:18:39	16.347	15.988	16.0	16.594	16.139	16.351	415.42	415.34
04:19:39	16.347	15.986	15.997	16.588	16.135	16.352	415.42	415.34
04:20:39	16.347	15.984	16.0	16.597	16.135	16.355	415.42	415.34
04:21:39	16.345	15.983	15.999	16.597	16.134	16.353	415.42	415.34
04:22:39	16.345	15.984	16.0	16.599	16.134	16.357	415.42	415.34
04:23:39	16.346	15.985	15.998	16.602	16.136	16.353	415.42	415.34
04:24:39	16.346	15.985	16.0	16.596	16.138	16.353	415.42	415.34
04:25:39	16.346	15.988	15.999	16.596	16.137	16.356	415.42	415.34
04:26:39	16.346	15.988	15.998	16.601	16.138	16.353	415.42	415.34
04:27:39	16.347	15.987	15.996	16.603	16.138	16.354	415.42	415.34
04:28:39	16.345	15.987	15.998	16.603	16.137	16.352	415.42	415.34
04:29:39	16.344	15.986	15.998	16.6	16.136	16.352	415.42	415.34
04:30:39	16.345	15.985	16.001	16.599	16.136	16.354	415.42	415.34
04:31:39	16.345	15.984	15.999	16.598	16.135	16.351	415.42	415.34
04:32:39	16.345	15.984	15.999	16.598	16.134	16.356	415.42	415.34
04:33:39	16.345	15.983	15.998	16.601	16.135	16.358	415.42	415.34
04:34:39	16.345	15.984	16.0	16.604	16.136	16.357	415.42	415.34
04:35:39	16.345	15.984	15.997	16.604	16.137	16.356	415.42	415.34
04:36:39	16.345	15.985	15.999	16.603	16.138	16.353	415.42	415.34
04:37:39	16.345	15.986	16.001	16.608	16.139	16.354	415.42	415.34
04:38:39	16.347	15.988	16.003	16.608	16.139	16.354	415.42	415.34
04:39:39	16.344	15.988	16.003	16.604	16.138	16.353	415.42	415.34
04:40:39	16.344	15.987	16.002	16.601	16.137	16.353	415.42	415.34
04:41:39	16.343	15.987	16.0	16.597	16.134	16.348	415.42	415.34
04:42:39	16.344	15.986	16.004	16.594	16.133	16.355	415.42	415.34
04:43:39	16.344	15.985	16.003	16.595	16.134	16.356	415.42	415.34
04:44:39	16.345	15.986	16.001	16.597	16.136	16.358	415.42	415.34
04:45:39	16.344	15.989	16.005	16.604	16.139	16.358	415.42	415.34
04:46:39	16.345	15.99	16.004	16.609	16.14	16.357	415.42	415.34
04:47:39	16.346	15.991	16.002	16.612	16.14	16.35	415.42	415.34
04:48:39	16.345	15.99	16.001	16.609	16.14	16.352	415.42	415.34
04:49:39	16.343	15.99	16.002	16.611	16.138	16.35	415.42	415.34
04:50:39	16.343	15.99	16.002	16.612	16.137	16.352	415.42	415.34
04:51:39	16.343	15.989	15.998	16.611	16.136	16.354	415.42	415.34
04:52:39	16.344	15.988	16.0	16.611	16.139	16.357	415.42	415.34
04:53:39	16.343	15.989	16.002	16.604	16.137	16.358	415.42	415.34
04:54:39	16.345	15.989	16.001	16.597	16.139	16.357	415.42	415.34
04:55:39	16.343	15.989	16.001	16.594	16.137	16.358	415.42	415.34
04:56:39	16.344	15.989	16.002	16.594	16.137	16.359	415.42	415.34
04:57:40	16.344	15.99	16.005	16.598	16.138	16.358	415.42	415.34
04:58:39	16.347	15.989	16.001	16.6	16.138	16.357	415.42	415.34
04:59:39	16.346	15.988	16.002	16.608	16.137	16.354	415.42	415.34
05:00:39	16.345	15.987	16.003	16.615	16.136	16.355	415.42	415.34
05:01:39	16.346	15.987	16.001	16.609	16.135	16.356	415.42	415.34
05:02:39	16.345	15.985	16.001	16.603	16.135	16.355	415.42	415.34
05:03:39	16.345	15.985	15.999	16.601	16.133	16.358	415.42	415.34
05:04:40	16.344	15.984	16.0	16.599	16.134	16.35	415.42	415.34
05:05:39	16.344	15.985	16.0	16.603	16.135	16.35	415.42	415.34
05:06:39	16.344	15.985	16.0	16.601	16.136	16.355	415.42	415.34
05:07:39	16.346	15.987	16.002	16.603	16.138	16.355	415.42	415.34
05:08:39	16.345	15.987	16.004	16.61	16.139	16.355	415.42	415.34
05:09:39	16.345	15.989	16.004	16.61	16.14	16.355	415.42	415.34
05:10:39	16.345	15.989	16.004	16.608	16.138	16.353	415.42	415.34
05:11:39	16.343	15.989	16.001	16.609	16.139	16.345	415.42	415.34
05:12:39	16.344	15.99	15.999	16.606	16.137	16.345	415.42	415.34
05:13:39	16.344	15.989	16.002	16.603	16.138	16.339	415.42	415.34
05:14:39	16.342	15.989	16.001	16.602	16.137	16.346	415.42	415.34
05:15:39	16.342	15.989	16.003	16.598	16.137	16.352	415.42	415.34
05:16:39	16.343	15.992	16.003	16.601	16.139	16.349	415.42	415.34
05:17:39	16.344	15.993	16.003	16.605	16.141	16.352	415.42	415.34
05:18:39	16.345	15.994	16.005	16.61	16.143	16.353	415.42	415.34
05:19:39	16.345	15.995	16.002	16.607	16.144	16.355	415.42	415.34
05:20:39	16.347	15.995	16.0	16.601	16.144	16.354	415.42	415.34
05:21:39	16.347	15.996	16.001	16.6	16.14	16.352	415.42	415.34
05:22:39	16.348	15.996	15.999	16.595	16.139	16.345	415.42	415.34
05:23:39	16.347	15.993	16.003	16.591	16.139	16.353	415.42	415.34
05:24:39	16.346	15.993	16.002	16.592	16.139	16.35	415.42	415.34
05:25:39	16.346	15.993	16.002	16.589	16.139	16.355	415.42	415.34
05:26:39	16.346	15.993	16.002	16.592	16.14	16.35	415.42	415.34
05:27:39	16.347	15.992	16.0	16.591	16.141	16.353	415.42	415.34
05:28:39	16.347	15.993	16.0	16.59	16.14	16.356	415.42	415.34
05:29:39	16.347	15.992	15.997	16.594	16.14	16.354	415.42	415.34
05:30:39	16.347	15.993	15.997	16.591	16.139	16.354	415.42	415.34
05:31:39	16.345	15.992	15.998	16.584	16.139	16.352	415.42	415.34
05:32:39	16.347	15.991	15.996	16.584	16.136	16.351	415.42	415.34
05:33:39	16.346	15.99	15.995	16.582	16.136	16.349	415.42	415.34
05:34:39	16.344	15.989	15.996	16.58	16.136	16.352	415.42	415.34
05:35:39	16.347	15.989	15.994	16.574	16.136	16.352	415.42	415.34
05:36:40	16.345	15.989	15.994	16.574	16.135	16.355	415.42	415.34
05:37:39	16.346	15.989	15.995	16.574	16.137	16.355	415.42	415.34
05:38:39	16.346	15.988	15.995	16.571	16.138	16.356	415.42	415.34
05:39:39	16.347	15.989	15.992	16.571	16.137	16.356	415.42	415.34
05:40:39	16.346	15.988	15.992	16.573	16.139	16.355	415.42	415.34
05:41:39	16.346	15.988	15.994	16.579	16.139	16.353	415.42	415.34
05:42:39	16.346	15.988	15.99	16.577	16.138	16.352	415.42	415.34
05:43:39	16.346	15.988	15.99	16.579	16.137	16.351	415.42	415.34
05:44:39	16.346	15.987	15.99	16.576	0.0	16.356	415.42	415.34
05:45:39	16.344	15.986	15.991	16.576	16.133	16.351	415.42	415.34
05:46:39	16.345	15.984	15.99	16.576	16.132	16.354	415.42	415.34
05:47:39	16.344	15.984	15.991	16.576	16.131	16.354	415.42	415.34
05:48:39	16.345	15.983	15.991	16.584	16.133	16.358	415.42	415.34
05:49:39	16.345	15.984	15.99	16.591	16.133	16.357	415.42	415.34
05:50:39	16.345	15.983	15.99	16.585	16.134	16.358	415.42	415.34
05:51:39	16.344	15.983	15.991	16.577	16.134	16.359	415.42	415.34
05:52:39	16.344	15.983	15.99	16.585	16.134	16.356	415.42	415.34
05:53:39	16.343	15.982	15.99	16.582	16.134	16.354	415.42	415.34
05:54:39	16.343	15.982	15.993	16.582	16.132	16.352	415.42	415.34
05:55:39	16.344	15.981	15.993	16.58	16.132	16.353	415.42	415.34
05:56:39	16.341	15.979	15.99	16.577	16.131	16.35	415.42	415.34
05:57:39	16.342	15.979	15.99	16.578	16.13	16.352	415.42	415.34
05:58:39	16.342	15.98	15.989	16.58	16.131	16.351	415.42	415.34
05:59:39	16.343	15.98	15.991	16.578	16.131	16.353	415.42	415.34
06:00:39	16.342	15.982	15.986	16.577	16.13	16.351	415.42	415.34
06:01:39	16.343	15.983	15.987	16.578	16.131	16.348	415.42	415.34
06:02:39	16.343	15.983	15.989	16.581	16.131	16.351	415.42	415.34
06:03:39	16.342	15.984	15.987	16.577	16.132	16.347	415.42	415.34
06:04:40	16.342	15.982	15.987	16.575	16.131	16.355	415.42	415.34
06:05:39	16.34	15.981	15.988	16.576	16.13	16.355	415.42	415.34
06:06:41	16.34	15.982	15.987	16.573	16.131	16.352	415.42	415.34
06:07:39	16.34	15.981	15.987	16.572	16.129	16.354	415.42	415.34
06:08:40	16.341	15.98	15.984	16.572	16.13	16.355	415.42	415.34
06:09:39	16.342	15.982	15.987	16.575	16.13	16.352	415.42	415.34
06:10:39	16.344	15.983	15.985	16.58	16.132	16.349	415.42	415.34
06:11:39	16.342	15.984	15.985	16.581	16.133	16.353	415.42	415.34
06:12:39	16.341	15.983	15.985	16.575	16.133	16.353	415.42	415.34
06:13:39	16.342	15.983	15.988	16.573	16.132	16.351	415.42	415.34
06:14:39	16.341	15.983	15.99	16.582	16.133	16.351	415.42	415.34
06:15:40	16.341	15.984	15.988	16.575	16.133	16.355	415.42	415.34
06:16:39	16.343	15.985	15.987	16.567	16.13	16.351	415.42	415.34
06:17:39	16.344	15.984	15.984	16.572	16.13	16.348	415.42	415.34
06:18:40	16.342	15.983	15.982	16.576	16.129	16.349	415.42	415.34
06:19:39	0.0	15.983	15.982	16.574	16.13	16.353	415.42	415.34
06:20:39	16.341	15.981	15.981	16.57	16.129	16.349	415.42	415.34
06:21:39	16.342	15.982	15.979	16.572	16.128	16.35	415.42	415.34
06:22:39	16.341	15.981	15.98	16.574	16.128	16.351	415.42	415.34
06:23:39	16.341	15.979	15.98	16.57	16.128	16.353	415.42	415.34
06:24:39	16.343	15.978	15.981	16.573	16.127	16.352	415.42	415.34
06:25:39	16.342	15.979	15.983	16.572	16.127	16.349	415.42	415.34
06:26:39	16.342	15.979	15.978	16.574	16.125	16.351	415.42	415.34
06:27:39	16.341	15.978	15.98	16.573	16.125	16.354	415.42	415.34
06:28:39	16.342	15.98	15.984	16.574	16.126	16.351	415.42	415.34
06:29:39	16.342	15.979	15.983	16.575	16.124	16.35	415.42	415.34
06:30:39	16.343	15.979	15.985	16.574	16.124	16.349	415.42	415.34
06:31:39	16.343	15.979	15.983	16.567	16.126	16.346	415.42	415.34
06:32:39	16.343	15.981	15.983	16.563	16.127	16.349	415.42	415.34
06:33:39	16.343	15.979	15.983	16.567	16.127	16.352	415.42	415.34
06:34:39	16.342	15.979	15.982	16.569	16.127	16.354	415.42	415.34
06:35:39	16.341	15.978	15.984	16.568	16.127	16.348	415.42	415.34
06:36:39	16.34	15.978	15.984	16.564	16.126	16.347	415.42	415.34
06:37:39	16.341	15.976	15.982	16.561	16.128	16.348	415.42	415.34
06:38:39	16.34	15.977	15.985	16.563	16.129	16.351	415.42	415.34
06:39:39	16.34	15.978	15.981	16.566	16.128	16.349	415.42	415.34
06:40:39	16.339	15.977	15.978	16.565	16.13	16.349	415.42	415.34
06:41:39	16.341	15.979	15.978	16.562	16.129	16.344	415.42	415.34
06:42:39	16.34	15.978	15.98	16.562	16.128	16.347	415.42	415.34
06:43:39	16.34	15.979	15.979	16.561	16.127	16.348	415.42	415.34
06:44:39	16.34	15.979	15.981	16.559	16.128	16.349	415.42	415.34
06:45:39	16.339	15.978	0.0	16.556	16.129	16.354	415.42	415.34
06:46:39	16.338	15.98	15.982	16.559	16.128	16.354	415.42	415.34
06:47:39	16.34	15.981	15.978	16.562	16.129	16.352	415.42	415.34
06:48:39	16.341	15.981	15.976	16.565	16.127	16.346	415.42	415.34
06:49:39	16.34	15.982	15.977	16.564	16.129	16.348	415.42	415.34
06:50:39	16.34	15.982	15.977	16.563	16.13	16.347	415.42	415.34
06:51:39	16.339	15.982	15.976	16.562	16.128	16.348	415.42	415.34
06:52:39	16.34	15.984	15.975	16.562	16.129	16.347	415.42	415.34
06:53:39	16.34	15.983	15.975	16.563	16.13	16.348	415.42	415.34
06:54:39	16.337	15.984	15.974	16.56	16.129	16.346	415.42	415.34
06:55:39	16.338	15.984	15.973	16.56	16.129	16.346	415.42	415.34
06:56:41	16.338	15.985	15.975	16.555	16.13	16.346	415.42	415.34
06:57:39	16.338	15.986	15.974	16.554	16.127	16.345	415.42	415.34
06:58:40	16.337	15.984	15.974	16.551	16.126	16.343	415.42	415.34
06:59:39	16.339	15.983	15.976	16.549	16.126	16.351	415.42	415.34
07:00:41	16.339	15.983	15.975	16.548	16.126	16.351	415.42	415.34
07:01:39	16.338	15.983	15.975	16.551	16.128	16.348	415.42	415.34
07:02:39	16.339	15.982	15.975	16.551	16.127	16.351	415.42	415.34
07:03:39	16.34	15.982	15.975	16.547	16.128	16.35	415.42	415.34
07:04:39	16.34	15.983	15.972	16.547	16.129	16.352	415.42	415.34
07:05:39	16.34	15.983	15.973	16.55	16.13	16.352	415.42	415.34
07:06:39	16.342	15.984	15.974	16.55	16.129	16.345	415.42	415.34
07:07:39	16.342	15.983	15.975	16.548	16.13	16.348	415.42	415.34
07:08:39	16.342	15.986	15.974	16.549	16.131	16.345	415.42	415.34
07:09:39	16.342	15.984	15.975	16.547	16.132	16.341	415.42	415.34
07:10:39	16.342	15.985	15.973	16.544	16.132	16.346	415.42	415.34
07:11:39	16.341	15.984	15.969	16.548	16.132	16.346	415.42	415.34
07:12:39	16.341	15.986	15.971	16.548	16.133	16.343	415.42	415.34
07:13:39	16.34	15.986	15.97	16.549	16.131	16.341	415.42	415.34
07:14:39	16.339	15.986	15.974	16.55	16.131	16.343	415.42	415.34
07:15:39	16.338	15.985	15.973	16.546	16.131	16.346	415.42	415.34
07:16:39	16.338	15.986	15.973	16.544	16.13	16.35	415.42	415.34
07:17:39	16.34	15.986	15.969	16.545	16.127	16.348	415.42	415.34
07:18:39	16.34	15.985	15.964	16.549	16.128	16.351	415.42	415.34
07:19:39	16.34	15.985	15.966	16.546	16.129	16.352	415.42	415.34
07:20:39	16.339	15.983	15.968	16.547	16.127	16.346	415.42	415.34
07:21:39	16.339	15.983	15.966	16.546	16.127	16.344	415.42	415.34
07:22:39	16.34	15.98	15.962	16.543	16.126	16.343	415.42	415.34
07:23:39	16.338	15.979	15.962	16.541	16.126	16.347	415.42	415.34
07:24:39	16.338	15.977	15.962	16.54	16.126	16.347	415.42	415.34
07:25:39	16.337	15.975	15.964	16.545	16.125	16.341	415.42	415.34
07:26:39	16.338	15.976	15.965	16.551	16.124	16.341	415.42	415.34
07:27:39	16.337	15.973	15.963	16.55	16.123	16.344	415.42	415.34
07:28:39	16.338	15.972	15.968	16.553	16.124	16.34	415.42	415.34
07:29:39	16.337	15.971	15.965	16.549	16.124	16.344	415.42	415.34
07:30:39	16.337	15.971	15.965	16.548	16.123	16.345	415.42	415.34
07:31:40	16.338	15.971	15.962	16.546	16.122	16.349	415.42	415.34
07:32:39	0.0	15.969	15.963	16.544	16.122	16.351	415.42	415.34
07:33:40	16.336	15.969	15.961	16.546	16.119	16.352	415.42	415.34
07:34:39	16.339	15.97	15.96	16.549	16.12	16.346	415.42	415.34
07:35:39	16.339	15.97	15.959	16.549	16.121	16.348	415.42	415.34
07:36:39	16.338	15.97	15.956	16.545	16.121	16.345	415.42	415.34
07:37:40	16.338	15.97	15.959	16.546	16.123	16.346	415.42	415.34
07:38:39	0.0	15.972	15.96	16.541	16.122	16.349	415.42	415.34
07:39:39	16.335	15.971	15.96	16.533	16.122	16.349	415.42	415.34
07:40:41	16.336	15.972	15.957	16.531	16.122	16.348	415.42	415.34
07:41:39	16.336	15.972	15.959	16.533	16.123	16.352	415.42	415.34
07:42:39	16.334	15.973	15.955	16.53	16.122	16.351	415.42	415.34
07:43:39	16.334	15.972	15.958	16.535	16.121	16.351	415.42	415.34
07:44:39	16.335	15.972	15.959	16.536	16.122	16.35	415.42	415.34
07:45:39	16.334	15.973	15.959	16.536	16.12	16.348	415.42	415.34
07:46:39	16.334	15.974	15.959	16.541	16.119	16.339	415.42	415.34
07:47:39	16.334	15.973	15.959	16.54	16.119	16.344	415.42	415.34
07:48:39	16.334	15.974	15.955	16.536	16.121	16.342	415.42	415.34
07:49:39	16.335	15.972	15.951	16.537	16.122	16.34	415.42	415.34
07:50:39	16.335	15.971	15.951	16.539	16.12	16.343	415.42	415.34
07:51:39	16.334	15.972	15.953	16.537	16.121	16.346	415.42	415.34
07:52:40	16.335	15.972	15.955	16.534	16.121	16.348	415.42	415.34
07:53:39	0.0	15.971	15.952	16.537	16.121	16.35	415.42	415.34
07:54:39	16.335	15.971	15.953	16.542	16.122	16.349	415.42	415.34
07:55:39	16.333	15.973	15.949	16.539	16.122	16.346	415.42	415.34
07:56:39	16.332	15.973	15.949	16.54	16.121	16.348	415.42	415.34
07:57:39	16.332	15.974	15.951	16.535	16.122	16.345	415.42	415.34
07:58:39	16.333	15.975	15.953	16.536	16.124	16.345	415.42	415.34
07:59:39	16.332	15.974	15.953	16.533	16.125	16.348	415.42	415.34
08:00:40	16.333	15.974	15.947	16.527	16.125	16.34	415.42	415.34
08:01:39	16.333	15.974	15.945	16.525	16.125	16.338	415.42	415.34
08:02:39	16.334	15.975	15.945	16.524	16.123	16.342	415.42	415.34
08:03:39	16.334	15.975	15.947	16.527	16.125	16.342	415.42	415.34
08:04:39	16.333	15.974	15.945	16.527	16.122	16.342	415.42	415.34
08:05:40	16.335	15.973	15.947	16.53	16.127	16.348	415.42	415.34
08:06:39	0.0	15.977	15.946	16.534	16.124	16.347	415.42	415.34
08:07:39	16.334	15.976	15.95	16.539	16.126	16.346	415.42	415.34
08:08:39	16.332	15.976	15.951	16.537	16.124	16.342	415.42	415.34
08:09:39	16.331	15.977	15.948	16.537	16.124	16.345	415.42	415.34
08:10:39	16.331	15.975	15.945	16.531	16.123	16.348	415.42	415.34
08:11:39	16.331	15.976	15.945	16.527	16.125	16.341	415.42	415.34
08:12:39	16.33	15.976	15.945	16.528	16.123	16.344	415.42	415.34
08:13:39	16.332	15.975	15.943	16.527	16.122	16.346	415.42	415.34
08:14:39	16.332	15.977	15.943	16.527	16.123	16.345	415.42	415.34
08:15:39	16.333	15.977	15.944	16.529	16.122	16.345	415.42	415.34
08:16:39	16.334	15.977	15.944	16.529	16.123	16.347	415.42	415.34
08:17:39	16.335	15.975	15.946	16.529	16.124	16.349	415.42	415.34
08:18:39	16.334	15.975	15.947	16.528	16.123	16.344	415.42	415.34
08:19:39	16.333	15.975	15.946	16.526	16.124	16.339	415.42	415.34
08:20:39	16.332	15.974	15.944	16.526	16.123	16.333	415.42	415.34
08:21:39	16.333	15.974	15.944	16.529	16.127	16.342	415.42	415.34
08:22:39	16.331	15.975	15.942	16.528	16.126	16.346	415.42	415.34
08:23:39	16.332	15.975	15.943	16.529	16.125	16.346	415.42	415.34
08:24:39	16.332	15.976	15.941	16.531	16.126	16.343	415.42	415.34
08:25:39	16.333	15.977	15.942	16.527	16.127	16.341	415.42	415.34
08:26:39	16.333	15.976	15.943	16.527	16.126	16.346	415.42	415.34
08:27:39	16.333	15.975	15.944	16.522	16.126	16.342	415.42	415.34
08:28:39	16.333	15.975	15.938	16.52	16.124	16.343	415.42	415.34
08:29:39	16.332	15.975	15.941	16.522	16.124	16.342	415.42	415.34
08:30:39	16.331	15.976	15.94	16.52	16.124	16.34	415.42	415.34
08:31:39	16.331	15.975	15.937	16.526	16.127	16.345	415.42	415.34
08:32:39	16.333	15.976	15.937	16.524	16.127	16.347	415.42	415.34
08:33:39	16.333	15.977	15.938	16.522	16.126	16.346	415.42	415.34
08:34:39	16.332	15.976	15.937	16.521	16.123	16.347	415.42	415.34
08:35:39	16.332	15.975	15.936	16.518	16.123	16.349	415.42	415.34
08:36:39	16.332	15.973	15.937	16.517	16.125	16.347	415.42	415.34
08:37:39	16.331	15.973	15.937	16.514	16.123	16.347	415.42	415.34
08:38:39	16.33	15.972	15.935	16.52	16.122	16.35	415.42	415.34
08:39:40	16.329	15.971	15.936	16.518	16.123	16.349	415.42	415.34
08:40:39	16.329	15.971	15.936	16.517	16.121	16.346	415.42	415.34
08:41:40	16.328	15.97	15.935	16.51	16.12	16.347	415.42	415.34
08:42:39	16.329	15.966	15.937	16.51	16.12	16.347	415.42	415.34
08:43:39	16.33	15.966	15.935	16.511	16.123	16.345	415.42	415.34
08:44:39	16.331	15.967	15.936	16.512	16.124	16.343	415.42	415.34
08:45:40	16.329	15.969	15.937	16.512	16.123	16.344	415.42	415.34
08:46:39	0.0	15.968	15.939	16.514	16.124	16.346	415.42	415.34
08:47:39	16.329	15.966	15.939	16.518	16.123	16.342	415.42	415.34
08:48:39	16.327	15.966	15.933	16.514	16.123	16.339	415.42	415.34
08:49:39	16.325	15.966	15.936	16.511	16.122	16.34	415.42	415.34
08:50:42	16.325	15.965	15.935	16.509	16.121	16.342	415.42	415.34
08:51:39	0.0	15.965	15.931	16.51	16.121	16.34	415.42	415.34
08:52:39	16.327	15.965	15.934	16.508	16.121	16.342	415.42	415.34
08:53:39	16.327	15.965	15.938	16.511	16.121	16.343	415.42	415.34
08:54:39	16.326	15.965	15.936	16.511	16.121	16.343	415.42	415.34
08:55:39	16.326	15.965	15.935	16.508	16.119	16.335	415.42	415.34
08:56:39	16.326	15.965	15.93	16.508	16.119	16.339	415.42	415.34
08:57:39	16.326	15.965	15.934	16.506	16.122	16.342	415.42	415.34
08:58:39	16.325	15.965	15.931	16.504	16.12	16.342	415.42	415.34
08:59:39	16.325	15.965	15.93	16.506	16.122	16.348	415.42	415.34
09:00:39	16.324	15.965	15.927	16.512	16.125	16.346	415.42	415.34
09:01:39	16.325	15.965	15.926	16.512	16.121	16.34	415.42	415.34
09:02:39	16.326	15.965	15.929	16.51	16.122	16.342	415.42	415.34
09:03:39	16.325	15.965	15.927	16.511	16.123	16.344	415.42	415.34
09:04:39	16.326	15.967	15.93	16.516	16.121	16.343	415.42	415.34
09:05:39	16.326	15.967	15.927	16.513	16.124	16.346	415.42	415.34
09:06:39	16.327	15.965	15.929	16.513	16.122	16.348	415.42	415.34
09:07:39	16.325	15.965	15.931	16.508	16.121	16.346	415.42	415.34
09:08:39	16.325	15.966	15.927	16.506	16.121	16.343	415.42	415.34
09:09:39	16.325	15.966	15.926	16.504	16.121	16.344	415.42	415.34
09:10:39	16.323	15.965	15.925	16.503	16.121	16.339	415.42	415.34
09:11:39	16.322	15.965	15.92	16.504	16.12	16.342	415.42	415.34
09:12:40	16.323	15.965	15.921	16.505	16.12	16.342	415.42	415.34
09:13:39	16.323	15.965	15.922	16.507	16.119	16.341	415.42	415.34
09:14:39	16.323	15.965	15.921	16.509	16.12	16.346	415.42	415.34
09:15:39	16.323	15.964	15.925	16.513	16.12	16.345	415.42	415.34
09:16:39	16.324	15.963	15.922	16.509	16.119	16.348	415.42	415.34
09:17:39	16.325	15.962	15.925	16.517	16.121	16.346	415.42	415.34
09:18:39	16.324	15.961	15.926	16.511	16.121	16.344	415.42	415.34
09:19:39	16.325	15.962	15.928	16.514	16.12	16.343	415.42	415.34
09:20:39	16.323	15.96	15.924	16.513	16.118	16.339	415.42	415.34
09:21:40	16.321	15.959	15.927	16.513	16.118	16.338	415.42	415.34
09:22:39	0.0	15.958	15.93	16.511	16.116	16.345	415.42	415.34
09:23:39	16.322	15.957	15.932	16.51	16.115	16.348	415.42	415.34
09:24:40	16.321	15.956	15.93	16.51	16.115	16.347	415.42	415.34
09:25:39	16.321	15.955	15.929	16.518	16.115	16.342	415.42	415.34
09:26:41	16.321	15.954	15.927	16.518	16.116	16.337	415.42	415.34
09:27:39	16.32	15.953	15.926	16.515	16.114	16.341	415.42	415.34
09:28:39	16.319	15.951	15.925	16.514	16.113	16.338	415.42	415.34
09:29:39	16.319	15.949	15.929	16.514	16.113	16.339	415.42	415.34
09:30:41	16.318	15.947	15.925	16.515	16.111	16.338	415.42	415.34
09:31:39	16.318	15.947	15.928	16.514	16.113	16.337	415.42	415.34
09:32:39	16.318	15.948	15.926	16.511	16.112	16.335	415.42	415.34
09:33:39	16.317	15.946	15.923	16.516	16.113	16.34	415.42	415.34
09:34:39	16.319	15.945	15.926	16.519	16.114	16.34	415.42	415.34
09:35:39	16.317	15.947	15.927	16.518	16.112	16.336	415.42	415.34
09:36:39	16.318	15.948	15.927	16.517	16.109	16.341	415.42	415.34
09:37:39	16.32	15.948	15.932	16.518	16.111	16.339	415.42	415.34
09:38:39	16.319	15.946	15.932	16.516	16.111	16.337	415.42	415.34
09:39:39	16.317	15.946	15.933	16.517	16.112	16.335	415.42	415.34
09:40:39	16.318	15.946	15.933	16.515	16.112	16.339	415.42	415.34
09:41:39	16.316	15.945	15.931	16.51	16.109	16.342	415.42	415.34
09:42:39	16.316	15.945	15.93	16.513	16.111	16.339	415.42	415.34
09:43:39	16.316	15.945	15.931	16.518	16.108	16.336	415.42	415.34
09:44:39	16.316	15.945	15.929	16.519	16.108	16.332	415.42	415.34
09:45:39	16.315	15.946	15.929	16.516	16.11	16.341	415.42	415.34
09:46:40	16.316	15.946	15.929	16.511	16.111	16.345	415.42	415.34
09:47:39	16.315	15.947	15.925	16.507	16.113	16.342	415.42	415.34
09:48:40	16.315	15.948	15.927	16.509	16.112	16.342	415.42	415.34
09:49:39	0.0	15.946	15.927	16.507	16.111	16.344	415.42	415.34
09:50:39	16.313	15.948	15.935	16.508	16.111	16.341	415.42	415.34
09:51:39	16.314	15.949	15.935	16.511	16.11	16.34	415.42	415.34
09:52:39	16.313	15.949	15.935	16.517	16.112	16.342	415.42	415.34
09:53:39	16.314	15.95	15.938	16.521	16.111	16.338	415.42	415.34
09:54:39	16.315	15.95	15.935	16.524	16.111	16.339	415.42	415.34
09:55:39	16.313	15.949	15.932	16.522	16.111	16.34	415.42	415.34
09:56:39	16.312	15.946	15.932	16.52	16.112	16.338	415.42	415.34
09:57:39	16.312	15.948	15.935	16.521	16.112	16.334	415.42	415.34
09:58:39	16.312	15.949	15.938	16.523	16.114	16.335	415.42	415.34
09:59:39	16.312	15.95	15.937	16.523	16.116	16.341	415.42	415.34
10:00:40	16.313	15.952	15.935	16.524	16.117	16.344	415.42	415.34
10:01:39	16.313	15.952	15.937	16.522	16.117	16.338	415.42	415.34
10:02:42	16.31	15.952	15.932	16.518	16.115	16.328	415.42	415.34
10:03:39	16.312	15.952	15.93	16.516	16.116	16.331	415.42	415.34
10:04:39	16.312	15.951	15.933	16.52	16.117	16.34	415.42	415.34
10:05:40	16.311	15.951	15.931	16.518	16.117	16.338	415.42	415.34
10:06:39	16.312	15.951	15.936	16.518	16.116	16.337	415.42	415.34
10:07:41	16.312	15.952	15.935	16.516	16.119	16.339	415.42	415.34
10:08:39	16.311	15.952	15.937	16.508	16.116	16.34	415.42	415.34
10:09:39	16.311	15.952	15.934	16.507	16.115	16.336	415.42	415.34
10:10:39	16.311	15.952	15.935	16.509	16.117	16.329	415.42	415.34
10:11:39	16.311	15.952	15.934	16.511	16.118	16.334	415.42	415.34
10:12:39	16.312	15.953	15.929	16.512	16.119	16.337	415.42	415.34
10:13:39	16.311	15.953	15.929	16.512	16.119	16.339	415.42	415.34
10:14:39	16.311	15.952	15.938	16.509	16.117	16.338	415.42	415.34
10:15:39	16.311	15.952	15.932	16.507	16.118	16.34	415.42	415.34
10:16:39	16.312	15.951	15.931	16.506	16.117	16.34	415.42	415.34
10:17:39	16.311	15.95	15.929	16.507	16.119	16.34	415.42	415.34
10:18:39	16.312	15.951	15.933	16.51	16.116	16.34	415.42	415.34
10:19:39	16.31	15.949	15.937	16.51	16.119	16.342	415.42	415.34
10:20:39	16.312	15.952	15.935	16.514	16.121	16.34	415.42	415.34
10:21:39	16.312	15.954	15.936	16.516	16.123	16.334	415.42	415.34
10:22:39	16.314	15.953	15.937	16.519	16.121	16.329	415.42	415.34
10:23:39	16.313	15.953	15.936	16.519	16.122	16.327	415.42	415.34
10:24:39	16.314	15.954	15.935	16.517	16.12	16.328	415.42	415.34
10:25:39	16.313	15.952	15.937	16.521	16.119	16.332	415.42	415.34
10:26:39	16.312	15.952	15.938	16.527	16.12	16.334	415.42	415.34
10:27:39	16.31	15.952	15.935	16.528	16.118	16.336	415.42	415.34
10:28:39	16.309	15.951	15.937	16.524	16.116	16.334	415.42	415.34
10:29:39	16.309	15.951	15.939	16.521	16.115	16.337	415.42	415.34
10:30:39	16.311	15.951	15.941	16.526	16.117	16.343	415.42	415.34
10:31:39	16.309	15.949	15.939	16.528	16.118	16.339	415.42	415.34
10:32:39	16.31	15.949	15.938	16.529	16.12	16.34	415.42	415.34
10:33:39	16.309	15.948	15.936	16.528	16.117	16.342	415.42	415.34
10:34:39	16.307	15.948	15.935	16.529	16.118	16.343	415.42	415.34
10:35:39	16.308	15.949	15.938	16.53	16.12	16.342	415.42	415.34
10:36:39	16.308	15.947	15.942	16.533	16.119	16.336	415.42	415.34
10:37:39	16.308	15.948	15.943	16.529	16.12	16.338	415.42	415.34
10:38:39	16.308	15.949	15.942	16.525	16.121	16.341	415.42	415.34
10:39:39	16.308	15.949	15.939	16.525	16.118	16.339	415.42	415.34
10:40:39	16.308	15.949	15.937	16.524	16.117	16.338	415.42	415.34
10:41:39	16.307	15.946	15.938	16.53	16.117	16.335	415.42	415.34
10:42:39	16.309	15.945	15.937	16.531	16.118	16.34	415.42	415.34
10:43:39	16.307	15.945	15.942	16.535	16.12	16.343	415.42	415.34
10:44:39	16.307	15.946	15.937	16.528	16.119	16.343	415.42	415.34
10:45:39	16.306	15.947	15.938	16.524	16.118	16.342	415.42	415.34
10:46:39	16.306	15.946	15.939	16.529	16.114	16.341	415.42	415.34
10:47:39	16.306	15.945	15.937	16.527	16.114	16.336	415.42	415.34
10:48:39	16.308	15.944	15.938	16.528	16.113	16.335	415.42	415.34
10:49:40	16.308	15.943	15.936	16.527	16.112	16.34	415.42	415.34
10:50:39	16.306	15.941	15.937	16.527	16.112	16.338	415.42	415.34
10:51:39	16.306	15.94	15.941	16.528	16.114	16.339	415.42	415.34
10:52:39	16.308	15.94	15.942	16.524	16.114	16.338	415.42	415.34
10:53:41	16.307	15.941	15.944	16.522	16.115	16.336	415.42	415.34
10:54:39	16.307	15.94	15.94	16.525	16.115	16.336	415.42	415.34
10:55:39	16.306	15.939	15.938	16.523	16.115	16.34	415.42	415.34
10:56:39	16.306	15.94	15.94	16.525	16.118	16.342	415.42	415.34
10:57:39	16.306	15.942	15.94	16.522	16.118	16.338	415.42	415.34
10:58:39	16.307	15.943	15.943	16.519	16.117	16.34	415.42	415.34
10:59:39	16.307	15.944	15.939	16.518	16.117	16.341	415.42	415.34
11:00:39	16.306	15.943	15.935	16.509	16.114	16.338	415.42	415.34
11:01:39	16.306	15.94	15.935	16.508	16.112	16.339	415.42	415.34
11:02:39	16.304	15.94	15.932	16.505	16.111	16.343	415.42	415.34
11:03:39	16.303	15.94	15.93	16.504	16.113	16.344	415.42	415.34
11:04:39	16.303	15.94	15.928	16.506	16.116	16.341	415.42	415.34
11:05:39	16.304	15.942	15.932	16.508	16.116	16.34	415.42	415.34
11:06:39	16.304	15.942	15.935	16.515	16.114	16.338	415.42	415.34
11:07:39	16.304	15.94	15.933	16.515	16.112	16.333	415.42	415.34
11:08:39	16.305	15.938	15.932	16.515	16.112	16.333	415.42	415.34
11:09:39	16.305	15.937	15.93	16.512	16.112	16.338	415.42	415.34
11:10:39	16.305	15.937	15.93	16.508	16.112	16.339	415.42	415.34
11:11:39	16.304	15.937	15.932	16.511	16.113	16.335	415.42	415.34
11:12:39	16.305	15.938	15.936	16.513	16.111	16.335	415.42	415.34
11:13:39	16.304	15.938	15.937	16.51	16.111	16.337	415.42	415.34
11:14:39	16.303	15.936	15.934	16.511	16.113	16.336	415.42	415.34
11:15:39	16.304	15.937	15.934	16.511	16.114	16.331	415.42	415.34
11:16:39	16.303	15.938	15.936	16.512	16.113	16.334	415.42	415.34
11:17:39	16.303	15.936	15.936	16.515	16.113	16.333	415.42	415.34
11:18:40	16.304	15.937	15.936	16.512	16.111	16.338	415.42	415.34
11:19:39	16.303	15.935	15.938	16.508	16.11	16.339	415.42	415.34
11:20:39	16.304	15.935	15.938	16.506	16.111	16.34	415.42	415.34
11:21:39	16.306	15.936	15.935	16.504	16.112	16.341	415.42	415.34
11:22:40	16.303	15.936	15.934	16.5	16.114	16.342	415.42	415.34
11:23:40	16.304	15.939	15.935	16.502	16.115	16.338	415.42	415.34
11:24:39	16.303	15.939	15.931	16.502	16.115	16.336	415.42	415.34
11:25:39	16.303	15.939	15.93	16.5	16.115	16.328	415.42	415.34
11:26:39	16.302	15.939	15.928	16.5	16.113	16.324	415.42	415.34
11:27:39	16.301	15.939	15.931	16.502	16.114	16.331	415.42	415.34
11:28:40	16.303	15.94	15.932	16.502	16.114	16.333	415.42	415.34
11:29:39	16.301	15.939	15.929	16.499	16.114	16.338	415.42	415.34
11:30:39	16.301	15.94	15.925	16.495	16.117	16.339	415.42	415.34
11:31:39	16.299	15.939	15.923	16.489	16.114	16.332	415.42	415.34
11:32:40	16.301	15.938	15.924	16.485	16.111	16.327	415.42	415.34
11:33:39	16.301	15.939	15.926	16.483	16.113	16.33	415.42	415.34
11:34:39	16.302	15.939	15.927	16.481	16.111	16.33	415.42	415.34
11:35:39	16.303	15.939	15.928	16.478	16.114	16.336	415.42	415.34
11:36:39	16.303	15.939	15.925	16.479	16.113	16.333	415.42	415.34
11:37:39	16.303	15.94	15.924	16.482	16.114	16.33	415.42	415.34
11:38:39	16.303	15.939	15.927	16.482	16.114	16.332	415.42	415.34
11:39:39	16.303	15.938	15.928	16.487	16.115	16.329	415.42	415.34
11:40:39	16.304	15.939	15.923	16.486	16.115	16.335	415.42	415.34
11:41:39	16.304	15.939	15.921	16.485	16.116	16.339	415.42	415.34
11:42:39	16.303	15.939	15.918	16.486	16.114	16.342	415.42	415.34
11:43:39	16.302	15.938	15.917	16.488	16.114	16.34	415.42	415.34
11:44:39	16.302	15.938	15.916	16.487	16.112	16.343	415.42	415.34
11:45:39	16.302	15.939	15.918	16.486	16.113	16.343	415.42	415.34
11:46:40	16.3	15.939	15.918	16.49	16.112	16.341	415.42	415.34
11:47:39	16.3	15.939	15.918	16.492	16.111	16.34	415.42	415.34
11:48:39	16.3	15.938	15.919	16.493	16.113	16.34	415.42	415.34
11:49:39	16.301	15.939	15.918	16.488	16.112	16.334	415.42	415.34
11:50:39	16.301	15.936	15.921	16.491	16.11	16.338	415.42	415.34
11:51:39	16.3	15.935	15.918	16.495	16.113	16.338	415.42	415.34
11:52:39	16.299	15.936	15.919	16.488	16.112	16.34	415.42	415.34
11:53:39	16.301	15.936	15.919	16.487	16.112	16.337	415.42	415.34
11:54:39	16.301	15.936	15.919	16.485	16.112	16.335	415.42	415.34
11:55:39	16.301	15.937	15.922	16.487	16.111	16.331	415.42	415.34
11:56:39	16.301	15.936	15.924	16.491	16.112	16.335	415.42	415.34
11:57:39	16.301	15.935	15.923	16.491	16.11	16.333	415.42	415.34
11:58:39	16.3	15.933	15.919	16.5	16.11	16.333	415.42	415.34
11:59:39	16.299	15.934	15.924	16.504	16.111	16.339	415.42	415.34
12:00:39	16.3	15.934	15.923	16.506	16.113	16.34	415.42	415.34
12:01:39	16.3	15.936	15.924	16.503	16.113	16.334	415.42	415.34
12:02:39	16.299	15.936	15.92	16.501	16.114	16.332	415.42	415.34
12:03:39	16.299	15.936	15.923	16.5	16.112	16.334	415.42	415.34
12:04:39	16.299	15.936	15.925	16.501	16.114	16.337	415.42	415.34
12:05:39	16.299	15.936	15.921	16.498	16.112	16.336	415.42	415.34
12:06:39	16.298	15.936	15.922	16.499	16.112	16.334	415.42	415.34
12:07:39	16.297	15.936	15.917	16.497	16.111	16.335	415.42	415.34
12:08:39	16.298	15.932	15.918	16.497	16.108	16.337	415.42	415.34
12:09:41	16.298	15.932	15.921	16.494	16.108	16.334	415.42	415.34
12:10:39	16.297	15.932	15.923	16.496	16.108	16.333	415.42	415.34
12:11:39	16.297	15.931	15.923	16.496	16.107	16.335	415.42	415.34
12:12:39	16.296	15.931	15.922	16.496	16.107	16.337	415.42	415.34
12:13:39	16.296	15.932	15.917	16.497	16.109	16.334	415.42	415.34
12:14:39	16.296	15.931	15.917	16.494	16.106	16.334	415.42	415.34
12:15:39	16.296	15.929	15.916	16.495	16.107	16.329	415.42	415.34
12:16:39	16.297	15.929	15.917	16.496	16.107	16.332	415.42	415.34
12:17:39	16.297	15.93	15.92	16.498	16.105	16.33	415.42	415.34
12:18:39	16.297	15.929	15.922	16.501	16.106	16.328	415.42	415.34
12:19:39	16.297	15.93	15.922	16.498	16.105	16.33	415.42	415.34
12:20:39	16.296	15.929	15.919	16.498	16.106	16.329	415.42	415.34
12:21:39	16.296	15.928	15.921	16.499	16.105	16.332	415.42	415.34
12:22:39	16.296	15.927	15.922	16.499	16.104	16.337	415.42	415.34
12:23:39	16.296	15.928	15.919	16.498	16.107	16.334	415.42	415.34
12:24:39	16.297	15.929	15.917	16.499	16.106	16.332	415.42	415.34
12:25:39	16.295	15.929	15.918	16.499	16.105	16.33	415.42	415.34
12:26:40	16.295	15.93	15.919	16.501	16.106	16.327	415.42	415.34
12:27:39	0.0	15.93	15.916	16.501	16.107	16.327	415.42	415.34
12:28:39	16.296	15.93	15.915	16.501	16.107	16.327	415.42	415.34
12:29:39	16.295	15.931	15.916	16.5	16.107	16.328	415.42	415.34
12:30:40	16.295	15.931	15.917	16.498	16.106	16.334	415.42	415.34
12:31:40	16.296	15.931	15.923	16.495	16.108	16.335	415.42	415.34
12:32:40	16.295	15.929	15.922	16.497	16.107	16.33	415.42	415.34
12:33:40	16.294	15.93	15.921	16.495	16.107	16.332	415.42	415.34
12:34:40	16.295	15.931	15.919	16.492	16.109	16.338	415.42	415.34
12:35:40	16.295	15.931	15.918	16.489	16.109	16.337	415.42	415.34
12:36:40	16.294	15.931	15.92	16.491	16.109	16.338	415.42	415.34
12:37:40	16.295	15.93	15.917	16.489	16.108	16.332	415.42	415.34
12:38:40	16.295	15.93	15.915	16.487	16.107	16.33	415.42	415.34
12:39:40	16.295	15.93	15.914	16.488	16.106	16.328	415.42	415.34
12:40:40	16.294	15.931	15.912	16.491	16.107	16.33	415.42	415.34
12:41:40	16.296	15.932	15.913	16.495	16.107	16.328	415.42	415.34
12:42:40	16.296	15.931	15.916	16.493	16.107	16.331	415.42	415.34
12:43:40	16.295	15.93	15.916	16.493	16.106	16.332	415.42	415.34
12:44:40	16.295	15.93	15.919	16.494	16.107	16.331	415.42	415.34
12:45:40	16.294	15.929	15.921	16.494	16.106	16.333	415.42	415.34
12:46:40	16.294	15.929	15.923	16.495	16.108	16.334	415.42	415.34
12:47:40	16.295	15.93	15.922	16.498	16.107	16.336	415.42	415.34
12:48:40	16.295	15.93	15.924	16.492	16.108	16.332	415.42	415.34
12:49:40	16.294	15.929	15.924	16.491	16.107	16.331	415.42	415.34
12:50:40	16.296	15.931	15.923	16.495	16.105	16.331	415.42	415.34
12:51:40	16.293	15.931	15.921	16.497	16.107	16.329	415.42	415.34
12:52:40	16.293	15.931	15.92	16.495	16.106	16.332	415.42	415.34
12:53:40	16.293	15.931	15.916	16.494	16.108	16.33	415.42	415.34
12:54:40	16.293	15.932	15.917	16.494	16.109	16.332	415.42	415.34
12:55:40	16.293	15.932	15.917	16.491	16.108	16.332	415.42	415.34
12:56:40	16.294	15.932	15.914	16.489	16.107	16.329	415.42	415.34
12:57:40	16.29	15.931	15.915	16.492	16.107	16.322	415.42	415.34
12:58:40	16.291	15.932	15.913	16.492	16.108	16.318	415.42	415.34
12:59:40	16.291	15.932	15.915	16.491	16.108	16.317	415.42	415.34
13:00:40	16.292	15.932	15.916	16.486	16.106	16.323	415.42	415.34
13:01:40	16.291	15.93	15.919	16.485	16.107	16.317	415.42	415.34
13:02:40	16.291	15.93	15.918	16.476	16.106	16.328	415.42	415.34
13:03:40	16.291	15.93	15.917	16.48	16.107	16.331	415.42	415.34
13:04:40	16.291	15.931	15.916	16.483	16.107	16.33	415.42	415.34
13:05:40	16.288	15.931	15.914	16.479	16.107	16.329	415.42	415.34
13:06:40	16.288	15.93	15.913	16.482	16.106	16.328	415.42	415.34
13:07:40	16.29	15.929	15.913	16.481	16.105	16.326	415.42	415.34
13:08:40	16.289	15.928	15.912	16.483	16.106	16.328	415.42	415.34
13:09:40	16.288	15.929	15.911	16.485	16.107	16.326	415.42	415.34
13:10:40	16.287	15.928	15.917	16.484	16.105	16.329	415.42	415.34
13:11:40	16.289	15.927	15.917	16.486	16.105	16.331	415.42	415.34
13:12:40	16.291	15.926	15.913	16.486	16.107	16.33	415.42	415.34
13:13:40	16.292	15.927	15.913	16.489	16.108	16.33	415.42	415.34
13:14:40	16.292	15.927	15.914	16.488	16.108	16.335	415.42	415.34
13:15:40	16.293	15.928	15.91	16.486	16.109	16.334	415.42	415.34
13:16:40	16.293	15.93	15.91	16.485	16.11	16.326	415.42	415.34
13:17:40	16.294	15.93	15.915	16.482	16.112	16.333	415.42	415.34
13:18:40	16.293	15.93	15.914	16.479	16.112	16.322	415.42	415.34
13:19:40	16.293	15.93	15.91	16.482	16.109	16.329	415.42	415.34
13:20:40	16.293	15.933	15.916	16.482	16.11	16.324	415.42	415.34
13:21:40	16.293	15.934	15.912	16.484	16.111	16.329	415.42	415.34
13:22:40	16.292	15.935	15.909	16.48	16.114	16.332	415.42	415.34
13:23:40	16.292	15.935	15.908	16.481	16.114	16.334	415.42	415.34
13:24:40	16.293	15.936	15.907	16.478	16.112	16.337	415.42	415.34
13:25:40	16.292	15.936	15.911	16.476	16.113	16.335	415.42	415.34
13:26:40	16.292	15.937	15.911	16.477	16.113	16.328	415.42	415.34
13:27:40	16.293	15.937	15.911	16.476	16.113	16.327	415.42	415.34
13:28:40	16.291	15.938	15.915	16.477	16.113	16.328	415.42	415.34
13:29:41	16.291	15.937	15.913	16.481	16.112	16.322	415.42	415.34
13:30:40	0.0	15.937	15.908	16.477	16.113	16.32	415.42	415.34
13:31:40	16.29	15.937	15.908	16.477	16.114	16.324	415.42	415.34
13:32:40	16.29	15.936	15.909	16.477	16.111	16.327	415.42	415.34
13:33:40	16.291	15.935	15.909	16.471	16.11	16.32	415.42	415.34
13:34:40	0.0	15.933	15.907	16.47	16.11	16.325	415.42	415.34
13:35:41	16.291	15.934	15.909	16.474	16.111	16.331	415.42	415.34
13:36:40	0.0	15.933	15.909	16.481	16.111	16.33	415.42	415.34
13:37:40	16.293	15.933	15.907	16.48	16.112	16.336	415.42	415.34
13:38:40	16.293	15.934	15.91	16.482	16.113	16.333	415.42	415.34
13:39:40	16.292	15.934	15.907	16.48	16.111	16.333	415.42	415.34
13:40:41	16.29	15.931	15.907	16.477	16.111	16.336	415.42	415.34
13:41:40	16.29	15.931	15.904	16.478	16.109	16.334	415.42	415.34
13:42:40	16.289	15.93	15.904	16.477	16.11	16.331	415.42	415.34
13:43:40	16.287	15.93	15.904	16.48	16.112	16.327	415.42	415.34
13:44:40	16.287	15.93	15.907	16.484	16.112	16.326	415.42	415.34
13:45:40	16.288	15.932	15.911	16.48	16.112	16.327	415.42	415.34
13:46:40	16.289	15.931	15.91	16.479	16.11	16.33	415.42	415.34
13:47:40	16.288	15.932	15.909	16.48	16.112	16.333	415.42	415.34
13:48:40	16.289	15.931	15.906	16.481	16.111	16.328	415.42	415.34
13:49:40	16.288	15.931	15.906	16.479	16.112	16.328	415.42	415.34
13:50:40	16.288	15.932	15.908	16.48	16.111	16.333	415.42	415.34
13:51:40	16.287	15.932	15.903	16.479	16.111	16.33	415.42	415.34
13:52:40	16.287	15.932	15.903	16.479	16.11	16.323	415.42	415.34
13:53:40	16.289	15.932	15.903	16.479	16.11	16.32	415.42	415.34
13:54:40	16.289	15.932	15.906	16.481	16.109	16.326	415.42	415.34
13:55:40	16.288	15.932	15.912	16.482	16.11	16.33	415.42	415.34
13:56:40	16.287	15.932	15.912	16.484	16.112	16.334	415.42	415.34
13:57:40	16.287	15.933	15.912	16.485	16.112	16.328	415.42	415.34
13:58:40	16.287	15.933	15.91	16.481	16.111	16.326	415.42	415.34
13:59:40	16.289	15.932	15.908	16.485	16.111	16.328	415.42	415.34
14:00:40	16.29	15.932	15.909	16.482	16.113	16.333	415.42	415.34
14:01:40	16.29	15.931	15.906	16.483	16.113	16.33	415.42	415.34
14:02:40	16.289	15.93	15.905	16.482	16.113	16.32	415.42	415.34
14:03:40	16.288	15.929	15.903	16.485	16.111	16.316	415.42	415.34
14:04:40	16.289	15.928	15.902	16.481	16.109	16.327	415.42	415.34
14:05:40	16.288	15.929	15.905	16.482	16.11	16.329	415.42	415.34
14:06:40	16.288	15.929	15.905	16.481	16.111	16.326	415.42	415.34
14:07:40	16.288	15.93	15.903	16.481	16.11	16.325	415.42	415.34
14:08:40	16.288	15.929	15.903	16.482	16.111	16.333	415.42	415.34
14:09:40	16.287	15.929	15.905	16.482	16.111	16.333	415.42	415.34
14:10:40	16.286	15.929	15.906	16.481	16.11	16.33	415.42	415.34
14:11:40	16.284	15.927	15.907	16.48	16.111	16.334	415.42	415.34
14:12:40	16.286	15.927	15.911	16.482	16.112	16.335	415.42	415.34
14:13:40	16.285	15.926	15.91	16.481	16.11	16.335	415.42	415.34
14:14:41	16.285	15.925	15.906	16.478	16.109	16.33	415.42	415.34
14:15:40	16.285	15.926	15.906	16.481	16.109	16.333	415.42	415.34
14:16:40	16.285	15.926	15.904	16.484	16.108	16.332	415.42	415.34
14:17:40	16.284	15.926	15.907	16.485	16.11	16.332	415.42	415.34
14:18:40	16.284	15.926	15.907	16.482	16.108	16.331	415.42	415.34
14:19:40	16.285	15.925	15.907	16.485	16.11	16.329	415.42	415.34
14:20:40	16.286	15.925	15.911	16.485	16.108	16.328	415.42	415.34
14:21:40	16.285	15.925	15.911	16.48	16.108	16.332	415.42	415.34
14:22:40	16.284	15.924	15.911	16.484	16.109	16.334	415.42	415.34
14:23:40	16.282	15.925	15.911	16.487	16.107	16.335	415.42	415.34
14:24:40	16.282	15.925	15.907	16.487	16.108	16.33	415.42	415.34
14:25:40	16.282	15.924	15.906	16.486	16.11	16.332	415.42	415.34
14:26:40	16.283	15.926	15.906	16.483	16.109	16.321	415.42	415.34
14:27:40	16.284	15.925	15.914	16.484	16.109	16.322	415.42	415.34
14:28:40	16.281	15.924	15.91	16.481	16.107	16.33	415.42	415.34
14:29:40	16.282	15.922	15.911	16.483	16.107	16.332	415.42	415.34
14:30:40	16.282	15.923	15.913	16.48	16.105	16.329	415.42	415.34
14:31:40	16.284	15.921	15.909	16.48	16.107	16.325	415.42	415.34
14:32:40	16.283	15.922	15.907	16.475	16.107	16.332	415.42	415.34
14:33:40	16.284	15.921	15.909	16.473	16.108	16.325	415.42	415.34
14:34:40	16.282	15.92	15.911	16.473	16.107	16.325	415.42	415.34
14:35:40	16.282	15.92	15.909	16.473	16.107	16.326	415.42	415.34
14:36:40	16.282	15.919	15.907	16.476	16.106	16.325	415.42	415.34
14:37:41	16.283	15.919	15.903	16.477	16.107	16.326	415.42	415.34
14:38:40	0.0	15.918	15.903	16.477	16.107	16.328	415.42	415.34
14:39:40	16.284	15.918	15.903	16.478	16.108	16.327	415.42	415.34
14:40:40	16.283	15.919	15.905	16.48	16.107	16.332	415.42	415.34
14:41:41	16.284	15.92	15.904	16.478	16.109	16.33	415.42	415.34
14:42:40	0.0	15.92	15.905	16.477	16.11	16.332	415.42	415.34
14:43:40	16.283	15.921	15.904	16.477	16.111	16.333	415.42	415.34
14:44:40	16.285	15.921	15.905	16.479	16.109	16.332	415.42	415.34
14:45:40	16.285	15.921	15.907	16.479	16.111	16.331	415.42	415.34
14:46:40	16.283	15.922	15.904	16.477	16.109	16.332	415.42	415.34
14:47:40	16.281	15.922	15.9	16.476	16.107	16.331	415.42	415.34
14:48:40	16.282	15.922	15.904	16.478	16.107	16.331	415.42	415.34
14:49:40	16.281	15.923	15.9	16.475	16.107	16.33	415.42	415.34
14:50:40	16.28	15.923	15.902	16.475	16.108	16.328	415.42	415.34
14:51:40	16.279	15.924	15.897	16.475	16.108	16.326	415.42	415.34
14:52:40	16.281	15.924	15.895	16.477	16.11	16.333	415.42	415.34
14:53:40	16.281	15.924	15.895	16.477	16.108	16.325	415.42	415.34
14:54:40	16.28	15.923	15.896	16.474	16.105	16.324	415.42	415.34
14:55:40	16.282	15.923	15.9	16.478	16.106	16.321	415.42	415.34
14:56:40	16.282	15.922	15.9	16.482	16.107	16.325	415.42	415.34
14:57:40	16.28	15.922	15.902	16.482	16.109	16.32	415.42	415.34
14:58:40	16.281	15.919	15.903	16.479	16.107	16.317	415.42	415.34
14:59:40	16.282	15.92	15.906	16.483	16.108	16.318	415.42	415.34
15:00:40	16.281	15.919	15.905	16.482	16.107	16.322	415.42	415.34
15:01:40	16.282	15.919	15.9	16.478	16.107	16.323	415.42	415.34
15:02:40	16.282	15.92	15.898	16.482	16.106	16.33	415.42	415.34
15:03:40	16.282	15.918	15.898	16.478	16.109	16.332	415.42	415.34
15:04:40	16.282	15.918	15.898	16.477	16.109	16.319	415.42	415.34
15:05:40	16.28	15.917	15.9	16.473	16.107	16.32	415.42	415.34
15:06:40	16.28	15.917	15.901	16.47	16.105	16.325	415.42	415.34
15:07:40	16.279	15.917	15.9	16.474	16.104	16.331	415.42	415.34
15:08:40	16.279	15.916	15.898	16.476	16.104	16.325	415.42	415.34
15:09:40	16.279	15.915	15.896	16.475	16.104	16.327	415.42	415.34
15:10:40	16.279	15.916	15.9	16.473	16.105	16.328	415.42	415.34
15:11:40	16.28	15.914	15.899	16.475	16.103	16.322	415.42	415.34
15:12:40	16.281	15.915	15.897	16.475	16.104	16.322	415.42	415.34
15:13:40	16.28	15.915	15.897	16.481	16.105	16.326	415.42	415.34
15:14:40	16.279	15.916	15.898	16.48	16.105	16.325	415.42	415.34
15:15:40	16.279	15.914	15.9	16.48	16.106	16.325	415.42	415.34
15:16:40	16.279	15.914	15.897	16.483	16.107	16.322	415.42	415.34
15:17:40	16.28	15.913	15.895	16.482	16.105	16.329	415.42	415.34
15:18:40	16.28	15.914	15.894	16.48	16.106	16.333	415.42	415.34
15:19:40	16.278	15.914	15.898	16.483	16.104	16.328	415.42	415.34
15:20:40	16.277	15.914	15.895	16.484	16.106	16.325	415.42	415.34
15:21:40	16.278	15.914	15.897	16.481	16.106	16.33	415.42	415.34
15:22:40	16.278	15.916	15.894	16.481	16.108	16.331	415.42	415.34
15:23:40	16.279	15.915	15.897	16.479	16.107	16.326	415.42	415.34
15:24:40	16.277	15.917	15.898	16.483	16.108	16.327	415.42	415.34
15:25:40	16.278	15.917	15.897	16.483	16.107	16.323	415.42	415.34
15:26:40	16.277	15.915	15.9	16.483	16.106	16.325	415.42	415.34
15:27:40	16.276	15.913	15.902	16.484	16.106	16.32	415.42	415.34
15:28:40	16.276	15.913	15.902	16.485	16.105	16.321	415.42	415.34
15:29:40	16.278	15.914	15.902	16.487	16.105	16.325	415.42	415.34
15:30:40	16.276	15.914	15.906	16.484	16.105	16.326	415.42	415.34
15:31:40	16.278	15.914	15.904	16.487	16.106	16.327	415.42	415.34
15:32:40	16.278	15.913	15.904	16.484	16.105	16.33	415.42	415.34
15:33:40	16.277	15.913	15.905	16.486	16.104	16.323	415.42	415.34
15:34:40	16.276	15.913	15.904	16.485	16.105	16.325	415.42	415.34
15:35:40	16.277	15.913	15.901	16.482	16.104	16.33	415.42	415.34
15:36:40	16.276	15.914	15.9	16.483	16.107	16.332	415.42	415.34
15:37:40	16.276	15.914	15.9	16.488	16.106	16.332	415.42	415.34
15:38:40	16.276	15.913	15.903	16.486	16.106	16.335	415.42	415.34
15:39:40	16.275	15.912	15.905	16.483	16.106	16.332	415.42	415.34
15:40:40	16.275	15.912	15.907	16.485	16.105	16.33	415.42	415.34
15:41:40	16.275	15.911	15.904	16.485	16.104	16.327	415.42	415.34
15:42:40	16.276	15.913	15.905	16.486	16.104	16.322	415.42	415.34
15:43:40	16.276	15.911	15.907	16.484	16.107	16.322	415.42	415.34
15:44:40	16.276	15.912	15.905	16.489	16.106	16.325	415.42	415.34
15:45:40	16.277	15.911	15.907	16.487	16.106	16.327	415.42	415.34
15:46:40	16.276	15.913	15.907	16.487	16.107	16.328	415.42	415.34
15:47:40	16.275	15.911	15.907	16.489	16.105	16.323	415.42	415.34
15:48:40	0.0	15.911	15.906	16.49	16.105	16.322	415.42	415.34
15:49:40	16.276	15.912	15.906	16.491	16.107	16.331	415.42	415.34
15:50:40	16.274	15.912	15.909	16.49	16.106	16.317	415.42	415.34
15:51:40	16.275	15.913	15.91	16.49	16.106	16.318	415.42	415.34
15:52:40	16.276	15.911	15.907	16.491	16.107	16.324	415.42	415.34
15:53:40	16.276	15.913	15.907	16.492	16.108	16.325	415.42	415.34
15:54:40	16.276	15.914	15.907	16.494	16.108	16.328	415.42	415.34
15:55:40	16.275	15.915	15.906	16.494	16.11	16.318	415.42	415.34
15:56:40	16.273	15.916	15.909	16.491	16.108	16.323	415.42	415.34
15:57:40	16.272	15.914	15.91	16.491	16.106	16.318	415.42	415.34
15:58:40	16.273	15.916	15.912	16.492	16.108	16.321	415.42	415.34
15:59:40	16.271	15.914	15.914	16.497	16.108	16.324	415.42	415.34
16:00:40	16.274	15.914	15.907	16.493	16.108	16.325	415.42	415.34
16:01:40	16.274	15.914	15.907	16.492	16.109	16.326	415.42	415.34
16:02:40	16.273	15.913	15.906	16.493	16.107	16.323	415.42	415.34
16:03:40	16.274	15.915	15.908	16.489	16.111	16.323	415.42	415.34
16:04:40	16.273	15.914	15.91	16.485	16.113	16.32	415.42	415.34
16:05:40	16.273	15.914	15.908	16.485	16.11	16.328	415.42	415.34
16:06:40	16.276	15.914	15.905	16.486	16.105	16.318	415.42	415.34
16:07:40	16.274	15.912	15.909	16.487	16.104	16.317	415.42	415.34
16:08:40	16.272	15.912	15.91	16.486	16.108	16.326	415.42	415.34
16:09:40	16.273	15.91	15.908	16.489	16.107	16.326	415.42	415.34
16:10:40	16.274	15.912	15.908	16.489	16.107	16.326	415.42	415.34
16:11:40	16.273	15.913	15.913	16.49	16.107	16.328	415.42	415.34
16:12:40	16.273	15.911	15.914	16.492	16.107	16.323	415.42	415.34
16:13:40	16.273	15.91	15.911	16.488	16.105	16.321	415.42	415.34
16:14:40	16.271	15.911	15.911	16.49	16.106	16.323	415.42	415.34
16:15:40	16.272	15.909	15.909	16.491	16.107	16.323	415.42	415.34
16:16:40	16.273	15.909	15.905	16.495	16.105	16.325	415.42	415.34
16:17:40	16.273	15.908	15.906	16.498	16.105	16.325	415.42	415.34
16:18:40	16.272	15.906	15.91	16.494	16.105	16.326	415.42	415.34
16:19:40	16.272	15.908	15.906	16.492	16.103	16.323	415.42	415.34
16:20:40	16.273	15.907	15.91	16.494	16.106	16.319	415.42	415.34
16:21:40	16.273	15.905	15.907	16.492	16.106	16.317	415.42	415.34
16:22:40	16.272	15.907	15.907	16.49	16.104	16.32	415.42	415.34
16:23:40	16.271	15.906	15.907	16.491	16.104	16.322	415.42	415.34
16:24:40	16.272	15.905	15.905	16.491	16.105	16.32	415.42	415.34
16:25:40	16.272	15.905	15.908	16.493	16.106	16.317	415.42	415.34
16:26:40	16.272	15.904	15.907	16.488	16.103	16.317	415.42	415.34
16:27:40	16.272	15.904	15.906	16.489	16.103	16.324	415.42	415.34
16:28:40	16.271	15.904	15.904	16.487	16.103	16.324	415.42	415.34
16:29:40	16.272	15.904	15.903	16.49	16.103	16.319	415.42	415.34
16:30:40	16.272	15.903	15.903	16.49	16.102	16.323	415.42	415.34
16:31:40	16.272	15.903	15.904	16.49	16.102	16.327	415.42	415.34
16:32:40	16.272	15.904	15.905	16.486	16.102	16.328	415.42	415.34
16:33:40	16.272	15.905	15.907	16.488	16.103	16.33	415.42	415.34
16:34:40	16.271	15.904	15.906	16.489	16.103	16.329	415.42	415.34
16:35:40	16.268	15.904	15.905	16.489	16.102	16.329	415.42	415.34
16:36:40	16.268	15.903	15.909	16.49	16.101	16.325	415.42	415.34
16:37:42	16.27	15.902	15.914	16.49	16.101	16.327	415.42	415.34
16:38:40	16.269	15.902	15.91	16.492	16.1	16.322	415.42	415.34
16:39:40	16.269	15.903	15.911	16.491	16.1	16.321	415.42	415.34
16:40:40	16.271	15.903	15.909	16.491	16.1	16.323	415.42	415.34
16:41:40	16.269	15.902	15.906	16.492	16.101	16.324	415.42	415.34
16:42:40	16.27	15.901	15.908	16.496	16.099	16.323	415.42	415.34
16:43:40	16.268	15.901	15.908	16.492	16.098	16.324	415.42	415.34
16:44:40	16.269	15.9	15.912	16.491	16.097	16.329	415.42	415.34
16:45:40	16.269	15.899	15.91	16.49	16.097	16.324	415.42	415.34
16:46:40	16.27	15.899	15.907	16.491	16.098	16.322	415.42	415.34
16:47:40	16.269	15.898	15.91	16.489	16.1	16.324	415.42	415.34
16:48:40	16.267	15.899	15.912	16.486	16.1	16.325	415.42	415.34
16:49:40	16.268	15.899	15.915	16.485	16.099	16.323	415.42	415.34
16:50:40	16.27	15.899	15.909	16.484	16.099	16.325	415.42	415.34
16:51:40	16.268	15.9	15.909	16.485	16.098	16.319	415.42	415.34
16:52:40	16.267	15.898	15.909	16.484	16.096	16.318	415.42	415.34
16:53:40	16.268	15.9	15.91	16.485	16.097	16.319	415.42	415.34
16:54:40	16.27	15.897	15.908	16.485	16.097	16.324	415.42	415.34
16:55:40	16.269	15.897	15.911	16.487	16.096	16.326	415.42	415.34
16:56:40	16.266	15.898	15.91	16.492	16.095	16.321	415.42	415.34
16:57:41	16.267	15.898	15.907	16.492	16.095	16.32	415.42	415.34
16:58:40	16.267	15.898	15.906	16.491	16.094	16.321	415.42	415.34
16:59:41	16.267	15.896	15.905	16.491	16.095	16.317	415.42	415.34
17:00:40	0.0	15.895	15.903	16.492	16.094	16.317	415.42	415.34
17:01:40	16.264	15.893	15.907	16.486	16.093	16.322	415.42	415.34
17:02:40	16.263	15.893	15.909	16.484	16.095	16.319	415.42	415.34
17:03:40	16.264	15.893	15.914	16.48	16.096	16.316	415.42	415.34
17:04:40	16.264	15.893	15.91	16.476	16.094	16.315	415.42	415.34
17:05:40	16.265	15.891	15.908	16.48	16.096	16.32	415.42	415.34
17:06:40	16.266	15.892	15.905	16.485	16.094	16.322	415.42	415.34
17:07:40	0.0	15.893	15.904	16.495	16.094	16.32	415.42	415.34
17:08:40	16.267	15.892	15.903	16.492	16.094	16.319	415.42	415.34
17:09:40	16.267	15.892	15.903	16.494	16.094	16.32	415.42	415.34
17:10:40	0.0	15.892	15.908	16.493	16.095	16.323	415.42	415.34
17:11:40	16.268	15.894	15.91	16.486	16.095	16.32	415.42	415.34
17:12:40	16.269	15.895	15.906	16.476	16.096	16.323	415.42	415.34
17:13:40	16.266	15.894	15.906	16.482	16.095	16.315	415.42	415.34
17:14:40	16.267	15.894	15.906	16.49	16.094	16.312	415.42	415.34
17:15:40	16.268	15.895	15.903	16.494	16.095	16.317	415.42	415.34
17:16:40	16.265	15.894	15.904	16.488	16.093	16.318	415.42	415.34
17:17:40	16.265	15.893	15.901	16.484	16.094	16.323	415.42	415.34
17:18:40	16.263	15.892	15.899	16.482	16.093	16.322	415.42	415.34
17:19:40	16.263	15.891	15.905	16.483	16.093	16.316	415.42	415.34
17:20:40	16.264	15.892	15.904	16.484	16.093	16.318	415.42	415.34
17:21:40	16.263	15.891	15.904	16.485	16.093	16.321	415.42	415.34
17:22:40	16.263	15.89	15.909	16.479	16.093	16.319	415.42	415.34
17:23:40	16.263	15.89	15.906	16.482	16.093	16.32	415.42	415.34
17:24:40	16.263	15.89	15.91	16.487	16.093	16.315	415.42	415.34
17:25:40	16.263	15.891	15.907	16.482	16.091	16.318	415.42	415.34
17:26:40	16.261	15.889	15.906	16.482	16.089	16.317	415.42	415.34
17:27:40	16.263	15.888	15.905	16.485	16.087	16.32	415.42	415.34
17:28:40	16.264	15.887	15.905	16.487	16.088	16.312	415.42	415.34
17:29:40	16.264	15.889	15.907	16.488	16.09	16.315	415.42	415.34
17:30:40	16.263	15.889	15.908	16.488	16.09	16.318	415.42	415.34
17:31:40	16.264	15.889	15.905	16.486	16.091	16.316	415.42	415.34
17:32:40	16.264	15.888	15.904	16.485	16.092	16.313	415.42	415.34
17:33:40	16.263	15.888	15.909	16.486	16.092	16.316	415.42	415.34
17:34:40	16.262	15.889	15.908	16.488	16.091	16.32	415.42	415.34
17:35:40	16.261	15.89	15.906	16.485	16.093	16.317	415.42	415.34
17:36:40	16.259	15.889	15.9	16.485	16.092	16.321	415.42	415.34
17:37:40	16.259	15.887	15.899	16.488	16.091	16.315	415.42	415.34
17:38:40	16.258	15.886	15.903	16.482	16.09	16.315	415.42	415.34
17:39:40	16.26	15.886	15.903	16.481	16.089	16.315	415.42	415.34
17:40:40	16.259	15.885	15.904	16.479	16.09	16.32	415.42	415.34
17:41:40	16.259	15.887	15.904	16.484	16.089	16.318	415.42	415.34
17:42:40	16.261	15.888	15.904	16.486	16.091	16.313	415.42	415.34
17:43:40	16.26	15.887	15.904	16.484	16.09	16.315	415.42	415.34
17:44:40	16.26	15.886	15.903	16.479	16.089	16.317	415.42	415.34
17:45:41	16.258	15.885	15.904	16.48	16.086	16.309	415.42	415.34
17:46:40	16.258	15.883	15.9	16.479	16.086	16.315	415.42	415.34
17:47:40	16.257	15.882	15.901	16.478	16.085	16.318	415.42	415.34
17:48:40	16.255	15.882	15.901	16.476	16.086	16.318	415.42	415.34
17:49:40	16.254	15.884	15.9	16.478	16.086	16.315	415.42	415.34
17:50:40	16.253	15.883	15.904	16.478	16.086	16.31	415.42	415.34
17:51:40	16.254	15.883	15.904	16.482	16.087	16.32	415.42	415.34
17:52:40	16.254	15.882	15.904	16.48	16.087	16.319	415.42	415.34
17:53:40	16.254	15.881	15.902	16.474	16.085	16.312	415.42	415.34
17:54:40	16.254	15.882	15.901	16.473	16.085	16.316	415.42	415.34
17:55:40	16.254	15.88	15.898	16.478	16.084	16.321	415.42	415.34
17:56:40	16.255	15.879	15.899	16.475	16.084	16.319	415.42	415.34
17:57:40	16.254	15.879	15.898	16.479	16.085	16.315	415.42	415.34
17:58:40	16.256	15.881	15.899	16.477	16.086	16.317	415.42	415.34
17:59:40	16.256	15.88	15.9	16.482	16.086	16.315	415.42	415.34
18:00:40	16.256	15.88	15.903	16.477	16.086	16.315	415.42	415.34
18:01:40	16.255	15.88	15.902	16.479	16.086	16.316	415.42	415.34
18:02:40	16.257	15.882	15.898	16.472	16.085	16.32	415.42	415.34
18:03:40	16.257	15.882	15.897	16.473	16.086	16.32	415.42	415.34
18:04:40	16.255	15.879	15.899	16.476	16.084	16.317	415.42	415.34
18:05:40	16.257	15.878	15.899	16.478	16.084	16.315	415.42	415.34
18:06:40	16.255	15.877	15.898	16.475	16.081	16.317	415.42	415.34
18:07:40	16.252	15.877	15.896	16.473	16.082	16.317	415.42	415.34
18:08:40	16.255	15.878	15.895	16.474	16.081	16.315	415.42	415.34
18:09:40	16.253	15.877	15.895	16.474	16.083	16.315	415.42	415.34
18:10:40	16.25	15.877	15.898	16.474	16.082	16.317	415.42	415.34
18:11:40	16.252	15.878	15.895	16.474	16.08	16.314	415.42	415.34
18:12:40	16.251	15.877	15.897	16.472	16.079	16.316	415.42	415.34
18:13:40	16.25	15.878	15.898	16.47	16.08	16.314	415.42	415.34
18:14:40	16.249	15.879	15.896	16.471	16.079	16.306	415.42	415.34
18:15:40	16.249	15.877	15.895	16.473	16.08	16.301	415.42	415.34
18:16:40	16.25	15.878	15.897	16.478	16.082	16.304	415.42	415.34
18:17:40	16.25	15.878	15.894	16.476	16.082	16.309	415.42	415.34
18:18:40	16.25	15.878	15.895	16.474	16.081	16.312	415.42	415.34
18:19:40	16.251	15.877	15.893	16.473	16.082	16.305	415.42	415.34
18:20:40	16.249	15.874	15.893	16.473	16.081	16.315	415.42	415.34
18:21:40	16.249	15.874	15.896	16.474	16.079	16.31	415.42	415.34
18:22:40	16.249	15.875	15.894	16.47	16.081	16.309	415.42	415.34
18:23:40	16.249	15.875	15.893	16.466	16.084	16.312	415.42	415.34
18:24:41	16.25	15.874	15.892	16.467	16.083	16.314	415.42	415.34
18:25:40	0.0	15.874	15.897	16.472	16.082	16.318	415.42	415.34
18:26:42	16.247	15.872	15.894	16.467	16.081	16.315	415.42	415.34
18:27:40	16.244	15.873	15.892	16.468	16.083	16.316	415.42	415.34
18:28:40	16.246	15.873	15.89	16.47	16.081	16.315	415.42	415.34
18:29:40	16.247	15.874	15.895	16.472	16.08	16.318	415.42	415.34
18:30:40	16.246	15.873	15.896	16.472	16.079	16.311	415.42	415.34
18:31:40	16.248	15.873	15.897	16.475	16.082	16.307	415.42	415.34
18:32:40	16.247	15.873	15.897	16.476	16.08	16.313	415.42	415.34
18:33:40	16.247	15.871	15.9	16.474	16.081	16.308	415.42	415.34
18:34:40	16.246	15.873	15.896	16.473	16.08	16.308	415.42	415.34
18:35:40	16.244	15.872	15.893	16.468	16.079	16.307	415.42	415.34
18:36:40	16.244	15.87	15.89	16.466	16.08	16.306	415.42	415.34
18:37:40	16.242	15.87	15.892	16.465	16.077	16.307	415.42	415.34
18:38:40	16.244	15.869	15.893	16.465	16.078	16.31	415.42	415.34
18:39:40	16.244	15.867	15.897	16.465	16.078	16.303	415.42	415.34
18:40:40	16.245	15.867	15.897	16.469	16.079	16.301	415.42	415.34
18:41:40	16.245	15.866	15.893	16.472	16.081	16.306	415.42	415.34
18:42:40	16.244	15.866	15.892	16.469	16.081	16.312	415.42	415.34
18:43:40	16.242	15.866	15.893	16.467	16.079	16.305	415.42	415.34
18:44:40	16.243	15.867	15.895	16.469	16.076	16.306	415.42	415.34
18:45:40	16.24	15.866	15.896	16.469	16.076	16.3	415.42	415.34
18:46:40	16.241	15.866	15.89	16.466	16.075	16.304	415.42	415.34
18:47:40	16.241	15.867	15.892	16.466	16.075	16.301	415.42	415.34
18:48:40	16.239	15.865	15.892	16.467	16.075	16.303	415.42	415.34
18:49:40	16.241	15.864	15.892	16.473	16.077	16.309	415.42	415.34
18:50:40	16.239	15.864	15.895	16.474	16.078	16.304	415.42	415.34
18:51:40	16.238	15.863	15.894	16.472	16.077	16.296	415.42	415.34
18:52:40	16.24	15.863	15.893	16.469	16.078	16.296	415.42	415.34
18:53:40	16.239	15.864	15.893	16.469	16.078	16.306	415.42	415.34
18:54:40	16.239	15.866	15.894	16.465	16.075	16.304	415.42	415.34
18:55:40	16.242	15.866	15.895	16.466	16.078	16.307	415.42	415.34
18:56:40	16.24	15.865	15.894	16.471	16.077	16.303	415.42	415.34
18:57:40	16.24	15.866	15.894	16.471	16.078	16.307	415.42	415.34
18:58:40	16.241	15.866	15.892	16.473	16.078	16.308	415.42	415.34
18:59:40	16.241	15.865	15.89	16.476	16.078	16.312	415.42	415.34
19:00:40	16.242	15.865	15.889	16.478	16.08	16.315	415.42	415.34
19:01:40	16.239	15.865	15.893	16.476	16.079	16.308	415.42	415.34
19:02:40	16.24	15.866	15.894	16.477	16.08	16.31	415.42	415.34
19:03:40	16.24	15.866	15.891	16.473	16.078	16.31	415.42	415.34
19:04:40	16.241	15.866	15.888	16.47	16.08	16.311	415.42	415.34
19:05:40	16.242	15.866	15.892	16.463	16.078	16.312	415.42	415.34
19:06:40	16.241	15.866	15.894	16.457	16.077	16.308	415.42	415.34
19:07:40	16.239	15.865	15.896	16.454	16.079	16.303	415.42	415.34
19:08:40	16.24	15.865	15.891	16.456	16.077	16.303	415.42	415.34
19:09:40	16.24	15.866	15.89	16.458	16.081	16.307	415.42	415.34
19:10:40	16.239	15.866	15.89	16.46	16.076	16.308	415.42	415.34
19:11:40	16.238	15.864	15.886	16.461	16.076	16.31	415.42	415.34
19:12:40	16.238	15.864	15.888	16.469	16.075	16.306	415.42	415.34
19:13:40	16.238	15.863	15.888	16.466	16.073	16.309	415.42	415.34
19:14:40	16.238	15.862	15.891	16.46	16.076	16.305	415.42	415.34
19:15:40	16.238	15.862	15.89	16.457	16.074	16.301	415.42	415.34
19:16:40	16.239	15.862	15.887	16.458	16.075	16.307	415.42	415.34
19:17:40	16.238	15.861	15.888	16.458	16.071	16.308	415.42	415.34
19:18:40	16.236	15.861	15.887	16.461	16.074	16.302	415.42	415.34
19:19:40	16.236	15.86	15.888	16.459	16.075	16.303	415.42	415.34
19:20:40	16.236	15.859	15.891	16.46	16.075	16.305	415.42	415.34
19:21:40	16.235	15.861	15.888	16.459	16.076	16.307	415.42	415.34
19:22:40	16.236	15.859	15.888	16.459	16.073	16.304	415.42	415.34
19:23:40	16.236	15.86	15.885	16.46	16.075	16.308	415.42	415.34
19:24:40	16.235	15.861	15.884	16.46	16.073	16.301	415.42	415.34
19:25:40	16.233	15.86	15.89	16.459	16.075	16.298	415.42	415.34
19:26:40	16.234	15.86	15.888	16.458	16.076	16.305	415.42	415.34
19:27:40	16.234	15.86	15.887	16.464	16.077	16.297	415.42	415.34
19:28:40	16.235	15.859	15.89	16.461	16.074	16.301	415.42	415.34
19:29:40	16.233	15.858	15.89	16.461	16.074	16.305	415.42	415.34
19:30:40	16.234	15.859	15.891	16.461	16.075	16.299	415.42	415.34
19:31:40	16.234	15.859	15.891	16.466	16.075	16.302	415.42	415.34
19:32:40	16.234	15.859	15.893	16.466	16.076	16.309	415.42	415.34
19:33:40	16.235	15.86	15.891	16.466	16.078	16.308	415.42	415.34
19:34:40	16.234	15.86	15.892	16.463	16.076	16.301	415.42	415.34
19:35:40	16.236	15.859	15.887	16.459	16.073	16.304	415.42	415.34
19:36:40	16.236	15.859	15.885	16.454	16.074	16.307	415.42	415.34
19:37:40	16.235	15.86	15.89	16.453	16.075	16.311	415.42	415.34
19:38:40	16.235	15.86	15.887	16.455	16.075	16.312	415.42	415.34
19:39:40	16.234	15.86	15.888	16.459	16.074	16.301	415.42	415.34
19:40:40	16.233	15.86	15.888	16.462	16.073	16.303	415.42	415.34
19:41:40	16.233	15.86	15.885	16.464	16.073	16.308	415.42	415.34
19:42:40	16.232	15.858	15.887	16.467	16.075	16.31	415.42	415.34
19:43:40	16.231	15.858	15.889	16.465	16.074	16.305	415.42	415.34
19:44:40	16.23	15.855	15.886	16.464	16.072	16.303	415.42	415.34
19:45:40	16.233	15.858	15.887	16.46	16.074	16.302	415.42	415.34
19:46:40	16.232	15.857	15.888	16.449	16.075	16.307	415.42	415.34
19:47:40	16.232	15.857	15.89	16.452	16.078	16.311	415.42	415.34
19:48:40	16.231	15.857	15.886	16.454	16.077	16.308	415.42	415.34
19:49:40	16.232	15.857	15.888	16.456	16.074	16.305	415.42	415.34
19:50:40	16.231	15.854	15.886	16.457	16.074	16.301	415.42	415.34
19:51:40	16.234	15.857	15.883	16.458	16.072	16.301	415.42	415.34
19:52:40	16.233	15.856	15.883	16.457	16.075	16.304	415.42	415.34
19:53:40	16.231	15.855	15.883	16.457	16.069	16.308	415.42	415.34
19:54:40	16.232	15.857	15.886	16.457	16.074	16.302	415.42	415.34
19:55:40	16.232	15.856	15.886	16.455	16.075	16.304	415.42	415.34
19:56:40	16.23	15.855	15.887	16.454	16.074	16.302	415.42	415.34
19:57:40	16.231	15.856	15.887	16.452	16.075	16.308	415.42	415.34
19:58:40	16.232	15.856	15.886	16.455	16.073	16.311	415.42	415.34
19:59:40	16.232	15.857	15.888	16.456	16.074	16.304	415.42	415.34
20:00:41	16.232	15.856	15.887	16.455	16.074	16.297	415.42	415.34
20:01:42	16.231	15.855	15.891	16.454	16.075	16.303	415.42	415.34
20:02:41	16.232	15.856	15.891	16.456	16.074	16.305	415.42	415.34
20:03:41	16.231	15.855	15.89	16.452	16.072	16.307	415.42	415.34
20:04:42	16.231	15.856	15.89	16.452	16.071	16.31	415.42	415.34
20:05:41	16.229	15.855	15.892	16.454	16.071	16.309	415.42	415.34
20:06:42	16.228	15.853	15.892	16.453	16.069	16.297	415.42	415.34
20:07:41	16.227	15.852	15.893	16.45	16.07	16.3	415.42	415.34
20:08:42	16.228	15.852	15.887	16.452	16.071	16.3	415.42	415.34
20:09:41	0.0	15.851	15.885	16.455	16.074	16.304	415.42	415.34
20:10:42	16.228	15.85	15.884	16.451	16.07	16.301	415.42	415.34
20:11:42	16.225	15.851	15.886	16.454	16.07	16.297	415.42	415.34
20:12:43	16.227	15.85	15.888	16.451	16.068	16.305	415.42	415.34
20:13:42	16.227	15.853	15.886	16.453	16.069	16.306	415.42	415.34
20:14:41	16.222	15.851	15.884	16.453	16.069	16.308	415.42	415.34
20:15:41	16.225	15.85	15.883	16.45	16.069	16.305	415.42	415.34
20:16:41	16.224	15.85	15.885	16.452	16.07	16.299	415.42	415.34
20:17:42	16.224	15.85	15.883	16.452	16.072	16.307	415.42	415.34
20:18:42	16.227	15.85	15.885	16.451	16.07	16.301	415.42	415.34
20:19:41	16.226	15.849	15.888	16.447	16.069	16.299	415.42	415.34
20:20:42	16.226	15.851	15.886	16.447	16.07	16.297	415.42	415.34
20:21:41	16.225	15.849	15.88	16.452	16.071	16.296	415.42	415.34
20:22:41	16.225	15.85	15.881	16.455	16.068	16.293	415.42	415.34
20:23:41	16.224	15.85	15.883	16.451	16.068	16.3	415.42	415.34
20:24:42	16.225	15.849	15.883	16.448	16.066	16.302	415.42	415.34
20:25:42	16.226	15.849	15.881	16.448	16.068	16.301	415.42	415.34
20:26:42	16.227	15.851	15.883	16.448	16.07	16.3	415.42	415.34
20:27:42	16.225	15.85	15.883	16.451	16.068	16.293	415.42	415.34
20:28:42	16.223	15.849	15.882	16.459	16.072	16.295	415.42	415.34
20:29:41	16.223	15.85	15.885	16.455	16.07	16.296	415.42	415.34
20:30:41	16.224	15.85	15.88	16.453	16.071	16.294	415.42	415.34
20:31:41	16.223	15.85	15.88	16.448	16.069	16.295	415.42	415.34
20:32:41	16.225	15.848	15.878	16.446	16.07	16.297	415.42	415.34
20:33:42	16.224	15.848	15.878	16.448	16.071	16.302	415.42	415.34
20:34:42	16.225	15.846	15.879	16.45	16.071	16.309	415.42	415.34
20:35:41	16.225	15.846	15.878	16.451	16.068	16.306	415.42	415.34
20:36:42	16.225	15.847	15.88	16.447	16.065	16.298	415.42	415.34
20:37:42	16.226	15.845	15.879	16.444	16.068	16.301	415.42	415.34
20:38:42	16.224	15.845	15.877	16.444	16.068	16.3	415.42	415.34
20:39:41	16.223	15.847	15.877	16.448	16.068	16.298	415.42	415.34
20:40:41	16.223	15.846	15.876	16.443	16.068	16.299	415.42	415.34
20:41:42	16.222	15.846	15.882	16.441	16.069	16.297	415.42	415.34
20:42:42	16.223	15.846	15.88	16.439	16.071	16.294	415.42	415.34
20:43:42	16.222	15.847	15.881	16.44	16.068	16.296	415.42	415.34
20:44:41	16.223	15.846	15.878	16.439	16.067	16.304	415.42	415.34
20:45:42	16.222	15.847	15.877	16.441	16.068	16.307	415.42	415.34
20:46:41	16.222	15.847	15.878	16.447	16.069	16.307	415.42	415.34
20:47:42	16.222	15.847	15.877	16.448	16.071	16.301	415.42	415.34
20:48:43	16.224	15.846	15.881	16.448	16.07	16.294	415.42	415.34
20:49:42	16.222	15.846	15.881	16.446	16.069	16.304	415.42	415.34
20:50:41	16.221	15.845	15.879	16.447	16.072	16.305	415.42	415.34
20:51:42	16.219	15.844	15.878	16.448	16.07	16.303	415.42	415.34
20:52:42	16.222	15.845	15.883	16.447	16.069	16.297	415.42	415.34
20:53:42	16.223	15.846	15.878	16.449	16.069	16.306	415.42	415.34
20:54:41	16.224	15.847	15.879	16.451	16.068	16.31	415.42	415.34
20:55:41	16.223	15.846	15.884	16.451	16.068	16.297	415.42	415.34
20:56:42	16.22	15.847	15.883	16.453	16.071	16.295	415.42	415.34
20:57:41	16.223	15.848	15.882	16.455	16.071	16.298	415.42	415.34
20:58:42	16.223	15.848	15.883	16.45	16.069	16.304	415.42	415.34
20:59:42	16.224	15.848	15.877	16.448	16.07	16.3	415.42	415.34
21:00:42	16.224	15.847	15.878	16.445	16.071	16.296	415.42	415.34
21:01:42	16.224	15.847	15.881	16.443	16.071	16.298	415.42	415.34
21:02:42	16.225	15.846	15.88	16.442	16.072	16.304	415.42	415.34
21:03:42	16.226	15.848	15.877	16.443	16.072	16.301	415.42	415.34
21:04:42	16.224	15.847	15.877	16.443	16.071	16.303	415.42	415.34
21:05:41	16.223	15.846	15.875	16.448	16.07	16.302	415.42	415.34
21:06:41	16.224	15.845	15.873	16.45	16.071	16.305	415.42	415.34
21:07:42	16.223	15.844	15.871	16.449	16.071	16.304	415.42	415.34
21:08:42	16.223	15.844	15.872	16.449	16.071	16.305	415.42	415.34
21:09:42	16.221	15.846	15.874	16.446	16.072	16.308	415.42	415.34
21:10:42	16.221	15.846	15.873	16.452	16.071	16.306	415.42	415.34
21:11:42	16.219	15.846	15.876	16.456	16.07	16.301	415.42	415.34
21:12:42	16.219	15.845	15.878	16.451	16.07	16.304	415.42	415.34
21:13:42	16.22	15.844	15.877	16.449	16.071	16.3	415.42	415.34
21:14:41	16.219	15.845	15.878	16.443	16.069	16.295	415.42	415.34
21:15:42	16.221	15.845	15.878	16.441	16.069	16.299	415.42	415.34
21:16:42	16.221	15.845	15.878	16.441	16.069	16.301	415.42	415.34
21:17:42	16.222	15.846	15.879	16.44	16.068	16.305	415.42	415.34
21:18:42	16.221	15.845	15.879	16.443	16.07	16.301	415.42	415.34
21:19:42	16.22	15.845	15.877	16.444	16.068	16.301	415.42	415.34
21:20:42	16.219	15.845	15.876	16.451	16.068	16.306	415.42	415.34
21:21:42	16.22	15.844	15.874	16.451	16.068	16.306	415.42	415.34
21:22:42	16.219	15.845	15.873	16.455	16.07	16.302	415.42	415.34
21:23:42	16.219	15.845	15.873	16.45	16.071	16.304	415.42	415.34
21:24:42	16.219	15.845	15.876	16.442	16.07	16.303	415.42	415.34
21:25:41	16.218	15.845	15.874	16.438	16.07	16.304	415.42	415.34
21:26:42	16.218	15.844	15.874	16.439	16.071	16.308	415.42	415.34
21:27:43	16.218	15.844	15.87	16.44	16.072	16.304	415.42	415.34
21:28:42	16.219	15.842	15.871	16.439	16.069	16.304	415.42	415.34
21:29:42	16.217	15.844	15.873	16.439	16.071	16.299	415.42	415.34
21:30:42	16.217	15.844	15.873	16.441	16.068	16.306	415.42	415.34
21:31:42	16.217	15.843	15.871	16.441	16.068	16.303	415.42	415.34
21:32:42	16.217	15.843	15.872	16.443	16.07	16.303	415.42	415.34
21:33:42	16.217	15.842	15.874	16.443	16.068	16.3	415.42	415.34
21:34:42	16.215	15.841	15.874	16.445	16.067	16.309	415.42	415.34
21:35:42	16.215	15.841	15.873	16.444	16.068	16.308	415.42	415.34
21:36:41	16.216	15.841	15.871	16.443	16.068	16.31	415.42	415.34
21:37:42	16.214	15.841	15.872	16.445	16.068	16.311	415.42	415.34
21:38:42	16.212	15.841	15.87	16.445	16.071	16.305	415.42	415.34
21:39:41	16.214	15.841	15.874	16.443	16.069	16.307	415.42	415.34
21:40:42	16.215	15.842	15.873	16.445	16.068	16.299	415.42	415.34
21:41:42	16.216	15.841	15.875	16.448	16.068	16.296	415.42	415.34
21:42:42	16.217	15.841	15.875	16.451	16.065	16.298	415.42	415.34
21:43:42	16.217	15.842	15.875	16.446	16.067	16.298	415.42	415.34
21:44:42	16.216	15.84	15.878	16.445	16.069	16.3	415.42	415.34
21:45:42	16.218	15.841	15.878	16.444	16.072	16.306	415.42	415.34
21:46:42	16.216	15.841	15.88	16.449	16.07	16.311	415.42	415.34
21:47:42	16.218	15.842	15.877	16.448	16.07	16.308	415.42	415.34
21:48:41	16.22	15.842	15.876	16.445	16.07	16.301	415.42	415.34
21:49:42	16.219	15.84	15.88	16.444	16.07	16.305	415.42	415.34
21:50:42	16.218	15.842	15.878	16.444	16.071	16.298	415.42	415.34
21:51:42	16.218	15.842	15.876	16.439	16.07	16.303	415.42	415.34
21:52:42	16.217	15.842	15.874	16.444	16.07	16.305	415.42	415.34
21:53:41	16.217	15.843	15.876	16.447	16.07	16.303	415.42	415.34
21:54:42	16.218	15.844	15.874	16.446	16.071	16.307	415.42	415.34
21:55:42	16.217	15.843	15.871	16.449	16.072	16.309	415.42	415.34
21:56:42	16.218	15.841	15.872	16.448	16.07	16.31	415.42	415.34
21:57:42	16.218	15.842	15.875	16.447	16.072	16.306	415.42	415.34
21:58:42	16.219	15.842	15.872	16.447	16.071	16.309	415.42	415.34
21:59:41	16.218	15.842	15.869	16.454	16.072	16.309	415.42	415.34
22:00:42	16.219	15.843	15.873	16.458	16.072	16.303	415.42	415.34
22:01:42	16.218	15.843	15.875	16.458	16.072	16.307	415.42	415.34
22:02:42	16.217	15.841	15.875	16.455	16.072	16.305	415.42	415.34
22:03:42	16.217	15.842	15.874	16.445	16.07	16.308	415.42	415.34
22:04:42	16.217	15.842	15.874	16.439	16.07	16.311	415.42	415.34
22:05:42	16.216	15.841	15.873	16.435	16.073	16.312	415.42	415.34
22:06:42	16.216	15.841	15.872	16.439	16.072	16.306	415.42	415.34
22:07:41	16.216	15.84	15.874	16.443	16.073	16.307	415.42	415.34
22:08:42	16.216	15.842	15.874	16.448	16.073	16.312	415.42	415.34
22:09:41	16.217	15.842	15.873	16.445	16.073	16.311	415.42	415.34
22:10:42	16.217	15.842	15.871	16.443	16.074	16.309	415.42	415.34
22:11:42	16.217	15.843	15.872	16.445	16.071	16.303	415.42	415.34
22:12:43	16.214	15.842	15.871	16.445	16.07	16.306	415.42	415.34
22:13:42	16.214	15.842	15.871	16.444	16.072	16.304	415.42	415.34
22:14:41	16.213	15.841	15.877	16.441	16.074	16.304	415.42	415.34
22:15:42	16.213	15.841	15.876	16.442	16.072	16.305	415.42	415.34
22:16:41	16.215	15.841	15.876	16.443	16.074	16.305	415.42	415.34
22:17:42	16.215	15.842	15.874	16.443	16.073	16.308	415.42	415.34
22:18:42	16.216	15.843	15.876	16.447	16.073	16.31	415.42	415.34
22:19:42	16.214	15.842	15.869	16.445	16.074	16.308	415.42	415.34
22:20:42	16.216	15.843	15.873	16.443	16.075	16.302	415.42	415.34
22:21:42	16.216	15.842	15.875	16.441	16.075	16.302	415.42	415.34
22:22:42	16.217	15.843	15.875	16.447	16.075	16.3	415.42	415.34
22:23:42	16.216	15.843	15.871	16.448	16.074	16.296	415.42	415.34
22:24:42	16.217	15.842	15.873	16.445	16.076	16.301	415.42	415.34
22:25:42	16.216	15.843	15.872	16.445	16.076	16.307	415.42	415.34
22:26:42	16.217	15.843	15.875	16.448	16.075	16.307	415.42	415.34
22:27:42	16.216	15.841	15.873	16.448	16.074	16.308	415.42	415.34
22:28:42	16.214	15.843	15.874	16.449	16.075	16.31	415.42	415.34
22:29:42	16.216	15.842	15.878	16.449	16.076	16.303	415.42	415.34
22:30:42	16.217	15.843	15.875	16.45	16.075	16.303	415.42	415.34
22:31:42	16.215	15.842	15.876	16.452	16.075	16.307	415.42	415.34
22:32:41	16.215	15.841	15.88	16.456	16.073	16.305	415.42	415.34
22:33:42	16.215	15.839	15.879	16.452	16.074	16.3	415.42	415.34
22:34:42	16.215	15.839	15.875	16.445	16.072	16.304	415.42	415.34
22:35:43	16.216	15.838	15.872	16.447	16.073	16.303	415.42	415.34
22:36:42	16.215	15.84	15.871	16.454	16.073	16.306	415.42	415.34
22:37:42	16.214	15.84	15.876	16.459	16.074	16.299	415.42	415.34
22:38:42	16.215	15.841	15.874	16.458	16.073	16.299	415.42	415.34
22:39:42	16.215	15.84	15.877	16.461	16.073	16.295	415.42	415.34
22:40:42	16.215	15.842	15.879	16.464	16.075	16.302	415.42	415.34
22:41:42	16.215	15.841	15.877	16.47	16.076	16.304	415.42	415.34
22:42:42	16.216	15.841	15.878	16.477	16.075	16.305	415.42	415.34
22:43:42	16.215	15.841	15.88	16.477	16.076	16.306	415.42	415.34
22:44:41	16.215	15.841	15.885	16.474	16.076	16.302	415.42	415.34
22:45:42	16.212	15.84	15.882	16.471	16.077	16.3	415.42	415.34
22:46:41	16.212	15.841	15.885	16.472	16.075	16.302	415.42	415.34
22:47:42	16.213	15.841	15.886	16.472	16.075	16.299	415.42	415.34
22:48:42	16.214	15.841	15.883	16.472	16.076	16.3	415.42	415.34
22:49:42	16.215	15.84	15.884	16.474	16.076	16.295	415.42	415.34
22:50:42	16.214	15.841	15.883	16.476	16.076	16.3	415.42	415.34
22:51:42	16.214	15.841	15.885	16.479	16.076	16.3	415.42	415.34
22:52:42	16.214	15.842	15.886	16.474	16.076	16.295	415.42	415.34
22:53:42	16.214	15.842	15.887	16.471	16.074	16.295	415.42	415.34
22:54:42	16.214	15.841	15.884	16.48	16.076	16.3	415.42	415.34
22:55:42	16.216	15.84	15.888	16.482	16.074	16.296	415.42	415.34
22:56:42	16.215	15.839	15.884	16.482	16.073	16.299	415.42	415.34
22:57:42	16.216	15.84	15.884	16.48	16.073	16.299	415.42	415.34
22:58:42	16.217	15.839	15.884	16.475	16.073	16.296	415.42	415.34
22:59:41	16.214	15.838	15.887	16.47	16.073	16.299	415.42	415.34
23:00:42	16.214	15.838	15.89	16.467	16.073	16.303	415.42	415.34
23:01:42	16.214	15.838	15.887	16.461	16.074	16.303	415.42	415.34
23:02:42	16.21	15.837	15.886	16.458	16.076	16.305	415.42	415.34
23:03:42	16.21	15.838	15.886	16.458	16.076	16.297	415.42	0.0
23:04:42	16.212	15.838	15.884	16.461	16.076	16.302	415.42	415.34
23:05:42	0.0	15.838	15.886	16.466	16.075	16.301	415.42	415.34
23:06:42	16.214	15.84	15.886	16.463	16.076	16.297	415.42	415.34
23:07:42	16.212	15.838	15.885	16.461	16.076	16.3	415.42	415.34
23:08:42	16.212	15.838	15.886	16.462	16.074	16.298	415.42	415.34
23:09:42	16.213	15.838	15.883	16.46	16.074	16.296	415.42	415.34
23:10:42	16.213	15.838	15.883	16.456	16.072	16.3	415.42	415.34
23:11:42	16.212	15.836	15.884	16.457	16.072	16.299	415.42	415.34
23:12:42	16.212	15.837	15.884	16.465	16.073	16.297	415.42	415.34
23:13:42	16.212	15.835	15.884	16.467	16.071	16.296	415.42	415.34
23:14:42	16.212	15.836	15.881	16.466	16.075	16.303	415.42	415.34
23:15:42	16.209	15.836	15.884	16.461	16.074	16.302	415.42	415.34
23:16:42	16.208	15.838	15.883	16.466	16.074	16.301	415.42	415.34
23:17:42	16.209	15.837	15.886	16.468	16.075	16.302	415.42	415.34
23:18:42	16.21	15.839	15.884	16.465	16.076	16.301	415.42	415.34
23:19:42	16.211	15.838	15.886	16.463	16.075	16.304	415.42	415.34
23:20:43	16.21	15.838	15.883	16.463	16.075	16.297	415.42	415.34
23:21:42	16.211	15.838	15.883	16.465	16.074	16.302	415.42	415.34
23:22:42	16.211	15.838	15.885	16.464	16.076	16.3	415.42	415.34
23:23:41	16.213	15.838	15.881	16.459	16.075	16.299	415.42	415.34
23:24:42	16.213	15.837	15.881	16.455	16.074	16.299	415.42	415.34
23:25:42	16.214	15.837	15.881	16.457	16.074	16.301	415.42	415.34
23:26:41	16.215	15.838	15.882	16.465	16.076	16.303	415.42	415.34
23:27:42	16.213	15.839	15.882	16.462	16.075	16.301	415.42	415.34
23:28:42	16.212	15.838	15.884	16.463	16.077	16.302	415.42	415.34
23:29:42	16.212	15.839	15.883	16.468	16.076	16.303	415.42	415.34
23:30:42	16.211	15.838	15.881	16.466	16.076	16.303	415.42	415.34
23:31:42	16.213	15.839	15.883	16.461	16.075	16.297	415.42	415.34
23:32:42	16.213	15.839	15.885	16.463	16.073	16.3	415.42	415.34
23:33:42	16.214	15.838	15.88	16.469	16.074	16.301	415.42	415.34
23:34:42	16.214	15.839	15.88	16.469	16.076	16.304	415.42	415.34
23:35:42	16.216	15.84	15.88	16.468	16.076	16.305	415.42	415.34
23:36:42	16.213	15.839	15.881	16.465	16.076	16.306	415.42	415.34
23:37:42	16.212	15.839	15.88	16.466	16.075	16.3	415.42	415.34
23:38:42	16.213	15.84	15.88	16.465	16.077	16.302	415.42	415.34
23:39:42	16.213	15.839	15.88	16.465	16.075	16.3	415.42	415.34
23:40:42	16.211	15.839	15.883	16.463	16.075	16.299	415.42	415.34
23:41:42	16.211	15.838	15.883	16.461	16.075	16.301	415.42	415.34
23:42:42	16.212	15.837	15.885	16.462	16.076	16.295	415.42	415.34
23:43:42	16.211	15.837	15.88	16.464	16.073	16.299	415.42	415.34
23:44:41	16.21	15.836	15.881	16.463	16.074	16.302	415.42	415.34
23:45:42	16.21	15.836	15.884	16.46	16.073	16.3	415.42	415.34
23:46:42	16.208	15.835	15.885	16.459	16.072	16.3	415.42	415.34
23:47:42	16.207	15.835	15.885	16.457	16.072	16.298	415.42	415.34
23:48:42	16.207	15.833	15.882	16.468	16.075	16.297	415.42	415.34
23:49:42	16.209	15.834	15.884	16.468	16.072	16.299	415.42	415.34
23:50:42	16.209	15.834	15.886	16.466	16.075	16.297	415.42	415.34
23:51:42	16.207	15.834	15.882	16.464	16.072	16.304	415.42	415.34
23:52:42	16.208	15.835	15.881	16.465	16.072	16.301	415.42	415.34
23:53:42	16.209	15.835	15.882	16.461	16.072	16.304	415.42	415.34
23:54:42	16.209	15.835	15.884	16.461	16.075	16.3	415.42	415.34
23:55:43	16.208	15.836	15.885	16.458	16.076	16.306	415.42	415.34
23:56:42	16.21	15.836	15.881	16.455	16.075	16.306	415.42	415.34
23:57:42	16.212	15.836	15.88	16.454	16.074	16.301	415.42	415.34
23:58:42	16.211	15.837	15.879	16.458	16.073	16.296	415.42	415.34
23:59:42	16.212	15.836	15.879	16.465	16.073	16.3	415.42	415.34
