00:00:53	16.633	16.188	15.564	15.833	17.265	17.455	415.42	415.34
00:01:53	16.631	16.191	15.671	16.083	17.265	17.463	415.42	415.34
00:02:53	16.631	16.191	15.722	16.288	17.263	17.461	415.42	415.34
00:03:53	16.631	16.191	15.768	16.391	17.258	17.463	415.42	415.34
00:04:53	16.631	16.189	15.793	16.48	17.238	17.459	415.42	415.34
00:05:53	16.631	16.189	15.819	16.56	17.254	17.466	415.42	415.34
00:06:53	16.631	16.189	15.849	16.601	17.261	17.463	415.42	415.34
00:07:53	16.63	16.19	15.87	16.527	17.257	17.468	415.42	415.34
00:08:53	16.63	16.188	15.839	16.422	17.265	17.46	415.42	415.34
00:09:53	16.631	16.185	15.819	16.338	17.264	17.461	415.42	415.34
00:10:53	16.631	16.186	15.747	16.221	17.257	17.452	415.42	415.34
00:11:53	16.63	16.186	15.697	16.041	17.248	17.462	415.42	415.34
00:12:53	16.63	16.186	15.619	16.044	17.259	17.465	415.42	415.34
00:13:53	16.628	16.189	15.585	15.893	17.249	17.459	415.42	415.34
00:14:53	16.629	16.189	15.572	15.81	17.262	17.461	415.42	415.34
00:15:53	16.629	16.19	15.588	15.802	17.265	17.461	415.42	415.34
00:16:53	16.63	16.19	15.687	16.06	17.26	17.457	415.42	415.34
00:17:53	16.629	16.191	15.745	16.252	17.26	17.46	415.42	415.34
00:18:53	16.63	16.193	15.774	16.435	17.265	17.46	415.42	415.34
00:19:53	16.631	16.191	15.808	16.47	17.265	17.469	415.42	415.34
00:20:53	16.631	16.19	15.823	16.542	17.262	17.461	415.42	415.34
00:21:53	16.631	16.188	15.857	16.622	17.266	17.461	415.42	415.34
00:22:53	16.63	16.189	15.879	16.535	17.262	17.457	415.42	415.34
00:23:53	16.631	16.19	15.838	16.35	17.265	17.455	415.42	415.34
00:24:53	16.631	16.189	15.825	16.263	17.268	17.457	415.42	415.34
00:25:53	16.63	16.188	15.749	16.159	17.26	17.461	415.42	415.34
00:26:53	16.63	16.188	15.69	15.982	17.258	17.463	415.42	415.34
00:27:53	16.63	16.188	15.634	15.784	17.251	17.467	415.42	415.34
00:28:53	16.628	16.185	15.603	15.716	17.246	17.455	415.42	415.34
00:29:53	16.63	16.185	15.595	15.835	17.249	17.459	415.42	415.34
00:30:54	16.631	16.188	15.714	16.134	17.258	17.46	415.42	415.34
00:31:53	0.0	16.186	15.773	16.331	17.267	17.461	415.42	415.34
00:32:53	16.63	16.187	15.807	16.458	17.265	17.458	415.42	415.34
00:33:54	16.63	16.188	15.834	16.581	17.242	17.457	415.42	415.34
00:34:53	16.629	16.189	15.87	16.626	17.258	17.458	415.42	415.34
00:35:53	16.63	16.19	15.905	16.636	17.261	17.453	415.42	415.34
00:36:53	16.631	16.189	15.922	16.525	17.263	17.464	415.42	415.34
00:37:53	16.631	16.189	15.886	16.343	17.259	17.456	415.42	415.34
00:38:53	16.631	16.191	15.789	16.317	17.258	17.455	415.42	415.34
00:39:53	16.63	16.191	15.765	16.309	17.26	17.452	415.42	415.34
00:40:53	16.631	16.193	15.712	16.074	17.263	17.452	415.42	415.34
00:41:53	16.63	16.19	15.664	15.945	17.264	17.46	415.42	415.34
00:42:53	16.631	16.19	15.622	15.897	17.266	17.46	415.42	415.34
00:43:53	16.631	16.188	15.604	15.719	17.261	17.458	415.42	415.34
00:44:53	16.63	16.188	15.603	15.801	17.261	17.457	415.42	415.34
00:45:53	16.631	16.189	15.715	16.078	17.247	17.459	415.42	415.34
00:46:53	16.63	16.187	15.759	16.293	17.248	17.465	415.42	415.34
00:47:53	16.63	16.187	15.808	16.469	17.259	17.46	415.42	415.34
00:48:53	16.629	16.185	15.838	16.534	17.252	17.46	415.42	415.34
00:49:53	16.628	16.186	15.863	16.582	17.243	17.468	415.42	415.34
00:50:53	16.629	16.187	15.888	16.596	17.261	17.46	415.42	415.34
00:51:53	16.629	16.187	15.915	16.533	17.262	17.458	415.42	415.34
00:52:54	16.63	16.188	15.85	16.336	17.246	17.455	415.42	415.34
00:53:53	16.628	16.191	15.778	16.262	17.255	17.462	415.42	415.34
00:54:53	16.628	16.189	15.724	16.085	17.26	17.458	415.42	415.34
00:55:53	16.628	16.19	15.662	15.937	17.242	17.462	415.42	415.34
00:56:53	16.629	16.188	15.629	15.911	17.253	17.455	415.42	415.34
00:57:53	16.63	16.188	15.738	16.145	17.245	17.466	415.42	415.34
00:58:53	16.626	16.188	15.822	16.349	17.25	17.455	415.42	415.34
00:59:53	16.625	16.188	15.847	16.475	17.255	17.454	415.42	415.34
01:00:53	16.626	16.189	15.894	16.624	17.257	17.455	415.42	415.34
01:01:53	16.627	16.189	15.931	16.697	17.257	17.461	415.42	415.34
01:02:53	16.628	16.19	15.966	16.754	17.249	17.461	415.42	415.34
01:03:53	16.627	16.191	15.981	16.667	17.261	17.457	415.42	415.34
01:04:53	16.627	16.189	15.914	16.465	17.258	17.451	415.42	415.34
01:05:53	16.628	16.19	15.829	16.353	17.266	17.457	415.42	415.34
01:06:53	16.63	16.189	15.756	16.231	17.266	17.459	415.42	415.34
01:07:53	16.628	16.189	15.7	16.08	17.269	17.46	415.42	415.34
01:08:54	16.628	16.19	15.644	15.826	17.261	17.456	415.42	415.34
01:09:53	16.628	16.188	15.587	15.597	17.261	17.453	415.42	415.34
01:10:53	16.628	16.188	15.61	15.669	17.258	17.456	415.42	415.34
01:11:53	16.63	16.188	15.721	16.048	17.264	17.455	415.42	415.34
01:12:53	16.628	16.188	15.776	16.304	17.263	17.461	415.42	415.34
01:13:53	16.629	16.189	15.812	16.456	17.262	17.453	415.42	415.34
01:14:53	16.629	16.188	15.854	16.564	17.256	17.457	415.42	415.34
01:15:53	16.628	16.19	15.89	16.639	17.266	17.455	415.42	415.34
01:16:53	16.627	16.191	15.927	16.66	17.267	17.453	415.42	415.34
01:17:53	16.628	16.19	15.938	16.592	17.252	17.455	415.42	415.34
01:18:53	16.629	16.192	15.888	16.429	17.261	17.464	415.42	415.34
01:19:53	16.629	16.191	15.783	16.313	17.261	17.461	415.42	415.34
01:20:53	16.63	16.193	15.755	16.252	17.265	17.465	415.42	415.34
01:21:53	16.63	16.192	15.722	16.087	17.27	17.459	415.42	415.34
01:22:53	16.631	16.194	15.644	15.807	17.269	17.459	415.42	415.34
01:23:53	16.63	16.194	15.6	15.523	17.251	17.461	415.42	415.34
01:24:53	16.629	16.19	15.595	15.402	17.26	17.456	415.42	415.34
01:25:53	16.631	16.189	15.587	15.558	17.267	17.456	415.42	415.34
01:26:53	16.63	16.188	15.704	15.903	17.266	17.454	415.42	415.34
01:27:53	16.628	16.189	15.778	16.139	17.262	17.455	415.42	415.34
01:28:53	16.628	16.188	15.8	16.319	17.257	17.455	415.42	415.34
01:29:53	16.628	16.187	15.825	16.468	17.259	17.457	415.42	415.34
01:30:53	16.629	0.0	15.845	16.549	17.246	17.456	415.42	415.34
01:31:53	16.63	16.19	15.891	16.596	17.255	17.454	415.42	415.34
01:32:53	16.629	16.191	15.885	16.475	17.253	17.452	415.42	415.34
01:33:53	16.629	16.189	15.848	16.336	17.263	17.453	415.42	415.34
01:34:53	16.63	16.189	15.771	16.269	17.255	17.452	415.42	415.34
01:35:53	16.63	16.191	15.728	16.231	17.257	17.458	415.42	415.34
01:36:53	16.63	16.191	15.678	16.104	17.248	17.461	415.42	415.34
01:37:53	16.629	16.19	15.606	15.919	17.26	17.463	415.42	415.34
01:38:53	16.63	16.19	15.566	15.879	17.267	17.461	415.42	415.34
01:39:54	16.631	16.19	15.529	15.862	17.262	17.46	415.42	415.34
01:40:53	16.632	16.191	15.542	15.83	17.265	17.461	415.42	415.34
01:41:53	16.631	16.192	15.656	16.134	17.262	17.455	415.42	415.34
01:42:53	16.63	16.192	15.735	16.319	17.259	17.459	415.42	415.34
01:43:53	16.63	16.193	15.802	16.454	17.264	17.458	415.42	415.34
01:44:53	16.631	16.193	15.822	16.508	17.26	17.459	415.42	415.34
01:45:53	16.632	16.193	15.863	16.588	17.254	17.464	415.42	415.34
01:46:53	16.632	16.192	15.895	16.614	17.252	17.46	415.42	415.34
01:47:53	16.632	16.19	15.892	16.533	17.261	17.46	415.42	415.34
01:48:53	16.633	16.19	15.836	16.454	17.261	17.458	415.42	415.34
01:49:53	16.632	16.19	15.763	16.344	17.254	17.456	415.42	415.34
01:50:53	16.632	16.191	15.713	16.191	17.261	17.455	415.42	415.34
01:51:53	16.632	16.191	15.648	16.048	17.269	17.455	415.42	415.34
01:52:53	16.632	16.193	15.598	15.818	17.262	17.46	415.42	415.34
01:53:53	16.633	16.194	15.602	15.919	17.255	17.463	415.42	415.34
01:54:53	16.633	16.196	15.721	16.14	17.25	17.456	415.42	415.34
01:55:53	16.632	16.197	15.78	16.346	17.251	17.455	415.42	415.34
01:56:53	16.632	16.198	15.821	16.505	17.249	17.455	415.42	415.34
01:57:53	16.631	16.197	15.852	16.583	17.239	17.454	415.42	415.34
01:58:53	16.632	16.197	15.899	16.652	17.257	17.453	415.42	415.34
01:59:53	16.631	16.197	15.927	16.717	17.255	17.469	415.42	415.34
02:00:53	16.63	16.195	15.925	16.647	17.266	17.467	415.42	415.34
02:01:53	16.63	16.197	15.822	16.452	17.26	17.461	415.42	415.34
02:02:53	16.632	16.197	15.77	16.313	17.266	17.463	415.42	415.34
02:03:53	16.632	16.197	15.764	16.247	17.272	17.461	415.42	415.34
02:04:53	16.633	16.198	15.689	16.105	17.271	17.458	415.42	415.34
02:05:53	16.633	16.198	15.622	15.921	17.267	17.457	415.42	415.34
02:06:53	16.632	16.199	15.592	15.808	17.26	17.465	415.42	415.34
02:07:53	16.631	16.2	15.599	15.879	17.263	17.463	415.42	415.34
02:08:53	16.631	16.201	15.71	16.172	17.269	17.457	415.42	415.34
02:09:53	16.632	16.203	15.764	16.36	17.273	17.465	415.42	415.34
02:10:53	16.633	16.204	15.806	16.468	17.26	17.46	415.42	415.34
02:11:53	16.632	16.203	15.841	16.589	17.269	17.459	415.42	415.34
02:12:53	16.632	16.202	15.869	16.617	17.268	17.47	415.42	415.34
02:13:53	16.633	16.202	15.909	16.664	17.27	17.467	415.42	415.34
02:14:53	16.632	16.201	15.928	16.634	17.268	17.465	415.42	415.34
02:15:53	16.633	16.201	15.866	16.445	17.262	17.46	415.42	415.34
02:16:53	16.634	16.199	15.786	16.362	17.267	17.468	415.42	415.34
02:17:53	16.634	16.196	15.751	16.237	17.267	17.472	415.42	415.34
02:18:53	16.633	16.195	15.67	16.091	17.26	17.462	415.42	415.34
02:19:53	16.634	16.197	15.61	15.787	17.256	17.461	415.42	415.34
02:20:53	16.632	16.196	15.617	15.806	17.255	17.461	415.42	415.34
02:21:53	16.632	16.197	15.723	16.122	17.258	17.461	415.42	415.34
02:22:53	16.633	16.198	15.784	16.337	17.262	17.458	415.42	415.34
02:23:53	16.633	16.197	15.818	16.505	17.268	17.458	415.42	415.34
02:24:53	16.633	16.199	15.853	16.614	17.256	17.458	415.42	415.34
02:25:53	16.632	16.198	15.888	16.667	17.262	17.455	415.42	415.34
02:26:53	16.633	16.197	15.92	16.71	17.266	17.454	415.42	415.34
02:27:53	16.631	16.199	15.949	16.655	17.26	17.455	415.42	415.34
02:28:53	16.632	16.2	15.9	16.512	17.257	17.468	415.42	415.34
02:29:53	16.632	16.199	15.819	16.386	17.269	17.471	415.42	415.34
02:30:53	16.633	16.199	15.753	16.282	17.258	17.469	415.42	415.34
02:31:53	16.632	16.199	15.707	16.132	17.258	17.46	415.42	415.34
02:32:53	16.633	16.199	15.628	15.965	17.264	17.454	415.42	415.34
02:33:53	16.634	16.198	15.627	16.024	17.254	17.458	415.42	415.34
02:34:53	16.634	16.199	15.755	16.213	17.259	17.471	415.42	415.34
02:35:53	16.634	16.2	15.822	16.373	17.252	17.468	415.42	415.34
02:36:53	16.635	16.201	15.859	16.494	17.254	17.46	415.42	415.34
02:37:53	16.635	16.2	15.895	16.565	17.253	17.466	415.42	415.34
02:38:53	16.634	16.2	15.926	16.674	17.266	17.46	415.42	415.34
02:39:53	16.634	16.201	15.959	16.766	17.265	17.46	415.42	415.34
02:40:53	16.633	16.201	15.979	16.743	17.262	17.459	415.42	415.34
02:41:53	16.635	16.2	15.878	16.57	17.267	17.457	415.42	415.34
02:42:53	16.634	16.2	15.802	16.44	17.252	17.453	415.42	415.34
02:43:53	16.634	16.2	15.779	16.324	17.262	17.458	415.42	415.34
02:44:53	16.634	16.2	15.746	16.173	17.265	17.461	415.42	415.34
02:45:53	16.635	16.201	15.679	15.95	17.263	17.455	415.42	415.34
02:46:53	16.634	16.202	15.63	15.818	17.266	17.463	415.42	415.34
02:47:53	16.634	16.202	15.636	15.852	17.268	17.456	415.42	415.34
02:48:55	16.634	16.204	15.752	16.163	17.267	17.454	415.42	415.34
02:49:53	16.635	16.204	15.796	16.353	17.271	17.451	415.42	415.34
02:50:53	16.636	16.204	15.838	16.496	17.268	17.454	415.42	415.34
02:51:53	16.635	16.204	15.861	16.587	17.269	17.456	415.42	415.34
02:52:53	16.635	16.203	15.885	16.641	17.27	17.46	415.42	415.34
02:53:53	16.636	16.203	15.923	16.698	17.257	17.455	415.42	415.34
02:54:53	16.636	16.202	15.934	16.675	17.258	17.464	415.42	415.34
02:55:53	16.636	16.2	15.874	16.457	17.254	17.459	415.42	415.34
02:56:53	16.635	16.2	15.844	16.343	17.259	17.46	415.42	415.34
02:57:53	16.638	16.201	15.789	16.238	17.261	17.455	415.42	415.34
02:58:53	16.636	16.199	15.714	16.032	17.266	17.452	415.42	415.34
02:59:53	16.636	16.197	15.661	15.851	17.265	17.455	415.42	415.34
03:00:53	16.636	16.197	15.647	15.728	17.264	17.453	415.42	415.34
03:01:53	16.634	16.197	15.635	15.871	17.259	17.456	415.42	415.34
03:02:53	16.633	16.198	15.735	16.156	17.261	17.455	415.42	415.34
03:03:53	16.633	16.2	15.805	16.331	17.269	17.457	415.42	415.34
03:04:53	16.633	16.2	15.842	16.502	17.266	17.461	415.42	415.34
03:05:53	16.633	16.201	15.871	16.58	17.267	17.456	415.42	415.34
03:06:53	16.633	16.203	15.904	16.658	17.258	17.461	415.42	415.34
03:07:54	16.633	16.202	15.961	16.73	17.267	17.461	415.42	415.34
03:08:53	16.634	16.201	15.964	16.595	17.269	17.459	415.42	415.34
03:09:53	16.635	16.2	15.913	16.422	17.253	17.465	415.42	415.34
03:10:53	16.635	16.2	15.833	16.359	17.258	17.468	415.42	415.34
03:11:53	16.636	16.201	15.784	16.216	17.249	17.459	415.42	415.34
03:12:53	16.636	16.2	15.723	15.979	17.249	17.459	415.42	415.34
03:13:53	16.638	16.199	15.686	15.924	17.255	17.46	415.42	415.34
03:14:53	16.636	16.199	15.763	16.172	17.264	17.458	415.42	415.34
03:15:53	16.636	16.2	15.822	16.357	17.271	17.458	415.42	415.34
03:16:53	16.636	16.2	15.867	16.478	17.264	17.465	415.42	415.34
03:17:53	16.636	16.202	15.905	16.595	17.265	17.462	415.42	415.34
03:18:53	16.636	16.202	15.941	16.692	17.267	17.466	415.42	415.34
03:19:53	16.635	16.203	15.988	16.767	17.269	17.461	415.42	415.34
03:20:53	16.633	16.205	15.983	16.699	17.266	17.464	415.42	415.34
03:21:53	16.631	16.206	15.877	16.489	17.254	17.464	415.42	415.34
03:22:53	16.633	16.207	15.813	16.317	17.258	17.469	415.42	415.34
03:23:53	16.634	16.207	15.764	16.211	17.261	17.467	415.42	415.34
03:24:53	16.634	16.209	15.714	15.989	17.274	17.468	415.42	415.34
03:25:53	16.635	16.211	15.67	15.949	17.262	17.462	415.42	415.34
03:26:53	16.637	16.209	15.649	15.848	17.262	17.47	415.42	415.34
03:27:53	16.636	16.206	15.635	15.918	17.259	17.463	415.42	415.34
03:28:53	16.637	16.208	15.734	16.156	17.259	17.471	415.42	415.34
03:29:53	16.638	16.207	15.792	16.334	17.256	17.471	415.42	415.34
03:30:53	16.637	16.207	15.829	16.493	17.257	17.462	415.42	415.34
03:31:53	16.638	16.208	15.859	16.591	17.271	17.46	415.42	415.34
03:32:53	16.638	16.209	15.894	16.64	17.269	17.468	415.42	415.34
03:33:53	16.638	16.207	15.924	16.712	17.263	17.47	415.42	415.34
03:34:53	16.639	16.208	15.928	16.655	17.256	17.47	415.42	415.34
03:35:55	16.64	16.207	15.877	16.447	17.263	17.468	415.42	415.34
03:36:53	16.64	16.209	15.785	16.385	17.268	17.466	415.42	415.34
03:37:53	16.638	16.208	15.729	16.176	17.271	17.472	415.42	415.34
03:38:53	16.638	16.208	15.721	16.205	17.274	17.47	415.42	415.34
03:39:53	16.638	16.206	15.794	16.373	17.273	17.461	415.42	415.34
03:40:53	16.636	16.205	15.857	16.519	17.268	17.468	415.42	415.34
03:41:53	16.637	16.204	15.909	16.643	17.269	17.474	415.42	415.34
03:42:53	16.636	16.205	15.942	16.727	17.265	17.461	415.42	415.34
03:43:53	16.637	16.205	15.982	16.793	17.258	17.461	415.42	415.34
03:44:53	16.637	16.205	16.011	16.856	17.264	17.461	415.42	415.34
03:45:53	16.637	16.207	15.995	16.779	17.267	17.463	415.42	415.34
03:46:53	16.638	16.209	15.893	16.54	17.266	17.464	415.42	415.34
03:47:53	16.637	16.21	15.821	16.41	17.273	17.466	415.42	415.34
03:48:53	16.637	16.21	15.795	16.266	17.273	17.465	415.42	415.34
03:49:53	16.638	16.21	15.729	16.12	17.266	17.463	415.42	415.34
03:50:53	16.637	16.21	15.687	15.798	17.256	17.469	415.42	415.34
03:51:53	16.638	16.209	15.665	15.799	17.261	17.461	415.42	415.34
03:52:53	16.638	16.208	15.671	15.954	17.268	17.458	415.42	415.34
03:53:53	16.638	16.206	15.762	16.193	17.265	17.462	415.42	415.34
03:54:54	16.64	16.204	15.81	16.35	17.265	17.468	415.42	415.34
03:55:53	16.64	16.205	15.851	16.51	17.26	17.458	415.42	415.34
03:56:53	16.638	16.206	15.884	16.611	17.264	17.464	415.42	415.34
03:57:53	16.637	16.206	15.911	16.668	17.266	17.46	415.42	415.34
03:58:53	16.638	16.203	15.942	16.723	17.27	17.47	415.42	415.34
03:59:53	16.639	16.205	15.957	16.642	17.268	17.459	415.42	415.34
04:00:53	16.638	16.205	15.925	16.463	17.26	17.461	415.42	415.34
04:01:53	16.638	16.206	15.855	16.415	17.265	17.467	415.42	415.34
04:02:53	16.637	16.207	15.792	16.318	17.272	17.462	415.42	415.34
04:03:53	16.638	16.206	15.737	16.024	17.273	17.464	415.42	415.34
04:04:53	16.638	16.208	15.626	15.763	17.27	17.457	415.42	415.34
04:05:53	16.638	16.207	15.599	15.857	17.261	17.456	415.42	415.34
04:06:53	16.639	16.208	15.722	16.124	17.269	17.456	415.42	415.34
04:07:53	16.638	16.208	15.802	16.309	17.27	17.452	415.42	415.34
04:08:53	16.638	16.206	15.842	16.487	17.267	17.464	415.42	415.34
04:09:53	16.637	16.206	15.874	16.563	17.261	17.457	415.42	415.34
04:10:53	16.639	16.204	15.901	16.604	17.266	17.456	415.42	415.34
04:11:55	16.639	16.204	15.944	16.682	17.265	17.46	415.42	415.34
04:12:53	16.639	16.202	15.947	16.644	17.26	17.462	415.42	415.34
04:13:53	16.64	16.203	15.899	16.508	17.266	17.455	415.42	415.34
04:14:53	16.641	16.201	15.817	16.362	17.261	17.457	415.42	415.34
04:15:53	16.641	16.201	15.776	16.258	17.258	17.46	415.42	415.34
04:16:53	16.64	16.202	15.715	16.127	17.251	17.467	415.42	415.34
04:17:53	16.638	16.202	15.643	15.9	17.268	17.458	415.42	415.34
04:18:53	16.638	16.201	15.636	15.743	17.256	17.456	415.42	415.34
04:19:53	16.638	16.201	15.617	15.86	17.259	17.454	415.42	415.34
04:20:53	16.64	16.202	15.728	16.118	17.259	17.454	415.42	415.34
04:21:53	16.639	16.202	15.783	16.33	17.258	17.458	415.42	415.34
04:22:53	16.637	16.202	15.831	16.478	17.257	17.458	415.42	415.34
04:23:53	16.637	16.202	15.851	16.549	17.259	17.462	415.42	415.34
04:24:53	16.637	16.202	15.878	16.613	17.262	17.461	415.42	415.34
04:25:53	16.638	16.202	15.902	16.671	17.266	17.456	415.42	415.34
04:26:53	16.638	16.2	15.906	16.61	17.265	17.456	415.42	415.34
04:27:53	16.637	16.203	15.858	16.4	17.262	17.457	415.42	415.34
04:28:53	16.638	16.203	15.796	16.335	17.258	17.456	415.42	415.34
04:29:53	16.64	16.202	15.746	16.162	17.26	17.459	415.42	415.34
04:30:53	16.638	16.202	15.694	16.041	17.265	17.457	415.42	415.34
04:31:53	16.638	16.203	15.681	15.892	17.27	17.468	415.42	415.34
04:32:53	16.638	16.203	15.66	15.797	17.268	17.458	415.42	415.34
04:33:53	16.64	16.204	15.637	15.617	17.268	17.456	415.42	415.34
04:34:53	16.64	16.205	15.591	15.734	17.265	17.454	415.42	415.34
04:35:53	16.64	16.205	15.714	16.065	17.263	17.462	415.42	415.34
04:36:53	16.641	16.206	15.772	16.235	17.262	17.462	415.42	415.34
04:37:53	16.641	16.204	15.799	16.407	17.262	17.46	415.42	415.34
04:38:53	16.641	16.205	15.817	16.515	17.265	17.457	415.42	415.34
04:39:53	16.642	16.205	15.853	16.61	17.268	17.455	415.42	415.34
04:40:53	16.641	16.205	15.882	16.634	17.269	17.462	415.42	415.34
04:41:54	16.641	16.205	15.899	16.531	17.256	17.458	415.42	415.34
04:42:54	16.641	16.203	15.86	16.281	17.262	17.462	415.42	415.34
04:43:54	16.641	16.204	15.831	16.21	17.263	17.459	415.42	415.34
04:44:54	16.641	16.203	15.75	16.176	17.258	17.458	415.42	415.34
04:45:54	16.639	16.204	15.674	16.022	17.257	17.455	415.42	415.34
04:46:54	16.64	16.203	15.607	15.806	17.266	17.458	415.42	415.34
04:47:55	16.638	16.203	15.613	15.809	17.257	17.454	415.42	415.34
04:48:54	0.0	16.203	15.717	16.112	17.259	17.457	415.42	415.34
04:49:54	16.638	16.203	15.773	16.365	17.263	17.454	415.42	415.34
04:50:54	16.639	16.202	15.814	16.486	17.268	17.458	415.42	415.34
04:51:53	16.64	16.202	15.854	16.589	17.263	17.455	415.42	415.34
04:52:54	16.64	16.204	15.895	16.671	17.259	17.453	415.42	415.34
04:53:54	16.64	16.205	15.939	16.714	17.267	17.453	415.42	415.34
04:54:54	16.64	16.204	15.944	16.66	17.266	17.452	415.42	415.34
04:55:54	16.641	16.205	15.884	16.469	17.266	17.457	415.42	415.34
04:56:54	16.641	16.205	15.836	16.328	17.258	17.454	415.42	415.34
04:57:55	16.639	16.202	15.753	16.234	17.256	17.46	415.42	415.34
04:58:53	16.639	16.203	15.684	16.002	17.247	17.455	415.42	415.34
04:59:54	16.639	16.202	15.613	15.775	17.261	17.455	415.42	415.34
05:00:54	16.639	16.202	15.599	15.774	17.262	17.454	415.42	415.34
05:01:54	16.638	16.201	15.695	16.064	17.26	17.453	415.42	415.34
05:02:54	16.639	16.202	15.79	16.268	17.264	17.46	415.42	415.34
05:03:55	16.639	16.202	15.821	16.46	17.268	17.455	415.42	415.34
05:04:54	16.64	16.202	15.855	16.559	17.266	17.457	415.42	415.34
05:05:54	16.64	16.202	15.896	16.663	17.262	17.454	415.42	415.34
05:06:54	16.639	16.202	15.923	16.723	17.255	17.452	415.42	415.34
05:07:54	16.638	16.204	15.956	16.648	17.237	17.452	415.42	415.34
05:08:54	16.638	16.204	15.882	16.474	17.25	17.448	415.42	415.34
05:09:54	16.638	16.203	15.835	16.396	17.254	17.461	415.42	415.34
05:10:54	16.638	16.202	15.753	16.229	17.264	17.456	415.42	415.34
05:11:54	16.638	16.201	15.699	15.976	17.265	17.454	415.42	415.34
05:12:54	16.637	16.202	15.626	15.866	17.263	17.46	415.42	415.34
05:13:53	16.639	16.201	15.614	15.889	17.262	17.462	415.42	415.34
05:14:54	16.639	16.204	15.714	16.131	17.251	17.458	415.42	415.34
05:15:54	16.64	16.204	15.79	16.33	17.256	17.456	415.42	415.34
05:16:54	16.64	16.203	15.839	16.47	17.256	17.46	415.42	415.34
05:17:54	16.641	16.205	15.866	16.597	17.245	17.453	415.42	415.34
05:18:54	16.64	16.205	15.911	16.675	17.265	17.458	415.42	415.34
05:19:54	16.639	16.205	15.935	16.719	17.27	17.459	415.42	415.34
05:20:54	0.0	16.205	15.945	16.669	17.268	17.455	415.42	415.34
05:21:55	16.64	16.204	15.909	16.49	17.266	17.46	415.42	415.34
05:22:54	16.639	16.206	15.83	16.415	17.269	17.461	415.42	415.34
05:23:54	16.64	16.206	15.749	16.251	17.265	17.459	415.42	415.34
05:24:54	16.64	16.205	15.684	16.065	17.26	17.456	415.42	415.34
05:25:54	16.64	16.205	15.606	15.91	17.249	17.459	415.42	415.34
05:26:54	16.64	16.204	15.62	15.954	17.26	17.46	415.42	415.34
05:27:54	16.639	16.204	15.738	16.214	17.263	17.466	415.42	415.34
05:28:54	16.637	16.206	15.805	16.416	17.265	17.458	415.42	415.34
05:29:54	16.637	16.206	15.84	16.547	17.259	17.465	415.42	415.34
05:30:54	16.639	16.203	15.88	16.616	17.262	17.465	415.42	415.34
05:31:53	16.641	16.205	15.918	16.678	17.267	17.465	415.42	415.34
05:32:54	16.64	16.206	15.95	16.725	17.266	17.461	415.42	415.34
05:33:54	16.64	16.205	15.964	16.685	17.261	17.457	415.42	415.34
05:34:54	16.639	16.206	15.854	16.495	17.269	17.455	415.42	415.34
05:35:54	16.64	16.21	15.777	16.364	17.268	17.455	415.42	415.34
05:36:54	16.641	16.208	15.762	16.284	17.267	17.464	415.42	415.34
05:37:54	16.64	16.208	15.695	16.128	17.267	17.468	415.42	415.34
05:38:54	16.639	16.208	15.645	15.874	17.262	17.458	415.42	415.34
05:39:54	16.64	16.208	15.591	15.743	17.264	17.459	415.42	415.34
05:40:54	16.641	16.208	15.551	15.675	17.266	17.459	415.42	415.34
05:41:54	16.642	16.209	15.551	15.695	17.264	17.456	415.42	415.34
05:42:54	16.641	16.207	15.673	16.039	17.267	17.461	415.42	415.34
05:43:54	16.641	16.206	15.752	16.282	17.245	17.461	415.42	415.34
05:44:53	16.641	16.205	15.802	16.428	17.246	17.453	415.42	415.34
05:45:54	16.64	16.205	15.828	16.486	17.249	17.451	415.42	415.34
05:46:54	16.64	16.205	15.848	16.576	17.251	17.458	415.42	415.34
05:47:54	16.64	16.204	15.868	16.625	17.257	17.451	415.42	415.34
05:48:54	16.638	16.203	15.892	16.545	17.256	17.453	415.42	415.34
05:49:54	16.639	16.202	15.854	16.318	17.257	17.45	415.42	415.34
05:50:54	16.64	16.202	15.814	16.231	17.255	17.451	415.42	415.34
05:51:54	16.64	16.201	15.734	16.179	17.259	17.455	415.42	415.34
05:52:54	16.639	16.202	15.662	16.018	17.256	17.452	415.42	415.34
05:53:54	16.64	16.202	15.602	15.738	17.253	17.451	415.42	415.34
05:54:54	16.641	16.202	15.546	15.672	17.255	17.452	415.42	415.34
05:55:54	16.641	16.203	15.555	15.733	17.267	17.458	415.42	415.34
05:56:54	16.64	16.205	15.69	16.046	17.263	17.457	415.42	415.34
05:57:54	16.641	16.205	15.739	16.304	17.265	17.455	415.42	415.34
05:58:54	16.642	16.205	15.785	16.474	17.265	17.455	415.42	415.34
05:59:54	16.641	16.206	15.827	16.561	17.262	17.452	415.42	415.34
06:00:54	16.643	16.205	15.863	16.616	17.265	17.457	415.42	415.34
06:01:54	16.641	16.206	15.887	16.648	17.262	17.463	415.42	415.34
06:02:54	16.641	16.206	15.905	16.543	17.266	17.456	415.42	415.34
06:03:54	16.64	16.207	15.832	16.361	17.268	17.453	415.42	415.34
06:04:54	16.641	16.206	15.775	16.334	17.269	17.454	415.42	415.34
06:05:54	16.641	16.206	15.709	16.183	17.265	17.453	415.42	415.34
06:06:54	16.64	16.206	15.635	15.97	17.256	17.452	415.42	415.34
06:07:54	16.641	16.205	15.564	15.78	17.258	17.451	415.42	415.34
06:08:54	16.642	16.205	15.542	15.783	17.264	17.452	415.42	415.34
06:09:54	16.641	16.203	15.679	16.1	17.254	17.45	415.42	415.34
06:10:54	16.639	16.204	15.754	16.314	17.26	17.462	415.42	415.34
06:11:53	16.64	16.202	15.79	16.451	17.255	17.455	415.42	415.34
06:12:55	16.64	16.203	15.821	16.568	17.261	17.457	415.42	415.34
06:13:54	16.64	16.203	15.851	16.644	17.264	17.459	415.42	415.34
06:14:56	16.64	16.203	15.878	16.713	17.257	17.459	415.42	415.34
06:15:54	16.641	16.202	15.918	16.616	17.257	17.458	415.42	415.34
06:16:54	16.64	16.204	15.877	16.403	17.261	17.457	415.42	415.34
06:17:54	16.64	16.204	15.851	16.308	17.263	17.458	415.42	415.34
06:18:54	16.642	16.204	15.78	16.249	17.251	17.461	415.42	415.34
06:19:54	16.641	16.203	15.712	16.157	17.257	17.455	415.42	415.34
06:20:54	16.64	16.204	15.665	15.966	17.257	17.457	415.42	415.34
06:21:54	16.64	16.204	15.643	15.814	17.265	17.461	415.42	415.34
06:22:54	16.64	16.205	15.595	15.68	17.262	17.457	415.42	415.34
06:23:54	16.641	16.205	15.569	15.7	17.265	17.454	415.42	415.34
06:24:54	16.641	16.207	15.572	15.797	17.252	17.454	415.42	415.34
06:25:54	16.641	16.206	15.693	16.1	17.266	17.453	415.42	415.34
06:26:54	16.641	16.207	15.761	16.29	17.257	17.456	415.42	415.34
06:27:54	16.641	16.206	15.79	16.439	17.261	17.455	415.42	415.34
06:28:54	16.641	16.204	15.801	16.523	17.259	17.459	415.42	415.34
06:29:54	16.642	16.206	15.837	16.578	17.264	17.452	415.42	415.34
06:30:54	16.642	16.206	15.873	16.609	17.263	17.455	415.42	415.34
06:31:54	16.641	16.207	15.881	16.552	17.25	17.457	415.42	415.34
06:32:54	16.64	16.208	15.845	16.35	17.266	17.455	415.42	415.34
06:33:54	16.641	16.208	15.825	16.277	17.261	17.459	415.42	415.34
06:34:54	16.642	16.207	15.73	16.16	17.261	17.459	415.42	415.34
06:35:54	16.642	16.208	15.656	15.906	17.266	17.451	415.42	415.34
06:36:54	16.643	16.207	15.588	15.838	17.261	17.451	415.42	415.34
06:37:54	16.642	16.207	15.579	15.862	17.254	17.453	415.42	415.34
06:38:54	16.643	16.207	15.699	16.108	17.259	17.458	415.42	415.34
06:39:54	16.642	16.207	15.77	16.315	17.257	17.466	415.42	415.34
06:40:54	16.643	16.206	15.803	16.484	17.258	17.466	415.42	415.34
06:41:54	16.642	16.205	15.853	16.55	17.264	17.459	415.42	415.34
06:42:54	16.641	16.206	15.872	16.618	17.27	17.456	415.42	415.34
06:43:54	16.641	16.206	15.893	16.678	17.248	17.46	415.42	415.34
06:44:54	16.641	16.205	15.919	16.593	17.259	17.457	415.42	415.34
06:45:54	16.643	16.204	15.868	16.373	17.258	17.462	415.42	415.34
06:46:54	16.641	16.203	15.823	16.322	17.266	17.455	415.42	415.34
06:47:54	16.64	16.204	15.762	16.261	17.266	17.459	415.42	415.34
06:48:54	16.64	16.205	15.699	16.022	17.259	17.459	415.42	415.34
06:49:54	16.638	16.205	15.615	15.817	17.25	17.457	415.42	415.34
06:50:54	16.639	16.205	15.581	15.759	17.25	17.458	415.42	415.34
06:51:54	16.637	16.204	15.589	15.707	17.257	17.46	415.42	415.34
06:52:54	16.639	16.204	15.716	16.114	17.26	17.456	415.42	415.34
06:53:54	16.641	16.206	15.769	16.325	17.266	17.464	415.42	415.34
06:54:55	16.641	16.208	15.803	16.472	17.263	17.453	415.42	415.34
06:55:54	16.641	16.207	15.835	16.547	17.264	17.456	415.42	415.34
06:56:54	16.641	16.206	15.876	16.607	17.26	17.457	415.42	415.34
06:57:54	16.641	16.205	15.898	16.633	17.265	17.459	415.42	415.34
06:58:54	16.641	16.205	15.897	16.576	17.262	17.457	415.42	415.34
06:59:54	16.641	16.204	15.837	16.463	17.263	17.459	415.42	415.34
07:00:54	16.641	16.204	15.766	16.341	17.259	17.464	415.42	415.34
07:01:54	16.64	16.204	15.711	16.255	17.262	17.455	415.42	415.34
07:02:54	16.64	16.205	15.665	16.086	17.265	17.452	415.42	415.34
07:03:54	16.642	16.204	15.589	15.884	17.257	17.464	415.42	415.34
07:04:53	16.641	16.205	15.59	15.922	17.26	17.457	415.42	415.34
07:05:54	16.641	16.204	15.707	16.161	17.27	17.458	415.42	415.34
07:06:53	16.642	16.204	15.765	16.361	17.266	17.461	415.42	415.34
07:07:54	16.642	16.205	15.81	16.483	17.264	17.461	415.42	415.34
07:08:54	16.641	16.205	15.848	16.579	17.252	17.455	415.42	415.34
07:09:54	16.641	16.204	15.886	16.63	17.259	17.454	415.42	415.34
07:10:54	16.641	16.204	15.923	16.692	17.258	17.454	415.42	415.34
07:11:54	16.641	16.204	15.926	16.61	17.255	17.458	415.42	415.34
07:12:54	16.64	16.203	15.87	16.489	17.241	17.46	415.42	415.34
07:13:54	16.641	16.202	15.803	16.356	17.252	17.45	415.42	415.34
07:14:54	16.641	16.201	15.745	16.182	17.26	17.449	415.42	415.34
07:15:54	16.641	16.199	15.665	16.028	17.265	17.454	415.42	415.34
07:16:54	16.64	16.201	15.591	15.823	17.266	17.459	415.42	415.34
07:17:54	16.641	16.2	15.561	15.82	17.26	17.46	415.42	415.34
07:18:54	16.641	16.201	15.692	16.11	17.256	17.452	415.42	415.34
07:19:54	16.641	16.202	15.774	16.314	17.256	17.453	415.42	415.34
07:20:54	16.64	16.201	15.808	16.445	17.257	17.46	415.42	415.34
07:21:54	16.639	16.201	15.836	16.529	17.254	17.453	415.42	415.34
07:22:54	16.64	16.201	15.864	16.627	17.251	17.46	415.42	415.34
07:23:54	16.64	16.2	15.896	16.673	17.254	17.458	415.42	415.34
07:24:54	16.64	16.201	15.906	16.636	17.259	17.452	415.42	415.34
07:25:54	16.64	16.2	15.859	16.443	17.255	17.455	415.42	415.34
07:26:54	16.64	16.199	15.827	16.354	17.252	17.454	415.42	415.34
07:27:54	16.641	16.201	15.776	16.254	17.249	17.454	415.42	415.34
07:28:57	16.642	16.199	15.703	16.038	17.249	17.451	415.42	415.34
07:29:54	0.0	16.2	15.673	15.908	17.256	17.449	415.42	415.34
07:30:55	16.639	16.204	15.619	15.784	17.27	17.454	415.42	415.34
07:31:54	16.641	16.205	15.634	15.593	17.252	17.456	415.42	415.34
07:32:54	16.64	16.207	15.614	15.83	17.253	17.451	415.42	415.34
07:33:54	16.641	16.204	15.723	16.125	17.259	17.453	415.42	415.34
07:34:55	16.64	16.2	15.778	16.327	17.253	17.455	415.42	415.34
07:35:54	16.639	16.197	15.803	16.466	17.255	17.455	415.42	415.34
07:36:54	16.638	16.198	15.824	16.517	17.245	17.45	415.42	415.34
07:37:54	16.637	16.199	15.859	16.619	17.248	17.456	415.42	415.34
07:38:54	16.638	16.198	15.903	16.673	17.249	17.454	415.42	415.34
07:39:54	16.637	16.199	15.884	16.521	17.259	17.454	415.42	415.34
07:40:54	16.638	16.199	15.85	16.268	17.263	17.452	415.42	415.34
07:41:53	16.64	16.197	15.825	16.259	17.25	17.455	415.42	415.34
07:42:54	16.638	16.198	15.754	16.138	17.25	17.446	415.42	415.34
07:43:54	16.636	16.199	15.671	15.969	17.259	17.451	415.42	415.34
07:44:54	16.637	16.2	15.649	15.912	17.267	17.459	415.42	415.34
07:45:54	16.638	16.202	15.63	15.765	17.26	17.452	415.42	415.34
07:46:54	16.638	16.201	15.605	15.63	17.254	17.447	415.42	415.34
07:47:54	16.638	16.201	15.577	15.635	17.258	17.446	415.42	415.34
07:48:54	16.638	16.2	15.604	15.81	17.256	17.45	415.42	415.34
07:49:54	16.639	16.201	15.708	16.127	17.258	17.451	415.42	415.34
07:50:54	16.639	16.2	15.753	16.286	17.253	17.451	415.42	415.34
07:51:54	16.638	16.199	15.773	16.414	17.258	17.452	415.42	415.34
07:52:54	16.639	16.2	15.798	16.485	17.247	17.445	415.42	415.34
07:53:54	16.637	16.199	15.837	16.577	17.254	17.448	415.42	415.34
07:54:54	16.637	16.201	15.859	16.627	17.256	17.452	415.42	415.34
07:55:54	16.637	16.2	15.843	16.519	17.256	17.45	415.42	415.34
07:56:54	16.638	16.2	15.798	16.356	17.258	17.452	415.42	415.34
07:57:54	16.639	16.198	15.775	16.285	17.257	17.448	415.42	415.34
07:58:54	16.638	16.198	15.695	16.159	17.255	17.45	415.42	415.34
07:59:54	16.637	16.196	15.629	16.038	17.252	17.456	415.42	415.34
08:00:54	16.639	16.195	15.641	16.038	17.254	17.454	415.42	415.34
08:01:54	16.637	16.196	15.75	16.283	17.256	17.453	415.42	415.34
08:02:54	16.637	16.197	15.804	16.444	17.255	17.451	415.42	415.34
08:03:54	16.637	16.199	15.843	16.556	17.257	17.444	415.42	415.34
08:04:54	16.636	16.198	15.881	16.613	17.258	17.447	415.42	415.34
08:05:54	16.638	16.198	15.903	16.654	17.244	17.444	415.42	415.34
08:06:54	16.637	16.199	15.934	16.702	17.255	17.456	415.42	415.34
08:07:54	16.636	16.199	15.909	16.585	17.26	17.454	415.42	415.34
08:08:54	16.638	16.199	15.82	16.474	17.254	17.453	415.42	415.34
08:09:54	16.638	16.198	15.763	16.353	17.251	17.449	415.42	415.34
08:10:54	0.0	16.199	15.728	16.256	17.25	17.448	415.42	415.34
08:11:54	16.639	16.198	15.682	15.946	17.26	17.447	415.42	415.34
08:12:54	16.638	16.199	15.618	15.708	17.247	17.454	415.42	415.34
08:13:54	16.638	16.199	15.638	15.881	17.255	17.447	415.42	415.34
08:14:54	16.638	16.199	15.742	16.179	17.264	17.45	415.42	415.34
08:15:54	16.639	16.2	15.797	16.401	17.254	17.452	415.42	415.34
08:16:54	16.639	16.202	15.841	16.52	17.266	17.455	415.42	415.34
08:17:54	16.64	16.201	15.863	16.592	17.258	17.455	415.42	415.34
08:18:54	16.64	16.202	15.901	16.689	17.257	17.461	415.42	415.34
08:19:54	16.639	16.202	15.939	16.722	17.261	17.463	415.42	415.34
08:20:54	16.638	16.201	15.938	16.635	17.258	17.459	415.42	415.34
08:21:54	16.64	16.201	15.894	16.439	17.253	17.455	415.42	415.34
08:22:54	16.64	16.201	15.815	16.351	17.256	17.451	415.42	415.34
08:23:54	16.641	16.2	15.745	16.247	17.256	17.45	415.42	415.34
08:24:54	16.64	16.199	15.689	16.006	17.263	17.459	415.42	415.34
08:25:54	16.641	16.2	15.632	15.855	17.26	17.451	415.42	415.34
08:26:54	16.641	16.2	15.643	15.93	17.26	17.453	415.42	415.34
08:27:54	16.64	16.199	15.753	16.208	17.258	17.449	415.42	415.34
08:28:54	16.638	16.198	15.809	16.417	17.236	17.454	415.42	415.34
08:29:54	16.639	16.197	15.832	16.536	17.252	17.458	415.42	415.34
08:30:54	16.638	16.196	15.873	16.616	17.253	17.453	415.42	415.34
08:31:54	16.637	16.194	15.909	16.675	17.252	17.454	415.42	415.34
08:32:54	16.638	16.193	15.928	16.743	17.252	17.447	415.42	415.34
08:33:54	16.637	16.193	15.921	16.67	17.247	17.445	415.42	415.34
08:34:54	16.637	16.192	15.878	16.482	17.254	17.448	415.42	415.34
08:35:54	16.637	16.194	15.804	16.436	17.258	17.445	415.42	415.34
08:36:54	16.638	16.193	15.785	16.292	17.265	17.451	415.42	415.34
08:37:54	16.637	16.195	15.731	16.134	17.259	17.448	415.42	415.34
08:38:56	16.637	16.195	15.653	15.899	17.252	17.453	415.42	415.34
08:39:54	16.637	16.196	15.619	15.703	17.26	17.449	415.42	415.34
08:40:54	16.639	16.195	15.62	15.857	17.261	17.445	415.42	415.34
08:41:55	16.639	16.197	15.731	16.161	17.265	17.45	415.42	415.34
08:42:54	16.638	16.199	15.777	16.351	17.256	17.445	415.42	415.34
08:43:54	16.639	16.202	15.812	16.449	17.261	17.458	415.42	415.34
08:44:54	16.639	16.202	15.845	16.551	17.251	17.462	415.42	415.34
08:45:54	16.638	16.202	15.874	16.605	17.255	17.456	415.42	415.34
08:46:54	16.64	16.202	15.904	16.65	17.257	17.461	415.42	415.34
08:47:54	16.64	16.202	15.904	16.524	17.262	17.457	415.42	415.34
08:48:54	16.641	16.202	15.841	16.322	17.266	17.453	415.42	415.34
08:49:54	16.641	16.2	15.778	16.331	17.265	17.459	415.42	415.34
08:50:54	16.641	16.198	15.749	16.178	17.261	17.458	415.42	415.34
08:51:54	16.641	16.199	15.722	16.04	17.259	17.454	415.42	415.34
08:52:54	16.641	16.2	15.67	15.879	17.267	17.452	415.42	415.34
08:53:54	16.642	16.201	15.588	15.798	17.251	17.452	415.42	415.34
08:54:54	16.641	16.202	15.606	15.857	17.263	17.453	415.42	415.34
08:55:54	16.64	16.203	15.715	16.135	17.262	17.453	415.42	415.34
08:56:54	16.638	16.201	15.772	16.368	17.264	17.453	415.42	415.34
08:57:54	16.638	16.2	15.814	16.479	17.251	17.451	415.42	415.34
08:58:54	16.639	16.199	15.84	16.535	17.258	17.444	415.42	415.34
08:59:54	16.639	16.199	15.881	16.598	17.253	17.448	415.42	415.34
09:00:54	16.639	16.2	15.913	16.651	17.255	17.448	415.42	415.34
09:01:54	16.638	16.2	15.912	16.582	17.253	17.451	415.42	415.34
09:02:54	16.639	16.2	15.854	16.413	17.261	17.455	415.42	415.34
09:03:54	16.64	16.201	15.788	16.344	17.258	17.454	415.42	415.34
09:04:54	16.639	16.202	15.757	16.207	17.258	17.454	415.42	415.34
09:05:54	16.639	16.2	15.704	15.962	17.263	17.449	415.42	415.34
09:06:55	16.64	16.199	15.619	15.822	17.256	17.457	415.42	415.34
09:07:54	16.639	16.202	15.587	15.75	17.26	17.456	415.42	415.34
09:08:54	16.639	16.203	15.613	15.92	17.258	17.461	415.42	415.34
09:09:54	16.64	16.203	15.734	16.207	17.261	17.451	415.42	415.34
09:10:54	16.638	16.203	15.789	16.401	17.264	17.451	415.42	415.34
09:11:54	16.639	16.203	15.818	16.524	17.252	17.455	415.42	415.34
09:12:54	16.638	16.201	15.854	16.617	17.255	17.452	415.42	415.34
09:13:54	16.637	16.199	15.893	16.68	17.255	17.453	415.42	415.34
09:14:54	16.637	16.198	15.925	16.724	17.242	17.456	415.42	415.34
09:15:54	16.637	16.199	15.906	16.576	17.238	17.448	415.42	415.34
09:16:54	16.637	16.198	15.855	16.399	17.243	17.446	415.42	415.34
09:17:54	16.635	16.198	15.828	16.306	17.242	17.452	415.42	415.34
09:18:54	16.634	16.197	15.788	16.28	17.252	17.45	415.42	415.34
09:19:54	16.635	16.197	15.719	16.048	17.25	17.446	415.42	415.34
09:20:54	16.636	16.196	15.661	15.83	17.243	17.445	415.42	415.34
09:21:54	16.636	16.196	15.584	15.667	17.257	17.45	415.42	415.34
09:22:54	16.639	16.197	15.612	15.87	17.261	17.447	415.42	415.34
09:23:54	16.639	16.196	15.723	16.16	17.262	17.446	415.42	415.34
09:24:54	16.642	16.196	15.778	16.359	17.259	17.452	415.42	415.34
09:25:54	16.64	16.197	15.819	16.526	17.25	17.451	415.42	415.34
09:26:54	16.64	16.198	15.85	16.585	17.249	17.453	415.42	415.34
09:27:54	16.64	16.199	15.884	16.607	17.252	17.453	415.42	415.34
09:28:54	16.641	16.198	15.918	16.645	17.251	17.45	415.42	415.34
09:29:54	16.639	16.201	15.916	16.593	17.25	17.449	415.42	415.34
09:30:54	16.64	16.199	15.868	16.369	17.233	17.45	415.42	415.34
09:31:54	16.64	16.199	15.809	16.293	17.248	17.447	415.42	415.34
09:32:54	16.642	16.198	15.763	16.128	17.252	17.452	415.42	415.34
09:33:54	16.64	16.199	15.666	16.014	17.26	17.452	415.42	415.34
09:34:54	16.641	16.2	15.612	15.846	17.263	17.453	415.42	415.34
09:35:54	16.639	16.199	15.561	15.727	17.258	17.448	415.42	415.34
09:36:54	16.639	16.198	15.594	15.826	17.258	17.449	415.42	415.34
09:37:54	16.639	16.2	15.711	16.127	17.257	17.447	415.42	415.34
09:38:54	16.638	16.201	15.764	16.353	17.26	17.455	415.42	415.34
09:39:54	16.639	16.202	15.807	16.503	17.26	17.453	415.42	415.34
09:40:54	16.639	16.201	15.851	16.58	17.254	17.45	415.42	415.34
09:41:54	16.64	16.201	15.885	16.613	17.245	17.45	415.42	415.34
09:42:54	16.638	16.201	15.906	16.689	17.25	17.447	415.42	415.34
09:43:54	16.639	16.201	15.898	16.564	17.254	17.449	415.42	415.34
09:44:54	16.637	16.199	15.847	16.437	17.252	17.448	415.42	415.34
09:45:54	16.637	16.198	15.794	16.308	17.25	17.457	415.42	415.34
09:46:54	16.638	16.199	15.734	16.21	17.251	17.454	415.42	415.34
09:47:54	16.641	16.199	15.659	16.042	17.256	17.457	415.42	415.34
09:48:54	16.637	16.201	15.579	15.886	17.257	17.455	415.42	415.34
09:49:54	16.638	16.2	15.566	15.815	17.249	17.45	415.42	415.34
09:50:54	16.638	16.2	15.579	15.863	17.247	17.451	415.42	415.34
09:51:54	16.638	16.199	15.703	16.116	17.252	17.446	415.42	415.34
09:52:54	16.639	16.199	15.764	16.355	17.251	17.452	415.42	415.34
09:53:54	16.639	16.199	15.828	16.498	17.251	17.451	415.42	415.34
09:54:54	16.637	16.199	15.862	16.559	17.249	17.455	415.42	415.34
09:55:54	16.638	16.2	15.876	16.634	17.253	17.45	415.42	415.34
09:56:54	16.637	16.202	15.896	16.652	17.253	17.447	415.42	415.34
09:57:54	16.638	16.203	15.913	16.562	17.259	17.451	415.42	415.34
09:58:54	16.638	16.202	15.856	16.397	17.261	17.447	415.42	415.34
09:59:54	16.638	16.203	15.786	16.325	17.256	17.451	415.42	415.34
10:00:54	16.638	16.201	15.757	16.224	17.247	17.447	415.42	415.34
10:01:54	16.637	16.203	15.709	15.828	17.246	17.447	415.42	415.34
10:02:54	16.637	16.202	15.644	15.582	17.255	17.447	415.42	415.34
10:03:54	16.638	16.204	15.6	15.447	17.261	17.452	415.42	415.34
10:04:54	16.637	16.203	15.612	15.698	17.26	17.447	415.42	415.34
10:05:54	16.637	16.205	15.721	16.08	17.263	17.448	415.42	415.34
10:06:54	16.637	16.204	15.776	16.345	17.258	17.45	415.42	415.34
10:07:54	16.638	16.204	15.815	16.464	17.261	17.457	415.42	415.34
10:08:54	16.639	16.205	15.848	16.565	17.26	17.46	415.42	415.34
10:09:54	16.639	16.204	15.881	16.627	17.26	17.45	415.42	415.34
10:10:54	16.64	16.205	15.916	16.654	17.255	17.461	415.42	415.34
10:11:54	16.64	16.207	15.908	16.564	17.25	17.453	415.42	415.34
10:12:54	16.637	16.206	15.853	16.367	17.255	17.45	415.42	415.34
10:13:54	16.637	16.206	15.801	16.249	17.246	17.448	415.42	415.34
10:14:54	16.638	16.206	15.764	16.147	17.247	17.453	415.42	415.34
10:15:54	16.638	16.203	15.724	15.931	17.254	17.456	415.42	415.34
10:16:54	16.637	16.204	15.621	15.801	17.259	17.448	415.42	415.34
10:17:54	16.635	16.203	15.581	15.644	17.249	17.453	415.42	415.34
10:18:54	16.635	16.201	15.555	15.567	17.258	17.451	415.42	415.34
10:19:54	16.636	16.202	15.592	15.696	17.249	17.452	415.42	415.34
10:20:54	16.637	16.202	15.708	16.063	17.257	17.454	415.42	415.34
10:21:54	16.637	16.203	15.734	16.301	17.266	17.453	415.42	415.34
10:22:54	16.638	16.204	15.772	16.433	17.262	17.451	415.42	415.34
10:23:54	16.638	16.204	15.808	16.509	17.243	17.454	415.42	415.34
10:24:54	16.637	16.204	15.819	16.57	17.241	17.45	415.42	415.34
10:25:54	16.637	16.203	15.859	16.632	17.253	17.449	415.42	415.34
10:26:54	16.637	16.203	15.861	16.511	17.255	17.455	415.42	415.34
10:27:54	16.638	16.204	15.814	16.231	17.254	17.459	415.42	415.34
10:28:54	16.638	16.202	15.811	16.17	17.257	17.457	415.42	415.34
10:29:54	16.639	16.202	15.768	16.045	17.264	17.458	415.42	415.34
10:30:54	16.638	16.202	15.637	15.913	17.26	17.452	415.42	415.34
10:31:54	16.639	16.202	15.601	15.953	17.261	17.457	415.42	415.34
10:32:54	16.638	16.204	15.722	16.18	17.255	17.45	415.42	415.34
10:33:54	16.638	16.203	15.795	16.366	17.259	17.448	415.42	415.34
10:34:54	16.637	16.202	15.839	16.546	17.265	17.454	415.42	415.34
10:35:54	16.639	16.202	15.879	16.62	17.253	17.45	415.42	415.34
10:36:54	16.639	16.202	15.917	16.681	17.259	17.45	415.42	415.34
10:37:54	16.64	16.202	15.938	16.717	17.259	17.458	415.42	415.34
10:38:54	16.639	16.202	15.944	16.61	17.259	17.453	415.42	415.34
10:39:55	16.638	16.202	15.865	16.444	17.256	17.454	415.42	415.34
10:40:54	16.638	16.203	15.786	16.299	17.255	17.453	415.42	415.34
10:41:54	16.639	16.202	15.724	16.204	17.243	17.452	415.42	415.34
10:42:54	16.638	16.202	15.645	15.994	17.255	17.451	415.42	415.34
10:43:54	16.64	16.202	15.596	15.723	17.244	17.446	415.42	415.34
10:44:54	16.641	16.202	15.608	15.788	17.25	17.452	415.42	415.34
10:45:54	16.64	16.203	15.712	16.07	17.255	17.446	415.42	415.34
10:46:54	16.639	16.203	15.782	16.281	17.257	17.444	415.42	415.34
10:47:54	16.639	16.201	15.807	16.423	17.248	17.445	415.42	415.34
10:48:54	16.638	16.2	15.855	16.546	17.255	17.453	415.42	415.34
10:49:54	16.638	16.2	15.885	16.626	17.258	17.447	415.42	415.34
10:50:54	16.636	16.199	15.915	16.712	17.255	17.451	415.42	415.34
10:51:54	16.635	16.199	15.915	16.552	17.253	17.447	415.42	415.34
10:52:54	16.635	16.197	15.876	16.369	17.253	17.449	415.42	415.34
10:53:56	16.633	16.197	15.863	16.311	17.252	17.445	415.42	415.34
10:54:54	16.634	16.199	15.773	16.214	17.253	17.448	415.42	415.34
10:55:54	16.634	16.198	15.676	15.998	17.253	17.454	415.42	415.34
10:56:54	16.635	16.197	15.606	15.715	17.25	17.445	415.42	415.34
10:57:54	16.636	16.197	15.555	15.626	17.255	17.442	415.42	415.34
10:58:54	16.636	16.197	15.576	15.802	17.258	17.444	415.42	415.34
10:59:54	16.637	16.198	15.699	16.141	17.254	17.446	415.42	415.34
11:00:54	16.637	16.199	15.76	16.337	17.257	17.452	415.42	415.34
11:01:54	16.637	16.201	15.795	16.491	17.257	17.446	415.42	415.34
11:02:54	16.637	16.202	15.834	16.553	17.256	17.456	415.42	415.34
11:03:54	16.638	16.201	15.854	16.59	17.248	17.454	415.42	415.34
11:04:54	16.637	16.201	15.891	16.653	17.252	17.45	415.42	415.34
11:05:54	16.638	16.2	15.89	16.504	17.242	17.451	415.42	415.34
11:06:54	16.639	16.199	15.866	16.351	17.253	17.453	415.42	415.34
11:07:55	16.638	16.2	15.812	16.286	17.256	17.458	415.42	415.34
11:08:54	0.0	16.198	15.742	16.214	17.257	17.459	415.42	415.34
11:09:54	16.639	16.199	15.684	15.993	17.254	17.46	415.42	415.34
11:10:55	16.639	16.202	15.626	15.742	17.252	17.452	415.42	415.34
11:11:54	0.0	16.203	15.64	15.825	17.25	17.45	415.42	415.34
11:12:54	16.638	16.203	15.725	16.149	17.243	17.449	415.42	415.34
11:13:54	16.639	16.204	15.78	16.369	17.251	17.448	415.42	415.34
11:14:56	16.639	16.204	15.825	16.503	17.253	17.446	415.42	415.34
11:15:54	16.641	16.203	15.864	16.598	17.256	17.447	415.42	415.34
11:16:54	16.641	16.204	15.894	16.673	17.254	17.447	415.42	415.34
11:17:54	16.642	16.204	15.932	16.723	17.257	17.446	415.42	415.34
11:18:54	16.64	16.203	15.944	16.639	17.255	17.449	415.42	415.34
11:19:54	16.639	16.203	15.863	16.437	17.258	17.449	415.42	415.34
11:20:54	16.639	16.202	15.793	16.29	17.257	17.451	415.42	415.34
11:21:54	16.64	16.203	15.712	16.209	17.26	17.456	415.42	415.34
11:22:54	16.639	16.204	15.649	15.988	17.257	17.448	415.42	415.34
11:23:54	16.639	16.202	15.598	15.819	17.255	17.459	415.42	415.34
11:24:54	16.638	16.204	15.604	15.891	17.257	17.45	415.42	415.34
11:25:54	16.639	16.205	15.719	16.172	17.253	17.446	415.42	415.34
11:26:54	16.64	16.204	15.772	16.377	17.257	17.451	415.42	415.34
11:27:54	16.639	16.207	15.814	16.511	17.262	17.445	415.42	415.34
11:28:54	16.64	16.206	15.853	16.599	17.251	17.45	415.42	415.34
11:29:54	16.639	16.207	15.888	16.647	17.234	17.453	415.42	415.34
11:30:54	16.639	16.206	15.917	16.687	17.249	17.454	415.42	415.34
11:31:54	16.638	16.204	15.916	16.588	17.252	17.443	415.42	415.34
11:32:54	16.638	16.202	15.877	16.427	17.252	17.448	415.42	415.34
11:33:54	16.638	16.2	15.819	16.354	17.254	17.453	415.42	415.34
11:34:54	16.636	16.2	15.782	16.197	17.248	17.451	415.42	415.34
11:35:54	16.637	16.2	15.706	16.121	17.255	17.448	415.42	415.34
11:36:55	16.637	16.201	15.621	15.836	17.252	17.456	415.42	415.34
11:37:54	16.636	16.201	15.592	15.626	17.263	17.456	415.42	415.34
11:38:55	16.637	16.201	15.553	15.498	17.253	17.45	415.42	415.34
11:39:54	0.0	16.2	15.582	15.617	17.247	17.453	415.42	415.34
11:40:54	16.639	16.202	15.685	15.992	17.254	17.456	415.42	415.34
11:41:55	16.638	16.202	15.748	16.233	17.244	17.454	415.42	415.34
11:42:54	16.639	16.201	15.778	16.39	17.247	17.446	415.42	415.34
11:43:54	16.638	16.2	15.813	16.479	17.256	17.447	415.42	415.34
11:44:54	16.64	16.201	15.842	16.543	17.254	17.448	415.42	415.34
11:45:54	16.64	16.201	15.869	16.585	17.255	17.447	415.42	415.34
11:46:54	16.639	16.2	15.862	16.471	17.256	17.452	415.42	415.34
11:47:54	16.639	16.199	15.834	16.302	17.242	17.452	415.42	415.34
11:48:54	16.641	16.2	15.785	16.264	17.248	17.449	415.42	415.34
11:49:54	16.64	16.201	15.737	16.171	17.254	17.45	415.42	415.34
11:50:54	16.639	16.201	15.645	15.995	17.239	17.448	415.42	415.34
11:51:54	16.639	16.201	15.575	15.788	17.252	17.446	415.42	415.34
11:52:54	16.638	16.201	15.593	15.877	17.252	17.448	415.42	415.34
11:53:54	16.639	16.199	15.72	16.199	17.251	17.449	415.42	415.34
11:54:54	16.639	16.2	15.765	16.355	17.25	17.451	415.42	415.34
11:55:54	16.639	16.198	15.796	16.504	17.252	17.445	415.42	415.34
11:56:54	16.638	16.2	15.84	16.579	17.254	17.448	415.42	415.34
11:57:54	16.638	16.201	15.866	16.624	17.254	17.445	415.42	415.34
11:58:54	16.638	16.202	15.899	16.668	17.252	17.445	415.42	415.34
11:59:54	16.637	16.201	15.891	16.533	17.249	17.449	415.42	415.34
12:00:56	16.638	16.199	15.832	16.381	17.253	17.448	415.42	415.34
12:01:54	16.638	16.2	15.787	16.253	17.259	17.451	415.42	415.34
12:02:54	16.639	16.201	15.749	16.181	17.252	17.449	415.42	415.34
12:03:56	16.639	16.201	15.699	15.949	17.253	17.445	415.42	415.34
12:04:54	16.639	16.2	15.6	15.794	17.246	17.449	415.42	415.34
12:05:54	16.637	16.2	15.545	15.72	17.25	17.445	415.42	415.34
12:06:54	16.639	16.201	15.574	15.823	17.241	17.445	415.42	415.34
12:07:55	16.64	16.202	15.698	16.122	17.249	17.457	415.42	415.34
12:08:55	16.639	16.202	15.753	16.338	17.255	17.451	415.42	415.34
12:09:55	16.638	16.202	15.778	16.401	17.255	17.454	415.42	415.34
12:10:56	16.64	16.201	15.81	16.511	17.253	17.455	415.42	415.34
12:11:55	16.639	16.202	15.844	16.586	17.256	17.453	415.42	415.34
12:12:55	16.639	16.2	15.873	16.658	17.255	17.449	415.42	415.34
12:13:55	16.64	16.202	15.871	16.534	17.241	17.441	415.42	415.34
12:14:55	16.64	16.203	15.818	16.278	17.248	17.453	415.42	415.34
12:15:55	16.641	16.204	15.786	16.174	17.247	17.451	415.42	415.34
12:16:55	16.639	16.202	15.712	16.147	17.251	17.445	415.42	415.34
12:17:55	16.639	16.201	15.664	15.892	17.248	17.445	415.42	415.34
12:18:55	16.638	16.2	15.601	15.736	17.249	17.45	415.42	415.34
12:19:55	16.638	16.2	15.638	15.842	17.252	17.451	415.42	415.34
12:20:55	16.637	16.2	15.726	16.175	17.256	17.447	415.42	415.34
12:21:55	16.636	16.201	15.787	16.372	17.248	17.446	415.42	415.34
12:22:55	16.638	16.202	15.845	16.503	17.251	17.447	415.42	415.34
12:23:55	16.639	16.206	15.878	16.588	17.256	17.447	415.42	415.34
12:24:55	16.638	16.205	15.907	16.637	17.262	17.447	415.42	415.34
12:25:55	16.638	16.204	15.921	16.686	17.254	17.445	415.42	415.34
12:26:55	16.639	16.203	15.886	16.583	17.243	17.444	415.42	415.34
12:27:55	16.64	16.2	15.801	16.363	17.249	17.449	415.42	415.34
12:28:55	16.639	16.202	15.737	16.263	17.252	17.454	415.42	415.34
12:29:55	16.638	16.205	15.723	16.169	17.252	17.454	415.42	415.34
12:30:55	16.639	16.206	15.674	15.946	17.25	17.451	415.42	415.34
12:31:55	16.639	16.205	15.618	15.757	17.252	17.448	415.42	415.34
12:32:55	16.638	16.205	15.631	15.824	17.249	17.454	415.42	415.34
12:33:55	16.639	16.204	15.711	16.1	17.241	17.456	415.42	415.34
12:34:55	16.639	16.205	15.764	16.317	17.246	17.454	415.42	415.34
12:35:55	16.637	16.205	15.806	16.461	17.239	17.449	415.42	415.34
12:36:55	16.636	16.205	15.847	16.584	17.251	17.451	415.42	415.34
12:37:55	16.639	16.203	15.888	16.676	17.257	17.452	415.42	415.34
12:38:55	16.639	16.204	15.914	16.7	17.26	17.446	415.42	415.34
12:39:55	16.64	16.203	15.919	16.554	17.263	17.447	415.42	415.34
12:40:55	16.639	16.203	15.882	16.368	17.263	17.447	415.42	415.34
12:41:55	16.639	16.203	15.863	16.324	17.26	17.448	415.42	415.34
12:42:55	16.637	16.205	15.76	16.175	17.256	17.449	415.42	415.34
12:43:55	16.638	16.204	15.675	16.028	17.255	17.445	415.42	415.34
12:44:55	16.639	16.205	15.62	15.833	17.25	17.445	415.42	415.34
12:45:55	16.639	16.203	15.565	15.774	17.252	17.451	415.42	415.34
12:46:58	16.641	16.202	15.575	15.677	17.249	17.456	415.42	415.34
12:47:55	0.0	16.201	15.602	15.773	17.235	17.455	415.42	415.34
12:48:55	16.641	16.203	15.7	16.1	17.248	17.461	415.42	415.34
12:49:55	16.64	16.202	15.757	16.324	17.244	17.46	415.42	415.34
12:50:55	16.64	16.203	15.788	16.476	17.254	17.458	415.42	415.34
12:51:55	16.641	16.205	15.822	16.554	17.262	17.46	415.42	415.34
12:52:55	16.64	16.205	15.852	16.615	17.252	17.453	415.42	415.34
12:53:57	16.64	16.205	15.888	16.664	17.254	17.453	415.42	415.34
12:54:55	16.641	16.206	15.874	16.536	17.237	17.45	415.42	415.34
12:55:55	16.639	16.205	15.82	16.33	17.25	17.451	415.42	415.34
12:56:55	16.64	16.206	15.798	16.22	17.256	17.451	415.42	415.34
12:57:55	16.638	16.205	15.721	16.102	17.253	17.45	415.42	415.34
12:58:55	16.636	16.206	15.662	15.938	17.257	17.448	415.42	415.34
12:59:55	16.634	16.205	15.608	15.716	17.253	17.452	415.42	415.34
13:00:55	16.635	16.206	15.597	15.773	17.254	17.446	415.42	415.34
13:01:55	16.635	16.205	15.718	16.087	17.26	17.452	415.42	415.34
13:02:55	16.636	16.206	15.759	16.309	17.252	17.451	415.42	415.34
13:03:55	16.637	16.206	15.807	16.439	17.247	17.445	415.42	415.34
13:04:55	16.637	16.203	15.834	16.529	17.25	17.444	415.42	415.34
13:05:55	16.639	16.202	15.866	16.608	17.256	17.451	415.42	415.34
13:06:55	16.64	16.203	15.897	16.647	17.256	17.447	415.42	415.34
13:07:55	16.64	16.199	15.903	16.574	17.247	17.451	415.42	415.34
13:08:55	16.638	16.2	15.843	16.427	17.252	17.452	415.42	415.34
13:09:55	16.638	16.201	15.813	16.358	17.258	17.447	415.42	415.34
13:10:55	16.638	16.201	15.749	16.243	17.241	17.447	415.42	415.34
13:11:55	16.639	16.202	15.712	16.061	17.251	17.449	415.42	415.34
13:12:55	16.639	16.203	15.668	15.89	17.253	17.457	415.42	415.34
13:13:55	16.639	16.201	15.611	15.854	17.257	17.454	415.42	415.34
13:14:55	16.638	16.202	15.547	15.653	17.249	17.452	415.42	415.34
13:15:55	16.639	16.202	15.574	15.775	17.248	17.456	415.42	415.34
13:16:55	16.64	16.202	15.692	16.113	17.253	17.454	415.42	415.34
13:17:55	16.64	16.202	15.751	16.31	17.256	17.453	415.42	415.34
13:18:55	16.64	16.202	15.777	16.362	17.253	17.45	415.42	415.34
13:19:55	16.639	16.204	15.817	16.48	17.255	17.448	415.42	415.34
13:20:55	16.64	16.203	15.852	16.579	17.258	17.454	415.42	415.34
13:21:55	16.64	16.201	15.869	16.638	17.26	17.452	415.42	415.34
13:22:57	16.637	16.199	15.871	16.522	17.251	17.452	415.42	415.34
13:23:55	16.637	16.2	15.826	16.341	17.254	17.452	415.42	415.34
13:24:56	16.638	16.198	15.83	16.296	17.245	17.444	415.42	415.34
13:25:55	0.0	16.199	15.754	16.251	17.255	17.448	415.42	415.34
13:26:55	16.638	16.202	15.668	16.011	17.26	17.447	415.42	415.34
13:27:55	16.641	16.204	15.613	15.67	17.262	17.452	415.42	415.34
13:28:56	16.64	16.207	15.593	15.615	17.258	17.452	415.42	415.34
13:29:55	16.64	16.205	15.607	15.781	17.261	17.448	415.42	415.34
13:30:55	16.641	16.204	15.714	16.121	17.256	17.448	415.42	415.34
13:31:55	16.64	16.203	15.751	16.3	17.258	17.455	415.42	415.34
13:32:55	16.638	16.204	15.787	16.483	17.261	17.454	415.42	415.34
13:33:55	16.639	16.202	15.826	16.537	17.257	17.45	415.42	415.34
13:34:55	16.64	16.203	15.858	16.598	17.253	17.447	415.42	415.34
13:35:55	16.641	16.204	15.88	16.633	17.258	17.452	415.42	415.34
13:36:55	16.64	16.204	15.876	16.518	17.241	17.452	415.42	415.34
13:37:55	16.64	16.204	15.857	16.375	17.249	17.454	415.42	415.34
13:38:55	16.638	16.204	15.811	16.24	17.246	17.459	415.42	415.34
13:39:55	16.638	16.204	15.748	16.15	17.254	17.449	415.42	415.34
13:40:55	16.639	16.204	15.673	15.906	17.255	17.444	415.42	415.34
13:41:55	16.639	16.206	15.588	15.786	17.258	17.452	415.42	415.34
13:42:55	16.64	16.205	15.628	15.842	17.256	17.452	415.42	415.34
13:43:55	16.639	16.205	15.739	16.166	17.247	17.455	415.42	415.34
13:44:55	16.641	16.205	15.779	16.346	17.237	17.451	415.42	415.34
13:45:55	16.64	16.203	15.825	16.486	17.249	17.453	415.42	415.34
13:46:55	0.0	16.202	15.848	16.597	17.256	17.446	415.42	415.34
13:47:55	16.64	16.202	15.885	16.643	17.249	17.45	415.42	415.34
13:48:55	16.641	16.202	15.923	16.663	17.254	17.453	415.42	415.34
13:49:55	16.641	16.201	15.907	16.577	17.249	17.452	415.42	415.34
13:50:55	16.64	16.2	15.852	16.407	17.252	17.455	415.42	415.34
13:51:55	16.641	16.2	15.776	16.326	17.251	17.457	415.42	415.34
13:52:55	16.64	16.203	15.734	16.159	17.255	17.45	415.42	415.34
13:53:55	16.642	16.204	15.695	16.005	17.255	17.448	415.42	415.34
13:54:55	16.641	16.203	15.599	15.87	17.253	17.447	415.42	415.34
13:55:55	16.64	16.2	15.605	15.917	17.251	17.452	415.42	415.34
13:56:55	16.64	16.2	15.707	16.184	17.256	17.452	415.42	415.34
13:57:55	16.641	16.198	15.77	16.402	17.246	17.446	415.42	415.34
13:58:55	16.64	16.199	15.805	16.524	17.246	17.448	415.42	415.34
13:59:55	16.642	16.201	15.838	16.623	17.253	17.45	415.42	415.34
14:00:55	16.641	16.203	15.88	16.676	17.252	17.452	415.42	415.34
14:01:56	16.641	16.203	15.909	16.698	17.256	17.453	415.42	415.34
14:02:55	16.642	16.203	15.919	16.609	17.255	17.447	415.42	415.34
14:03:55	16.642	16.203	15.87	16.423	17.261	17.449	415.42	415.34
14:04:55	16.641	16.204	15.803	16.333	17.264	17.457	415.42	415.34
14:05:55	16.639	16.205	15.748	16.224	17.263	17.45	415.42	415.34
14:06:55	16.639	16.203	15.681	16.045	17.252	17.446	415.42	415.34
14:07:55	16.64	16.201	15.6	15.844	17.255	17.45	415.42	415.34
14:08:55	16.641	16.202	15.622	15.911	17.256	17.448	415.42	415.34
14:09:55	16.64	16.202	15.728	16.204	17.25	17.442	415.42	415.34
14:10:55	16.64	16.202	15.788	16.38	17.248	17.447	415.42	415.34
14:11:55	16.64	16.202	15.823	16.539	17.246	17.442	415.42	415.34
14:12:55	16.639	16.201	15.861	16.623	17.251	17.444	415.42	415.34
14:13:56	16.638	16.201	15.902	16.674	17.249	17.45	415.42	415.34
14:14:55	16.639	16.202	15.933	16.734	17.25	17.451	415.42	415.34
14:15:55	16.64	16.203	15.931	16.654	17.25	17.443	415.42	415.34
14:16:55	16.641	16.202	15.869	16.533	17.254	17.444	415.42	415.34
14:17:55	16.641	16.201	15.793	16.431	17.248	17.448	415.42	415.34
14:18:55	16.639	16.201	15.739	16.208	17.255	17.449	415.42	415.34
14:19:55	16.64	16.202	15.655	15.979	17.263	17.449	415.42	415.34
14:20:55	16.639	16.202	15.608	15.747	17.255	17.452	415.42	415.34
14:21:55	16.64	16.204	15.559	15.741	17.252	17.457	415.42	415.34
14:22:55	16.641	16.205	15.595	15.87	17.258	17.456	415.42	415.34
14:23:55	16.641	16.203	15.715	16.16	17.26	17.448	415.42	415.34
14:24:55	16.643	16.205	15.764	16.33	17.249	17.453	415.42	415.34
14:25:55	16.642	16.205	15.809	16.466	17.249	17.458	415.42	415.34
14:26:55	16.643	16.207	15.825	16.552	17.257	17.452	415.42	415.34
14:27:55	16.643	16.205	15.86	16.612	17.26	17.448	415.42	415.34
14:28:55	16.643	16.205	15.892	16.681	17.252	17.445	415.42	415.34
14:29:55	16.642	16.205	15.918	16.554	17.252	17.445	415.42	415.34
14:30:55	16.641	16.207	15.864	16.305	17.241	17.45	415.42	415.34
14:31:55	16.64	16.205	15.828	16.297	17.249	17.449	415.42	415.34
14:32:55	16.641	16.205	15.786	16.251	17.25	17.456	415.42	415.34
14:33:55	16.642	16.203	15.723	16.052	17.254	17.449	415.42	415.34
14:34:55	16.641	16.204	15.626	15.841	17.257	17.449	415.42	415.34
14:35:55	16.641	16.201	15.577	15.759	17.248	17.449	415.42	415.34
14:36:55	16.641	16.2	15.556	15.614	17.25	17.452	415.42	415.34
14:37:55	16.64	16.201	15.586	15.74	17.256	17.449	415.42	415.34
14:38:55	16.638	16.203	15.703	16.101	17.255	17.451	415.42	415.34
14:39:55	16.638	16.203	15.76	16.326	17.243	17.451	415.42	415.34
14:40:55	16.64	16.204	15.793	16.462	17.248	17.446	415.42	415.34
14:41:55	16.64	16.205	15.826	16.55	17.253	17.449	415.42	415.34
14:42:55	16.643	16.207	15.861	16.574	17.256	17.447	415.42	415.34
14:43:55	16.642	16.208	15.887	16.608	17.247	17.459	415.42	415.34
14:44:55	16.641	16.207	15.917	16.503	17.252	17.455	415.42	415.34
14:45:55	16.642	16.206	15.877	16.337	17.252	0.0	415.42	415.34
14:46:55	16.64	16.205	15.829	16.276	17.254	17.447	415.42	415.34
14:47:55	16.638	16.204	15.754	16.198	17.245	17.449	415.42	415.34
14:48:55	16.641	16.205	15.663	15.999	17.249	17.454	415.42	415.34
14:49:56	16.64	16.203	15.657	15.951	17.258	17.456	415.42	415.34
14:50:55	16.641	16.202	15.762	16.243	17.258	17.454	415.42	415.34
14:51:55	16.641	16.202	15.832	16.426	17.259	17.447	415.42	415.34
14:52:55	16.643	16.202	15.874	16.562	17.253	17.442	415.42	415.34
14:53:55	16.642	16.201	15.906	16.614	17.247	17.446	415.42	415.34
14:54:55	16.642	16.2	15.935	16.668	17.247	17.445	415.42	415.34
14:55:55	16.64	16.202	15.968	16.732	17.241	17.458	415.42	415.34
14:56:55	16.64	16.202	16.003	16.663	17.253	17.453	415.42	415.34
14:57:55	16.642	16.202	15.932	16.455	17.254	17.448	415.42	415.34
14:58:55	16.642	16.204	15.847	16.376	17.247	17.448	415.42	415.34
14:59:55	16.642	16.205	15.784	16.17	17.255	17.446	415.42	415.34
15:00:55	16.641	16.208	15.718	15.999	17.262	17.458	415.42	415.34
15:01:55	16.64	16.209	15.662	15.877	17.261	17.455	415.42	415.34
15:02:55	16.641	16.209	15.673	15.869	17.263	17.449	415.42	415.34
15:03:55	16.641	16.208	15.77	16.158	17.248	17.454	415.42	415.34
15:04:55	16.641	16.209	15.82	16.372	17.263	17.457	415.42	415.34
15:05:55	16.641	16.21	15.869	16.534	17.255	17.453	415.42	415.34
15:06:55	16.641	16.208	15.897	16.57	17.257	17.457	415.42	415.34
15:07:55	16.642	16.207	15.92	16.666	17.255	17.455	415.42	415.34
15:08:55	16.641	16.207	15.963	16.734	17.251	17.447	415.42	415.34
15:09:55	16.64	16.206	15.983	16.696	17.245	17.45	415.42	415.34
15:10:55	16.641	16.207	15.918	16.53	17.242	17.446	415.42	415.34
15:11:56	16.641	16.204	15.84	16.424	17.248	17.448	415.42	415.34
15:12:55	0.0	16.204	15.836	16.325	17.248	17.447	415.42	415.34
15:13:55	16.641	16.206	15.803	16.258	17.259	17.443	415.42	415.34
15:14:55	16.641	16.206	15.741	15.919	17.255	17.449	415.42	415.34
15:15:55	16.641	16.206	15.677	15.682	17.251	17.447	415.42	415.34
15:16:55	16.641	16.204	15.655	15.567	17.245	17.446	415.42	415.34
15:17:56	16.643	16.205	15.661	15.716	17.256	17.447	415.42	415.34
15:18:55	16.643	16.207	15.778	16.103	17.255	17.447	415.42	415.34
15:19:55	16.643	16.205	15.813	16.293	17.252	17.458	415.42	415.34
15:20:55	16.642	16.207	15.844	16.439	17.253	17.456	415.42	415.34
15:21:55	16.642	16.205	15.873	16.527	17.261	17.45	415.42	415.34
15:22:55	16.643	16.204	15.892	16.578	17.262	17.446	415.42	415.34
15:23:55	16.642	16.202	15.929	16.604	17.255	17.443	415.42	415.34
15:24:55	16.641	16.203	15.945	16.559	17.259	17.443	415.42	415.34
15:25:55	16.641	16.203	15.878	16.324	17.251	17.442	415.42	415.34
15:26:55	16.641	16.203	15.812	16.247	17.246	17.45	415.42	415.34
15:27:55	16.643	16.204	15.79	16.187	17.25	17.446	415.42	415.34
15:28:55	16.643	16.206	15.741	15.989	17.257	17.448	415.42	415.34
15:29:55	16.644	16.205	15.677	15.827	17.257	17.447	415.42	415.34
15:30:55	16.643	16.204	15.655	15.71	17.261	17.448	415.42	415.34
15:31:55	16.644	16.205	15.596	15.668	17.252	17.445	415.42	415.34
15:32:55	16.643	16.205	15.616	15.775	17.247	17.45	415.42	415.34
15:33:55	16.641	16.204	15.726	16.107	17.252	17.444	415.42	415.34
15:34:55	16.642	16.204	15.776	16.335	17.242	17.443	415.42	415.34
15:35:55	16.642	16.205	15.827	16.459	17.251	17.446	415.42	415.34
15:36:55	16.642	16.205	15.862	16.548	17.25	17.451	415.42	415.34
15:37:56	16.641	16.203	15.875	16.602	17.243	17.443	0.0	415.34
15:38:55	16.641	16.203	15.901	16.65	17.239	17.444	415.42	415.34
15:39:55	16.642	16.203	15.933	16.548	17.248	17.447	415.42	415.34
15:40:55	16.643	16.204	15.886	16.361	17.258	17.452	415.42	415.34
15:41:55	16.643	16.205	15.822	16.354	17.259	17.451	415.42	415.34
15:42:55	16.642	16.205	15.807	16.26	17.254	17.449	415.42	415.34
15:43:55	16.642	16.204	15.716	16.022	17.254	17.448	415.42	415.34
15:44:57	16.643	16.205	15.654	15.802	17.247	17.447	415.42	415.34
15:45:55	16.641	16.202	15.61	15.776	17.247	17.442	415.42	415.34
15:46:55	16.642	16.203	15.572	15.704	17.247	17.445	415.42	415.34
15:47:55	16.643	16.205	15.588	15.736	17.246	17.447	415.42	415.34
15:48:55	16.644	16.206	15.699	16.088	17.254	17.447	415.42	415.34
15:49:55	16.645	16.206	15.747	16.328	17.254	17.448	415.42	415.34
15:50:55	16.645	16.207	15.808	16.465	17.262	17.448	415.42	415.34
15:51:55	16.644	16.205	15.852	16.579	17.258	17.451	415.42	415.34
15:52:55	16.644	16.206	15.875	16.617	17.26	17.457	415.42	415.34
15:53:55	16.642	16.205	15.89	16.616	17.257	17.444	415.42	415.34
15:54:55	16.643	16.205	15.923	16.606	17.25	17.45	415.42	415.34
15:55:55	16.644	16.205	15.89	16.405	17.251	17.45	415.42	415.34
15:56:55	16.643	16.206	15.808	16.349	17.241	17.45	415.42	415.34
15:57:55	16.645	16.207	15.789	16.303	17.24	17.444	415.42	415.34
15:58:55	16.644	16.205	15.74	16.158	17.249	17.447	415.42	415.34
15:59:55	16.643	16.206	15.67	16.036	17.257	17.454	415.42	415.34
16:00:55	16.645	16.208	15.645	15.954	17.259	17.451	415.42	415.34
16:01:55	16.644	16.21	15.601	15.859	17.252	17.453	415.42	415.34
16:02:55	16.644	16.21	15.6	15.839	17.259	17.457	415.42	415.34
16:03:55	16.646	16.21	15.564	15.678	17.258	17.449	415.42	415.34
16:04:55	16.645	16.21	15.562	15.579	17.256	17.452	415.42	415.34
16:05:55	16.645	16.211	15.527	15.631	17.256	17.447	415.42	415.34
16:06:57	16.644	16.211	15.665	16.023	17.247	17.454	415.42	415.34
16:07:55	16.645	16.211	15.719	16.23	17.255	17.448	415.42	415.34
16:08:55	16.645	16.21	15.762	16.419	17.252	17.447	415.42	415.34
16:09:55	16.644	16.208	15.788	16.471	17.252	17.446	415.42	415.34
16:10:55	16.645	16.206	15.818	16.516	17.248	17.454	415.42	415.34
16:11:55	16.645	16.204	15.831	16.573	17.247	17.447	415.42	415.34
16:12:55	16.645	16.204	15.844	16.527	17.256	17.448	415.42	415.34
16:13:55	16.645	16.206	15.82	16.33	17.249	17.445	415.42	415.34
16:14:55	16.645	16.205	15.803	16.193	17.251	17.45	415.42	415.34
16:15:55	16.644	16.203	15.774	16.133	17.237	17.447	415.42	415.34
16:16:55	16.644	16.204	15.67	15.988	17.249	17.448	415.42	415.34
16:17:55	16.644	16.201	15.581	15.735	17.249	17.443	415.42	415.34
16:18:55	16.643	16.202	15.55	15.625	17.252	17.443	415.42	415.34
16:19:55	16.643	16.202	15.55	15.745	17.255	17.439	415.42	415.34
16:20:55	16.642	16.205	15.677	16.086	17.238	17.443	415.42	415.34
16:21:55	16.642	16.204	15.758	16.273	17.247	17.439	415.42	415.34
16:22:55	16.643	16.205	15.795	16.409	17.248	17.44	415.42	415.34
16:23:55	16.643	16.205	15.813	16.523	17.257	17.451	415.42	415.34
16:24:55	16.643	16.206	15.844	16.59	17.247	17.451	415.42	415.34
16:25:55	16.644	16.204	15.894	16.615	17.254	17.454	415.42	415.34
16:26:55	16.643	16.207	15.887	16.517	17.253	17.443	415.42	415.34
16:27:55	16.643	16.206	15.867	16.318	17.252	17.446	415.42	415.34
16:28:55	16.643	16.204	15.801	16.308	17.251	17.447	415.42	415.34
16:29:55	16.644	16.204	15.752	16.216	17.25	17.452	415.42	415.34
16:30:55	16.642	16.204	15.704	15.978	17.255	17.45	415.42	415.34
16:31:55	16.642	16.202	15.665	15.9	17.257	17.452	415.42	415.34
16:32:55	16.642	16.204	15.625	15.886	17.257	17.449	415.42	415.34
16:33:55	16.642	16.205	15.588	15.812	17.257	17.445	415.42	415.34
16:34:55	16.641	16.202	15.549	15.638	17.251	17.449	415.42	415.34
16:35:55	16.644	16.205	15.538	15.659	17.253	17.446	415.42	415.34
16:36:55	16.642	16.207	15.659	16.017	17.256	17.45	415.42	415.34
16:37:55	16.642	16.208	15.725	16.271	17.262	17.454	415.42	415.34
16:38:55	16.643	16.21	15.772	16.425	17.263	17.451	415.42	415.34
16:39:55	16.643	16.208	15.807	16.51	17.257	17.445	415.42	415.34
16:40:55	16.643	16.207	15.827	16.57	17.256	17.446	415.42	415.34
16:41:55	16.644	16.206	15.843	16.59	17.233	17.448	415.42	415.34
16:42:55	16.645	16.204	15.859	16.489	17.238	17.442	415.42	415.34
16:43:55	16.644	16.202	15.816	0.0	17.243	17.44	415.42	415.34
16:44:55	16.645	16.201	15.785	16.226	17.242	17.449	415.42	415.34
16:45:55	16.646	16.203	15.727	16.127	17.254	17.452	415.42	415.34
16:46:55	16.642	16.203	15.666	15.996	17.249	17.446	415.42	415.34
16:47:55	16.642	16.202	15.607	15.813	17.246	17.445	415.42	415.34
16:48:55	16.642	16.201	15.562	15.847	17.246	17.446	415.42	415.34
16:49:56	16.643	16.202	15.686	16.138	17.241	17.446	415.42	415.34
16:50:55	0.0	16.202	15.744	16.309	17.25	17.447	415.42	415.34
16:51:55	16.641	16.203	15.807	16.457	17.241	17.446	415.42	415.34
16:52:55	16.641	16.202	15.846	16.554	17.25	17.443	415.42	415.34
16:53:55	16.641	16.202	15.868	16.617	17.245	17.441	415.42	415.34
16:54:55	16.642	16.202	15.903	16.655	17.255	17.447	415.42	415.34
16:55:55	16.643	16.202	15.905	16.597	17.255	17.448	415.42	415.34
16:56:56	16.643	16.203	15.873	16.441	17.246	17.445	415.42	415.34
16:57:55	16.643	16.201	15.819	16.361	17.249	17.441	415.42	415.34
16:58:55	16.64	16.203	15.78	16.352	17.239	17.44	415.42	415.34
16:59:55	16.638	16.204	15.711	16.06	17.249	17.443	415.42	415.34
17:00:55	16.641	16.201	15.669	15.999	17.255	17.441	415.42	415.34
17:01:55	16.642	16.203	15.638	15.839	17.244	17.44	415.42	415.34
17:02:55	16.641	16.203	15.602	15.674	17.24	17.445	415.42	415.34
17:03:55	16.642	16.204	15.592	15.724	17.241	17.442	415.42	415.34
17:04:55	16.643	16.204	15.587	15.76	17.234	17.445	415.42	415.34
17:05:55	16.642	16.204	15.703	16.073	17.245	17.44	415.42	415.34
17:06:55	16.642	16.205	15.748	16.266	17.25	17.446	415.42	415.34
17:07:55	16.642	16.203	15.782	16.423	17.245	17.443	415.42	415.34
17:08:55	16.641	16.202	15.829	16.527	17.243	17.447	415.42	415.34
17:09:55	16.639	16.202	15.844	16.553	17.252	17.444	415.42	415.34
17:10:55	16.638	16.2	15.851	16.619	17.238	17.442	415.42	415.34
17:11:55	16.638	16.201	15.861	0.0	17.24	17.443	415.42	415.34
17:12:55	16.638	16.202	15.817	16.334	17.25	17.44	415.42	415.34
17:13:55	16.64	16.202	15.802	16.257	17.245	17.44	415.42	415.34
17:14:55	16.641	16.202	15.746	16.161	17.24	17.442	415.42	415.34
17:15:55	16.64	16.199	15.688	15.941	17.247	17.443	415.42	415.34
17:16:56	16.639	16.2	15.631	15.735	17.235	17.448	415.42	415.34
17:17:55	0.0	16.201	15.611	15.811	17.234	17.445	415.42	415.34
17:18:55	16.639	16.202	15.728	16.127	17.228	17.442	415.42	415.34
17:19:56	16.64	16.202	15.792	16.353	17.239	17.442	415.42	415.34
17:20:55	0.0	16.202	15.829	16.506	17.241	17.439	415.42	415.34
17:21:55	16.64	16.201	15.861	16.581	17.25	17.441	415.42	415.34
17:22:55	16.641	16.2	15.896	16.611	17.25	17.445	415.42	415.34
17:23:55	16.639	16.199	15.913	16.652	17.242	17.44	415.42	415.34
17:24:55	16.64	16.197	15.944	16.634	17.229	17.438	415.42	415.34
17:25:55	16.642	16.195	15.828	16.453	17.243	17.44	415.42	415.34
17:26:55	16.639	16.195	15.761	16.325	17.235	17.436	415.42	415.34
17:27:55	16.638	16.197	15.722	16.209	17.239	17.438	415.42	415.34
17:28:55	16.639	16.199	15.672	16.031	17.246	17.44	415.42	415.34
17:29:55	16.64	16.197	15.624	15.917	17.248	17.441	415.42	415.34
17:30:55	16.637	16.197	15.616	15.892	17.24	17.446	415.42	415.34
17:31:55	16.638	16.199	15.58	15.902	17.248	17.447	415.42	415.34
17:32:55	16.638	16.2	15.6	15.945	17.243	17.446	415.42	415.34
17:33:55	16.639	16.202	15.603	16.077	17.249	17.442	415.42	415.34
17:34:56	16.639	16.203	15.609	16.007	17.25	17.447	415.42	415.34
17:35:55	0.0	16.203	15.616	15.991	17.243	17.445	415.42	415.34
17:36:55	16.639	16.202	15.573	15.772	17.251	17.439	415.42	415.34
17:37:55	16.641	16.202	15.565	15.81	17.251	17.441	415.42	415.34
17:38:55	16.64	16.203	15.687	16.102	17.247	17.441	415.42	415.34
17:39:56	16.639	16.202	15.713	16.279	17.248	17.441	415.42	415.34
17:40:55	0.0	16.201	15.766	16.408	17.249	17.444	415.42	415.34
17:41:55	16.639	16.201	15.801	16.471	17.247	17.443	415.42	415.34
17:42:55	16.639	16.201	15.831	16.537	17.247	17.443	415.42	415.34
17:43:55	16.639	16.203	15.843	16.579	17.247	17.449	415.42	415.34
17:44:57	16.639	16.203	15.858	16.5	17.248	17.451	415.42	415.34
17:45:55	16.641	16.203	15.812	16.359	17.248	17.45	415.42	415.34
17:46:55	16.639	16.202	15.797	16.257	17.246	17.45	415.42	415.34
17:47:57	16.639	16.203	15.731	16.213	17.246	17.443	415.42	415.34
17:48:55	16.64	16.202	15.711	16.156	17.247	17.438	415.42	415.34
17:49:55	16.639	16.201	15.68	16.011	17.246	17.441	415.42	415.34
17:50:55	16.639	16.201	15.646	15.833	17.253	17.451	415.42	415.34
17:51:55	16.638	16.2	15.608	15.709	17.251	17.452	415.42	415.34
17:52:55	16.638	16.199	15.559	15.694	17.247	17.445	415.42	415.34
17:53:55	16.638	16.199	15.551	15.702	17.246	17.442	415.42	415.34
17:54:55	16.638	16.199	15.51	15.566	17.245	17.442	415.42	415.34
17:55:55	16.637	16.199	15.519	15.757	17.252	17.445	415.42	415.34
17:56:55	16.636	16.198	15.643	16.052	17.249	17.439	415.42	415.34
17:57:58	16.637	16.198	15.696	16.271	17.247	17.439	415.42	415.34
17:58:55	16.637	16.199	15.75	16.418	17.251	17.441	415.42	415.34
17:59:56	16.636	16.2	15.777	16.528	17.242	17.443	415.42	415.34
18:00:55	16.637	16.199	15.828	16.585	17.241	17.445	415.42	415.34
18:01:55	16.637	16.201	15.844	16.588	17.25	17.439	415.42	415.34
18:02:55	16.636	16.2	15.834	16.521	17.25	17.443	415.42	415.34
18:03:55	16.637	16.197	15.833	16.31	17.235	17.442	415.42	415.34
18:04:57	16.637	16.195	15.797	16.254	17.239	17.438	415.42	415.34
18:05:55	16.637	16.195	15.752	16.222	17.239	17.444	415.42	415.34
18:06:55	16.636	16.194	15.707	16.07	17.233	17.445	415.42	415.34
18:07:55	16.638	16.196	15.643	15.958	17.24	17.444	415.42	415.34
18:08:55	16.639	16.198	15.616	15.893	17.242	17.44	415.42	415.34
18:09:57	16.637	16.197	15.567	15.687	17.232	17.437	415.42	415.34
18:10:55	16.637	16.197	15.576	15.777	17.238	17.441	415.42	415.34
18:11:55	16.638	16.197	15.712	16.087	17.24	17.439	415.42	415.34
18:12:55	16.638	16.197	15.751	16.338	17.246	17.438	415.42	415.34
18:13:55	16.638	16.196	15.787	16.486	17.243	17.445	415.42	415.34
18:14:55	16.638	16.196	15.822	16.542	17.242	17.448	415.42	415.34
18:15:55	16.637	16.197	15.857	16.584	17.227	17.438	415.42	415.34
18:16:55	16.638	16.198	15.886	16.63	17.243	17.443	415.42	415.34
18:17:55	16.638	16.199	15.906	16.563	17.24	17.446	415.42	415.34
18:18:55	16.637	16.195	15.876	16.338	17.241	17.45	415.42	415.34
18:19:55	16.639	16.194	15.789	16.257	17.242	17.438	415.42	415.34
18:20:55	16.639	16.193	15.738	16.194	17.246	17.442	415.42	415.34
18:21:55	16.637	16.193	15.673	15.962	17.245	17.433	415.42	415.34
18:22:55	16.637	16.192	15.624	15.956	17.25	17.431	415.42	415.34
18:23:55	16.638	16.192	15.743	16.199	17.245	17.436	415.42	415.34
18:24:55	16.638	16.193	15.792	16.401	17.245	17.435	415.42	415.34
18:25:55	16.637	16.192	15.836	16.532	17.249	17.436	415.42	415.34
18:26:55	16.636	16.19	15.868	16.615	17.241	17.436	415.42	415.34
18:27:55	16.637	16.189	15.907	16.669	17.237	17.433	415.42	415.34
18:28:55	16.637	16.191	15.934	16.717	17.24	17.433	415.42	415.34
18:29:55	16.636	16.19	15.964	16.666	17.247	17.438	415.42	415.34
18:30:55	16.635	16.19	15.911	16.495	17.245	17.437	415.42	415.34
18:31:56	16.635	16.191	15.822	16.382	17.237	17.44	415.42	415.34
18:32:55	16.635	16.192	15.783	16.258	17.235	17.449	415.42	415.34
18:33:55	16.636	16.191	15.747	16.144	17.237	17.438	415.42	415.34
18:34:57	16.636	16.189	15.688	16.005	17.245	17.435	415.42	415.34
18:35:55	16.636	16.192	15.646	15.994	17.25	17.44	415.42	415.34
18:36:56	16.635	16.193	15.628	15.929	17.239	17.434	415.42	415.34
18:37:55	16.635	16.191	15.643	15.842	17.246	17.438	415.42	415.34
18:38:55	16.637	16.19	15.61	15.719	17.247	17.44	415.42	415.34
18:39:57	16.636	16.192	15.617	15.854	17.244	17.439	415.42	415.34
18:40:55	16.637	16.192	15.724	16.15	17.24	17.447	415.42	415.34
18:41:55	16.635	16.192	15.792	16.366	17.24	17.44	415.42	415.34
18:42:57	16.635	16.191	15.836	16.501	17.245	17.438	415.42	415.34
18:43:55	16.635	16.192	15.857	16.546	17.236	17.435	415.42	415.34
18:44:55	16.634	16.192	15.878	16.599	17.24	17.439	415.42	415.34
18:45:55	16.634	16.194	15.926	16.592	17.242	17.437	415.42	415.34
18:46:55	16.634	16.192	15.93	16.564	17.235	17.437	415.42	415.34
18:47:55	16.636	16.192	15.9	16.419	17.245	17.431	415.42	415.34
18:48:55	16.635	16.191	15.806	16.358	17.239	17.441	415.42	415.34
18:49:55	16.634	16.19	15.742	16.219	17.242	17.435	415.42	415.34
18:50:55	16.634	16.189	15.709	16.064	17.239	17.443	415.42	415.34
18:51:55	16.632	16.191	15.642	15.954	17.243	17.441	415.42	415.34
18:52:55	16.632	16.192	15.644	16.03	17.238	17.439	415.42	415.34
18:53:55	16.632	16.192	15.757	16.235	17.241	17.439	415.42	415.34
18:54:55	16.631	16.19	15.803	16.402	17.239	17.438	415.42	415.34
18:55:55	16.633	16.191	15.852	16.525	17.232	17.439	415.42	415.34
18:56:55	16.634	16.19	15.894	16.594	17.241	17.443	415.42	415.34
18:57:55	16.633	16.192	15.929	16.65	17.245	17.439	415.42	415.34
18:58:55	16.634	16.192	15.974	16.674	17.242	17.441	415.42	415.34
18:59:55	16.636	16.192	15.971	16.614	17.245	17.436	415.42	415.34
19:00:55	16.634	16.191	15.868	16.466	17.245	17.44	415.42	415.34
19:01:55	16.634	16.192	15.806	16.328	17.246	17.436	415.42	415.34
19:02:56	16.635	16.193	15.795	16.344	17.235	17.437	415.42	415.34
19:03:55	16.635	16.192	15.876	16.463	17.239	17.437	415.42	415.34
19:04:55	16.633	16.192	15.923	16.556	17.243	17.44	415.42	415.34
19:05:56	16.633	16.191	15.966	16.605	17.242	17.431	415.42	415.34
19:06:55	0.0	16.192	16.011	16.668	17.239	17.437	415.42	415.34
19:07:55	16.631	16.192	16.047	16.704	17.242	17.447	415.42	415.34
19:08:55	16.632	16.193	16.052	16.731	17.248	17.439	415.42	415.34
19:09:55	16.633	16.194	15.902	16.683	17.237	17.441	415.42	415.34
19:10:55	16.634	16.192	15.829	16.597	17.232	17.434	415.42	415.34
19:11:55	16.634	16.195	15.823	16.579	17.235	17.442	415.42	415.34
19:12:57	16.634	16.194	15.772	16.557	17.243	17.444	415.42	415.34
19:13:55	16.634	16.192	15.735	16.542	17.232	17.441	415.42	415.34
19:14:55	16.633	16.193	15.813	16.556	17.236	17.44	415.42	415.34
19:15:55	16.633	16.192	15.87	16.638	17.229	17.443	415.42	415.34
19:16:55	16.633	16.193	15.897	16.695	17.244	17.445	415.42	415.34
19:17:55	16.634	16.192	15.923	16.726	17.239	17.44	415.42	415.34
19:18:55	16.634	16.194	15.965	16.764	17.237	17.436	415.42	415.34
19:19:55	16.634	16.194	15.999	16.787	17.236	17.434	415.42	415.34
19:20:55	16.632	16.193	16.006	16.835	17.245	17.433	415.42	415.34
19:21:55	16.631	16.192	15.964	16.867	17.246	17.433	415.42	415.34
19:22:56	16.634	16.189	15.949	16.837	17.242	17.44	415.42	415.34
19:23:55	16.632	16.192	15.926	16.822	17.233	17.442	415.42	415.34
19:24:55	16.633	16.192	15.842	16.812	17.237	17.442	415.42	415.34
19:25:55	16.632	16.194	15.833	16.795	17.245	17.435	415.42	415.34
19:26:55	16.633	16.193	15.902	16.788	17.229	17.436	415.42	415.34
19:27:56	16.633	16.191	15.953	16.84	17.24	17.437	415.42	415.34
19:28:55	16.634	16.193	15.996	16.916	17.242	17.44	415.42	415.34
19:29:55	16.633	16.194	16.029	16.993	17.245	17.436	415.42	415.34
19:30:55	16.635	16.193	16.057	16.993	17.248	17.436	415.42	415.34
19:31:55	16.632	16.192	16.092	17.03	17.246	17.439	415.42	415.34
19:32:56	16.634	16.192	16.096	17.058	17.252	17.443	415.42	415.34
19:33:55	16.634	16.188	16.045	17.046	17.248	17.441	415.42	415.34
19:34:55	16.635	16.189	15.949	16.989	17.245	17.441	415.42	415.34
19:35:56	16.634	16.19	15.931	16.928	17.248	17.441	415.42	415.34
19:36:56	16.633	16.192	15.882	16.911	17.255	17.441	415.42	415.34
19:37:56	16.634	16.193	15.835	16.885	17.254	17.437	415.42	415.34
19:38:55	16.633	16.194	15.792	16.849	17.247	17.439	415.42	415.34
19:39:55	16.632	16.193	15.907	16.865	17.247	17.44	415.42	415.34
19:40:55	16.633	16.189	15.972	16.932	17.249	17.441	415.42	415.34
19:41:55	16.633	16.192	16.005	16.989	17.241	17.436	415.42	415.34
19:42:56	16.632	16.192	16.033	17.019	17.241	17.442	415.42	415.34
19:43:56	16.632	16.193	16.052	17.048	17.24	17.443	415.42	415.34
19:44:56	0.0	16.192	16.094	17.08	17.235	17.437	415.42	415.34
19:45:55	16.633	16.191	16.114	17.109	17.245	17.436	415.42	415.34
19:46:56	16.633	16.189	16.057	17.111	17.247	17.441	415.42	415.34
19:47:56	16.633	16.189	15.964	17.04	17.246	17.44	415.42	415.34
19:48:55	16.633	16.192	15.928	16.985	17.247	17.44	415.42	415.34
19:49:55	16.633	16.192	15.907	16.974	17.242	17.444	415.42	415.34
19:50:55	16.631	16.191	15.844	16.949	17.236	17.441	415.42	415.34
19:51:55	16.633	16.191	15.821	16.914	17.239	17.439	415.42	415.34
19:52:55	16.635	16.194	15.922	16.919	17.247	17.447	415.42	415.34
19:53:55	16.635	16.196	15.975	16.967	17.24	17.445	415.42	415.34
19:54:55	16.634	16.197	16.009	17.007	17.25	17.45	415.42	415.34
19:55:56	16.633	16.197	16.023	17.051	17.253	17.452	415.42	415.34
19:56:55	16.634	16.197	16.055	17.076	17.248	17.442	415.42	415.34
19:57:55	16.634	16.197	16.085	17.098	17.236	17.441	415.42	415.34
19:58:55	16.636	16.196	16.094	17.124	17.236	17.449	415.42	415.34
19:59:56	16.636	16.196	16.053	17.127	17.246	17.445	415.42	415.34
20:00:55	16.635	16.193	16.034	17.099	17.248	17.438	415.42	415.34
20:01:56	16.635	16.195	16.014	17.059	17.245	17.44	415.42	415.34
20:02:56	16.636	16.195	15.996	17.047	17.252	17.44	415.42	415.34
20:03:55	16.634	16.196	15.893	17.001	17.247	17.449	415.42	415.34
20:04:55	16.634	16.195	15.859	16.944	17.231	17.443	415.42	415.34
20:05:55	16.636	16.195	15.948	16.946	17.244	17.443	415.42	415.34
20:06:56	16.635	16.194	16.007	16.993	17.244	17.445	415.42	415.34
20:07:55	16.637	16.194	16.031	17.035	17.245	17.444	415.42	415.34
20:08:55	16.635	16.195	16.05	17.06	17.244	17.439	415.42	415.34
20:09:55	16.635	16.195	16.069	17.084	17.234	17.442	415.42	415.34
20:10:55	16.634	16.196	16.079	17.114	17.25	17.438	415.42	415.34
20:11:55	16.635	16.198	16.097	17.14	17.253	17.437	415.42	415.34
20:12:56	16.634	16.198	16.063	17.14	17.254	17.438	415.42	415.34
20:13:55	16.634	16.198	16.047	17.114	17.245	17.439	415.42	415.34
20:14:55	16.636	16.2	16.028	17.086	17.241	17.44	415.42	415.34
20:15:55	16.636	16.201	15.97	17.091	17.25	17.445	415.42	415.34
20:16:56	16.635	16.201	15.917	17.08	17.254	17.442	415.42	415.34
20:17:55	16.636	16.201	15.885	17.044	17.256	17.439	415.42	415.34
20:18:55	16.637	16.2	15.98	17.051	17.253	17.443	415.42	415.34
20:19:55	16.635	16.2	16.03	17.116	17.233	17.437	415.42	415.34
20:20:55	16.636	16.2	16.075	17.164	17.234	17.435	415.42	415.34
20:21:55	16.636	16.199	16.11	17.218	17.248	17.441	415.42	415.34
20:22:55	16.636	16.201	16.157	17.254	17.253	17.44	415.42	415.34
20:23:56	16.635	16.2	16.177	17.282	17.25	17.437	415.42	415.34
20:24:55	16.636	16.202	16.088	17.23	17.248	17.447	415.42	415.34
20:25:56	16.636	16.2	15.996	17.17	17.25	17.446	415.42	415.34
20:26:55	16.636	16.2	15.939	17.12	17.246	17.441	415.42	415.34
20:27:56	16.636	16.2	15.895	17.065	17.252	17.444	415.42	415.34
20:28:55	0.0	16.201	15.894	17.048	17.253	17.437	415.42	415.34
20:29:56	16.636	16.2	15.845	17.055	17.246	17.438	415.42	415.34
20:30:55	16.638	16.2	15.775	17.036	17.242	17.444	415.42	415.34
20:31:55	16.637	16.199	15.802	17.023	17.24	17.448	415.42	415.34
20:32:57	16.638	16.199	15.915	17.025	17.243	17.446	415.42	415.34
20:33:55	16.639	16.199	15.976	17.082	17.247	17.439	415.42	415.34
20:34:57	16.638	16.2	16.026	17.157	17.251	17.437	415.42	415.34
20:35:55	16.638	16.202	16.061	17.214	17.251	17.444	415.42	415.34
20:36:55	16.638	16.2	16.095	17.24	17.249	17.441	415.42	415.34
20:37:56	16.637	16.2	16.118	17.257	17.251	17.44	415.42	415.34
20:38:55	16.638	16.2	16.051	17.214	17.253	17.441	415.42	415.34
20:39:55	16.64	16.199	15.954	17.117	17.251	17.44	415.42	415.34
20:40:55	16.641	16.201	15.917	17.062	17.252	17.439	415.42	415.34
20:41:55	16.641	16.202	15.916	17.027	17.254	17.438	415.42	415.34
20:42:55	16.641	16.202	15.884	17.027	17.248	17.437	415.42	415.34
20:43:56	16.64	16.201	15.796	16.985	17.247	17.435	415.42	415.34
20:44:56	16.639	16.201	15.788	16.948	17.25	17.44	415.42	415.34
20:45:55	16.64	16.201	15.893	16.947	17.239	17.438	415.42	415.34
20:46:55	16.638	16.202	15.952	17.007	17.243	17.442	415.42	415.34
20:47:55	16.639	16.202	15.986	17.066	17.253	17.436	415.42	415.34
20:48:56	16.638	16.202	16.022	17.105	17.244	17.436	415.42	415.34
20:49:55	16.64	16.203	16.055	17.137	17.245	17.443	415.42	415.34
20:50:55	16.639	16.205	16.082	17.167	17.254	17.44	415.42	415.34
20:51:55	16.639	16.204	16.097	17.188	17.247	17.439	415.42	415.34
20:52:55	16.641	16.205	16.058	17.198	17.247	17.443	415.42	415.34
20:53:55	16.64	16.204	15.96	17.105	17.255	17.443	415.42	415.34
20:54:55	16.642	16.204	15.962	17.043	17.252	17.439	415.42	415.34
20:55:55	16.641	16.203	15.926	17.038	17.254	17.437	415.42	415.34
20:56:55	16.642	16.204	15.894	17.017	17.256	17.441	415.42	415.34
20:57:55	16.64	16.204	15.902	16.991	17.259	17.441	415.42	415.34
20:58:55	16.641	16.205	15.963	16.995	17.246	17.441	415.42	415.34
20:59:55	16.64	16.207	16.005	17.047	17.249	17.442	415.42	415.34
21:00:55	16.64	16.206	16.036	17.079	17.251	17.44	415.42	415.34
21:01:55	16.641	16.207	16.059	17.111	17.254	17.439	415.42	415.34
21:02:55	16.643	16.208	16.089	17.141	17.256	17.441	415.42	415.34
21:03:58	16.644	16.208	16.124	17.167	17.253	17.439	415.42	415.34
21:04:55	16.643	16.207	16.153	17.195	17.254	17.438	415.42	415.34
21:05:55	16.643	16.206	16.112	17.197	17.253	17.441	415.42	415.34
21:06:55	16.643	16.207	16.013	17.106	17.259	17.447	415.42	415.34
21:07:56	16.641	16.208	15.982	17.064	17.257	17.444	415.42	415.34
21:08:55	16.643	16.209	15.975	17.045	17.252	17.448	415.42	415.34
21:09:56	16.641	16.207	15.917	17.02	17.255	17.44	415.42	415.34
21:10:55	16.642	16.208	15.898	17.012	17.255	17.442	415.42	415.34
21:11:56	16.643	16.21	15.848	16.992	17.256	17.439	415.42	415.34
21:12:55	16.644	16.211	15.843	16.956	17.25	17.436	415.42	415.34
21:13:56	16.643	16.21	15.931	16.962	17.255	17.44	415.42	415.34
21:14:56	16.641	16.21	15.989	17.016	17.257	17.441	415.42	415.34
21:15:56	16.643	16.209	16.02	17.07	17.255	17.44	415.42	415.34
21:16:55	16.643	16.211	16.047	17.109	17.257	17.439	415.42	415.34
21:17:55	16.643	16.211	16.072	17.131	17.253	17.438	415.42	415.34
21:18:55	16.644	16.21	16.1	17.15	17.255	17.434	415.42	415.34
21:19:55	16.644	16.21	16.109	17.17	17.257	17.437	415.42	415.34
21:20:56	16.644	16.211	16.07	17.154	17.26	17.441	415.42	415.34
21:21:55	16.644	16.21	16.042	17.135	17.255	17.444	415.42	415.34
21:22:55	16.643	16.21	16.023	17.114	17.255	17.438	415.42	415.34
21:23:55	16.645	16.21	15.968	17.093	17.256	17.44	415.42	415.34
21:24:55	16.644	16.211	15.945	17.055	17.252	17.443	415.42	415.34
21:25:56	16.644	16.211	16.005	17.035	17.254	17.441	415.42	415.34
21:26:55	16.645	16.21	16.055	17.075	17.255	17.441	415.42	415.34
21:27:55	16.646	16.212	16.076	17.111	17.262	17.442	415.42	415.34
21:28:55	16.645	16.212	16.105	17.146	17.26	17.444	415.42	415.34
21:29:56	16.645	16.212	16.129	17.17	17.264	17.446	415.42	415.34
21:30:55	16.645	16.212	16.151	17.187	17.261	17.442	415.42	415.34
21:31:56	16.646	16.212	16.137	17.204	17.256	17.439	415.42	415.34
21:32:56	16.646	16.211	15.972	17.109	17.262	17.438	415.42	415.34
21:33:56	16.646	16.211	15.912	16.998	17.258	17.439	415.42	415.34
21:34:55	16.648	16.21	15.892	16.961	17.259	17.442	415.42	415.34
21:35:55	16.647	16.211	15.914	16.963	17.26	17.443	415.42	415.34
21:36:55	16.647	16.21	15.91	16.973	17.262	17.44	415.42	415.34
21:37:56	16.648	16.211	15.9	16.976	17.256	17.45	415.42	415.34
21:38:55	16.647	16.211	15.942	16.971	17.256	17.444	415.42	415.34
21:39:55	16.646	16.211	15.977	16.996	17.259	17.451	415.42	415.34
21:40:56	16.646	16.213	16.021	17.045	17.266	17.445	415.42	415.34
21:41:56	16.646	16.214	16.061	17.101	17.255	17.446	415.42	415.34
21:42:55	16.647	16.215	16.092	17.149	17.258	17.44	415.42	415.34
21:43:56	16.647	16.216	16.127	17.193	17.264	17.441	415.42	415.34
21:44:55	16.649	16.216	16.161	17.236	17.262	17.443	415.42	415.34
21:45:55	16.648	16.215	16.157	17.27	17.261	17.446	415.42	415.34
21:46:56	16.649	16.219	16.026	17.219	17.263	17.443	415.42	415.34
21:47:55	16.649	16.218	15.984	17.105	17.258	17.445	415.42	415.34
21:48:55	16.649	16.218	15.967	17.054	17.26	17.446	415.42	415.34
21:49:55	16.648	16.218	15.921	17.04	17.256	17.444	415.42	415.34
21:50:55	16.65	16.217	15.848	17.011	17.255	17.444	415.42	415.34
21:51:56	16.65	16.216	15.846	16.975	17.251	17.441	415.42	415.34
21:52:56	16.651	16.215	15.939	16.974	17.254	17.44	415.42	415.34
21:53:57	16.65	16.214	16.012	17.033	17.261	17.441	415.42	415.34
21:54:55	0.0	16.215	16.048	17.086	17.267	17.445	415.42	415.34
21:55:55	16.65	16.217	16.079	17.12	17.267	17.441	415.42	415.34
21:56:55	16.649	16.216	16.099	17.151	17.264	17.442	415.42	415.34
21:57:56	16.65	16.217	16.123	17.175	17.259	17.441	415.42	415.34
21:58:55	16.649	16.216	16.133	17.199	17.26	17.443	415.42	415.34
21:59:56	16.647	16.217	16.101	17.202	17.258	17.445	415.42	415.34
22:00:57	16.649	16.214	15.991	17.103	17.257	17.444	415.42	415.34
22:01:55	16.65	16.213	15.956	17.052	17.254	17.441	415.42	415.34
22:02:56	16.65	16.212	15.921	17.018	17.256	17.441	415.42	415.34
22:03:55	16.65	16.212	15.918	17.013	17.262	17.441	415.42	415.34
22:04:56	16.651	16.214	15.943	17.01	17.266	17.44	415.42	415.34
22:05:56	16.652	16.214	16.008	17.021	17.259	17.44	415.42	415.34
22:06:56	16.652	16.215	16.052	17.076	17.267	17.442	415.42	415.34
22:07:56	16.653	16.216	16.082	17.12	17.266	17.441	415.42	415.34
22:08:56	16.653	16.216	16.121	17.149	17.26	17.444	415.42	415.34
22:09:56	16.652	16.218	16.144	17.178	17.262	17.445	415.42	415.34
22:10:55	16.652	16.218	16.169	17.206	17.257	17.441	415.42	415.34
22:11:56	16.65	16.219	16.163	17.23	17.267	17.441	415.42	415.34
22:12:56	16.65	16.219	16.033	17.175	17.268	17.445	415.42	415.34
22:13:56	16.653	16.222	15.965	17.055	17.266	17.443	415.42	415.34
22:14:55	16.652	16.222	15.962	17.021	17.268	17.452	415.42	415.34
22:15:56	16.653	16.223	15.897	17.011	17.267	17.446	415.42	415.34
22:16:55	16.652	16.224	15.892	16.989	17.269	17.444	415.42	415.34
22:17:56	16.654	16.224	15.96	16.961	17.263	17.445	415.42	415.34
22:18:56	16.654	16.224	16.017	17.009	17.265	17.448	415.42	415.34
22:19:55	16.654	16.225	16.048	17.06	17.265	17.453	415.42	415.34
22:20:56	16.654	16.225	16.079	17.103	17.263	17.451	415.42	415.34
22:21:55	16.654	16.225	16.102	17.139	17.271	17.445	415.42	415.34
22:22:57	16.655	16.224	16.136	17.171	17.269	17.445	415.42	415.34
22:23:56	0.0	16.225	16.161	17.2	17.274	17.446	415.42	415.34
22:24:55	16.656	16.226	16.101	17.209	17.272	17.446	415.42	415.34
22:25:55	16.656	16.227	16.013	17.132	17.27	17.446	415.42	415.34
22:26:55	16.655	16.226	15.993	17.066	17.265	17.446	415.42	415.34
22:27:55	16.655	16.226	15.968	17.046	17.266	17.448	415.42	415.34
22:28:55	16.656	16.227	15.906	17.027	17.268	17.446	415.42	415.34
22:29:55	16.656	16.228	15.888	16.981	17.265	17.445	415.42	415.34
22:30:55	16.655	16.227	15.977	16.989	17.264	17.445	415.42	415.34
22:31:56	16.654	16.227	16.042	17.043	17.269	17.452	415.42	415.34
22:32:55	16.655	16.227	16.081	17.093	17.266	17.448	415.42	415.34
22:33:55	16.655	16.229	16.101	17.129	17.274	17.45	415.42	415.34
22:34:56	16.656	16.228	16.127	17.154	17.275	17.452	415.42	415.34
22:35:55	16.656	16.228	16.153	17.184	17.271	17.453	415.42	415.34
22:36:56	16.657	16.229	16.168	17.203	17.276	17.449	415.42	415.34
22:37:55	16.656	16.229	16.105	17.184	17.278	17.448	415.42	415.34
22:38:56	16.657	16.229	16.007	17.107	17.274	17.446	415.42	415.34
22:39:57	16.657	16.23	16.007	17.061	17.275	17.449	415.42	415.34
22:40:56	16.658	16.23	15.967	17.054	17.274	17.448	415.42	415.34
22:41:56	16.658	16.231	15.939	17.031	17.269	17.449	415.42	415.34
22:42:55	16.658	16.23	15.918	16.993	17.272	17.449	415.42	415.34
22:43:55	16.658	16.23	15.981	16.991	17.268	17.452	415.42	415.34
22:44:56	16.659	16.23	16.05	17.042	17.271	17.454	415.42	415.34
22:45:55	16.657	16.232	16.075	17.1	17.271	17.45	415.42	415.34
22:46:56	16.659	16.233	16.09	17.14	17.272	17.452	415.42	415.34
22:47:56	16.658	16.232	16.121	17.151	17.27	17.453	415.42	415.34
22:48:56	16.659	16.232	16.158	17.18	17.274	17.447	415.42	415.34
22:49:56	16.659	16.232	16.163	17.207	17.276	17.447	415.42	415.34
22:50:56	16.661	16.234	16.126	17.192	17.273	17.446	415.42	415.34
22:51:56	16.66	16.232	16.041	17.129	17.27	17.447	415.42	415.34
22:52:55	16.661	16.232	16.023	17.076	17.269	17.447	415.42	415.34
22:53:55	16.661	16.233	15.976	17.064	17.269	17.449	415.42	415.34
22:54:56	16.662	16.232	15.932	17.036	17.27	17.451	415.42	415.34
22:55:56	16.662	16.233	15.893	17.005	17.275	17.447	415.42	415.34
22:56:56	16.662	16.233	15.985	17.01	17.274	17.448	415.42	415.34
22:57:56	16.661	16.233	16.045	17.065	17.269	17.448	415.42	415.34
22:58:56	16.661	16.235	16.08	17.112	17.278	17.449	415.42	415.34
22:59:55	16.662	16.235	16.095	17.144	17.277	17.448	415.42	415.34
23:00:56	16.662	16.236	16.129	17.167	17.276	17.449	415.42	415.34
23:01:56	16.662	16.238	16.164	17.193	17.277	17.455	415.42	415.34
23:02:56	16.662	16.239	16.188	17.215	17.279	17.453	415.42	415.34
23:03:56	16.663	16.239	16.125	17.228	17.276	17.452	415.42	415.34
23:04:56	16.663	16.24	16.015	17.156	17.28	17.451	415.42	415.34
23:05:55	16.662	16.241	15.981	17.079	17.282	17.45	415.42	415.34
23:06:56	16.664	16.243	15.944	17.049	17.281	17.449	0.0	415.34
23:07:56	16.665	16.242	15.895	17.023	17.282	17.453	415.42	415.34
23:08:58	16.664	16.239	15.921	17.001	17.279	17.453	415.42	415.34
23:09:56	16.664	16.24	16.005	17.006	17.28	17.449	415.42	415.34
23:10:56	16.664	16.24	16.052	17.064	17.28	17.451	415.42	415.34
23:11:56	16.665	16.24	16.085	17.113	17.272	17.451	415.42	415.34
23:12:56	16.665	16.24	16.114	17.149	17.274	17.45	415.42	415.34
23:13:56	16.665	16.24	16.143	17.18	17.279	17.451	415.42	415.34
23:14:55	16.666	16.24	16.178	17.205	17.276	17.45	415.42	415.34
23:15:55	16.666	16.239	16.184	17.22	17.273	17.45	415.42	415.34
23:16:56	16.665	16.24	16.036	17.146	17.279	17.456	415.42	415.34
23:17:56	16.666	16.24	15.964	17.063	17.276	17.452	415.42	415.34
23:18:56	16.665	16.239	15.945	17.019	17.274	17.449	415.42	415.34
23:19:56	16.666	16.24	15.903	16.986	17.274	17.451	415.42	415.34
23:20:56	16.666	16.24	15.888	16.968	17.275	17.451	415.42	415.34
23:21:56	16.667	16.239	15.979	16.983	17.275	17.449	415.42	415.34
23:22:56	16.668	16.24	16.042	17.049	17.27	17.446	415.42	415.34
23:23:56	16.668	16.24	16.085	17.094	17.269	17.448	415.42	415.34
23:24:55	16.668	16.241	16.111	17.13	17.277	17.449	415.42	415.34
23:25:56	16.667	16.24	16.144	17.165	17.274	17.449	415.42	0.0
23:26:56	16.668	16.24	16.169	17.196	17.276	17.451	415.42	415.34
23:27:56	16.668	16.238	16.171	17.211	17.276	17.449	415.42	415.34
23:28:56	16.668	16.239	16.033	17.155	17.277	17.449	415.42	415.34
23:29:55	16.667	16.24	15.957	17.062	17.276	17.448	415.42	415.34
23:30:56	16.668	16.239	15.96	17.009	17.276	17.449	415.42	415.34
23:31:56	16.666	16.239	15.922	17.005	17.279	17.454	415.42	415.34
23:32:55	16.668	16.24	15.842	16.977	17.281	17.455	415.42	415.34
23:33:55	16.668	16.24	15.838	16.936	17.281	17.45	415.42	415.34
23:34:56	16.669	16.242	15.956	16.946	17.279	17.452	415.42	415.34
23:35:56	16.669	16.244	16.025	17.021	17.283	17.456	415.42	415.34
23:36:56	16.67	16.245	16.059	17.081	17.282	17.456	415.42	415.34
23:37:56	16.671	16.245	16.087	17.119	17.276	17.452	415.42	415.34
23:38:55	16.669	16.246	16.113	17.151	17.275	17.455	415.42	415.34
23:39:56	16.669	16.246	16.136	17.182	17.281	17.458	415.42	415.34
23:40:56	16.67	16.246	16.153	17.211	17.276	17.457	415.42	415.34
23:41:56	16.67	16.246	16.106	17.211	17.28	17.456	415.42	415.34
23:42:56	16.671	16.246	16.007	17.129	17.283	17.454	415.42	415.34
23:43:56	0.0	16.247	16.012	17.049	17.281	17.452	415.42	415.34
23:44:56	16.671	16.246	15.962	17.041	17.278	17.452	415.42	415.34
23:45:56	16.671	16.245	15.904	17.03	17.282	17.45	415.42	415.34
23:46:56	16.67	16.246	15.889	17.01	17.274	17.45	415.42	415.34
23:47:56	16.672	16.246	15.978	17.005	17.279	17.453	415.42	415.34
23:48:58	16.673	16.247	16.027	17.063	17.281	17.451	415.42	415.34
23:49:56	16.673	16.247	16.066	17.102	17.282	17.451	415.42	415.34
23:50:56	16.673	16.248	16.097	17.13	17.277	17.452	415.42	415.34
23:51:56	16.673	16.249	16.119	17.158	17.278	17.458	415.42	415.34
23:52:56	16.673	16.25	16.149	17.183	17.283	17.456	415.42	415.34
23:53:56	16.672	16.248	16.159	17.202	17.283	17.453	415.42	415.34
23:54:56	16.671	16.248	16.114	17.203	17.282	17.46	415.42	415.34
23:55:56	16.673	16.249	15.998	17.138	17.283	17.453	415.42	415.34
23:56:56	16.673	16.247	15.971	17.069	17.284	17.453	415.42	415.34
23:57:56	16.674	16.248	15.954	17.033	17.283	17.452	415.42	415.34
23:58:56	16.674	16.248	15.943	17.025	17.28	17.456	415.42	415.34
23:59:56	16.674	16.249	15.917	17.002	17.27	17.453	415.42	415.34
