00:00:40	16.592	16.238	16.416	17.114	16.351	16.545	415.42	415.34
00:01:40	16.593	16.237	16.411	17.113	16.351	16.552	415.42	415.34
00:02:40	16.593	16.238	16.414	17.11	16.349	16.545	415.42	415.34
00:03:40	16.593	16.237	16.414	17.107	16.349	16.543	415.42	415.34
00:04:40	16.592	16.237	16.414	17.11	16.349	16.548	415.42	415.34
00:05:40	0.0	16.237	16.414	17.112	16.348	16.542	415.42	415.34
00:06:40	16.593	16.236	16.414	17.116	16.347	16.545	415.42	415.34
00:07:40	16.592	16.236	16.414	17.113	16.348	16.543	415.42	415.34
00:08:41	16.592	16.236	16.411	17.119	16.348	16.542	415.42	415.34
00:09:40	16.593	16.237	16.413	17.121	16.35	16.546	415.42	415.34
00:10:40	16.592	16.238	16.416	17.121	16.351	16.551	415.42	415.34
00:11:40	16.593	16.24	16.415	17.117	16.352	16.553	415.42	415.34
00:12:40	16.592	16.24	16.417	17.122	16.352	16.547	415.42	415.34
00:13:40	16.593	16.24	16.416	17.119	16.353	16.548	415.42	415.34
00:14:40	16.594	16.241	16.417	17.118	16.353	16.554	415.42	415.34
00:15:40	16.593	16.241	16.42	17.116	16.351	16.544	415.42	415.34
00:16:40	16.592	16.241	16.42	17.117	16.351	16.552	415.42	415.34
00:17:40	16.593	16.24	16.418	17.124	16.35	16.551	415.42	415.34
00:18:40	16.592	16.239	16.416	17.127	16.348	16.544	415.42	415.34
00:19:40	16.593	16.236	16.418	17.126	16.347	16.546	415.42	415.34
00:20:40	16.594	16.236	16.42	17.129	16.347	16.543	415.42	415.34
00:21:40	16.593	16.236	16.42	17.13	16.348	16.552	415.42	415.34
00:22:40	16.593	16.237	16.419	17.129	16.348	16.545	415.42	415.34
00:23:40	16.593	16.237	16.421	17.125	16.348	16.551	415.42	415.34
00:24:41	16.592	16.239	16.422	17.119	16.349	16.552	415.42	415.34
00:25:40	16.594	16.239	16.421	17.119	16.353	16.548	415.42	415.34
00:26:40	16.592	16.241	16.422	17.122	16.355	16.553	415.42	415.34
00:27:40	16.594	16.243	16.421	17.122	16.355	16.548	415.42	415.34
00:28:41	16.594	16.244	16.421	17.128	16.357	16.555	415.42	415.34
00:29:41	16.594	16.245	16.419	17.129	16.355	16.547	415.42	415.34
00:30:41	16.594	16.245	16.421	17.131	16.355	16.546	415.42	415.34
00:31:41	16.593	16.246	16.42	17.138	16.354	16.559	415.42	415.34
00:32:42	16.594	16.245	16.421	17.139	16.353	16.553	415.42	415.34
00:33:40	0.0	16.245	16.422	17.134	16.354	16.55	415.42	415.34
00:34:41	16.593	16.246	16.422	17.138	16.355	16.548	415.42	415.34
00:35:41	16.594	16.246	16.424	17.135	16.355	16.55	415.42	415.34
00:36:41	16.594	16.247	16.421	17.134	16.355	16.547	415.42	415.34
00:37:41	16.594	16.247	16.423	17.141	16.353	16.547	415.42	415.34
00:38:41	16.593	16.246	16.422	17.144	16.352	16.556	415.42	415.34
00:39:41	16.593	16.245	16.423	17.137	16.353	16.545	415.42	415.34
00:40:41	16.593	16.246	16.426	17.143	16.355	16.554	415.42	415.34
00:41:40	16.594	16.245	16.425	17.149	16.354	16.547	415.42	415.34
00:42:41	16.594	16.245	16.429	17.149	16.353	16.554	415.42	415.34
00:43:41	16.595	16.246	16.431	17.139	16.355	16.552	415.42	415.34
00:44:41	16.594	16.247	16.43	17.142	16.353	16.548	415.42	415.34
00:45:41	16.595	16.247	16.432	17.157	16.354	16.556	415.42	415.34
00:46:41	16.595	16.247	16.437	17.172	16.355	16.552	415.42	415.34
00:47:41	16.594	16.248	16.431	17.178	16.355	16.553	415.42	415.34
00:48:41	16.594	16.249	16.433	17.172	16.356	16.554	415.42	415.34
00:49:41	16.594	16.249	16.434	17.167	16.358	16.552	415.42	415.34
00:50:41	16.595	16.25	16.437	17.163	16.357	16.55	415.42	415.34
00:51:41	16.595	16.25	16.438	17.166	16.358	16.556	415.42	415.34
00:52:41	16.594	16.251	16.437	17.159	16.358	16.553	415.42	415.34
00:53:40	16.595	16.252	16.436	17.159	16.359	16.557	415.42	415.34
00:54:41	16.594	16.253	16.436	17.15	16.358	16.556	415.42	415.34
00:55:40	16.595	16.253	16.436	17.146	16.358	16.553	415.42	415.34
00:56:41	16.596	16.253	16.437	17.143	16.359	16.553	415.42	415.34
00:57:41	16.595	16.254	16.438	17.144	16.356	16.553	415.42	415.34
00:58:41	16.596	16.254	16.439	17.153	16.357	16.551	415.42	415.34
00:59:41	16.596	16.254	16.438	17.15	16.358	16.55	415.42	415.34
01:00:41	16.595	16.254	16.435	17.157	16.357	16.557	415.42	415.34
01:01:41	16.597	16.254	16.437	17.16	16.358	16.555	415.42	415.34
01:02:41	16.596	16.254	16.438	17.163	16.359	16.549	415.42	415.34
01:03:41	16.597	16.256	16.438	17.16	16.36	16.556	415.42	415.34
01:04:41	16.596	16.254	16.439	17.155	16.36	16.558	415.42	415.34
01:05:41	16.596	16.254	16.438	17.156	16.359	16.553	415.42	415.34
01:06:41	16.597	16.255	16.439	17.153	16.357	16.552	415.42	415.34
01:07:41	16.596	16.254	16.439	17.15	16.358	16.553	415.42	415.34
01:08:41	16.595	16.253	16.44	17.152	16.357	16.548	415.42	415.34
01:09:41	16.597	16.252	16.441	17.146	16.358	16.547	415.42	415.34
01:10:41	16.595	16.252	16.439	17.139	16.358	16.554	415.42	415.34
01:11:40	16.596	16.253	16.441	17.135	16.357	16.549	415.42	415.34
01:12:41	16.596	16.253	16.44	17.134	16.358	16.551	415.42	415.34
01:13:41	16.596	16.255	16.44	17.136	16.359	16.559	415.42	415.34
01:14:41	16.597	16.254	16.439	17.133	16.36	16.557	415.42	415.34
01:15:41	16.596	16.253	16.438	17.138	16.358	16.549	415.42	415.34
01:16:41	16.596	16.255	16.437	17.14	16.359	16.55	415.42	415.34
01:17:41	16.597	16.254	16.437	17.138	16.358	16.556	415.42	415.34
01:18:41	16.596	16.256	16.439	17.137	16.358	16.55	415.42	415.34
01:19:41	16.597	16.255	16.438	17.137	16.359	16.554	415.42	415.34
01:20:41	16.597	16.256	16.438	17.135	16.36	16.555	415.42	415.34
01:21:41	16.597	16.257	16.439	17.134	16.359	16.558	415.42	415.34
01:22:41	16.597	16.257	16.436	17.135	16.36	16.554	415.42	415.34
01:23:41	16.598	16.256	16.438	17.134	16.359	16.551	415.42	415.34
01:24:41	16.597	16.256	16.438	17.135	16.36	16.551	415.42	415.34
01:25:41	16.597	16.258	16.437	17.132	16.361	16.556	415.42	415.34
01:26:41	16.596	16.256	16.439	17.127	16.36	16.548	415.42	415.34
01:27:41	16.597	16.257	16.439	17.125	16.359	16.55	415.42	415.34
01:28:41	16.598	16.256	16.438	17.128	16.358	16.556	415.42	415.34
01:29:41	16.598	16.257	16.435	17.132	16.359	16.549	415.42	415.34
01:30:41	16.598	16.257	16.432	17.132	16.359	16.549	415.42	415.34
01:31:41	16.598	16.256	16.434	17.131	16.36	16.553	415.42	415.34
01:32:41	16.597	16.258	16.435	17.127	16.361	16.554	415.42	415.34
01:33:41	16.598	16.259	16.435	17.124	16.361	16.558	415.42	415.34
01:34:41	16.597	16.26	16.435	17.124	16.363	16.557	415.42	415.34
01:35:41	16.598	16.262	16.437	17.122	16.363	16.557	415.42	415.34
01:36:41	16.598	16.263	16.437	17.125	16.362	16.557	415.42	415.34
01:37:41	16.599	16.263	16.438	17.127	16.363	16.555	415.42	415.34
01:38:41	16.599	16.263	16.436	17.127	16.363	16.555	415.42	415.34
01:39:41	16.598	16.263	16.434	17.119	16.362	16.56	415.42	415.34
01:40:42	16.599	16.262	16.435	17.113	16.362	16.549	415.42	415.34
01:41:41	16.599	16.261	16.434	17.109	16.361	16.556	415.42	415.34
01:42:41	16.598	16.261	16.43	17.106	16.361	16.556	415.42	415.34
01:43:41	16.599	16.26	16.429	17.104	16.36	16.555	415.42	415.34
01:44:41	16.599	16.261	16.43	17.104	16.359	16.549	415.42	415.34
01:45:41	16.599	16.261	16.428	17.103	16.36	16.556	415.42	415.34
01:46:41	16.599	16.259	16.429	17.106	16.361	16.553	415.42	415.34
01:47:41	16.599	16.26	16.43	17.107	16.36	16.552	415.42	415.34
01:48:41	16.6	16.261	16.429	17.109	16.361	16.554	415.42	415.34
01:49:41	16.6	16.261	16.431	17.109	16.361	16.56	415.42	415.34
01:50:41	16.599	16.263	16.427	17.114	16.361	16.553	415.42	415.34
01:51:41	16.6	16.262	16.428	17.107	16.362	16.553	415.42	415.34
01:52:41	16.6	16.262	16.428	17.106	16.362	16.551	415.42	415.34
01:53:41	16.6	16.262	16.428	17.105	16.362	16.553	415.42	415.34
01:54:41	16.6	16.263	16.428	17.105	16.363	16.557	415.42	415.34
01:55:41	16.601	16.264	16.428	17.106	16.362	16.553	415.42	415.34
01:56:41	16.601	16.264	16.427	17.109	16.362	16.552	415.42	415.34
01:57:41	16.6	16.266	16.429	17.108	16.363	16.552	415.42	415.34
01:58:41	16.601	16.266	16.428	17.105	16.365	16.561	415.42	415.34
01:59:41	16.602	16.268	16.43	17.112	16.366	16.553	415.42	415.34
02:00:41	16.601	16.269	16.43	17.11	16.368	16.554	415.42	415.34
02:01:41	16.602	16.27	16.429	17.107	16.369	16.56	415.42	415.34
02:02:41	16.602	16.27	16.429	17.104	16.368	16.562	415.42	415.34
02:03:41	16.602	16.271	16.428	17.098	16.367	16.552	415.42	415.34
02:04:41	16.601	16.27	16.429	17.099	16.368	16.552	415.42	415.34
02:05:41	16.602	16.27	16.429	17.097	16.364	16.557	415.42	415.34
02:06:41	16.602	16.27	16.425	17.099	16.365	16.553	415.42	415.34
02:07:41	16.602	16.27	16.426	17.103	16.364	16.556	415.42	415.34
02:08:41	16.602	16.268	16.424	17.099	16.363	16.552	415.42	415.34
02:09:41	16.601	16.267	16.423	17.097	16.362	16.55	415.42	415.34
02:10:41	16.601	16.265	16.424	17.096	16.359	16.556	415.42	415.34
02:11:41	16.603	16.264	16.425	17.098	16.36	16.554	415.42	415.34
02:12:41	16.602	16.264	16.423	17.096	16.36	16.56	415.42	415.34
02:13:41	16.602	16.263	16.424	17.095	16.359	16.555	415.42	415.34
02:14:41	16.602	16.264	16.422	17.096	16.361	16.558	415.42	415.34
02:15:41	16.602	16.263	16.423	17.09	16.361	16.554	415.42	415.34
02:16:41	16.602	16.264	16.424	17.091	16.36	16.551	415.42	415.34
02:17:41	16.602	16.264	16.424	17.092	16.36	16.553	415.42	415.34
02:18:41	16.603	16.264	16.422	17.094	16.361	16.558	415.42	415.34
02:19:41	16.602	16.265	16.423	17.094	16.362	16.556	415.42	415.34
02:20:41	16.602	16.265	16.423	17.089	16.36	16.551	415.42	415.34
02:21:41	16.602	16.265	16.425	17.088	16.361	16.556	415.42	415.34
02:22:41	16.601	16.265	16.422	17.093	16.361	16.549	415.42	415.34
02:23:41	16.602	16.266	16.423	17.089	16.362	16.558	415.42	415.34
02:24:41	16.603	16.265	16.423	17.091	16.363	16.556	415.42	415.34
02:25:41	16.602	16.266	16.421	17.096	16.36	16.555	415.42	415.34
02:26:41	16.603	16.267	16.419	17.093	16.362	16.558	415.42	415.34
02:27:41	16.604	16.267	16.419	17.093	16.359	16.555	415.42	415.34
02:28:41	16.602	16.267	16.418	17.09	16.358	16.554	415.42	415.34
02:29:41	16.603	16.265	16.419	17.089	16.359	16.553	415.42	415.34
02:30:41	16.603	16.264	16.419	17.086	16.357	16.555	415.42	415.34
02:31:41	16.603	16.263	16.415	17.084	16.356	16.55	415.42	415.34
02:32:41	16.603	16.262	16.418	17.084	16.356	16.553	415.42	415.34
02:33:41	16.603	16.261	16.415	17.084	16.354	16.55	415.42	415.34
02:34:41	16.603	16.261	16.418	17.081	16.354	16.549	415.42	415.34
02:35:41	16.603	16.261	16.418	17.08	16.355	16.552	415.42	415.34
02:36:41	16.603	16.26	16.418	17.077	16.354	16.548	415.42	415.34
02:37:42	16.603	16.261	16.418	17.079	16.355	16.555	415.42	415.34
02:38:41	0.0	16.26	16.42	17.083	16.354	16.553	415.42	415.34
02:39:41	16.603	16.261	16.42	17.089	16.355	16.546	415.42	415.34
02:40:41	16.604	16.26	16.416	17.09	16.357	16.552	415.42	415.34
02:41:41	16.604	16.262	16.416	17.088	16.357	16.55	415.42	415.34
02:42:41	16.603	16.263	16.417	17.088	16.358	16.547	415.42	415.34
02:43:41	16.604	16.264	16.418	17.089	16.36	16.552	415.42	415.34
02:44:41	16.604	16.265	16.417	17.091	16.358	16.555	415.42	415.34
02:45:41	16.604	16.265	16.418	17.091	16.357	16.548	415.42	415.34
02:46:41	16.604	16.265	16.418	17.088	16.36	16.553	415.42	415.34
02:47:41	16.603	16.267	16.419	17.085	16.36	16.556	415.42	415.34
02:48:41	16.604	16.267	16.417	17.085	16.36	16.556	415.42	415.34
02:49:41	16.604	16.268	16.416	17.08	16.361	16.557	415.42	415.34
02:50:41	16.605	16.268	16.416	17.082	16.36	16.546	415.42	415.34
02:51:41	16.604	16.268	16.416	17.085	16.36	16.554	415.42	415.34
02:52:41	16.604	16.269	16.415	17.085	16.359	16.558	415.42	415.34
02:53:41	16.605	16.269	16.415	17.084	16.359	16.548	415.42	415.34
02:54:41	16.604	16.268	16.416	17.08	16.358	16.55	415.42	415.34
02:55:41	16.604	16.268	16.413	17.075	16.357	16.556	415.42	415.34
02:56:41	16.604	16.269	16.413	17.079	16.357	16.549	415.42	415.34
02:57:41	16.604	16.268	16.414	17.077	16.358	16.557	415.42	415.34
02:58:41	16.603	16.268	16.414	17.078	16.357	16.554	415.42	415.34
02:59:41	16.605	16.268	16.412	17.073	16.357	16.55	415.42	415.34
03:00:41	16.605	16.268	16.411	17.07	16.357	16.554	415.42	415.34
03:01:41	16.604	16.267	16.412	17.072	16.357	16.55	415.42	415.34
03:02:41	16.604	16.267	16.411	17.067	16.358	16.552	415.42	415.34
03:03:41	16.605	16.267	16.409	17.063	16.357	16.558	415.42	415.34
03:04:41	16.604	16.266	16.411	17.066	16.357	16.553	415.42	415.34
03:05:41	16.605	16.267	16.411	17.07	16.358	16.555	415.42	415.34
03:06:41	16.605	16.266	16.411	17.07	16.358	16.55	415.42	415.34
03:07:41	16.606	16.268	16.413	17.07	16.359	16.547	415.42	415.34
03:08:41	16.605	16.268	16.412	17.072	16.357	16.549	415.42	415.34
03:09:41	16.605	16.268	16.412	17.07	16.36	16.555	415.42	415.34
03:10:41	16.604	16.269	16.41	17.066	16.359	16.551	415.42	415.34
03:11:41	0.0	16.269	16.407	17.066	16.359	16.55	415.42	415.34
03:12:41	16.604	16.269	16.41	17.07	16.359	16.55	415.42	415.34
03:13:41	16.606	16.269	16.408	17.07	16.359	16.555	415.42	415.34
03:14:41	16.606	16.27	16.407	17.071	16.36	16.552	415.42	415.34
03:15:41	16.605	16.269	16.409	17.068	16.359	16.553	415.42	415.34
03:16:42	16.606	16.269	16.408	17.067	16.36	16.558	415.42	415.34
03:17:41	16.605	16.269	16.405	17.07	16.36	16.55	415.42	415.34
03:18:41	16.605	16.27	16.406	17.07	16.359	16.548	415.42	415.34
03:19:41	16.606	16.27	16.406	17.068	16.357	16.554	415.42	415.34
03:20:41	16.606	16.269	16.407	17.07	16.358	16.552	415.42	415.34
03:21:41	16.606	16.269	16.407	17.066	16.357	16.547	415.42	415.34
03:22:41	16.606	16.269	16.406	17.067	16.355	16.55	415.42	415.34
03:23:41	16.607	16.269	16.405	17.065	16.355	16.556	415.42	415.34
03:24:41	16.605	16.267	16.405	17.066	16.356	16.552	415.42	415.34
03:25:41	16.606	16.266	16.404	17.065	16.354	16.547	415.42	415.34
03:26:41	16.606	16.266	16.404	17.064	16.353	16.547	415.42	415.34
03:27:41	16.605	16.265	16.403	17.066	16.353	16.546	415.42	415.34
03:28:41	16.605	16.265	16.403	17.062	16.354	16.553	415.42	415.34
03:29:41	16.605	16.266	16.407	17.065	16.355	16.548	415.42	415.34
03:30:41	16.606	16.266	16.407	17.066	16.355	16.552	415.42	415.34
03:31:41	16.605	16.266	16.406	17.065	16.356	16.55	415.42	415.34
03:32:41	16.606	16.267	16.407	17.066	16.356	16.545	415.42	415.34
03:33:41	16.607	16.267	16.404	17.066	16.356	16.554	415.42	415.34
03:34:41	16.606	16.268	16.405	17.066	16.356	16.552	415.42	415.34
03:35:41	16.607	16.268	16.403	17.063	16.355	16.553	415.42	415.34
03:36:41	16.606	16.268	16.405	17.063	16.355	16.545	415.42	415.34
03:37:41	16.606	16.268	16.404	17.067	16.354	16.556	415.42	415.34
03:38:41	16.605	16.267	16.405	17.065	16.354	16.546	415.42	415.34
03:39:41	16.606	16.268	16.404	17.063	16.354	16.55	415.42	415.34
03:40:41	16.606	16.267	16.404	17.061	16.355	16.549	415.42	415.34
03:41:41	16.606	16.268	16.403	17.065	16.356	16.546	415.42	415.34
03:42:41	16.607	16.268	16.404	17.06	16.356	16.554	415.42	415.34
03:43:41	16.606	16.269	16.406	17.065	16.356	16.549	415.42	415.34
03:44:41	16.606	16.269	16.404	17.064	16.354	16.544	415.42	415.34
03:45:41	16.606	16.268	16.405	17.065	16.355	16.551	415.42	415.34
03:46:41	16.607	16.267	16.403	17.07	16.355	16.553	415.42	415.34
03:47:41	16.606	16.269	16.403	17.068	16.354	16.55	415.42	415.34
03:48:41	16.607	16.268	16.403	17.071	16.355	16.553	415.42	415.34
03:49:41	16.606	16.269	16.402	17.065	16.355	16.556	415.42	415.34
03:50:41	16.607	16.269	16.4	17.067	16.356	16.551	415.42	415.34
03:51:42	16.606	16.269	16.403	17.067	16.356	16.546	415.42	415.34
03:52:41	16.606	16.269	16.402	17.061	16.354	16.547	415.42	415.34
03:53:41	0.0	16.268	16.402	17.067	16.356	16.546	415.42	415.34
03:54:41	16.607	16.27	16.401	17.068	16.355	16.549	415.42	415.34
03:55:41	16.606	16.27	16.4	17.065	16.355	16.55	415.42	415.34
03:56:42	16.605	16.27	16.399	17.06	16.355	16.555	415.42	415.34
03:57:41	16.607	16.27	16.401	17.066	16.358	16.555	415.42	415.34
03:58:41	16.607	16.272	16.403	17.073	16.357	16.55	415.42	415.34
03:59:41	16.607	16.271	16.403	17.068	16.356	16.551	415.42	415.34
04:00:41	16.606	16.272	16.403	17.067	16.357	16.548	415.42	415.34
04:01:42	16.606	16.272	16.402	17.07	16.358	16.551	415.42	415.34
04:02:41	16.607	16.273	16.401	17.07	16.357	16.55	415.42	415.34
04:03:41	16.607	16.273	16.4	17.069	16.357	16.555	415.42	415.34
04:04:41	16.607	16.274	16.402	17.069	16.358	16.552	415.42	415.34
04:05:41	16.607	16.273	16.401	17.066	16.357	16.552	415.42	415.34
04:06:41	16.607	16.273	16.402	17.067	16.357	16.552	415.42	415.34
04:07:41	16.607	16.274	16.401	17.068	16.356	16.551	415.42	415.34
04:08:41	16.607	16.275	16.4	17.07	16.357	16.548	415.42	415.34
04:09:41	16.608	16.273	16.4	17.074	16.355	16.552	415.42	415.34
04:10:41	16.607	16.272	16.4	17.074	16.354	16.552	415.42	415.34
04:11:41	16.608	16.272	16.402	17.071	16.354	16.555	415.42	415.34
04:12:41	16.608	16.272	16.401	17.071	16.354	16.547	415.42	415.34
04:13:41	16.608	16.271	16.402	17.07	16.355	16.557	415.42	415.34
04:14:41	16.607	16.271	16.4	17.077	16.355	16.549	415.42	415.34
04:15:41	16.607	16.271	16.4	17.077	16.356	16.549	415.42	415.34
04:16:41	0.0	16.272	16.403	17.077	16.357	16.555	415.42	415.34
04:17:41	16.607	16.273	16.405	17.075	16.357	16.547	415.42	415.34
04:18:41	16.607	16.274	16.404	17.075	16.358	16.555	415.42	415.34
04:19:41	16.607	16.274	16.407	17.072	16.357	16.558	415.42	415.34
04:20:41	16.608	16.274	16.405	17.075	16.358	16.558	415.42	415.34
04:21:41	16.608	16.275	16.404	17.074	16.357	16.556	415.42	415.34
04:22:41	16.607	16.274	16.404	17.071	16.356	16.552	415.42	415.34
04:23:41	16.608	16.273	16.404	17.067	16.356	16.555	415.42	415.34
04:24:41	16.608	16.274	16.402	17.068	16.355	16.559	415.42	415.34
04:25:41	16.607	16.273	16.4	17.069	16.357	16.553	415.42	415.34
04:26:41	16.607	16.273	16.4	17.067	16.357	16.553	415.42	415.34
04:27:41	16.608	16.274	16.4	17.069	16.356	16.553	415.42	415.34
04:28:41	16.608	16.274	16.401	17.068	16.357	16.558	415.42	415.34
04:29:41	16.608	16.273	16.402	17.07	16.355	16.553	415.42	415.34
04:30:41	16.608	16.273	16.401	17.065	16.354	16.553	415.42	415.34
04:31:41	16.609	16.272	16.399	17.063	16.356	16.551	415.42	415.34
04:32:41	16.609	16.272	16.399	17.065	16.355	16.552	415.42	415.34
04:33:41	16.609	16.272	16.4	17.066	16.357	16.553	415.42	415.34
04:34:41	16.609	16.274	16.4	17.068	16.357	16.552	415.42	415.34
04:35:41	16.608	16.274	16.399	17.067	16.357	16.558	415.42	415.34
04:36:41	16.609	16.275	16.398	17.061	16.356	16.552	415.42	415.34
04:37:41	16.609	16.275	16.399	17.061	16.357	16.557	415.42	415.34
04:38:41	16.609	16.274	16.398	17.057	16.358	16.557	415.42	415.34
04:39:41	16.609	16.276	16.402	17.058	16.357	16.557	415.42	415.34
04:40:41	16.608	16.276	16.402	17.064	16.358	16.556	415.42	415.34
04:41:41	16.608	16.277	16.402	17.064	16.358	16.555	415.42	415.34
04:42:41	16.61	16.278	16.4	17.063	16.358	16.553	415.42	415.34
04:43:41	16.609	16.277	16.402	17.063	16.358	16.554	415.42	415.34
04:44:41	16.608	16.278	16.401	17.065	16.359	16.553	415.42	415.34
04:45:41	16.609	16.278	16.4	17.062	16.358	16.552	415.42	415.34
04:46:41	16.608	16.277	16.396	17.068	16.358	16.553	415.42	415.34
04:47:41	16.609	16.276	16.396	17.073	16.358	16.558	415.42	415.34
04:48:41	16.61	16.277	16.397	17.073	16.357	16.552	415.42	415.34
04:49:41	16.609	16.277	16.397	17.07	16.357	16.555	415.42	415.34
04:50:41	16.609	16.276	16.398	17.065	16.357	16.559	415.42	415.34
04:51:41	16.61	16.276	16.398	17.064	16.356	16.552	415.42	415.34
04:52:41	16.609	16.276	16.397	17.068	16.357	16.553	415.42	415.34
04:53:42	16.609	16.277	16.397	17.062	16.358	16.557	415.42	415.34
04:54:41	0.0	16.276	16.398	17.062	16.356	16.556	415.42	415.34
04:55:41	16.609	16.276	16.398	17.061	16.356	16.549	415.42	415.34
04:56:41	16.608	16.275	16.397	17.06	16.355	16.552	415.42	415.34
04:57:41	16.609	16.275	16.399	17.061	16.353	16.552	415.42	415.34
04:58:41	16.609	16.273	16.397	17.059	16.352	16.555	415.42	415.34
04:59:41	16.609	16.272	16.395	17.063	16.353	16.551	415.42	415.34
05:00:41	16.609	16.272	16.397	17.065	16.352	16.549	415.42	415.34
05:01:41	16.608	16.271	16.398	17.067	16.352	16.551	415.42	415.34
05:02:41	16.609	16.271	16.397	17.078	16.351	16.549	415.42	415.34
05:03:41	16.609	16.27	16.397	17.08	16.35	16.555	415.42	415.34
05:04:41	16.609	16.27	16.395	17.078	16.35	16.546	415.42	415.34
05:05:41	16.609	16.27	16.395	17.078	16.35	16.546	415.42	415.34
05:06:41	16.609	16.27	16.394	17.075	16.35	16.543	415.42	415.34
05:07:41	16.609	16.268	16.394	17.067	16.349	16.544	415.42	415.34
05:08:41	16.608	16.268	16.394	0.0	16.349	16.55	415.42	415.34
05:09:41	16.608	16.267	16.396	17.063	16.349	16.545	415.42	415.34
05:10:41	16.608	16.268	16.396	17.065	16.349	16.553	415.42	415.34
05:11:41	16.608	16.267	16.395	17.067	16.35	16.549	415.42	415.34
05:12:41	16.609	16.268	16.398	17.071	16.35	16.551	415.42	415.34
05:13:41	16.608	16.268	16.399	17.075	16.351	16.544	415.42	415.34
05:14:41	16.608	16.269	16.402	17.084	16.352	16.554	415.42	415.34
05:15:41	16.609	16.269	16.4	17.086	16.352	16.553	415.42	415.34
05:16:41	16.608	16.27	16.401	17.082	16.351	16.546	415.42	415.34
05:17:41	16.61	16.271	16.398	17.082	16.352	16.547	415.42	415.34
05:18:41	16.608	16.271	16.399	17.079	16.351	16.553	415.42	415.34
05:19:41	16.608	16.271	16.399	17.077	16.351	16.555	415.42	415.34
05:20:41	16.609	16.271	16.4	17.08	16.353	16.551	415.42	415.34
05:21:41	16.609	16.272	16.401	17.088	16.353	16.55	415.42	415.34
05:22:41	16.609	16.272	16.401	17.093	16.353	16.55	415.42	415.34
05:23:41	16.609	16.273	16.4	17.088	16.352	16.547	415.42	415.34
05:24:41	16.609	16.271	16.4	17.083	16.352	16.55	415.42	415.34
05:25:41	16.608	16.271	16.397	17.077	16.351	16.552	415.42	415.34
05:26:41	16.609	16.271	16.398	17.071	16.351	16.546	415.42	415.34
05:27:41	16.608	16.271	16.399	17.077	16.349	16.551	415.42	415.34
05:28:41	16.609	16.27	16.396	17.077	16.35	16.549	415.42	415.34
05:29:41	16.608	16.268	16.396	17.07	16.348	16.544	415.42	415.34
05:30:41	16.608	16.269	16.398	17.074	16.347	16.548	415.42	415.34
05:31:41	16.609	16.268	16.397	17.077	16.349	16.548	415.42	415.34
05:32:41	16.608	16.269	16.4	17.084	16.348	16.546	415.42	415.34
05:33:41	16.609	16.268	16.399	17.089	16.349	16.546	415.42	415.34
05:34:41	16.608	16.269	16.399	17.082	16.351	16.55	415.42	415.34
05:35:41	16.609	16.268	16.402	17.078	16.352	16.546	415.42	415.34
05:36:41	16.608	16.269	16.403	17.084	16.351	16.548	415.42	415.34
05:37:41	16.609	16.27	16.403	17.087	16.352	16.553	415.42	415.34
05:38:41	16.609	16.27	16.402	17.077	16.351	16.545	415.42	415.34
05:39:41	16.609	16.27	16.403	17.071	16.351	16.546	415.42	415.34
05:40:41	16.61	16.27	16.401	17.072	16.349	16.548	415.42	415.34
05:41:41	16.609	16.269	16.401	17.07	16.349	16.549	415.42	415.34
05:42:41	16.609	16.269	16.4	17.075	16.35	16.546	415.42	415.34
05:43:41	16.609	16.27	16.399	17.076	16.349	16.553	415.42	415.34
05:44:41	16.608	16.27	16.403	17.079	16.349	16.552	415.42	415.34
05:45:41	16.608	16.269	16.401	17.076	16.349	16.552	415.42	415.34
05:46:41	16.61	16.27	16.4	17.077	16.348	16.55	415.42	415.34
05:47:41	16.609	16.269	16.4	17.076	16.348	16.549	415.42	415.34
05:48:41	16.609	16.268	16.399	17.073	16.348	16.54	415.42	415.34
05:49:41	16.608	16.269	16.4	17.071	16.348	16.545	415.42	415.34
05:50:41	16.609	16.269	16.4	17.075	16.349	16.547	415.42	415.34
05:51:41	16.609	16.269	16.402	17.08	16.35	16.547	415.42	415.34
05:52:41	16.609	16.27	16.4	17.083	16.35	16.547	415.42	415.34
05:53:41	16.609	16.272	16.402	17.087	16.352	16.551	415.42	415.34
05:54:41	16.61	16.273	16.402	17.082	16.354	16.555	415.42	415.34
05:55:41	16.608	16.274	16.403	17.083	16.354	16.546	415.42	415.34
05:56:41	16.609	16.276	16.403	17.083	16.355	16.549	415.42	415.34
05:57:41	16.609	16.277	16.402	17.076	16.353	16.552	415.42	415.34
05:58:41	16.608	16.277	16.4	17.08	16.354	16.553	415.42	415.34
05:59:41	16.609	16.277	16.399	17.08	16.352	16.548	415.42	415.34
06:00:41	16.609	16.277	16.399	17.077	16.351	16.554	415.42	415.34
06:01:41	16.61	16.277	16.402	17.079	16.351	16.556	415.42	415.34
06:02:41	16.609	16.277	16.401	17.077	16.351	16.553	415.42	415.34
06:03:41	16.61	16.276	16.401	17.074	16.351	16.549	415.42	415.34
06:04:41	16.61	16.276	16.398	17.075	16.351	16.551	415.42	415.34
06:05:41	16.61	16.276	16.397	17.07	16.349	16.544	415.42	415.34
06:06:41	16.611	16.274	16.398	17.072	16.35	16.551	415.42	415.34
06:07:41	16.61	16.274	16.401	17.076	16.35	16.547	415.42	415.34
06:08:41	16.61	16.273	16.399	17.08	16.35	16.544	415.42	415.34
06:09:41	16.609	16.273	16.4	17.078	16.35	16.552	415.42	415.34
06:10:41	16.609	16.273	16.399	17.072	16.35	16.552	415.42	415.34
06:11:41	16.611	16.273	16.398	17.073	16.349	16.544	415.42	415.34
06:12:41	16.609	16.272	16.399	17.067	16.349	16.551	415.42	415.34
06:13:41	16.61	16.273	16.398	17.066	16.349	16.548	415.42	415.34
06:14:41	16.61	16.273	16.399	17.067	16.351	16.543	415.42	415.34
06:15:42	16.609	16.273	16.398	17.065	16.349	16.546	415.42	415.34
06:16:41	16.61	16.271	16.399	17.061	16.349	16.545	415.42	415.34
06:17:41	16.61	16.272	16.398	17.059	16.347	16.55	415.42	415.34
06:18:41	16.61	16.271	16.396	17.064	16.348	16.551	415.42	415.34
06:19:41	16.61	16.271	16.395	17.064	16.346	16.542	415.42	415.34
06:20:41	16.61	16.27	16.395	17.066	16.347	16.553	415.42	415.34
06:21:41	16.609	16.27	16.397	17.066	16.348	16.545	415.42	415.34
06:22:41	16.609	16.27	16.396	17.063	16.349	16.55	415.42	415.34
06:23:41	16.61	16.272	16.395	17.058	16.349	16.546	415.42	415.34
06:24:41	16.61	16.271	16.393	17.058	16.351	16.553	415.42	415.34
06:25:41	16.609	16.27	16.392	17.056	16.35	16.553	415.42	415.34
06:26:41	16.61	16.272	16.394	17.061	16.349	16.549	415.42	415.34
06:27:41	16.61	16.271	16.395	17.065	16.349	16.545	415.42	415.34
06:28:41	16.609	16.271	16.394	17.062	16.35	16.549	415.42	415.34
06:29:41	16.61	16.271	16.396	17.058	16.35	16.551	415.42	415.34
06:30:41	16.609	16.271	16.393	17.057	16.349	16.55	415.42	415.34
06:31:41	16.61	16.273	16.394	17.054	16.35	16.547	415.42	415.34
06:32:41	16.609	16.273	16.394	17.054	16.35	16.548	415.42	415.34
06:33:41	16.609	16.274	16.395	17.056	16.351	16.549	415.42	415.34
06:34:41	16.61	16.273	16.395	17.058	16.352	16.547	415.42	415.34
06:35:41	16.611	16.273	16.394	17.061	16.352	16.551	415.42	415.34
06:36:41	16.61	16.275	16.393	17.06	16.351	16.544	415.42	415.34
06:37:41	16.61	16.276	16.392	17.057	16.351	16.552	415.42	415.34
06:38:41	16.61	16.275	16.392	17.055	16.351	16.551	415.42	415.34
06:39:41	16.611	16.276	16.393	17.053	16.352	16.547	415.42	415.34
06:40:41	16.611	16.278	16.393	17.053	16.353	16.551	415.42	415.34
06:41:41	16.61	16.277	16.396	17.057	16.352	16.546	415.42	415.34
06:42:41	16.61	16.277	16.391	17.055	16.351	16.554	415.42	415.34
06:43:41	16.61	16.276	16.39	17.05	16.35	16.549	415.42	415.34
06:44:41	16.61	16.275	16.393	17.057	16.349	16.552	415.42	415.34
06:45:41	16.61	16.275	16.394	17.054	16.35	16.553	415.42	415.34
06:46:41	16.61	16.274	16.396	17.06	16.35	16.553	415.42	415.34
06:47:41	16.61	16.275	16.392	17.066	16.35	16.546	415.42	415.34
06:48:41	16.61	16.274	16.391	17.062	16.349	16.549	415.42	415.34
06:49:41	16.611	16.275	16.389	17.062	16.351	16.546	415.42	415.34
06:50:41	16.611	16.276	16.389	17.06	16.35	16.544	415.42	415.34
06:51:42	16.61	16.275	16.391	17.06	16.349	16.548	415.42	415.34
06:52:41	16.611	16.274	16.389	17.057	16.349	16.549	415.42	415.34
06:53:41	16.61	16.273	16.389	17.053	16.348	16.546	415.42	415.34
06:54:41	16.61	16.273	16.391	17.052	16.348	16.549	415.42	415.34
06:55:41	16.61	16.274	16.389	17.05	16.348	16.55	415.42	415.34
06:56:41	16.611	16.274	16.39	17.048	16.348	16.553	415.42	415.34
06:57:41	16.611	16.273	16.39	17.05	16.349	16.55	415.42	415.34
06:58:41	16.611	16.273	16.39	17.052	16.35	16.547	415.42	415.34
06:59:41	16.61	16.275	16.389	17.05	16.35	16.549	415.42	415.34
07:00:42	16.61	16.275	16.392	17.05	16.35	16.544	415.42	415.34
07:01:41	16.61	16.276	16.391	17.047	16.351	16.548	415.42	415.34
07:02:41	16.61	16.275	16.391	17.049	16.349	16.546	415.42	415.34
07:03:41	16.611	16.275	16.388	17.051	16.349	16.546	415.42	415.34
07:04:41	16.611	16.274	16.39	17.047	16.348	16.545	415.42	415.34
07:05:41	16.611	16.275	16.388	17.046	16.347	16.55	415.42	415.34
07:06:41	16.61	16.276	16.387	17.054	16.348	16.553	415.42	415.34
07:07:41	16.611	16.275	16.389	17.048	16.349	16.544	415.42	415.34
07:08:41	16.61	16.274	16.388	17.051	16.348	16.544	415.42	415.34
07:09:41	16.611	16.273	16.389	17.058	16.347	16.545	415.42	415.34
07:10:41	16.61	16.274	16.387	17.051	16.349	16.543	415.42	415.34
07:11:41	16.611	16.275	16.389	17.053	16.348	16.547	415.42	415.34
07:12:41	16.61	16.275	16.39	17.048	16.349	16.553	415.42	415.34
07:13:41	16.609	16.274	16.388	17.056	16.35	16.549	415.42	415.34
07:14:41	16.612	16.274	16.388	17.057	16.348	16.55	415.42	415.34
07:15:42	16.611	16.275	16.39	17.055	16.348	16.553	415.42	415.34
07:16:41	16.611	16.274	16.387	17.048	16.348	16.544	415.42	415.34
07:17:41	16.61	16.273	16.387	17.054	16.347	16.542	415.42	415.34
07:18:41	16.611	16.274	16.388	17.052	16.347	16.541	415.42	415.34
07:19:41	16.611	16.273	16.388	17.052	16.348	16.551	415.42	415.34
07:20:41	16.611	16.274	16.388	17.053	16.347	16.551	415.42	415.34
07:21:41	16.61	16.275	16.389	17.056	16.349	16.555	415.42	415.34
07:22:41	16.611	16.274	16.387	17.059	16.349	16.551	415.42	415.34
07:23:41	16.61	16.275	16.389	17.055	16.351	16.553	415.42	415.34
07:24:41	16.612	16.276	16.389	17.057	16.349	16.55	415.42	415.34
07:25:41	16.611	16.277	16.387	17.053	16.349	16.551	415.42	415.34
07:26:41	16.61	16.277	16.387	17.054	16.349	16.544	415.42	415.34
07:27:41	16.61	16.277	16.386	17.055	16.348	16.544	415.42	415.34
07:28:41	16.611	16.277	16.388	17.053	16.349	16.547	415.42	415.34
07:29:41	16.61	16.277	16.387	17.054	16.349	16.545	415.42	415.34
07:30:41	16.611	16.277	16.386	17.054	16.349	16.553	415.42	415.34
07:31:41	16.611	16.277	16.384	17.053	16.349	16.548	415.42	415.34
07:32:41	16.61	16.277	16.387	17.051	16.349	16.55	415.42	415.34
07:33:41	16.611	16.277	16.388	17.048	16.348	16.548	415.42	415.34
07:34:41	16.611	16.276	16.387	17.045	16.348	16.543	415.42	415.34
07:35:41	16.611	16.275	16.387	17.047	16.348	16.552	415.42	415.34
07:36:41	16.611	16.274	16.385	17.047	16.347	16.549	415.42	415.34
07:37:41	16.611	16.275	16.384	17.046	16.348	16.552	415.42	415.34
07:38:41	16.61	16.275	16.385	17.048	16.348	16.547	415.42	415.34
07:39:41	16.611	16.275	16.385	17.046	16.348	16.547	415.42	415.34
07:40:42	16.611	16.276	16.387	17.044	16.348	16.545	415.42	415.34
07:41:41	16.61	16.275	16.383	17.046	16.349	16.543	415.42	415.34
07:42:41	16.611	16.276	16.383	17.041	16.347	16.548	415.42	415.34
07:43:41	16.611	16.275	16.384	17.036	16.348	16.551	415.42	415.34
07:44:41	16.61	16.276	16.385	17.034	16.348	16.545	415.42	415.34
07:45:41	16.61	16.276	16.386	17.042	16.347	16.552	415.42	415.34
07:46:41	16.611	16.277	16.384	17.039	16.348	16.543	415.42	415.34
07:47:41	16.611	16.276	16.383	17.044	16.348	16.546	415.42	415.34
07:48:41	16.611	16.276	16.38	17.045	16.349	16.551	415.42	415.34
07:49:41	16.611	16.277	16.382	17.046	16.349	16.553	415.42	415.34
07:50:41	16.611	16.277	16.382	17.047	16.349	16.545	415.42	415.34
07:51:41	16.611	16.277	16.383	17.045	16.349	16.549	415.42	415.34
07:52:41	16.611	16.277	16.382	17.041	16.35	16.554	415.42	415.34
07:53:41	16.611	16.279	16.382	17.041	16.351	16.545	415.42	415.34
07:54:41	16.611	16.279	16.382	17.04	16.349	16.55	415.42	415.34
07:55:41	16.611	16.279	16.385	17.044	16.35	16.545	415.42	415.34
07:56:43	16.611	16.279	16.384	17.041	16.35	16.547	415.42	415.34
07:57:41	16.612	16.279	16.383	17.043	16.351	16.55	415.42	415.34
07:58:41	16.611	16.28	16.383	17.04	16.35	16.546	415.42	415.34
07:59:41	16.612	16.28	16.382	17.041	16.35	16.551	415.42	415.34
08:00:41	16.612	16.28	16.383	17.04	16.348	16.548	415.42	415.34
08:01:41	16.612	16.279	16.382	17.041	16.349	16.553	415.42	415.34
08:02:41	16.612	16.279	16.38	17.035	16.347	16.545	415.42	415.34
08:03:41	16.611	16.277	16.377	17.032	16.346	16.554	415.42	415.34
08:04:41	16.611	16.277	16.377	17.035	16.346	16.552	415.42	415.34
08:05:41	16.611	16.275	16.38	17.038	16.346	16.553	415.42	415.34
08:06:41	16.612	16.275	16.378	17.039	16.345	16.552	415.42	415.34
08:07:41	16.611	16.275	16.378	17.037	16.346	16.543	415.42	415.34
08:08:42	16.61	16.274	16.379	17.033	16.347	16.545	415.42	415.34
08:09:41	16.611	16.274	16.377	17.03	16.347	16.549	415.42	415.34
08:10:42	16.61	16.274	16.378	17.03	16.347	16.55	415.42	415.34
08:11:41	0.0	16.275	16.379	17.036	16.347	16.542	415.42	415.34
08:12:41	16.611	16.275	16.379	17.033	16.346	16.553	415.42	415.34
08:13:42	16.61	16.274	16.379	17.04	16.346	16.546	415.42	415.34
08:14:41	16.612	16.274	16.378	17.039	16.346	16.541	415.42	415.34
08:15:41	16.611	16.275	16.376	17.037	16.347	16.549	415.42	415.34
08:16:41	16.611	16.274	16.376	17.033	16.347	16.551	415.42	415.34
08:17:41	16.612	16.275	16.377	17.032	16.346	16.549	415.42	415.34
08:18:41	16.61	16.275	16.378	17.037	16.346	16.543	415.42	415.34
08:19:41	16.611	16.274	16.378	17.037	16.344	16.542	415.42	415.34
08:20:41	16.611	16.273	16.379	17.032	16.345	16.544	415.42	415.34
08:21:41	16.611	16.274	16.379	17.037	16.345	16.549	415.42	415.34
08:22:41	16.612	16.274	16.377	17.036	16.345	16.551	415.42	415.34
08:23:41	16.611	16.275	16.378	17.035	16.346	16.551	415.42	415.34
08:24:41	16.612	16.274	16.378	17.034	16.345	16.544	415.42	415.34
08:25:41	16.613	16.275	16.378	17.04	16.345	16.542	415.42	415.34
08:26:41	16.611	16.274	16.379	17.036	16.345	16.55	415.42	415.34
08:27:41	16.613	16.274	16.378	17.038	16.345	16.549	415.42	415.34
08:28:41	16.61	16.273	16.378	17.043	16.346	16.544	415.42	415.34
08:29:41	16.612	16.275	16.379	17.039	16.346	16.552	415.42	415.34
08:30:41	16.611	16.274	16.377	17.039	16.346	16.542	415.42	415.34
08:31:41	16.612	16.275	16.377	17.04	16.346	16.542	415.42	415.34
08:32:42	16.611	16.274	16.376	17.037	16.347	16.546	415.42	415.34
08:33:41	0.0	16.275	16.376	17.041	16.345	16.546	415.42	415.34
08:34:41	16.612	16.276	16.376	17.043	16.346	16.551	415.42	415.34
08:35:41	16.612	16.276	16.377	17.044	16.347	16.551	415.42	415.34
08:36:41	16.611	16.276	16.377	17.038	16.346	16.541	415.42	415.34
08:37:41	16.612	16.276	16.377	17.04	16.346	16.546	415.42	415.34
08:38:41	16.611	16.275	16.376	17.036	16.347	16.546	415.42	415.34
08:39:41	16.612	16.275	16.373	17.037	16.345	16.544	415.42	415.34
08:40:41	16.611	16.275	16.373	17.038	16.346	16.549	415.42	415.34
08:41:41	16.611	16.275	16.376	17.036	16.346	16.551	415.42	415.34
08:42:41	16.612	16.275	16.377	17.038	16.345	16.55	415.42	415.34
08:43:41	16.611	16.276	16.378	17.037	16.345	16.544	415.42	415.34
08:44:41	16.611	16.275	16.376	17.036	16.344	16.546	415.42	415.34
08:45:41	16.611	16.274	16.376	17.042	16.343	16.543	415.42	415.34
08:46:41	16.611	16.273	16.375	17.039	16.342	16.542	415.42	415.34
08:47:41	16.61	16.273	16.376	17.037	16.342	16.538	415.42	415.34
08:48:41	16.611	16.272	16.378	17.035	16.342	16.542	415.42	415.34
08:49:41	16.611	16.273	16.377	17.034	16.343	16.543	415.42	415.34
08:50:41	16.612	16.274	16.375	17.038	16.344	16.539	415.42	415.34
08:51:41	16.611	16.273	16.375	17.035	16.344	16.541	415.42	415.34
08:52:41	16.611	16.273	16.373	17.037	16.341	16.547	415.42	415.34
08:53:41	16.612	16.273	16.373	17.04	16.342	16.548	415.42	415.34
08:54:41	16.612	16.272	16.375	17.042	16.342	16.542	415.42	415.34
08:55:41	16.612	16.272	16.376	17.04	16.343	16.548	415.42	415.34
08:56:41	16.611	16.272	16.377	17.044	16.344	16.539	415.42	415.34
08:57:41	16.61	16.273	16.378	17.042	16.344	16.541	415.42	415.34
08:58:41	16.611	16.273	16.374	17.035	16.344	16.543	415.42	415.34
08:59:41	16.612	16.274	16.376	17.034	16.344	16.545	415.42	415.34
09:00:41	16.612	16.275	16.375	17.029	16.344	16.542	415.42	415.34
09:01:41	16.61	16.274	16.373	17.032	16.345	16.545	415.42	415.34
09:02:41	16.611	16.275	16.371	17.035	16.344	16.549	415.42	415.34
09:03:41	16.61	16.275	16.376	17.031	16.346	16.548	415.42	415.34
09:04:41	16.611	16.276	16.373	17.031	16.345	16.545	415.42	415.34
09:05:41	16.611	16.276	16.373	17.032	16.346	16.544	415.42	415.34
09:06:41	16.611	16.277	16.375	17.033	16.347	16.549	415.42	415.34
09:07:41	16.61	16.277	16.376	17.032	16.346	16.551	415.42	415.34
09:08:41	16.61	16.277	16.376	17.031	16.345	16.542	415.42	415.34
09:09:41	16.611	16.277	16.376	17.03	16.345	16.551	415.42	415.34
09:10:42	16.611	16.277	16.374	17.028	16.344	16.542	415.42	415.34
09:11:41	0.0	16.277	16.374	17.033	16.345	16.546	415.42	415.34
09:12:41	16.611	16.277	16.374	17.034	16.346	16.546	415.42	415.34
09:13:41	16.611	16.277	16.372	17.034	16.345	16.548	415.42	415.34
09:14:41	16.611	16.277	16.372	17.028	16.346	16.549	415.42	415.34
09:15:41	16.611	16.277	16.373	17.028	16.346	16.541	415.42	415.34
09:16:41	16.611	16.276	16.372	17.033	16.344	16.551	415.42	415.34
09:17:41	16.611	16.277	16.374	17.036	16.344	16.551	415.42	415.34
09:18:41	16.611	16.276	16.372	17.038	16.343	16.541	415.42	415.34
09:19:41	16.611	16.276	16.372	17.033	16.345	16.551	415.42	415.34
09:20:41	16.612	16.277	16.374	17.031	16.345	16.552	415.42	415.34
09:21:41	16.612	16.276	16.372	17.035	16.346	16.543	415.42	415.34
09:22:41	16.611	16.277	16.372	17.031	16.345	16.552	415.42	415.34
09:23:41	16.611	16.277	16.372	17.033	16.345	16.541	415.42	415.34
09:24:41	16.611	16.277	16.372	17.035	16.346	16.544	415.42	415.34
09:25:41	16.611	16.278	16.372	17.035	16.346	16.545	415.42	415.34
09:26:41	16.611	16.277	16.37	17.033	16.346	16.543	415.42	415.34
09:27:41	16.61	16.278	16.372	17.03	16.346	16.545	415.42	415.34
09:28:41	16.611	16.276	16.373	17.03	16.346	16.55	415.42	415.34
09:29:41	16.611	16.276	16.372	17.026	16.345	16.551	415.42	415.34
09:30:41	16.611	16.277	16.374	17.037	16.346	16.552	415.42	415.34
09:31:41	16.611	16.277	16.375	17.037	16.346	16.553	415.42	415.34
09:32:41	16.612	16.276	16.374	17.038	16.346	16.543	415.42	415.34
09:33:41	16.611	16.276	16.373	17.031	16.345	16.552	415.42	415.34
09:34:41	16.611	16.276	16.372	17.029	16.345	16.541	415.42	415.34
09:35:41	16.611	16.277	16.371	17.032	16.346	16.544	415.42	415.34
09:36:41	16.611	16.277	16.373	17.032	16.345	16.541	415.42	415.34
09:37:41	16.611	16.276	16.371	17.032	16.346	16.545	415.42	415.34
09:38:41	16.611	16.275	16.371	17.03	16.345	16.546	415.42	415.34
09:39:41	16.612	16.276	16.372	17.023	16.346	16.552	415.42	415.34
09:40:41	16.611	16.276	16.373	17.018	16.345	16.547	415.42	415.34
09:41:41	16.612	16.275	16.372	17.02	16.346	16.55	415.42	415.34
09:42:42	16.612	16.276	16.371	17.022	16.344	16.543	415.42	415.34
09:43:41	0.0	16.276	16.368	17.03	16.343	16.541	415.42	415.34
09:44:41	16.611	16.276	16.37	17.034	16.343	16.545	415.42	415.34
09:45:41	16.61	16.275	16.37	17.033	16.344	16.55	415.42	415.34
09:46:41	16.611	16.275	16.371	17.031	16.343	16.553	415.42	415.34
09:47:41	16.612	16.275	16.371	17.032	16.343	16.551	415.42	415.34
09:48:41	16.611	16.275	16.372	17.029	16.344	16.544	415.42	415.34
09:49:41	16.612	16.276	16.372	17.03	16.345	16.545	415.42	415.34
09:50:41	16.611	16.276	16.37	17.033	16.344	16.551	415.42	415.34
09:51:41	16.611	16.275	16.37	17.028	16.344	16.543	415.42	415.34
09:52:41	16.612	16.276	16.368	17.026	16.344	16.55	415.42	415.34
09:53:41	16.61	16.277	16.371	17.02	16.344	16.545	415.42	415.34
09:54:41	16.612	16.276	16.37	17.021	16.344	16.546	415.42	415.34
09:55:41	16.612	16.276	16.37	17.023	16.344	16.55	415.42	415.34
09:56:42	16.612	16.276	16.369	17.022	16.343	16.548	415.42	415.34
09:57:41	0.0	16.277	16.37	17.021	16.343	16.545	415.42	415.34
09:58:41	16.611	16.275	16.372	17.022	16.343	16.545	415.42	415.34
09:59:41	16.612	16.275	16.371	17.019	16.342	16.541	415.42	415.34
10:00:41	16.612	16.275	16.368	17.019	16.343	16.545	415.42	415.34
10:01:41	16.612	16.276	16.366	17.018	16.342	16.551	415.42	415.34
10:02:41	16.611	16.275	16.365	17.02	16.343	16.542	415.42	415.34
10:03:41	16.611	16.275	16.366	17.017	16.343	16.545	415.42	415.34
10:04:41	16.611	16.274	16.364	17.014	16.342	16.549	415.42	415.34
10:05:41	16.61	16.274	16.366	17.019	16.34	16.54	415.42	415.34
10:06:41	16.611	16.274	16.365	17.019	16.341	16.548	415.42	415.34
10:07:41	16.611	16.272	16.366	17.017	16.341	16.55	415.42	415.34
10:08:41	16.61	16.272	16.364	17.017	16.341	16.548	415.42	415.34
10:09:41	16.61	16.272	16.363	17.016	16.34	16.541	415.42	415.34
10:10:41	16.611	16.272	16.365	17.021	16.34	16.538	415.42	415.34
10:11:41	16.611	16.27	16.364	17.021	16.34	16.549	415.42	415.34
10:12:41	16.611	16.271	16.364	17.02	16.34	16.548	415.42	415.34
10:13:41	16.61	16.271	16.363	17.019	16.341	16.543	415.42	415.34
10:14:41	16.611	16.271	16.364	17.02	16.34	16.544	415.42	415.34
10:15:41	16.61	16.271	16.366	17.02	16.339	16.54	415.42	415.34
10:16:41	16.611	16.27	16.364	17.025	16.338	16.545	415.42	415.34
10:17:41	16.61	16.268	16.363	17.024	16.338	16.538	415.42	415.34
10:18:41	16.609	16.268	16.364	17.026	16.338	16.54	415.42	415.34
10:19:42	16.611	16.268	16.365	17.022	16.338	16.546	415.42	415.34
10:20:41	0.0	16.267	16.366	17.019	16.338	16.546	415.42	415.34
10:21:41	16.611	16.268	16.365	17.019	16.337	16.544	415.42	415.34
10:22:41	16.609	16.268	16.364	17.021	16.337	16.539	415.42	415.34
10:23:41	16.61	16.269	16.362	17.023	16.338	16.536	415.42	415.34
10:24:42	16.61	16.269	16.362	17.022	16.338	16.545	415.42	415.34
10:25:41	0.0	16.269	16.364	17.026	16.339	16.545	415.42	415.34
10:26:41	16.61	16.268	16.363	17.029	16.338	16.542	415.42	415.34
10:27:41	16.61	16.269	16.363	17.028	16.339	16.542	415.42	415.34
10:28:41	16.61	16.269	16.362	17.02	16.338	16.535	415.42	415.34
10:29:41	16.609	16.269	16.365	17.019	16.338	16.541	415.42	415.34
10:30:41	16.61	16.269	16.363	17.02	16.338	16.536	415.42	415.34
10:31:41	16.61	16.272	16.364	17.021	16.339	16.547	415.42	415.34
10:32:41	16.61	16.27	16.364	17.023	16.339	16.543	415.42	415.34
10:33:41	16.609	16.271	16.362	17.024	16.339	16.539	415.42	415.34
10:34:41	16.61	16.272	16.364	17.025	16.34	16.548	415.42	415.34
10:35:41	16.611	16.272	16.365	17.024	16.341	16.548	415.42	415.34
10:36:41	16.61	16.272	16.365	17.021	16.339	16.54	415.42	415.34
10:37:41	16.61	16.272	16.365	17.023	16.34	16.545	415.42	415.34
10:38:41	16.61	16.272	16.363	17.027	16.338	16.545	415.42	415.34
10:39:41	16.61	16.273	16.365	17.029	16.341	16.542	415.42	415.34
10:40:41	16.609	16.272	16.364	17.026	16.342	16.547	415.42	415.34
10:41:41	16.609	16.273	16.367	17.031	16.342	16.54	415.42	415.34
10:42:41	16.61	16.273	16.363	17.027	16.341	16.539	415.42	415.34
10:43:41	16.61	16.274	16.367	17.027	16.341	16.539	415.42	415.34
10:44:41	16.61	16.273	16.369	17.027	16.342	16.543	415.42	415.34
10:45:41	16.609	16.275	16.367	17.031	16.342	16.546	415.42	415.34
10:46:43	16.609	16.275	16.366	17.03	16.341	16.544	415.42	415.34
10:47:41	16.61	16.274	16.367	17.027	16.342	16.54	415.42	415.34
10:48:42	16.611	16.275	16.366	17.026	16.342	16.545	415.42	415.34
10:49:41	16.61	16.274	16.365	17.029	16.341	16.548	415.42	415.34
10:50:41	16.61	16.275	16.365	17.027	16.341	16.548	415.42	415.34
10:51:41	16.61	16.275	16.361	17.024	16.34	16.543	415.42	415.34
10:52:42	16.61	16.274	16.363	17.027	16.34	16.541	415.42	415.34
10:53:41	16.61	16.275	16.361	17.027	16.341	16.541	415.42	415.34
10:54:41	16.609	16.275	16.363	17.022	16.341	16.545	415.42	415.34
10:55:41	16.61	16.274	16.364	17.023	16.341	16.547	415.42	415.34
10:56:41	16.609	16.275	16.364	17.022	16.342	16.55	415.42	415.34
10:57:41	16.609	16.275	16.364	17.018	16.342	16.541	415.42	415.34
10:58:41	16.609	16.275	16.367	17.02	16.342	16.546	415.42	415.34
10:59:41	16.611	16.275	16.364	17.018	16.342	16.546	415.42	415.34
11:00:41	16.61	16.275	16.366	17.021	16.341	16.544	415.42	415.34
11:01:41	16.61	16.275	16.364	17.024	16.343	16.548	415.42	415.34
11:02:41	16.61	16.275	16.365	17.031	16.342	16.551	415.42	415.34
11:03:41	16.609	16.276	16.364	17.036	16.343	16.544	415.42	415.34
11:04:41	16.61	16.277	16.365	17.031	16.343	16.543	415.42	415.34
11:05:41	16.611	16.276	16.365	17.029	16.342	16.547	415.42	415.34
11:06:41	16.609	16.276	16.365	17.025	16.342	16.549	415.42	415.34
11:07:41	16.61	16.275	16.364	17.021	16.342	16.542	415.42	415.34
11:08:41	16.61	16.276	16.368	17.022	16.342	16.541	415.42	415.34
11:09:41	16.609	16.276	16.366	17.028	16.342	16.541	415.42	415.34
11:10:41	16.611	16.275	16.367	17.029	16.342	16.545	415.42	415.34
11:11:41	16.61	16.276	16.365	17.029	16.342	16.544	415.42	415.34
11:12:41	16.61	16.276	16.364	17.026	16.341	16.547	415.42	415.34
11:13:41	16.611	16.276	16.362	17.025	16.341	16.547	415.42	415.34
11:14:41	16.61	16.275	16.363	17.019	16.342	16.544	415.42	415.34
11:15:41	16.61	16.275	16.363	17.022	16.341	16.541	415.42	415.34
11:16:41	16.61	16.275	16.364	17.021	16.342	16.545	415.42	415.34
11:17:41	16.61	16.276	16.366	17.023	16.342	16.546	415.42	415.34
11:18:41	16.61	16.275	16.365	17.025	16.343	16.546	415.42	415.34
11:19:41	16.61	16.275	16.365	17.024	16.342	16.551	415.42	415.34
11:20:41	16.61	16.275	16.364	17.027	16.342	16.544	415.42	415.34
11:21:41	16.611	16.275	16.365	17.026	16.343	16.544	415.42	415.34
11:22:41	16.61	16.277	16.367	17.026	16.344	16.547	415.42	415.34
11:23:41	16.611	16.276	16.367	17.026	16.342	16.547	415.42	415.34
11:24:41	16.61	16.277	16.364	17.025	16.343	16.546	415.42	415.34
11:25:41	16.611	16.276	16.362	17.022	16.343	16.543	415.42	415.34
11:26:41	16.61	16.276	16.367	17.018	16.342	16.551	415.42	415.34
11:27:41	16.61	16.276	16.368	17.023	16.342	16.549	415.42	415.34
11:28:42	16.61	16.276	16.366	17.02	16.342	16.549	415.42	415.34
11:29:41	16.61	16.276	16.363	17.015	16.342	16.552	415.42	415.34
11:30:41	16.611	16.277	16.365	17.023	16.342	16.55	415.42	415.34
11:31:41	16.611	16.276	16.363	17.027	0.0	16.548	415.42	415.34
11:32:41	16.61	16.276	16.363	17.025	16.342	16.545	415.42	415.34
11:33:41	16.61	16.276	16.366	17.019	16.342	16.549	415.42	415.34
11:34:41	16.611	16.276	16.366	17.018	16.342	16.55	415.42	415.34
11:35:41	16.61	16.276	16.365	17.021	16.343	16.551	415.42	415.34
11:36:41	16.611	16.277	16.364	17.019	16.343	16.543	415.42	415.34
11:37:41	16.611	16.276	16.364	17.018	16.344	16.548	415.42	415.34
11:38:41	16.611	16.277	16.365	17.02	16.342	16.549	415.42	415.34
11:39:41	16.611	16.278	16.364	17.025	16.343	16.552	415.42	415.34
11:40:41	16.611	16.278	16.364	17.026	16.344	16.546	415.42	415.34
11:41:41	16.611	16.278	16.364	17.019	16.344	16.548	415.42	415.34
11:42:41	16.611	16.278	16.365	17.018	16.344	16.549	415.42	415.34
11:43:41	16.612	16.279	16.36	17.015	16.345	16.548	415.42	415.34
11:44:41	16.612	16.279	16.36	17.018	16.344	16.546	415.42	415.34
11:45:41	16.611	16.279	16.361	17.013	16.343	16.552	415.42	415.34
11:46:41	16.611	16.28	16.361	17.02	16.343	16.544	415.42	415.34
11:47:41	16.611	16.28	16.358	17.021	16.345	16.544	415.42	415.34
11:48:41	16.611	16.28	16.356	17.026	16.343	16.551	415.42	415.34
11:49:42	16.611	16.279	16.36	17.023	16.344	16.543	415.42	415.34
11:50:41	16.611	16.279	16.362	17.014	16.344	16.549	415.42	415.34
11:51:41	16.611	16.279	16.363	17.011	16.344	16.548	415.42	415.34
11:52:43	16.611	16.281	16.363	17.008	16.344	16.553	415.42	415.34
11:53:41	16.611	16.28	16.363	17.007	16.344	16.549	415.42	415.34
11:54:41	16.612	16.279	16.362	17.008	16.346	16.55	415.42	415.34
11:55:41	16.611	16.279	16.359	17.017	16.344	16.546	415.42	415.34
11:56:41	16.611	16.28	16.36	17.021	16.345	16.552	415.42	415.34
11:57:41	16.611	16.28	16.361	17.021	16.344	16.549	415.42	415.34
11:58:41	16.611	16.28	16.362	17.018	16.345	16.551	415.42	415.34
11:59:41	16.61	16.279	16.361	17.014	16.343	16.55	415.42	415.34
12:00:41	16.611	16.28	16.363	17.017	16.344	16.546	415.42	415.34
12:01:41	16.611	16.279	16.358	17.02	16.344	16.551	415.42	415.34
12:02:41	16.611	16.279	16.361	17.018	16.345	16.543	415.42	415.34
12:03:41	16.61	16.28	16.359	17.017	16.345	16.55	415.42	415.34
12:04:41	16.611	16.28	16.361	17.017	16.347	16.549	415.42	415.34
12:05:41	16.611	16.281	16.362	17.023	16.346	16.545	415.42	415.34
12:06:41	16.612	16.282	16.36	17.021	16.347	16.554	415.42	415.34
12:07:41	16.612	16.283	16.361	17.02	16.348	16.545	415.42	415.34
12:08:41	16.611	16.282	16.361	17.021	16.348	16.551	415.42	415.34
12:09:41	16.611	16.283	16.361	17.02	16.347	16.549	415.42	415.34
12:10:41	16.611	16.284	16.362	17.019	16.346	16.546	415.42	415.34
12:11:41	16.611	16.283	16.362	17.017	16.346	16.545	415.42	415.34
12:12:41	16.611	16.283	16.36	17.016	16.346	16.546	415.42	415.34
12:13:41	16.612	16.284	16.361	17.015	16.346	16.543	415.42	415.34
12:14:41	16.612	16.283	16.36	17.015	16.346	16.551	415.42	415.34
12:15:41	16.612	16.283	16.359	17.013	16.345	16.551	415.42	415.34
12:16:41	16.612	16.284	16.359	17.013	16.347	16.55	415.42	415.34
12:17:41	16.611	16.283	16.36	17.019	16.346	16.549	415.42	415.34
12:18:41	16.611	16.283	16.358	17.019	16.346	16.549	415.42	415.34
12:19:41	16.613	16.283	16.357	17.017	16.346	16.546	415.42	415.34
12:20:41	16.613	16.283	16.358	17.01	16.346	16.552	415.42	415.34
12:21:41	16.612	16.283	16.364	17.012	16.344	16.545	415.42	415.34
12:22:41	16.611	16.284	16.359	17.012	16.347	16.552	415.42	415.34
12:23:41	16.611	16.284	16.359	17.01	16.348	16.549	415.42	415.34
12:24:41	16.612	16.283	16.361	17.011	16.346	16.548	415.42	415.34
12:25:41	16.611	16.284	16.359	17.013	16.347	16.545	415.42	415.34
12:26:41	16.612	16.284	16.359	17.014	16.346	16.554	415.42	415.34
12:27:41	16.612	16.284	16.36	17.012	16.346	16.546	415.42	415.34
12:28:43	16.611	16.283	16.359	17.012	16.346	16.551	415.42	415.34
12:29:41	16.612	16.283	16.359	17.007	16.347	16.543	415.42	415.34
12:30:41	16.612	16.283	16.359	17.006	16.345	16.55	415.42	415.34
12:31:41	16.611	16.284	16.359	17.008	16.347	16.553	415.42	415.34
12:32:41	16.613	16.283	16.359	17.01	16.346	16.546	415.42	415.34
12:33:41	16.612	16.283	16.357	17.01	16.347	16.551	415.42	415.34
12:34:41	16.612	16.284	16.355	17.008	16.346	16.548	415.42	415.34
12:35:41	16.612	16.284	16.358	17.011	16.346	16.548	415.42	415.34
12:36:41	16.612	16.283	16.356	17.01	16.347	16.548	415.42	415.34
12:37:41	16.612	16.284	16.356	17.005	16.345	16.549	415.42	415.34
12:38:41	16.612	16.283	16.356	17.001	16.348	16.55	415.42	415.34
12:39:41	16.613	16.284	16.357	16.999	16.349	16.544	415.42	415.34
12:40:41	16.612	16.285	16.355	17.002	16.348	16.547	415.42	415.34
12:41:41	16.612	16.284	16.356	17.002	16.349	16.548	415.42	415.34
12:42:41	16.612	16.285	16.357	16.999	16.348	16.549	415.42	415.34
12:43:41	16.613	16.285	16.358	16.998	16.347	16.545	415.42	415.34
12:44:41	16.612	16.285	16.356	16.999	16.348	16.549	415.42	415.34
12:45:41	16.612	16.285	16.354	16.999	16.347	16.548	415.42	415.34
12:46:41	16.612	16.285	16.353	16.998	16.347	16.549	415.42	415.34
12:47:41	16.613	16.285	16.354	16.997	16.346	16.552	415.42	415.34
12:48:41	16.613	16.284	16.355	16.993	16.348	16.553	415.42	415.34
12:49:41	16.612	16.285	16.352	16.993	16.347	16.549	415.42	415.34
12:50:41	16.613	16.285	16.356	16.987	16.348	16.549	415.42	415.34
12:51:41	16.613	16.285	16.354	16.988	16.349	16.55	415.42	415.34
12:52:41	16.612	16.286	16.352	16.989	16.349	16.552	415.42	415.34
12:53:41	16.613	16.285	16.351	16.982	16.35	16.548	415.42	415.34
12:54:41	16.613	16.286	16.348	16.989	16.35	16.547	415.42	415.34
12:55:41	16.613	16.286	16.348	16.983	16.349	16.546	415.42	415.34
12:56:41	16.613	16.287	16.349	16.986	16.347	16.55	415.42	415.34
12:57:41	16.612	16.286	16.348	16.986	16.347	16.549	415.42	415.34
12:58:42	16.613	16.286	16.348	16.987	16.347	16.55	415.42	415.34
12:59:41	16.612	16.285	16.347	16.982	16.347	16.549	415.42	415.34
13:00:41	16.613	16.286	16.347	16.977	16.347	16.55	415.42	415.34
13:01:41	16.613	16.283	16.346	16.977	16.348	16.545	415.42	415.34
13:02:41	16.613	16.285	16.346	16.979	16.347	16.549	415.42	415.34
13:03:41	16.612	16.285	16.347	16.98	16.347	16.544	415.42	415.34
13:04:41	16.613	16.284	16.347	16.983	16.348	16.543	415.42	415.34
13:05:41	16.612	16.285	16.346	16.98	16.348	16.549	415.42	415.34
13:06:41	16.613	16.286	16.346	16.977	16.348	16.549	415.42	415.34
13:07:43	16.613	16.286	16.343	16.977	16.349	16.551	415.42	415.34
13:08:41	16.612	16.286	16.343	16.975	16.349	16.549	415.42	415.34
13:09:41	16.613	16.286	16.342	16.975	16.348	16.547	415.42	415.34
13:10:41	16.613	16.285	16.344	16.978	16.347	16.551	415.42	415.34
13:11:41	16.613	16.285	16.343	16.979	16.347	16.549	415.42	415.34
13:12:41	16.613	16.285	16.344	16.975	16.347	16.549	415.42	415.34
13:13:41	16.612	16.283	16.345	16.982	16.348	16.549	415.42	415.34
13:14:41	16.613	16.283	16.343	16.978	16.346	16.549	415.42	415.34
13:15:41	16.612	16.284	16.342	16.974	16.345	16.548	415.42	415.34
13:16:41	16.612	16.283	16.343	16.975	16.346	16.548	415.42	415.34
13:17:41	16.614	16.283	16.342	16.974	16.345	16.546	415.42	415.34
13:18:41	16.613	16.282	16.342	16.971	16.346	16.548	415.42	415.34
13:19:41	16.613	16.282	16.341	16.973	16.346	16.549	415.42	415.34
13:20:41	16.612	16.283	16.341	16.973	16.346	16.549	415.42	415.34
13:21:41	16.613	16.283	16.341	16.969	16.347	16.55	415.42	415.34
13:22:41	16.613	16.282	16.339	16.971	16.347	16.548	415.42	415.34
13:23:41	16.613	16.283	16.338	16.971	16.345	16.548	415.42	415.34
13:24:41	16.614	16.283	16.338	16.971	16.345	16.548	415.42	415.34
13:25:41	16.613	16.281	16.34	16.971	16.345	16.551	415.42	415.34
13:26:41	16.612	16.282	16.338	16.97	16.345	16.55	415.42	415.34
13:27:41	16.612	16.282	16.338	16.969	16.346	16.549	415.42	415.34
13:28:41	16.613	16.282	16.336	16.963	16.345	16.548	415.42	415.34
13:29:41	16.612	16.283	16.338	16.965	16.345	16.55	415.42	415.34
13:30:41	16.611	16.281	16.336	16.963	16.346	16.547	415.42	415.34
13:31:41	16.613	16.281	16.336	16.965	16.345	16.544	415.42	415.34
13:32:41	16.612	16.282	16.337	16.968	16.344	16.549	415.42	415.34
13:33:41	16.613	16.282	16.337	16.969	16.344	16.548	415.42	415.34
13:34:41	16.613	16.282	16.337	16.966	16.345	16.547	415.42	415.34
13:35:41	16.612	16.281	16.337	16.968	16.345	16.548	415.42	415.34
13:36:41	16.613	16.283	16.337	16.959	16.345	16.545	415.42	415.34
13:37:41	16.613	16.283	16.338	16.958	16.345	16.549	415.42	415.34
13:38:41	16.613	16.284	16.336	16.962	16.346	16.549	415.42	415.34
13:39:41	16.613	16.284	16.336	16.963	16.347	16.546	415.42	415.34
13:40:41	16.614	16.284	16.333	16.965	16.348	16.549	415.42	415.34
13:41:41	16.613	16.284	16.335	16.97	16.347	16.551	415.42	415.34
13:42:41	16.613	16.286	16.334	16.966	16.347	16.548	415.42	415.34
13:43:42	16.613	16.285	16.332	16.958	16.348	16.549	415.42	415.34
13:44:41	16.613	16.286	16.333	16.962	16.348	16.548	415.42	415.34
13:45:41	16.613	16.286	16.332	16.96	16.35	16.549	415.42	415.34
13:46:41	16.614	16.287	16.33	16.962	16.349	16.546	415.42	415.34
13:47:41	16.613	16.286	16.33	16.96	16.347	16.549	415.42	415.34
13:48:41	16.613	16.286	16.332	16.957	16.348	16.545	415.42	415.34
13:49:43	16.613	16.287	16.333	16.958	16.347	16.547	415.42	415.34
13:50:41	16.614	16.287	16.332	16.96	16.347	16.548	415.42	415.34
13:51:42	16.613	16.286	16.332	16.963	16.347	16.548	415.42	415.34
13:52:41	16.614	16.287	16.33	16.96	16.347	16.55	415.42	415.34
13:53:41	16.615	16.286	16.331	16.96	16.347	16.552	415.42	415.34
13:54:41	16.613	16.285	16.331	16.959	16.347	16.546	415.42	415.34
13:55:41	16.614	16.286	16.331	16.957	16.346	16.553	415.42	415.34
13:56:41	16.613	16.286	16.329	16.956	16.346	16.545	415.42	415.34
13:57:41	16.614	16.285	16.328	16.954	16.346	16.545	415.42	415.34
13:58:41	16.612	16.286	16.329	16.959	16.347	16.55	415.42	415.34
13:59:41	16.613	16.285	16.327	16.957	16.348	16.552	415.42	415.34
14:00:41	16.614	16.286	16.33	16.961	16.348	16.55	415.42	415.34
14:01:41	16.614	16.287	16.328	16.96	16.348	16.549	415.42	415.34
14:02:41	16.613	16.286	16.331	16.96	16.348	16.545	415.42	415.34
14:03:41	16.614	16.286	16.329	16.964	16.346	16.545	415.42	415.34
14:04:41	16.614	16.286	16.328	16.963	16.345	16.552	415.42	415.34
14:05:41	16.614	16.284	16.328	16.954	16.347	16.543	415.42	415.34
14:06:42	16.614	16.286	16.328	16.953	16.347	16.55	415.42	415.34
14:07:41	16.614	16.285	16.327	16.951	16.347	16.548	415.42	415.34
14:08:41	16.613	16.284	16.327	16.946	16.347	16.552	415.42	415.34
14:09:42	16.613	16.285	16.327	16.952	16.347	16.548	415.42	415.34
14:10:41	0.0	16.285	16.327	16.955	16.348	16.551	415.42	415.34
14:11:41	16.614	16.286	16.327	16.956	16.349	16.548	415.42	415.34
14:12:41	16.614	16.286	16.327	16.959	16.347	16.549	415.42	415.34
14:13:41	16.614	16.288	16.326	16.963	16.347	16.544	415.42	415.34
14:14:42	16.614	16.288	16.324	16.959	16.348	16.545	415.42	415.34
14:15:42	16.614	16.287	16.328	16.95	16.349	16.549	415.42	415.34
14:16:42	16.614	16.288	16.326	16.951	16.351	16.553	415.42	415.34
14:17:41	16.613	16.288	16.325	16.951	16.35	16.549	415.42	415.34
14:18:41	16.615	16.288	16.324	16.948	16.35	16.545	415.42	415.34
14:19:41	16.613	16.289	16.325	16.946	16.35	16.548	415.42	415.34
14:20:41	16.614	16.289	16.325	16.944	16.349	16.548	415.42	415.34
14:21:41	16.614	16.288	16.326	16.945	16.348	16.548	415.42	415.34
14:22:41	16.614	16.287	16.325	16.955	16.349	16.55	415.42	415.34
14:23:41	16.613	16.288	16.324	16.955	16.348	16.547	415.42	415.34
14:24:41	16.613	16.286	16.323	16.955	16.35	16.551	415.42	415.34
14:25:42	16.614	16.288	16.323	16.955	16.349	16.549	415.42	415.34
14:26:41	16.614	16.288	16.326	16.951	16.347	16.548	415.42	415.34
14:27:41	16.614	16.287	16.324	16.948	16.349	16.552	415.42	415.34
14:28:41	16.614	16.286	16.322	16.945	16.35	16.549	415.42	415.34
14:29:41	16.614	16.288	16.324	16.961	16.349	16.55	415.42	415.34
14:30:41	16.615	16.285	16.324	16.956	16.348	16.546	415.42	415.34
14:31:41	16.614	16.286	16.324	16.952	16.348	16.548	415.42	415.34
14:32:41	16.614	16.286	16.327	16.948	16.346	16.551	415.42	415.34
14:33:41	16.614	16.286	16.323	16.946	16.348	16.547	415.42	415.34
14:34:41	16.614	16.285	16.324	16.949	16.348	16.553	415.42	415.34
14:35:41	16.614	16.286	16.325	16.946	16.348	16.547	415.42	415.34
14:36:43	16.615	16.286	16.323	16.95	16.349	16.553	415.42	415.34
14:37:41	16.615	16.288	16.324	16.952	16.35	16.551	415.42	415.34
14:38:41	16.614	16.287	16.321	16.959	16.351	16.548	415.42	415.34
14:39:41	16.614	16.287	16.322	16.957	16.349	16.55	415.42	415.34
14:40:41	16.615	16.287	16.323	16.949	16.349	16.546	415.42	415.34
14:41:42	16.615	16.287	16.321	16.94	16.349	16.548	415.42	415.34
14:42:41	16.615	16.287	16.318	16.94	16.349	16.547	415.42	415.34
14:43:41	16.617	16.288	16.318	16.936	16.348	16.547	415.42	415.34
14:44:41	16.614	16.287	16.32	16.937	16.349	16.546	415.42	415.34
14:45:41	16.614	16.286	16.318	16.932	16.348	16.551	415.42	415.34
14:46:42	16.614	16.287	16.318	16.928	16.348	16.549	415.42	415.34
14:47:41	16.614	16.286	16.318	16.93	16.348	16.55	415.42	415.34
14:48:41	16.614	16.285	16.317	16.929	16.349	16.552	415.42	415.34
14:49:42	16.614	16.286	16.318	16.927	16.351	16.551	415.42	415.34
14:50:41	16.614	16.287	16.316	16.929	16.349	16.552	415.42	415.34
14:51:41	16.614	16.287	16.317	16.93	16.349	16.553	415.42	415.34
14:52:41	16.614	16.286	16.315	16.935	16.349	16.551	415.42	415.34
14:53:41	16.613	16.285	16.317	16.932	16.351	16.545	415.42	415.34
14:54:42	16.614	16.287	16.318	16.933	16.35	16.551	415.42	415.34
14:55:41	16.615	16.286	16.316	16.932	16.349	16.548	415.42	415.34
14:56:42	16.614	16.286	16.319	16.936	16.348	16.549	415.42	415.34
14:57:41	0.0	16.286	16.321	16.934	16.348	16.55	415.42	415.34
14:58:42	16.614	16.285	16.319	16.935	16.349	16.546	415.42	415.34
14:59:41	16.615	16.285	16.319	16.933	16.347	16.551	415.42	415.34
15:00:41	16.615	16.284	16.321	16.932	16.348	16.549	415.42	415.34
15:01:41	16.613	16.283	16.316	16.928	16.348	16.547	415.42	415.34
15:02:41	16.613	16.283	16.289	16.922	16.348	16.548	415.42	415.34
15:03:41	16.614	16.284	16.282	16.911	16.347	16.552	415.42	415.34
15:04:42	16.614	16.284	16.286	0.0	16.348	16.545	415.42	415.34
15:05:42	16.614	16.284	16.291	16.918	16.349	16.55	415.42	415.34
15:06:42	16.614	16.285	16.295	16.918	16.349	16.552	415.42	415.34
15:07:41	16.614	16.284	16.301	16.93	16.347	16.548	415.42	415.34
15:08:41	16.615	16.285	16.301	16.932	16.347	16.548	415.42	415.34
15:09:41	16.613	16.284	16.3	16.931	16.349	16.547	415.42	415.34
15:10:41	16.613	16.284	16.303	16.928	16.348	16.551	415.42	415.34
15:11:42	16.612	16.285	16.305	16.932	16.348	16.551	415.42	415.34
15:12:41	16.613	16.284	16.303	16.936	16.347	16.548	415.42	415.34
15:13:41	16.613	16.284	16.303	16.937	16.348	16.547	415.42	415.34
15:14:41	16.613	16.283	16.3	16.939	16.347	16.546	415.42	415.34
15:15:41	16.614	16.283	16.301	16.935	16.346	16.548	415.42	415.34
15:16:41	16.613	16.282	16.302	16.933	16.346	16.546	415.42	415.34
15:17:41	16.614	16.282	16.301	16.934	16.344	16.544	415.42	415.34
15:18:42	16.613	16.281	16.302	16.937	16.344	16.545	415.42	415.34
15:19:42	16.614	16.281	16.302	16.944	16.346	16.548	415.42	415.34
15:20:42	16.613	16.28	16.302	16.941	16.346	16.544	415.42	415.34
15:21:41	16.612	16.28	16.302	16.939	16.345	16.547	415.42	415.34
15:22:41	16.612	16.28	16.305	16.938	16.345	16.546	415.42	415.34
15:23:41	16.614	16.28	16.305	16.933	16.343	16.544	415.42	415.34
15:24:42	16.613	16.279	16.303	16.937	16.344	16.544	415.42	415.34
15:25:41	16.613	16.278	16.302	16.941	16.343	16.547	415.42	415.34
15:26:42	16.612	16.277	16.303	16.943	16.343	16.546	415.42	415.34
15:27:42	16.613	16.276	16.303	16.94	16.342	16.545	415.42	415.34
15:28:41	16.613	16.277	16.305	16.944	16.341	16.547	415.42	415.34
15:29:41	16.612	16.277	16.306	16.945	16.341	16.545	415.42	415.34
15:30:41	16.612	16.275	16.31	16.947	16.341	16.545	415.42	415.34
15:31:41	16.613	16.275	16.309	16.946	16.343	16.545	415.42	415.34
15:32:42	16.612	16.275	16.31	16.948	16.343	16.546	415.42	415.34
15:33:43	16.612	16.276	16.306	16.944	16.343	16.546	415.42	415.34
15:34:41	0.0	16.276	16.305	16.948	16.343	16.545	415.42	415.34
15:35:42	16.612	16.276	16.307	16.947	16.344	16.548	415.42	415.34
15:36:41	0.0	16.277	16.305	16.944	16.343	16.548	415.42	415.34
15:37:41	16.612	16.277	16.307	16.943	16.343	16.544	415.42	415.34
15:38:41	16.613	16.278	16.306	16.944	16.343	16.542	415.42	415.34
15:39:41	16.612	16.277	16.305	16.944	16.342	16.55	415.42	415.34
15:40:42	16.611	16.278	16.305	16.94	16.341	16.545	415.42	415.34
15:41:41	16.611	16.276	16.307	16.938	16.342	16.548	415.42	415.34
15:42:41	16.612	16.276	16.307	16.937	16.341	16.546	415.42	415.34
15:43:41	16.612	16.276	16.307	16.94	16.341	16.546	415.42	415.34
15:44:41	16.611	16.276	16.309	16.948	16.339	16.548	415.42	415.34
15:45:41	16.611	16.273	16.309	16.946	16.339	16.543	415.42	415.34
15:46:41	16.612	16.275	16.309	16.943	16.341	16.55	415.42	415.34
15:47:41	16.612	16.273	16.306	16.94	16.341	16.541	415.42	415.34
15:48:42	16.612	16.274	16.308	16.937	16.34	16.546	415.42	415.34
15:49:41	16.612	16.273	16.306	16.934	16.34	16.54	415.42	415.34
15:50:41	16.611	16.273	16.306	16.934	16.339	16.546	415.42	415.34
15:51:41	16.611	16.274	16.307	16.938	16.341	16.546	415.42	415.34
15:52:42	16.61	16.274	16.307	16.943	16.342	16.545	415.42	415.34
15:53:41	0.0	16.273	16.31	16.943	16.342	16.542	415.42	415.34
15:54:42	16.61	16.274	16.308	16.939	16.342	16.549	415.42	415.34
15:55:42	16.611	16.274	16.306	16.938	16.34	16.545	415.42	415.34
15:56:41	16.611	16.274	16.307	16.94	16.341	16.547	415.42	415.34
15:57:42	16.61	16.275	16.307	16.936	16.341	16.549	415.42	415.34
15:58:41	16.61	16.275	16.306	16.941	16.341	16.545	415.42	415.34
15:59:41	16.61	16.274	16.308	16.942	16.341	16.547	415.42	415.34
16:00:42	16.61	16.275	16.31	16.941	16.34	16.545	415.42	415.34
16:01:41	16.609	16.273	16.31	16.946	16.339	16.543	415.42	415.34
16:02:41	16.61	16.273	16.307	16.942	16.341	16.544	415.42	415.34
16:03:41	16.611	16.274	16.309	16.944	16.339	16.546	415.42	415.34
16:04:42	16.611	16.273	16.307	16.949	16.341	16.544	415.42	415.34
16:05:41	16.61	16.272	16.306	16.946	16.341	16.545	415.42	415.34
16:06:41	16.61	16.273	16.306	16.945	16.339	16.54	415.42	415.34
16:07:41	16.611	16.272	16.306	16.942	16.34	16.547	415.42	415.34
16:08:41	16.609	16.272	16.31	16.945	16.339	16.544	415.42	415.34
16:09:41	16.61	16.271	16.31	16.944	16.339	16.544	415.42	415.34
16:10:42	16.61	16.272	16.31	16.938	16.338	16.542	415.42	415.34
16:11:42	16.61	16.272	16.308	16.94	16.339	16.542	415.42	415.34
16:12:42	16.609	16.27	16.307	16.94	16.338	16.545	415.42	415.34
16:13:42	16.609	16.269	16.307	16.941	16.337	16.545	415.42	415.34
16:14:42	16.609	16.271	16.308	16.943	16.338	16.545	415.42	415.34
16:15:42	16.609	16.269	16.308	16.94	16.338	16.54	415.42	415.34
16:16:42	16.609	16.269	16.31	16.938	16.338	16.539	415.42	415.34
16:17:42	16.609	16.269	16.308	16.937	16.337	16.547	415.42	415.34
16:18:42	16.609	16.268	16.31	16.94	16.336	16.549	415.42	415.34
16:19:42	16.608	16.267	16.309	16.938	16.336	16.547	415.42	415.34
16:20:44	16.608	16.267	16.308	16.941	16.336	16.541	415.42	415.34
16:21:42	16.609	16.267	16.309	16.945	16.337	16.541	415.42	415.34
16:22:42	16.608	16.267	16.31	16.946	16.336	16.54	415.42	415.34
16:23:42	16.609	16.267	16.309	16.943	16.336	16.544	415.42	415.34
16:24:42	16.609	16.267	16.31	16.94	16.336	16.548	415.42	415.34
16:25:42	16.608	16.266	16.311	16.937	16.336	16.54	415.42	415.34
16:26:42	16.609	16.266	16.31	16.936	16.336	16.549	415.42	415.34
16:27:42	16.608	16.266	16.309	16.937	16.334	16.544	415.42	415.34
16:28:42	16.608	16.266	16.307	16.935	16.336	16.547	415.42	415.34
16:29:42	16.608	16.265	16.31	16.933	16.335	16.546	415.42	415.34
16:30:42	16.608	16.264	16.307	16.934	16.334	16.546	415.42	415.34
16:31:42	16.608	16.264	16.309	16.943	16.335	16.541	415.42	415.34
16:32:42	16.607	16.264	16.31	16.942	16.334	16.543	415.42	415.34
16:33:42	16.607	16.264	16.31	16.941	16.333	16.543	415.42	415.34
16:34:42	16.607	16.264	16.308	16.939	16.333	16.546	415.42	415.34
16:35:42	16.607	16.263	16.306	16.936	16.335	16.547	415.42	415.34
16:36:42	16.608	16.263	16.305	16.938	16.334	16.543	415.42	415.34
16:37:42	16.607	16.263	16.306	16.938	16.335	16.54	415.42	415.34
16:38:42	16.607	16.263	16.305	16.933	16.334	16.544	415.42	415.34
16:39:42	16.607	16.263	16.307	16.934	16.333	16.543	415.42	415.34
16:40:42	16.607	16.262	16.303	16.946	16.335	16.54	415.42	415.34
16:41:42	16.607	16.262	16.303	16.945	16.333	16.545	415.42	415.34
16:42:42	16.605	16.263	16.305	16.942	16.334	16.542	415.42	415.34
16:43:42	16.607	16.263	16.306	16.936	16.333	16.542	415.42	415.34
16:44:42	16.607	16.263	16.305	16.93	16.333	16.542	415.42	415.34
16:45:42	16.606	16.262	16.307	16.936	16.333	16.543	415.42	415.34
16:46:42	16.606	16.261	16.305	16.935	16.333	16.546	415.42	415.34
16:47:42	16.607	16.261	16.306	16.931	16.333	16.543	415.42	415.34
16:48:42	16.606	16.261	16.304	16.929	16.333	16.545	415.42	415.34
16:49:42	16.605	16.259	16.305	16.935	16.332	16.542	415.42	415.34
16:50:42	16.607	16.26	16.306	16.937	16.333	16.545	415.42	415.34
16:51:42	16.607	16.261	16.307	16.935	16.332	16.544	415.42	415.34
16:52:42	16.606	16.26	16.308	16.935	16.333	16.543	415.42	415.34
16:53:42	16.606	16.259	16.308	16.933	16.333	16.54	415.42	415.34
16:54:42	16.607	16.26	16.305	16.939	16.333	16.54	415.42	415.34
16:55:42	16.604	16.26	16.304	16.938	16.332	16.543	415.42	415.34
16:56:42	16.606	16.26	16.307	16.935	16.333	16.543	415.42	415.34
16:57:42	16.605	16.259	16.303	16.931	16.331	16.545	415.42	415.34
16:58:42	16.606	16.259	16.303	16.932	16.332	16.545	415.42	415.34
16:59:42	16.605	16.259	16.304	16.93	16.333	16.543	415.42	415.34
17:00:42	16.604	16.258	16.304	16.931	16.332	16.543	415.42	415.34
17:01:42	16.606	16.258	16.305	16.926	16.331	16.544	415.42	415.34
17:02:42	16.606	16.258	16.306	16.928	16.331	16.542	415.42	415.34
17:03:42	16.605	16.258	16.304	16.925	16.333	16.544	415.42	415.34
17:04:42	16.605	16.257	16.303	16.927	16.331	16.543	415.42	415.34
17:05:42	16.605	16.258	16.301	16.93	16.33	16.541	415.42	415.34
17:06:42	16.605	16.257	16.304	16.935	16.33	16.539	415.42	415.34
17:07:42	16.605	16.256	16.305	16.929	16.332	16.541	415.42	415.34
17:08:42	16.605	16.257	16.306	16.933	16.331	16.545	415.42	415.34
17:09:42	16.605	16.256	16.306	16.934	16.331	16.542	415.42	415.34
17:10:42	16.605	16.256	16.306	16.935	16.33	16.538	415.42	415.34
17:11:42	16.605	16.256	16.303	16.939	16.331	16.541	415.42	415.34
17:12:42	16.604	16.255	16.301	16.948	16.328	16.535	415.42	415.34
17:13:42	16.605	16.255	16.3	16.946	16.329	16.539	415.42	415.34
17:14:42	16.604	16.254	16.302	16.937	16.33	16.541	415.42	415.34
17:15:42	16.604	16.254	16.303	16.932	16.329	16.539	415.42	415.34
17:16:42	16.605	16.254	16.305	16.933	16.331	16.54	415.42	415.34
17:17:42	16.603	16.254	16.304	16.934	16.329	16.539	415.42	415.34
17:18:42	16.604	16.254	16.305	16.938	16.328	16.539	415.42	415.34
17:19:42	16.604	16.252	16.301	16.939	16.327	16.537	415.42	415.34
17:20:42	16.604	16.251	16.3	16.937	16.327	16.54	415.42	415.34
17:21:42	16.604	16.25	16.301	16.935	16.325	16.537	415.42	415.34
17:22:42	16.603	16.25	16.303	16.931	16.325	16.537	415.42	415.34
17:23:42	16.604	16.249	16.303	16.935	16.325	16.543	415.42	415.34
17:24:42	16.603	16.249	16.3	16.935	16.325	16.535	415.42	415.34
17:25:42	16.602	16.249	16.303	16.933	16.326	16.536	415.42	415.34
17:26:42	16.601	16.248	16.304	16.936	16.325	16.535	415.42	415.34
17:27:42	16.603	16.246	16.305	16.932	16.326	16.535	415.42	415.34
17:28:42	16.602	16.247	16.303	16.933	16.325	16.538	415.42	415.34
17:29:42	16.602	16.246	16.3	16.929	16.325	16.538	415.42	415.34
17:30:42	16.603	16.247	16.302	16.93	16.326	16.536	415.42	415.34
17:31:42	16.602	16.247	16.303	16.935	16.326	16.537	415.42	415.34
17:32:42	16.602	16.246	16.302	16.938	16.325	16.538	415.42	415.34
17:33:42	16.601	16.246	16.3	16.933	16.324	16.538	415.42	415.34
17:34:42	16.6	16.244	16.304	16.931	16.325	16.538	415.42	415.34
17:35:42	16.602	16.246	16.303	16.934	16.324	16.542	415.42	415.34
17:36:42	16.601	16.244	16.302	16.936	16.324	16.538	415.42	415.34
17:37:42	16.601	16.245	16.302	16.934	16.325	16.538	415.42	415.34
17:38:42	16.601	16.244	16.298	16.932	16.323	16.537	415.42	415.34
17:39:42	16.602	16.244	16.3	16.932	16.324	16.539	415.42	415.34
17:40:42	16.601	16.243	16.302	16.93	16.323	16.538	415.42	415.34
17:41:42	16.601	16.243	16.301	16.93	16.324	16.535	415.42	415.34
17:42:42	16.6	16.244	16.301	16.93	16.323	16.535	415.42	415.34
17:43:42	16.601	16.243	16.297	16.928	16.324	16.537	415.42	415.34
17:44:42	16.6	16.244	16.297	16.924	16.324	16.538	415.42	415.34
17:45:42	16.6	16.243	16.301	16.92	16.324	16.536	415.42	415.34
17:46:42	16.601	16.244	16.305	16.917	16.325	16.533	415.42	415.34
17:47:42	16.601	16.245	16.304	16.921	16.325	16.539	415.42	415.34
17:48:42	16.599	16.244	16.302	16.93	16.326	16.532	415.42	415.34
17:49:42	16.599	16.243	16.303	16.933	16.324	16.537	415.42	415.34
17:50:42	16.6	16.243	16.301	16.931	16.326	16.541	415.42	415.34
17:51:42	16.599	16.243	16.302	16.931	16.325	16.538	415.42	415.34
17:52:42	16.599	16.243	16.304	16.93	16.325	16.537	415.42	415.34
17:53:42	16.598	16.243	16.302	16.936	16.325	16.538	415.42	415.34
17:54:42	16.6	16.244	16.301	16.936	16.325	16.537	415.42	415.34
17:55:43	16.598	16.244	16.303	16.932	16.324	16.537	415.42	415.34
17:56:42	16.599	16.243	16.303	16.93	16.323	16.538	415.42	415.34
17:57:42	16.599	16.243	16.302	16.933	16.324	16.534	415.42	415.34
17:58:42	16.599	16.242	16.301	16.931	16.324	16.537	415.42	415.34
17:59:42	16.599	16.243	16.299	16.928	16.324	16.541	415.42	415.34
18:00:42	16.599	16.242	16.296	16.935	16.323	16.538	415.42	415.34
18:01:42	16.598	16.243	16.298	16.937	16.325	16.538	415.42	415.34
18:02:43	16.599	16.243	16.301	16.937	16.325	16.538	415.42	415.34
18:03:42	16.599	16.242	16.303	16.934	16.325	16.539	415.42	415.34
18:04:42	16.598	16.243	16.302	16.934	16.325	16.538	415.42	415.34
18:05:42	16.599	16.242	16.302	16.935	16.322	16.537	415.42	415.34
18:06:42	16.598	16.24	16.3	16.93	16.322	16.535	415.42	415.34
18:07:42	16.598	16.24	16.299	16.933	16.322	16.535	415.42	415.34
18:08:42	16.598	16.239	16.299	16.929	16.32	16.533	415.42	415.34
18:09:42	16.598	16.237	16.299	16.926	16.319	16.539	415.42	415.34
18:10:42	16.597	16.237	16.301	16.927	16.319	16.533	415.42	415.34
18:11:43	16.598	16.239	16.302	16.933	16.32	16.535	415.42	415.34
18:12:42	16.598	16.238	16.298	16.933	16.322	16.536	415.42	415.34
18:13:42	16.598	16.239	16.301	16.932	16.323	16.536	415.42	415.34
18:14:42	16.598	16.239	16.299	16.934	16.325	16.536	415.42	415.34
18:15:42	16.598	16.241	16.3	16.931	16.326	16.537	415.42	415.34
18:16:42	16.598	16.241	16.301	16.933	16.324	16.538	415.42	415.34
18:17:42	16.597	16.242	16.298	16.931	16.326	16.537	415.42	415.34
18:18:42	16.597	16.242	16.298	16.929	16.324	16.537	415.42	415.34
18:19:42	16.597	16.241	16.299	16.928	16.324	16.533	415.42	415.34
18:20:42	16.597	16.24	16.301	16.929	16.323	16.536	415.42	415.34
18:21:42	16.596	16.24	16.299	16.928	16.323	16.537	415.42	415.34
18:22:42	16.597	16.24	16.3	16.932	16.321	16.535	415.42	415.34
18:23:42	16.597	16.24	16.3	16.93	16.323	16.537	415.42	415.34
18:24:42	16.597	16.239	16.298	16.929	16.32	16.534	415.42	415.34
18:25:42	16.598	16.238	16.301	16.932	16.319	16.533	415.42	415.34
18:26:42	16.597	16.238	16.301	16.932	16.319	16.535	415.42	415.34
18:27:42	16.596	16.237	16.3	16.927	16.317	16.531	415.42	415.34
18:28:42	16.597	16.235	16.297	16.929	16.318	16.534	415.42	415.34
18:29:42	16.596	16.232	16.296	16.924	16.317	16.528	415.42	415.34
18:30:42	16.596	16.232	16.294	16.922	16.316	16.532	415.42	415.34
18:31:42	16.595	16.231	16.298	16.927	16.318	16.531	415.42	415.34
18:32:42	16.595	16.231	16.296	16.927	16.317	16.53	415.42	415.34
18:33:42	16.595	16.231	16.296	16.927	16.317	16.529	415.42	415.34
18:34:42	16.595	16.231	16.295	16.928	16.317	16.531	415.42	415.34
18:35:42	16.595	16.231	16.298	16.929	16.318	16.53	415.42	415.34
18:36:42	16.595	16.232	16.299	16.933	16.318	16.532	415.42	415.34
18:37:42	16.595	16.231	16.295	16.93	16.317	16.527	415.42	415.34
18:38:42	16.595	16.231	16.296	16.931	16.317	16.53	415.42	415.34
18:39:42	16.595	16.231	16.295	16.931	16.318	16.529	415.42	415.34
18:40:42	16.595	16.231	16.297	16.929	16.317	16.531	415.42	415.34
18:41:42	16.595	16.23	16.296	16.93	16.316	16.532	415.42	415.34
18:42:42	16.595	16.23	16.297	16.931	16.317	16.526	415.42	415.34
18:43:42	16.593	16.23	16.296	16.932	16.317	16.532	415.42	415.34
18:44:42	16.595	16.23	16.297	16.936	16.316	16.531	415.42	415.34
18:45:42	16.595	16.23	16.296	16.936	16.318	16.532	415.42	415.34
18:46:42	16.593	16.23	16.296	16.931	16.317	16.532	415.42	415.34
18:47:42	16.594	16.231	16.298	16.937	16.319	16.534	415.42	415.34
18:48:42	16.593	16.232	16.297	16.94	16.318	16.532	415.42	415.34
18:49:42	16.593	16.23	16.297	16.939	16.318	16.535	415.42	415.34
18:50:42	16.593	16.232	16.3	16.941	16.317	16.526	415.42	415.34
18:51:42	16.593	16.231	16.298	16.938	16.318	16.533	415.42	415.34
18:52:42	16.593	16.232	16.299	16.94	16.318	16.529	415.42	415.34
18:53:44	16.594	16.232	16.302	16.939	16.317	16.531	415.42	415.34
18:54:42	16.593	16.231	16.3	16.934	16.317	16.53	415.42	415.34
18:55:44	16.592	16.231	16.298	16.938	16.316	16.534	415.42	415.34
18:56:42	16.592	16.23	16.301	16.936	16.316	16.533	415.42	415.34
18:57:42	16.594	16.23	16.3	16.935	16.315	16.534	415.42	415.34
18:58:42	16.591	16.229	16.298	16.933	16.316	16.526	415.42	415.34
18:59:42	16.592	16.227	16.301	16.933	16.314	16.528	415.42	415.34
19:00:42	16.591	16.227	16.304	16.933	16.314	16.528	415.42	415.34
19:01:42	16.591	16.227	16.3	16.937	16.315	16.524	415.42	415.34
19:02:42	16.592	16.226	16.298	16.938	16.316	16.531	415.42	415.34
19:03:42	16.593	16.226	16.302	16.942	16.317	16.526	415.42	415.34
19:04:42	16.592	16.226	16.302	16.945	16.315	16.526	415.42	415.34
19:05:42	16.591	16.226	16.303	16.943	16.315	16.531	415.42	415.34
19:06:42	16.591	16.227	16.303	16.937	16.315	16.527	415.42	415.34
19:07:42	16.592	16.226	16.301	16.934	16.315	16.527	415.42	415.34
19:08:42	16.592	16.224	16.302	16.936	16.312	16.527	415.42	415.34
19:09:42	16.591	16.224	16.301	16.937	16.311	16.524	415.42	415.34
19:10:42	16.59	16.223	16.301	16.939	16.31	16.526	415.42	415.34
19:11:42	16.591	16.221	16.3	16.936	16.31	16.524	415.42	415.34
19:12:42	16.59	16.22	16.301	16.938	16.311	16.524	415.42	415.34
19:13:42	16.591	16.22	16.303	16.939	16.312	16.517	415.42	415.34
19:14:42	16.589	16.22	16.301	16.939	16.312	16.519	415.42	415.34
19:15:42	16.589	16.22	16.301	16.941	16.313	16.521	415.42	415.34
19:16:42	16.589	16.218	16.299	16.941	16.312	16.52	415.42	415.34
19:17:42	16.59	16.22	16.298	16.942	16.312	16.511	415.42	415.34
19:18:42	16.589	16.22	16.301	16.939	16.311	16.514	415.42	415.34
19:19:42	16.589	16.22	16.299	16.935	16.309	16.517	415.42	415.34
19:20:42	16.59	16.219	16.298	16.938	16.31	16.518	415.42	415.34
19:21:42	16.589	16.219	16.3	16.938	16.31	16.515	415.42	415.34
19:22:42	16.587	16.219	16.3	16.941	16.311	16.519	415.42	415.34
19:23:42	16.588	16.219	16.3	16.943	16.31	16.519	415.42	415.34
19:24:42	16.588	16.22	16.3	16.94	16.31	16.517	415.42	415.34
19:25:42	16.587	16.219	16.302	16.939	16.309	16.516	415.42	415.34
19:26:42	16.588	16.217	16.302	16.939	16.309	16.51	415.42	415.34
19:27:42	16.587	16.218	16.3	16.94	16.306	16.515	415.42	415.34
19:28:42	16.586	16.217	16.3	16.943	16.31	16.519	415.42	415.34
19:29:42	16.586	16.219	16.303	16.942	16.311	16.512	415.42	415.34
19:30:42	16.586	16.219	16.301	16.939	16.31	16.514	415.42	415.34
19:31:43	16.586	16.219	16.3	16.937	16.31	16.521	415.42	415.34
19:32:42	0.0	16.219	16.301	16.937	16.311	16.517	415.42	415.34
19:33:43	16.587	16.217	16.298	16.939	16.31	16.515	415.42	415.34
19:34:42	0.0	16.218	16.302	16.943	16.309	16.515	415.42	415.34
19:35:43	16.586	16.217	16.303	16.948	16.308	16.518	415.42	415.34
19:36:42	16.586	16.218	16.303	16.948	16.308	16.512	415.42	415.34
19:37:44	16.585	16.216	16.304	16.946	16.308	16.517	415.42	415.34
19:38:42	16.585	16.215	16.305	16.949	16.308	16.525	415.42	415.34
19:39:42	16.586	16.214	16.304	16.951	16.306	16.522	415.42	415.34
19:40:42	16.584	16.213	16.308	16.955	16.308	16.51	415.42	415.34
19:41:42	16.586	16.214	16.307	16.953	16.306	16.518	415.42	415.34
19:42:42	16.585	16.214	16.305	16.954	16.308	16.514	415.42	415.34
19:43:42	16.584	16.215	16.306	16.957	16.307	16.515	415.42	415.34
19:44:42	16.585	16.217	16.305	16.956	16.305	16.521	415.42	415.34
19:45:42	16.585	16.216	16.306	16.955	16.307	16.518	415.42	415.34
19:46:42	16.583	16.218	16.307	16.955	16.307	16.519	415.42	415.34
19:47:42	16.584	16.218	16.308	16.955	16.31	16.517	415.42	415.34
19:48:42	16.584	16.216	16.306	16.958	16.309	16.514	415.42	415.34
19:49:42	16.584	16.216	16.305	16.956	16.309	16.522	415.42	415.34
19:50:42	16.584	16.217	16.306	16.955	16.309	16.524	415.42	415.34
19:51:42	16.583	16.218	16.304	16.952	16.31	16.522	415.42	415.34
19:52:42	16.583	16.218	16.305	16.95	16.31	16.517	415.42	415.34
19:53:42	16.584	16.218	16.306	16.955	16.311	16.522	415.42	415.34
19:54:42	16.583	16.219	16.306	16.957	16.311	16.519	415.42	415.34
19:55:42	16.583	16.218	16.307	16.959	16.311	16.516	415.42	415.34
19:56:42	16.583	16.218	16.307	16.955	16.311	16.519	415.42	415.34
19:57:42	16.582	16.218	16.307	16.956	16.311	16.527	415.42	415.34
19:58:42	16.584	16.216	16.307	16.955	16.311	16.522	415.42	415.34
19:59:42	16.582	16.216	16.307	16.954	16.31	16.523	415.42	415.34
20:00:42	16.582	16.216	16.308	16.95	16.31	16.525	415.42	415.34
20:01:42	16.582	16.214	16.306	16.952	16.31	16.525	415.42	415.34
20:02:42	16.583	16.215	16.307	16.95	16.31	16.525	415.42	415.34
20:03:42	16.582	16.214	16.308	16.947	16.31	16.524	415.42	415.34
20:04:42	16.582	16.214	16.309	16.948	16.31	16.522	415.42	415.34
20:05:42	16.582	16.215	16.311	16.956	16.31	16.528	415.42	415.34
20:06:42	16.583	16.216	16.309	16.955	16.31	16.522	415.42	415.34
20:07:42	16.583	16.214	16.308	16.958	16.31	16.519	415.42	415.34
20:08:42	16.583	16.215	16.309	16.959	16.309	16.52	415.42	415.34
20:09:42	16.582	16.214	16.307	16.962	16.31	16.52	415.42	415.34
20:10:42	16.582	16.214	16.307	16.961	16.308	16.52	415.42	415.34
20:11:42	16.581	16.213	16.307	16.957	16.307	16.52	415.42	415.34
20:12:43	16.581	16.213	16.311	16.958	16.309	16.526	415.42	415.34
20:13:42	16.582	16.214	16.311	16.961	16.309	16.519	415.42	415.34
20:14:44	16.582	16.214	16.312	16.966	16.31	16.524	415.42	415.34
20:15:42	16.581	16.213	16.312	16.962	16.311	16.523	415.42	415.34
20:16:42	16.581	16.213	16.312	16.957	16.311	16.52	415.42	415.34
20:17:42	16.58	16.213	16.312	16.96	16.312	16.522	415.42	415.34
20:18:42	16.581	16.214	16.308	16.958	16.312	16.519	415.42	415.34
20:19:42	16.581	16.215	16.311	16.962	16.311	16.521	415.42	415.34
20:20:42	16.581	16.215	16.312	16.962	16.313	16.524	415.42	415.34
20:21:42	16.582	16.215	16.311	16.956	16.312	16.525	415.42	415.34
20:22:42	16.58	16.215	16.307	16.958	16.311	16.527	415.42	415.34
20:23:42	16.581	16.215	16.308	16.953	16.311	16.528	415.42	415.34
20:24:42	16.581	16.216	16.31	16.953	16.311	16.521	415.42	415.34
20:25:42	16.58	16.216	16.31	16.955	16.31	16.531	415.42	415.34
20:26:42	16.58	16.215	16.311	16.962	16.31	16.522	415.42	415.34
20:27:42	16.58	16.216	16.314	16.962	16.311	16.528	415.42	415.34
20:28:42	16.58	16.215	16.311	16.958	16.312	16.528	415.42	415.34
20:29:42	16.58	16.215	16.314	16.953	16.31	16.531	415.42	415.34
20:30:43	16.58	16.216	16.311	16.953	16.312	16.532	415.42	415.34
20:31:42	16.58	16.215	16.311	16.955	16.311	16.53	415.42	415.34
20:32:42	16.579	16.214	16.311	16.952	16.311	16.525	415.42	415.34
20:33:42	16.58	16.215	16.313	16.958	16.309	16.526	415.42	415.34
20:34:42	16.58	16.214	16.309	16.96	16.31	16.524	415.42	415.34
20:35:42	16.581	16.212	16.313	16.961	16.309	16.525	415.42	415.34
20:36:42	16.579	16.212	16.313	16.962	16.308	16.524	415.42	415.34
20:37:42	16.579	16.212	16.312	16.962	16.309	16.52	415.42	415.34
20:38:42	16.581	16.213	16.312	16.961	16.31	16.526	415.42	415.34
20:39:42	16.578	16.215	16.313	16.964	16.312	16.525	415.42	415.34
20:40:42	16.58	16.214	16.312	16.964	16.313	16.524	415.42	415.34
20:41:42	16.58	16.215	16.312	16.962	16.313	16.525	415.42	415.34
20:42:42	16.58	16.216	16.312	16.959	16.313	16.53	415.42	415.34
20:43:42	16.579	16.215	16.313	16.961	16.312	16.523	415.42	415.34
20:44:42	16.579	16.214	16.312	16.955	16.31	16.524	415.42	415.34
20:45:42	16.579	16.211	16.313	16.956	16.311	16.529	415.42	415.34
20:46:42	16.579	16.213	16.312	16.951	16.31	16.527	415.42	415.34
20:47:42	16.579	16.212	16.31	16.951	16.31	16.528	415.42	415.34
20:48:42	16.579	16.213	16.313	16.955	16.31	16.527	415.42	415.34
20:49:42	16.579	16.213	16.312	16.954	16.31	16.524	415.42	415.34
20:50:42	16.578	16.213	16.312	16.952	16.31	16.526	415.42	415.34
20:51:42	16.578	16.214	16.314	16.954	16.313	16.528	415.42	415.34
20:52:43	16.579	16.216	16.311	16.956	16.315	16.529	415.42	415.34
20:53:42	0.0	16.216	16.311	16.959	16.315	16.526	415.42	415.34
20:54:42	16.578	16.217	16.314	16.958	16.315	16.529	415.42	415.34
20:55:42	16.578	16.218	16.313	16.956	16.315	16.531	415.42	415.34
20:56:43	16.578	16.219	16.313	16.956	16.314	16.528	415.42	415.34
20:57:42	16.579	16.218	16.314	16.96	16.315	16.528	415.42	415.34
20:58:42	16.578	16.219	16.313	16.962	16.315	16.531	415.42	415.34
20:59:42	16.578	16.218	16.313	16.968	16.313	16.529	415.42	415.34
21:00:42	16.578	16.217	16.311	16.966	16.314	16.53	415.42	415.34
21:01:42	16.578	16.218	16.311	16.961	16.315	16.53	415.42	415.34
21:02:42	16.578	16.218	16.313	16.96	16.313	16.53	415.42	415.34
21:03:42	16.578	16.218	16.313	16.961	16.316	16.534	415.42	415.34
21:04:42	16.579	16.219	16.315	16.961	16.314	16.53	415.42	415.34
21:05:42	16.578	16.219	16.315	16.956	16.314	16.527	415.42	415.34
21:06:42	16.578	16.219	16.315	16.956	16.315	16.528	415.42	415.34
21:07:42	16.578	16.219	16.315	16.953	16.315	16.528	415.42	415.34
21:08:42	16.579	16.219	16.314	16.953	16.315	16.529	415.42	415.34
21:09:42	16.578	16.219	16.313	16.956	16.315	16.525	415.42	415.34
21:10:43	16.579	16.218	16.31	16.955	16.314	16.524	415.42	415.34
21:11:42	16.578	16.216	16.31	16.953	16.311	16.528	415.42	415.34
21:12:42	16.578	16.216	16.312	16.957	16.312	16.525	415.42	415.34
21:13:42	16.578	16.216	16.314	16.955	16.313	16.528	415.42	415.34
21:14:42	16.579	16.216	16.315	16.954	16.313	16.528	415.42	415.34
21:15:42	16.579	16.217	16.316	16.956	16.313	16.53	415.42	415.34
21:16:42	16.578	16.218	16.314	16.952	16.316	16.533	415.42	415.34
21:17:42	16.579	16.219	16.314	16.956	16.316	16.531	415.42	415.34
21:18:42	16.579	16.219	16.315	16.958	16.318	16.531	415.42	415.34
21:19:42	16.578	16.219	16.313	16.96	16.317	16.535	415.42	415.34
21:20:43	16.579	16.22	16.314	16.956	16.317	16.533	415.42	415.34
21:21:42	16.577	16.219	16.313	16.953	16.317	16.532	415.42	415.34
21:22:42	16.578	16.22	16.31	16.951	16.316	16.537	415.42	415.34
21:23:42	16.578	16.219	16.314	16.951	16.317	16.535	415.42	415.34
21:24:42	16.578	16.22	16.314	16.952	16.317	16.536	415.42	415.34
21:25:42	16.577	16.219	16.314	16.956	16.316	16.533	415.42	415.34
21:26:42	16.578	16.221	16.316	16.954	16.318	16.527	415.42	415.34
21:27:42	16.578	16.22	16.315	16.949	16.317	16.526	415.42	415.34
21:28:42	16.578	16.22	16.315	16.945	16.317	16.53	415.42	415.34
21:29:42	16.577	16.219	16.313	16.945	16.317	16.531	415.42	415.34
21:30:42	0.0	16.218	16.313	16.95	16.316	16.531	415.42	415.34
21:31:42	16.578	16.219	16.312	16.947	16.316	16.533	415.42	415.34
21:32:42	16.578	16.218	16.311	16.95	16.317	16.53	415.42	415.34
21:33:42	16.578	16.218	16.311	16.949	16.317	16.53	415.42	415.34
21:34:42	16.578	16.218	16.311	16.953	16.316	16.532	415.42	415.34
21:35:42	16.578	16.217	16.31	16.949	16.314	16.533	415.42	415.34
21:36:42	16.577	16.217	16.31	16.948	16.314	16.532	415.42	415.34
21:37:42	16.578	16.216	16.309	16.952	16.316	16.537	415.42	415.34
21:38:42	16.579	16.217	16.309	16.957	16.315	16.529	415.42	415.34
21:39:42	16.578	16.217	16.309	16.954	16.316	16.527	415.42	415.34
21:40:42	16.578	16.217	16.308	16.949	16.315	16.529	415.42	415.34
21:41:42	16.578	16.216	16.311	16.944	16.317	16.526	415.42	415.34
21:42:42	16.578	16.216	16.311	16.946	16.317	16.535	415.42	415.34
21:43:42	16.577	16.215	16.308	16.942	16.315	16.532	415.42	415.34
21:44:42	16.578	16.214	16.308	16.951	16.316	16.531	415.42	415.34
21:45:42	16.579	16.216	16.311	16.953	16.316	16.528	415.42	415.34
21:46:42	16.578	16.216	16.309	16.949	16.314	16.53	415.42	415.34
21:47:42	16.578	16.215	16.311	16.953	16.318	16.53	415.42	415.34
21:48:42	16.577	16.214	16.312	16.95	16.315	16.533	415.42	415.34
21:49:42	16.578	16.215	16.31	16.951	16.315	16.528	415.42	415.34
21:50:42	16.578	16.216	16.313	16.949	16.316	16.53	415.42	415.34
21:51:42	16.578	16.216	16.313	16.949	16.318	16.533	415.42	415.34
21:52:42	16.578	16.217	16.314	16.95	16.317	16.531	415.42	415.34
21:53:42	16.577	16.216	16.315	16.953	16.318	16.532	415.42	415.34
21:54:42	16.578	16.217	16.313	16.952	16.317	16.53	415.42	415.34
21:55:42	16.577	16.216	16.313	16.952	16.318	16.531	415.42	415.34
21:56:42	16.577	16.216	16.312	16.949	16.316	16.531	415.42	415.34
21:57:42	16.576	16.215	16.31	16.952	16.315	16.531	415.42	415.34
21:58:42	16.577	16.214	16.31	16.949	16.316	16.528	415.42	415.34
21:59:42	16.577	16.215	16.312	16.947	16.315	16.531	415.42	415.34
22:00:42	16.578	16.214	16.311	16.945	16.316	16.526	415.42	415.34
22:01:42	16.577	16.214	16.313	16.943	16.316	16.53	415.42	415.34
22:02:42	16.577	16.213	16.311	16.949	16.315	16.533	415.42	415.34
22:03:43	16.578	16.215	16.313	16.95	16.316	16.53	415.42	415.34
22:04:42	0.0	16.214	16.309	16.948	16.316	16.53	415.42	415.34
22:05:42	16.576	16.215	16.31	16.945	16.316	16.533	415.42	415.34
22:06:42	16.576	16.214	16.308	16.951	16.315	16.529	415.42	415.34
22:07:42	16.576	16.214	16.308	16.953	16.317	16.537	415.42	415.34
22:08:42	16.577	16.215	16.31	16.956	16.318	16.532	415.42	415.34
22:09:42	16.578	16.215	16.306	16.957	16.318	16.531	415.42	415.34
22:10:42	16.577	16.217	16.309	16.953	16.317	16.528	415.42	415.34
22:11:42	16.577	16.216	16.31	16.95	16.318	16.527	415.42	415.34
22:12:42	16.577	16.217	16.309	16.945	16.318	16.53	415.42	415.34
22:13:42	16.577	16.215	16.309	16.946	16.318	16.532	415.42	415.34
22:14:43	16.576	16.217	16.307	16.948	16.318	16.533	415.42	415.34
22:15:42	16.576	16.216	16.31	16.949	16.319	16.528	415.42	415.34
22:16:42	16.576	16.217	16.31	16.951	16.32	16.535	415.42	415.34
22:17:42	16.577	16.218	16.313	16.949	16.32	16.534	415.42	415.34
22:18:43	16.577	16.219	16.312	16.951	16.321	16.531	415.42	415.34
22:19:42	16.577	16.22	16.311	16.95	16.32	16.53	415.42	415.34
22:20:42	16.576	16.219	16.309	16.948	16.319	16.531	415.42	415.34
22:21:42	16.577	16.218	16.311	16.949	16.321	16.536	415.42	415.34
22:22:42	16.576	16.22	16.31	16.947	16.32	16.538	415.42	415.34
22:23:42	16.577	16.22	16.309	16.949	16.319	16.529	415.42	415.34
22:24:42	16.577	16.219	16.309	16.948	16.321	16.53	415.42	415.34
22:25:42	16.576	16.22	16.309	16.948	16.319	16.537	415.42	415.34
22:26:42	16.578	16.219	16.311	16.945	16.317	16.531	415.42	415.34
22:27:42	16.576	16.219	16.309	16.942	16.317	16.533	415.42	415.34
22:28:42	16.577	16.217	16.31	16.943	16.317	16.526	415.42	415.34
22:29:42	16.576	16.217	16.311	16.946	16.318	16.526	415.42	415.34
22:30:42	16.577	16.217	16.309	16.948	16.319	16.531	415.42	415.34
22:31:42	16.576	16.217	16.309	16.948	16.317	16.53	415.42	415.34
22:32:42	16.576	16.218	16.308	16.95	16.319	16.53	415.42	415.34
22:33:42	16.577	16.219	16.31	16.949	16.319	16.53	415.42	415.34
22:34:42	16.577	16.217	16.31	16.95	16.318	16.528	415.42	415.34
22:35:42	16.578	16.217	16.309	16.949	16.317	16.534	415.42	415.34
22:36:42	16.576	16.216	16.31	16.952	16.316	16.529	415.42	415.34
22:37:42	16.576	16.215	16.309	16.953	16.317	16.533	415.42	415.34
22:38:42	16.576	16.214	16.31	16.952	16.317	16.533	415.42	415.34
22:39:42	16.576	16.214	16.308	16.953	16.316	16.533	415.42	415.34
22:40:42	16.576	16.213	16.31	16.956	16.316	16.536	415.42	415.34
22:41:42	16.575	16.214	16.311	16.958	16.317	16.534	415.42	415.34
22:42:42	16.576	16.213	16.313	16.958	16.318	16.533	415.42	415.34
22:43:42	16.576	16.215	16.311	16.954	16.319	16.536	415.42	415.34
22:44:42	16.575	16.215	16.311	16.95	16.319	16.53	415.42	415.34
22:45:42	16.576	16.216	16.311	16.951	16.318	16.532	415.42	415.34
22:46:42	16.577	16.216	16.31	16.953	16.318	16.533	415.42	415.34
22:47:42	16.576	16.215	16.311	16.955	16.318	16.534	415.42	415.34
22:48:42	16.576	16.214	16.31	16.954	16.317	16.536	415.42	415.34
22:49:42	16.576	16.215	16.309	16.955	16.319	16.531	415.42	415.34
22:50:42	16.576	16.216	16.312	16.954	16.319	16.529	415.42	415.34
22:51:42	16.576	16.215	16.312	16.957	16.319	16.53	415.42	415.34
22:52:42	16.576	16.217	16.311	16.96	16.321	16.538	415.42	415.34
22:53:42	16.575	16.217	16.311	16.96	16.32	16.534	415.42	415.34
22:54:42	16.576	16.217	16.311	16.957	16.32	16.529	415.42	415.34
22:55:42	16.576	16.219	16.314	16.961	16.321	16.532	415.42	415.34
22:56:42	16.574	16.22	16.312	16.964	16.325	16.535	415.42	415.34
22:57:42	16.577	16.221	16.314	16.967	16.322	16.532	415.42	415.34
22:58:42	16.576	16.221	16.315	16.967	16.322	16.539	415.42	415.34
22:59:42	16.576	16.222	16.314	16.971	16.324	16.529	415.42	415.34
23:00:43	16.577	16.223	16.315	16.975	16.323	16.531	415.42	415.34
23:01:42	16.576	16.223	16.315	16.979	16.324	0.0	415.42	415.34
23:02:42	16.576	16.225	16.316	16.978	16.325	16.538	415.42	415.34
23:03:42	16.577	16.225	16.316	16.973	16.324	16.528	415.42	415.34
23:04:42	16.576	16.226	16.316	16.971	16.324	16.532	415.42	415.34
23:05:42	16.575	16.225	16.316	16.97	16.325	16.53	415.42	415.34
23:06:42	16.576	16.225	16.315	16.971	16.324	16.53	415.42	415.34
23:07:42	16.577	16.225	16.316	16.973	16.324	16.533	415.42	415.34
23:08:42	16.577	16.224	16.317	16.974	16.324	16.534	415.42	415.34
23:09:42	16.576	16.224	16.316	16.971	16.323	16.533	415.42	415.34
23:10:42	16.576	16.223	16.315	16.968	16.324	16.53	415.42	415.34
23:11:42	16.576	16.224	16.316	16.967	16.322	16.534	415.42	415.34
23:12:42	16.577	16.223	16.314	16.967	16.321	16.535	415.42	415.34
23:13:42	16.577	16.223	16.315	16.963	16.321	16.529	415.42	415.34
23:14:42	16.577	16.221	16.315	16.964	16.322	16.534	415.42	415.34
23:15:42	16.576	16.222	16.316	16.965	16.322	16.533	415.42	415.34
23:16:42	16.576	16.222	16.316	16.968	16.323	16.534	415.42	415.34
23:17:42	16.576	16.224	16.318	16.981	16.322	16.533	415.42	415.34
23:18:42	16.576	16.222	16.322	16.999	16.323	16.533	415.42	415.34
23:19:42	16.576	16.222	16.32	17.018	16.322	16.535	0.0	415.34
23:20:42	16.576	16.221	16.325	17.031	16.322	16.536	415.42	415.34
23:21:42	16.576	16.221	16.326	17.022	16.321	16.533	415.42	415.34
23:22:42	16.575	16.222	16.327	17.019	16.322	16.533	415.42	415.34
23:23:42	16.575	16.223	16.326	17.014	16.321	16.531	415.42	415.34
23:24:42	16.576	16.221	16.327	17.007	16.323	16.539	415.42	415.34
23:25:42	16.577	16.221	16.325	17.007	16.322	16.53	415.42	415.34
23:26:43	16.575	16.221	16.325	17.005	16.322	16.532	415.42	415.34
23:27:42	16.576	16.223	16.325	17.004	16.323	16.539	415.42	415.34
23:28:42	16.576	16.223	16.325	16.998	16.323	16.528	415.42	415.34
23:29:42	16.575	16.223	16.327	16.999	16.324	16.538	415.42	415.34
23:30:43	16.576	16.223	16.322	16.997	16.325	16.539	415.42	415.34
23:31:42	16.576	16.223	16.324	16.993	16.325	16.537	415.42	415.34
23:32:42	16.576	16.224	16.325	16.99	16.325	16.539	415.42	415.34
23:33:42	16.576	16.224	16.327	16.986	16.326	16.539	415.42	415.34
23:34:42	16.576	16.225	16.325	16.985	16.324	16.539	415.42	415.34
23:35:42	16.576	16.225	16.326	16.984	16.325	16.539	415.42	415.34
23:36:42	16.576	16.225	16.326	16.982	16.325	16.531	415.42	415.34
23:37:42	16.576	16.225	16.327	16.977	16.324	16.533	415.42	415.34
23:38:42	16.576	16.225	16.329	16.981	16.321	16.535	415.42	415.34
23:39:42	16.576	16.224	16.329	16.98	16.322	16.532	415.42	415.34
23:40:42	16.575	16.222	16.328	16.98	16.322	16.53	415.42	415.34
23:41:43	16.576	16.222	16.328	16.975	0.0	16.529	415.42	415.34
23:42:43	16.576	16.221	16.326	16.972	16.322	16.531	415.42	415.34
23:43:43	16.576	16.221	16.325	16.974	16.322	16.528	415.42	415.34
23:44:45	16.576	16.221	16.327	16.972	16.322	16.529	415.42	415.34
23:45:43	16.576	16.222	16.323	16.972	16.324	16.533	415.42	415.34
23:46:43	16.576	16.222	16.325	16.968	16.324	16.532	415.42	415.34
23:47:43	16.577	16.222	16.325	16.963	16.323	16.528	415.42	415.34
23:48:43	16.576	16.223	16.323	16.966	16.324	16.531	415.42	415.34
23:49:43	16.576	16.223	16.322	16.967	16.324	16.533	415.42	415.34
23:50:43	16.576	16.223	16.322	16.965	16.326	16.539	415.42	415.34
23:51:43	16.576	16.223	16.324	16.959	16.325	16.536	415.42	415.34
23:52:43	16.576	16.225	16.323	16.958	16.325	16.538	415.42	415.34
23:53:43	16.577	16.225	16.319	16.956	16.325	16.531	415.42	415.34
23:54:43	16.577	16.225	16.321	16.955	16.326	16.534	415.42	415.34
23:55:43	16.577	16.225	16.321	16.956	16.326	16.537	415.42	415.34
23:56:43	16.576	16.226	16.321	16.957	16.326	16.533	415.42	415.34
23:57:43	16.576	16.226	16.32	16.956	16.325	16.533	415.42	415.34
23:58:43	16.577	16.225	16.317	16.952	16.325	16.527	415.42	415.34
23:59:43	16.577	16.225	16.317	16.953	16.325	16.531	415.42	0.0
